Betamv, Betapv,V,Rs,Rv,P
0,0 ,0.984844, 0.0131556,0.002,0.0151556
0.01,0 ,0.984657, 0.0132182,0.00212463,0.0153429
0.02,0 ,0.984464, 0.0132819,0.00225454,0.0155364
0.03,0 ,0.984263, 0.0133466,0.00239001,0.0157366
0.04,0 ,0.984056, 0.0134123,0.00253135,0.0159437
0.05,0 ,0.983842, 0.0134791,0.00267892,0.0161581
0.06,0 ,0.98362, 0.0135471,0.00283307,0.0163801
0.07,0 ,0.98339, 0.0136161,0.00299419,0.0166103
0.08,0 ,0.983151, 0.0136863,0.0031627,0.016849
0.09,0 ,0.982903, 0.0137578,0.00333906,0.0170968
0.1,0 ,0.982646, 0.0138304,0.00352376,0.0173542
0.11,0 ,0.982378, 0.0139043,0.00371732,0.0176216
0.12,0 ,0.9821, 0.0139795,0.00392031,0.0178998
0.13,0 ,0.981811, 0.014056,0.00413336,0.0181894
0.14,0 ,0.981509, 0.0141339,0.00435713,0.018491
0.15,0 ,0.981195, 0.0142131,0.00459235,0.0188055
0.16,0 ,0.980866, 0.0142938,0.00483982,0.0191337
0.17,0 ,0.980524, 0.014376,0.0051004,0.0194764
0.18,0 ,0.980165, 0.0144597,0.00537504,0.0198347
0.19,0 ,0.97979, 0.014545,0.00566476,0.0202097
0.2,0 ,0.979398, 0.0146318,0.00597069,0.0206025
0.21,0 ,0.978986, 0.0147203,0.00629407,0.0210144
0.22,0 ,0.978553, 0.0148105,0.00663626,0.0214467
0.23,0 ,0.978099, 0.0149024,0.00699877,0.0219012
0.24,0 ,0.977621, 0.0149961,0.00738324,0.0223794
0.25,0 ,0.977117, 0.0150917,0.00779151,0.0228832
0.26,0 ,0.976585, 0.0151891,0.0082256,0.0234147
0.27,0 ,0.976024, 0.0152885,0.00868777,0.0239763
0.28,0 ,0.97543, 0.0153899,0.00918053,0.0245704
0.29,0 ,0.9748, 0.0154934,0.00970668,0.0252001
0.3,0 ,0.974132, 0.015599,0.0102694,0.0258683
0.31,0 ,0.973421, 0.0157068,0.0108721,0.0265788
0.32,0 ,0.972664, 0.0158168,0.0115188,0.0273356
0.33,0 ,0.971857, 0.0159292,0.0122141,0.0281432
0.34,0 ,0.970993, 0.0160439,0.0129629,0.0290068
0.35,0 ,0.970068, 0.0161611,0.013771,0.0299321
0.36,0 ,0.969074, 0.0162809,0.014645,0.0309259
0.37,0 ,0.968004, 0.0164033,0.0155924,0.0319957
0.38,0 ,0.96685, 0.0165283,0.0166219,0.0331502
0.39,0 ,0.9656, 0.0166562,0.0177433,0.0343995
0.4,0 ,0.964245, 0.0167869,0.0189683,0.0357552
0.41,0 ,0.962769, 0.0169205,0.0203101,0.0372306
0.42,0 ,0.961159, 0.0170572,0.0217842,0.0388414
0.43,0 ,0.959394, 0.017197,0.0234091,0.0406061
0.44,0 ,0.957454, 0.01734,0.0252059,0.0425459
0.45,0 ,0.955314, 0.0174863,0.0271999,0.0446862
0.46,0 ,0.952943, 0.0176361,0.0294208,0.0470569
0.47,0 ,0.950307, 0.0177893,0.031904,0.0496933
0.48,0 ,0.947363, 0.0179461,0.0346913,0.0526374
0.49,0 ,0.944061, 0.0181067,0.0378322,0.0559389
0.5,0 ,0.940344, 0.018271,0.0413854,0.0596565
0.51,0 ,0.93614, 0.0184393,0.0454202,0.0638595
0.52,0 ,0.931371, 0.0186116,0.0500174,0.068629
0.53,0 ,0.925942, 0.0187879,0.0552699,0.0740578
0.54,0 ,0.919749, 0.0189685,0.0612824,0.0802509
0.55,0 ,0.912678, 0.0191534,0.0681687,0.0873222
0.56,0 ,0.904611, 0.0193427,0.0760465,0.0953892
0.57,0 ,0.895436, 0.0195366,0.0850275,0.104564
0.58,0 ,0.88506, 0.019735,0.0952051,0.11494
0.59,0 ,0.873424, 0.0199381,0.106638,0.126576
0.6,0 ,0.860519, 0.0201459,0.119336,0.139481
0.61,0 ,0.846393, 0.0203586,0.133249,0.153607
0.62,0 ,0.831153, 0.0205763,0.14827,0.168847
0.63,0 ,0.814956, 0.0207989,0.164245,0.185044
0.64,0 ,0.797986, 0.0210265,0.180987,0.202014
0.65,0 ,0.78044, 0.0212593,0.198301,0.21956
0.66,0 ,0.762506, 0.0214972,0.215997,0.237494
0.67,0 ,0.744358, 0.0217403,0.233902,0.255642
0.68,0 ,0.726143, 0.0219885,0.251869,0.273857
0.69,0 ,0.707984, 0.022242,0.269774,0.292016
0.7,0 ,0.689979, 0.0225007,0.28752,0.310021
0.71,0 ,0.672207, 0.0227647,0.305029,0.327793
0.72,0 ,0.654725, 0.0230338,0.322242,0.345275
0.73,0 ,0.637577, 0.0233082,0.339115,0.362423
0.74,0 ,0.620795, 0.0235878,0.355617,0.379205
0.75,0 ,0.6044, 0.0238725,0.371727,0.3956
0.76,0 ,0.588407, 0.0241623,0.387431,0.411593
0.77,0 ,0.572823, 0.0244572,0.40272,0.427177
0.78,0 ,0.557652, 0.0247571,0.417591,0.442348
0.79,0 ,0.542894, 0.025062,0.432044,0.457106
0.8,0 ,0.528544, 0.0253718,0.446084,0.471456
0.81,0 ,0.514599, 0.0256864,0.459714,0.485401
0.82,0 ,0.501052, 0.0260057,0.472942,0.498948
0.83,0 ,0.487894, 0.0263297,0.485776,0.512106
0.84,0 ,0.475117, 0.0266584,0.498225,0.524883
0.85,0 ,0.462711, 0.0269915,0.510297,0.537289
0.86,0 ,0.450668, 0.027329,0.522003,0.549332
0.87,0 ,0.438975, 0.0276709,0.533354,0.561025
0.88,0 ,0.427625, 0.0280169,0.544358,0.572375
0.89,0 ,0.416606, 0.0283672,0.555027,0.583394
0.9,0 ,0.405909, 0.0287214,0.565369,0.594091
0.91,0 ,0.395524, 0.0290796,0.575396,0.604476
0.92,0 ,0.385441, 0.0294416,0.585118,0.614559
0.93,0 ,0.37565, 0.0298073,0.594543,0.62435
0.94,0 ,0.366143, 0.0301767,0.603681,0.633857
0.95,0 ,0.356909, 0.0305496,0.612541,0.643091
0.96,0 ,0.347941, 0.030926,0.621133,0.652059
0.97,0 ,0.33923, 0.0313057,0.629464,0.66077
0.98,0 ,0.330767, 0.0316886,0.637544,0.669233
0.99,0 ,0.322545, 0.0320746,0.64538,0.677455
1,0 ,0.314555, 0.0324637,0.652981,0.685445
0,0.01 ,0.984833, 0.0131567,0.00201015,0.0151669
0.01,0.01 ,0.984646, 0.0132194,0.00213478,0.0153542
0.02,0.01 ,0.984452, 0.013283,0.00226468,0.0155477
0.03,0.01 ,0.984252, 0.0133477,0.00240015,0.0157479
0.04,0.01 ,0.984045, 0.0134134,0.00254149,0.0159549
0.05,0.01 ,0.983831, 0.0134803,0.00268906,0.0161693
0.06,0.01 ,0.983609, 0.0135482,0.0028432,0.0163914
0.07,0.01 ,0.983378, 0.0136172,0.00300432,0.0166216
0.08,0.01 ,0.98314, 0.0136875,0.00317283,0.0168603
0.09,0.01 ,0.982892, 0.0137589,0.00334918,0.0171081
0.1,0.01 ,0.982635, 0.0138315,0.00353387,0.0173654
0.11,0.01 ,0.982367, 0.0139054,0.00372743,0.0176328
0.12,0.01 ,0.982089, 0.0139806,0.00393042,0.017911
0.13,0.01 ,0.981799, 0.0140571,0.00414346,0.0182006
0.14,0.01 ,0.981498, 0.014135,0.00436722,0.0185022
0.15,0.01 ,0.981183, 0.0142142,0.00460244,0.0188167
0.16,0.01 ,0.980855, 0.0142949,0.0048499,0.0191448
0.17,0.01 ,0.980512, 0.0143771,0.00511048,0.0194876
0.18,0.01 ,0.980154, 0.0144608,0.0053851,0.0198459
0.19,0.01 ,0.979779, 0.0145461,0.00567481,0.0202209
0.2,0.01 ,0.979386, 0.0146329,0.00598073,0.0206136
0.21,0.01 ,0.978975, 0.0147214,0.0063041,0.0210255
0.22,0.01 ,0.978542, 0.0148116,0.00664629,0.0214578
0.23,0.01 ,0.978088, 0.0149035,0.00700878,0.0219123
0.24,0.01 ,0.97761, 0.0149972,0.00739324,0.0223904
0.25,0.01 ,0.977106, 0.0150927,0.00780149,0.0228942
0.26,0.01 ,0.976574, 0.0151902,0.00823556,0.0234257
0.27,0.01 ,0.976013, 0.0152896,0.00869771,0.0239873
0.28,0.01 ,0.975419, 0.015391,0.00919045,0.0245814
0.29,0.01 ,0.974789, 0.0154944,0.00971658,0.025211
0.3,0.01 ,0.974121, 0.0156,0.0102792,0.0258793
0.31,0.01 ,0.97341, 0.0157078,0.0108819,0.0265897
0.32,0.01 ,0.972654, 0.0158178,0.0115286,0.0273465
0.33,0.01 ,0.971846, 0.0159302,0.0122238,0.028154
0.34,0.01 ,0.970982, 0.016045,0.0129726,0.0290175
0.35,0.01 ,0.970057, 0.0161622,0.0137807,0.0299428
0.36,0.01 ,0.969063, 0.0162819,0.0146546,0.0309366
0.37,0.01 ,0.967994, 0.0164043,0.015602,0.0320063
0.38,0.01 ,0.966839, 0.0165293,0.0166314,0.0331608
0.39,0.01 ,0.96559, 0.0166572,0.0177528,0.03441
0.4,0.01 ,0.964234, 0.0167879,0.0189777,0.0357655
0.41,0.01 ,0.962759, 0.0169215,0.0203194,0.0372409
0.42,0.01 ,0.961148, 0.0170582,0.0217934,0.0388516
0.43,0.01 ,0.959384, 0.017198,0.0234181,0.0406161
0.44,0.01 ,0.957444, 0.017341,0.0252148,0.0425558
0.45,0.01 ,0.955304, 0.0174873,0.0272087,0.044696
0.46,0.01 ,0.952934, 0.017637,0.0294295,0.0470665
0.47,0.01 ,0.950297, 0.0177903,0.0319124,0.0497027
0.48,0.01 ,0.947353, 0.0179471,0.0346994,0.0526465
0.49,0.01 ,0.944052, 0.0181076,0.03784,0.0559477
0.5,0.01 ,0.940335, 0.018272,0.041393,0.0596649
0.51,0.01 ,0.936132, 0.0184402,0.0454274,0.0638676
0.52,0.01 ,0.931363, 0.0186125,0.0500241,0.0686365
0.53,0.01 ,0.925935, 0.0187888,0.055276,0.0740648
0.54,0.01 ,0.919743, 0.0189694,0.0612879,0.0802573
0.55,0.01 ,0.912672, 0.0191543,0.0681734,0.0873277
0.56,0.01 ,0.904606, 0.0193436,0.0760503,0.0953939
0.57,0.01 ,0.895432, 0.0195374,0.0850304,0.104568
0.58,0.01 ,0.885057, 0.0197358,0.0952069,0.114943
0.59,0.01 ,0.873422, 0.0199389,0.106639,0.126578
0.6,0.01 ,0.860518, 0.0201467,0.119335,0.139482
0.61,0.01 ,0.846393, 0.0203594,0.133247,0.153607
0.62,0.01 ,0.831155, 0.0205771,0.148268,0.168845
0.63,0.01 ,0.814959, 0.0207997,0.164241,0.185041
0.64,0.01 ,0.79799, 0.0210273,0.180983,0.20201
0.65,0.01 ,0.780444, 0.02126,0.198296,0.219556
0.66,0.01 ,0.762511, 0.0214979,0.215991,0.237489
0.67,0.01 ,0.744364, 0.021741,0.233895,0.255636
0.68,0.01 ,0.726149, 0.0219892,0.251862,0.273851
0.69,0.01 ,0.70799, 0.0222427,0.269767,0.29201
0.7,0.01 ,0.689986, 0.0225014,0.287513,0.310014
0.71,0.01 ,0.672214, 0.0227653,0.305021,0.327786
0.72,0.01 ,0.654732, 0.0230344,0.322234,0.345268
0.73,0.01 ,0.637584, 0.0233088,0.339107,0.362416
0.74,0.01 ,0.620802, 0.0235883,0.35561,0.379198
0.75,0.01 ,0.604407, 0.023873,0.37172,0.395593
0.76,0.01 ,0.588414, 0.0241629,0.387423,0.411586
0.77,0.01 ,0.57283, 0.0244577,0.402712,0.42717
0.78,0.01 ,0.557659, 0.0247576,0.417583,0.442341
0.79,0.01 ,0.542901, 0.0250625,0.432037,0.457099
0.8,0.01 ,0.528551, 0.0253722,0.446076,0.471449
0.81,0.01 ,0.514606, 0.0256868,0.459707,0.485394
0.82,0.01 ,0.501059, 0.0260062,0.472935,0.498941
0.83,0.01 ,0.487901, 0.0263302,0.485769,0.512099
0.84,0.01 ,0.475124, 0.0266588,0.498217,0.524876
0.85,0.01 ,0.462718, 0.0269918,0.51029,0.537282
0.86,0.01 ,0.450674, 0.0273294,0.521996,0.549326
0.87,0.01 ,0.438982, 0.0276712,0.533347,0.561018
0.88,0.01 ,0.427632, 0.0280172,0.544351,0.572368
0.89,0.01 ,0.416613, 0.0283674,0.55502,0.583387
0.9,0.01 ,0.405916, 0.0287217,0.565363,0.594084
0.91,0.01 ,0.39553, 0.0290798,0.57539,0.60447
0.92,0.01 ,0.385447, 0.0294418,0.585111,0.614553
0.93,0.01 ,0.375656, 0.0298076,0.594536,0.624344
0.94,0.01 ,0.366149, 0.0301769,0.603675,0.633851
0.95,0.01 ,0.356915, 0.0305498,0.612535,0.643085
0.96,0.01 ,0.347947, 0.0309261,0.621127,0.652053
0.97,0.01 ,0.339236, 0.0313058,0.629458,0.660764
0.98,0.01 ,0.330773, 0.0316887,0.637538,0.669227
0.99,0.01 ,0.322551, 0.0320747,0.645375,0.677449
1,0.01 ,0.314561, 0.0324637,0.652975,0.685439
0,0.02 ,0.984822, 0.0131579,0.00202053,0.0151784
0.01,0.02 ,0.984634, 0.0132205,0.00214516,0.0153657
0.02,0.02 ,0.984441, 0.0132842,0.00227506,0.0155592
0.03,0.02 ,0.984241, 0.0133489,0.00241052,0.0157594
0.04,0.02 ,0.984034, 0.0134146,0.00255186,0.0159665
0.05,0.02 ,0.983819, 0.0134814,0.00269942,0.0161808
0.06,0.02 ,0.983597, 0.0135493,0.00285356,0.0164029
0.07,0.02 ,0.983367, 0.0136184,0.00301467,0.0166331
0.08,0.02 ,0.983128, 0.0136886,0.00318318,0.0168718
0.09,0.02 ,0.98288, 0.01376,0.00335953,0.0171195
0.1,0.02 ,0.982623, 0.0138326,0.00354422,0.0173769
0.11,0.02 ,0.982356, 0.0139065,0.00373777,0.0176443
0.12,0.02 ,0.982078, 0.0139817,0.00394075,0.0179225
0.13,0.02 ,0.981788, 0.0140582,0.00415378,0.018212
0.14,0.02 ,0.981486, 0.0141361,0.00437754,0.0185136
0.15,0.02 ,0.981172, 0.0142154,0.00461275,0.0188281
0.16,0.02 ,0.980844, 0.0142961,0.00486021,0.0191563
0.17,0.02 ,0.980501, 0.0143782,0.00512077,0.019499
0.18,0.02 ,0.980143, 0.0144619,0.00539539,0.0198573
0.19,0.02 ,0.979768, 0.0145472,0.00568509,0.0202322
0.2,0.02 ,0.979375, 0.014634,0.005991,0.020625
0.21,0.02 ,0.978963, 0.0147225,0.00631436,0.0210368
0.22,0.02 ,0.978531, 0.0148127,0.00665653,0.0214692
0.23,0.02 ,0.978076, 0.0149046,0.00701901,0.0219236
0.24,0.02 ,0.977598, 0.0149983,0.00740345,0.0224017
0.25,0.02 ,0.977094, 0.0150938,0.00781169,0.0229055
0.26,0.02 ,0.976563, 0.0151913,0.00824575,0.023437
0.27,0.02 ,0.976001, 0.0152907,0.00870788,0.0239985
0.28,0.02 ,0.975407, 0.015392,0.0092006,0.0245926
0.29,0.02 ,0.974778, 0.0154955,0.0097267,0.0252222
0.3,0.02 ,0.97411, 0.0156011,0.0102893,0.0258904
0.31,0.02 ,0.973399, 0.0157089,0.010892,0.0266009
0.32,0.02 ,0.972642, 0.0158189,0.0115387,0.0273576
0.33,0.02 ,0.971835, 0.0159313,0.0122338,0.0281651
0.34,0.02 ,0.970971, 0.016046,0.0129826,0.0290286
0.35,0.02 ,0.970046, 0.0161632,0.0137906,0.0299538
0.36,0.02 ,0.969053, 0.016283,0.0146645,0.0309475
0.37,0.02 ,0.967983, 0.0164053,0.0156118,0.0320171
0.38,0.02 ,0.966828, 0.0165304,0.0166412,0.0331715
0.39,0.02 ,0.965579, 0.0166582,0.0177625,0.0344207
0.4,0.02 ,0.964224, 0.0167889,0.0189873,0.0357761
0.41,0.02 ,0.962749, 0.0169225,0.0203289,0.0372514
0.42,0.02 ,0.961138, 0.0170592,0.0218028,0.038862
0.43,0.02 ,0.959374, 0.017199,0.0234274,0.0406264
0.44,0.02 ,0.957434, 0.017342,0.025224,0.0425659
0.45,0.02 ,0.955294, 0.0174883,0.0272177,0.0447059
0.46,0.02 ,0.952924, 0.017638,0.0294383,0.0470762
0.47,0.02 ,0.950288, 0.0177912,0.031921,0.0497122
0.48,0.02 ,0.947344, 0.017948,0.0347078,0.0526558
0.49,0.02 ,0.944043, 0.0181086,0.0378481,0.0559566
0.5,0.02 ,0.940326, 0.0182729,0.0414007,0.0596735
0.51,0.02 ,0.936124, 0.0184411,0.0454347,0.0638758
0.52,0.02 ,0.931356, 0.0186134,0.0500309,0.0686442
0.53,0.02 ,0.925928, 0.0187897,0.0552822,0.074072
0.54,0.02 ,0.919736, 0.0189703,0.0612934,0.0802637
0.55,0.02 ,0.912667, 0.0191552,0.0681783,0.0873334
0.56,0.02 ,0.904601, 0.0193445,0.0760542,0.0953987
0.57,0.02 ,0.895428, 0.0195383,0.0850334,0.104572
0.58,0.02 ,0.885055, 0.0197366,0.0952088,0.114945
0.59,0.02 ,0.873421, 0.0199397,0.106639,0.126579
0.6,0.02 ,0.860518, 0.0201476,0.119335,0.139482
0.61,0.02 ,0.846394, 0.0203602,0.133246,0.153606
0.62,0.02 ,0.831157, 0.0205778,0.148265,0.168843
0.63,0.02 ,0.814962, 0.0208004,0.164238,0.185038
0.64,0.02 ,0.797994, 0.0210281,0.180978,0.202006
0.65,0.02 ,0.780449, 0.0212608,0.19829,0.219551
0.66,0.02 ,0.762517, 0.0214986,0.215985,0.237483
0.67,0.02 ,0.744369, 0.0217417,0.233889,0.255631
0.68,0.02 ,0.726155, 0.0219899,0.251855,0.273845
0.69,0.02 ,0.707997, 0.0222433,0.26976,0.292003
0.7,0.02 ,0.689993, 0.022502,0.287505,0.310007
0.71,0.02 ,0.672221, 0.0227659,0.305014,0.327779
0.72,0.02 ,0.654739, 0.0230351,0.322226,0.345261
0.73,0.02 ,0.637591, 0.0233094,0.339099,0.362409
0.74,0.02 ,0.620809, 0.0235889,0.355602,0.379191
0.75,0.02 ,0.604415, 0.0238736,0.371712,0.395585
0.76,0.02 ,0.588421, 0.0241634,0.387415,0.411579
0.77,0.02 ,0.572838, 0.0244583,0.402704,0.427162
0.78,0.02 ,0.557667, 0.0247582,0.417575,0.442333
0.79,0.02 ,0.542908, 0.025063,0.432029,0.457092
0.8,0.02 ,0.528559, 0.0253727,0.446069,0.471441
0.81,0.02 ,0.514614, 0.0256873,0.459699,0.485386
0.82,0.02 ,0.501066, 0.0260066,0.472927,0.498934
0.83,0.02 ,0.487908, 0.0263306,0.485761,0.512092
0.84,0.02 ,0.475131, 0.0266591,0.49821,0.524869
0.85,0.02 ,0.462725, 0.0269922,0.510283,0.537275
0.86,0.02 ,0.450681, 0.0273297,0.521989,0.549319
0.87,0.02 ,0.438989, 0.0276715,0.53334,0.561011
0.88,0.02 ,0.427638, 0.0280176,0.544344,0.572362
0.89,0.02 ,0.416619, 0.0283677,0.555013,0.583381
0.9,0.02 ,0.405922, 0.0287219,0.565356,0.594078
0.91,0.02 ,0.395537, 0.0290801,0.575383,0.604463
0.92,0.02 ,0.385453, 0.0294421,0.585105,0.614547
0.93,0.02 ,0.375662, 0.0298078,0.59453,0.624338
0.94,0.02 ,0.366155, 0.0301771,0.603668,0.633845
0.95,0.02 ,0.356921, 0.03055,0.612529,0.643079
0.96,0.02 ,0.347953, 0.0309263,0.621121,0.652047
0.97,0.02 ,0.339242, 0.0313059,0.629452,0.660758
0.98,0.02 ,0.330779, 0.0316888,0.637532,0.669221
0.99,0.02 ,0.322556, 0.0320748,0.645369,0.677444
1,0.02 ,0.314566, 0.0324638,0.65297,0.685434
0,0.03 ,0.98481, 0.013159,0.00203114,0.0151902
0.01,0.03 ,0.984623, 0.0132217,0.00215577,0.0153775
0.02,0.03 ,0.984429, 0.0132853,0.00228566,0.015571
0.03,0.03 ,0.984229, 0.01335,0.00242112,0.0157711
0.04,0.03 ,0.984022, 0.0134158,0.00256246,0.0159782
0.05,0.03 ,0.983807, 0.0134826,0.00271002,0.0161926
0.06,0.03 ,0.983585, 0.0135505,0.00286416,0.0164146
0.07,0.03 ,0.983355, 0.0136195,0.00302526,0.0166448
0.08,0.03 ,0.983116, 0.0136898,0.00319377,0.0168835
0.09,0.03 ,0.982869, 0.0137612,0.00337011,0.0171313
0.1,0.03 ,0.982611, 0.0138338,0.00355479,0.0173886
0.11,0.03 ,0.982344, 0.0139077,0.00374834,0.017656
0.12,0.03 ,0.982066, 0.0139829,0.00395132,0.0179342
0.13,0.03 ,0.981776, 0.0140594,0.00416434,0.0182237
0.14,0.03 ,0.981475, 0.0141372,0.0043881,0.0185253
0.15,0.03 ,0.98116, 0.0142165,0.0046233,0.0188398
0.16,0.03 ,0.980832, 0.0142972,0.00487075,0.0191679
0.17,0.03 ,0.980489, 0.0143794,0.00513131,0.0195107
0.18,0.03 ,0.980131, 0.014463,0.00540591,0.019869
0.19,0.03 ,0.979756, 0.0145483,0.0056956,0.0202439
0.2,0.03 ,0.979363, 0.0146351,0.0060015,0.0206366
0.21,0.03 ,0.978952, 0.0147236,0.00632485,0.0210485
0.22,0.03 ,0.978519, 0.0148138,0.00666701,0.0214808
0.23,0.03 ,0.978065, 0.0149057,0.00702948,0.0219352
0.24,0.03 ,0.977587, 0.0149994,0.0074139,0.0224133
0.25,0.03 ,0.977083, 0.0150949,0.00782212,0.0229171
0.26,0.03 ,0.976551, 0.0151924,0.00825616,0.0234485
0.27,0.03 ,0.97599, 0.0152917,0.00871828,0.02401
0.28,0.03 ,0.975396, 0.0153931,0.00921097,0.0246041
0.29,0.03 ,0.974766, 0.0154966,0.00973705,0.0252336
0.3,0.03 ,0.974098, 0.0156022,0.0102996,0.0259018
0.31,0.03 ,0.973388, 0.0157099,0.0109023,0.0266122
0.32,0.03 ,0.972631, 0.01582,0.0115489,0.0273689
0.33,0.03 ,0.971824, 0.0159323,0.0122441,0.0281764
0.34,0.03 ,0.97096, 0.0160471,0.0129927,0.0290398
0.35,0.03 ,0.970035, 0.0161643,0.0138007,0.029965
0.36,0.03 ,0.969041, 0.016284,0.0146746,0.0309586
0.37,0.03 ,0.967972, 0.0164064,0.0156219,0.0320282
0.38,0.03 ,0.966817, 0.0165314,0.0166511,0.0331825
0.39,0.03 ,0.965568, 0.0166592,0.0177724,0.0344316
0.4,0.03 ,0.964213, 0.0167899,0.0189971,0.035787
0.41,0.03 ,0.962738, 0.0169235,0.0203386,0.0372621
0.42,0.03 ,0.961127, 0.0170602,0.0218125,0.0388727
0.43,0.03 ,0.959363, 0.0172,0.0234369,0.0406369
0.44,0.03 ,0.957424, 0.017343,0.0252333,0.0425763
0.45,0.03 ,0.955284, 0.0174893,0.0272269,0.0447161
0.46,0.03 ,0.952914, 0.017639,0.0294473,0.0470862
0.47,0.03 ,0.950278, 0.0177922,0.0319298,0.049722
0.48,0.03 ,0.947335, 0.017949,0.0347163,0.0526653
0.49,0.03 ,0.944034, 0.0181095,0.0378563,0.0559658
0.5,0.03 ,0.940318, 0.0182738,0.0414085,0.0596824
0.51,0.03 ,0.936116, 0.0184421,0.0454421,0.0638842
0.52,0.03 ,0.931348, 0.0186143,0.0500378,0.0686521
0.53,0.03 ,0.925921, 0.0187906,0.0552887,0.0740793
0.54,0.03 ,0.91973, 0.0189712,0.0612992,0.0802704
0.55,0.03 ,0.912661, 0.0191561,0.0681832,0.0873393
0.56,0.03 ,0.904596, 0.0193453,0.0760583,0.0954037
0.57,0.03 ,0.895424, 0.0195391,0.0850364,0.104576
0.58,0.03 ,0.885052, 0.0197375,0.0952108,0.114948
0.59,0.03 ,0.873419, 0.0199406,0.10664,0.126581
0.6,0.03 ,0.860517, 0.0201484,0.119334,0.139483
0.61,0.03 ,0.846395, 0.0203611,0.133244,0.153605
0.62,0.03 ,0.831159, 0.0205786,0.148262,0.168841
0.63,0.03 ,0.814965, 0.0208012,0.164234,0.185035
0.64,0.03 ,0.797998, 0.0210288,0.180973,0.202002
0.65,0.03 ,0.780454, 0.0212615,0.198285,0.219546
0.66,0.03 ,0.762522, 0.0214994,0.215979,0.237478
0.67,0.03 ,0.744375, 0.0217424,0.233882,0.255625
0.68,0.03 ,0.726161, 0.0219906,0.251848,0.273839
0.69,0.03 ,0.708003, 0.022244,0.269753,0.291997
0.7,0.03 ,0.69, 0.0225027,0.287498,0.31
0.71,0.03 ,0.672228, 0.0227666,0.305006,0.327772
0.72,0.03 ,0.654746, 0.0230357,0.322218,0.345254
0.73,0.03 ,0.637598, 0.02331,0.339091,0.362402
0.74,0.03 ,0.620817, 0.0235895,0.355594,0.379183
0.75,0.03 ,0.604422, 0.0238742,0.371704,0.395578
0.76,0.03 ,0.588429, 0.024164,0.387407,0.411571
0.77,0.03 ,0.572845, 0.0244588,0.402696,0.427155
0.78,0.03 ,0.557674, 0.0247587,0.417567,0.442326
0.79,0.03 ,0.542915, 0.0250635,0.432021,0.457085
0.8,0.03 ,0.528566, 0.0253732,0.446061,0.471434
0.81,0.03 ,0.514621, 0.0256877,0.459691,0.485379
0.82,0.03 ,0.501073, 0.026007,0.47292,0.498927
0.83,0.03 ,0.487915, 0.026331,0.485754,0.512085
0.84,0.03 ,0.475138, 0.0266595,0.498203,0.524862
0.85,0.03 ,0.462732, 0.0269926,0.510275,0.537268
0.86,0.03 ,0.450688, 0.0273301,0.521982,0.549312
0.87,0.03 ,0.438996, 0.0276719,0.533333,0.561004
0.88,0.03 ,0.427645, 0.0280179,0.544337,0.572355
0.89,0.03 ,0.416626, 0.028368,0.555006,0.583374
0.9,0.03 ,0.405929, 0.0287222,0.565349,0.594071
0.91,0.03 ,0.395543, 0.0290803,0.575377,0.604457
0.92,0.03 ,0.38546, 0.0294423,0.585098,0.61454
0.93,0.03 ,0.375669, 0.029808,0.594523,0.624331
0.94,0.03 ,0.366161, 0.0301773,0.603662,0.633839
0.95,0.03 ,0.356927, 0.0305501,0.612523,0.643073
0.96,0.03 ,0.347959, 0.0309264,0.621115,0.652041
0.97,0.03 ,0.339248, 0.031306,0.629446,0.660752
0.98,0.03 ,0.330785, 0.0316889,0.637526,0.669215
0.99,0.03 ,0.322562, 0.0320748,0.645363,0.677438
1,0.03 ,0.314572, 0.0324638,0.652964,0.685428
0,0.04 ,0.984798, 0.0131602,0.002042,0.0152022
0.01,0.04 ,0.984611, 0.0132229,0.00216663,0.0153895
0.02,0.04 ,0.984417, 0.0132865,0.00229652,0.015583
0.03,0.04 ,0.984217, 0.0133512,0.00243197,0.0157832
0.04,0.04 ,0.98401, 0.0134169,0.00257331,0.0159902
0.05,0.04 ,0.983795, 0.0134837,0.00272086,0.0162046
0.06,0.04 ,0.983573, 0.0135517,0.002875,0.0164266
0.07,0.04 ,0.983343, 0.0136207,0.0030361,0.0166568
0.08,0.04 ,0.983104, 0.0136909,0.0032046,0.0168955
0.09,0.04 ,0.982857, 0.0137623,0.00338094,0.0171433
0.1,0.04 ,0.982599, 0.013835,0.00356562,0.0174006
0.11,0.04 ,0.982332, 0.0139088,0.00375916,0.017668
0.12,0.04 ,0.982054, 0.013984,0.00396213,0.0179461
0.13,0.04 ,0.981764, 0.0140605,0.00417515,0.0182357
0.14,0.04 ,0.981463, 0.0141384,0.0043989,0.0185373
0.15,0.04 ,0.981148, 0.0142176,0.00463409,0.0188517
0.16,0.04 ,0.98082, 0.0142983,0.00488153,0.0191799
0.17,0.04 ,0.980477, 0.0143805,0.00514208,0.0195226
0.18,0.04 ,0.980119, 0.0144642,0.00541668,0.0198809
0.19,0.04 ,0.979744, 0.0145494,0.00570636,0.0202558
0.2,0.04 ,0.979352, 0.0146362,0.00601225,0.0206485
0.21,0.04 ,0.97894, 0.0147247,0.00633559,0.0210603
0.22,0.04 ,0.978507, 0.0148149,0.00667773,0.0214926
0.23,0.04 ,0.978053, 0.0149068,0.00704019,0.021947
0.24,0.04 ,0.977575, 0.0150005,0.0074246,0.0224251
0.25,0.04 ,0.977071, 0.015096,0.0078328,0.0229288
0.26,0.04 ,0.97654, 0.0151935,0.00826682,0.0234603
0.27,0.04 ,0.975978, 0.0152928,0.00872892,0.0240218
0.28,0.04 ,0.975384, 0.0153942,0.00922159,0.0246158
0.29,0.04 ,0.974755, 0.0154977,0.00974764,0.0252453
0.3,0.04 ,0.974087, 0.0156033,0.0103102,0.0259135
0.31,0.04 ,0.973376, 0.015711,0.0109128,0.0266239
0.32,0.04 ,0.97262, 0.015821,0.0115594,0.0273805
0.33,0.04 ,0.971812, 0.0159334,0.0122545,0.0281879
0.34,0.04 ,0.970949, 0.0160481,0.0130032,0.0290513
0.35,0.04 ,0.970024, 0.0161653,0.0138111,0.0299764
0.36,0.04 ,0.96903, 0.0162851,0.0146849,0.03097
0.37,0.04 ,0.96796, 0.0164074,0.0156321,0.0320395
0.38,0.04 ,0.966806, 0.0165324,0.0166614,0.0331938
0.39,0.04 ,0.965557, 0.0166603,0.0177825,0.0344428
0.4,0.04 ,0.964202, 0.0167909,0.0190071,0.0357981
0.41,0.04 ,0.962727, 0.0169246,0.0203486,0.0372731
0.42,0.04 ,0.961116, 0.0170612,0.0218223,0.0388835
0.43,0.04 ,0.959352, 0.017201,0.0234467,0.0406476
0.44,0.04 ,0.957413, 0.017344,0.0252429,0.0425869
0.45,0.04 ,0.955273, 0.0174903,0.0272363,0.0447265
0.46,0.04 ,0.952904, 0.01764,0.0294565,0.0470965
0.47,0.04 ,0.950268, 0.0177932,0.0319388,0.049732
0.48,0.04 ,0.947325, 0.01795,0.0347251,0.052675
0.49,0.04 ,0.944025, 0.0181105,0.0378648,0.0559752
0.5,0.04 ,0.940309, 0.0182748,0.0414166,0.0596914
0.51,0.04 ,0.936107, 0.018443,0.0454498,0.0638928
0.52,0.04 ,0.93134, 0.0186152,0.050045,0.0686602
0.53,0.04 ,0.925913, 0.0187916,0.0552952,0.0740868
0.54,0.04 ,0.919723, 0.0189721,0.0613051,0.0802772
0.55,0.04 ,0.912655, 0.019157,0.0681883,0.0873453
0.56,0.04 ,0.904591, 0.0193462,0.0760625,0.0954087
0.57,0.04 ,0.89542, 0.01954,0.0850396,0.10458
0.58,0.04 ,0.885049, 0.0197384,0.0952128,0.114951
0.59,0.04 ,0.873418, 0.0199414,0.106641,0.126582
0.6,0.04 ,0.860517, 0.0201492,0.119334,0.139483
0.61,0.04 ,0.846396, 0.0203619,0.133242,0.153604
0.62,0.04 ,0.831161, 0.0205794,0.14826,0.168839
0.63,0.04 ,0.814968, 0.020802,0.16423,0.185032
0.64,0.04 ,0.798002, 0.0210296,0.180969,0.201998
0.65,0.04 ,0.780458, 0.0212623,0.198279,0.219542
0.66,0.04 ,0.762527, 0.0215001,0.215972,0.237473
0.67,0.04 ,0.744381, 0.0217431,0.233876,0.255619
0.68,0.04 ,0.726168, 0.0219913,0.251841,0.273832
0.69,0.04 ,0.70801, 0.0222447,0.269745,0.29199
0.7,0.04 ,0.690007, 0.0225034,0.28749,0.309993
0.71,0.04 ,0.672235, 0.0227672,0.304998,0.327765
0.72,0.04 ,0.654753, 0.0230363,0.32221,0.345247
0.73,0.04 ,0.637606, 0.0233106,0.339083,0.362394
0.74,0.04 ,0.620824, 0.0235901,0.355586,0.379176
0.75,0.04 ,0.60443, 0.0238748,0.371696,0.39557
0.76,0.04 ,0.588436, 0.0241645,0.387399,0.411564
0.77,0.04 ,0.572853, 0.0244594,0.402688,0.427147
0.78,0.04 ,0.557682, 0.0247592,0.417559,0.442318
0.79,0.04 ,0.542923, 0.025064,0.432013,0.457077
0.8,0.04 ,0.528573, 0.0253737,0.446053,0.471427
0.81,0.04 ,0.514628, 0.0256882,0.459683,0.485372
0.82,0.04 ,0.501081, 0.0260075,0.472912,0.498919
0.83,0.04 ,0.487922, 0.0263314,0.485746,0.512078
0.84,0.04 ,0.475145, 0.0266599,0.498195,0.524855
0.85,0.04 ,0.462739, 0.026993,0.510268,0.537261
0.86,0.04 ,0.450695, 0.0273304,0.521975,0.549305
0.87,0.04 ,0.439003, 0.0276722,0.533325,0.560997
0.88,0.04 ,0.427652, 0.0280182,0.54433,0.572348
0.89,0.04 ,0.416633, 0.0283683,0.554999,0.583367
0.9,0.04 ,0.405935, 0.0287225,0.565342,0.594065
0.91,0.04 ,0.39555, 0.0290806,0.57537,0.60445
0.92,0.04 ,0.385466, 0.0294425,0.585091,0.614534
0.93,0.04 ,0.375675, 0.0298082,0.594517,0.624325
0.94,0.04 ,0.366167, 0.0301775,0.603655,0.633833
0.95,0.04 ,0.356934, 0.0305503,0.612516,0.643066
0.96,0.04 ,0.347965, 0.0309266,0.621108,0.652035
0.97,0.04 ,0.339254, 0.0313062,0.62944,0.660746
0.98,0.04 ,0.330791, 0.031689,0.63752,0.669209
0.99,0.04 ,0.322568, 0.0320749,0.645357,0.677432
1,0.04 ,0.314578, 0.0324639,0.652958,0.685422
0,0.05 ,0.984785, 0.0131614,0.00205312,0.0152145
0.01,0.05 ,0.984598, 0.0132241,0.00217774,0.0154018
0.02,0.05 ,0.984405, 0.0132877,0.00230763,0.0155953
0.03,0.05 ,0.984205, 0.0133524,0.00244308,0.0157955
0.04,0.05 ,0.983997, 0.0134181,0.00258441,0.0160025
0.05,0.05 ,0.983783, 0.0134849,0.00273196,0.0162169
0.06,0.05 ,0.983561, 0.0135528,0.00288609,0.0164389
0.07,0.05 ,0.983331, 0.0136219,0.00304719,0.0166691
0.08,0.05 ,0.983092, 0.0136921,0.00321569,0.0169078
0.09,0.05 ,0.982844, 0.0137635,0.00339202,0.0171555
0.1,0.05 ,0.982587, 0.0138361,0.0035767,0.0174128
0.11,0.05 ,0.98232, 0.01391,0.00377023,0.0176802
0.12,0.05 ,0.982042, 0.0139852,0.00397319,0.0179584
0.13,0.05 ,0.981752, 0.0140617,0.00418621,0.0182479
0.14,0.05 ,0.981451, 0.0141395,0.00440995,0.0185495
0.15,0.05 ,0.981136, 0.0142188,0.00464514,0.0188639
0.16,0.05 ,0.980808, 0.0142995,0.00489257,0.0191921
0.17,0.05 ,0.980465, 0.0143817,0.00515311,0.0195348
0.18,0.05 ,0.980107, 0.0144653,0.0054277,0.019893
0.19,0.05 ,0.979732, 0.0145506,0.00571737,0.0202679
0.2,0.05 ,0.979339, 0.0146374,0.00602325,0.0206606
0.21,0.05 ,0.978928, 0.0147259,0.00634658,0.0210724
0.22,0.05 ,0.978495, 0.014816,0.00668871,0.0215047
0.23,0.05 ,0.978041, 0.0149079,0.00705115,0.0219591
0.24,0.05 ,0.977563, 0.0150016,0.00743554,0.0224372
0.25,0.05 ,0.977059, 0.0150972,0.00784373,0.0229409
0.26,0.05 ,0.976528, 0.0151946,0.00827773,0.0234723
0.27,0.05 ,0.975966, 0.015294,0.00873981,0.0240338
0.28,0.05 ,0.975372, 0.0153953,0.00923246,0.0246278
0.29,0.05 ,0.974743, 0.0154988,0.00975849,0.0252573
0.3,0.05 ,0.974075, 0.0156044,0.010321,0.0259254
0.31,0.05 ,0.973364, 0.0157121,0.0109236,0.0266357
0.32,0.05 ,0.972608, 0.0158221,0.0115702,0.0273923
0.33,0.05 ,0.9718, 0.0159345,0.0122653,0.0281997
0.34,0.05 ,0.970937, 0.0160492,0.0130138,0.0290631
0.35,0.05 ,0.970012, 0.0161664,0.0138217,0.0299881
0.36,0.05 ,0.969018, 0.0162861,0.0146955,0.0309816
0.37,0.05 ,0.967949, 0.0164085,0.0156427,0.0320511
0.38,0.05 ,0.966795, 0.0165335,0.0166718,0.0332053
0.39,0.05 ,0.965546, 0.0166613,0.0177929,0.0344542
0.4,0.05 ,0.964191, 0.016792,0.0190174,0.0358094
0.41,0.05 ,0.962716, 0.0169256,0.0203588,0.0372844
0.42,0.05 ,0.961105, 0.0170622,0.0218324,0.0388947
0.43,0.05 ,0.959341, 0.017202,0.0234566,0.0406586
0.44,0.05 ,0.957402, 0.017345,0.0252527,0.0425977
0.45,0.05 ,0.955263, 0.0174913,0.0272459,0.0447372
0.46,0.05 ,0.952893, 0.017641,0.029466,0.0471069
0.47,0.05 ,0.950258, 0.0177941,0.0319481,0.0497422
0.48,0.05 ,0.947315, 0.0179509,0.034734,0.052685
0.49,0.05 ,0.944015, 0.0181114,0.0378734,0.0559849
0.5,0.05 ,0.940299, 0.0182757,0.0414249,0.0597007
0.51,0.05 ,0.936098, 0.018444,0.0454577,0.0639016
0.52,0.05 ,0.931331, 0.0186162,0.0500524,0.0686685
0.53,0.05 ,0.925906, 0.0187925,0.055302,0.0740945
0.54,0.05 ,0.919716, 0.018973,0.0613111,0.0802841
0.55,0.05 ,0.912649, 0.0191579,0.0681936,0.0873514
0.56,0.05 ,0.904586, 0.0193471,0.0760668,0.0954139
0.57,0.05 ,0.895416, 0.0195409,0.0850428,0.104584
0.58,0.05 ,0.885046, 0.0197392,0.0952149,0.114954
0.59,0.05 ,0.873416, 0.0199423,0.106642,0.126584
0.6,0.05 ,0.860516, 0.0201501,0.119333,0.139484
0.61,0.05 ,0.846396, 0.0203627,0.133241,0.153604
0.62,0.05 ,0.831163, 0.0205803,0.148257,0.168837
0.63,0.05 ,0.814971, 0.0208028,0.164226,0.185029
0.64,0.05 ,0.798006, 0.0210304,0.180964,0.201994
0.65,0.05 ,0.780463, 0.0212631,0.198274,0.219537
0.66,0.05 ,0.762533, 0.0215009,0.215966,0.237467
0.67,0.05 ,0.744387, 0.0217438,0.233869,0.255613
0.68,0.05 ,0.726174, 0.021992,0.251834,0.273826
0.69,0.05 ,0.708017, 0.0222454,0.269738,0.291983
0.7,0.05 ,0.690014, 0.0225041,0.287482,0.309986
0.71,0.05 ,0.672242, 0.0227679,0.30499,0.327758
0.72,0.05 ,0.654761, 0.023037,0.322202,0.345239
0.73,0.05 ,0.637614, 0.0233113,0.339075,0.362386
0.74,0.05 ,0.620832, 0.0235907,0.355577,0.379168
0.75,0.05 ,0.604437, 0.0238754,0.371687,0.395563
0.76,0.05 ,0.588444, 0.0241651,0.387391,0.411556
0.77,0.05 ,0.57286, 0.0244599,0.40268,0.42714
0.78,0.05 ,0.557689, 0.0247597,0.417551,0.442311
0.79,0.05 ,0.542931, 0.0250645,0.432005,0.457069
0.8,0.05 ,0.528581, 0.0253742,0.446045,0.471419
0.81,0.05 ,0.514636, 0.0256887,0.459675,0.485364
0.82,0.05 ,0.501088, 0.0260079,0.472904,0.498912
0.83,0.05 ,0.48793, 0.0263318,0.485738,0.51207
0.84,0.05 ,0.475152, 0.0266603,0.498187,0.524848
0.85,0.05 ,0.462746, 0.0269934,0.51026,0.537254
0.86,0.05 ,0.450702, 0.0273308,0.521967,0.549298
0.87,0.05 ,0.43901, 0.0276725,0.533318,0.56099
0.88,0.05 ,0.427659, 0.0280185,0.544323,0.572341
0.89,0.05 ,0.41664, 0.0283686,0.554992,0.58336
0.9,0.05 ,0.405942, 0.0287228,0.565335,0.594058
0.91,0.05 ,0.395556, 0.0290808,0.575363,0.604444
0.92,0.05 ,0.385473, 0.0294427,0.585084,0.614527
0.93,0.05 ,0.375682, 0.0298084,0.59451,0.624318
0.94,0.05 ,0.366174, 0.0301777,0.603649,0.633826
0.95,0.05 ,0.35694, 0.0305505,0.61251,0.64306
0.96,0.05 ,0.347972, 0.0309267,0.621102,0.652028
0.97,0.05 ,0.33926, 0.0313063,0.629434,0.66074
0.98,0.05 ,0.330797, 0.0316891,0.637514,0.669203
0.99,0.05 ,0.322574, 0.032075,0.645351,0.677426
1,0.05 ,0.314584, 0.032464,0.652952,0.685416
0,0.06 ,0.984773, 0.0131626,0.0020645,0.0152271
0.01,0.06 ,0.984586, 0.0132253,0.00218912,0.0154144
0.02,0.06 ,0.984392, 0.0132889,0.002319,0.0156079
0.03,0.06 ,0.984192, 0.0133536,0.00245445,0.015808
0.04,0.06 ,0.983985, 0.0134193,0.00259578,0.0160151
0.05,0.06 ,0.983771, 0.0134861,0.00274333,0.0162294
0.06,0.06 ,0.983549, 0.013554,0.00289746,0.0164515
0.07,0.06 ,0.983318, 0.0136231,0.00305855,0.0166816
0.08,0.06 ,0.98308, 0.0136933,0.00322704,0.0169203
0.09,0.06 ,0.982832, 0.0137647,0.00340337,0.0171681
0.1,0.06 ,0.982575, 0.0138373,0.00358804,0.0174254
0.11,0.06 ,0.982307, 0.0139112,0.00378157,0.0176928
0.12,0.06 ,0.982029, 0.0139864,0.00398453,0.0179709
0.13,0.06 ,0.98174, 0.0140629,0.00419754,0.0182604
0.14,0.06 ,0.981438, 0.0141407,0.00442127,0.018562
0.15,0.06 ,0.981124, 0.01422,0.00465645,0.0188764
0.16,0.06 ,0.980795, 0.0143007,0.00490388,0.0192045
0.17,0.06 ,0.980453, 0.0143828,0.00516441,0.0195472
0.18,0.06 ,0.980095, 0.0144665,0.00543899,0.0199055
0.19,0.06 ,0.97972, 0.0145517,0.00572865,0.0202804
0.2,0.06 ,0.979327, 0.0146385,0.00603452,0.0206731
0.21,0.06 ,0.978915, 0.014727,0.00635783,0.0210849
0.22,0.06 ,0.978483, 0.0148172,0.00669995,0.0215171
0.23,0.06 ,0.978029, 0.0149091,0.00706237,0.0219715
0.24,0.06 ,0.97755, 0.0150028,0.00744675,0.0224495
0.25,0.06 ,0.977047, 0.0150983,0.00785492,0.0229532
0.26,0.06 ,0.976515, 0.0151957,0.00828891,0.0234846
0.27,0.06 ,0.975954, 0.0152951,0.00875096,0.0240461
0.28,0.06 ,0.97536, 0.0153965,0.00924359,0.0246401
0.29,0.06 ,0.97473, 0.0154999,0.00976959,0.0252695
0.3,0.06 ,0.974062, 0.0156055,0.0103321,0.0259376
0.31,0.06 ,0.973352, 0.0157132,0.0109347,0.0266479
0.32,0.06 ,0.972596, 0.0158232,0.0115812,0.0274045
0.33,0.06 ,0.971788, 0.0159356,0.0122762,0.0282118
0.34,0.06 ,0.970925, 0.0160503,0.0130248,0.0290751
0.35,0.06 ,0.97, 0.0161675,0.0138326,0.0300001
0.36,0.06 ,0.969006, 0.0162872,0.0147063,0.0309936
0.37,0.06 ,0.967937, 0.0164095,0.0156534,0.032063
0.38,0.06 ,0.966783, 0.0165346,0.0166825,0.0332171
0.39,0.06 ,0.965534, 0.0166624,0.0178035,0.0344659
0.4,0.06 ,0.964179, 0.016793,0.019028,0.035821
0.41,0.06 ,0.962704, 0.0169266,0.0203692,0.0372959
0.42,0.06 ,0.961094, 0.0170633,0.0218428,0.038906
0.43,0.06 ,0.95933, 0.017203,0.0234668,0.0406699
0.44,0.06 ,0.957391, 0.017346,0.0252628,0.0426088
0.45,0.06 ,0.955252, 0.0174923,0.0272558,0.0447481
0.46,0.06 ,0.952882, 0.017642,0.0294757,0.0471176
0.47,0.06 ,0.950247, 0.0177952,0.0319575,0.0497527
0.48,0.06 ,0.947305, 0.0179519,0.0347432,0.0526952
0.49,0.06 ,0.944005, 0.0181124,0.0378823,0.0559947
0.5,0.06 ,0.94029, 0.0182767,0.0414334,0.0597101
0.51,0.06 ,0.936089, 0.0184449,0.0454657,0.0639106
0.52,0.06 ,0.931323, 0.0186171,0.0500599,0.068677
0.53,0.06 ,0.925898, 0.0187934,0.0553089,0.0741023
0.54,0.06 ,0.919709, 0.018974,0.0613173,0.0802913
0.55,0.06 ,0.912642, 0.0191588,0.0681989,0.0873577
0.56,0.06 ,0.904581, 0.019348,0.0760712,0.0954193
0.57,0.06 ,0.895412, 0.0195418,0.0850462,0.104588
0.58,0.06 ,0.885043, 0.0197401,0.0952171,0.114957
0.59,0.06 ,0.873414, 0.0199431,0.106643,0.126586
0.6,0.06 ,0.860516, 0.0201509,0.119333,0.139484
0.61,0.06 ,0.846397, 0.0203635,0.133239,0.153603
0.62,0.06 ,0.831165, 0.0205811,0.148254,0.168835
0.63,0.06 ,0.814974, 0.0208036,0.164222,0.185026
0.64,0.06 ,0.79801, 0.0210312,0.180959,0.20199
0.65,0.06 ,0.780468, 0.0212638,0.198268,0.219532
0.66,0.06 ,0.762539, 0.0215016,0.21596,0.237461
0.67,0.06 ,0.744393, 0.0217446,0.233862,0.255607
0.68,0.06 ,0.726181, 0.0219928,0.251826,0.273819
0.69,0.06 ,0.708024, 0.0222461,0.26973,0.291976
0.7,0.06 ,0.690021, 0.0225047,0.287474,0.309979
0.71,0.06 ,0.67225, 0.0227686,0.304982,0.32775
0.72,0.06 ,0.654769, 0.0230376,0.322194,0.345231
0.73,0.06 ,0.637621, 0.0233119,0.339067,0.362379
0.74,0.06 ,0.62084, 0.0235914,0.355569,0.37916
0.75,0.06 ,0.604445, 0.023876,0.371679,0.395555
0.76,0.06 ,0.588452, 0.0241657,0.387382,0.411548
0.77,0.06 ,0.572868, 0.0244605,0.402671,0.427132
0.78,0.06 ,0.557697, 0.0247603,0.417543,0.442303
0.79,0.06 ,0.542938, 0.025065,0.431997,0.457062
0.8,0.06 ,0.528589, 0.0253747,0.446036,0.471411
0.81,0.06 ,0.514644, 0.0256891,0.459667,0.485356
0.82,0.06 ,0.501096, 0.0260084,0.472896,0.498904
0.83,0.06 ,0.487937, 0.0263323,0.48573,0.512063
0.84,0.06 ,0.47516, 0.0266608,0.498179,0.52484
0.85,0.06 ,0.462754, 0.0269937,0.510252,0.537246
0.86,0.06 ,0.450709, 0.0273311,0.521959,0.549291
0.87,0.06 ,0.439017, 0.0276729,0.53331,0.560983
0.88,0.06 ,0.427666, 0.0280188,0.544315,0.572334
0.89,0.06 ,0.416647, 0.0283689,0.554984,0.583353
0.9,0.06 ,0.405949, 0.028723,0.565328,0.594051
0.91,0.06 ,0.395563, 0.0290811,0.575356,0.604437
0.92,0.06 ,0.38548, 0.029443,0.585077,0.61452
0.93,0.06 ,0.375688, 0.0298086,0.594503,0.624312
0.94,0.06 ,0.36618, 0.0301779,0.603642,0.63382
0.95,0.06 ,0.356947, 0.0305506,0.612503,0.643053
0.96,0.06 ,0.347978, 0.0309269,0.621095,0.652022
0.97,0.06 ,0.339266, 0.0313064,0.629427,0.660734
0.98,0.06 ,0.330803, 0.0316892,0.637508,0.669197
0.99,0.06 ,0.32258, 0.0320751,0.645345,0.67742
1,0.06 ,0.31459, 0.032464,0.652946,0.68541
0,0.07 ,0.98476, 0.0131638,0.00207616,0.01524
0.01,0.07 ,0.984573, 0.0132265,0.00220078,0.0154273
0.02,0.07 ,0.984379, 0.0132901,0.00233066,0.0156208
0.03,0.07 ,0.984179, 0.0133548,0.00246611,0.0158209
0.04,0.07 ,0.983972, 0.0134205,0.00260743,0.016028
0.05,0.07 ,0.983758, 0.0134873,0.00275497,0.0162423
0.06,0.07 ,0.983536, 0.0135552,0.0029091,0.0164643
0.07,0.07 ,0.983306, 0.0136243,0.00307019,0.0166945
0.08,0.07 ,0.983067, 0.0136945,0.00323867,0.0169332
0.09,0.07 ,0.982819, 0.0137659,0.003415,0.0171809
0.1,0.07 ,0.982562, 0.0138385,0.00359966,0.0174382
0.11,0.07 ,0.982294, 0.0139124,0.00379318,0.0177056
0.12,0.07 ,0.982016, 0.0139876,0.00399614,0.0179837
0.13,0.07 ,0.981727, 0.0140641,0.00420914,0.0182732
0.14,0.07 ,0.981425, 0.0141419,0.00443287,0.0185748
0.15,0.07 ,0.981111, 0.0142212,0.00466804,0.0188892
0.16,0.07 ,0.980783, 0.0143018,0.00491546,0.0192173
0.17,0.07 ,0.98044, 0.014384,0.00517598,0.01956
0.18,0.07 ,0.980082, 0.0144677,0.00545055,0.0199182
0.19,0.07 ,0.979707, 0.0145529,0.0057402,0.0202931
0.2,0.07 ,0.979314, 0.0146397,0.00604606,0.0206858
0.21,0.07 ,0.978902, 0.0147282,0.00636936,0.0210975
0.22,0.07 ,0.97847, 0.0148183,0.00671146,0.0215298
0.23,0.07 ,0.978016, 0.0149102,0.00707387,0.0219841
0.24,0.07 ,0.977538, 0.0150039,0.00745824,0.0224622
0.25,0.07 ,0.977034, 0.0150995,0.00786639,0.0229658
0.26,0.07 ,0.976503, 0.0151969,0.00830036,0.0234972
0.27,0.07 ,0.975941, 0.0152962,0.00876239,0.0240586
0.28,0.07 ,0.975347, 0.0153976,0.00925499,0.0246526
0.29,0.07 ,0.974718, 0.0155011,0.00978097,0.025282
0.3,0.07 ,0.97405, 0.0156066,0.0103435,0.0259501
0.31,0.07 ,0.97334, 0.0157144,0.010946,0.0266603
0.32,0.07 ,0.972583, 0.0158244,0.0115925,0.0274169
0.33,0.07 ,0.971776, 0.0159367,0.0122875,0.0282242
0.34,0.07 ,0.970913, 0.0160514,0.013036,0.0290874
0.35,0.07 ,0.969988, 0.0161686,0.0138438,0.0300124
0.36,0.07 ,0.968994, 0.0162883,0.0147175,0.0310058
0.37,0.07 ,0.967925, 0.0164106,0.0156645,0.0320751
0.38,0.07 ,0.966771, 0.0165357,0.0166935,0.0332292
0.39,0.07 ,0.965522, 0.0166635,0.0178144,0.0344779
0.4,0.07 ,0.964167, 0.0167941,0.0190388,0.0358329
0.41,0.07 ,0.962692, 0.0169277,0.0203799,0.0373076
0.42,0.07 ,0.961082, 0.0170643,0.0218534,0.0389177
0.43,0.07 ,0.959319, 0.0172041,0.0234773,0.0406814
0.44,0.07 ,0.95738, 0.017347,0.0252731,0.0426202
0.45,0.07 ,0.955241, 0.0174933,0.027266,0.0447593
0.46,0.07 ,0.952871, 0.017643,0.0294856,0.0471286
0.47,0.07 ,0.950237, 0.0177962,0.0319672,0.0497634
0.48,0.07 ,0.947294, 0.0179529,0.0347527,0.0527056
0.49,0.07 ,0.943995, 0.0181134,0.0378914,0.0560048
0.5,0.07 ,0.94028, 0.0182777,0.0414421,0.0597199
0.51,0.07 ,0.93608, 0.0184459,0.045474,0.0639199
0.52,0.07 ,0.931314, 0.0186181,0.0500676,0.0686857
0.53,0.07 ,0.92589, 0.0187944,0.055316,0.0741104
0.54,0.07 ,0.919701, 0.0189749,0.0613237,0.0802986
0.55,0.07 ,0.912636, 0.0191597,0.0682045,0.0873642
0.56,0.07 ,0.904575, 0.019349,0.0760758,0.0954248
0.57,0.07 ,0.895408, 0.0195427,0.0850497,0.104592
0.58,0.07 ,0.88504, 0.019741,0.0952194,0.11496
0.59,0.07 ,0.873412, 0.019944,0.106644,0.126588
0.6,0.07 ,0.860515, 0.0201518,0.119333,0.139485
0.61,0.07 ,0.846398, 0.0203644,0.133238,0.153602
0.62,0.07 ,0.831167, 0.0205819,0.148251,0.168833
0.63,0.07 ,0.814977, 0.0208044,0.164218,0.185023
0.64,0.07 ,0.798014, 0.021032,0.180954,0.201986
0.65,0.07 ,0.780473, 0.0212646,0.198262,0.219527
0.66,0.07 ,0.762544, 0.0215024,0.215953,0.237456
0.67,0.07 ,0.7444, 0.0217453,0.233855,0.2556
0.68,0.07 ,0.726188, 0.0219935,0.251819,0.273812
0.69,0.07 ,0.708031, 0.0222469,0.269722,0.291969
0.7,0.07 ,0.690029, 0.0225054,0.287466,0.309971
0.71,0.07 ,0.672257, 0.0227693,0.304973,0.327743
0.72,0.07 ,0.654776, 0.0230383,0.322185,0.345224
0.73,0.07 ,0.637629, 0.0233126,0.339058,0.362371
0.74,0.07 ,0.620848, 0.023592,0.35556,0.379152
0.75,0.07 ,0.604453, 0.0238766,0.37167,0.395547
0.76,0.07 ,0.58846, 0.0241663,0.387374,0.41154
0.77,0.07 ,0.572876, 0.024461,0.402663,0.427124
0.78,0.07 ,0.557705, 0.0247608,0.417534,0.442295
0.79,0.07 ,0.542946, 0.0250655,0.431988,0.457054
0.8,0.07 ,0.528597, 0.0253752,0.446028,0.471403
0.81,0.07 ,0.514652, 0.0256896,0.459659,0.485348
0.82,0.07 ,0.501104, 0.0260088,0.472888,0.498896
0.83,0.07 ,0.487945, 0.0263327,0.485722,0.512055
0.84,0.07 ,0.475168, 0.0266612,0.498171,0.524832
