Betamv, Betapv,V,Rs,Rv,P
0,0 ,0.966987, 0.031013,0.002,0.033013
0.01,0 ,0.966591, 0.0311001,0.00230933,0.0334094
0.02,0 ,0.966181, 0.0311878,0.00263073,0.0338185
0.03,0 ,0.965759, 0.0312763,0.00296481,0.0342411
0.04,0 ,0.965322, 0.0313655,0.00331223,0.0346778
0.05,0 ,0.964871, 0.0314555,0.00367369,0.0351292
0.06,0 ,0.964404, 0.0315463,0.00404996,0.0355962
0.07,0 ,0.96392, 0.0316378,0.00444182,0.0360796
0.08,0 ,0.96342, 0.03173,0.00485014,0.0365802
0.09,0 ,0.962901, 0.0318231,0.00527583,0.0370989
0.1,0 ,0.962363, 0.031917,0.00571989,0.0376368
0.11,0 ,0.961805, 0.0320116,0.00618338,0.038195
0.12,0 ,0.961226, 0.0321071,0.00666743,0.0387745
0.13,0 ,0.960623, 0.0322033,0.00717327,0.0393766
0.14,0 ,0.959997, 0.0323004,0.00770222,0.0400027
0.15,0 ,0.959346, 0.0323984,0.00825572,0.0406541
0.16,0 ,0.958668, 0.0324971,0.00883529,0.0413324
0.17,0 ,0.957961, 0.0325968,0.0094426,0.0420394
0.18,0 ,0.957223, 0.0326973,0.0100795,0.0427767
0.19,0 ,0.956454, 0.0327986,0.0107478,0.0435464
0.2,0 ,0.955649, 0.0329008,0.0114498,0.0443507
0.21,0 ,0.954808, 0.0330039,0.0121878,0.0451917
0.22,0 ,0.953928, 0.0331079,0.0129642,0.0460721
0.23,0 ,0.953005, 0.0332128,0.0137818,0.0469946
0.24,0 ,0.952038, 0.0333186,0.0146436,0.0479622
0.25,0 ,0.951022, 0.0334254,0.0155529,0.0489782
0.26,0 ,0.949954, 0.033533,0.0165132,0.0500463
0.27,0 ,0.94883, 0.0336416,0.0175287,0.0511703
0.28,0 ,0.947645, 0.0337512,0.0186034,0.0523546
0.29,0 ,0.946396, 0.0338616,0.0197424,0.053604
0.3,0 ,0.945076, 0.0339731,0.0209508,0.0549238
0.31,0 ,0.94368, 0.0340855,0.0222344,0.0563199
0.32,0 ,0.942201, 0.0341989,0.0235998,0.0577987
0.33,0 ,0.940633, 0.0343133,0.025054,0.0593673
0.34,0 ,0.938966, 0.0344286,0.0266051,0.0610338
0.35,0 ,0.937193, 0.034545,0.0282619,0.0628069
0.36,0 ,0.935303, 0.0346624,0.0300343,0.0646967
0.37,0 ,0.933286, 0.0347808,0.0319332,0.066714
0.38,0 ,0.931129, 0.0349002,0.0339709,0.0688711
0.39,0 ,0.928818, 0.0350206,0.0361612,0.0711818
0.4,0 ,0.926338, 0.0351421,0.0385194,0.0736616
0.41,0 ,0.923672, 0.0352647,0.0410628,0.0763275
0.42,0 ,0.920801, 0.0353883,0.0438107,0.0791989
0.43,0 ,0.917703, 0.0355129,0.0467844,0.0822973
0.44,0 ,0.914353, 0.0356386,0.0500083,0.0856469
0.45,0 ,0.910726, 0.0357654,0.053509,0.0892744
0.46,0 ,0.90679, 0.0358932,0.0573164,0.0932097
0.47,0 ,0.902514, 0.0360222,0.0614635,0.0974857
0.48,0 ,0.897861, 0.0361522,0.0659864,0.102139
0.49,0 ,0.892792, 0.0362833,0.0709244,0.107208
0.5,0 ,0.887265, 0.0364156,0.0763198,0.112735
0.51,0 ,0.881234, 0.0365489,0.0822171,0.118766
0.52,0 ,0.874654, 0.0366833,0.0886624,0.125346
0.53,0 ,0.867479, 0.0368189,0.0957018,0.132521
0.54,0 ,0.859665, 0.0369555,0.10338,0.140335
0.55,0 ,0.851171, 0.0370933,0.111736,0.148829
0.56,0 ,0.841964, 0.0372322,0.120804,0.158036
0.57,0 ,0.832022, 0.0373723,0.130605,0.167978
0.58,0 ,0.821336, 0.0375134,0.14115,0.178664
0.59,0 ,0.809912, 0.0376557,0.152432,0.190088
0.6,0 ,0.797775, 0.0377991,0.164426,0.202225
0.61,0 ,0.784966, 0.0379437,0.177091,0.215034
0.62,0 ,0.771543, 0.0380894,0.190367,0.228457
0.63,0 ,0.757579, 0.0382362,0.204184,0.242421
0.64,0 ,0.743156, 0.0383841,0.21846,0.256844
0.65,0 ,0.728361, 0.0385332,0.233106,0.271639
0.66,0 ,0.713283, 0.0386834,0.248033,0.286717
0.67,0 ,0.69801, 0.0388348,0.263155,0.30199
0.68,0 ,0.682623, 0.0389873,0.27839,0.317377
0.69,0 ,0.667197, 0.0391409,0.293662,0.332803
0.7,0 ,0.651801, 0.0392956,0.308904,0.348199
0.71,0 ,0.636491, 0.0394514,0.324058,0.363509
0.72,0 ,0.621317, 0.0396084,0.339075,0.378683
0.73,0 ,0.606322, 0.0397665,0.353911,0.393678
0.74,0 ,0.59154, 0.0399257,0.368535,0.40846
0.75,0 ,0.576998, 0.040086,0.382916,0.423002
0.76,0 ,0.562718, 0.0402474,0.397035,0.437282
0.77,0 ,0.548717, 0.04041,0.410873,0.451283
0.78,0 ,0.535008, 0.0405736,0.424418,0.464992
0.79,0 ,0.521599, 0.0407383,0.437662,0.478401
0.8,0 ,0.508496, 0.040904,0.4506,0.491504
0.81,0 ,0.495703, 0.0410709,0.463226,0.504297
0.82,0 ,0.48322, 0.0412388,0.475542,0.51678
0.83,0 ,0.471046, 0.0414078,0.487546,0.528954
0.84,0 ,0.45918, 0.0415779,0.499242,0.54082
0.85,0 ,0.447618, 0.041749,0.510633,0.552382
0.86,0 ,0.436356, 0.0419211,0.521723,0.563644
0.87,0 ,0.42539, 0.0420943,0.532516,0.57461
0.88,0 ,0.414713, 0.0422684,0.543018,0.585287
0.89,0 ,0.404321, 0.0424436,0.553236,0.595679
0.9,0 ,0.394206, 0.0426199,0.563174,0.605794
0.91,0 ,0.384363, 0.0427971,0.57284,0.615637
0.92,0 ,0.374784, 0.0429753,0.582241,0.625216
0.93,0 ,0.365464, 0.0431544,0.591382,0.634536
0.94,0 ,0.356395, 0.0433346,0.60027,0.643605
0.95,0 ,0.347571, 0.0435157,0.608913,0.652429
0.96,0 ,0.338985, 0.0436978,0.617317,0.661015
0.97,0 ,0.330631, 0.0438808,0.625488,0.669369
0.98,0 ,0.322502, 0.0440647,0.633433,0.677498
0.99,0 ,0.314592, 0.0442495,0.641158,0.685408
1,0 ,0.306895, 0.0444353,0.64867,0.693105
0,0.01 ,0.966923, 0.0310253,0.00205202,0.0330773
0.01,0.01 ,0.966526, 0.0311123,0.00236131,0.0334736
0.02,0.01 ,0.966117, 0.0312,0.00268268,0.0338827
0.03,0.01 ,0.965695, 0.0312885,0.00301672,0.0343052
0.04,0.01 ,0.965258, 0.0313777,0.00336411,0.0347418
0.05,0.01 ,0.964807, 0.0314677,0.00372553,0.0351932
0.06,0.01 ,0.96434, 0.0315584,0.00410175,0.0356602
0.07,0.01 ,0.963857, 0.0316499,0.00449357,0.0361435
0.08,0.01 ,0.963356, 0.0317422,0.00490184,0.036644
0.09,0.01 ,0.962837, 0.0318352,0.00532748,0.0371627
0.1,0.01 ,0.962299, 0.0319291,0.00577149,0.0377005
0.11,0.01 ,0.961741, 0.0320237,0.00623492,0.0382586
0.12,0.01 ,0.961162, 0.0321191,0.00671891,0.038838
0.13,0.01 ,0.96056, 0.0322154,0.00722468,0.0394401
0.14,0.01 ,0.959934, 0.0323125,0.00775357,0.040066
0.15,0.01 ,0.959283, 0.0324104,0.00830698,0.0407174
0.16,0.01 ,0.958604, 0.0325091,0.00888647,0.0413956
0.17,0.01 ,0.957898, 0.0326088,0.0094937,0.0421025
0.18,0.01 ,0.95716, 0.0327092,0.0101305,0.0428397
0.19,0.01 ,0.956391, 0.0328105,0.0107987,0.0436093
0.2,0.01 ,0.955587, 0.0329128,0.0115006,0.0444134
0.21,0.01 ,0.954746, 0.0330158,0.0122385,0.0452543
0.22,0.01 ,0.953865, 0.0331198,0.0130147,0.0461345
0.23,0.01 ,0.952943, 0.0332247,0.0138322,0.0470569
0.24,0.01 ,0.951976, 0.0333305,0.0146938,0.0480243
0.25,0.01 ,0.95096, 0.0334372,0.015603,0.0490402
0.26,0.01 ,0.949892, 0.0335448,0.0165632,0.050108
0.27,0.01 ,0.948768, 0.0336534,0.0175784,0.0512318
0.28,0.01 ,0.947584, 0.0337629,0.018653,0.0524159
0.29,0.01 ,0.946335, 0.0338734,0.0197917,0.0536651
0.3,0.01 ,0.945015, 0.0339848,0.0209998,0.0549846
0.31,0.01 ,0.94362, 0.0340972,0.0222832,0.0563804
0.32,0.01 ,0.942141, 0.0342106,0.0236483,0.0578588
0.33,0.01 ,0.940573, 0.0343249,0.0251022,0.0594271
0.34,0.01 ,0.938907, 0.0344403,0.026653,0.0610932
0.35,0.01 ,0.937134, 0.0345566,0.0283094,0.062866
0.36,0.01 ,0.935245, 0.034674,0.0300813,0.0647552
0.37,0.01 ,0.933228, 0.0347924,0.0319797,0.066772
0.38,0.01 ,0.931071, 0.0349117,0.0340168,0.0689286
0.39,0.01 ,0.928761, 0.0350322,0.0362065,0.0712387
0.4,0.01 ,0.926282, 0.0351536,0.0385641,0.0737178
0.41,0.01 ,0.923617, 0.0352761,0.0411068,0.0763829
0.42,0.01 ,0.920747, 0.0353997,0.0438538,0.0792535
0.43,0.01 ,0.917649, 0.0355243,0.0468266,0.0823509
0.44,0.01 ,0.914301, 0.03565,0.0500494,0.0856994
0.45,0.01 ,0.910674, 0.0357768,0.053549,0.0893257
0.46,0.01 ,0.90674, 0.0359046,0.0573551,0.0932597
0.47,0.01 ,0.902466, 0.0360335,0.0615006,0.0975342
0.48,0.01 ,0.897815, 0.0361635,0.0660219,0.102185
0.49,0.01 ,0.892747, 0.0362946,0.070958,0.107253
0.5,0.01 ,0.887222, 0.0364268,0.0763513,0.112778
0.51,0.01 ,0.881194, 0.0365601,0.0822462,0.118806
0.52,0.01 ,0.874617, 0.0366945,0.0886889,0.125383
0.53,0.01 ,0.867444, 0.03683,0.0957255,0.132556
0.54,0.01 ,0.859633, 0.0369667,0.1034,0.140367
0.55,0.01 ,0.851142, 0.0371044,0.111753,0.148858
0.56,0.01 ,0.84194, 0.0372433,0.120817,0.15806
0.57,0.01 ,0.832002, 0.0373833,0.130615,0.167998
0.58,0.01 ,0.82132, 0.0375244,0.141156,0.17868
0.59,0.01 ,0.8099, 0.0376667,0.152433,0.1901
0.6,0.01 ,0.797767, 0.0378101,0.164423,0.202233
0.61,0.01 ,0.784962, 0.0379546,0.177084,0.215038
0.62,0.01 ,0.771543, 0.0381002,0.190356,0.228457
0.63,0.01 ,0.757584, 0.038247,0.204169,0.242416
0.64,0.01 ,0.743164, 0.0383949,0.218441,0.256836
0.65,0.01 ,0.728372, 0.038544,0.233084,0.271628
0.66,0.01 ,0.713297, 0.0386942,0.248008,0.286703
0.67,0.01 ,0.698027, 0.0388455,0.263128,0.301973
0.68,0.01 ,0.682642, 0.0389979,0.27836,0.317358
0.69,0.01 ,0.667219, 0.0391515,0.293629,0.332781
0.7,0.01 ,0.651824, 0.0393062,0.30887,0.348176
0.71,0.01 ,0.636516, 0.039462,0.324022,0.363484
0.72,0.01 ,0.621344, 0.039619,0.339037,0.378656
0.73,0.01 ,0.60635, 0.039777,0.353873,0.39365
0.74,0.01 ,0.591568, 0.0399362,0.368496,0.408432
0.75,0.01 ,0.577027, 0.0400965,0.382876,0.422973
0.76,0.01 ,0.562748, 0.0402578,0.396994,0.437252
0.77,0.01 ,0.548748, 0.0404203,0.410832,0.451252
0.78,0.01 ,0.535039, 0.0405839,0.424377,0.464961
0.79,0.01 ,0.52163, 0.0407486,0.437621,0.47837
0.8,0.01 ,0.508528, 0.0409143,0.450558,0.491472
0.81,0.01 ,0.495734, 0.0410811,0.463184,0.504266
0.82,0.01 ,0.483251, 0.041249,0.4755,0.516749
0.83,0.01 ,0.471078, 0.041418,0.487505,0.528922
0.84,0.01 ,0.459211, 0.041588,0.499201,0.540789
0.85,0.01 ,0.447649, 0.041759,0.510592,0.552351
0.86,0.01 ,0.436388, 0.0419311,0.521681,0.563612
0.87,0.01 ,0.425421, 0.0421042,0.532475,0.574579
0.88,0.01 ,0.414744, 0.0422784,0.542977,0.585256
0.89,0.01 ,0.404352, 0.0424536,0.553195,0.595648
0.9,0.01 ,0.394237, 0.0426297,0.563134,0.605763
0.91,0.01 ,0.384393, 0.0428069,0.5728,0.615607
0.92,0.01 ,0.374814, 0.0429851,0.582201,0.625186
0.93,0.01 ,0.365494, 0.0431642,0.591342,0.634506
0.94,0.01 ,0.356424, 0.0433443,0.600231,0.643576
0.95,0.01 ,0.3476, 0.0435254,0.608874,0.6524
0.96,0.01 ,0.339014, 0.0437074,0.617279,0.660986
0.97,0.01 ,0.33066, 0.0438904,0.62545,0.66934
0.98,0.01 ,0.32253, 0.0440743,0.633395,0.67747
0.99,0.01 ,0.31462, 0.0442591,0.641121,0.68538
1,0.01 ,0.306922, 0.0444448,0.648633,0.693078
0,0.02 ,0.966857, 0.0310376,0.0021057,0.0331433
0.01,0.02 ,0.96646, 0.0311246,0.00241497,0.0335396
0.02,0.02 ,0.966051, 0.0312124,0.0027363,0.0339487
0.03,0.02 ,0.965629, 0.0313008,0.0030703,0.0343711
0.04,0.02 ,0.965192, 0.03139,0.00341765,0.0348077
0.05,0.02 ,0.964741, 0.03148,0.00377904,0.035259
0.06,0.02 ,0.964274, 0.0315707,0.00415521,0.0357259
0.07,0.02 ,0.963791, 0.0316622,0.00454698,0.0362091
0.08,0.02 ,0.96329, 0.0317544,0.0049552,0.0367096
0.09,0.02 ,0.962772, 0.0318474,0.0053808,0.0372282
0.1,0.02 ,0.962234, 0.0319413,0.00582475,0.037766
0.11,0.02 ,0.961676, 0.0320359,0.00628812,0.038324
0.12,0.02 ,0.961097, 0.0321313,0.00677204,0.0389034
0.13,0.02 ,0.960495, 0.0322276,0.00727775,0.0395053
0.14,0.02 ,0.959869, 0.0323246,0.00780656,0.0401312
0.15,0.02 ,0.959218, 0.0324225,0.0083599,0.0407824
0.16,0.02 ,0.958539, 0.0325213,0.00893931,0.0414606
0.17,0.02 ,0.957833, 0.0326208,0.00954645,0.0421673
0.18,0.02 ,0.957096, 0.0327213,0.0101831,0.0429044
0.19,0.02 ,0.956326, 0.0328226,0.0108513,0.0436739
0.2,0.02 ,0.955522, 0.0329248,0.0115531,0.0444779
0.21,0.02 ,0.954681, 0.0330279,0.0122908,0.0453186
0.22,0.02 ,0.953801, 0.0331318,0.0130669,0.0461987
0.23,0.02 ,0.952879, 0.0332367,0.0138842,0.0471209
0.24,0.02 ,0.951912, 0.0333425,0.0147457,0.0480882
0.25,0.02 ,0.950896, 0.0334491,0.0156547,0.0491039
0.26,0.02 ,0.949829, 0.0335568,0.0166147,0.0501715
0.27,0.02 ,0.948705, 0.0336653,0.0176298,0.0512951
0.28,0.02 ,0.947521, 0.0337748,0.0187041,0.0524789
0.29,0.02 ,0.946272, 0.0338852,0.0198426,0.0537278
0.3,0.02 ,0.944953, 0.0339966,0.0210505,0.0550471
0.31,0.02 ,0.943557, 0.034109,0.0223336,0.0564426
0.32,0.02 ,0.942079, 0.0342224,0.0236984,0.0579207
0.33,0.02 ,0.940511, 0.0343367,0.025152,0.0594887
0.34,0.02 ,0.938846, 0.034452,0.0267023,0.0611544
0.35,0.02 ,0.937073, 0.0345683,0.0283583,0.0629267
0.36,0.02 ,0.935185, 0.0346857,0.0301298,0.0648155
0.37,0.02 ,0.933168, 0.034804,0.0320277,0.0668317
0.38,0.02 ,0.931012, 0.0349234,0.0340643,0.0689877
0.39,0.02 ,0.928703, 0.0350438,0.0362534,0.0712972
0.4,0.02 ,0.926224, 0.0351652,0.0386103,0.0737755
0.41,0.02 ,0.92356, 0.0352877,0.0411522,0.0764399
0.42,0.02 ,0.92069, 0.0354113,0.0438983,0.0793096
0.43,0.02 ,0.917594, 0.0355359,0.0468702,0.0824061
0.44,0.02 ,0.914247, 0.0356615,0.0500919,0.0857535
0.45,0.02 ,0.910621, 0.0357882,0.0535903,0.0893785
0.46,0.02 ,0.906689, 0.035916,0.057395,0.0933111
0.47,0.02 ,0.902416, 0.0360449,0.0615391,0.097584
0.48,0.02 ,0.897766, 0.0361749,0.0660586,0.102234
0.49,0.02 ,0.892701, 0.036306,0.0709928,0.107299
0.5,0.02 ,0.887178, 0.0364381,0.076384,0.112822
0.51,0.02 ,0.881152, 0.0365714,0.0822765,0.118848
0.52,0.02 ,0.874578, 0.0367058,0.0887166,0.125422
0.53,0.02 ,0.867409, 0.0368413,0.0957502,0.132591
0.54,0.02 ,0.8596, 0.0369779,0.103422,0.1404
0.55,0.02 ,0.851113, 0.0371156,0.111771,0.148887
0.56,0.02 ,0.841914, 0.0372545,0.120831,0.158086
0.57,0.02 ,0.83198, 0.0373944,0.130625,0.16802
0.58,0.02 ,0.821302, 0.0375355,0.141162,0.178698
0.59,0.02 ,0.809887, 0.0376778,0.152435,0.190113
0.6,0.02 ,0.797758, 0.0378211,0.164421,0.202242
0.61,0.02 ,0.784958, 0.0379656,0.177077,0.215042
0.62,0.02 ,0.771544, 0.0381112,0.190345,0.228456
0.63,0.02 ,0.757588, 0.038258,0.204154,0.242412
0.64,0.02 ,0.743172, 0.0384059,0.218422,0.256828
0.65,0.02 ,0.728384, 0.0385549,0.233062,0.271616
0.66,0.02 ,0.713312, 0.038705,0.247983,0.286688
0.67,0.02 ,0.698044, 0.0388563,0.263099,0.301956
0.68,0.02 ,0.682662, 0.0390087,0.278329,0.317338
0.69,0.02 ,0.667241, 0.0391622,0.293596,0.332759
0.7,0.02 ,0.651848, 0.0393169,0.308835,0.348152
0.71,0.02 ,0.636541, 0.0394727,0.323986,0.363459
0.72,0.02 ,0.621371, 0.0396296,0.339,0.378629
0.73,0.02 ,0.606378, 0.0397876,0.353834,0.393622
0.74,0.02 ,0.591598, 0.0399468,0.368456,0.408402
0.75,0.02 ,0.577057, 0.040107,0.382836,0.422943
0.76,0.02 ,0.562779, 0.0402683,0.396953,0.437221
0.77,0.02 ,0.548779, 0.0404308,0.41079,0.451221
0.78,0.02 ,0.535071, 0.0405943,0.424335,0.464929
0.79,0.02 ,0.521662, 0.0407589,0.437579,0.478338
0.8,0.02 ,0.50856, 0.0409246,0.450515,0.49144
0.81,0.02 ,0.495767, 0.0410914,0.463142,0.504233
0.82,0.02 ,0.483283, 0.0412593,0.475457,0.516717
0.83,0.02 ,0.47111, 0.0414282,0.487462,0.52889
0.84,0.02 ,0.459244, 0.0415982,0.499158,0.540756
0.85,0.02 ,0.447682, 0.0417692,0.510549,0.552318
0.86,0.02 ,0.43642, 0.0419412,0.521639,0.56358
0.87,0.02 ,0.425453, 0.0421143,0.532433,0.574547
0.88,0.02 ,0.414776, 0.0422884,0.542936,0.585224
0.89,0.02 ,0.404383, 0.0424636,0.553153,0.595617
0.9,0.02 ,0.394268, 0.0426397,0.563093,0.605732
0.91,0.02 ,0.384424, 0.0428168,0.572759,0.615576
0.92,0.02 ,0.374845, 0.042995,0.58216,0.625155
0.93,0.02 ,0.365524, 0.043174,0.591302,0.634476
0.94,0.02 ,0.356454, 0.0433541,0.600191,0.643546
0.95,0.02 ,0.34763, 0.0435351,0.608835,0.65237
0.96,0.02 ,0.339044, 0.0437171,0.617239,0.660956
0.97,0.02 ,0.330689, 0.0439,0.625411,0.669311
0.98,0.02 ,0.322559, 0.0440839,0.633357,0.677441
0.99,0.02 ,0.314648, 0.0442687,0.641083,0.685352
1,0.02 ,0.30695, 0.0444543,0.648595,0.69305
0,0.03 ,0.966789, 0.0310501,0.00216114,0.0332112
0.01,0.03 ,0.966393, 0.0311371,0.00247037,0.0336075
0.02,0.03 ,0.965984, 0.0312248,0.00279166,0.0340165
0.03,0.03 ,0.965561, 0.0313133,0.00312563,0.0344389
0.04,0.03 ,0.965125, 0.0314024,0.00347294,0.0348754
0.05,0.03 ,0.964673, 0.0314924,0.00383428,0.0353267
0.06,0.03 ,0.964207, 0.0315831,0.00421042,0.0357935
0.07,0.03 ,0.963723, 0.0316745,0.00460214,0.0362767
0.08,0.03 ,0.963223, 0.0317668,0.00501031,0.0367771
0.09,0.03 ,0.962704, 0.0318598,0.00543585,0.0372956
0.1,0.03 ,0.962167, 0.0319536,0.00587974,0.0378333
0.11,0.03 ,0.961609, 0.0320482,0.00634305,0.0383912
0.12,0.03 ,0.961029, 0.0321436,0.00682691,0.0389705
0.13,0.03 ,0.960428, 0.0322398,0.00733255,0.0395724
0.14,0.03 ,0.959802, 0.0323369,0.00786128,0.0401982
0.15,0.03 ,0.959151, 0.0324348,0.00841454,0.0408493
0.16,0.03 ,0.958473, 0.0325335,0.00899387,0.0415273
0.17,0.03 ,0.957766, 0.032633,0.00960091,0.042234
0.18,0.03 ,0.957029, 0.0327335,0.0102375,0.042971
0.19,0.03 ,0.95626, 0.0328348,0.0109056,0.0437403
0.2,0.03 ,0.955456, 0.0329369,0.0116072,0.0445442
0.21,0.03 ,0.954615, 0.03304,0.0123448,0.0453848
0.22,0.03 ,0.953735, 0.0331439,0.0131208,0.0462647
0.23,0.03 ,0.952813, 0.0332488,0.013938,0.0471868
0.24,0.03 ,0.951846, 0.0333545,0.0147993,0.0481539
0.25,0.03 ,0.950831, 0.0334612,0.0157081,0.0491693
0.26,0.03 ,0.949763, 0.0335688,0.016668,0.0502368
0.27,0.03 ,0.94864, 0.0336773,0.0176828,0.0513601
0.28,0.03 ,0.947456, 0.0337868,0.0187569,0.0525437
0.29,0.03 ,0.946208, 0.0338972,0.0198952,0.0537924
0.3,0.03 ,0.944889, 0.0340086,0.0211028,0.0551114
0.31,0.03 ,0.943493, 0.0341209,0.0223856,0.0565066
0.32,0.03 ,0.942016, 0.0342343,0.0237501,0.0579844
0.33,0.03 ,0.940448, 0.0343486,0.0252034,0.0595519
0.34,0.03 ,0.938783, 0.0344639,0.0267534,0.0612172
0.35,0.03 ,0.937011, 0.0345802,0.0284089,0.0629891
0.36,0.03 ,0.935123, 0.0346975,0.0301799,0.0648774
0.37,0.03 ,0.933107, 0.0348158,0.0320773,0.0668932
0.38,0.03 ,0.930951, 0.0349352,0.0341134,0.0690486
0.39,0.03 ,0.928643, 0.0350555,0.0363019,0.0713574
0.4,0.03 ,0.926165, 0.035177,0.0386581,0.073835
0.41,0.03 ,0.923501, 0.0352994,0.0411992,0.0764986
0.42,0.03 ,0.920633, 0.0354229,0.0439444,0.0793673
0.43,0.03 ,0.917537, 0.0355475,0.0469153,0.0824628
0.44,0.03 ,0.914191, 0.0356731,0.050136,0.0858091
0.45,0.03 ,0.910567, 0.0357998,0.0536331,0.0894329
0.46,0.03 ,0.906636, 0.0359276,0.0574365,0.0933641
0.47,0.03 ,0.902365, 0.0360565,0.061579,0.0976354
0.48,0.03 ,0.897717, 0.0361864,0.0660967,0.102283
0.49,0.03 ,0.892654, 0.0363175,0.071029,0.107346
0.5,0.03 ,0.887132, 0.0364496,0.0764179,0.112868
0.51,0.03 ,0.881109, 0.0365828,0.0823081,0.118891
0.52,0.03 ,0.874537, 0.0367172,0.0887454,0.125463
0.53,0.03 ,0.867371, 0.0368526,0.095776,0.132629
0.54,0.03 ,0.859567, 0.0369892,0.103444,0.140433
0.55,0.03 ,0.851083, 0.0371269,0.11179,0.148917
0.56,0.03 ,0.841888, 0.0372657,0.120846,0.158112
0.57,0.03 ,0.831958, 0.0374057,0.130636,0.168042
0.58,0.03 ,0.821285, 0.0375467,0.141169,0.178715
0.59,0.03 ,0.809874, 0.0376889,0.152437,0.190126
0.6,0.03 ,0.797749, 0.0378322,0.164418,0.202251
0.61,0.03 ,0.784953, 0.0379767,0.17707,0.215047
0.62,0.03 ,0.771543, 0.0381223,0.190334,0.228457
0.63,0.03 ,0.757592, 0.038269,0.204139,0.242408
0.64,0.03 ,0.74318, 0.0384169,0.218404,0.25682
0.65,0.03 ,0.728395, 0.0385658,0.233039,0.271605
0.66,0.03 ,0.713327, 0.038716,0.247957,0.286673
0.67,0.03 ,0.698062, 0.0388672,0.263071,0.301938
0.68,0.03 ,0.682683, 0.0390196,0.278298,0.317317
0.69,0.03 ,0.667264, 0.0391731,0.293563,0.332736
0.7,0.03 ,0.651873, 0.0393277,0.3088,0.348127
0.71,0.03 ,0.636568, 0.0394835,0.323949,0.363432
0.72,0.03 ,0.621398, 0.0396403,0.338961,0.378602
0.73,0.03 ,0.606407, 0.0397983,0.353795,0.393593
0.74,0.03 ,0.591627, 0.0399574,0.368415,0.408373
0.75,0.03 ,0.577088, 0.0401176,0.382795,0.422912
0.76,0.03 ,0.56281, 0.0402789,0.396911,0.43719
0.77,0.03 ,0.548811, 0.0404413,0.410748,0.451189
0.78,0.03 ,0.535103, 0.0406048,0.424292,0.464897
0.79,0.03 ,0.521695, 0.0407694,0.437536,0.478305
0.8,0.03 ,0.508593, 0.0409351,0.450472,0.491407
0.81,0.03 ,0.4958, 0.0411018,0.463099,0.5042
0.82,0.03 ,0.483317, 0.0412696,0.475414,0.516683
0.83,0.03 ,0.471143, 0.0414385,0.487419,0.528857
0.84,0.03 ,0.459277, 0.0416084,0.499115,0.540723
0.85,0.03 ,0.447714, 0.0417794,0.510506,0.552286
0.86,0.03 ,0.436452, 0.0419514,0.521596,0.563548
0.87,0.03 ,0.425485, 0.0421245,0.53239,0.574515
0.88,0.03 ,0.414808, 0.0422986,0.542893,0.585192
0.89,0.03 ,0.404415, 0.0424737,0.553111,0.595585
0.9,0.03 ,0.3943, 0.0426497,0.563051,0.6057
0.91,0.03 ,0.384455, 0.0428268,0.572718,0.615545
0.92,0.03 ,0.374876, 0.0430049,0.582119,0.625124
0.93,0.03 ,0.365555, 0.043184,0.591261,0.634445
0.94,0.03 ,0.356485, 0.043364,0.600151,0.643515
0.95,0.03 ,0.34766, 0.043545,0.608795,0.65234
0.96,0.03 ,0.339074, 0.0437269,0.617199,0.660926
0.97,0.03 ,0.330719, 0.0439098,0.625372,0.669281
0.98,0.03 ,0.322589, 0.0440936,0.633318,0.677411
0.99,0.03 ,0.314678, 0.0442784,0.641044,0.685322
1,0.03 ,0.306979, 0.044464,0.648557,0.693021
0,0.04 ,0.966719, 0.0310627,0.00221841,0.0332811
0.01,0.04 ,0.966323, 0.0311497,0.0025276,0.0336773
0.02,0.04 ,0.965914, 0.0312374,0.00284886,0.0340862
0.03,0.04 ,0.965491, 0.0313258,0.00318279,0.0345086
0.04,0.04 ,0.965055, 0.031415,0.00353006,0.034945
0.05,0.04 ,0.964604, 0.0315049,0.00389136,0.0353963
0.06,0.04 ,0.964137, 0.0315956,0.00426744,0.035863
0.07,0.04 ,0.963654, 0.031687,0.00465912,0.0363461
0.08,0.04 ,0.963154, 0.0317792,0.00506724,0.0368465
0.09,0.04 ,0.962635, 0.0318722,0.00549272,0.037365
0.1,0.04 ,0.962097, 0.031966,0.00593655,0.0379026
0.11,0.04 ,0.96154, 0.0320606,0.0063998,0.0384604
0.12,0.04 ,0.96096, 0.032156,0.00688359,0.0390396
0.13,0.04 ,0.960359, 0.0322522,0.00738916,0.0396414
0.14,0.04 ,0.959733, 0.0323492,0.00791782,0.0402671
0.15,0.04 ,0.959082, 0.0324471,0.008471,0.0409181
0.16,0.04 ,0.958404, 0.0325458,0.00905023,0.041596
0.17,0.04 ,0.957697, 0.0326454,0.00965719,0.0423026
0.18,0.04 ,0.956961, 0.0327458,0.0102937,0.0430394
0.19,0.04 ,0.956191, 0.0328471,0.0109616,0.0438087
0.2,0.04 ,0.955388, 0.0329492,0.0116632,0.0446124
0.21,0.04 ,0.954547, 0.0330522,0.0124006,0.0454529
0.22,0.04 ,0.953667, 0.0331562,0.0131765,0.0463327
0.23,0.04 ,0.952745, 0.033261,0.0139935,0.0472545
0.24,0.04 ,0.951779, 0.0333667,0.0148547,0.0482214
0.25,0.04 ,0.950763, 0.0334734,0.0157633,0.0492367
0.26,0.04 ,0.949696, 0.0335809,0.016723,0.0503039
0.27,0.04 ,0.948573, 0.0336894,0.0177376,0.0514271
0.28,0.04 ,0.94739, 0.0337989,0.0188115,0.0526104
0.29,0.04 ,0.946141, 0.0339093,0.0199496,0.0538588
0.3,0.04 ,0.944822, 0.0340207,0.0211569,0.0551776
0.31,0.04 ,0.943428, 0.034133,0.0224394,0.0565724
0.32,0.04 ,0.94195, 0.0342463,0.0238036,0.0580499
0.33,0.04 ,0.940383, 0.0343606,0.0252565,0.0596171
0.34,0.04 ,0.938718, 0.0344758,0.0268061,0.061282
0.35,0.04 ,0.936947, 0.0345921,0.0284613,0.0630534
0.36,0.04 ,0.935059, 0.0347094,0.0302318,0.0649412
0.37,0.04 ,0.933044, 0.0348277,0.0321287,0.0669564
0.38,0.04 ,0.930889, 0.034947,0.0341642,0.0691112
0.39,0.04 ,0.928581, 0.0350674,0.036352,0.0714194
0.4,0.04 ,0.926104, 0.0351888,0.0387075,0.0738962
0.41,0.04 ,0.923441, 0.0353112,0.0412478,0.076559
0.42,0.04 ,0.920573, 0.0354347,0.0439921,0.0794268
0.43,0.04 ,0.917479, 0.0355592,0.0469621,0.0825213
0.44,0.04 ,0.914134, 0.0356848,0.0501816,0.0858664
0.45,0.04 ,0.910511, 0.0358115,0.0536774,0.0894889
0.46,0.04 ,0.906581, 0.0359393,0.0574794,0.0934186
0.47,0.04 ,0.902312, 0.0360681,0.0616203,0.0976884
0.48,0.04 ,0.897666, 0.036198,0.0661363,0.102334
0.49,0.04 ,0.892604, 0.036329,0.0710665,0.107396
0.5,0.04 ,0.887086, 0.0364611,0.0764532,0.112914
0.51,0.04 ,0.881065, 0.0365944,0.0823408,0.118935
0.52,0.04 ,0.874496, 0.0367287,0.0887754,0.125504
0.53,0.04 ,0.867333, 0.0368641,0.0958029,0.132667
0.54,0.04 ,0.859532, 0.0370006,0.103468,0.140468
0.55,0.04 ,0.851052, 0.0371383,0.11181,0.148948
0.56,0.04 ,0.841861, 0.0372771,0.120862,0.158139
0.57,0.04 ,0.831935, 0.037417,0.130648,0.168065
0.58,0.04 ,0.821266, 0.037558,0.141176,0.178734
0.59,0.04 ,0.80986, 0.0377002,0.15244,0.19014
0.6,0.04 ,0.79774, 0.0378435,0.164417,0.20226
0.61,0.04 ,0.784948, 0.0379879,0.177064,0.215052
0.62,0.04 ,0.771543, 0.0381335,0.190324,0.228457
0.63,0.04 ,0.757595, 0.0382801,0.204124,0.242405
0.64,0.04 ,0.743187, 0.038428,0.218385,0.256813
0.65,0.04 ,0.728406, 0.0385769,0.233017,0.271594
0.66,0.04 ,0.713342, 0.038727,0.247932,0.286658
0.67,0.04 ,0.69808, 0.0388782,0.263042,0.30192
0.68,0.04 ,0.682703, 0.0390305,0.278266,0.317297
0.69,0.04 ,0.667287, 0.039184,0.293529,0.332713
0.7,0.04 ,0.651898, 0.0393386,0.308764,0.348102
0.71,0.04 ,0.636594, 0.0394943,0.323911,0.363406
0.72,0.04 ,0.621426, 0.0396512,0.338922,0.378574
0.73,0.04 ,0.606436, 0.0398091,0.353755,0.393564
0.74,0.04 ,0.591658, 0.0399682,0.368374,0.408342
0.75,0.04 ,0.577119, 0.0401283,0.382752,0.422881
0.76,0.04 ,0.562842, 0.0402896,0.396868,0.437158
0.77,0.04 ,0.548844, 0.040452,0.410704,0.451156
0.78,0.04 ,0.535136, 0.0406154,0.424249,0.464864
0.79,0.04 ,0.521728, 0.04078,0.437492,0.478272
0.8,0.04 ,0.508626, 0.0409456,0.450428,0.491374
0.81,0.04 ,0.495833, 0.0411123,0.463054,0.504167
0.82,0.04 ,0.48335, 0.0412801,0.47537,0.51665
0.83,0.04 ,0.471177, 0.0414489,0.487374,0.528823
0.84,0.04 ,0.45931, 0.0416188,0.499071,0.54069
0.85,0.04 ,0.447748, 0.0417898,0.510462,0.552252
0.86,0.04 ,0.436486, 0.0419617,0.521552,0.563514
0.87,0.04 ,0.425519, 0.0421347,0.532346,0.574481
0.88,0.04 ,0.414841, 0.0423088,0.54285,0.585159
0.89,0.04 ,0.404448, 0.0424838,0.553068,0.595552
0.9,0.04 ,0.394332, 0.0426599,0.563008,0.605668
0.91,0.04 ,0.384488, 0.0428369,0.572675,0.615512
0.92,0.04 ,0.374908, 0.043015,0.582077,0.625092
0.93,0.04 ,0.365587, 0.043194,0.591219,0.634413
0.94,0.04 ,0.356517, 0.043374,0.600109,0.643483
0.95,0.04 ,0.347692, 0.0435549,0.608754,0.652308
0.96,0.04 ,0.339104, 0.0437368,0.617159,0.660896
0.97,0.04 ,0.330749, 0.0439197,0.625331,0.669251
0.98,0.04 ,0.322619, 0.0441034,0.633278,0.677381
0.99,0.04 ,0.314707, 0.0442881,0.641005,0.685293
1,0.04 ,0.307008, 0.0444737,0.648518,0.692992
0,0.05 ,0.966647, 0.0310754,0.0022776,0.033353
0.01,0.05 ,0.966251, 0.0311624,0.00258676,0.0337491
0.02,0.05 ,0.965842, 0.0312501,0.00290798,0.034158
0.03,0.05 ,0.96542, 0.0313385,0.00324187,0.0345803
0.04,0.05 ,0.964983, 0.0314276,0.00358909,0.0350167
0.05,0.05 ,0.964532, 0.0315175,0.00395035,0.0354679
0.06,0.05 ,0.964065, 0.0316082,0.00432639,0.0359346
0.07,0.05 ,0.963582, 0.0316996,0.00471801,0.0364176
0.08,0.05 ,0.963082, 0.0317918,0.00512607,0.0369179
0.09,0.05 ,0.962564, 0.0318848,0.0055515,0.0374363
0.1,0.05 ,0.962026, 0.0319786,0.00599527,0.0379739
0.11,0.05 ,0.961468, 0.0320732,0.00645845,0.0385316
0.12,0.05 ,0.960889, 0.0321685,0.00694218,0.0391107
0.13,0.05 ,0.960288, 0.0322647,0.00744767,0.0397124
0.14,0.05 ,0.959662, 0.0323617,0.00797625,0.040338
0.15,0.05 ,0.959011, 0.0324596,0.00852935,0.0409889
0.16,0.05 ,0.958333, 0.0325583,0.00910849,0.0416668
0.17,0.05 ,0.957627, 0.0326578,0.00971535,0.0423732
0.18,0.05 ,0.95689, 0.0327582,0.0103517,0.0431099
0.19,0.05 ,0.956121, 0.0328595,0.0110196,0.043879
0.2,0.05 ,0.955317, 0.0329616,0.011721,0.0446826
0.21,0.05 ,0.954477, 0.0330646,0.0124583,0.0455229
0.22,0.05 ,0.953597, 0.0331685,0.0132341,0.0464026
0.23,0.05 ,0.952676, 0.0332733,0.0140509,0.0473242
0.24,0.05 ,0.951709, 0.033379,0.014912,0.048291
0.25,0.05 ,0.950694, 0.0334856,0.0158204,0.0493061
0.26,0.05 ,0.949627, 0.0335932,0.0167799,0.0503731
0.27,0.05 ,0.948504, 0.0337017,0.0177943,0.051496
0.28,0.05 ,0.947321, 0.0338111,0.018868,0.0526791
0.29,0.05 ,0.946073, 0.0339215,0.0200058,0.0539272
0.3,0.05 ,0.944754, 0.0340328,0.0212128,0.0552457
0.31,0.05 ,0.94336, 0.0341451,0.0224951,0.0566402
0.32,0.05 ,0.941883, 0.0342584,0.0238589,0.0581173
0.33,0.05 ,0.940316, 0.0343727,0.0253114,0.0596841
0.34,0.05 ,0.938651, 0.0344879,0.0268607,0.0613486
0.35,0.05 ,0.93688, 0.0346042,0.0285154,0.0631196
0.36,0.05 ,0.934993, 0.0347214,0.0302854,0.0650069
0.37,0.05 ,0.932978, 0.0348397,0.0321818,0.0670215
0.38,0.05 ,0.930824, 0.034959,0.0342167,0.0691757
0.39,0.05 ,0.928517, 0.0350793,0.0364038,0.0714832
0.4,0.05 ,0.926041, 0.0352007,0.0387586,0.0739593
0.41,0.05 ,0.923379, 0.0353231,0.0412981,0.0766212
0.42,0.05 ,0.920512, 0.0354466,0.0440415,0.0794881
0.43,0.05 ,0.917418, 0.0355711,0.0470104,0.0825815
0.44,0.05 ,0.914075, 0.0356967,0.0502288,0.0859255
0.45,0.05 ,0.910453, 0.0358233,0.0537234,0.0895467
0.46,0.05 ,0.906525, 0.035951,0.0575239,0.0934749
0.47,0.05 ,0.902257, 0.0360798,0.0616632,0.097743
0.48,0.05 ,0.897613, 0.0362097,0.0661773,0.102387
0.49,0.05 ,0.892554, 0.0363407,0.0711055,0.107446
0.5,0.05 ,0.887037, 0.0364728,0.0764899,0.112963
0.51,0.05 ,0.881019, 0.036606,0.0823749,0.118981
0.52,0.05 ,0.874453, 0.0367403,0.0888066,0.125547
0.53,0.05 ,0.867293, 0.0368757,0.0958309,0.132707
0.54,0.05 ,0.859496, 0.0370122,0.103492,0.140504
0.55,0.05 ,0.85102, 0.0371498,0.111831,0.14898
0.56,0.05 ,0.841832, 0.0372886,0.120879,0.158168
0.57,0.05 ,0.831911, 0.0374284,0.13066,0.168089
0.58,0.05 ,0.821247, 0.0375694,0.141184,0.178753
0.59,0.05 ,0.809845, 0.0377116,0.152443,0.190155
0.6,0.05 ,0.79773, 0.0378548,0.164415,0.20227
0.61,0.05 ,0.784943, 0.0379992,0.177058,0.215057
0.62,0.05 ,0.771542, 0.0381447,0.190313,0.228458
0.63,0.05 ,0.757599, 0.0382914,0.20411,0.242401
0.64,0.05 ,0.743195, 0.0384392,0.218366,0.256805
0.65,0.05 ,0.728418, 0.0385881,0.232994,0.271582
0.66,0.05 ,0.713357, 0.0387381,0.247905,0.286643
0.67,0.05 ,0.698098, 0.0388893,0.263013,0.301902
0.68,0.05 ,0.682724, 0.0390416,0.278234,0.317276
0.69,0.05 ,0.66731, 0.039195,0.293495,0.33269
0.7,0.05 ,0.651923, 0.0393496,0.308727,0.348077
0.71,0.05 ,0.636621, 0.0395053,0.323873,0.363379
0.72,0.05 ,0.621455, 0.0396621,0.338883,0.378545
0.73,0.05 ,0.606466, 0.03982,0.353714,0.393534
0.74,0.05 ,0.591689, 0.039979,0.368332,0.408311
0.75,0.05 ,0.577151, 0.0401391,0.38271,0.422849
0.76,0.05 ,0.562875, 0.0403004,0.396825,0.437125
0.77,0.05 ,0.548877, 0.0404627,0.41066,0.451123
0.78,0.05 ,0.53517, 0.0406261,0.424204,0.46483
0.79,0.05 ,0.521762, 0.0407906,0.437447,0.478238
0.8,0.05 ,0.508661, 0.0409562,0.450383,0.491339
0.81,0.05 ,0.495868, 0.0411229,0.463009,0.504132
0.82,0.05 ,0.483385, 0.0412906,0.475325,0.516615
0.83,0.05 ,0.471211, 0.0414594,0.487329,0.528789
0.84,0.05 ,0.459345, 0.0416293,0.499026,0.540655
0.85,0.05 ,0.447783, 0.0418002,0.510417,0.552217
0.86,0.05 ,0.43652, 0.0419721,0.521508,0.56348
0.87,0.05 ,0.425553, 0.0421451,0.532302,0.574447
0.88,0.05 ,0.414875, 0.0423191,0.542806,0.585125
0.89,0.05 ,0.404482, 0.0424941,0.553024,0.595518
0.9,0.05 ,0.394366, 0.0426701,0.562964,0.605634
0.91,0.05 ,0.384521, 0.0428471,0.572632,0.615479
0.92,0.05 ,0.374941, 0.0430251,0.582034,0.625059
0.93,0.05 ,0.365619, 0.0432041,0.591177,0.634381
0.94,0.05 ,0.356549, 0.043384,0.600067,0.643451
0.95,0.05 ,0.347723, 0.0435649,0.608712,0.652277
0.96,0.05 ,0.339136, 0.0437468,0.617117,0.660864
0.97,0.05 ,0.33078, 0.0439296,0.62529,0.66922
0.98,0.05 ,0.32265, 0.0441133,0.633237,0.67735
0.99,0.05 ,0.314738, 0.044298,0.640964,0.685262
1,0.05 ,0.307038, 0.0444835,0.648478,0.692962
0,0.06 ,0.966573, 0.0310882,0.0023388,0.0334271
0.01,0.06 ,0.966177, 0.0311752,0.00264793,0.0338231
0.02,0.06 ,0.965768, 0.0312629,0.00296911,0.034232
0.03,0.06 ,0.965346, 0.0313513,0.00330296,0.0346542
0.04,0.06 ,0.964909, 0.0314404,0.00365014,0.0350905
0.05,0.06 ,0.964458, 0.0315303,0.00401134,0.0355416
0.06,0.06 ,0.963992, 0.0316209,0.00438733,0.0360083
0.07,0.06 ,0.963509, 0.0317124,0.0047789,0.0364913
0.08,0.06 ,0.963009, 0.0318045,0.00518691,0.0369915
0.09,0.06 ,0.96249, 0.0318975,0.00561228,0.0375098
0.1,0.06 ,0.961953, 0.0319913,0.00605599,0.0380473
0.11,0.06 ,0.961395, 0.0320858,0.00651911,0.0386049
0.12,0.06 ,0.960816, 0.0321812,0.00700276,0.0391839
0.13,0.06 ,0.960214, 0.0322774,0.00750818,0.0397855
0.14,0.06 ,0.959589, 0.0323743,0.00803668,0.040411
0.15,0.06 ,0.958938, 0.0324722,0.00858969,0.0410619
0.16,0.06 ,0.95826, 0.0325708,0.00916874,0.0417396
0.17,0.06 ,0.957554, 0.0326704,0.0097755,0.0424459
0.18,0.06 ,0.956818, 0.0327707,0.0104118,0.0431825
0.19,0.06 ,0.956049, 0.032872,0.0110795,0.0439515
0.2,0.06 ,0.955245, 0.0329741,0.0117808,0.0447549
0.21,0.06 ,0.954405, 0.0330771,0.012518,0.0455951
0.22,0.06 ,0.953525, 0.033181,0.0132936,0.0464745
0.23,0.06 ,0.952604, 0.0332857,0.0141103,0.0473961
0.24,0.06 ,0.951637, 0.0333914,0.0149712,0.0483626
0.25,0.06 ,0.950623, 0.033498,0.0158795,0.0493775
0.26,0.06 ,0.949556, 0.0336056,0.0168387,0.0504443
0.27,0.06 ,0.948433, 0.033714,0.0178529,0.0515669
0.28,0.06 ,0.94725, 0.0338234,0.0189264,0.0527498
0.29,0.06 ,0.946002, 0.0339338,0.0200639,0.0539977
0.3,0.06 ,0.944684, 0.0340451,0.0212707,0.0553158
0.31,0.06 ,0.94329, 0.0341574,0.0225526,0.05671
0.32,0.06 ,0.941813, 0.0342706,0.0239161,0.0581868
0.33,0.06 ,0.940247, 0.0343849,0.0253683,0.0597532
0.34,0.06 ,0.938583, 0.0345001,0.0269171,0.0614172
0.35,0.06 ,0.936812, 0.0346163,0.0285714,0.0631878
0.36,0.06 ,0.934925, 0.0347336,0.030341,0.0650745
0.37,0.06 ,0.932911, 0.0348518,0.0322368,0.0670886
0.38,0.06 ,0.930758, 0.0349711,0.0342711,0.0692422
0.39,0.06 ,0.928451, 0.0350914,0.0364575,0.071549
0.4,0.06 ,0.925976, 0.0352127,0.0388115,0.0740243
0.41,0.06 ,0.923315, 0.0353351,0.0413502,0.0766853
0.42,0.06 ,0.920449, 0.0354586,0.0440927,0.0795513
0.43,0.06 ,0.917356, 0.035583,0.0470606,0.0826436
0.44,0.06 ,0.914014, 0.0357086,0.0502777,0.0859863
0.45,0.06 ,0.910394, 0.0358352,0.053771,0.0896062
0.46,0.06 ,0.906467, 0.0359629,0.05757,0.0935329
0.47,0.06 ,0.902201, 0.0360917,0.0617076,0.0977993
0.48,0.06 ,0.897559, 0.0362215,0.0662199,0.102441
0.49,0.06 ,0.892502, 0.0363525,0.071146,0.107498
0.5,0.06 ,0.886987, 0.0364846,0.076528,0.113013
0.51,0.06 ,0.880972, 0.0366177,0.0824104,0.119028
0.52,0.06 ,0.874409, 0.036752,0.0888391,0.125591
0.53,0.06 ,0.867252, 0.0368873,0.0958602,0.132748
0.54,0.06 ,0.859458, 0.0370238,0.103518,0.140542
0.55,0.06 ,0.850986, 0.0371614,0.111852,0.149014
0.56,0.06 ,0.841803, 0.0373001,0.120897,0.158197
0.57,0.06 ,0.831887, 0.03744,0.130674,0.168113
0.58,0.06 ,0.821227, 0.037581,0.141192,0.178773
0.59,0.06 ,0.80983, 0.0377231,0.152447,0.19017
0.6,0.06 ,0.797719, 0.0378663,0.164414,0.202281
0.61,0.06 ,0.784937, 0.0380106,0.177052,0.215063
0.62,0.06 ,0.771541, 0.0381561,0.190303,0.228459
0.63,0.06 ,0.757603, 0.0383027,0.204095,0.242397
0.64,0.06 ,0.743203, 0.0384505,0.218347,0.256797
0.65,0.06 ,0.72843, 0.0385994,0.232971,0.27157
0.66,0.06 ,0.713372, 0.0387494,0.247879,0.286628
0.67,0.06 ,0.698116, 0.0389005,0.262983,0.301884
0.68,0.06 ,0.682745, 0.0390528,0.278202,0.317255
0.69,0.06 ,0.667334, 0.0392062,0.29346,0.332666
0.7,0.06 ,0.651949, 0.0393607,0.30869,0.348051
0.71,0.06 ,0.636649, 0.0395163,0.323834,0.363351
0.72,0.06 ,0.621485, 0.0396731,0.338842,0.378515
0.73,0.06 ,0.606497, 0.039831,0.353672,0.393503
0.74,0.06 ,0.591721, 0.03999,0.368289,0.408279
0.75,0.06 ,0.577184, 0.04015,0.382666,0.422816
0.76,0.06 ,0.562908, 0.0403112,0.39678,0.437092
0.77,0.06 ,0.548911, 0.0404735,0.410616,0.451089
0.78,0.06 ,0.535204, 0.0406369,0.424159,0.464796
0.79,0.06 ,0.521797, 0.0408014,0.437401,0.478203
0.8,0.06 ,0.508696, 0.0409669,0.450337,0.491304
0.81,0.06 ,0.495903, 0.0411336,0.462963,0.504097
0.82,0.06 ,0.48342, 0.0413013,0.475278,0.51658
0.83,0.06 ,0.471247, 0.04147,0.487283,0.528753
0.84,0.06 ,0.45938, 0.0416398,0.49898,0.54062
0.85,0.06 ,0.447818, 0.0418107,0.510372,0.552182
0.86,0.06 ,0.436555, 0.0419826,0.521462,0.563445
0.87,0.06 ,0.425588, 0.0421555,0.532257,0.574412
0.88,0.06 ,0.41491, 0.0423295,0.54276,0.58509
0.89,0.06 ,0.404516, 0.0425044,0.552979,0.595484
0.9,0.06 ,0.3944, 0.0426804,0.56292,0.6056
0.91,0.06 ,0.384555, 0.0428574,0.572588,0.615445
0.92,0.06 ,0.374975, 0.0430353,0.58199,0.625025
0.93,0.06 ,0.365653, 0.0432143,0.591133,0.634347
0.94,0.06 ,0.356582, 0.0433942,0.600024,0.643418
0.95,0.06 ,0.347756, 0.043575,0.608669,0.652244
0.96,0.06 ,0.339168, 0.0437569,0.617075,0.660832
0.97,0.06 ,0.330812, 0.0439396,0.625248,0.669188
0.98,0.06 ,0.322681, 0.0441233,0.633195,0.677319
0.99,0.06 ,0.314769, 0.0443079,0.640923,0.685231
1,0.06 ,0.307069, 0.0444934,0.648437,0.692931
0,0.07 ,0.966497, 0.0311012,0.00240213,0.0335033
0.01,0.07 ,0.966101, 0.0311881,0.00271121,0.0338993
0.02,0.07 ,0.965692, 0.0312758,0.00303235,0.0343081
0.03,0.07 ,0.96527, 0.0313642,0.00336616,0.0347303
0.04,0.07 ,0.964833, 0.0314533,0.00371329,0.0351666
0.05,0.07 ,0.964382, 0.0315432,0.00407445,0.0356176
0.06,0.07 ,0.963916, 0.0316338,0.00445039,0.0360842
0.07,0.07 ,0.963433, 0.0317252,0.00484191,0.0365671
0.08,0.07 ,0.962933, 0.0318174,0.00524986,0.0370672
0.09,0.07 ,0.962415, 0.0319103,0.00567517,0.0375855
0.1,0.07 ,0.961877, 0.0320041,0.00611881,0.0381229
0.11,0.07 ,0.96132, 0.0320986,0.00658186,0.0386805
0.12,0.07 ,0.960741, 0.0321939,0.00706544,0.0392594
0.13,0.07 ,0.960139, 0.0322901,0.00757078,0.0398609
0.14,0.07 ,0.959514, 0.0323871,0.0080992,0.0404863
0.15,0.07 ,0.958863, 0.0324849,0.00865212,0.041137
0.16,0.07 ,0.958185, 0.0325835,0.00923108,0.0418146
0.17,0.07 ,0.957479, 0.032683,0.00983773,0.0425208
0.18,0.07 ,0.956743, 0.0327834,0.0104739,0.0432573
0.19,0.07 ,0.955974, 0.0328846,0.0111415,0.0440261
0.2,0.07 ,0.955171, 0.0329867,0.0118427,0.0448294
0.21,0.07 ,0.954331, 0.0330897,0.0125797,0.0456694
0.22,0.07 ,0.953451, 0.0331935,0.0133552,0.0465487
0.23,0.07 ,0.95253, 0.0332983,0.0141718,0.0474701
0.24,0.07 ,0.951564, 0.033404,0.0150325,0.0484364
0.25,0.07 ,0.950549, 0.0335105,0.0159405,0.0494511
0.26,0.07 ,0.949482, 0.0336181,0.0168996,0.0505177
0.27,0.07 ,0.94836, 0.0337265,0.0179136,0.0516401
0.28,0.07 ,0.947177, 0.0338359,0.0189868,0.0528227
0.29,0.07 ,0.94593, 0.0339462,0.0201241,0.0540703
0.3,0.07 ,0.944612, 0.0340575,0.0213306,0.0553881
0.31,0.07 ,0.943218, 0.0341698,0.0226122,0.056782
0.32,0.07 ,0.941742, 0.034283,0.0239753,0.0582584
0.33,0.07 ,0.940176, 0.0343972,0.0254272,0.0598244
0.34,0.07 ,0.938512, 0.0345124,0.0269756,0.061488
0.35,0.07 ,0.936742, 0.0346286,0.0286294,0.063258
0.36,0.07 ,0.934856, 0.0347458,0.0303984,0.0651443
0.37,0.07 ,0.932842, 0.0348641,0.0322937,0.0671578
0.38,0.07 ,0.930689, 0.0349833,0.0343274,0.0693107
0.39,0.07 ,0.928383, 0.0351036,0.0365132,0.0716168
0.4,0.07 ,0.925909, 0.0352249,0.0388664,0.0740913
0.41,0.07 ,0.923249, 0.0353473,0.0414042,0.0767515
0.42,0.07 ,0.920384, 0.0354707,0.0441458,0.0796164
0.43,0.07 ,0.917292, 0.0355951,0.0471125,0.0827077
0.44,0.07 ,0.913951, 0.0357206,0.0503285,0.0860492
0.45,0.07 ,0.910332, 0.0358472,0.0538204,0.0896676
0.46,0.07 ,0.906407, 0.0359749,0.0576179,0.0935928
0.47,0.07 ,0.902143, 0.0361036,0.0617538,0.0978575
0.48,0.07 ,0.897502, 0.0362335,0.0662641,0.102498
0.49,0.07 ,0.892448, 0.0363644,0.0711881,0.107552
0.5,0.07 ,0.886936, 0.0364964,0.0765677,0.113064
0.51,0.07 ,0.880923, 0.0366296,0.0824474,0.119077
0.52,0.07 ,0.874363, 0.0367638,0.0888731,0.125637
0.53,0.07 ,0.86721, 0.0368991,0.0958908,0.13279
0.54,0.07 ,0.85942, 0.0370356,0.103545,0.14058
0.55,0.07 ,0.850951, 0.0371731,0.111875,0.149049
0.56,0.07 ,0.841773, 0.0373118,0.120915,0.158227
0.57,0.07 ,0.831861, 0.0374516,0.130688,0.168139
0.58,0.07 ,0.821206, 0.0375926,0.141202,0.178794
0.59,0.07 ,0.809814, 0.0377346,0.152452,0.190186
0.6,0.07 ,0.797708, 0.0378778,0.164414,0.202292
0.61,0.07 ,0.784931, 0.0380222,0.177047,0.215069
0.62,0.07 ,0.77154, 0.0381676,0.190292,0.22846
0.63,0.07 ,0.757606, 0.0383142,0.20408,0.242394
0.64,0.07 ,0.743211, 0.0384619,0.218328,0.256789
0.65,0.07 ,0.728441, 0.0386107,0.232948,0.271559
0.66,0.07 ,0.713387, 0.0387607,0.247852,0.286613
0.67,0.07 ,0.698135, 0.0389118,0.262953,0.301865
0.68,0.07 ,0.682767, 0.0390641,0.278169,0.317233
0.69,0.07 ,0.667358, 0.0392174,0.293425,0.332642
0.7,0.07 ,0.651975, 0.0393719,0.308653,0.348025
0.71,0.07 ,0.636678, 0.0395275,0.323795,0.363322
0.72,0.07 ,0.621515, 0.0396842,0.338801,0.378485
0.73,0.07 ,0.606528, 0.0398421,0.35363,0.393472
0.74,0.07 ,0.591753, 0.040001,0.368246,0.408247
0.75,0.07 ,0.577217, 0.0401611,0.382622,0.422783
0.76,0.07 ,0.562943, 0.0403222,0.396735,0.437057
0.77,0.07 ,0.548946, 0.0404845,0.41057,0.451054
0.78,0.07 ,0.53524, 0.0406478,0.424113,0.46476
0.79,0.07 ,0.521833, 0.0408122,0.437355,0.478167
0.8,0.07 ,0.508732, 0.0409778,0.45029,0.491268
0.81,0.07 ,0.495939, 0.0411443,0.462916,0.504061
0.82,0.07 ,0.483456, 0.041312,0.475232,0.516544
0.83,0.07 ,0.471283, 0.0414807,0.487236,0.528717
0.84,0.07 ,0.459416, 0.0416505,0.498933,0.540584
0.85,0.07 ,0.447854, 0.0418213,0.510325,0.552146
0.86,0.07 ,0.436591, 0.0419932,0.521416,0.563409
0.87,0.07 ,0.425624, 0.042166,0.53221,0.574376
0.88,0.07 ,0.414946, 0.04234,0.542714,0.585054
