Betamv, Betapv,V,Rs,Rv,P
0,0 ,0.956588, 0.0414118,0.002,0.0434118
0.01,0 ,0.956571, 0.0414133,0.00201598,0.0434292
0.02,0 ,0.956553, 0.0414147,0.0020324,0.0434471
0.03,0 ,0.956535, 0.0414162,0.00204928,0.0434654
0.04,0 ,0.956516, 0.0414176,0.00206664,0.0434843
0.05,0 ,0.956496, 0.0414191,0.0020845,0.0435036
0.06,0 ,0.956476, 0.0414206,0.0021029,0.0435235
0.07,0 ,0.956456, 0.0414222,0.00212184,0.043544
0.08,0 ,0.956435, 0.0414237,0.00214137,0.0435651
0.09,0 ,0.956413, 0.0414253,0.00216152,0.0435868
0.1,0 ,0.956391, 0.0414269,0.00218231,0.0436092
0.11,0 ,0.956368, 0.0414285,0.00220378,0.0436323
0.12,0 ,0.956344, 0.0414302,0.00222597,0.0436561
0.13,0 ,0.956319, 0.0414318,0.00224892,0.0436808
0.14,0 ,0.956294, 0.0414335,0.00227267,0.0437062
0.15,0 ,0.956267, 0.0414353,0.00229727,0.0437325
0.16,0 ,0.95624, 0.041437,0.00232277,0.0437598
0.17,0 ,0.956212, 0.0414388,0.00234923,0.043788
0.18,0 ,0.956183, 0.0414406,0.00237671,0.0438173
0.19,0 ,0.956152, 0.0414424,0.00240526,0.0438477
0.2,0 ,0.956121, 0.0414443,0.00243498,0.0438792
0.21,0 ,0.956088, 0.0414461,0.00246592,0.0439121
0.22,0 ,0.956054, 0.041448,0.00249818,0.0439462
0.23,0 ,0.956018, 0.04145,0.00253185,0.0439818
0.24,0 ,0.955981, 0.041452,0.00256704,0.044019
0.25,0 ,0.955942, 0.041454,0.00260386,0.0440578
0.26,0 ,0.955902, 0.041456,0.00264243,0.0440984
0.27,0 ,0.955859, 0.0414581,0.0026829,0.044141
0.28,0 ,0.955814, 0.0414602,0.00272542,0.0441856
0.29,0 ,0.955768, 0.0414623,0.00277016,0.0442325
0.3,0 ,0.955718, 0.0414645,0.00281732,0.0442818
0.31,0 ,0.955666, 0.0414667,0.00286712,0.0443338
0.32,0 ,0.955611, 0.041469,0.0029198,0.0443888
0.33,0 ,0.955553, 0.0414713,0.00297564,0.0444469
0.34,0 ,0.955491, 0.0414736,0.00303496,0.0445086
0.35,0 ,0.955426, 0.041476,0.00309811,0.0445741
0.36,0 ,0.955356, 0.0414784,0.0031655,0.0446439
0.37,0 ,0.955281, 0.0414809,0.00323762,0.0447185
0.38,0 ,0.955202, 0.0414834,0.003315,0.0447984
0.39,0 ,0.955116, 0.041486,0.00339829,0.0448843
0.4,0 ,0.955023, 0.0414886,0.00348824,0.0449769
0.41,0 ,0.954923, 0.0414913,0.00358571,0.045077
0.42,0 ,0.954814, 0.041494,0.00369177,0.0451858
0.43,0 ,0.954696, 0.0414968,0.00380765,0.0453045
0.44,0 ,0.954565, 0.0414997,0.00393486,0.0454345
0.45,0 ,0.954422, 0.0415026,0.00407523,0.0455778
0.46,0 ,0.954263, 0.0415055,0.00423101,0.0457365
0.47,0 ,0.954086, 0.0415086,0.004405,0.0459136
0.48,0 ,0.953888, 0.0415117,0.00460072,0.0461124
0.49,0 ,0.953663, 0.0415148,0.00482265,0.0463375
0.5,0 ,0.953405, 0.0415181,0.00507661,0.0465947
0.51,0 ,0.953108, 0.0415214,0.00537027,0.0468916
0.52,0 ,0.952761, 0.0415248,0.00571391,0.0472387
0.53,0 ,0.95235, 0.0415283,0.0061217,0.04765
0.54,0 ,0.951855, 0.0415318,0.00661362,0.0481454
0.55,0 ,0.951246, 0.0415355,0.00721875,0.0487542
0.56,0 ,0.95048, 0.0415392,0.00798086,0.0495201
0.57,0 ,0.949488, 0.041543,0.00896871,0.0505117
0.58,0 ,0.948158, 0.041547,0.0102955,0.0518425
0.59,0 ,0.946291, 0.041551,0.0121582,0.0537092
0.6,0 ,0.943526, 0.0415551,0.0149186,0.0564738
0.61,0 ,0.939173, 0.0415594,0.0192676,0.060827
0.62,0 ,0.931969, 0.0415638,0.0264669,0.0680307
0.63,0 ,0.920186, 0.0415683,0.0382446,0.0798129
0.64,0 ,0.903044, 0.0415729,0.0553816,0.0969546
0.65,0 ,0.881939, 0.0415777,0.0764828,0.118061
0.66,0 ,0.858928, 0.0415826,0.0994891,0.141072
0.67,0 ,0.835342, 0.0415877,0.12307,0.164658
0.68,0 ,0.811852, 0.0415929,0.146555,0.188148
0.69,0 ,0.788781, 0.0415983,0.169621,0.211219
0.7,0 ,0.766282, 0.0416038,0.192114,0.233718
0.71,0 ,0.744429, 0.0416095,0.213961,0.255571
0.72,0 ,0.723249, 0.0416155,0.235135,0.276751
0.73,0 ,0.702747, 0.0416216,0.255631,0.297253
0.74,0 ,0.682917, 0.0416279,0.275455,0.317083
0.75,0 ,0.663743, 0.0416345,0.294623,0.336257
0.76,0 ,0.645207, 0.0416413,0.313152,0.354793
0.77,0 ,0.627289, 0.0416483,0.331063,0.372711
0.78,0 ,0.609967, 0.0416556,0.348378,0.390033
0.79,0 ,0.59322, 0.0416631,0.365117,0.40678
0.8,0 ,0.577026, 0.0416709,0.381304,0.422974
0.81,0 ,0.561363, 0.041679,0.396958,0.438637
0.82,0 ,0.546213, 0.0416875,0.4121,0.453787
0.83,0 ,0.531554, 0.0416962,0.42675,0.468446
0.84,0 ,0.517368, 0.0417053,0.440927,0.482632
0.85,0 ,0.503636, 0.0417147,0.454649,0.496364
0.86,0 ,0.490341, 0.0417245,0.467935,0.509659
0.87,0 ,0.477466, 0.0417347,0.4808,0.522534
0.88,0 ,0.464994, 0.0417452,0.493261,0.535006
0.89,0 ,0.452911, 0.0417562,0.505333,0.547089
0.9,0 ,0.441202, 0.0417676,0.517031,0.558798
0.91,0 ,0.429852, 0.0417794,0.528369,0.570148
0.92,0 ,0.418848, 0.0417917,0.539361,0.581152
0.93,0 ,0.408177, 0.0418044,0.550018,0.591823
0.94,0 ,0.397828, 0.0418176,0.560355,0.602172
0.95,0 ,0.387787, 0.0418313,0.570382,0.612213
0.96,0 ,0.378045, 0.0418455,0.58011,0.621955
0.97,0 ,0.368589, 0.0418602,0.58955,0.631411
0.98,0 ,0.359411, 0.0418755,0.598713,0.640589
0.99,0 ,0.3505, 0.0418913,0.607609,0.6495
1,0 ,0.341846, 0.0419077,0.616246,0.658154
0,0.01 ,0.955877, 0.0417298,0.00239314,0.0441229
0.01,0.01 ,0.95586, 0.0417312,0.00240911,0.0441403
0.02,0.01 ,0.955842, 0.0417326,0.00242552,0.0441581
0.03,0.01 ,0.955824, 0.041734,0.00244238,0.0441764
0.04,0.01 ,0.955805, 0.0417355,0.00245973,0.0441952
0.05,0.01 ,0.955785, 0.041737,0.00247758,0.0442146
0.06,0.01 ,0.955766, 0.0417385,0.00249595,0.0442344
0.07,0.01 ,0.955745, 0.04174,0.00251488,0.0442549
0.08,0.01 ,0.955724, 0.0417416,0.0025344,0.044276
0.09,0.01 ,0.955702, 0.0417431,0.00255452,0.0442976
0.1,0.01 ,0.95568, 0.0417447,0.0025753,0.04432
0.11,0.01 ,0.955657, 0.0417463,0.00259675,0.0443431
0.12,0.01 ,0.955633, 0.041748,0.00261892,0.0443669
0.13,0.01 ,0.955609, 0.0417496,0.00264185,0.0443915
0.14,0.01 ,0.955583, 0.0417513,0.00266558,0.0444169
0.15,0.01 ,0.955557, 0.041753,0.00269015,0.0444431
0.16,0.01 ,0.95553, 0.0417547,0.00271563,0.0444704
0.17,0.01 ,0.955501, 0.0417565,0.00274206,0.0444985
0.18,0.01 ,0.955472, 0.0417583,0.00276951,0.0445278
0.19,0.01 ,0.955442, 0.0417601,0.00279804,0.0445581
0.2,0.01 ,0.95541, 0.0417619,0.00282772,0.0445896
0.21,0.01 ,0.955378, 0.0417638,0.00285863,0.0446224
0.22,0.01 ,0.955343, 0.0417657,0.00289086,0.0446565
0.23,0.01 ,0.955308, 0.0417676,0.00292449,0.0446921
0.24,0.01 ,0.955271, 0.0417696,0.00295964,0.0447292
0.25,0.01 ,0.955232, 0.0417715,0.00299642,0.044768
0.26,0.01 ,0.955191, 0.0417736,0.00303494,0.0448085
0.27,0.01 ,0.955149, 0.0417756,0.00307536,0.044851
0.28,0.01 ,0.955104, 0.0417777,0.00311782,0.0448955
0.29,0.01 ,0.955058, 0.0417798,0.0031625,0.0449423
0.3,0.01 ,0.955008, 0.041782,0.0032096,0.0449916
0.31,0.01 ,0.954956, 0.0417842,0.00325933,0.0450435
0.32,0.01 ,0.954902, 0.0417864,0.00331193,0.0450984
0.33,0.01 ,0.954844, 0.0417887,0.00336768,0.0451564
0.34,0.01 ,0.954782, 0.041791,0.00342689,0.0452179
0.35,0.01 ,0.954717, 0.0417934,0.00348993,0.0452833
0.36,0.01 ,0.954647, 0.0417958,0.0035572,0.045353
0.37,0.01 ,0.954573, 0.0417983,0.00362918,0.0454275
0.38,0.01 ,0.954493, 0.0418008,0.0037064,0.0455072
0.39,0.01 ,0.954407, 0.0418033,0.00378951,0.0455928
0.4,0.01 ,0.954315, 0.0418059,0.00387925,0.0456852
0.41,0.01 ,0.954215, 0.0418086,0.00397648,0.0457851
0.42,0.01 ,0.954106, 0.0418113,0.00408226,0.0458936
0.43,0.01 ,0.953988, 0.0418141,0.00419781,0.0460119
0.44,0.01 ,0.953858, 0.0418169,0.00432464,0.0461415
0.45,0.01 ,0.953716, 0.0418198,0.00446455,0.0462843
0.46,0.01 ,0.953557, 0.0418227,0.00461979,0.0464425
0.47,0.01 ,0.953381, 0.0418257,0.00479312,0.0466188
0.48,0.01 ,0.953183, 0.0418288,0.00498803,0.0468168
0.49,0.01 ,0.952959, 0.0418319,0.00520897,0.0470409
0.5,0.01 ,0.952703, 0.0418352,0.00546167,0.0472968
0.51,0.01 ,0.952408, 0.0418385,0.00575373,0.0475922
0.52,0.01 ,0.952063, 0.0418418,0.00609529,0.0479371
0.53,0.01 ,0.951654, 0.0418453,0.00650034,0.0483456
0.54,0.01 ,0.951163, 0.0418488,0.00698855,0.0488374
0.55,0.01 ,0.950559, 0.0418524,0.0075885,0.0494409
0.56,0.01 ,0.949801, 0.0418561,0.00834315,0.0501993
0.57,0.01 ,0.94882, 0.0418599,0.00931984,0.0511798
0.58,0.01 ,0.947507, 0.0418638,0.0106291,0.052493
0.59,0.01 ,0.945669, 0.0418679,0.0124627,0.0543306
0.6,0.01 ,0.942956, 0.041872,0.015172,0.057044
0.61,0.01 ,0.938698, 0.0418762,0.0194262,0.0613024
0.62,0.01 ,0.931666, 0.0418805,0.0264537,0.0683342
0.63,0.01 ,0.920142, 0.041885,0.0379723,0.0798574
0.64,0.01 ,0.903263, 0.0418896,0.0548465,0.0967361
0.65,0.01 ,0.882333, 0.0418943,0.0757724,0.117667
0.66,0.01 ,0.859416, 0.0418992,0.098685,0.140584
0.67,0.01 ,0.835877, 0.0419042,0.122218,0.164123
0.68,0.01 ,0.81241, 0.0419094,0.14568,0.18759
0.69,0.01 ,0.789349, 0.0419148,0.168736,0.210651
0.7,0.01 ,0.766854, 0.0419203,0.191226,0.233146
0.71,0.01 ,0.745, 0.041926,0.213074,0.255
0.72,0.01 ,0.723816, 0.0419318,0.234252,0.276184
0.73,0.01 ,0.703309, 0.0419379,0.254753,0.296691
0.74,0.01 ,0.683473, 0.0419442,0.274583,0.316527
0.75,0.01 ,0.664292, 0.0419507,0.293757,0.335708
0.76,0.01 ,0.645749, 0.0419574,0.312294,0.354251
0.77,0.01 ,0.627823, 0.0419644,0.330212,0.372177
0.78,0.01 ,0.610494, 0.0419716,0.347535,0.389506
0.79,0.01 ,0.593739, 0.0419791,0.364282,0.406261
0.8,0.01 ,0.577537, 0.0419869,0.380476,0.422463
0.81,0.01 ,0.561867, 0.0419949,0.396138,0.438133
0.82,0.01 ,0.546709, 0.0420033,0.411288,0.453291
0.83,0.01 ,0.532042, 0.042012,0.425946,0.467958
0.84,0.01 ,0.517849, 0.042021,0.44013,0.482151
0.85,0.01 ,0.50411, 0.0420303,0.45386,0.49589
0.86,0.01 ,0.490807, 0.04204,0.467153,0.509193
0.87,0.01 ,0.477925, 0.0420501,0.480025,0.522075
0.88,0.01 ,0.465446, 0.0420606,0.492493,0.534554
0.89,0.01 ,0.453356, 0.0420715,0.504573,0.546644
0.9,0.01 ,0.441639, 0.0420828,0.516278,0.558361
0.91,0.01 ,0.430283, 0.0420945,0.527623,0.569717
0.92,0.01 ,0.419272, 0.0421067,0.538621,0.580728
0.93,0.01 ,0.408595, 0.0421193,0.549286,0.591405
0.94,0.01 ,0.398239, 0.0421324,0.559629,0.601761
0.95,0.01 ,0.388192, 0.042146,0.569662,0.611808
0.96,0.01 ,0.378443, 0.0421601,0.579397,0.621557
0.97,0.01 ,0.368982, 0.0421747,0.588843,0.631018
0.98,0.01 ,0.359798, 0.0421898,0.598013,0.640202
0.99,0.01 ,0.35088, 0.0422055,0.606914,0.64912
1,0.01 ,0.342221, 0.0422217,0.615557,0.657779
0,0.02 ,0.955143, 0.0420529,0.00280381,0.0448567
0.01,0.02 ,0.955126, 0.0420543,0.00281977,0.0448741
0.02,0.02 ,0.955108, 0.0420557,0.00283616,0.0448919
0.03,0.02 ,0.95509, 0.0420572,0.00285301,0.0449102
0.04,0.02 ,0.955071, 0.0420586,0.00287034,0.044929
0.05,0.02 ,0.955052, 0.0420601,0.00288817,0.0449483
0.06,0.02 ,0.955032, 0.0420616,0.00290653,0.0449681
0.07,0.02 ,0.955011, 0.0420631,0.00292544,0.0449885
0.08,0.02 ,0.95499, 0.0420646,0.00294494,0.0450096
0.09,0.02 ,0.954969, 0.0420662,0.00296505,0.0450312
0.1,0.02 ,0.954946, 0.0420677,0.0029858,0.0450535
0.11,0.02 ,0.954923, 0.0420693,0.00300723,0.0450766
0.12,0.02 ,0.9549, 0.042071,0.00302938,0.0451003
0.13,0.02 ,0.954875, 0.0420726,0.00305229,0.0451249
0.14,0.02 ,0.95485, 0.0420743,0.00307599,0.0451503
0.15,0.02 ,0.954823, 0.042076,0.00310055,0.0451765
0.16,0.02 ,0.954796, 0.0420777,0.003126,0.0452037
0.17,0.02 ,0.954768, 0.0420794,0.0031524,0.0452318
0.18,0.02 ,0.954739, 0.0420812,0.00317982,0.045261
0.19,0.02 ,0.954709, 0.042083,0.00320832,0.0452913
0.2,0.02 ,0.954677, 0.0420848,0.00323797,0.0453228
0.21,0.02 ,0.954645, 0.0420866,0.00326885,0.0453555
0.22,0.02 ,0.95461, 0.0420885,0.00330104,0.0453896
0.23,0.02 ,0.954575, 0.0420904,0.00333463,0.0454251
0.24,0.02 ,0.954538, 0.0420924,0.00336974,0.0454621
0.25,0.02 ,0.954499, 0.0420943,0.00340647,0.0455008
0.26,0.02 ,0.954459, 0.0420964,0.00344494,0.0455413
0.27,0.02 ,0.954416, 0.0420984,0.00348531,0.0455837
0.28,0.02 ,0.954372, 0.0421005,0.00352771,0.0456282
0.29,0.02 ,0.954325, 0.0421026,0.00357233,0.0456749
0.3,0.02 ,0.954276, 0.0421047,0.00361936,0.0457241
0.31,0.02 ,0.954224, 0.0421069,0.00366901,0.0457759
0.32,0.02 ,0.954169, 0.0421091,0.00372153,0.0458307
0.33,0.02 ,0.954111, 0.0421114,0.00377719,0.0458886
0.34,0.02 ,0.95405, 0.0421137,0.0038363,0.04595
0.35,0.02 ,0.953985, 0.042116,0.00389922,0.0460153
0.36,0.02 ,0.953915, 0.0421184,0.00396637,0.0460848
0.37,0.02 ,0.953841, 0.0421209,0.0040382,0.0461591
0.38,0.02 ,0.953761, 0.0421234,0.00411526,0.0462386
0.39,0.02 ,0.953676, 0.0421259,0.00419818,0.0463241
0.4,0.02 ,0.953584, 0.0421285,0.0042877,0.0464162
0.41,0.02 ,0.953484, 0.0421311,0.00438469,0.0465158
0.42,0.02 ,0.953376, 0.0421338,0.00449018,0.046624
0.43,0.02 ,0.953258, 0.0421365,0.0046054,0.0467419
0.44,0.02 ,0.953129, 0.0421393,0.00473183,0.0468712
0.45,0.02 ,0.952987, 0.0421422,0.00487128,0.0470135
0.46,0.02 ,0.952829, 0.0421451,0.00502596,0.0471711
0.47,0.02 ,0.952653, 0.0421481,0.00519861,0.0473467
0.48,0.02 ,0.952456, 0.0421512,0.00539269,0.0475438
0.49,0.02 ,0.952233, 0.0421543,0.00561261,0.0477669
0.5,0.02 ,0.951979, 0.0421575,0.00586403,0.0480215
0.51,0.02 ,0.951685, 0.0421607,0.00615445,0.0483152
0.52,0.02 ,0.951342, 0.0421641,0.0064939,0.048658
0.53,0.02 ,0.950936, 0.0421675,0.00689615,0.0490636
0.54,0.02 ,0.950448, 0.042171,0.00738058,0.0495516
0.55,0.02 ,0.94985, 0.0421746,0.00797526,0.0501498
0.56,0.02 ,0.949099, 0.0421783,0.00872234,0.0509006
0.57,0.02 ,0.94813, 0.0421821,0.00968772,0.0518698
0.58,0.02 ,0.946835, 0.0421859,0.0109793,0.0531652
0.59,0.02 ,0.945026, 0.0421899,0.0127836,0.0549735
0.6,0.02 ,0.942365, 0.042194,0.0154414,0.0576354
0.61,0.02 ,0.938201, 0.0421982,0.0196008,0.061799
0.62,0.02 ,0.931342, 0.0422025,0.0264554,0.0686579
0.63,0.02 ,0.920082, 0.0422069,0.0377103,0.0799173
0.64,0.02 ,0.903476, 0.0422115,0.054311,0.0965225
0.65,0.02 ,0.882732, 0.0422162,0.0750512,0.117267
0.66,0.02 ,0.859915, 0.042221,0.0978639,0.140085
0.67,0.02 ,0.836427, 0.042226,0.121347,0.163573
0.68,0.02 ,0.812985, 0.0422312,0.144784,0.187015
0.69,0.02 ,0.789935, 0.0422365,0.167829,0.210065
0.7,0.02 ,0.767444, 0.0422419,0.190314,0.232556
0.71,0.02 ,0.745589, 0.0422476,0.212164,0.254411
0.72,0.02 ,0.724401, 0.0422534,0.233345,0.275599
0.73,0.02 ,0.703889, 0.0422594,0.253851,0.296111
0.74,0.02 ,0.684046, 0.0422657,0.273688,0.315954
0.75,0.02 ,0.664859, 0.0422721,0.292869,0.335141
0.76,0.02 ,0.646308, 0.0422788,0.311413,0.353692
0.77,0.02 ,0.628375, 0.0422857,0.329339,0.371625
0.78,0.02 ,0.611038, 0.0422929,0.34667,0.388962
0.79,0.02 ,0.594275, 0.0423003,0.363425,0.405725
0.8,0.02 ,0.578065, 0.042308,0.379627,0.421935
0.81,0.02 ,0.562387, 0.042316,0.395297,0.437613
0.82,0.02 ,0.547221, 0.0423243,0.410455,0.452779
0.83,0.02 ,0.532547, 0.0423329,0.42512,0.467453
0.84,0.02 ,0.518345, 0.0423418,0.439313,0.481655
0.85,0.02 ,0.504599, 0.0423511,0.45305,0.495401
0.86,0.02 ,0.491288, 0.0423607,0.466351,0.508712
0.87,0.02 ,0.478399, 0.0423707,0.479231,0.521601
0.88,0.02 ,0.465913, 0.0423811,0.491706,0.534087
0.89,0.02 ,0.453815, 0.0423919,0.503793,0.546185
0.9,0.02 ,0.442092, 0.0424031,0.515505,0.557908
0.91,0.02 ,0.430728, 0.0424147,0.526857,0.569272
0.92,0.02 ,0.419711, 0.0424268,0.537863,0.580289
0.93,0.02 ,0.409027, 0.0424393,0.548534,0.590973
0.94,0.02 ,0.398664, 0.0424523,0.558884,0.601336
0.95,0.02 ,0.38861, 0.0424658,0.568924,0.61139
0.96,0.02 ,0.378855, 0.0424798,0.578665,0.621145
0.97,0.02 ,0.369387, 0.0424943,0.588118,0.630613
0.98,0.02 ,0.360197, 0.0425093,0.597294,0.639803
0.99,0.02 ,0.351273, 0.0425249,0.606202,0.648727
1,0.02 ,0.342608, 0.042541,0.614851,0.657392
0,0.03 ,0.954386, 0.0423814,0.00323292,0.0456144
0.01,0.03 ,0.954368, 0.0423828,0.00324885,0.0456317
0.02,0.03 ,0.954351, 0.0423842,0.00326523,0.0456495
0.03,0.03 ,0.954332, 0.0423856,0.00328206,0.0456677
0.04,0.03 ,0.954314, 0.0423871,0.00329938,0.0456865
0.05,0.03 ,0.954294, 0.0423885,0.00331719,0.0457057
0.06,0.03 ,0.954274, 0.04239,0.00333553,0.0457255
0.07,0.03 ,0.954254, 0.0423915,0.00335443,0.0457459
0.08,0.03 ,0.954233, 0.042393,0.00337391,0.0457669
0.09,0.03 ,0.954211, 0.0423946,0.003394,0.0457886
0.1,0.03 ,0.954189, 0.0423961,0.00341473,0.0458108
0.11,0.03 ,0.954166, 0.0423977,0.00343614,0.0458338
0.12,0.03 ,0.954142, 0.0423993,0.00345826,0.0458576
0.13,0.03 ,0.954118, 0.0424009,0.00348115,0.0458821
0.14,0.03 ,0.954093, 0.0424026,0.00350483,0.0459074
0.15,0.03 ,0.954066, 0.0424043,0.00352936,0.0459336
0.16,0.03 ,0.954039, 0.042406,0.00355478,0.0459607
0.17,0.03 ,0.954011, 0.0424077,0.00358116,0.0459888
0.18,0.03 ,0.953982, 0.0424094,0.00360855,0.046018
0.19,0.03 ,0.953952, 0.0424112,0.00363702,0.0460482
0.2,0.03 ,0.95392, 0.042413,0.00366663,0.0460796
0.21,0.03 ,0.953888, 0.0424149,0.00369747,0.0461123
0.22,0.03 ,0.953854, 0.0424167,0.00372962,0.0461463
0.23,0.03 ,0.953818, 0.0424186,0.00376318,0.0461818
0.24,0.03 ,0.953781, 0.0424205,0.00379824,0.0462188
0.25,0.03 ,0.953743, 0.0424225,0.00383492,0.0462574
0.26,0.03 ,0.953702, 0.0424245,0.00387335,0.0462978
0.27,0.03 ,0.95366, 0.0424265,0.00391366,0.0463402
0.28,0.03 ,0.953615, 0.0424286,0.003956,0.0463846
0.29,0.03 ,0.953569, 0.0424306,0.00400056,0.0464312
0.3,0.03 ,0.95352, 0.0424328,0.00404751,0.0464803
0.31,0.03 ,0.953468, 0.0424349,0.00409708,0.046532
0.32,0.03 ,0.953413, 0.0424371,0.00414951,0.0465867
0.33,0.03 ,0.953356, 0.0424394,0.00420508,0.0466445
0.34,0.03 ,0.953294, 0.0424417,0.00426408,0.0467058
0.35,0.03 ,0.953229, 0.042444,0.00432689,0.0467709
0.36,0.03 ,0.95316, 0.0424464,0.0043939,0.0468403
0.37,0.03 ,0.953086, 0.0424488,0.00446558,0.0469144
0.38,0.03 ,0.953006, 0.0424513,0.00454247,0.0469937
0.39,0.03 ,0.952921, 0.0424538,0.0046252,0.047079
0.4,0.03 ,0.952829, 0.0424563,0.0047145,0.0471708
0.41,0.03 ,0.95273, 0.0424589,0.00481124,0.0472702
0.42,0.03 ,0.952622, 0.0424616,0.00491643,0.047378
0.43,0.03 ,0.952504, 0.0424643,0.00503131,0.0474956
0.44,0.03 ,0.952376, 0.0424671,0.00515734,0.0476244
0.45,0.03 ,0.952234, 0.0424699,0.00529631,0.0477662
0.46,0.03 ,0.952077, 0.0424728,0.00545041,0.0479232
0.47,0.03 ,0.951902, 0.0424758,0.00562237,0.0480982
0.48,0.03 ,0.951706, 0.0424788,0.00581561,0.0482944
0.49,0.03 ,0.951484, 0.0424819,0.00603447,0.0485164
0.5,0.03 ,0.95123, 0.0424851,0.00628459,0.0487697
0.51,0.03 ,0.950938, 0.0424883,0.00657334,0.0490617
0.52,0.03 ,0.950598, 0.0424916,0.00691063,0.0494023
0.53,0.03 ,0.950195, 0.042495,0.00731003,0.0498051
0.54,0.03 ,0.949711, 0.0424985,0.0077906,0.0502891
0.55,0.03 ,0.949118, 0.0425021,0.00837992,0.050882
0.56,0.03 ,0.948375, 0.0425057,0.00911932,0.0516251
0.57,0.03 ,0.947417, 0.0425095,0.0100732,0.0525827
0.58,0.03 ,0.94614, 0.0425133,0.0113469,0.0538603
0.59,0.03 ,0.944361, 0.0425173,0.0131217,0.055639
0.6,0.03 ,0.941751, 0.0425213,0.0157279,0.0582492
0.61,0.03 ,0.937682, 0.0425255,0.0197922,0.0623177
0.62,0.03 ,0.930997, 0.0425298,0.0264733,0.069003
0.63,0.03 ,0.920005, 0.0425342,0.0374598,0.079994
0.64,0.03 ,0.903684, 0.0425387,0.0537762,0.0963149
0.65,0.03 ,0.883136, 0.0425434,0.0743197,0.116863
0.66,0.03 ,0.860426, 0.0425482,0.0970256,0.139574
0.67,0.03 ,0.836992, 0.0425531,0.120454,0.163008
0.68,0.03 ,0.813577, 0.0425582,0.143865,0.186423
0.69,0.03 ,0.790539, 0.0425635,0.166897,0.209461
0.7,0.03 ,0.768052, 0.0425689,0.189379,0.231948
0.71,0.03 ,0.746196, 0.0425745,0.211229,0.253804
0.72,0.03 ,0.725006, 0.0425803,0.232414,0.274994
0.73,0.03 ,0.704488, 0.0425863,0.252925,0.295512
0.74,0.03 ,0.684639, 0.0425924,0.272769,0.315361
0.75,0.03 ,0.665444, 0.0425988,0.291957,0.334556
0.76,0.03 ,0.646886, 0.0426055,0.310509,0.353114
0.77,0.03 ,0.628945, 0.0426123,0.328443,0.371055
0.78,0.03 ,0.611599, 0.0426194,0.345781,0.388401
0.79,0.03 ,0.594828, 0.0426268,0.362545,0.405172
0.8,0.03 ,0.57861, 0.0426344,0.378755,0.42139
0.81,0.03 ,0.562924, 0.0426424,0.394433,0.437076
0.82,0.03 ,0.54775, 0.0426506,0.409599,0.45225
0.83,0.03 ,0.533068, 0.0426591,0.424273,0.466932
0.84,0.03 ,0.518859, 0.042668,0.438473,0.481141
0.85,0.03 ,0.505104, 0.0426772,0.452219,0.494896
0.86,0.03 ,0.491786, 0.0426867,0.465527,0.508214
0.87,0.03 ,0.478888, 0.0426966,0.478415,0.521112
0.88,0.03 ,0.466395, 0.0427069,0.490898,0.533605
0.89,0.03 ,0.45429, 0.0427176,0.502992,0.54571
0.9,0.03 ,0.442559, 0.0427287,0.514712,0.557441
0.91,0.03 ,0.431188, 0.0427403,0.526072,0.568812
0.92,0.03 ,0.420164, 0.0427522,0.537084,0.579836
0.93,0.03 ,0.409473, 0.0427647,0.547763,0.590527
0.94,0.03 ,0.399103, 0.0427775,0.55812,0.600897
0.95,0.03 ,0.389043, 0.0427909,0.568166,0.610957
0.96,0.03 ,0.379281, 0.0428048,0.577914,0.620719
0.97,0.03 ,0.369806, 0.0428191,0.587374,0.630194
0.98,0.03 ,0.360609, 0.042834,0.596557,0.639391
0.99,0.03 ,0.35168, 0.0428494,0.605471,0.64832
1,0.03 ,0.343008, 0.0428654,0.614127,0.656992
0,0.04 ,0.953603, 0.0427154,0.00368142,0.0463968
0.01,0.04 ,0.953586, 0.0427168,0.00369734,0.0464141
0.02,0.04 ,0.953568, 0.0427182,0.0037137,0.0464319
0.03,0.04 ,0.95355, 0.0427196,0.00373052,0.0464501
0.04,0.04 ,0.953531, 0.042721,0.00374781,0.0464688
0.05,0.04 ,0.953512, 0.0427224,0.00376561,0.0464881
0.06,0.04 ,0.953492, 0.0427239,0.00378393,0.0465078
0.07,0.04 ,0.953472, 0.0427254,0.00380281,0.0465282
0.08,0.04 ,0.953451, 0.0427269,0.00382227,0.0465492
0.09,0.04 ,0.953429, 0.0427284,0.00384233,0.0465707
0.1,0.04 ,0.953407, 0.04273,0.00386305,0.046593
0.11,0.04 ,0.953384, 0.0427315,0.00388443,0.046616
0.12,0.04 ,0.95336, 0.0427331,0.00390654,0.0466396
0.13,0.04 ,0.953336, 0.0427347,0.00392939,0.0466641
0.14,0.04 ,0.953311, 0.0427364,0.00395305,0.0466894
0.15,0.04 ,0.953284, 0.042738,0.00397755,0.0467156
0.16,0.04 ,0.953257, 0.0427397,0.00400295,0.0467426
0.17,0.04 ,0.953229, 0.0427414,0.0040293,0.0467707
0.18,0.04 ,0.9532, 0.0427431,0.00405665,0.0467998
0.19,0.04 ,0.95317, 0.0427449,0.00408509,0.04683
0.2,0.04 ,0.953139, 0.0427467,0.00411467,0.0468614
0.21,0.04 ,0.953106, 0.0427485,0.00414547,0.046894
0.22,0.04 ,0.953072, 0.0427504,0.00417758,0.0469279
0.23,0.04 ,0.953037, 0.0427522,0.00421109,0.0469633
0.24,0.04 ,0.953, 0.0427541,0.00424611,0.0470003
0.25,0.04 ,0.952961, 0.0427561,0.00428274,0.0470388
0.26,0.04 ,0.952921, 0.0427581,0.00432111,0.0470792
0.27,0.04 ,0.952879, 0.0427601,0.00436137,0.0471214
0.28,0.04 ,0.952834, 0.0427621,0.00440365,0.0471657
0.29,0.04 ,0.952788, 0.0427642,0.00444814,0.0472123
0.3,0.04 ,0.952739, 0.0427663,0.00449502,0.0472613
0.31,0.04 ,0.952687, 0.0427684,0.00454451,0.0473129
0.32,0.04 ,0.952633, 0.0427706,0.00459685,0.0473675
0.33,0.04 ,0.952575, 0.0427728,0.00465231,0.0474251
0.34,0.04 ,0.952514, 0.0427751,0.00471121,0.0474863
0.35,0.04 ,0.952449, 0.0427774,0.00477389,0.0475513
0.36,0.04 ,0.952379, 0.0427798,0.00484077,0.0476205
0.37,0.04 ,0.952306, 0.0427822,0.00491229,0.0476944
0.38,0.04 ,0.952226, 0.0427846,0.00498901,0.0477736
0.39,0.04 ,0.952141, 0.0427871,0.00507154,0.0478586
0.4,0.04 ,0.95205, 0.0427896,0.00516062,0.0479502
0.41,0.04 ,0.951951, 0.0427922,0.00525709,0.0480493
0.42,0.04 ,0.951843, 0.0427949,0.00536198,0.0481568
0.43,0.04 ,0.951726, 0.0427976,0.00547651,0.0482741
0.44,0.04 ,0.951598, 0.0428003,0.00560212,0.0484024
0.45,0.04 ,0.951456, 0.0428031,0.0057406,0.0485437
0.46,0.04 ,0.9513, 0.042806,0.00589411,0.0487001
0.47,0.04 ,0.951126, 0.0428089,0.00606536,0.0488743
0.48,0.04 ,0.95093, 0.0428119,0.00625774,0.0490697
0.49,0.04 ,0.950709, 0.042815,0.00647553,0.0492905
0.5,0.04 ,0.950458, 0.0428181,0.0067243,0.0495424
0.51,0.04 ,0.950167, 0.0428214,0.00701135,0.0498327
0.52,0.04 ,0.949829, 0.0428247,0.00734643,0.0501711
0.53,0.04 ,0.949429, 0.042828,0.00774292,0.0505709
0.54,0.04 ,0.948949, 0.0428315,0.00821956,0.051051
0.55,0.04 ,0.948362, 0.042835,0.00880344,0.0516384
0.56,0.04 ,0.947626, 0.0428386,0.00953504,0.0523737
0.57,0.04 ,0.94668, 0.0428423,0.0104773,0.0533197
0.58,0.04 ,0.945421, 0.0428462,0.0117329,0.0545791
0.59,0.04 ,0.943672, 0.0428501,0.013478,0.0563281
0.6,0.04 ,0.941114, 0.0428541,0.0160324,0.0588865
0.61,0.04 ,0.93714, 0.0428582,0.0200015,0.0628597
0.62,0.04 ,0.930629, 0.0428625,0.0265084,0.0693708
0.63,0.04 ,0.91991, 0.0428668,0.0372222,0.0800891
0.64,0.04 ,0.903885, 0.0428713,0.053243,0.0961143
0.65,0.04 ,0.883545, 0.042876,0.073578,0.116454
0.66,0.04 ,0.860949, 0.0428807,0.0961699,0.139051
0.67,0.04 ,0.837574, 0.0428856,0.119541,0.162426
0.68,0.04 ,0.814187, 0.0428907,0.142922,0.185813
0.69,0.04 ,0.791162, 0.0428959,0.165942,0.208838
0.7,0.04 ,0.76868, 0.0429013,0.188419,0.23132
0.71,0.04 ,0.746824, 0.0429068,0.210269,0.253176
0.72,0.04 ,0.72563, 0.0429126,0.231458,0.27437
0.73,0.04 ,0.705107, 0.0429185,0.251974,0.294893
0.74,0.04 ,0.685251, 0.0429246,0.271824,0.314749
0.75,0.04 ,0.666049, 0.042931,0.29102,0.333951
0.76,0.04 ,0.647483, 0.0429375,0.309579,0.352517
0.77,0.04 ,0.629534, 0.0429443,0.327522,0.370466
0.78,0.04 ,0.61218, 0.0429514,0.344869,0.38782
0.79,0.04 ,0.595401, 0.0429587,0.361641,0.404599
0.8,0.04 ,0.579174, 0.0429663,0.37786,0.420826
0.81,0.04 ,0.56348, 0.0429741,0.393546,0.43652
0.82,0.04 ,0.548297, 0.0429823,0.408721,0.451703
0.83,0.04 ,0.533607, 0.0429907,0.423403,0.466393
0.84,0.04 ,0.519389, 0.0429995,0.437612,0.480611
0.85,0.04 ,0.505626, 0.0430086,0.451365,0.494374
0.86,0.04 ,0.4923, 0.0430181,0.464682,0.5077
0.87,0.04 ,0.479394, 0.0430279,0.477578,0.520606
0.88,0.04 ,0.466893, 0.0430381,0.490069,0.533107
0.89,0.04 ,0.454781, 0.0430487,0.502171,0.545219
0.9,0.04 ,0.443042, 0.0430597,0.513898,0.556958
0.91,0.04 ,0.431664, 0.0430712,0.525265,0.568336
0.92,0.04 ,0.420632, 0.043083,0.536285,0.579368
0.93,0.04 ,0.409933, 0.0430953,0.546971,0.590067
0.94,0.04 ,0.399557, 0.0431081,0.557335,0.600443
0.95,0.04 ,0.389489, 0.0431214,0.567389,0.610511
0.96,0.04 ,0.379721, 0.0431351,0.577144,0.620279
0.97,0.04 ,0.37024, 0.0431494,0.586611,0.62976
0.98,0.04 ,0.361036, 0.0431641,0.5958,0.638964
0.99,0.04 ,0.3521, 0.0431794,0.604721,0.6479
1,0.04 ,0.343421, 0.0431952,0.613383,0.656579
0,0.05 ,0.952795, 0.043055,0.00415035,0.0472053
0.01,0.05 ,0.952777, 0.0430563,0.00416626,0.0472226
0.02,0.05 ,0.95276, 0.0430577,0.0041826,0.0472403
0.03,0.05 ,0.952742, 0.0430591,0.0041994,0.0472585
0.04,0.05 ,0.952723, 0.0430605,0.00421667,0.0472772
0.05,0.05 ,0.952704, 0.0430619,0.00423445,0.0472964
0.06,0.05 ,0.952684, 0.0430634,0.00425275,0.0473161
0.07,0.05 ,0.952664, 0.0430648,0.00427161,0.0473365
0.08,0.05 ,0.952643, 0.0430663,0.00429105,0.0473574
0.09,0.05 ,0.952621, 0.0430678,0.00431109,0.0473789
0.1,0.05 ,0.952599, 0.0430694,0.00433178,0.0474011
0.11,0.05 ,0.952576, 0.0430709,0.00435314,0.0474241
0.12,0.05 ,0.952552, 0.0430725,0.00437522,0.0474477
0.13,0.05 ,0.952528, 0.0430741,0.00439805,0.0474721
0.14,0.05 ,0.952503, 0.0430757,0.00442168,0.0474974
0.15,0.05 ,0.952476, 0.0430773,0.00444615,0.0475235
0.16,0.05 ,0.952449, 0.043079,0.00447152,0.0475505
0.17,0.05 ,0.952421, 0.0430807,0.00449784,0.0475785
0.18,0.05 ,0.952392, 0.0430824,0.00452516,0.0476076
0.19,0.05 ,0.952362, 0.0430842,0.00455356,0.0476377
0.2,0.05 ,0.952331, 0.0430859,0.0045831,0.047669
0.21,0.05 ,0.952298, 0.0430877,0.00461386,0.0477016
0.22,0.05 ,0.952264, 0.0430896,0.00464593,0.0477355
0.23,0.05 ,0.952229, 0.0430914,0.0046794,0.0477708
0.24,0.05 ,0.952192, 0.0430933,0.00471437,0.0478077
0.25,0.05 ,0.952154, 0.0430952,0.00475095,0.0478462
0.26,0.05 ,0.952114, 0.0430972,0.00478927,0.0478865
0.27,0.05 ,0.952071, 0.0430992,0.00482946,0.0479286
0.28,0.05 ,0.952027, 0.0431012,0.00487168,0.0479729
0.29,0.05 ,0.951981, 0.0431033,0.0049161,0.0480194
0.3,0.05 ,0.951932, 0.0431053,0.0049629,0.0480682
0.31,0.05 ,0.95188, 0.0431075,0.00501231,0.0481198
0.32,0.05 ,0.951826, 0.0431096,0.00506455,0.0481742
0.33,0.05 ,0.951768, 0.0431118,0.00511992,0.0482318
0.34,0.05 ,0.951707, 0.0431141,0.0051787,0.0482928
0.35,0.05 ,0.951642, 0.0431164,0.00524126,0.0483576
0.36,0.05 ,0.951573, 0.0431187,0.00530799,0.0484267
0.37,0.05 ,0.9515, 0.0431211,0.00537936,0.0485004
0.38,0.05 ,0.951421, 0.0431235,0.0054559,0.0485794
0.39,0.05 ,0.951336, 0.043126,0.00553822,0.0486642
0.4,0.05 ,0.951244, 0.0431285,0.00562706,0.0487555
0.41,0.05 ,0.951146, 0.0431311,0.00572327,0.0488543
0.42,0.05 ,0.951038, 0.0431337,0.00582785,0.0489615
0.43,0.05 ,0.950922, 0.0431363,0.00594201,0.0490784
0.44,0.05 ,0.950794, 0.0431391,0.0060672,0.0492063
0.45,0.05 ,0.950653, 0.0431419,0.00620517,0.049347
0.46,0.05 ,0.950497, 0.0431447,0.00635808,0.0495028
0.47,0.05 ,0.950324, 0.0431476,0.00652861,0.0496762
0.48,0.05 ,0.950129, 0.0431506,0.00672009,0.0498707
0.49,0.05 ,0.94991, 0.0431536,0.00693678,0.0500904
0.5,0.05 ,0.949659, 0.0431568,0.00718419,0.0503409
0.51,0.05 ,0.949371, 0.0431599,0.00746949,0.0506294
0.52,0.05 ,0.949034, 0.0431632,0.00780233,0.0509655
0.53,0.05 ,0.948638, 0.0431665,0.00819585,0.0513624
0.54,0.05 ,0.948162, 0.04317,0.00866849,0.0518385
0.55,0.05 ,0.94758, 0.0431735,0.00924682,0.0524203
0.56,0.05 ,0.946852, 0.0431771,0.0099705,0.0531476
0.57,0.05 ,0.945918, 0.0431808,0.010901,0.0540818
0.58,0.05 ,0.944677, 0.0431845,0.0121384,0.0553229
0.59,0.05 ,0.942958, 0.0431884,0.0138535,0.057042
0.6,0.05 ,0.940452, 0.0431924,0.0163558,0.0595482
0.61,0.05 ,0.936574, 0.0431965,0.0202297,0.0634262
0.62,0.05 ,0.930237, 0.0432007,0.026562,0.0697627
0.63,0.05 ,0.919795, 0.043205,0.036999,0.0802041
0.64,0.05 ,0.904077, 0.0432095,0.0527128,0.0959223
0.65,0.05 ,0.883958, 0.0432141,0.0728267,0.116041
0.66,0.05 ,0.861485, 0.0432188,0.0952965,0.138515
0.67,0.05 ,0.838171, 0.0432237,0.118605,0.161828
0.68,0.05 ,0.814816, 0.0432287,0.141956,0.185184
0.69,0.05 ,0.791806, 0.0432338,0.164961,0.208194
0.7,0.05 ,0.769328, 0.0432392,0.187433,0.230672
0.71,0.05 ,0.747472, 0.0432447,0.209283,0.252528
0.72,0.05 ,0.726275, 0.0432504,0.230475,0.273725
0.73,0.05 ,0.705747, 0.0432563,0.250997,0.294253
0.74,0.05 ,0.685884, 0.0432623,0.270854,0.314116
0.75,0.05 ,0.666674, 0.0432686,0.290057,0.333326
0.76,0.05 ,0.6481, 0.0432751,0.308624,0.3519
0.77,0.05 ,0.630143, 0.0432819,0.326575,0.369857
0.78,0.05 ,0.61278, 0.0432889,0.343931,0.38722
0.79,0.05 ,0.595992, 0.0432961,0.360712,0.404008
0.8,0.05 ,0.579757, 0.0433036,0.376939,0.420243
0.81,0.05 ,0.564054, 0.0433114,0.392635,0.435946
0.82,0.05 ,0.548863, 0.0433195,0.407818,0.451137
0.83,0.05 ,0.534164, 0.0433279,0.422509,0.465836
0.84,0.05 ,0.519937, 0.0433366,0.436726,0.480063
0.85,0.05 ,0.506166, 0.0433456,0.450488,0.493834
0.86,0.05 ,0.492832, 0.043355,0.463813,0.507168
0.87,0.05 ,0.479918, 0.0433647,0.476717,0.520082
0.88,0.05 ,0.467409, 0.0433748,0.489217,0.532591
0.89,0.05 ,0.455288, 0.0433853,0.501327,0.544712
0.9,0.05 ,0.443542, 0.0433963,0.513062,0.556458
0.91,0.05 ,0.432155, 0.0434076,0.524437,0.567845
0.92,0.05 ,0.421116, 0.0434193,0.535465,0.578884
0.93,0.05 ,0.41041, 0.0434315,0.546158,0.58959
0.94,0.05 ,0.400026, 0.0434442,0.55653,0.599974
0.95,0.05 ,0.389952, 0.0434573,0.566591,0.610048
0.96,0.05 ,0.380176, 0.0434709,0.576353,0.619824
0.97,0.05 ,0.370688, 0.043485,0.585827,0.629312
0.98,0.05 ,0.361477, 0.0434997,0.595023,0.638523
0.99,0.05 ,0.352534, 0.0435148,0.603951,0.647466
1,0.05 ,0.343849, 0.0435305,0.61262,0.656151
0,0.06 ,0.951959, 0.0434002,0.0046408,0.048041
0.01,0.06 ,0.951942, 0.0434016,0.00465669,0.0480583
0.02,0.06 ,0.951924, 0.0434029,0.00467301,0.0480759
0.03,0.06 ,0.951906, 0.0434043,0.00468979,0.0480941
0.04,0.06 ,0.951887, 0.0434057,0.00470705,0.0481127
0.05,0.06 ,0.951868, 0.0434071,0.0047248,0.0481319
0.06,0.06 ,0.951848, 0.0434085,0.00474309,0.0481516
0.07,0.06 ,0.951828, 0.04341,0.00476192,0.0481719
0.08,0.06 ,0.951807, 0.0434115,0.00478133,0.0481928
0.09,0.06 ,0.951786, 0.043413,0.00480135,0.0482143
0.1,0.06 ,0.951764, 0.0434145,0.00482202,0.0482365
0.11,0.06 ,0.951741, 0.043416,0.00484335,0.0482594
0.12,0.06 ,0.951717, 0.0434176,0.00486541,0.048283
0.13,0.06 ,0.951693, 0.0434191,0.00488821,0.0483073
0.14,0.06 ,0.951667, 0.0434207,0.00491181,0.0483326
0.15,0.06 ,0.951641, 0.0434224,0.00493625,0.0483586
0.16,0.06 ,0.951614, 0.043424,0.00496159,0.0483856
0.17,0.06 ,0.951586, 0.0434257,0.00498787,0.0484136
0.18,0.06 ,0.951557, 0.0434274,0.00501516,0.0484426
0.19,0.06 ,0.951527, 0.0434291,0.00504352,0.0484726
0.2,0.06 ,0.951496, 0.0434309,0.00507303,0.0485039
0.21,0.06 ,0.951464, 0.0434327,0.00510375,0.0485364
0.22,0.06 ,0.95143, 0.0434345,0.00513577,0.0485702
0.23,0.06 ,0.951394, 0.0434363,0.00516919,0.0486055
0.24,0.06 ,0.951358, 0.0434382,0.00520411,0.0486423
0.25,0.06 ,0.951319, 0.0434401,0.00524064,0.0486807
0.26,0.06 ,0.951279, 0.043442,0.0052789,0.0487209
0.27,0.06 ,0.951237, 0.043444,0.00531903,0.048763
0.28,0.06 ,0.951193, 0.043446,0.00536118,0.0488072
0.29,0.06 ,0.951146, 0.043448,0.00540552,0.0488535
0.3,0.06 ,0.951098, 0.0434501,0.00545225,0.0489023
0.31,0.06 ,0.951046, 0.0434522,0.00550157,0.0489538
0.32,0.06 ,0.950992, 0.0434543,0.00555372,0.0490081
0.33,0.06 ,0.950934, 0.0434565,0.00560897,0.0490655
0.34,0.06 ,0.950874, 0.0434588,0.00566764,0.0491264
0.35,0.06 ,0.950809, 0.043461,0.00573007,0.0491911
0.36,0.06 ,0.95074, 0.0434633,0.00579665,0.04926
0.37,0.06 ,0.950666, 0.0434657,0.00586786,0.0493335
0.38,0.06 ,0.950588, 0.0434681,0.00594421,0.0494123
0.39,0.06 ,0.950503, 0.0434705,0.00602633,0.0494968
0.4,0.06 ,0.950412, 0.043473,0.00611493,0.0495879
0.41,0.06 ,0.950314, 0.0434756,0.00621085,0.0496864
0.42,0.06 ,0.950207, 0.0434782,0.00631512,0.0497933
0.43,0.06 ,0.95009, 0.0434808,0.0064289,0.0499097
0.44,0.06 ,0.949963, 0.0434835,0.00655365,0.0500372
0.45,0.06 ,0.949823, 0.0434863,0.00669111,0.0501774
0.46,0.06 ,0.949667, 0.0434891,0.0068434,0.0503325
0.47,0.06 ,0.949495, 0.043492,0.00701318,0.0505052
0.48,0.06 ,0.949301, 0.0434949,0.00720375,0.0506987
0.49,0.06 ,0.949083, 0.043498,0.00741932,0.0509173
0.5,0.06 ,0.948834, 0.043501,0.00766532,0.0511664
0.51,0.06 ,0.948547, 0.0435042,0.00794885,0.051453
0.52,0.06 ,0.948213, 0.0435074,0.00827938,0.0517868
0.53,0.06 ,0.947819, 0.0435107,0.00866988,0.0521806
0.54,0.06 ,0.947347, 0.0435141,0.00913844,0.0526526
0.55,0.06 ,0.946771, 0.0435176,0.00971114,0.0532287
0.56,0.06 ,0.946052, 0.0435212,0.0104268,0.053948
0.57,0.06 ,0.94513, 0.0435248,0.0113454,0.0548702
0.58,0.06 ,0.943907, 0.0435286,0.0125643,0.0560929
0.59,0.06 ,0.942218, 0.0435324,0.0142493,0.0577818
0.6,0.06 ,0.939764, 0.0435364,0.0166995,0.0602358
0.61,0.06 ,0.935982, 0.0435404,0.020478,0.0640184
0.62,0.06 ,0.92982, 0.0435446,0.0266354,0.07018
0.63,0.06 ,0.919659, 0.0435489,0.0367918,0.0803406
0.64,0.06 ,0.904259, 0.0435533,0.0521869,0.0957402
0.65,0.06 ,0.884375, 0.0435578,0.0720663,0.115624
0.66,0.06 ,0.862032, 0.0435625,0.0944051,0.137968
0.67,0.06 ,0.838786, 0.0435673,0.117646,0.161214
0.68,0.06 ,0.815464, 0.0435723,0.140964,0.184536
0.69,0.06 ,0.792469, 0.0435774,0.163953,0.207531
0.7,0.06 ,0.769998, 0.0435827,0.186419,0.230002
0.71,0.06 ,0.748142, 0.0435882,0.20827,0.251858
0.72,0.06 ,0.726941, 0.0435938,0.229465,0.273059
0.73,0.06 ,0.706408, 0.0435997,0.249992,0.293592
0.74,0.06 ,0.686538, 0.0436057,0.269856,0.313462
0.75,0.06 ,0.667321, 0.0436119,0.289067,0.332679
0.76,0.06 ,0.648739, 0.0436184,0.307643,0.351261
0.77,0.06 ,0.630773, 0.0436251,0.325602,0.369227
0.78,0.06 ,0.613401, 0.043632,0.342967,0.386599
0.79,0.06 ,0.596604, 0.0436392,0.359757,0.403396
0.8,0.06 ,0.58036, 0.0436466,0.375993,0.41964
0.81,0.06 ,0.564648, 0.0436543,0.391698,0.435352
0.82,0.06 ,0.549448, 0.0436623,0.40689,0.450552
0.83,0.06 ,0.53474, 0.0436706,0.42159,0.46526
0.84,0.06 ,0.520505, 0.0436792,0.435816,0.479495
0.85,0.06 ,0.506725, 0.0436882,0.449587,0.493275
0.86,0.06 ,0.493382, 0.0436975,0.462921,0.506618
0.87,0.06 ,0.48046, 0.0437071,0.475833,0.51954
0.88,0.06 ,0.467942, 0.0437172,0.488341,0.532058
0.89,0.06 ,0.455813, 0.0437276,0.50046,0.544187
0.9,0.06 ,0.444058, 0.0437384,0.512203,0.555942
0.91,0.06 ,0.432664, 0.0437496,0.523586,0.567336
0.92,0.06 ,0.421617, 0.0437612,0.534622,0.578383
0.93,0.06 ,0.410903, 0.0437733,0.545323,0.589097
0.94,0.06 ,0.400512, 0.0437859,0.555703,0.599488
0.95,0.06 ,0.39043, 0.0437989,0.565771,0.60957
0.96,0.06 ,0.380646, 0.0438123,0.575541,0.619354
0.97,0.06 ,0.371151, 0.0438263,0.585023,0.628849
0.98,0.06 ,0.361933, 0.0438408,0.594226,0.638067
0.99,0.06 ,0.352983, 0.0438558,0.603161,0.647017
1,0.06 ,0.344291, 0.0438714,0.611837,0.655709
0,0.07 ,0.951095, 0.0437513,0.00515393,0.0489052
0.01,0.07 ,0.951078, 0.0437526,0.0051698,0.0489224
0.02,0.07 ,0.95106, 0.043754,0.0051861,0.0489401
0.03,0.07 ,0.951042, 0.0437553,0.00520286,0.0489582
0.04,0.07 ,0.951023, 0.0437567,0.00522009,0.0489768
0.05,0.07 ,0.951004, 0.0437581,0.00523783,0.0489959
0.06,0.07 ,0.950984, 0.0437595,0.00525609,0.0490156
0.07,0.07 ,0.950964, 0.043761,0.0052749,0.0490358
0.08,0.07 ,0.950943, 0.0437624,0.00529428,0.0490567
0.09,0.07 ,0.950922, 0.0437639,0.00531428,0.0490782
0.1,0.07 ,0.9509, 0.0437654,0.00533492,0.0491003
0.11,0.07 ,0.950877, 0.0437669,0.00535623,0.0491231
0.12,0.07 ,0.950853, 0.0437684,0.00537825,0.0491467
0.13,0.07 ,0.950829, 0.04377,0.00540103,0.049171
0.14,0.07 ,0.950804, 0.0437716,0.0054246,0.0491962
0.15,0.07 ,0.950778, 0.0437732,0.00544901,0.0492222
0.16,0.07 ,0.950751, 0.0437748,0.00547431,0.0492491
0.17,0.07 ,0.950723, 0.0437765,0.00550056,0.0492771
0.18,0.07 ,0.950694, 0.0437782,0.00552781,0.049306
0.19,0.07 ,0.950664, 0.0437799,0.00555613,0.049336
0.2,0.07 ,0.950633, 0.0437816,0.0055856,0.0493672
0.21,0.07 ,0.9506, 0.0437834,0.00561627,0.0493997
0.22,0.07 ,0.950567, 0.0437852,0.00564825,0.0494334
0.23,0.07 ,0.950531, 0.043787,0.00568163,0.0494686
0.24,0.07 ,0.950495, 0.0437889,0.00571649,0.0495053
0.25,0.07 ,0.950456, 0.0437907,0.00575296,0.0495437
0.26,0.07 ,0.950416, 0.0437927,0.00579116,0.0495838
0.27,0.07 ,0.950374, 0.0437946,0.00583123,0.0496258
0.28,0.07 ,0.95033, 0.0437966,0.00587331,0.0496699
0.29,0.07 ,0.950284, 0.0437986,0.00591757,0.0497162
0.3,0.07 ,0.950235, 0.0438006,0.00596422,0.0497649
0.31,0.07 ,0.950184, 0.0438027,0.00601344,0.0498162
0.32,0.07 ,0.95013, 0.0438049,0.0060655,0.0498703
0.33,0.07 ,0.950072, 0.043807,0.00612064,0.0499277
0.34,0.07 ,0.950012, 0.0438092,0.00617919,0.0499884
0.35,0.07 ,0.949947, 0.0438115,0.00624148,0.0500529
0.36,0.07 ,0.949878, 0.0438137,0.00630791,0.0501217
0.37,0.07 ,0.949805, 0.0438161,0.00637895,0.050195
0.38,0.07 ,0.949726, 0.0438185,0.00645511,0.0502736
0.39,0.07 ,0.949642, 0.0438209,0.00653701,0.0503579
0.4,0.07 ,0.949551, 0.0438233,0.00662536,0.0504487
0.41,0.07 ,0.949453, 0.0438259,0.006721,0.0505469
0.42,0.07 ,0.949347, 0.0438284,0.00682493,0.0506534
0.43,0.07 ,0.949231, 0.0438311,0.00693834,0.0507694
0.44,0.07 ,0.949104, 0.0438337,0.00706264,0.0508964
0.45,0.07 ,0.948964, 0.0438365,0.00719956,0.051036
0.46,0.07 ,0.94881, 0.0438393,0.00735122,0.0511905
0.47,0.07 ,0.948638, 0.0438421,0.00752023,0.0513624
0.48,0.07 ,0.948445, 0.0438451,0.00770987,0.0515549
0.49,0.07 ,0.948228, 0.043848,0.00792429,0.0517723
0.5,0.07 ,0.94798, 0.0438511,0.00816886,0.05202
0.51,0.07 ,0.947695, 0.0438542,0.00845056,0.0523048
0.52,0.07 ,0.947364, 0.0438574,0.00877875,0.0526362
0.53,0.07 ,0.946973, 0.0438607,0.00916616,0.0530269
0.54,0.07 ,0.946505, 0.0438641,0.00963057,0.0534946
0.55,0.07 ,0.945935, 0.0438675,0.0101975,0.0540651
0.56,0.07 ,0.945224, 0.043871,0.010905,0.0547761
0.57,0.07 ,0.944314, 0.0438747,0.0118116,0.0556863
0.58,0.07 ,0.94311, 0.0438784,0.0130119,0.0568902
0.59,0.07 ,0.941451, 0.0438822,0.0146666,0.0585488
0.6,0.07 ,0.93905, 0.0438861,0.0170644,0.0609505
0.61,0.07 ,0.935362, 0.0438901,0.0207477,0.0646378
0.62,0.07 ,0.929376, 0.0438943,0.02673,0.0706243
0.63,0.07 ,0.919499, 0.0438985,0.0366021,0.0805007
0.64,0.07 ,0.904429, 0.0439029,0.051667,0.0955699
0.65,0.07 ,0.884794, 0.0439074,0.0712975,0.115205
0.66,0.07 ,0.862592, 0.043912,0.0934958,0.137408
0.67,0.07 ,0.839418, 0.0439168,0.116665,0.160582
0.68,0.07 ,0.816132, 0.0439217,0.139946,0.183868
0.69,0.07 ,0.793155, 0.0439268,0.162918,0.206845
0.7,0.07 ,0.77069, 0.0439321,0.185378,0.22931
0.71,0.07 ,0.748834, 0.0439375,0.207228,0.251166
0.72,0.07 ,0.727631, 0.0439431,0.228426,0.272369
0.73,0.07 ,0.707092, 0.0439488,0.248959,0.292908
0.74,0.07 ,0.687215, 0.0439548,0.26883,0.312785
0.75,0.07 ,0.66799, 0.043961,0.288049,0.33201
0.76,0.07 ,0.649399, 0.0439674,0.306633,0.350601
0.77,0.07 ,0.631424, 0.043974,0.324602,0.368576
