Betamv, Betapv,V,Rs,Rv,P
0,0 ,0.989096, 0.00890441,0.002,0.0109044
0.01,0 ,0.988993, 0.00892197,0.00208496,0.0110069
0.02,0 ,0.988887, 0.00893968,0.00217305,0.0111127
0.03,0 ,0.988778, 0.00895755,0.00226444,0.011222
0.04,0 ,0.988665, 0.00897557,0.0023593,0.0113349
0.05,0 ,0.988548, 0.00899376,0.00245781,0.0114516
0.06,0 ,0.988428, 0.00901212,0.00256019,0.0115723
0.07,0 ,0.988303, 0.00903064,0.00266664,0.0116973
0.08,0 ,0.988173, 0.00904933,0.00277741,0.0118267
0.09,0 ,0.988039, 0.00906819,0.00289273,0.0119609
0.1,0 ,0.9879, 0.00908723,0.00301289,0.0121001
0.11,0 ,0.987755, 0.00910644,0.00313816,0.0122446
0.12,0 ,0.987605, 0.00912583,0.00326888,0.0123947
0.13,0 ,0.987449, 0.00914541,0.00340537,0.0125508
0.14,0 ,0.987287, 0.00916516,0.00354802,0.0127132
0.15,0 ,0.987118, 0.00918511,0.00369721,0.0128823
0.16,0 ,0.986941, 0.00920525,0.00385339,0.0130586
0.17,0 ,0.986757, 0.00922557,0.00401703,0.0132426
0.18,0 ,0.986565, 0.0092461,0.00418865,0.0134348
0.19,0 ,0.986364, 0.00926682,0.00436883,0.0136357
0.2,0 ,0.986154, 0.00928775,0.00455817,0.0138459
0.21,0 ,0.985934, 0.00930888,0.00475738,0.0140663
0.22,0 ,0.985703, 0.00933022,0.00496719,0.0142974
0.23,0 ,0.98546, 0.00935177,0.00518843,0.0145402
0.24,0 ,0.985204, 0.00937353,0.00542203,0.0147956
0.25,0 ,0.984935, 0.00939551,0.00566899,0.0150645
0.26,0 ,0.984652, 0.00941772,0.00593045,0.0153482
0.27,0 ,0.984352, 0.00944015,0.00620767,0.0156478
0.28,0 ,0.984035, 0.0094628,0.00650204,0.0159648
0.29,0 ,0.983699, 0.00948569,0.00681514,0.0163008
0.3,0 ,0.983342, 0.00950881,0.00714873,0.0166575
0.31,0 ,0.982963, 0.00953218,0.00750482,0.017037
0.32,0 ,0.982559, 0.00955578,0.00788565,0.0174414
0.33,0 ,0.982127, 0.00957964,0.00829379,0.0178734
0.34,0 ,0.981664, 0.00960374,0.00873215,0.0183359
0.35,0 ,0.981168, 0.0096281,0.00920409,0.0188322
0.36,0 ,0.980634, 0.00965272,0.00971346,0.0193662
0.37,0 ,0.980058, 0.0096776,0.0102647,0.0199423
0.38,0 ,0.979434, 0.00970274,0.0108629,0.0205657
0.39,0 ,0.978758, 0.00972816,0.0115142,0.0212424
0.4,0 ,0.978021, 0.00975386,0.0122256,0.0219794
0.41,0 ,0.977215, 0.00977983,0.0130054,0.0227852
0.42,0 ,0.97633, 0.00980609,0.0138635,0.0236696
0.43,0 ,0.975356, 0.00983264,0.0148118,0.0246445
0.44,0 ,0.974276, 0.00985948,0.0158645,0.025724
0.45,0 ,0.973075, 0.00988663,0.0170387,0.0269254
0.46,0 ,0.97173, 0.00991407,0.0183556,0.0282697
0.47,0 ,0.970217, 0.00994183,0.0198411,0.0297829
0.48,0 ,0.968503, 0.00996989,0.0215272,0.0314971
0.49,0 ,0.966548, 0.00999828,0.023454,0.0334523
0.5,0 ,0.964301, 0.010027,0.0256721,0.0356991
0.51,0 ,0.961699, 0.010056,0.0282454,0.0383014
0.52,0 ,0.958659, 0.0100854,0.0312551,0.0413405
0.53,0 ,0.95508, 0.0101151,0.0348051,0.0449202
0.54,0 ,0.950828, 0.0101452,0.0390267,0.0491718
0.55,0 ,0.94574, 0.0101756,0.0440848,0.0542604
0.56,0 ,0.939613, 0.0102064,0.050181,0.0603873
0.57,0 ,0.932213, 0.0102375,0.0575495,0.067787
0.58,0 ,0.92329, 0.010269,0.0664412,0.0767102
0.59,0 ,0.912613, 0.0103008,0.0770863,0.0873871
0.6,0 ,0.900028, 0.0103331,0.0896387,0.0999717
0.61,0 ,0.885516, 0.0103657,0.104118,0.114484
0.62,0 ,0.869219, 0.0103987,0.120382,0.130781
0.63,0 ,0.85142, 0.0104322,0.138147,0.14858
0.64,0 ,0.832481, 0.010466,0.157053,0.167519
0.65,0 ,0.812771, 0.0105002,0.176728,0.187229
0.66,0 ,0.792624, 0.0105349,0.196842,0.207376
0.67,0 ,0.772308, 0.0105699,0.217122,0.227692
0.68,0 ,0.752035, 0.0106054,0.237359,0.247965
0.69,0 ,0.731958, 0.0106414,0.257401,0.268042
0.7,0 ,0.712186, 0.0106777,0.277136,0.287814
0.71,0 ,0.692798, 0.0107145,0.296488,0.307202
0.72,0 ,0.673844, 0.0107518,0.315405,0.326156
0.73,0 ,0.655357, 0.0107895,0.333854,0.344643
0.74,0 ,0.637356, 0.0108277,0.351816,0.362644
0.75,0 ,0.619852, 0.0108664,0.369281,0.380148
0.76,0 ,0.602848, 0.0109055,0.386247,0.397152
0.77,0 ,0.586339, 0.0109451,0.402716,0.413661
0.78,0 ,0.570321, 0.0109852,0.418694,0.429679
0.79,0 ,0.554784, 0.0110258,0.43419,0.445216
0.8,0 ,0.539718, 0.0110669,0.449215,0.460282
0.81,0 ,0.525111, 0.0111085,0.463781,0.474889
0.82,0 ,0.51095, 0.0111506,0.477899,0.48905
0.83,0 ,0.497223, 0.0111932,0.491584,0.502777
0.84,0 ,0.483916, 0.0112364,0.504848,0.516084
0.85,0 ,0.471016, 0.01128,0.517704,0.528984
0.86,0 ,0.45851, 0.0113243,0.530166,0.54149
0.87,0 ,0.446384, 0.011369,0.542247,0.553616
0.88,0 ,0.434626, 0.0114143,0.55396,0.565374
0.89,0 ,0.423223, 0.0114601,0.565316,0.576777
0.9,0 ,0.412164, 0.0115065,0.576329,0.587836
0.91,0 ,0.401437, 0.0115534,0.58701,0.598563
0.92,0 ,0.391029, 0.011601,0.59737,0.608971
0.93,0 ,0.380931, 0.011649,0.60742,0.619069
0.94,0 ,0.371131, 0.0116977,0.617172,0.628869
0.95,0 ,0.361619, 0.0117469,0.626634,0.638381
0.96,0 ,0.352385, 0.0117967,0.635818,0.647615
0.97,0 ,0.34342, 0.011847,0.644733,0.65658
0.98,0 ,0.334715, 0.011898,0.653387,0.665285
0.99,0 ,0.326261, 0.0119495,0.66179,0.673739
1,0 ,0.318048, 0.0120017,0.66995,0.681952
0,0.01 ,0.989083, 0.00890512,0.00201147,0.0109166
0.01,0.01 ,0.988981, 0.00892267,0.00209643,0.0110191
0.02,0.01 ,0.988875, 0.00894038,0.00218452,0.0111249
0.03,0.01 ,0.988766, 0.00895825,0.0022759,0.0112342
0.04,0.01 ,0.988653, 0.00897628,0.00237076,0.011347
0.05,0.01 ,0.988536, 0.00899447,0.00246927,0.0114637
0.06,0.01 ,0.988416, 0.00901282,0.00257165,0.0115845
0.07,0.01 ,0.988291, 0.00903134,0.0026781,0.0117094
0.08,0.01 ,0.988161, 0.00905003,0.00278886,0.0118389
0.09,0.01 ,0.988027, 0.00906889,0.00290418,0.0119731
0.1,0.01 ,0.987888, 0.00908793,0.00302434,0.0121123
0.11,0.01 ,0.987743, 0.00910714,0.00314961,0.0122568
0.12,0.01 ,0.987593, 0.00912653,0.00328032,0.0124069
0.13,0.01 ,0.987437, 0.00914611,0.00341681,0.0125629
0.14,0.01 ,0.987275, 0.00916586,0.00355945,0.0127253
0.15,0.01 ,0.987106, 0.00918581,0.00370864,0.0128945
0.16,0.01 ,0.986929, 0.00920594,0.00386482,0.0130708
0.17,0.01 ,0.986745, 0.00922627,0.00402846,0.0132547
0.18,0.01 ,0.986553, 0.0092468,0.00420007,0.0134469
0.19,0.01 ,0.986352, 0.00926752,0.00438024,0.0136478
0.2,0.01 ,0.986142, 0.00928844,0.00456959,0.013858
0.21,0.01 ,0.985922, 0.00930957,0.00476878,0.0140784
0.22,0.01 ,0.985691, 0.00933091,0.00497858,0.0143095
0.23,0.01 ,0.985448, 0.00935246,0.00519982,0.0145523
0.24,0.01 ,0.985192, 0.00937423,0.00543341,0.0148076
0.25,0.01 ,0.984923, 0.00939621,0.00568037,0.0150766
0.26,0.01 ,0.98464, 0.00941841,0.00594182,0.0153602
0.27,0.01 ,0.98434, 0.00944084,0.00621903,0.0156599
0.28,0.01 ,0.984023, 0.00946349,0.00651339,0.0159769
0.29,0.01 ,0.983687, 0.00948638,0.00682647,0.0163129
0.3,0.01 ,0.98333, 0.0095095,0.00716006,0.0166696
0.31,0.01 ,0.982951, 0.00953287,0.00751613,0.017049
0.32,0.01 ,0.982547, 0.00955647,0.00789694,0.0174534
0.33,0.01 ,0.982115, 0.00958032,0.00830506,0.0178854
0.34,0.01 ,0.981652, 0.00960443,0.00874341,0.0183478
0.35,0.01 ,0.981156, 0.00962878,0.00921533,0.0188441
0.36,0.01 ,0.980622, 0.0096534,0.00972467,0.0193781
0.37,0.01 ,0.980046, 0.00967828,0.0102759,0.0199541
0.38,0.01 ,0.979422, 0.00970343,0.0108741,0.0205775
0.39,0.01 ,0.978746, 0.00972884,0.0115253,0.0212542
0.4,0.01 ,0.978009, 0.00975454,0.0122367,0.0219912
0.41,0.01 ,0.977203, 0.00978051,0.0130164,0.0227969
0.42,0.01 ,0.976319, 0.00980677,0.0138745,0.0236813
0.43,0.01 ,0.975344, 0.00983332,0.0148227,0.0246561
0.44,0.01 ,0.974265, 0.00986016,0.0158753,0.0257355
0.45,0.01 ,0.973063, 0.0098873,0.0170495,0.0269368
0.46,0.01 ,0.971719, 0.00991475,0.0183663,0.028281
0.47,0.01 ,0.970206, 0.0099425,0.0198516,0.0297941
0.48,0.01 ,0.968492, 0.00997057,0.0215375,0.0315081
0.49,0.01 ,0.966537, 0.00999895,0.0234642,0.0334631
0.5,0.01 ,0.96429, 0.0100277,0.025682,0.0357097
0.51,0.01 ,0.961688, 0.0100567,0.028255,0.0383117
0.52,0.01 ,0.958649, 0.0100861,0.0312644,0.0413505
0.53,0.01 ,0.95507, 0.0101158,0.0348139,0.0449297
0.54,0.01 ,0.950819, 0.0101458,0.0390349,0.0491808
0.55,0.01 ,0.945731, 0.0101762,0.0440924,0.0542687
0.56,0.01 ,0.939605, 0.010207,0.0501876,0.0603947
0.57,0.01 ,0.932207, 0.0102381,0.0575551,0.0677932
0.58,0.01 ,0.923285, 0.0102696,0.0664454,0.0767151
0.59,0.01 ,0.91261, 0.0103015,0.0770889,0.0873904
0.6,0.01 ,0.900027, 0.0103337,0.0896396,0.0999733
0.61,0.01 ,0.885516, 0.0103664,0.104117,0.114484
0.62,0.01 ,0.869221, 0.0103994,0.12038,0.130779
0.63,0.01 ,0.851424, 0.0104328,0.138144,0.148576
0.64,0.01 ,0.832485, 0.0104666,0.157048,0.167515
0.65,0.01 ,0.812777, 0.0105009,0.176722,0.187223
0.66,0.01 ,0.79263, 0.0105355,0.196835,0.20737
0.67,0.01 ,0.772315, 0.0105706,0.217114,0.227685
0.68,0.01 ,0.752042, 0.0106061,0.237352,0.247958
0.69,0.01 ,0.731965, 0.010642,0.257393,0.268035
0.7,0.01 ,0.712194, 0.0106784,0.277127,0.287806
0.71,0.01 ,0.692806, 0.0107152,0.296479,0.307194
0.72,0.01 ,0.673852, 0.0107524,0.315396,0.326148
0.73,0.01 ,0.655365, 0.0107902,0.333845,0.344635
0.74,0.01 ,0.637364, 0.0108283,0.351807,0.362636
0.75,0.01 ,0.619861, 0.010867,0.369273,0.380139
0.76,0.01 ,0.602856, 0.0109061,0.386238,0.397144
0.77,0.01 ,0.586347, 0.0109457,0.402707,0.413653
0.78,0.01 ,0.570329, 0.0109858,0.418686,0.429671
0.79,0.01 ,0.554792, 0.0110264,0.434182,0.445208
0.8,0.01 ,0.539726, 0.0110675,0.449207,0.460274
0.81,0.01 ,0.525118, 0.0111091,0.463772,0.474882
0.82,0.01 ,0.510958, 0.0111512,0.477891,0.489042
0.83,0.01 ,0.497231, 0.0111938,0.491576,0.502769
0.84,0.01 ,0.483923, 0.011237,0.50484,0.516077
0.85,0.01 ,0.471023, 0.0112807,0.517696,0.528977
0.86,0.01 ,0.458517, 0.0113249,0.530158,0.541483
0.87,0.01 ,0.446391, 0.0113696,0.542239,0.553609
0.88,0.01 ,0.434633, 0.0114149,0.553952,0.565367
0.89,0.01 ,0.42323, 0.0114607,0.565309,0.57677
0.9,0.01 ,0.412171, 0.0115071,0.576322,0.587829
0.91,0.01 ,0.401443, 0.011554,0.587003,0.598557
0.92,0.01 ,0.391036, 0.0116015,0.597363,0.608964
0.93,0.01 ,0.380937, 0.0116496,0.607413,0.619063
0.94,0.01 ,0.371137, 0.0116982,0.617165,0.628863
0.95,0.01 ,0.361625, 0.0117475,0.626627,0.638375
0.96,0.01 ,0.352392, 0.0117972,0.635811,0.647608
0.97,0.01 ,0.343427, 0.0118476,0.644726,0.656573
0.98,0.01 ,0.334721, 0.0118986,0.65338,0.665279
0.99,0.01 ,0.326267, 0.0119501,0.661783,0.673733
1,0.01 ,0.318054, 0.0120022,0.669943,0.681946
0,0.02 ,0.989071, 0.00890583,0.00202323,0.0109291
0.01,0.02 ,0.988968, 0.00892338,0.00210819,0.0110316
0.02,0.02 ,0.988863, 0.00894109,0.00219628,0.0111374
0.03,0.02 ,0.988753, 0.00895896,0.00228766,0.0112466
0.04,0.02 ,0.98864, 0.00897699,0.00238252,0.0113595
0.05,0.02 ,0.988524, 0.00899518,0.00248103,0.0114762
0.06,0.02 ,0.988403, 0.00901353,0.0025834,0.0115969
0.07,0.02 ,0.988278, 0.00903205,0.00268985,0.0117219
0.08,0.02 ,0.988149, 0.00905074,0.00280061,0.0118513
0.09,0.02 ,0.988014, 0.0090696,0.00291593,0.0119855
0.1,0.02 ,0.987875, 0.00908864,0.00303608,0.0121247
0.11,0.02 ,0.987731, 0.00910785,0.00316135,0.0122692
0.12,0.02 ,0.987581, 0.00912724,0.00329206,0.0124193
0.13,0.02 ,0.987425, 0.00914681,0.00342855,0.0125754
0.14,0.02 ,0.987262, 0.00916657,0.00357118,0.0127378
0.15,0.02 ,0.987093, 0.00918651,0.00372037,0.0129069
0.16,0.02 ,0.986917, 0.00920665,0.00387654,0.0130832
0.17,0.02 ,0.986733, 0.00922698,0.00404017,0.0132671
0.18,0.02 ,0.986541, 0.0092475,0.00421179,0.0134593
0.19,0.02 ,0.98634, 0.00926822,0.00439195,0.0136602
0.2,0.02 ,0.98613, 0.00928915,0.00458129,0.0138704
0.21,0.02 ,0.985909, 0.00931028,0.00478048,0.0140908
0.22,0.02 ,0.985678, 0.00933161,0.00499028,0.0143219
0.23,0.02 ,0.985435, 0.00935316,0.00521151,0.0145647
0.24,0.02 ,0.98518, 0.00937492,0.00544509,0.01482
0.25,0.02 ,0.984911, 0.00939691,0.00569204,0.0150889
0.26,0.02 ,0.984627, 0.00941911,0.00595348,0.0153726
0.27,0.02 ,0.984328, 0.00944153,0.00623068,0.0156722
0.28,0.02 ,0.984011, 0.00946419,0.00652503,0.0159892
0.29,0.02 ,0.983675, 0.00948708,0.0068381,0.0163252
0.3,0.02 ,0.983318, 0.0095102,0.00717167,0.0166819
0.31,0.02 ,0.982939, 0.00953356,0.00752773,0.0170613
0.32,0.02 ,0.982534, 0.00955717,0.00790853,0.0174657
0.33,0.02 ,0.982102, 0.00958102,0.00831663,0.0178976
0.34,0.02 ,0.98164, 0.00960512,0.00875496,0.0183601
0.35,0.02 ,0.981144, 0.00962948,0.00922686,0.0188563
0.36,0.02 ,0.98061, 0.00965409,0.00973617,0.0193903
0.37,0.02 ,0.980034, 0.00967897,0.0102873,0.0199663
0.38,0.02 ,0.97941, 0.00970411,0.0108855,0.0205896
0.39,0.02 ,0.978734, 0.00972953,0.0115367,0.0212663
0.4,0.02 ,0.977997, 0.00975522,0.012248,0.0220033
0.41,0.02 ,0.977191, 0.0097812,0.0130277,0.0228089
0.42,0.02 ,0.976307, 0.00980746,0.0138858,0.0236932
0.43,0.02 ,0.975332, 0.009834,0.0148339,0.0246679
0.44,0.02 ,0.974253, 0.00986084,0.0158864,0.0257473
0.45,0.02 ,0.973052, 0.00988798,0.0170605,0.0269485
0.46,0.02 ,0.971707, 0.00991543,0.0183772,0.0282926
0.47,0.02 ,0.970194, 0.00994318,0.0198624,0.0298056
0.48,0.02 ,0.968481, 0.00997125,0.0215482,0.0315194
0.49,0.02 ,0.966526, 0.00999963,0.0234746,0.0334743
0.5,0.02 ,0.964279, 0.0100283,0.0256922,0.0357206
0.51,0.02 ,0.961678, 0.0100574,0.0282649,0.0383223
0.52,0.02 ,0.958639, 0.0100867,0.031274,0.0413607
0.53,0.02 ,0.955061, 0.0101165,0.034823,0.0449395
0.54,0.02 ,0.95081, 0.0101465,0.0390435,0.04919
0.55,0.02 ,0.945723, 0.0101769,0.0441002,0.0542771
0.56,0.02 ,0.939598, 0.0102077,0.0501945,0.0604022
0.57,0.02 ,0.9322, 0.0102388,0.0575608,0.0677996
0.58,0.02 ,0.92328, 0.0102703,0.0664498,0.0767201
0.59,0.02 ,0.912606, 0.0103022,0.0770917,0.0873938
0.6,0.02 ,0.900025, 0.0103344,0.0896406,0.099975
0.61,0.02 ,0.885516, 0.010367,0.104117,0.114484
0.62,0.02 ,0.869223, 0.0104001,0.120377,0.130777
0.63,0.02 ,0.851427, 0.0104335,0.13814,0.148573
0.64,0.02 ,0.83249, 0.0104673,0.157043,0.16751
0.65,0.02 ,0.812783, 0.0105015,0.176716,0.187217
0.66,0.02 ,0.792636, 0.0105362,0.196828,0.207364
0.67,0.02 ,0.772322, 0.0105712,0.217106,0.227678
0.68,0.02 ,0.75205, 0.0106067,0.237343,0.24795
0.69,0.02 ,0.731973, 0.0106426,0.257384,0.268027
0.7,0.02 ,0.712202, 0.010679,0.277119,0.287798
0.71,0.02 ,0.692814, 0.0107158,0.29647,0.307186
0.72,0.02 ,0.67386, 0.0107531,0.315387,0.32614
0.73,0.02 ,0.655373, 0.0107908,0.333836,0.344627
0.74,0.02 ,0.637373, 0.010829,0.351798,0.362627
0.75,0.02 ,0.619869, 0.0108676,0.369264,0.380131
0.76,0.02 ,0.602864, 0.0109068,0.386229,0.397136
0.77,0.02 ,0.586355, 0.0109464,0.402698,0.413645
0.78,0.02 ,0.570337, 0.0109865,0.418677,0.429663
0.79,0.02 ,0.5548, 0.011027,0.434173,0.4452
0.8,0.02 ,0.539733, 0.0110681,0.449198,0.460267
0.81,0.02 ,0.525126, 0.0111097,0.463764,0.474874
0.82,0.02 ,0.510966, 0.0111518,0.477883,0.489034
0.83,0.02 ,0.497238, 0.0111945,0.491567,0.502762
0.84,0.02 ,0.483931, 0.0112376,0.504831,0.516069
0.85,0.02 ,0.471031, 0.0112813,0.517688,0.528969
0.86,0.02 ,0.458524, 0.0113255,0.53015,0.541476
0.87,0.02 ,0.446398, 0.0113702,0.542232,0.553602
0.88,0.02 ,0.43464, 0.0114155,0.553944,0.56536
0.89,0.02 ,0.423238, 0.0114613,0.565301,0.576762
0.9,0.02 ,0.412178, 0.0115077,0.576314,0.587822
0.91,0.02 ,0.40145, 0.0115546,0.586995,0.59855
0.92,0.02 ,0.391043, 0.0116021,0.597355,0.608957
0.93,0.02 ,0.380944, 0.0116502,0.607406,0.619056
0.94,0.02 ,0.371144, 0.0116988,0.617157,0.628856
0.95,0.02 ,0.361632, 0.011748,0.62662,0.638368
0.96,0.02 ,0.352398, 0.0117978,0.635804,0.647602
0.97,0.02 ,0.343433, 0.0118482,0.644719,0.656567
0.98,0.02 ,0.334728, 0.0118991,0.653373,0.665272
0.99,0.02 ,0.326273, 0.0119507,0.661776,0.673727
1,0.02 ,0.31806, 0.0120028,0.669937,0.68194
0,0.03 ,0.989058, 0.00890655,0.0020353,0.0109418
0.01,0.03 ,0.988956, 0.0089241,0.00212026,0.0110444
0.02,0.03 ,0.98885, 0.00894181,0.00220834,0.0111502
0.03,0.03 ,0.988741, 0.00895968,0.00229973,0.0112594
0.04,0.03 ,0.988628, 0.00897771,0.00239458,0.0113723
0.05,0.03 ,0.988511, 0.00899589,0.00249309,0.011489
0.06,0.03 ,0.98839, 0.00901425,0.00259546,0.0116097
0.07,0.03 ,0.988265, 0.00903277,0.00270191,0.0117347
0.08,0.03 ,0.988136, 0.00905146,0.00281266,0.0118641
0.09,0.03 ,0.988002, 0.00907032,0.00292798,0.0119983
0.1,0.03 ,0.987863, 0.00908935,0.00304813,0.0121375
0.11,0.03 ,0.987718, 0.00910856,0.0031734,0.012282
0.12,0.03 ,0.987568, 0.00912795,0.0033041,0.0124321
0.13,0.03 ,0.987412, 0.00914752,0.00344059,0.0125881
0.14,0.03 ,0.98725, 0.00916728,0.00358322,0.0127505
0.15,0.03 ,0.98708, 0.00918722,0.0037324,0.0129196
0.16,0.03 ,0.986904, 0.00920736,0.00388857,0.0130959
0.17,0.03 ,0.98672, 0.00922769,0.0040522,0.0132799
0.18,0.03 ,0.986528, 0.00924821,0.00422381,0.013472
0.19,0.03 ,0.986327, 0.00926893,0.00440397,0.0136729
0.2,0.03 ,0.986117, 0.00928985,0.0045933,0.0138832
0.21,0.03 ,0.985897, 0.00931098,0.00479248,0.0141035
0.22,0.03 ,0.985665, 0.00933232,0.00500227,0.0143346
0.23,0.03 ,0.985423, 0.00935387,0.0052235,0.0145774
0.24,0.03 ,0.985167, 0.00937563,0.00545707,0.0148327
0.25,0.03 ,0.984898, 0.00939761,0.00570402,0.0151016
0.26,0.03 ,0.984615, 0.00941981,0.00596545,0.0153853
0.27,0.03 ,0.984315, 0.00944224,0.00624263,0.0156849
0.28,0.03 ,0.983998, 0.00946489,0.00653697,0.0160019
0.29,0.03 ,0.983662, 0.00948778,0.00685004,0.0163378
0.3,0.03 ,0.983306, 0.0095109,0.00718359,0.0166945
0.31,0.03 ,0.982926, 0.00953426,0.00753963,0.0170739
0.32,0.03 ,0.982522, 0.00955786,0.00792042,0.0174783
0.33,0.03 ,0.98209, 0.00958172,0.0083285,0.0179102
0.34,0.03 ,0.981627, 0.00960582,0.00876681,0.0183726
0.35,0.03 ,0.981131, 0.00963017,0.00923868,0.0188689
0.36,0.03 ,0.980597, 0.00965479,0.00974797,0.0194028
0.37,0.03 ,0.980021, 0.00967966,0.0102991,0.0199788
0.38,0.03 ,0.979398, 0.00970481,0.0108973,0.0206021
0.39,0.03 ,0.978721, 0.00973022,0.0115484,0.0212787
0.4,0.03 ,0.977984, 0.00975592,0.0122597,0.0220156
0.41,0.03 ,0.977179, 0.00978189,0.0130394,0.0228212
0.42,0.03 ,0.976295, 0.00980815,0.0138973,0.0237055
0.43,0.03 ,0.97532, 0.00983469,0.0148454,0.0246801
0.44,0.03 ,0.974241, 0.00986153,0.0158978,0.0257594
0.45,0.03 ,0.97304, 0.00988867,0.0170718,0.0269605
0.46,0.03 ,0.971695, 0.00991611,0.0183884,0.0283045
0.47,0.03 ,0.970183, 0.00994386,0.0198734,0.0298173
0.48,0.03 ,0.968469, 0.00997193,0.0215591,0.031531
0.49,0.03 ,0.966514, 0.0100003,0.0234853,0.0334856
0.5,0.03 ,0.964268, 0.010029,0.0257027,0.0357317
0.51,0.03 ,0.961667, 0.0100581,0.0282751,0.0383331
0.52,0.03 ,0.958629, 0.0100874,0.0312838,0.0413712
0.53,0.03 ,0.955051, 0.0101171,0.0348323,0.0449495
0.54,0.03 ,0.950801, 0.0101472,0.0390522,0.0491994
0.55,0.03 ,0.945714, 0.0101776,0.0441082,0.0542858
0.56,0.03 ,0.93959, 0.0102084,0.0502016,0.0604099
0.57,0.03 ,0.932194, 0.0102395,0.0575667,0.0678062
0.58,0.03 ,0.923275, 0.010271,0.0664542,0.0767252
0.59,0.03 ,0.912603, 0.0103028,0.0770945,0.0873973
0.6,0.03 ,0.900023, 0.0103351,0.0896416,0.0999767
0.61,0.03 ,0.885517, 0.0103677,0.104116,0.114483
0.62,0.03 ,0.869225, 0.0104007,0.120375,0.130775
0.63,0.03 ,0.85143, 0.0104341,0.138135,0.14857
0.64,0.03 ,0.832495, 0.010468,0.157037,0.167505
0.65,0.03 ,0.812788, 0.0105022,0.176709,0.187212
0.66,0.03 ,0.792643, 0.0105368,0.19682,0.207357
0.67,0.03 ,0.77233, 0.0105719,0.217099,0.22767
0.68,0.03 ,0.752057, 0.0106074,0.237335,0.247943
0.69,0.03 ,0.731981, 0.0106433,0.257376,0.268019
0.7,0.03 ,0.71221, 0.0106797,0.27711,0.28779
0.71,0.03 ,0.692822, 0.0107165,0.296461,0.307178
0.72,0.03 ,0.673868, 0.0107537,0.315378,0.326132
0.73,0.03 ,0.655381, 0.0107914,0.333827,0.344619
0.74,0.03 ,0.637381, 0.0108296,0.351789,0.362619
0.75,0.03 ,0.619877, 0.0108683,0.369255,0.380123
0.76,0.03 ,0.602872, 0.0109074,0.38622,0.397128
0.77,0.03 ,0.586364, 0.010947,0.402689,0.413636
0.78,0.03 ,0.570345, 0.0109871,0.418668,0.429655
0.79,0.03 ,0.554808, 0.0110277,0.434164,0.445192
0.8,0.03 ,0.539742, 0.0110688,0.44919,0.460258
0.81,0.03 ,0.525134, 0.0111104,0.463755,0.474866
0.82,0.03 ,0.510973, 0.0111525,0.477874,0.489027
0.83,0.03 ,0.497246, 0.0111951,0.491559,0.502754
0.84,0.03 ,0.483939, 0.0112382,0.504823,0.516061
0.85,0.03 ,0.471038, 0.0112819,0.51768,0.528962
0.86,0.03 ,0.458532, 0.0113261,0.530142,0.541468
0.87,0.03 ,0.446406, 0.0113708,0.542223,0.553594
0.88,0.03 ,0.434648, 0.0114161,0.553936,0.565352
0.89,0.03 ,0.423245, 0.0114619,0.565293,0.576755
0.9,0.03 ,0.412185, 0.0115083,0.576306,0.587815
0.91,0.03 ,0.401457, 0.0115552,0.586987,0.598543
0.92,0.03 ,0.39105, 0.0116027,0.597348,0.60895
0.93,0.03 ,0.380951, 0.0116508,0.607398,0.619049
0.94,0.03 ,0.371151, 0.0116994,0.61715,0.628849
0.95,0.03 ,0.361638, 0.0117486,0.626613,0.638362
0.96,0.03 ,0.352405, 0.0117984,0.635797,0.647595
0.97,0.03 ,0.343439, 0.0118488,0.644712,0.656561
0.98,0.03 ,0.334734, 0.0118997,0.653366,0.665266
0.99,0.03 ,0.326279, 0.0119513,0.66177,0.673721
1,0.03 ,0.318067, 0.0120034,0.66993,0.681933
0,0.04 ,0.989045, 0.00890727,0.00204769,0.010955
0.01,0.04 ,0.988943, 0.00892483,0.00213265,0.0110575
0.02,0.04 ,0.988837, 0.00894253,0.00222073,0.0111633
0.03,0.04 ,0.988727, 0.0089604,0.00231211,0.0112725
0.04,0.04 ,0.988615, 0.00897843,0.00240696,0.0113854
0.05,0.04 ,0.988498, 0.00899662,0.00250547,0.0115021
0.06,0.04 ,0.988377, 0.00901497,0.00260784,0.0116228
0.07,0.04 ,0.988252, 0.00903349,0.00271428,0.0117478
0.08,0.04 ,0.988123, 0.00905218,0.00282504,0.0118772
0.09,0.04 ,0.987989, 0.00907104,0.00294035,0.0120114
0.1,0.04 ,0.987849, 0.00909007,0.0030605,0.0121506
0.11,0.04 ,0.987705, 0.00910928,0.00318576,0.012295
0.12,0.04 ,0.987555, 0.00912867,0.00331647,0.0124451
0.13,0.04 ,0.987399, 0.00914824,0.00345295,0.0126012
0.14,0.04 ,0.987236, 0.009168,0.00359558,0.0127636
0.15,0.04 ,0.987067, 0.00918794,0.00374475,0.0129327
0.16,0.04 ,0.986891, 0.00920807,0.00390092,0.013109
0.17,0.04 ,0.986707, 0.0092284,0.00406454,0.0132929
0.18,0.04 ,0.986515, 0.00924892,0.00423615,0.0134851
0.19,0.04 ,0.986314, 0.00926964,0.0044163,0.0136859
0.2,0.04 ,0.986104, 0.00929057,0.00460563,0.0138962
0.21,0.04 ,0.985883, 0.0093117,0.00480481,0.0141165
0.22,0.04 ,0.985652, 0.00933303,0.00501459,0.0143476
0.23,0.04 ,0.98541, 0.00935458,0.00523581,0.0145904
0.24,0.04 ,0.985154, 0.00937634,0.00546938,0.0148457
0.25,0.04 ,0.984885, 0.00939832,0.00571631,0.0151146
0.26,0.04 ,0.984602, 0.00942052,0.00597773,0.0153983
0.27,0.04 ,0.984302, 0.00944295,0.00625491,0.0156979
0.28,0.04 ,0.983985, 0.0094656,0.00654924,0.0160148
0.29,0.04 ,0.983649, 0.00948849,0.00686229,0.0163508
0.3,0.04 ,0.983293, 0.00951161,0.00719583,0.0167074
0.31,0.04 ,0.982913, 0.00953497,0.00755186,0.0170868
0.32,0.04 ,0.982509, 0.00955857,0.00793262,0.0174912
0.33,0.04 ,0.982077, 0.00958242,0.00834069,0.0179231
0.34,0.04 ,0.981615, 0.00960652,0.00877898,0.0183855
0.35,0.04 ,0.981118, 0.00963087,0.00925083,0.0188817
0.36,0.04 ,0.980584, 0.00965549,0.00976009,0.0194156
0.37,0.04 ,0.980008, 0.00968037,0.0103112,0.0199916
0.38,0.04 ,0.979385, 0.00970551,0.0109093,0.0206148
0.39,0.04 ,0.978709, 0.00973092,0.0115604,0.0212914
0.4,0.04 ,0.977972, 0.00975661,0.0122717,0.0220283
0.41,0.04 ,0.977166, 0.00978259,0.0130513,0.0228339
0.42,0.04 ,0.976282, 0.00980884,0.0139092,0.023718
0.43,0.04 ,0.975307, 0.00983539,0.0148572,0.0246926
0.44,0.04 ,0.974228, 0.00986223,0.0159095,0.0257718
0.45,0.04 ,0.973027, 0.00988936,0.0170834,0.0269728
0.46,0.04 ,0.971683, 0.00991681,0.0183999,0.0283167
0.47,0.04 ,0.970171, 0.00994456,0.0198848,0.0298294
0.48,0.04 ,0.968457, 0.00997262,0.0215703,0.0315429
0.49,0.04 ,0.966503, 0.010001,0.0234963,0.0334973
0.5,0.04 ,0.964257, 0.0100297,0.0257135,0.0357432
0.51,0.04 ,0.961656, 0.0100587,0.0282855,0.0383443
0.52,0.04 ,0.958618, 0.0100881,0.0312939,0.041382
0.53,0.04 ,0.95504, 0.0101178,0.0348419,0.0449597
0.54,0.04 ,0.950791, 0.0101479,0.0390612,0.0492091
0.55,0.04 ,0.945705, 0.0101783,0.0441164,0.0542947
0.56,0.04 ,0.939582, 0.010209,0.0502088,0.0604179
0.57,0.04 ,0.932187, 0.0102402,0.0575728,0.0678129
0.58,0.04 ,0.923269, 0.0102716,0.0664589,0.0767305
0.59,0.04 ,0.912599, 0.0103035,0.0770975,0.087401
0.6,0.04 ,0.900022, 0.0103357,0.0896427,0.0999784
0.61,0.04 ,0.885517, 0.0103684,0.104115,0.114483
0.62,0.04 ,0.869227, 0.0104014,0.120372,0.130773
0.63,0.04 ,0.851434, 0.0104348,0.138131,0.148566
0.64,0.04 ,0.8325, 0.0104686,0.157032,0.1675
0.65,0.04 ,0.812794, 0.0105028,0.176703,0.187206
0.66,0.04 ,0.79265, 0.0105375,0.196813,0.20735
0.67,0.04 ,0.772337, 0.0105725,0.217091,0.227663
0.68,0.04 ,0.752065, 0.010608,0.237327,0.247935
0.69,0.04 ,0.731989, 0.010644,0.257367,0.268011
0.7,0.04 ,0.712219, 0.0106803,0.277101,0.287781
0.71,0.04 ,0.692831, 0.0107171,0.296452,0.307169
0.72,0.04 ,0.673877, 0.0107544,0.315369,0.326123
0.73,0.04 ,0.65539, 0.0107921,0.333818,0.34461
0.74,0.04 ,0.63739, 0.0108303,0.35178,0.36261
0.75,0.04 ,0.619886, 0.0108689,0.369245,0.380114
0.76,0.04 ,0.602881, 0.010908,0.386211,0.397119
0.77,0.04 ,0.586372, 0.0109476,0.40268,0.413628
0.78,0.04 ,0.570354, 0.0109877,0.418659,0.429646
0.79,0.04 ,0.554816, 0.0110283,0.434155,0.445184
0.8,0.04 ,0.53975, 0.0110694,0.449181,0.46025
0.81,0.04 ,0.525143, 0.011111,0.463746,0.474857
0.82,0.04 ,0.510982, 0.0111531,0.477865,0.489018
0.83,0.04 ,0.497254, 0.0111957,0.49155,0.502746
0.84,0.04 ,0.483947, 0.0112388,0.504814,0.516053
0.85,0.04 ,0.471046, 0.0112825,0.517671,0.528954
0.86,0.04 ,0.45854, 0.0113267,0.530134,0.54146
0.87,0.04 ,0.446413, 0.0113714,0.542215,0.553587
0.88,0.04 ,0.434655, 0.0114167,0.553928,0.565345
0.89,0.04 ,0.423252, 0.0114625,0.565285,0.576748
0.9,0.04 ,0.412193, 0.0115089,0.576298,0.587807
0.91,0.04 ,0.401465, 0.0115558,0.586979,0.598535
0.92,0.04 ,0.391057, 0.0116033,0.59734,0.608943
0.93,0.04 ,0.380958, 0.0116514,0.607391,0.619042
0.94,0.04 ,0.371158, 0.0117,0.617142,0.628842
0.95,0.04 ,0.361645, 0.0117492,0.626605,0.638355
0.96,0.04 ,0.352411, 0.011799,0.63579,0.647589
0.97,0.04 ,0.343446, 0.0118494,0.644704,0.656554
0.98,0.04 ,0.334741, 0.0119003,0.653359,0.665259
0.99,0.04 ,0.326286, 0.0119518,0.661763,0.673714
1,0.04 ,0.318073, 0.012004,0.669923,0.681927
0,0.05 ,0.989032, 0.008908,0.00206042,0.0109684
0.01,0.05 ,0.988929, 0.00892556,0.00214537,0.0110709
0.02,0.05 ,0.988823, 0.00894326,0.00223346,0.0111767
0.03,0.05 ,0.988714, 0.00896113,0.00232483,0.011286
0.04,0.05 ,0.988601, 0.00897916,0.00241968,0.0113988
0.05,0.05 ,0.988484, 0.00899734,0.00251819,0.0115155
0.06,0.05 ,0.988364, 0.0090157,0.00262055,0.0116363
0.07,0.05 ,0.988239, 0.00903421,0.002727,0.0117612
0.08,0.05 ,0.988109, 0.0090529,0.00283775,0.0118907
0.09,0.05 ,0.987975, 0.00907176,0.00295306,0.0120248
0.1,0.05 ,0.987836, 0.0090908,0.0030732,0.012164
0.11,0.05 ,0.987692, 0.00911001,0.00319847,0.0123085
0.12,0.05 ,0.987541, 0.00912939,0.00332917,0.0124586
0.13,0.05 ,0.987385, 0.00914897,0.00346564,0.0126146
0.14,0.05 ,0.987223, 0.00916872,0.00360827,0.012777
0.15,0.05 ,0.987054, 0.00918866,0.00375744,0.0129461
0.16,0.05 ,0.986878, 0.0092088,0.0039136,0.0131224
0.17,0.05 ,0.986694, 0.00922912,0.00407722,0.0133063
0.18,0.05 ,0.986502, 0.00924964,0.00424883,0.0134985
0.19,0.05 ,0.986301, 0.00927037,0.00442897,0.0136993
0.2,0.05 ,0.98609, 0.00929129,0.00461829,0.0139096
0.21,0.05 ,0.98587, 0.00931241,0.00481747,0.0141299
0.22,0.05 ,0.985639, 0.00933375,0.00502724,0.014361
0.23,0.05 ,0.985396, 0.0093553,0.00524845,0.0146038
0.24,0.05 ,0.985141, 0.00937706,0.00548201,0.0148591
0.25,0.05 ,0.984872, 0.00939904,0.00572894,0.015128
0.26,0.05 ,0.984588, 0.00942124,0.00599035,0.0154116
0.27,0.05 ,0.984289, 0.00944366,0.00626752,0.0157112
0.28,0.05 ,0.983972, 0.00946631,0.00656183,0.0160281
0.29,0.05 ,0.983636, 0.0094892,0.00687487,0.0163641
0.3,0.05 ,0.983279, 0.00951232,0.0072084,0.0167207
0.31,0.05 ,0.9829, 0.00953568,0.00756441,0.0171001
0.32,0.05 ,0.982496, 0.00955928,0.00794516,0.0175044
0.33,0.05 ,0.982064, 0.00958313,0.00835321,0.0179363
0.34,0.05 ,0.981601, 0.00960723,0.00879147,0.0183987
0.35,0.05 ,0.981105, 0.00963158,0.0092633,0.0188949
0.36,0.05 ,0.980571, 0.0096562,0.00977253,0.0194287
0.37,0.05 ,0.979995, 0.00968107,0.0103236,0.0200047
0.38,0.05 ,0.979372, 0.00970621,0.0109217,0.0206279
0.39,0.05 ,0.978696, 0.00973163,0.0115728,0.0213044
0.4,0.05 ,0.977959, 0.00975732,0.012284,0.0220413
0.41,0.05 ,0.977153, 0.00978329,0.0130635,0.0228468
0.42,0.05 ,0.976269, 0.00980954,0.0139214,0.0237309
0.43,0.05 ,0.975295, 0.00983609,0.0148693,0.0247054
0.44,0.05 ,0.974216, 0.00986293,0.0159216,0.0257845
0.45,0.05 ,0.973015, 0.00989006,0.0170954,0.0269854
0.46,0.05 ,0.971671, 0.0099175,0.0184117,0.0283292
0.47,0.05 ,0.970158, 0.00994525,0.0198965,0.0298417
0.48,0.05 ,0.968445, 0.00997331,0.0215818,0.0315551
0.49,0.05 ,0.966491, 0.0100017,0.0235076,0.0335093
0.5,0.05 ,0.964245, 0.0100304,0.0257245,0.0357549
0.51,0.05 ,0.961644, 0.0100594,0.0282963,0.0383557
0.52,0.05 ,0.958607, 0.0100888,0.0313042,0.041393
0.53,0.05 ,0.95503, 0.0101185,0.0348518,0.0449703
0.54,0.05 ,0.950781, 0.0101486,0.0390704,0.049219
0.55,0.05 ,0.945696, 0.010179,0.0441249,0.0543038
0.56,0.05 ,0.939574, 0.0102097,0.0502163,0.060426
0.57,0.05 ,0.93218, 0.0102408,0.057579,0.0678199
0.58,0.05 ,0.923264, 0.0102723,0.0664636,0.076736
0.59,0.05 ,0.912595, 0.0103042,0.0771005,0.0874047
0.6,0.05 ,0.90002, 0.0103364,0.0896439,0.0999803
0.61,0.05 ,0.885517, 0.0103691,0.104114,0.114483
0.62,0.05 ,0.869229, 0.0104021,0.120369,0.130771
0.63,0.05 ,0.851438, 0.0104355,0.138127,0.148562
0.64,0.05 ,0.832505, 0.0104693,0.157026,0.167495
0.65,0.05 ,0.8128, 0.0105035,0.176696,0.1872
0.66,0.05 ,0.792656, 0.0105382,0.196805,0.207344
0.67,0.05 ,0.772344, 0.0105732,0.217082,0.227656
0.68,0.05 ,0.752073, 0.0106087,0.237318,0.247927
0.69,0.05 ,0.731997, 0.0106446,0.257358,0.268003
0.7,0.05 ,0.712227, 0.010681,0.277092,0.287773
0.71,0.05 ,0.692839, 0.0107178,0.296443,0.307161
0.72,0.05 ,0.673886, 0.010755,0.315359,0.326114
0.73,0.05 ,0.655399, 0.0107927,0.333808,0.344601
0.74,0.05 ,0.637399, 0.0108309,0.35177,0.362601
0.75,0.05 ,0.619895, 0.0108696,0.369236,0.380105
0.76,0.05 ,0.60289, 0.0109087,0.386202,0.39711
0.77,0.05 ,0.586381, 0.0109483,0.402671,0.413619
0.78,0.05 ,0.570362, 0.0109884,0.418649,0.429638
0.79,0.05 ,0.554825, 0.011029,0.434146,0.445175
0.8,0.05 ,0.539758, 0.01107,0.449171,0.460242
0.81,0.05 ,0.525151, 0.0111116,0.463737,0.474849
0.82,0.05 ,0.51099, 0.0111537,0.477856,0.48901
0.83,0.05 ,0.497262, 0.0111963,0.491541,0.502738
0.84,0.05 ,0.483955, 0.0112395,0.504806,0.516045
0.85,0.05 ,0.471054, 0.0112831,0.517662,0.528946
0.86,0.05 ,0.458547, 0.0113273,0.530125,0.541453
0.87,0.05 ,0.446421, 0.0113721,0.542207,0.553579
0.88,0.05 ,0.434663, 0.0114173,0.55392,0.565337
0.89,0.05 ,0.42326, 0.0114632,0.565277,0.57674
0.9,0.05 ,0.4122, 0.0115095,0.57629,0.5878
0.91,0.05 ,0.401472, 0.0115565,0.586971,0.598528
0.92,0.05 ,0.391064, 0.0116039,0.597332,0.608936
0.93,0.05 ,0.380965, 0.011652,0.607383,0.619035
0.94,0.05 ,0.371165, 0.0117006,0.617135,0.628835
0.95,0.05 ,0.361652, 0.0117498,0.626598,0.638348
0.96,0.05 ,0.352418, 0.0117996,0.635782,0.647582
0.97,0.05 ,0.343453, 0.01185,0.644697,0.656547
0.98,0.05 ,0.334747, 0.0119009,0.653352,0.665253
0.99,0.05 ,0.326292, 0.0119524,0.661755,0.673708
1,0.05 ,0.31808, 0.0120045,0.669916,0.68192
0,0.06 ,0.989018, 0.00890874,0.0020735,0.0109822
0.01,0.06 ,0.988915, 0.00892629,0.00215845,0.0110847
0.02,0.06 ,0.988809, 0.008944,0.00224653,0.0111905
0.03,0.06 ,0.9887, 0.00896187,0.00233791,0.0112998
0.04,0.06 ,0.988587, 0.00897989,0.00243275,0.0114126
0.05,0.06 ,0.988471, 0.00899808,0.00253126,0.0115293
0.06,0.06 ,0.98835, 0.00901643,0.00263362,0.0116501
0.07,0.06 ,0.988225, 0.00903495,0.00274006,0.011775
0.08,0.06 ,0.988096, 0.00905364,0.00285081,0.0119044
0.09,0.06 ,0.987961, 0.00907249,0.00296612,0.0120386
0.1,0.06 ,0.987822, 0.00909153,0.00308626,0.0121778
0.11,0.06 ,0.987678, 0.00911074,0.00321152,0.0123223
0.12,0.06 ,0.987528, 0.00913013,0.00334222,0.0124723
0.13,0.06 ,0.987372, 0.0091497,0.00347869,0.0126284
0.14,0.06 ,0.987209, 0.00916945,0.00362131,0.0127908
0.15,0.06 ,0.98704, 0.00918939,0.00377048,0.0129599
0.16,0.06 ,0.986864, 0.00920953,0.00392664,0.0131362
0.17,0.06 ,0.98668, 0.00922985,0.00409026,0.0133201
0.18,0.06 ,0.986488, 0.00925037,0.00426185,0.0135122
0.19,0.06 ,0.986287, 0.00927109,0.004442,0.0137131
0.2,0.06 ,0.986077, 0.00929201,0.00463131,0.0139233
0.21,0.06 ,0.985856, 0.00931314,0.00483048,0.0141436
0.22,0.06 ,0.985625, 0.00933447,0.00504025,0.0143747
0.23,0.06 ,0.985383, 0.00935602,0.00526145,0.0146175
0.24,0.06 ,0.985127, 0.00937778,0.005495,0.0148728
0.25,0.06 ,0.984858, 0.00939976,0.00574192,0.0151417
0.26,0.06 ,0.984575, 0.00942196,0.00600332,0.0154253
0.27,0.06 ,0.984275, 0.00944438,0.00628048,0.0157249
0.28,0.06 ,0.983958, 0.00946704,0.00657478,0.0160418
0.29,0.06 ,0.983622, 0.00948992,0.00688781,0.0163777
0.3,0.06 ,0.983266, 0.00951304,0.00722132,0.0167344
0.31,0.06 ,0.982886, 0.0095364,0.00757732,0.0171137
0.32,0.06 ,0.982482, 0.00956,0.00795805,0.017518
0.33,0.06 ,0.98205, 0.00958385,0.00836608,0.0179499
0.34,0.06 ,0.981588, 0.00960794,0.00880432,0.0184123
0.35,0.06 ,0.981092, 0.0096323,0.00927612,0.0189084
0.36,0.06 ,0.980558, 0.00965691,0.00978533,0.0194422
0.37,0.06 ,0.979982, 0.00968178,0.0103364,0.0200182
0.38,0.06 ,0.979359, 0.00970693,0.0109344,0.0206413
0.39,0.06 ,0.978682, 0.00973234,0.0115855,0.0213178
0.4,0.06 ,0.977945, 0.00975803,0.0122966,0.0220546
0.41,0.06 ,0.97714, 0.009784,0.0130761,0.0228601
0.42,0.06 ,0.976256, 0.00981025,0.0139339,0.0237441
0.43,0.06 ,0.975281, 0.00983679,0.0148818,0.0247186
0.44,0.06 ,0.974202, 0.00986363,0.0159339,0.0257976
0.45,0.06 ,0.973002, 0.00989077,0.0171076,0.0269984
0.46,0.06 ,0.971658, 0.00991821,0.0184239,0.0283421
0.47,0.06 ,0.970146, 0.00994595,0.0199085,0.0298545
0.48,0.06 ,0.968432, 0.00997402,0.0215936,0.0315676
0.49,0.06 ,0.966478, 0.0100024,0.0235193,0.0335217
0.5,0.06 ,0.964233, 0.0100311,0.0257359,0.035767
0.51,0.06 ,0.961633, 0.0100601,0.0283073,0.0383675
0.52,0.06 ,0.958596, 0.0100895,0.0313149,0.0414044
0.53,0.06 ,0.955019, 0.0101192,0.034862,0.0449812
0.54,0.06 ,0.950771, 0.0101493,0.03908,0.0492292
0.55,0.06 ,0.945687, 0.0101797,0.0441336,0.0543132
0.56,0.06 ,0.939566, 0.0102104,0.050224,0.0604344
0.57,0.06 ,0.932173, 0.0102415,0.0575855,0.067827
0.58,0.06 ,0.923258, 0.010273,0.0664686,0.0767416
0.59,0.06 ,0.912591, 0.0103049,0.0771037,0.0874085
0.6,0.06 ,0.900018, 0.0103371,0.0896451,0.0999822
0.61,0.06 ,0.885517, 0.0103697,0.104113,0.114483
0.62,0.06 ,0.869231, 0.0104028,0.120367,0.130769
0.63,0.06 ,0.851441, 0.0104362,0.138123,0.148559
0.64,0.06 ,0.83251, 0.01047,0.15702,0.16749
0.65,0.06 ,0.812806, 0.0105042,0.176689,0.187194
0.66,0.06 ,0.792663, 0.0105388,0.196798,0.207337
0.67,0.06 ,0.772352, 0.0105739,0.217074,0.227648
0.68,0.06 ,0.752081, 0.0106094,0.237309,0.247919
0.69,0.06 ,0.732006, 0.0106453,0.257349,0.267994
0.7,0.06 ,0.712236, 0.0106816,0.277082,0.287764
0.71,0.06 ,0.692848, 0.0107184,0.296433,0.307152
0.72,0.06 ,0.673895, 0.0107557,0.31535,0.326105
0.73,0.06 ,0.655408, 0.0107934,0.333799,0.344592
0.74,0.06 ,0.637408, 0.0108316,0.351761,0.362592
0.75,0.06 ,0.619904, 0.0108702,0.369226,0.380096
0.76,0.06 ,0.602899, 0.0109093,0.386192,0.397101
0.77,0.06 ,0.58639, 0.0109489,0.402661,0.41361
0.78,0.06 ,0.570371, 0.010989,0.41864,0.429629
0.79,0.06 ,0.554834, 0.0110296,0.434137,0.445166
0.8,0.06 ,0.539767, 0.0110707,0.449162,0.460233
0.81,0.06 ,0.52516, 0.0111123,0.463728,0.47484
0.82,0.06 ,0.510999, 0.0111544,0.477847,0.489001
0.83,0.06 ,0.497271, 0.011197,0.491532,0.502729
0.84,0.06 ,0.483963, 0.0112401,0.504797,0.516037
0.85,0.06 ,0.471063, 0.0112838,0.517654,0.528937
0.86,0.06 ,0.458556, 0.011328,0.530116,0.541444
0.87,0.06 ,0.446429, 0.0113727,0.542198,0.553571
0.88,0.06 ,0.434671, 0.011418,0.553911,0.565329
0.89,0.06 ,0.423268, 0.0114638,0.565268,0.576732
0.9,0.06 ,0.412208, 0.0115101,0.576282,0.587792
0.91,0.06 ,0.40148, 0.0115571,0.586963,0.59852
0.92,0.06 ,0.391072, 0.0116046,0.597324,0.608928
0.93,0.06 ,0.380973, 0.0116526,0.607375,0.619027
0.94,0.06 ,0.371172, 0.0117012,0.617127,0.628828
0.95,0.06 ,0.361659, 0.0117504,0.62659,0.638341
0.96,0.06 ,0.352425, 0.0118002,0.635774,0.647575
0.97,0.06 ,0.34346, 0.0118506,0.644689,0.65654
0.98,0.06 ,0.334754, 0.0119015,0.653344,0.665246
0.99,0.06 ,0.326299, 0.011953,0.661748,0.673701
1,0.06 ,0.318086, 0.0120051,0.669909,0.681914
0,0.07 ,0.989004, 0.00890948,0.00208694,0.0109964
0.01,0.07 ,0.988901, 0.00892703,0.0021719,0.0110989
0.02,0.07 ,0.988795, 0.00894474,0.00225998,0.0112047
0.03,0.07 ,0.988686, 0.00896261,0.00235135,0.011314
0.04,0.07 ,0.988573, 0.00898063,0.0024462,0.0114268
0.05,0.07 ,0.988456, 0.00899882,0.0025447,0.0115435
0.06,0.07 ,0.988336, 0.00901717,0.00264706,0.0116642
0.07,0.07 ,0.988211, 0.00903569,0.0027535,0.0117892
0.08,0.07 ,0.988081, 0.00905437,0.00286424,0.0119186
0.09,0.07 ,0.987947, 0.00907323,0.00297955,0.0120528
0.1,0.07 ,0.987808, 0.00909227,0.00309969,0.012192
0.11,0.07 ,0.987664, 0.00911147,0.00322494,0.0123364
0.12,0.07 ,0.987514, 0.00913086,0.00335564,0.0124865
0.13,0.07 ,0.987357, 0.00915043,0.00349211,0.0126425
0.14,0.07 ,0.987195, 0.00917019,0.00363473,0.0128049
0.15,0.07 ,0.987026, 0.00919013,0.00378389,0.012974
0.16,0.07 ,0.98685, 0.00921026,0.00394004,0.0131503
0.17,0.07 ,0.986666, 0.00923058,0.00410365,0.0133342
0.18,0.07 ,0.986474, 0.00925111,0.00427525,0.0135264
0.19,0.07 ,0.986273, 0.00927182,0.00445538,0.0137272
0.2,0.07 ,0.986063, 0.00929275,0.00464469,0.0139374
0.21,0.07 ,0.985842, 0.00931387,0.00484385,0.0141577
0.22,0.07 ,0.985611, 0.00933521,0.00505361,0.0143888
0.23,0.07 ,0.985368, 0.00935675,0.00527481,0.0146316
0.24,0.07 ,0.985113, 0.00937851,0.00550835,0.0148869
0.25,0.07 ,0.984844, 0.00940049,0.00575526,0.0151557
0.26,0.07 ,0.984561, 0.00942269,0.00601666,0.0154393
0.27,0.07 ,0.984261, 0.00944511,0.0062938,0.0157389
0.28,0.07 ,0.983944, 0.00946776,0.00658809,0.0160559
0.29,0.07 ,0.983608, 0.00949064,0.0069011,0.0163917
0.3,0.07 ,0.983252, 0.00951376,0.0072346,0.0167484
0.31,0.07 ,0.982872, 0.00953712,0.00759058,0.0171277
0.32,0.07 ,0.982468, 0.00956072,0.0079713,0.017532
0.33,0.07 ,0.982036, 0.00958457,0.00837931,0.0179639
0.34,0.07 ,0.981574, 0.00960867,0.00881753,0.0184262
0.35,0.07 ,0.981078, 0.00963302,0.00928931,0.0189223
0.36,0.07 ,0.980544, 0.00965763,0.00979848,0.0194561
0.37,0.07 ,0.979968, 0.0096825,0.0103495,0.020032
0.38,0.07 ,0.979345, 0.00970764,0.0109475,0.0206552
0.39,0.07 ,0.978668, 0.00973306,0.0115985,0.0213316
0.4,0.07 ,0.977932, 0.00975874,0.0123096,0.0220683
0.41,0.07 ,0.977126, 0.00978471,0.0130891,0.0228738
0.42,0.07 ,0.976242, 0.00981097,0.0139468,0.0237577
0.43,0.07 ,0.975268, 0.00983751,0.0148946,0.0247321
0.44,0.07 ,0.974189, 0.00986434,0.0159467,0.025811
0.45,0.07 ,0.972988, 0.00989148,0.0171203,0.0270117
0.46,0.07 ,0.971645, 0.00991892,0.0184364,0.0283553
0.47,0.07 ,0.970132, 0.00994666,0.0199209,0.0298675
0.48,0.07 ,0.968419, 0.00997472,0.0216058,0.0315805
0.49,0.07 ,0.966466, 0.0100031,0.0235312,0.0335343
0.5,0.07 ,0.964221, 0.0100318,0.0257476,0.0357794
0.51,0.07 ,0.96162, 0.0100608,0.0283187,0.0383796
0.52,0.07 ,0.958584, 0.0100902,0.0313258,0.041416
0.53,0.07 ,0.955008, 0.0101199,0.0348724,0.0449923
0.54,0.07 ,0.95076, 0.01015,0.0390898,0.0492397
0.55,0.07 ,0.945677, 0.0101804,0.0441426,0.0543229
0.56,0.07 ,0.939557, 0.0102111,0.0502319,0.0604431
0.57,0.07 ,0.932166, 0.0102422,0.0575921,0.0678343
0.58,0.07 ,0.923253, 0.0102737,0.0664737,0.0767474
0.59,0.07 ,0.912587, 0.0103056,0.0771069,0.0874125
0.6,0.07 ,0.900016, 0.0103378,0.0896464,0.0999842
0.61,0.07 ,0.885517, 0.0103704,0.104113,0.114483
0.62,0.07 ,0.869233, 0.0104034,0.120364,0.130767
0.63,0.07 ,0.851445, 0.0104368,0.138118,0.148555
0.64,0.07 ,0.832515, 0.0104707,0.157015,0.167485
0.65,0.07 ,0.812813, 0.0105049,0.176682,0.187187
0.66,0.07 ,0.792671, 0.0105395,0.19679,0.207329
0.67,0.07 ,0.77236, 0.0105746,0.217065,0.22764
0.68,0.07 ,0.75209, 0.01061,0.2373,0.24791
0.69,0.07 ,0.732015, 0.010646,0.257339,0.267985
0.7,0.07 ,0.712245, 0.0106823,0.277073,0.287755
0.71,0.07 ,0.692857, 0.0107191,0.296423,0.307143
0.72,0.07 ,0.673904, 0.0107564,0.31534,0.326096
0.73,0.07 ,0.655417, 0.0107941,0.333789,0.344583
