Betamv, Betapv,V,Rs,Rv,P
0,0 ,0.985444, 0.0125557,0.002,0.0145557
0.01,0 ,0.985354, 0.0125669,0.00207887,0.0146458
0.02,0 ,0.985261, 0.0125782,0.00216053,0.0147388
0.03,0 ,0.985165, 0.0125896,0.00224514,0.0148347
0.04,0 ,0.985066, 0.012601,0.00233284,0.0149338
0.05,0 ,0.984964, 0.0126125,0.00242381,0.0150363
0.06,0 ,0.984858, 0.012624,0.00251821,0.0151422
0.07,0 ,0.984748, 0.0126356,0.00261625,0.0152519
0.08,0 ,0.984635, 0.0126473,0.00271811,0.0153654
0.09,0 ,0.984517, 0.012659,0.00282403,0.0154831
0.1,0 ,0.984395, 0.0126708,0.00293424,0.0156051
0.11,0 ,0.984268, 0.0126827,0.003049,0.0157317
0.12,0 ,0.984137, 0.0126946,0.00316857,0.0158632
0.13,0 ,0.984, 0.0127066,0.00329326,0.0159999
0.14,0 ,0.983858, 0.0127187,0.00342339,0.016142
0.15,0 ,0.98371, 0.0127308,0.00355932,0.0162901
0.16,0 ,0.983556, 0.012743,0.00370142,0.0164444
0.17,0 ,0.983395, 0.0127552,0.00385011,0.0166053
0.18,0 ,0.983227, 0.0127676,0.00400584,0.0167734
0.19,0 ,0.983051, 0.01278,0.00416912,0.0169491
0.2,0 ,0.982867, 0.0127924,0.00434047,0.0171329
0.21,0 ,0.982675, 0.012805,0.00452049,0.0173254
0.22,0 ,0.982473, 0.0128176,0.00470985,0.0175274
0.23,0 ,0.98226, 0.0128302,0.00490926,0.0177395
0.24,0 ,0.982037, 0.012843,0.00511952,0.0179625
0.25,0 ,0.981803, 0.0128558,0.00534152,0.0181973
0.26,0 ,0.981555, 0.0128687,0.00557623,0.0184449
0.27,0 ,0.981294, 0.0128817,0.00582475,0.0187064
0.28,0 ,0.981017, 0.0128947,0.0060883,0.018983
0.29,0 ,0.980724, 0.0129078,0.00636824,0.0192761
0.3,0 ,0.980413, 0.012921,0.00666611,0.0195871
0.31,0 ,0.980082, 0.0129343,0.00698364,0.0199179
0.32,0 ,0.97973, 0.0129476,0.0073228,0.0202704
0.33,0 ,0.979353, 0.012961,0.0076858,0.0206468
0.34,0 ,0.97895, 0.0129745,0.00807518,0.0210497
0.35,0 ,0.978518, 0.0129881,0.00849384,0.0214819
0.36,0 ,0.978053, 0.0130018,0.00894512,0.0219469
0.37,0 ,0.977552, 0.0130155,0.00943287,0.0224484
0.38,0 ,0.977009, 0.0130293,0.00996158,0.0229909
0.39,0 ,0.97642, 0.0130432,0.0105365,0.0235796
0.4,0 ,0.975779, 0.0130572,0.0111636,0.0242208
0.41,0 ,0.975078, 0.0130712,0.0118503,0.0249215
0.42,0 ,0.974309, 0.0130853,0.0126052,0.0256905
0.43,0 ,0.973462, 0.0130996,0.0134384,0.026538
0.44,0 ,0.972524, 0.0131139,0.0143625,0.0274763
0.45,0 ,0.971479, 0.0131282,0.0153923,0.0285206
0.46,0 ,0.970311, 0.0131427,0.0165464,0.0296891
0.47,0 ,0.968995, 0.0131573,0.0178474,0.0310047
0.48,0 ,0.967505, 0.0131719,0.0193235,0.0324954
0.49,0 ,0.965803, 0.0131866,0.0210101,0.0341967
0.5,0 ,0.963847, 0.0132014,0.022952,0.0361534
0.51,0 ,0.961577, 0.0132163,0.0252066,0.0384229
0.52,0 ,0.958921, 0.0132313,0.0278473,0.0410786
0.53,0 ,0.955784, 0.0132464,0.0309691,0.0442155
0.54,0 ,0.952043, 0.0132616,0.034695,0.0479566
0.55,0 ,0.947541, 0.0132768,0.0391826,0.0524594
0.56,0 ,0.942077, 0.0132922,0.0446312,0.0579233
0.57,0 ,0.935409, 0.0133076,0.051283,0.0645906
0.58,0 ,0.927263, 0.0133231,0.0594138,0.072737
0.59,0 ,0.91736, 0.0133388,0.0693007,0.0826395
0.6,0 ,0.905482, 0.0133545,0.081163,0.0945175
0.61,0 ,0.891542, 0.0133703,0.0950874,0.108458
0.62,0 ,0.875638, 0.0133862,0.110975,0.124362
0.63,0 ,0.858047, 0.0134022,0.128551,0.141953
0.64,0 ,0.839157, 0.0134183,0.147425,0.160843
0.65,0 ,0.819379, 0.0134345,0.167187,0.180621
0.66,0 ,0.799086, 0.0134508,0.187463,0.200914
0.67,0 ,0.778583, 0.0134672,0.20795,0.221417
0.68,0 ,0.758101, 0.0134837,0.228415,0.241899
0.69,0 ,0.737808, 0.0135003,0.248691,0.262192
0.7,0 ,0.717824, 0.013517,0.268659,0.282176
0.71,0 ,0.69823, 0.0135338,0.288236,0.30177
0.72,0 ,0.67908, 0.0135507,0.30737,0.32092
0.73,0 ,0.660407, 0.0135677,0.326025,0.339593
0.74,0 ,0.642232, 0.0135848,0.344184,0.357768
0.75,0 ,0.624563, 0.013602,0.361835,0.375437
0.76,0 ,0.607403, 0.0136193,0.378978,0.392597
0.77,0 ,0.590748, 0.0136368,0.395615,0.409252
0.78,0 ,0.574592, 0.0136543,0.411753,0.425408
0.79,0 ,0.558925, 0.013672,0.427403,0.441075
0.8,0 ,0.543736, 0.0136897,0.442574,0.456264
0.81,0 ,0.529013, 0.0137076,0.45728,0.470987
0.82,0 ,0.514741, 0.0137255,0.471533,0.485259
0.83,0 ,0.500909, 0.0137436,0.485347,0.499091
0.84,0 ,0.487502, 0.0137618,0.498736,0.512498
0.85,0 ,0.474506, 0.0137801,0.511714,0.525494
0.86,0 ,0.461908, 0.0137986,0.524293,0.538092
0.87,0 ,0.449695, 0.0138171,0.536488,0.550305
0.88,0 ,0.437853, 0.0138357,0.548311,0.562147
0.89,0 ,0.42637, 0.0138545,0.559775,0.57363
0.9,0 ,0.415233, 0.0138734,0.570893,0.584767
0.91,0 ,0.404431, 0.0138924,0.581677,0.595569
0.92,0 ,0.393952, 0.0139115,0.592137,0.606048
0.93,0 ,0.383784, 0.0139308,0.602286,0.616216
0.94,0 ,0.373917, 0.0139501,0.612133,0.626083
0.95,0 ,0.36434, 0.0139696,0.621691,0.63566
0.96,0 ,0.355043, 0.0139892,0.630967,0.644957
0.97,0 ,0.346018, 0.014009,0.639973,0.653982
0.98,0 ,0.337254, 0.0140288,0.648718,0.662746
0.99,0 ,0.328742, 0.0140488,0.657209,0.671258
1,0 ,0.320474, 0.0140689,0.665457,0.679526
0,0.01 ,0.985383, 0.0125655,0.00205107,0.0146165
0.01,0.01 ,0.985293, 0.0125767,0.00212993,0.0147066
0.02,0.01 ,0.9852, 0.012588,0.00221159,0.0147996
0.03,0.01 ,0.985104, 0.0125993,0.00229619,0.0148955
0.04,0.01 ,0.985005, 0.0126107,0.00238389,0.0149946
0.05,0.01 ,0.984903, 0.0126222,0.00247485,0.0150971
0.06,0.01 ,0.984797, 0.0126338,0.00256924,0.015203
0.07,0.01 ,0.984687, 0.0126454,0.00266727,0.0153126
0.08,0.01 ,0.984574, 0.012657,0.00276913,0.0154262
0.09,0.01 ,0.984456, 0.0126688,0.00287504,0.0155438
0.1,0.01 ,0.984334, 0.0126806,0.00298524,0.0156658
0.11,0.01 ,0.984208, 0.0126924,0.00309998,0.0157924
0.12,0.01 ,0.984076, 0.0127043,0.00321954,0.0159239
0.13,0.01 ,0.983939, 0.0127163,0.00334422,0.0160606
0.14,0.01 ,0.983797, 0.0127284,0.00347434,0.0162027
0.15,0.01 ,0.983649, 0.0127405,0.00361026,0.0163508
0.16,0.01 ,0.983495, 0.0127527,0.00375234,0.016505
0.17,0.01 ,0.983334, 0.012765,0.00390102,0.016666
0.18,0.01 ,0.983166, 0.0127773,0.00405673,0.016834
0.19,0.01 ,0.98299, 0.0127897,0.00421999,0.0170097
0.2,0.01 ,0.982807, 0.0128022,0.00439132,0.0171935
0.21,0.01 ,0.982614, 0.0128147,0.00457132,0.017386
0.22,0.01 ,0.982412, 0.0128273,0.00476066,0.017588
0.23,0.01 ,0.9822, 0.01284,0.00496004,0.0178
0.24,0.01 ,0.981977, 0.0128527,0.00517028,0.018023
0.25,0.01 ,0.981742, 0.0128655,0.00539224,0.0182578
0.26,0.01 ,0.981495, 0.0128784,0.00562692,0.0185054
0.27,0.01 ,0.981233, 0.0128914,0.0058754,0.0187668
0.28,0.01 ,0.980957, 0.0129044,0.00613891,0.0190433
0.29,0.01 ,0.980664, 0.0129176,0.00641881,0.0193364
0.3,0.01 ,0.980353, 0.0129307,0.00671663,0.0196474
0.31,0.01 ,0.980022, 0.012944,0.00703411,0.0199781
0.32,0.01 ,0.979669, 0.0129573,0.0073732,0.0203305
0.33,0.01 ,0.979293, 0.0129708,0.00773614,0.0207069
0.34,0.01 ,0.97889, 0.0129843,0.00812544,0.0211097
0.35,0.01 ,0.978458, 0.0129978,0.00854402,0.0215418
0.36,0.01 ,0.977993, 0.0130115,0.0089952,0.0220067
0.37,0.01 ,0.977492, 0.0130252,0.00948285,0.022508
0.38,0.01 ,0.97695, 0.013039,0.0100114,0.0230504
0.39,0.01 ,0.976361, 0.0130529,0.0105862,0.0236391
0.4,0.01 ,0.97572, 0.0130669,0.0112132,0.02428
0.41,0.01 ,0.975019, 0.0130809,0.0118997,0.0249806
0.42,0.01 ,0.974251, 0.013095,0.0126543,0.0257494
0.43,0.01 ,0.973403, 0.0131093,0.0134873,0.0265966
0.44,0.01 ,0.972465, 0.0131236,0.0144111,0.0275346
0.45,0.01 ,0.971421, 0.0131379,0.0154406,0.0285785
0.46,0.01 ,0.970253, 0.0131524,0.0165942,0.0297466
0.47,0.01 ,0.968938, 0.013167,0.0178947,0.0310616
0.48,0.01 ,0.967448, 0.0131816,0.0193701,0.0325517
0.49,0.01 ,0.965748, 0.0131963,0.0210559,0.0342522
0.5,0.01 ,0.963792, 0.0132111,0.0229969,0.0362081
0.51,0.01 ,0.961524, 0.013226,0.0252503,0.0384763
0.52,0.01 ,0.95887, 0.013241,0.0278895,0.0411305
0.53,0.01 ,0.955734, 0.0132561,0.0310095,0.0442655
0.54,0.01 ,0.951996, 0.0132712,0.0347329,0.0480041
0.55,0.01 ,0.947496, 0.0132865,0.0392173,0.0525038
0.56,0.01 ,0.942036, 0.0133019,0.0446618,0.0579637
0.57,0.01 ,0.935374, 0.0133173,0.0513085,0.0646258
0.58,0.01 ,0.927234, 0.0133328,0.0594328,0.0727657
0.59,0.01 ,0.91734, 0.0133484,0.069312,0.0826605
0.6,0.01 ,0.90547, 0.0133642,0.0811655,0.0945297
0.61,0.01 ,0.891539, 0.01338,0.0950807,0.108461
0.62,0.01 ,0.875644, 0.0133959,0.11096,0.124356
0.63,0.01 ,0.858061, 0.0134119,0.128527,0.141939
0.64,0.01 ,0.839178, 0.013428,0.147394,0.160822
0.65,0.01 ,0.819405, 0.0134442,0.167151,0.180595
0.66,0.01 ,0.799117, 0.0134605,0.187423,0.200883
0.67,0.01 ,0.778617, 0.0134769,0.207906,0.221383
0.68,0.01 ,0.758137, 0.0134934,0.22837,0.241863
0.69,0.01 ,0.737846, 0.01351,0.248644,0.262154
0.7,0.01 ,0.717863, 0.0135267,0.26861,0.282137
0.71,0.01 ,0.698269, 0.0135434,0.288187,0.301731
0.72,0.01 ,0.67912, 0.0135603,0.30732,0.32088
0.73,0.01 ,0.660447, 0.0135774,0.325976,0.339553
0.74,0.01 ,0.642272, 0.0135945,0.344134,0.357728
0.75,0.01 ,0.624603, 0.0136117,0.361785,0.375397
0.76,0.01 ,0.607443, 0.013629,0.378928,0.392557
0.77,0.01 ,0.590788, 0.0136464,0.395566,0.409212
0.78,0.01 ,0.574632, 0.013664,0.411704,0.425368
0.79,0.01 ,0.558964, 0.0136816,0.427354,0.441036
0.8,0.01 ,0.543775, 0.0136993,0.442526,0.456225
0.81,0.01 ,0.529051, 0.0137172,0.457232,0.470949
0.82,0.01 ,0.514779, 0.0137352,0.471485,0.485221
0.83,0.01 ,0.500947, 0.0137533,0.4853,0.499053
0.84,0.01 ,0.487539, 0.0137714,0.49869,0.512461
0.85,0.01 ,0.474543, 0.0137898,0.511668,0.525457
0.86,0.01 ,0.461944, 0.0138082,0.524247,0.538056
0.87,0.01 ,0.449731, 0.0138267,0.536443,0.550269
0.88,0.01 ,0.437888, 0.0138454,0.548266,0.562112
0.89,0.01 ,0.426405, 0.0138641,0.559731,0.573595
0.9,0.01 ,0.415267, 0.013883,0.570849,0.584733
0.91,0.01 ,0.404465, 0.013902,0.581633,0.595535
0.92,0.01 ,0.393985, 0.0139211,0.592094,0.606015
0.93,0.01 ,0.383816, 0.0139404,0.602243,0.616184
0.94,0.01 ,0.373949, 0.0139598,0.612091,0.626051
0.95,0.01 ,0.364372, 0.0139792,0.621649,0.635628
0.96,0.01 ,0.355075, 0.0139988,0.630926,0.644925
0.97,0.01 ,0.346049, 0.0140186,0.639933,0.653951
0.98,0.01 ,0.337284, 0.0140384,0.648677,0.662716
0.99,0.01 ,0.328772, 0.0140584,0.65717,0.671228
1,0.01 ,0.320504, 0.0140785,0.665418,0.679496
0,0.02 ,0.985321, 0.0125753,0.00210378,0.0146791
0.01,0.02 ,0.985231, 0.0125865,0.00218263,0.0147691
0.02,0.02 ,0.985138, 0.0125978,0.00226428,0.0148621
0.03,0.02 ,0.985042, 0.0126091,0.00234888,0.014958
0.04,0.02 ,0.984943, 0.0126206,0.00243657,0.0150571
0.05,0.02 ,0.98484, 0.012632,0.00252752,0.0151596
0.06,0.02 ,0.984735, 0.0126436,0.00262191,0.0152655
0.07,0.02 ,0.984625, 0.0126552,0.00271993,0.0153751
0.08,0.02 ,0.984511, 0.0126668,0.00282177,0.0154886
0.09,0.02 ,0.984394, 0.0126786,0.00292768,0.0156062
0.1,0.02 ,0.984272, 0.0126904,0.00303786,0.0157282
0.11,0.02 ,0.984145, 0.0127022,0.0031526,0.0158548
0.12,0.02 ,0.984014, 0.0127141,0.00327215,0.0159863
0.13,0.02 ,0.983877, 0.0127261,0.00339682,0.016123
0.14,0.02 ,0.983735, 0.0127382,0.00352692,0.0162651
0.15,0.02 ,0.983587, 0.0127503,0.00366282,0.0164131
0.16,0.02 ,0.983433, 0.0127625,0.00380489,0.0165674
0.17,0.02 ,0.983272, 0.0127748,0.00395355,0.0167283
0.18,0.02 ,0.983104, 0.0127871,0.00410925,0.0168963
0.19,0.02 ,0.982928, 0.0127995,0.00427248,0.017072
0.2,0.02 ,0.982744, 0.0128119,0.00444379,0.0172557
0.21,0.02 ,0.982552, 0.0128245,0.00462378,0.0174483
0.22,0.02 ,0.98235, 0.0128371,0.00481309,0.0176502
0.23,0.02 ,0.982138, 0.0128498,0.00501245,0.0178622
0.24,0.02 ,0.981915, 0.0128625,0.00522265,0.0180852
0.25,0.02 ,0.98168, 0.0128753,0.00544459,0.0183199
0.26,0.02 ,0.981433, 0.0128882,0.00567923,0.0185675
0.27,0.02 ,0.981171, 0.0129012,0.00592768,0.0188289
0.28,0.02 ,0.980895, 0.0129142,0.00619114,0.0191054
0.29,0.02 ,0.980602, 0.0129273,0.006471,0.0193983
0.3,0.02 ,0.980291, 0.0129405,0.00676877,0.0197093
0.31,0.02 ,0.97996, 0.0129538,0.00708619,0.02004
0.32,0.02 ,0.979608, 0.0129671,0.00742523,0.0203924
0.33,0.02 ,0.979231, 0.0129805,0.00778809,0.0207686
0.34,0.02 ,0.978829, 0.012994,0.00817731,0.0211713
0.35,0.02 ,0.978397, 0.0130076,0.0085958,0.0216034
0.36,0.02 ,0.977932, 0.0130212,0.00904689,0.0220681
0.37,0.02 ,0.977431, 0.013035,0.00953442,0.0225694
0.38,0.02 ,0.976888, 0.0130488,0.0100629,0.0231117
0.39,0.02 ,0.9763, 0.0130627,0.0106375,0.0237001
0.4,0.02 ,0.975659, 0.0130766,0.0112643,0.0243409
0.41,0.02 ,0.974959, 0.0130907,0.0119506,0.0250413
0.42,0.02 ,0.97419, 0.0131048,0.012705,0.0258098
0.43,0.02 ,0.973343, 0.013119,0.0135378,0.0266568
0.44,0.02 ,0.972405, 0.0131333,0.0144612,0.0275945
0.45,0.02 ,0.971362, 0.0131477,0.0154903,0.028638
0.46,0.02 ,0.970194, 0.0131622,0.0166435,0.0298057
0.47,0.02 ,0.96888, 0.0131767,0.0179435,0.0311202
0.48,0.02 ,0.96739, 0.0131914,0.0194183,0.0326096
0.49,0.02 ,0.965691, 0.0132061,0.0211033,0.0343094
0.5,0.02 ,0.963736, 0.0132209,0.0230433,0.0362642
0.51,0.02 ,0.961469, 0.0132358,0.0252955,0.0385312
0.52,0.02 ,0.958816, 0.0132508,0.0279331,0.0411839
0.53,0.02 ,0.955683, 0.0132658,0.0310511,0.044317
0.54,0.02 ,0.951947, 0.013281,0.0347721,0.048053
0.55,0.02 ,0.94745, 0.0132963,0.0392533,0.0525495
0.56,0.02 ,0.941995, 0.0133116,0.0446936,0.0580052
0.57,0.02 ,0.935338, 0.013327,0.051335,0.064662
0.58,0.02 ,0.927205, 0.0133426,0.0594527,0.0727953
0.59,0.02 ,0.917318, 0.0133582,0.0693239,0.0826821
0.6,0.02 ,0.905458, 0.0133739,0.0811684,0.0945423
0.61,0.02 ,0.891536, 0.0133897,0.095074,0.108464
0.62,0.02 ,0.875651, 0.0134056,0.110944,0.124349
0.63,0.02 ,0.858076, 0.0134216,0.128502,0.141924
0.64,0.02 ,0.839199, 0.0134377,0.147363,0.160801
0.65,0.02 ,0.819432, 0.0134539,0.167114,0.180568
0.66,0.02 ,0.799148, 0.0134702,0.187382,0.200852
0.67,0.02 ,0.778651, 0.0134866,0.207862,0.221349
0.68,0.02 ,0.758174, 0.0135031,0.228323,0.241826
0.69,0.02 ,0.737884, 0.0135197,0.248596,0.262116
0.7,0.02 ,0.717903, 0.0135364,0.268561,0.282097
0.71,0.02 ,0.69831, 0.0135532,0.288137,0.30169
0.72,0.02 ,0.67916, 0.0135701,0.307269,0.32084
0.73,0.02 ,0.660488, 0.0135871,0.325925,0.339512
0.74,0.02 ,0.642313, 0.0136042,0.344083,0.357687
0.75,0.02 ,0.624644, 0.0136214,0.361734,0.375356
0.76,0.02 ,0.607484, 0.0136387,0.378877,0.392516
0.77,0.02 ,0.590829, 0.0136561,0.395515,0.409171
0.78,0.02 ,0.574672, 0.0136737,0.411654,0.425328
0.79,0.02 ,0.559005, 0.0136913,0.427304,0.440995
0.8,0.02 ,0.543815, 0.013709,0.442476,0.456185
0.81,0.02 ,0.52909, 0.0137269,0.457183,0.47091
0.82,0.02 ,0.514818, 0.0137449,0.471437,0.485182
0.83,0.02 ,0.500985, 0.0137629,0.485252,0.499015
0.84,0.02 ,0.487577, 0.0137811,0.498642,0.512423
0.85,0.02 ,0.47458, 0.0137994,0.51162,0.52542
0.86,0.02 ,0.461981, 0.0138179,0.524201,0.538019
0.87,0.02 ,0.449767, 0.0138364,0.536396,0.550233
0.88,0.02 ,0.437924, 0.013855,0.548221,0.562076
0.89,0.02 ,0.42644, 0.0138738,0.559686,0.57356
0.9,0.02 ,0.415303, 0.0138927,0.570805,0.584697
0.91,0.02 ,0.404499, 0.0139117,0.581589,0.595501
0.92,0.02 ,0.394019, 0.0139308,0.59205,0.605981
0.93,0.02 ,0.38385, 0.0139501,0.6022,0.61615
0.94,0.02 ,0.373982, 0.0139694,0.612049,0.626018
0.95,0.02 ,0.364404, 0.0139889,0.621607,0.635596
0.96,0.02 ,0.355107, 0.0140085,0.630884,0.644893
0.97,0.02 ,0.346081, 0.0140282,0.639891,0.653919
0.98,0.02 ,0.337315, 0.0140481,0.648637,0.662685
0.99,0.02 ,0.328803, 0.0140681,0.657129,0.671197
1,0.02 ,0.320534, 0.0140882,0.665378,0.679466
0,0.03 ,0.985257, 0.0125852,0.00215819,0.0147434
0.01,0.03 ,0.985167, 0.0125964,0.00223704,0.0148334
0.02,0.03 ,0.985074, 0.0126077,0.00231869,0.0149264
0.03,0.03 ,0.984978, 0.012619,0.00240328,0.0150223
0.04,0.03 ,0.984879, 0.0126304,0.00249096,0.0151214
0.05,0.03 ,0.984776, 0.0126419,0.0025819,0.0152238
0.06,0.03 ,0.98467, 0.0126535,0.00267628,0.0153297
0.07,0.03 ,0.984561, 0.0126651,0.00277429,0.0154393
0.08,0.03 ,0.984447, 0.0126767,0.00287613,0.0155528
0.09,0.03 ,0.98433, 0.0126884,0.00298202,0.0156705
0.1,0.03 ,0.984208, 0.0127002,0.0030922,0.0157924
0.11,0.03 ,0.984081, 0.0127121,0.00320692,0.015919
0.12,0.03 ,0.98395, 0.012724,0.00332646,0.0160505
0.13,0.03 ,0.983813, 0.012736,0.00345111,0.0161871
0.14,0.03 ,0.983671, 0.0127481,0.00358121,0.0163293
0.15,0.03 ,0.983523, 0.0127602,0.00371709,0.0164773
0.16,0.03 ,0.983368, 0.0127724,0.00385915,0.0166315
0.17,0.03 ,0.983208, 0.0127846,0.00400779,0.0167924
0.18,0.03 ,0.98304, 0.012797,0.00416347,0.0169604
0.19,0.03 ,0.982864, 0.0128093,0.00432669,0.017136
0.2,0.03 ,0.98268, 0.0128218,0.00449798,0.0173198
0.21,0.03 ,0.982488, 0.0128343,0.00467794,0.0175123
0.22,0.03 ,0.982286, 0.0128469,0.00486722,0.0177142
0.23,0.03 ,0.982074, 0.0128596,0.00506656,0.0179262
0.24,0.03 ,0.981851, 0.0128724,0.00527673,0.0181491
0.25,0.03 ,0.981616, 0.0128852,0.00549863,0.0183838
0.26,0.03 ,0.981369, 0.0128981,0.00573324,0.0186313
0.27,0.03 ,0.981107, 0.012911,0.00598165,0.0188927
0.28,0.03 ,0.980831, 0.0129241,0.00624507,0.0191691
0.29,0.03 ,0.980538, 0.0129372,0.00652488,0.0194621
0.3,0.03 ,0.980227, 0.0129504,0.0068226,0.019773
0.31,0.03 ,0.979896, 0.0129636,0.00713997,0.0201036
0.32,0.03 ,0.979544, 0.012977,0.00747894,0.0204559
0.33,0.03 ,0.979168, 0.0129904,0.00784173,0.0208321
0.34,0.03 ,0.978765, 0.0130039,0.00823088,0.0212348
0.35,0.03 ,0.978333, 0.0130174,0.00864928,0.0216667
0.36,0.03 ,0.977869, 0.0130311,0.00910026,0.0221314
0.37,0.03 ,0.977368, 0.0130448,0.00958768,0.0226325
0.38,0.03 ,0.976825, 0.0130586,0.010116,0.0231746
0.39,0.03 ,0.976237, 0.0130725,0.0106904,0.0237629
0.4,0.03 ,0.975596, 0.0130865,0.0113171,0.0244036
0.41,0.03 ,0.974896, 0.0131005,0.0120032,0.0251038
0.42,0.03 ,0.974128, 0.0131146,0.0127574,0.0258721
0.43,0.03 ,0.973281, 0.0131289,0.0135899,0.0267187
0.44,0.03 ,0.972344, 0.0131432,0.014513,0.0276561
0.45,0.03 ,0.971301, 0.0131575,0.0155418,0.0286993
0.46,0.03 ,0.970133, 0.013172,0.0166945,0.0298665
0.47,0.03 ,0.96882, 0.0131865,0.0179939,0.0311804
0.48,0.03 ,0.967331, 0.0132012,0.019468,0.0326692
0.49,0.03 ,0.965632, 0.0132159,0.0211523,0.0343682
0.5,0.03 ,0.963678, 0.0132307,0.0230913,0.036322
0.51,0.03 ,0.961412, 0.0132456,0.0253422,0.0385878
0.52,0.03 ,0.958761, 0.0132606,0.0279783,0.0412388
0.53,0.03 ,0.95563, 0.0132756,0.0310943,0.0443699
0.54,0.03 ,0.951897, 0.0132908,0.0348126,0.0481034
0.55,0.03 ,0.947403, 0.0133061,0.0392905,0.0525966
0.56,0.03 ,0.941952, 0.0133214,0.0447265,0.058048
0.57,0.03 ,0.935301, 0.0133368,0.0513625,0.0646993
0.58,0.03 ,0.927174, 0.0133524,0.0594734,0.0728258
0.59,0.03 ,0.917296, 0.013368,0.0693365,0.0827045
0.6,0.03 ,0.905445, 0.0133837,0.0811717,0.0945554
0.61,0.03 ,0.891533, 0.0133995,0.0950675,0.108467
0.62,0.03 ,0.875657, 0.0134154,0.110928,0.124343
0.63,0.03 ,0.858091, 0.0134314,0.128478,0.141909
0.64,0.03 ,0.839221, 0.0134475,0.147331,0.160779
0.65,0.03 ,0.81946, 0.0134637,0.167076,0.18054
0.66,0.03 ,0.79918, 0.01348,0.18734,0.20082
0.67,0.03 ,0.778687, 0.0134964,0.207817,0.221313
0.68,0.03 ,0.758212, 0.0135129,0.228276,0.241788
0.69,0.03 ,0.737924, 0.0135295,0.248547,0.262076
0.7,0.03 ,0.717943, 0.0135462,0.26851,0.282057
0.71,0.03 ,0.698352, 0.0135629,0.288086,0.301648
0.72,0.03 ,0.679203, 0.0135798,0.307218,0.320797
0.73,0.03 ,0.660531, 0.0135968,0.325873,0.339469
0.74,0.03 ,0.642356, 0.0136139,0.344031,0.357644
0.75,0.03 ,0.624687, 0.0136312,0.361682,0.375313
0.76,0.03 ,0.607526, 0.0136485,0.378825,0.392474
0.77,0.03 ,0.590871, 0.0136659,0.395463,0.409129
0.78,0.03 ,0.574714, 0.0136834,0.411603,0.425286
0.79,0.03 ,0.559046, 0.0137011,0.427253,0.440954
0.8,0.03 ,0.543856, 0.0137188,0.442425,0.456144
0.81,0.03 ,0.529131, 0.0137367,0.457132,0.470869
0.82,0.03 ,0.514858, 0.0137546,0.471387,0.485142
0.83,0.03 ,0.501025, 0.0137727,0.485203,0.498975
0.84,0.03 ,0.487616, 0.0137909,0.498593,0.512384
0.85,0.03 ,0.474619, 0.0138092,0.511572,0.525381
0.86,0.03 ,0.462019, 0.0138276,0.524153,0.537981
0.87,0.03 ,0.449805, 0.0138461,0.536349,0.550195
0.88,0.03 ,0.437961, 0.0138648,0.548174,0.562039
0.89,0.03 ,0.426477, 0.0138836,0.55964,0.573523
0.9,0.03 ,0.415339, 0.0139024,0.570759,0.584661
0.91,0.03 ,0.404535, 0.0139214,0.581544,0.595465
0.92,0.03 ,0.394054, 0.0139406,0.592005,0.605946
0.93,0.03 ,0.383885, 0.0139598,0.602156,0.616115
0.94,0.03 ,0.374016, 0.0139792,0.612005,0.625984
0.95,0.03 ,0.364438, 0.0139986,0.621563,0.635562
0.96,0.03 ,0.35514, 0.0140182,0.630842,0.64486
0.97,0.03 ,0.346113, 0.014038,0.639849,0.653887
0.98,0.03 ,0.337348, 0.0140578,0.648595,0.662652
0.99,0.03 ,0.328834, 0.0140778,0.657088,0.671166
1,0.03 ,0.320565, 0.0140979,0.665337,0.679435
0,0.04 ,0.98519, 0.0125951,0.00221441,0.0148095
0.01,0.04 ,0.9851, 0.0126063,0.00229325,0.0148996
0.02,0.04 ,0.985007, 0.0126176,0.00237489,0.0149925
0.03,0.04 ,0.984912, 0.012629,0.00245947,0.0150884
0.04,0.04 ,0.984812, 0.0126404,0.00254714,0.0151875
0.05,0.04 ,0.98471, 0.0126519,0.00263808,0.0152899
0.06,0.04 ,0.984604, 0.0126634,0.00273245,0.0153958
0.07,0.04 ,0.984495, 0.012675,0.00283045,0.0155054
0.08,0.04 ,0.984381, 0.0126867,0.00293228,0.0156189
0.09,0.04 ,0.984263, 0.0126984,0.00303816,0.0157365
0.1,0.04 ,0.984141, 0.0127102,0.00314833,0.0158585
0.11,0.04 ,0.984015, 0.012722,0.00326303,0.0159851
0.12,0.04 ,0.983883, 0.012734,0.00338256,0.0161165
0.13,0.04 ,0.983747, 0.0127459,0.0035072,0.0162531
0.14,0.04 ,0.983605, 0.012758,0.00363728,0.0163953
0.15,0.04 ,0.983457, 0.0127701,0.00377315,0.0165433
0.16,0.04 ,0.983303, 0.0127823,0.00391519,0.0166975
0.17,0.04 ,0.983142, 0.0127946,0.00406382,0.0168584
0.18,0.04 ,0.982974, 0.0128069,0.00421948,0.0170264
0.19,0.04 ,0.982798, 0.0128193,0.00438267,0.0172019
0.2,0.04 ,0.982614, 0.0128317,0.00455394,0.0173857
0.21,0.04 ,0.982422, 0.0128443,0.00473388,0.0175781
0.22,0.04 ,0.98222, 0.0128569,0.00492314,0.01778
0.23,0.04 ,0.982008, 0.0128695,0.00512245,0.017992
0.24,0.04 ,0.981785, 0.0128823,0.00533259,0.0182149
0.25,0.04 ,0.98155, 0.0128951,0.00555446,0.0184496
0.26,0.04 ,0.981303, 0.012908,0.00578904,0.018697
0.27,0.04 ,0.981042, 0.012921,0.0060374,0.0189584
0.28,0.04 ,0.980765, 0.012934,0.00630079,0.0192348
0.29,0.04 ,0.980472, 0.0129471,0.00658054,0.0195276
0.3,0.04 ,0.980162, 0.0129603,0.00687821,0.0198385
0.31,0.04 ,0.979831, 0.0129735,0.00719552,0.0201691
0.32,0.04 ,0.979479, 0.0129869,0.00753443,0.0205213
0.33,0.04 ,0.979103, 0.0130003,0.00789715,0.0208974
0.34,0.04 ,0.9787, 0.0130138,0.00828621,0.0213
0.35,0.04 ,0.978268, 0.0130273,0.00870452,0.0217319
0.36,0.04 ,0.977804, 0.013041,0.0091554,0.0221964
0.37,0.04 ,0.977303, 0.0130547,0.0096427,0.0226974
0.38,0.04 ,0.976761, 0.0130685,0.0101709,0.0232394
0.39,0.04 ,0.976172, 0.0130824,0.0107452,0.0238276
0.4,0.04 ,0.975532, 0.0130964,0.0113717,0.024468
0.41,0.04 ,0.974832, 0.0131104,0.0120576,0.025168
0.42,0.04 ,0.974064, 0.0131245,0.0128115,0.0259361
0.43,0.04 ,0.973218, 0.0131388,0.0136437,0.0267825
0.44,0.04 ,0.97228, 0.013153,0.0145665,0.0277195
0.45,0.04 ,0.971238, 0.0131674,0.0155949,0.0287623
0.46,0.04 ,0.970071, 0.0131819,0.0167472,0.0299291
0.47,0.04 ,0.968758, 0.0131964,0.018046,0.0312424
0.48,0.04 ,0.967269, 0.0132111,0.0195195,0.0327305
0.49,0.04 ,0.965571, 0.0132258,0.0212029,0.0344286
0.5,0.04 ,0.963619, 0.0132406,0.0231409,0.0363814
0.51,0.04 ,0.961354, 0.0132555,0.0253905,0.0386459
0.52,0.04 ,0.958705, 0.0132705,0.0280249,0.0412954
0.53,0.04 ,0.955576, 0.0132855,0.0311389,0.0444244
0.54,0.04 ,0.951845, 0.0133007,0.0348546,0.0481553
0.55,0.04 ,0.947355, 0.0133159,0.0393291,0.052645
0.56,0.04 ,0.941908, 0.0133313,0.0447607,0.058092
0.57,0.04 ,0.935262, 0.0133467,0.0513911,0.0647378
0.58,0.04 ,0.927143, 0.0133622,0.059495,0.0728573
0.59,0.04 ,0.917272, 0.0133779,0.0693497,0.0827276
0.6,0.04 ,0.905431, 0.0133936,0.0811754,0.094569
0.61,0.04 ,0.891529, 0.0134094,0.0950612,0.108471
0.62,0.04 ,0.875663, 0.0134253,0.110912,0.124337
0.63,0.04 ,0.858106, 0.0134413,0.128453,0.141894
0.64,0.04 ,0.839244, 0.0134574,0.147299,0.160756
0.65,0.04 ,0.819488, 0.0134736,0.167038,0.180512
0.66,0.04 ,0.799213, 0.0134898,0.187297,0.200787
0.67,0.04 ,0.778723, 0.0135062,0.207771,0.221277
0.68,0.04 ,0.75825, 0.0135227,0.228227,0.24175
0.69,0.04 ,0.737965, 0.0135393,0.248496,0.262035
0.7,0.04 ,0.717985, 0.013556,0.268459,0.282015
0.71,0.04 ,0.698394, 0.0135728,0.288033,0.301606
0.72,0.04 ,0.679246, 0.0135897,0.307165,0.320754
0.73,0.04 ,0.660574, 0.0136067,0.325819,0.339426
0.74,0.04 ,0.642399, 0.0136238,0.343977,0.357601
0.75,0.04 ,0.62473, 0.013641,0.361629,0.37527
0.76,0.04 ,0.60757, 0.0136583,0.378772,0.39243
0.77,0.04 ,0.590914, 0.0136757,0.39541,0.409086
0.78,0.04 ,0.574757, 0.0136933,0.41155,0.425243
0.79,0.04 ,0.559088, 0.0137109,0.427201,0.440912
0.8,0.04 ,0.543898, 0.0137286,0.442374,0.456102
0.81,0.04 ,0.529172, 0.0137465,0.457081,0.470828
0.82,0.04 ,0.5149, 0.0137644,0.471336,0.4851
0.83,0.04 ,0.501065, 0.0137825,0.485152,0.498935
0.84,0.04 ,0.487656, 0.0138007,0.498543,0.512344
0.85,0.04 ,0.474658, 0.013819,0.511523,0.525342
0.86,0.04 ,0.462059, 0.0138374,0.524104,0.537941
0.87,0.04 ,0.449843, 0.013856,0.536301,0.550157
0.88,0.04 ,0.438, 0.0138746,0.548126,0.562
0.89,0.04 ,0.426514, 0.0138934,0.559592,0.573486
0.9,0.04 ,0.415376, 0.0139122,0.570712,0.584624
0.91,0.04 ,0.404571, 0.0139312,0.581497,0.595429
0.92,0.04 ,0.39409, 0.0139504,0.59196,0.60591
0.93,0.04 ,0.38392, 0.0139696,0.60211,0.61608
0.94,0.04 ,0.374051, 0.0139889,0.61196,0.625949
0.95,0.04 ,0.364473, 0.0140084,0.621519,0.635527
0.96,0.04 ,0.355174, 0.014028,0.630798,0.644826
0.97,0.04 ,0.346147, 0.0140478,0.639806,0.653853
0.98,0.04 ,0.337381, 0.0140676,0.648552,0.662619
0.99,0.04 ,0.328867, 0.0140876,0.657045,0.671133
1,0.04 ,0.320597, 0.0141077,0.665295,0.679403
0,0.05 ,0.985122, 0.0126051,0.0022725,0.0148776
0.01,0.05 ,0.985032, 0.0126163,0.00235133,0.0149677
0.02,0.05 ,0.984939, 0.0126276,0.00243296,0.0150606
0.03,0.05 ,0.984843, 0.012639,0.00251754,0.0151565
0.04,0.05 ,0.984744, 0.0126504,0.0026052,0.0152556
0.05,0.05 ,0.984642, 0.0126619,0.00269613,0.015358
0.06,0.05 ,0.984536, 0.0126734,0.00279049,0.0154639
0.07,0.05 ,0.984427, 0.012685,0.00288848,0.0155735
0.08,0.05 ,0.984313, 0.0126967,0.0029903,0.015687
0.09,0.05 ,0.984195, 0.0127084,0.00309617,0.0158046
0.1,0.05 ,0.984073, 0.0127202,0.00320633,0.0159265
0.11,0.05 ,0.983947, 0.012732,0.00332103,0.0160531
0.12,0.05 ,0.983816, 0.012744,0.00344054,0.0161845
0.13,0.05 ,0.983679, 0.0127559,0.00356517,0.0163211
0.14,0.05 ,0.983537, 0.012768,0.00369524,0.0164632
0.15,0.05 ,0.983389, 0.0127801,0.00383109,0.0166112
0.16,0.05 ,0.983235, 0.0127923,0.00397311,0.0167654
0.17,0.05 ,0.983074, 0.0128045,0.00412172,0.0169263
0.18,0.05 ,0.982906, 0.0128169,0.00427736,0.0170942
0.19,0.05 ,0.98273, 0.0128293,0.00444054,0.0172698
0.2,0.05 ,0.982546, 0.0128417,0.00461178,0.0174535
0.21,0.05 ,0.982354, 0.0128543,0.0047917,0.0176459
0.22,0.05 ,0.982152, 0.0128669,0.00498093,0.0178478
0.23,0.05 ,0.98194, 0.0128795,0.00518021,0.0180597
0.24,0.05 ,0.981717, 0.0128923,0.00539032,0.0182826
0.25,0.05 ,0.981483, 0.0129051,0.00561216,0.0185172
0.26,0.05 ,0.981235, 0.012918,0.0058467,0.0187647
0.27,0.05 ,0.980974, 0.0129309,0.00609503,0.019026
0.28,0.05 ,0.980698, 0.012944,0.00635836,0.0193023
0.29,0.05 ,0.980405, 0.0129571,0.00663807,0.0195951
0.3,0.05 ,0.980094, 0.0129703,0.00693569,0.0199059
0.31,0.05 ,0.979764, 0.0129835,0.00725294,0.0202365
0.32,0.05 ,0.979411, 0.0129969,0.00759177,0.0205886
0.33,0.05 ,0.979035, 0.0130103,0.00795442,0.0209647
0.34,0.05 ,0.978633, 0.0130238,0.0083434,0.0213672
0.35,0.05 ,0.978201, 0.0130373,0.00876161,0.0217989
0.36,0.05 ,0.977737, 0.013051,0.00921239,0.0222634
0.37,0.05 ,0.977236, 0.0130647,0.00969957,0.0227643
0.38,0.05 ,0.976694, 0.0130785,0.0102276,0.0233061
0.39,0.05 ,0.976106, 0.0130924,0.0108018,0.0238941
0.4,0.05 ,0.975466, 0.0131063,0.0114281,0.0245344
0.41,0.05 ,0.974766, 0.0131204,0.0121138,0.0252342
0.42,0.05 ,0.973998, 0.0131345,0.0128675,0.026002
0.43,0.05 ,0.973152, 0.0131487,0.0136994,0.0268481
0.44,0.05 ,0.972215, 0.013163,0.0146218,0.0277848
0.45,0.05 ,0.971173, 0.0131774,0.0156498,0.0288272
0.46,0.05 ,0.970007, 0.0131918,0.0168016,0.0299935
0.47,0.05 ,0.968694, 0.0132064,0.0180999,0.0313063
0.48,0.05 ,0.967206, 0.013221,0.0195727,0.0327937
0.49,0.05 ,0.965509, 0.0132357,0.0212552,0.0344909
0.5,0.05 ,0.963557, 0.0132505,0.0231922,0.0364427
0.51,0.05 ,0.961294, 0.0132654,0.0254405,0.0387059
0.52,0.05 ,0.958646, 0.0132804,0.0280733,0.0413537
0.53,0.05 ,0.955519, 0.0132955,0.0311851,0.0444806
0.54,0.05 ,0.951791, 0.0133106,0.0348981,0.0482087
0.55,0.05 ,0.947305, 0.0133259,0.0393691,0.052695
0.56,0.05 ,0.941863, 0.0133412,0.0447962,0.0581375
0.57,0.05 ,0.935223, 0.0133566,0.0514208,0.0647775
0.58,0.05 ,0.92711, 0.0133722,0.0595176,0.0728898
0.59,0.05 ,0.917249, 0.0133878,0.0693637,0.0827515
0.6,0.05 ,0.905417, 0.0134035,0.0811796,0.0945831
0.61,0.05 ,0.891526, 0.0134193,0.095055,0.108474
0.62,0.05 ,0.875669, 0.0134352,0.110895,0.124331
0.63,0.05 ,0.858121, 0.0134512,0.128428,0.141879
0.64,0.05 ,0.839267, 0.0134673,0.147266,0.160733
0.65,0.05 ,0.819517, 0.0134835,0.166999,0.180483
0.66,0.05 ,0.799247, 0.0134998,0.187253,0.200753
0.67,0.05 ,0.778761, 0.0135162,0.207723,0.221239
0.68,0.05 ,0.75829, 0.0135326,0.228177,0.24171
0.69,0.05 ,0.738006, 0.0135492,0.248444,0.261994
0.7,0.05 ,0.718028, 0.0135659,0.268406,0.281972
0.71,0.05 ,0.698438, 0.0135827,0.287979,0.301562
0.72,0.05 ,0.67929, 0.0135996,0.30711,0.32071
0.73,0.05 ,0.660619, 0.0136166,0.325765,0.339381
0.74,0.05 ,0.642444, 0.0136337,0.343922,0.357556
0.75,0.05 ,0.624775, 0.0136509,0.361574,0.375225
0.76,0.05 ,0.607614, 0.0136682,0.378718,0.392386
0.77,0.05 ,0.590958, 0.0136856,0.395356,0.409042
0.78,0.05 ,0.574801, 0.0137031,0.411496,0.425199
0.79,0.05 ,0.559132, 0.0137208,0.427147,0.440868
0.8,0.05 ,0.543941, 0.0137385,0.442321,0.456059
0.81,0.05 ,0.529215, 0.0137564,0.457028,0.470785
0.82,0.05 ,0.514942, 0.0137743,0.471284,0.485058
0.83,0.05 ,0.501107, 0.0137924,0.485101,0.498893
0.84,0.05 ,0.487697, 0.0138106,0.498492,0.512303
0.85,0.05 ,0.474699, 0.0138289,0.511472,0.525301
0.86,0.05 ,0.462099, 0.0138473,0.524054,0.537901
0.87,0.05 ,0.449883, 0.0138658,0.536251,0.550117
0.88,0.05 ,0.438039, 0.0138845,0.548077,0.561961
0.89,0.05 ,0.426553, 0.0139032,0.559544,0.573447
0.9,0.05 ,0.415414, 0.0139221,0.570664,0.584586
0.91,0.05 ,0.404609, 0.0139411,0.58145,0.595391
0.92,0.05 ,0.394127, 0.0139602,0.591913,0.605873
0.93,0.05 ,0.383957, 0.0139795,0.602064,0.616043
0.94,0.05 ,0.374087, 0.0139988,0.611914,0.625913
0.95,0.05 ,0.364508, 0.0140183,0.621474,0.635492
0.96,0.05 ,0.355209, 0.0140379,0.630753,0.644791
0.97,0.05 ,0.346181, 0.0140576,0.639761,0.653819
0.98,0.05 ,0.337415, 0.0140774,0.648508,0.662585
0.99,0.05 ,0.3289, 0.0140974,0.657002,0.6711
1,0.05 ,0.32063, 0.0141175,0.665252,0.67937
0,0.06 ,0.985052, 0.0126152,0.00233256,0.0149478
0.01,0.06 ,0.984962, 0.0126264,0.00241139,0.0150378
0.02,0.06 ,0.984869, 0.0126377,0.00249302,0.0151307
0.03,0.06 ,0.984773, 0.0126491,0.00257758,0.0152266
0.04,0.06 ,0.984674, 0.0126605,0.00266524,0.0153257
0.05,0.06 ,0.984572, 0.0126719,0.00275616,0.0154281
0.06,0.06 ,0.984466, 0.0126835,0.00285051,0.015534
0.07,0.06 ,0.984356, 0.0126951,0.00294849,0.0156436
0.08,0.06 ,0.984243, 0.0127067,0.0030503,0.015757
0.09,0.06 ,0.984125, 0.0127185,0.00315616,0.0158746
0.1,0.06 ,0.984003, 0.0127302,0.0032663,0.0159965
0.11,0.06 ,0.983877, 0.0127421,0.00338099,0.0161231
0.12,0.06 ,0.983745, 0.012754,0.00350049,0.0162545
0.13,0.06 ,0.983609, 0.012766,0.00362511,0.0163911
0.14,0.06 ,0.983467, 0.0127781,0.00375516,0.0165332
0.15,0.06 ,0.983319, 0.0127902,0.003891,0.0166812
0.16,0.06 ,0.983165, 0.0128024,0.004033,0.0168354
0.17,0.06 ,0.983004, 0.0128146,0.00418159,0.0169962
0.18,0.06 ,0.982836, 0.0128269,0.00433721,0.0171641
0.19,0.06 ,0.98266, 0.0128393,0.00450037,0.0173397
0.2,0.06 ,0.982477, 0.0128518,0.00467159,0.0175234
0.21,0.06 ,0.982284, 0.0128643,0.00485148,0.0177158
0.22,0.06 ,0.982082, 0.0128769,0.00504069,0.0179176
0.23,0.06 ,0.98187, 0.0128896,0.00523993,0.0181295
0.24,0.06 ,0.981648, 0.0129023,0.00545002,0.0183523
0.25,0.06 ,0.981413, 0.0129151,0.00567182,0.018587
0.26,0.06 ,0.981166, 0.012928,0.00590632,0.0188343
0.27,0.06 ,0.980904, 0.012941,0.00615461,0.0190956
0.28,0.06 ,0.980628, 0.012954,0.0064179,0.0193719
0.29,0.06 ,0.980335, 0.0129671,0.00669756,0.0196647
0.3,0.06 ,0.980025, 0.0129803,0.00699512,0.0199754
0.31,0.06 ,0.979694, 0.0129936,0.00731231,0.0203059
0.32,0.06 ,0.979342, 0.0130069,0.00765107,0.020658
0.33,0.06 ,0.978966, 0.0130203,0.00801364,0.0210339
0.34,0.06 ,0.978564, 0.0130338,0.00840254,0.0214363
0.35,0.06 ,0.978132, 0.0130474,0.00882066,0.021868
0.36,0.06 ,0.977668, 0.013061,0.00927132,0.0223323
0.37,0.06 ,0.977167, 0.0130747,0.00975838,0.0228331
0.38,0.06 ,0.976625, 0.0130885,0.0102863,0.0233748
0.39,0.06 ,0.976037, 0.0131024,0.0108603,0.0239627
0.4,0.06 ,0.975397, 0.0131164,0.0114864,0.0246028
0.41,0.06 ,0.974698, 0.0131304,0.0121719,0.0253023
0.42,0.06 ,0.97393, 0.0131445,0.0129253,0.0260699
0.43,0.06 ,0.973084, 0.0131587,0.0137569,0.0269157
0.44,0.06 ,0.972148, 0.013173,0.0146791,0.0278521
0.45,0.06 ,0.971106, 0.0131874,0.0157066,0.028894
0.46,0.06 ,0.96994, 0.0132019,0.016858,0.0300598
0.47,0.06 ,0.968628, 0.0132164,0.0181556,0.031372
0.48,0.06 ,0.967141, 0.013231,0.0196277,0.0328587
0.49,0.06 ,0.965445, 0.0132457,0.0213094,0.0345551
0.5,0.06 ,0.963494, 0.0132605,0.0232453,0.0365058
0.51,0.06 ,0.961232, 0.0132754,0.0254922,0.0387676
0.52,0.06 ,0.958586, 0.0132904,0.0281233,0.0414137
0.53,0.06 ,0.955462, 0.0133055,0.031233,0.0445384
0.54,0.06 ,0.951736, 0.0133206,0.0349432,0.0482638
0.55,0.06 ,0.947254, 0.0133359,0.0394106,0.0527465
0.56,0.06 ,0.941816, 0.0133512,0.0448331,0.0581843
0.57,0.06 ,0.935182, 0.0133666,0.0514518,0.0648184
0.58,0.06 ,0.927077, 0.0133822,0.0595412,0.0729234
0.59,0.06 ,0.917224, 0.0133978,0.0693784,0.0827762
0.6,0.06 ,0.905402, 0.0134135,0.0811842,0.0945977
0.61,0.06 ,0.891522, 0.0134293,0.095049,0.108478
0.62,0.06 ,0.875676, 0.0134452,0.110879,0.124324
0.63,0.06 ,0.858137, 0.0134612,0.128402,0.141863
0.64,0.06 ,0.83929, 0.0134773,0.147232,0.16071
0.65,0.06 ,0.819547, 0.0134935,0.166959,0.180453
0.66,0.06 ,0.799282, 0.0135097,0.187208,0.200718
0.67,0.06 ,0.778799, 0.0135261,0.207675,0.221201
0.68,0.06 ,0.758331, 0.0135426,0.228126,0.241669
0.69,0.06 ,0.738049, 0.0135592,0.248391,0.261951
0.7,0.06 ,0.718073, 0.0135759,0.268352,0.281927
0.71,0.06 ,0.698483, 0.0135927,0.287924,0.301517
0.72,0.06 ,0.679336, 0.0136096,0.307055,0.320664
0.73,0.06 ,0.660665, 0.0136266,0.325709,0.339335
0.74,0.06 ,0.64249, 0.0136437,0.343866,0.35751
0.75,0.06 ,0.624821, 0.0136609,0.361518,0.375179
0.76,0.06 ,0.60766, 0.0136782,0.378662,0.39234
0.77,0.06 ,0.591004, 0.0136956,0.395301,0.408996
0.78,0.06 ,0.574846, 0.0137131,0.411441,0.425154
0.79,0.06 ,0.559177, 0.0137307,0.427092,0.440823
0.8,0.06 ,0.543985, 0.0137485,0.442266,0.456015
0.81,0.06 ,0.529259, 0.0137663,0.456974,0.470741
0.82,0.06 ,0.514985, 0.0137843,0.47123,0.485015
0.83,0.06 ,0.50115, 0.0138024,0.485048,0.49885
0.84,0.06 ,0.48774, 0.0138205,0.49844,0.51226
0.85,0.06 ,0.474741, 0.0138388,0.51142,0.525259
0.86,0.06 ,0.46214, 0.0138572,0.524002,0.53786
0.87,0.06 ,0.449924, 0.0138758,0.5362,0.550076
0.88,0.06 ,0.438079, 0.0138944,0.548027,0.561921
0.89,0.06 ,0.426593, 0.0139132,0.559494,0.573407
0.9,0.06 ,0.415453, 0.013932,0.570615,0.584547
0.91,0.06 ,0.404648, 0.013951,0.581401,0.595352
0.92,0.06 ,0.394165, 0.0139701,0.591865,0.605835
0.93,0.06 ,0.383994, 0.0139894,0.602016,0.616006
0.94,0.06 ,0.374124, 0.0140087,0.611867,0.625876
0.95,0.06 ,0.364545, 0.0140282,0.621427,0.635455
0.96,0.06 ,0.355245, 0.0140478,0.630707,0.644755
0.97,0.06 ,0.346217, 0.0140675,0.639716,0.653783
0.98,0.06 ,0.33745, 0.0140874,0.648463,0.66255
0.99,0.06 ,0.328935, 0.0141073,0.656958,0.671065
1,0.06 ,0.320664, 0.0141274,0.665208,0.679336
0,0.07 ,0.98498, 0.0126253,0.00239471,0.01502
0.01,0.07 ,0.98489, 0.0126366,0.00247353,0.0151101
0.02,0.07 ,0.984797, 0.0126478,0.00255514,0.015203
0.03,0.07 ,0.984701, 0.0126592,0.0026397,0.0152989
0.04,0.07 ,0.984602, 0.0126706,0.00272735,0.015398
0.05,0.07 ,0.9845, 0.0126821,0.00281826,0.0155003
0.06,0.07 ,0.984394, 0.0126936,0.0029126,0.0156062
0.07,0.07 ,0.984284, 0.0127052,0.00301057,0.0157158
0.08,0.07 ,0.984171, 0.0127169,0.00311237,0.0158292
0.09,0.07 ,0.984053, 0.0127286,0.00321822,0.0159468
0.1,0.07 ,0.983931, 0.0127404,0.00332835,0.0160687
0.11,0.07 ,0.983805, 0.0127522,0.00344302,0.0161953
0.12,0.07 ,0.983673, 0.0127641,0.00356251,0.0163267
0.13,0.07 ,0.983537, 0.0127761,0.00368711,0.0164632
0.14,0.07 ,0.983395, 0.0127882,0.00381715,0.0166053
0.15,0.07 ,0.983247, 0.0128003,0.00395297,0.0167533
0.16,0.07 ,0.983093, 0.0128125,0.00409496,0.0169074
0.17,0.07 ,0.982932, 0.0128247,0.00424353,0.0170683
0.18,0.07 ,0.982764, 0.0128371,0.00439913,0.0172362
0.19,0.07 ,0.982588, 0.0128494,0.00456226,0.0174117
0.2,0.07 ,0.982405, 0.0128619,0.00473346,0.0175954
0.21,0.07 ,0.982212, 0.0128744,0.00491332,0.0177877
0.22,0.07 ,0.98201, 0.012887,0.00510251,0.0179895
0.23,0.07 ,0.981799, 0.0128997,0.00530172,0.0182014
0.24,0.07 ,0.981576, 0.0129124,0.00551178,0.0184242
0.25,0.07 ,0.981341, 0.0129252,0.00573354,0.0186588
0.26,0.07 ,0.981094, 0.0129381,0.005968,0.0189061
0.27,0.07 ,0.980833, 0.0129511,0.00621625,0.0191673
0.28,0.07 ,0.980556, 0.0129641,0.00647949,0.0194436
0.29,0.07 ,0.980264, 0.0129772,0.0067591,0.0197363
0.3,0.07 ,0.979953, 0.0129904,0.0070566,0.020047
0.31,0.07 ,0.979623, 0.0130037,0.00737373,0.0203774
0.32,0.07 ,0.979271, 0.013017,0.00771243,0.0207294
0.33,0.07 ,0.978895, 0.0130304,0.00807491,0.0211053
0.34,0.07 ,0.978492, 0.0130439,0.00846372,0.0215076
0.35,0.07 ,0.978061, 0.0130575,0.00888174,0.0219392
0.36,0.07 ,0.977597, 0.0130711,0.0093323,0.0224034
0.37,0.07 ,0.977096, 0.0130848,0.00981923,0.022904
0.38,0.07 ,0.976554, 0.0130986,0.010347,0.0234456
0.39,0.07 ,0.975967, 0.0131125,0.0109208,0.0240333
0.4,0.07 ,0.975327, 0.0131264,0.0115467,0.0246732
0.41,0.07 ,0.974627, 0.0131405,0.012232,0.0253725
0.42,0.07 ,0.97386, 0.0131546,0.0129852,0.0261398
0.43,0.07 ,0.973015, 0.0131688,0.0138165,0.0269853
0.44,0.07 ,0.972079, 0.0131831,0.0147383,0.0279214
0.45,0.07 ,0.971037, 0.0131975,0.0157654,0.0289629
0.46,0.07 ,0.969872, 0.0132119,0.0169163,0.0301282
0.47,0.07 ,0.96856, 0.0132265,0.0182134,0.0314398
0.48,0.07 ,0.967074, 0.0132411,0.0196847,0.0329258
0.49,0.07 ,0.965379, 0.0132558,0.0213655,0.0346213
0.5,0.07 ,0.963429, 0.0132706,0.0233002,0.0365708
0.51,0.07 ,0.961169, 0.0132855,0.0255458,0.0388313
0.52,0.07 ,0.958524, 0.0133005,0.0281751,0.0414756
0.53,0.07 ,0.955402, 0.0133155,0.0312826,0.0445981
0.54,0.07 ,0.951679, 0.0133307,0.0349899,0.0483206
0.55,0.07 ,0.9472, 0.0133459,0.0394536,0.0527996
0.56,0.07 ,0.941767, 0.0133613,0.0448714,0.0582327
0.57,0.07 ,0.935139, 0.0133767,0.051484,0.0648607
0.58,0.07 ,0.927042, 0.0133922,0.0595659,0.0729581
0.59,0.07 ,0.917198, 0.0134078,0.069394,0.0828018
0.6,0.07 ,0.905387, 0.0134235,0.0811894,0.094613
0.61,0.07 ,0.891517, 0.0134393,0.0950432,0.108483
0.62,0.07 ,0.875682, 0.0134552,0.110862,0.124318
0.63,0.07 ,0.858153, 0.0134712,0.128376,0.141847
0.64,0.07 ,0.839315, 0.0134873,0.147198,0.160685
0.65,0.07 ,0.819578, 0.0135035,0.166918,0.180422
0.66,0.07 ,0.799318, 0.0135198,0.187163,0.200682
0.67,0.07 ,0.778838, 0.0135362,0.207625,0.221162
0.68,0.07 ,0.758374, 0.0135527,0.228074,0.241626
0.69,0.07 ,0.738093, 0.0135692,0.248337,0.261907
0.7,0.07 ,0.718118, 0.0135859,0.268296,0.281882
0.71,0.07 ,0.69853, 0.0136027,0.287868,0.30147
0.72,0.07 ,0.679383, 0.0136196,0.306998,0.320617
0.73,0.07 ,0.660712, 0.0136366,0.325651,0.339288
0.74,0.07 ,0.642537, 0.0136537,0.343809,0.357463
0.75,0.07 ,0.624868, 0.0136709,0.361461,0.375132
0.76,0.07 ,0.607707, 0.0136882,0.378605,0.392293
0.77,0.07 ,0.591051, 0.0137056,0.395244,0.408949
0.78,0.07 ,0.574893, 0.0137231,0.411384,0.425107
0.79,0.07 ,0.559223, 0.0137408,0.427036,0.440777
0.8,0.07 ,0.544031, 0.0137585,0.44221,0.455969
0.81,0.07 ,0.529305, 0.0137763,0.456919,0.470695
