Betamv, Betapv,V,Rs,Rv,P
0,0,0.978371,0.0196293,0.002,0.0216293
0.01,0,0.978188,0.0196897,0.00212243,0.0218122
0.02,0,0.977999,0.0197511,0.00224997,0.0220011
0.03,0,0.977804,0.0198135,0.00238293,0.0221965
0.04,0,0.977601,0.0198769,0.00252159,0.0223985
0.05,0,0.977392,0.0199414,0.00266628,0.0226076
0.06,0,0.977176,0.0200068,0.00281736,0.0228242
0.07,0,0.976951,0.0200734,0.00297519,0.0230486
0.08,0,0.976719,0.0201411,0.00314019,0.0232812
0.09,0,0.976477,0.0202098,0.00331279,0.0235226
0.1,0,0.976227,0.0202798,0.00349345,0.0237733
0.11,0,0.975966,0.020351,0.00368268,0.0240336
0.12,0,0.975696,0.0204233,0.00388104,0.0243044
0.13,0,0.975414,0.020497,0.0040891,0.0245861
0.14,0,0.975121,0.0205719,0.00430752,0.0248794
0.15,0,0.974815,0.0206481,0.00453699,0.0251851
0.16,0,0.974496,0.0207258,0.00477827,0.025504
0.17,0,0.974163,0.0208048,0.00503217,0.0258369
0.18,0,0.973815,0.0208852,0.00529961,0.0261848
0.19,0,0.973451,0.0209671,0.00558157,0.0265487
0.2,0,0.97307,0.0210505,0.00587911,0.0269296
0.21,0,0.972671,0.0211355,0.00619341,0.0273289
0.22,0,0.972252,0.0212221,0.00652578,0.0277479
0.23,0,0.971812,0.0213103,0.00687763,0.028188
0.24,0,0.971349,0.0214003,0.00725053,0.0286508
0.25,0,0.970862,0.0214919,0.00764622,0.0291381
0.26,0,0.970348,0.0215854,0.00806661,0.029652
0.27,0,0.969806,0.0216806,0.00851385,0.0301945
0.28,0,0.969232,0.0217778,0.00899029,0.0307681
0.29,0,0.968624,0.0218769,0.00949858,0.0313755
0.3,0,0.96798,0.0219781,0.0100417,0.0320198
0.31,0,0.967296,0.0220813,0.0106229,0.0327042
0.32,0,0.966567,0.0221866,0.011246,0.0334326
0.33,0,0.965791,0.0222941,0.0119151,0.0342093
0.34,0,0.964961,0.0224039,0.0126351,0.035039
0.35,0,0.964073,0.0225159,0.0134113,0.0359272
0.36,0,0.96312,0.0226304,0.0142498,0.0368802
0.37,0,0.962095,0.0227473,0.0151576,0.037905
0.38,0,0.96099,0.0228668,0.0161429,0.0390097
0.39,0,0.959796,0.0229889,0.0172148,0.0402037
0.4,0,0.958502,0.0231136,0.0183841,0.0414977
0.41,0,0.957096,0.0232411,0.0196632,0.0429043
0.42,0,0.955562,0.0233715,0.0210664,0.0444378
0.43,0,0.953885,0.0235048,0.0226105,0.0461153
0.44,0,0.952043,0.0236411,0.0243154,0.0479565
0.45,0,0.950015,0.0237805,0.0262043,0.0499848
0.46,0,0.947772,0.0239231,0.0283046,0.0522277
0.47,0,0.945282,0.024069,0.0306487,0.0547177
0.48,0,0.942507,0.0242183,0.0332751,0.0574933
0.49,0,0.9394,0.024371,0.0362294,0.0606004
0.5,0,0.935907,0.0245273,0.0395657,0.064093
0.51,0,0.931965,0.0246873,0.0433478,0.0680351
0.52,0,0.927498,0.0248511,0.0476508,0.0725018
0.53,0,0.92242,0.0250186,0.0525613,0.0775799
0.54,0,0.916632,0.0251902,0.0581781,0.0833683
0.55,0,0.910024,0.0253658,0.0646105,0.0899763
0.56,0,0.902481,0.0255455,0.0719738,0.0975193
0.57,0,0.893888,0.0257295,0.0803824,0.106112
0.58,0,0.884144,0.0259178,0.0899381,0.115856
0.59,0,0.873174,0.0261105,0.100715,0.126826
0.6,0,0.860948,0.0263076,0.112745,0.139052
0.61,0,0.847487,0.0265094,0.126004,0.152513
0.62,0,0.832874,0.0267158,0.14041,0.167126
0.63,0,0.817245,0.0269268,0.155828,0.182755
0.64,0,0.800771,0.0271427,0.172086,0.199229
0.65,0,0.783644,0.0273634,0.188992,0.216356
0.66,0,0.766056,0.0275889,0.206355,0.233944
0.67,0,0.748183,0.0278194,0.223997,0.251817
0.68,0,0.730184,0.0280548,0.241761,0.269816
0.69,0,0.712188,0.0282951,0.259516,0.287812
0.7,0,0.694305,0.0285405,0.277155,0.305695
0.71,0,0.676618,0.0287908,0.294592,0.323382
0.72,0,0.659192,0.0290462,0.311762,0.340808
0.73,0,0.642078,0.0293065,0.328616,0.357922
0.74,0,0.62531,0.0295718,0.345118,0.37469
0.75,0,0.608915,0.0298421,0.361243,0.391085
0.76,0,0.592909,0.0301173,0.376974,0.407091
0.77,0,0.577303,0.0303974,0.3923,0.422697
0.78,0,0.562102,0.0306823,0.407216,0.437898
0.79,0,0.547307,0.030972,0.421721,0.452693
0.8,0,0.532917,0.0312665,0.435816,0.467083
0.81,0,0.518927,0.0315657,0.449507,0.481073
0.82,0,0.505332,0.0318695,0.462799,0.494668
0.83,0,0.492124,0.0321778,0.475698,0.507876
0.84,0,0.479295,0.0324907,0.488215,0.520705
0.85,0,0.466836,0.0328079,0.500357,0.533164
0.86,0,0.454737,0.0331295,0.512133,0.545263
0.87,0,0.44299,0.0334553,0.523555,0.55701
0.88,0,0.431584,0.0337853,0.534631,0.568416
0.89,0,0.42051,0.0341193,0.545371,0.57949
0.9,0,0.409757,0.0344573,0.555786,0.590243
0.91,0,0.399316,0.0347993,0.565885,0.600684
0.92,0,0.389177,0.035145,0.575678,0.610823
0.93,0,0.379331,0.0354944,0.585174,0.620669
0.94,0,0.369769,0.0358474,0.594384,0.630231
0.95,0,0.360481,0.036204,0.603315,0.639519
0.96,0,0.351459,0.036564,0.611977,0.648541
0.97,0,0.342695,0.0369273,0.620378,0.657305
0.98,0,0.33418,0.0372938,0.628527,0.66582
0.99,0,0.325905,0.0376635,0.636431,0.674095
1,0,0.317864,0.0380362,0.6441,0.682136
0,0.01,0.978268,0.0196655,0.00206697,0.0217325
0.01,0.01,0.978085,0.019726,0.00218937,0.0219153
0.02,0.01,0.977896,0.0197874,0.0023169,0.0221043
0.03,0.01,0.9777,0.0198497,0.00244983,0.0222996
0.04,0.01,0.977498,0.0199131,0.00258846,0.0225016
0.05,0.01,0.977289,0.0199775,0.00273313,0.0227106
0.06,0.01,0.977073,0.020043,0.00288418,0.0229271
0.07,0.01,0.976849,0.0201095,0.00304198,0.0231515
0.08,0.01,0.976616,0.0201771,0.00320695,0.0233841
0.09,0.01,0.976375,0.0202459,0.00337951,0.0236254
0.1,0.01,0.976124,0.0203158,0.00356013,0.023876
0.11,0.01,0.975864,0.020387,0.00374932,0.0241363
0.12,0.01,0.975593,0.0204593,0.00394763,0.024407
0.13,0.01,0.975311,0.0205329,0.00415565,0.0246886
0.14,0.01,0.975018,0.0206078,0.00437402,0.0249819
0.15,0.01,0.974713,0.0206841,0.00460343,0.0252875
0.16,0.01,0.974394,0.0207616,0.00484465,0.0256063
0.17,0.01,0.974061,0.0208406,0.0050985,0.0259391
0.18,0.01,0.973713,0.020921,0.00536587,0.0262869
0.19,0.01,0.973349,0.0210029,0.00564775,0.0266506
0.2,0.01,0.972968,0.0210863,0.00594521,0.0270315
0.21,0.01,0.972569,0.0211712,0.00625943,0.0274307
0.22,0.01,0.972151,0.0212578,0.0065917,0.0278495
0.23,0.01,0.971711,0.021346,0.00694344,0.0282894
0.24,0.01,0.971248,0.0214359,0.00731623,0.0287521
0.25,0.01,0.970761,0.0215275,0.00771179,0.0292393
0.26,0.01,0.970247,0.0216209,0.00813205,0.029753
0.27,0.01,0.969705,0.0217162,0.00857914,0.0302953
0.28,0.01,0.969131,0.0218133,0.00905541,0.0308687
0.29,0.01,0.968524,0.0219124,0.00956353,0.0314759
0.3,0.01,0.96788,0.0220135,0.0101064,0.0321199
0.31,0.01,0.967196,0.0221166,0.0106874,0.0328041
0.32,0.01,0.966468,0.0222219,0.0113103,0.0335322
0.33,0.01,0.965691,0.0223294,0.0119791,0.0343085
0.34,0.01,0.964862,0.0224391,0.0126988,0.0351379
0.35,0.01,0.963974,0.0225511,0.0134746,0.0360257
0.36,0.01,0.963022,0.0226655,0.0143127,0.0369782
0.37,0.01,0.961997,0.0227824,0.0152202,0.0380026
0.38,0.01,0.960893,0.0229018,0.016205,0.0391068
0.39,0.01,0.9597,0.0230238,0.0172764,0.0403002
0.4,0.01,0.958406,0.0231485,0.018445,0.0415935
0.41,0.01,0.957001,0.0232759,0.0197233,0.0429993
0.42,0.01,0.955468,0.0234062,0.0211257,0.044532
0.43,0.01,0.953792,0.0235395,0.022669,0.0462084
0.44,0.01,0.951951,0.0236757,0.0243728,0.0480485
0.45,0.01,0.949924,0.0238151,0.0262604,0.0500755
0.46,0.01,0.947683,0.0239576,0.0283593,0.0523169
0.47,0.01,0.945195,0.0241034,0.0307017,0.0548051
0.48,0.01,0.942421,0.0242526,0.0333261,0.0575787
0.49,0.01,0.939317,0.0244053,0.0362781,0.0606833
0.5,0.01,0.935827,0.0245615,0.0396116,0.0641731
0.51,0.01,0.931888,0.0247214,0.0433905,0.068112
0.52,0.01,0.927425,0.0248851,0.0476897,0.0725747
0.53,0.01,0.922352,0.0250526,0.0525957,0.0776482
0.54,0.01,0.916569,0.025224,0.0582072,0.0834312
0.55,0.01,0.909967,0.0253995,0.0646333,0.0900329
0.56,0.01,0.902431,0.0255791,0.0719895,0.0975686
0.57,0.01,0.893847,0.025763,0.08039,0.106153
0.58,0.01,0.884112,0.0259512,0.0899365,0.115888
0.59,0.01,0.873153,0.0261438,0.100704,0.126847
0.6,0.01,0.860936,0.0263408,0.112723,0.139064
0.61,0.01,0.847486,0.0265425,0.125972,0.152514
0.62,0.01,0.832883,0.0267487,0.140368,0.167117
0.63,0.01,0.817263,0.0269597,0.155777,0.182737
0.64,0.01,0.800798,0.0271754,0.172026,0.199202
0.65,0.01,0.783679,0.027396,0.188925,0.216321
0.66,0.01,0.766096,0.0276214,0.206282,0.233904
0.67,0.01,0.748229,0.0278517,0.223919,0.251771
0.68,0.01,0.730234,0.028087,0.241679,0.269766
0.69,0.01,0.712242,0.0283272,0.259431,0.287758
0.7,0.01,0.694361,0.0285724,0.277066,0.305639
0.71,0.01,0.676676,0.0288226,0.294501,0.323324
0.72,0.01,0.659252,0.0290778,0.31167,0.340748
0.73,0.01,0.642139,0.029338,0.328523,0.357861
0.74,0.01,0.625372,0.0296031,0.345025,0.374628
0.75,0.01,0.608977,0.0298732,0.361149,0.391023
0.76,0.01,0.592972,0.0301482,0.37688,0.407028
0.77,0.01,0.577366,0.0304282,0.392206,0.422634
0.78,0.01,0.562165,0.0307129,0.407122,0.437835
0.79,0.01,0.54737,0.0310025,0.421628,0.45263
0.8,0.01,0.532979,0.0312968,0.435724,0.467021
0.81,0.01,0.518989,0.0315958,0.449415,0.481011
0.82,0.01,0.505393,0.0318994,0.462707,0.494607
0.83,0.01,0.492184,0.0322076,0.475608,0.507816
0.84,0.01,0.479355,0.0325203,0.488125,0.520645
0.85,0.01,0.466895,0.0328373,0.500268,0.533105
0.86,0.01,0.454796,0.0331587,0.512045,0.545204
0.87,0.01,0.443048,0.0334844,0.523467,0.556952
0.88,0.01,0.431642,0.0338142,0.534544,0.568358
0.89,0.01,0.420566,0.034148,0.545286,0.579434
0.9,0.01,0.409813,0.0344859,0.555701,0.590187
0.91,0.01,0.399371,0.0348276,0.565801,0.600629
0.92,0.01,0.389232,0.0351732,0.575595,0.610768
0.93,0.01,0.379385,0.0355224,0.585093,0.620615
0.94,0.01,0.369822,0.0358753,0.594303,0.630178
0.95,0.01,0.360534,0.0362317,0.603235,0.639466
0.96,0.01,0.351511,0.0365915,0.611897,0.648489
0.97,0.01,0.342746,0.0369546,0.6203,0.657254
0.98,0.01,0.33423,0.0373209,0.628449,0.66577
0.99,0.01,0.325955,0.0376904,0.636355,0.674045
1,0.01,0.317913,0.038063,0.644024,0.682087
0,0.02,0.978161,0.0197024,0.00213636,0.0218387
0.01,0.02,0.977978,0.0197628,0.00225875,0.0220215
0.02,0.02,0.97779,0.0198242,0.00238625,0.0222104
0.03,0.02,0.977594,0.0198865,0.00251915,0.0224057
0.04,0.02,0.977392,0.0199499,0.00265776,0.0226076
0.05,0.02,0.977183,0.0200142,0.0028024,0.0228166
0.06,0.02,0.976967,0.0200797,0.00295342,0.0230331
0.07,0.02,0.976743,0.0201462,0.00311119,0.0232574
0.08,0.02,0.97651,0.0202138,0.00327612,0.0234899
0.09,0.02,0.976269,0.0202825,0.00344864,0.0237312
0.1,0.02,0.976018,0.0203525,0.00362923,0.0239817
0.11,0.02,0.975758,0.0204236,0.00381838,0.0242419
0.12,0.02,0.975487,0.0204959,0.00401664,0.0245125
0.13,0.02,0.975206,0.0205695,0.00422461,0.0247941
0.14,0.02,0.974913,0.0206443,0.00444293,0.0250873
0.15,0.02,0.974607,0.0207205,0.00467229,0.0253928
0.16,0.02,0.974288,0.0207981,0.00491345,0.0257115
0.17,0.02,0.973956,0.020877,0.00516723,0.0260443
0.18,0.02,0.973608,0.0209574,0.00543453,0.0263919
0.19,0.02,0.973244,0.0210393,0.00571633,0.0267556
0.2,0.02,0.972864,0.0211226,0.00601371,0.0271363
0.21,0.02,0.972465,0.0212075,0.00632784,0.0275354
0.22,0.02,0.972046,0.0212941,0.00666001,0.0279541
0.23,0.02,0.971606,0.0213822,0.00701165,0.0283939
0.24,0.02,0.971144,0.0214721,0.00738432,0.0288564
0.25,0.02,0.970657,0.0215636,0.00777976,0.0293434
0.26,0.02,0.970143,0.021657,0.00819987,0.0298569
0.27,0.02,0.969601,0.0217522,0.0086468,0.030399
0.28,0.02,0.969028,0.0218493,0.00912291,0.0309722
0.29,0.02,0.968421,0.0219484,0.00963084,0.0315792
0.3,0.02,0.967777,0.0220494,0.0101735,0.032223
0.31,0.02,0.967093,0.0221525,0.0107543,0.0329068
0.32,0.02,0.966365,0.0222577,0.0113769,0.0336347
0.33,0.02,0.965589,0.0223652,0.0120455,0.0344107
0.34,0.02,0.96476,0.0224748,0.0127648,0.0352397
0.35,0.02,0.963873,0.0225868,0.0135403,0.0361271
0.36,0.02,0.962921,0.0227012,0.014378,0.0370792
0.37,0.02,0.961897,0.022818,0.015285,0.038103
0.38,0.02,0.960793,0.0229373,0.0162693,0.0392067
0.39,0.02,0.959601,0.0230593,0.0173402,0.0403995
0.4,0.02,0.958308,0.0231839,0.0185082,0.0416921
0.41,0.02,0.956903,0.0233113,0.0197858,0.0430971
0.42,0.02,0.955371,0.0234415,0.0211873,0.0446289
0.43,0.02,0.953696,0.0235747,0.0227296,0.0463043
0.44,0.02,0.951857,0.0237109,0.0244324,0.0481433
0.45,0.02,0.949831,0.0238502,0.0263187,0.0501689
0.46,0.02,0.947591,0.0239926,0.0284161,0.0524087
0.47,0.02,0.945105,0.0241384,0.0307568,0.0548951
0.48,0.02,0.942333,0.0242875,0.0333791,0.0576666
0.49,0.02,0.939231,0.0244401,0.0363287,0.0607688
0.5,0.02,0.935744,0.0245962,0.0396595,0.0642557
0.51,0.02,0.931809,0.024756,0.0434351,0.0681911
0.52,0.02,0.92735,0.0249196,0.0477303,0.0726499
0.53,0.02,0.922281,0.025087,0.0526317,0.0777187
0.54,0.02,0.916504,0.0252584,0.0582378,0.0834961
0.55,0.02,0.909909,0.0254338,0.0646576,0.0900913
0.56,0.02,0.90238,0.0256133,0.0720063,0.0976196
0.57,0.02,0.893805,0.0257971,0.0803984,0.106195
0.58,0.02,0.884079,0.0259851,0.0899357,0.115921
0.59,0.02,0.87313,0.0261776,0.100693,0.12687
0.6,0.02,0.860924,0.0263745,0.112702,0.139076
0.61,0.02,0.847484,0.0265761,0.12594,0.152516
0.62,0.02,0.832892,0.0267822,0.140326,0.167108
0.63,0.02,0.817282,0.026993,0.155725,0.182718
0.64,0.02,0.800826,0.0272086,0.171966,0.199174
0.65,0.02,0.783714,0.027429,0.188857,0.216286
0.66,0.02,0.766138,0.0276543,0.206208,0.233862
0.67,0.02,0.748276,0.0278845,0.223839,0.251724
0.68,0.02,0.730285,0.0281196,0.241595,0.269715
0.69,0.02,0.712297,0.0283597,0.259343,0.287703
0.7,0.02,0.694419,0.0286048,0.276976,0.305581
0.71,0.02,0.676736,0.0288548,0.294409,0.323264
0.72,0.02,0.659314,0.0291099,0.311577,0.340686
0.73,0.02,0.642201,0.0293699,0.328429,0.357799
0.74,0.02,0.625435,0.0296349,0.34493,0.374565
0.75,0.02,0.609041,0.0299048,0.361054,0.390959
0.76,0.02,0.593036,0.0301797,0.376784,0.406964
0.77,0.02,0.57743,0.0304594,0.39211,0.42257
0.78,0.02,0.562229,0.030744,0.407027,0.437771
0.79,0.02,0.547434,0.0310334,0.421533,0.452566
0.8,0.02,0.533043,0.0313276,0.435629,0.466957
0.81,0.02,0.519052,0.0316264,0.449321,0.480948
0.82,0.02,0.505456,0.0319299,0.462614,0.494544
0.83,0.02,0.492247,0.0322379,0.475515,0.507753
0.84,0.02,0.479416,0.0325503,0.488033,0.520584
0.85,0.02,0.466956,0.0328672,0.500177,0.533044
0.86,0.02,0.454856,0.0331884,0.511955,0.545144
0.87,0.02,0.443108,0.0335139,0.523378,0.556892
0.88,0.02,0.431701,0.0338435,0.534456,0.568299
0.89,0.02,0.420625,0.0341772,0.545198,0.579375
0.9,0.02,0.40987,0.0345149,0.555615,0.59013
0.91,0.02,0.399428,0.0348564,0.565716,0.600572
0.92,0.02,0.389288,0.0352018,0.575511,0.610712
0.93,0.02,0.37944,0.0355508,0.585009,0.62056
0.94,0.02,0.369877,0.0359035,0.59422,0.630123
0.95,0.02,0.360587,0.0362597,0.603153,0.639413
0.96,0.02,0.351564,0.0366193,0.611817,0.648436
0.97,0.02,0.342798,0.0369823,0.62022,0.657202
0.98,0.02,0.334281,0.0373484,0.62837,0.665719
0.99,0.02,0.326006,0.0377178,0.636277,0.673994
1,0.02,0.317963,0.0380901,0.643947,0.682037
0,0.03,0.978052,0.0197398,0.00220831,0.0219481
0.01,0.03,0.977869,0.0198002,0.00233067,0.0221309
0.02,0.03,0.97768,0.0198615,0.00245815,0.0223197
0.03,0.03,0.977485,0.0199239,0.00259102,0.0225149
0.04,0.03,0.977283,0.0199872,0.0027296,0.0227168
0.05,0.03,0.977074,0.0200516,0.00287421,0.0229258
0.06,0.03,0.976858,0.020117,0.0030252,0.0231422
0.07,0.03,0.976634,0.0201835,0.00318294,0.0233664
0.08,0.03,0.976401,0.020251,0.00334784,0.0235989
0.09,0.03,0.97616,0.0203198,0.00352032,0.0238401
0.1,0.03,0.975909,0.0203897,0.00370087,0.0240905
0.11,0.03,0.975649,0.0204607,0.00388997,0.0243507
0.12,0.03,0.975379,0.020533,0.00408819,0.0246212
0.13,0.03,0.975097,0.0206066,0.00429611,0.0249027
0.14,0.03,0.974804,0.0206814,0.00451438,0.0251958
0.15,0.03,0.974499,0.0207576,0.00474368,0.0255013
0.16,0.03,0.97418,0.0208351,0.00498477,0.0258199
0.17,0.03,0.973847,0.020914,0.00523848,0.0261525
0.18,0.03,0.9735,0.0209944,0.00550571,0.0265001
0.19,0.03,0.973136,0.0210762,0.00578744,0.0268636
0.2,0.03,0.972756,0.0211595,0.00608473,0.0272443
0.21,0.03,0.972357,0.0212444,0.00639877,0.0276432
0.22,0.03,0.971938,0.0213309,0.00673084,0.0280617
0.23,0.03,0.971499,0.021419,0.00708237,0.0285014
0.24,0.03,0.971036,0.0215088,0.00745492,0.0289637
0.25,0.03,0.970549,0.0216004,0.00785023,0.0294506
0.26,0.03,0.970036,0.0216937,0.0082702,0.0299639
0.27,0.03,0.969494,0.0217889,0.00871698,0.0305058
0.28,0.03,0.968921,0.0218859,0.00919291,0.0310788
0.29,0.03,0.968314,0.0219849,0.00970065,0.0316856
0.3,0.03,0.967671,0.0220859,0.0102431,0.0323291
0.31,0.03,0.966987,0.022189,0.0108237,0.0330127
0.32,0.03,0.96626,0.0222942,0.011446,0.0337402
0.33,0.03,0.965484,0.0224015,0.0121143,0.0345159
0.34,0.03,0.964656,0.0225112,0.0128333,0.0353445
0.35,0.03,0.963768,0.0226231,0.0136085,0.0362315
0.36,0.03,0.962817,0.0227374,0.0144458,0.0371832
0.37,0.03,0.961794,0.0228542,0.0153523,0.0382065
0.38,0.03,0.96069,0.0229734,0.0163361,0.0393096
0.39,0.03,0.959498,0.0230953,0.0174064,0.0405017
0.4,0.03,0.958206,0.0232199,0.0185738,0.0417937
0.41,0.03,0.956802,0.0233472,0.0198506,0.0431979
0.42,0.03,0.955271,0.0234774,0.0212513,0.0447287
0.43,0.03,0.953597,0.0236105,0.0227926,0.0464031
0.44,0.03,0.951759,0.0237466,0.0244942,0.0482408
0.45,0.03,0.949735,0.0238858,0.0263793,0.0502651
0.46,0.03,0.947497,0.0240282,0.0284751,0.0525033
0.47,0.03,0.945012,0.0241739,0.030814,0.0549879
0.48,0.03,0.942243,0.0243229,0.0334343,0.0577573
0.49,0.03,0.939143,0.0244754,0.0363815,0.0608569
0.5,0.03,0.935659,0.0246315,0.0397094,0.0643409
0.51,0.03,0.931727,0.0247912,0.0434816,0.0682728
0.52,0.03,0.927273,0.0249547,0.0477728,0.0727275
0.53,0.03,0.922209,0.025122,0.0526694,0.0777914
0.54,0.03,0.916437,0.0252933,0.0582699,0.0835632
0.55,0.03,0.909848,0.0254686,0.0646832,0.0901517
0.56,0.03,0.902328,0.025648,0.0720244,0.0976724
0.57,0.03,0.89376,0.0258316,0.0804079,0.10624
0.58,0.03,0.884045,0.0260196,0.0899356,0.115955
0.59,0.03,0.873106,0.0262119,0.100682,0.126894
0.6,0.03,0.860911,0.0264088,0.11268,0.139089
0.61,0.03,0.847482,0.0266102,0.125908,0.152518
0.62,0.03,0.832901,0.0268162,0.140283,0.167099
0.63,0.03,0.817301,0.0270269,0.155672,0.182699
0.64,0.03,0.800853,0.0272424,0.171904,0.199147
0.65,0.03,0.78375,0.0274627,0.188788,0.21625
0.66,0.03,0.766181,0.0276878,0.206132,0.233819
0.67,0.03,0.748324,0.0279178,0.223758,0.251676
0.68,0.03,0.730338,0.0281528,0.241509,0.269662
0.69,0.03,0.712353,0.0283927,0.259254,0.287647
0.7,0.03,0.694478,0.0286377,0.276884,0.305522
0.71,0.03,0.676797,0.0288875,0.294315,0.323203
0.72,0.03,0.659377,0.0291424,0.311481,0.340623
0.73,0.03,0.642266,0.0294023,0.328332,0.357734
0.74,0.03,0.6255,0.0296671,0.344832,0.3745
0.75,0.03,0.609107,0.0299369,0.360956,0.390893
0.76,0.03,0.593102,0.0302116,0.376686,0.406898
0.77,0.03,0.577496,0.0304912,0.392013,0.422504
0.78,0.03,0.562295,0.0307756,0.406929,0.437705
0.79,0.03,0.5475,0.0310648,0.421436,0.4525
0.8,0.03,0.533108,0.0313588,0.435533,0.466892
0.81,0.03,0.519117,0.0316575,0.449225,0.480883
0.82,0.03,0.505521,0.0319607,0.462519,0.494479
0.83,0.03,0.492311,0.0322686,0.475421,0.507689
0.84,0.03,0.47948,0.0325809,0.487939,0.52052
0.85,0.03,0.467019,0.0328976,0.500084,0.532981
0.86,0.03,0.454918,0.0332186,0.511863,0.545082
0.87,0.03,0.443169,0.0335439,0.523287,0.556831
0.88,0.03,0.431761,0.0338733,0.534366,0.568239
0.89,0.03,0.420684,0.0342068,0.545109,0.579316
0.9,0.03,0.409929,0.0345443,0.555526,0.590071
0.91,0.03,0.399486,0.0348856,0.565628,0.600514
0.92,0.03,0.389345,0.0352308,0.575424,0.610655
0.93,0.03,0.379497,0.0355797,0.584923,0.620503
0.94,0.03,0.369933,0.0359322,0.594135,0.630067
0.95,0.03,0.360643,0.0362882,0.603069,0.639357
0.96,0.03,0.351619,0.0366476,0.611734,0.648381
0.97,0.03,0.342852,0.0370104,0.620138,0.657148
0.98,0.03,0.334334,0.0373764,0.628289,0.665666
0.99,0.03,0.326058,0.0377455,0.636197,0.673942
1,0.03,0.318014,0.0381177,0.643868,0.681986
0,0.04,0.977939,0.0197778,0.00228294,0.0220607
0.01,0.04,0.977757,0.0198382,0.00240527,0.0222435
0.02,0.04,0.977568,0.0198995,0.00253272,0.0224323
0.03,0.04,0.977373,0.0199618,0.00266557,0.0226274
0.04,0.04,0.977171,0.0200251,0.00280413,0.0228293
0.05,0.04,0.976962,0.0200895,0.0029487,0.0230382
0.06,0.04,0.976745,0.0201549,0.00309966,0.0232545
0.07,0.04,0.976521,0.0202213,0.00325736,0.0234787
0.08,0.04,0.976289,0.0202889,0.00342222,0.0237111
0.09,0.04,0.976048,0.0203576,0.00359467,0.0239523
0.1,0.04,0.975797,0.0204275,0.00377517,0.0242026
0.11,0.04,0.975537,0.0204985,0.00396424,0.0244627
0.12,0.04,0.975267,0.0205708,0.00416241,0.0247332
0.13,0.04,0.974985,0.0206443,0.00437027,0.0250146
0.14,0.04,0.974692,0.0207191,0.00458848,0.0253076
0.15,0.04,0.974387,0.0207953,0.00481772,0.025613
0.16,0.04,0.974069,0.0208727,0.00505875,0.0259315
0.17,0.04,0.973736,0.0209516,0.0053124,0.026264
0.18,0.04,0.973389,0.0210319,0.00557955,0.0266115
0.19,0.04,0.973025,0.0211137,0.0058612,0.0269749
0.2,0.04,0.972645,0.021197,0.0061584,0.0273554
0.21,0.04,0.972246,0.0212819,0.00647234,0.0277542
0.22,0.04,0.971827,0.0213683,0.00680431,0.0281726
0.23,0.04,0.971388,0.0214564,0.00715573,0.0286121
0.24,0.04,0.970926,0.0215462,0.00752816,0.0290743
0.25,0.04,0.970439,0.0216377,0.00792333,0.029561
0.26,0.04,0.969926,0.021731,0.00834316,0.0300741
0.27,0.04,0.969384,0.0218261,0.00878977,0.0306159
0.28,0.04,0.968811,0.0219231,0.00926553,0.0311887
0.29,0.04,0.968205,0.0220221,0.00977308,0.0317952
0.3,0.04,0.967562,0.022123,0.0103154,0.0324384
0.31,0.04,0.966878,0.0222261,0.0108957,0.0331217
0.32,0.04,0.966151,0.0223312,0.0115177,0.0338489
0.33,0.04,0.965376,0.0224385,0.0121857,0.0346242
0.34,0.04,0.964547,0.0225481,0.0129044,0.0354525
0.35,0.04,0.963661,0.0226599,0.0136792,0.0363391
0.36,0.04,0.96271,0.0227742,0.0145161,0.0372903
0.37,0.04,0.961687,0.0228909,0.0154222,0.0383131
0.38,0.04,0.960584,0.0230101,0.0164055,0.0394156
0.39,0.04,0.959393,0.023132,0.0174751,0.0406071
0.4,0.04,0.958102,0.0232565,0.0186418,0.0418983
0.41,0.04,0.956698,0.0233837,0.0199179,0.0433017
0.42,0.04,0.955168,0.0235139,0.0213178,0.0448316
0.43,0.04,0.953495,0.0236469,0.0228581,0.0465049
0.44,0.04,0.951659,0.0237829,0.0245585,0.0483414
0.45,0.04,0.949636,0.023922,0.0264423,0.0503643
0.46,0.04,0.947399,0.0240644,0.0285365,0.0526009
0.47,0.04,0.944916,0.02421,0.0308736,0.0550836
0.48,0.04,0.942149,0.0243589,0.0334918,0.0578507
0.49,0.04,0.939052,0.0245113,0.0364365,0.0609478
0.5,0.04,0.935571,0.0246673,0.0397614,0.0644287
0.51,0.04,0.931643,0.0248269,0.0435302,0.0683571
0.52,0.04,0.927192,0.0249903,0.0478172,0.0728075
0.53,0.04,0.922133,0.0251575,0.052709,0.0778665
0.54,0.04,0.916368,0.0253287,0.0583038,0.0836325
0.55,0.04,0.909786,0.0255039,0.0647103,0.0902142
0.56,0.04,0.902273,0.0256832,0.0720438,0.097727
0.57,0.04,0.893715,0.0258668,0.0804185,0.106285
0.58,0.04,0.884009,0.0260546,0.0899363,0.115991
0.59,0.04,0.873081,0.0262469,0.100672,0.126919
0.6,0.04,0.860897,0.0264436,0.112659,0.139103
0.61,0.04,0.84748,0.0266448,0.125875,0.15252
0.62,0.04,0.83291,0.0268507,0.14024,0.16709
0.63,0.04,0.81732,0.0270613,0.155619,0.18268
0.64,0.04,0.800882,0.0272766,0.171842,0.199118
0.65,0.04,0.783786,0.0274968,0.188717,0.216214
0.66,0.04,0.766224,0.0277218,0.206054,0.233776
0.67,0.04,0.748374,0.0279517,0.223675,0.251626
0.68,0.04,0.730392,0.0281865,0.241422,0.269608
0.69,0.04,0.712411,0.0284263,0.259163,0.287589
0.7,0.04,0.694539,0.0286711,0.27679,0.305461
0.71,0.04,0.67686,0.0289208,0.294219,0.32314
0.72,0.04,0.659441,0.0291755,0.311383,0.340559
0.73,0.04,0.642331,0.0294352,0.328233,0.357669
0.74,0.04,0.625567,0.0296999,0.344733,0.374433
0.75,0.04,0.609174,0.0299695,0.360856,0.390826
0.76,0.04,0.59317,0.030244,0.376586,0.40683
0.77,0.04,0.577564,0.0305234,0.391913,0.422436
0.78,0.04,0.562363,0.0308077,0.40683,0.437637
0.79,0.04,0.547567,0.0310967,0.421336,0.452433
0.8,0.04,0.533176,0.0313905,0.435434,0.466824
0.81,0.04,0.519184,0.031689,0.449127,0.480816
0.82,0.04,0.505587,0.0319921,0.462421,0.494413
0.83,0.04,0.492376,0.0322997,0.475324,0.507624
0.84,0.04,0.479545,0.0326118,0.487843,0.520455
0.85,0.04,0.467083,0.0329284,0.499989,0.532917
0.86,0.04,0.454982,0.0332492,0.511769,0.545018
0.87,0.04,0.443232,0.0335743,0.523194,0.556768
0.88,0.04,0.431823,0.0339035,0.534273,0.568177
0.89,0.04,0.420746,0.0342368,0.545017,0.579254
0.9,0.04,0.40999,0.0345741,0.555436,0.59001
0.91,0.04,0.399546,0.0349153,0.565539,0.600454
0.92,0.04,0.389404,0.0352603,0.575335,0.610596
0.93,0.04,0.379555,0.035609,0.584836,0.620445
0.94,0.04,0.36999,0.0359613,0.594049,0.63001
0.95,0.04,0.360699,0.0363171,0.602984,0.639301
0.96,0.04,0.351674,0.0366763,0.611649,0.648326
0.97,0.04,0.342907,0.0370389,0.620054,0.657093
0.98,0.04,0.334389,0.0374047,0.628207,0.665611
0.99,0.04,0.326111,0.0377736,0.636115,0.673889
1,0.04,0.318067,0.0381456,0.643787,0.681933
0,0.05,0.977823,0.0198165,0.00236038,0.0221768
0.01,0.05,0.97764,0.0198768,0.00248269,0.0223595
0.02,0.05,0.977452,0.0199381,0.00261012,0.0225483
0.03,0.05,0.977257,0.0200004,0.00274294,0.0227434
0.04,0.05,0.977055,0.0200637,0.00288146,0.0229452
0.05,0.05,0.976846,0.020128,0.00302601,0.023154
0.06,0.05,0.97663,0.0201934,0.00317693,0.0233703
0.07,0.05,0.976406,0.0202598,0.0033346,0.0235944
0.08,0.05,0.976173,0.0203274,0.00349942,0.0238268
0.09,0.05,0.975932,0.020396,0.00367183,0.0240679
0.1,0.05,0.975682,0.0204659,0.00385228,0.0243182
0.11,0.05,0.975422,0.0205369,0.0040413,0.0245782
0.12,0.05,0.975151,0.0206091,0.00423942,0.0248486
0.13,0.05,0.97487,0.0206826,0.00444724,0.0251299
0.14,0.05,0.974577,0.0207574,0.00466539,0.0254228
0.15,0.05,0.974272,0.0208335,0.00489457,0.0257281
0.16,0.05,0.973953,0.020911,0.00513553,0.0260465
0.17,0.05,0.973621,0.0209898,0.00538911,0.026379
0.18,0.05,0.973274,0.0210701,0.00565618,0.0267263
0.19,0.05,0.97291,0.0211519,0.00593774,0.0270896
0.2,0.05,0.97253,0.0212351,0.00623486,0.02747
0.21,0.05,0.972131,0.02132,0.0065487,0.0278687
0.22,0.05,0.971713,0.0214064,0.00688057,0.0282869
0.23,0.05,0.971274,0.0214944,0.00723187,0.0287263
0.24,0.05,0.970812,0.0215841,0.00760417,0.0291883
0.25,0.05,0.970325,0.0216756,0.00799921,0.0296748
0.26,0.05,0.969812,0.0217689,0.00841889,0.0301878
0.27,0.05,0.969271,0.021864,0.00886534,0.0307293
0.28,0.05,0.968698,0.0219609,0.00934091,0.0313018
0.29,0.05,0.968092,0.0220598,0.00984826,0.0319081
0.3,0.05,0.967449,0.0221608,0.0103903,0.0325511
0.31,0.05,0.966766,0.0222637,0.0109704,0.0332341
0.32,0.05,0.966039,0.0223688,0.0115922,0.033961
0.33,0.05,0.965264,0.0224761,0.0122599,0.034736
0.34,0.05,0.964436,0.0225856,0.0129782,0.0355638
0.35,0.05,0.96355,0.0226974,0.0137526,0.03645
0.36,0.05,0.962599,0.0228116,0.0145891,0.0374007
0.37,0.05,0.961577,0.0229283,0.0154947,0.038423
0.38,0.05,0.960475,0.0230474,0.0164775,0.0395249
0.39,0.05,0.959284,0.0231692,0.0175465,0.0407157
0.4,0.05,0.957994,0.0232936,0.0187126,0.0420062
0.41,0.05,0.956591,0.0234208,0.0199879,0.0434087
0.42,0.05,0.955062,0.0235509,0.0213868,0.0449377
0.43,0.05,0.95339,0.0236838,0.0229261,0.0466099
0.44,0.05,0.951555,0.0238198,0.0246254,0.0484452
0.45,0.05,0.949533,0.0239589,0.0265077,0.0504666
0.46,0.05,0.947298,0.0241011,0.0286004,0.0527015
0.47,0.05,0.944818,0.0242466,0.0309357,0.0551823
0.48,0.05,0.942053,0.0243955,0.0335517,0.0579472
0.49,0.05,0.938958,0.0245478,0.0364938,0.0610416
0.5,0.05,0.935481,0.0247037,0.0398157,0.0645194
0.51,0.05,0.931556,0.0248633,0.0435809,0.0684441
0.52,0.05,0.92711,0.0250265,0.0478637,0.0728902
0.53,0.05,0.922056,0.0251937,0.0527505,0.0779441
0.54,0.05,0.916296,0.0253647,0.0583394,0.0837041
0.55,0.05,0.909721,0.0255398,0.064739,0.0902788
0.56,0.05,0.902216,0.025719,0.0720645,0.0977836
0.57,0.05,0.893667,0.0259025,0.0804302,0.106333
0.58,0.05,0.883972,0.0260902,0.0899379,0.116028
0.59,0.05,0.873055,0.0262823,0.100663,0.126945
0.6,0.05,0.860883,0.0264789,0.112639,0.139117
0.61,0.05,0.847477,0.0266801,0.125843,0.152523
0.62,0.05,0.832918,0.0268858,0.140196,0.167082
0.63,0.05,0.817339,0.0270963,0.155565,0.182661
0.64,0.05,0.800911,0.0273115,0.171778,0.199089
0.65,0.05,0.783823,0.0275315,0.188645,0.216177
0.66,0.05,0.766268,0.0277563,0.205975,0.233732
0.67,0.05,0.748424,0.0279861,0.22359,0.251576
0.68,0.05,0.730447,0.0282208,0.241332,0.269553
0.69,0.05,0.71247,0.0284604,0.25907,0.28753
0.7,0.05,0.694601,0.028705,0.276694,0.305399
0.71,0.05,0.676925,0.0289546,0.294121,0.323075
0.72,0.05,0.659507,0.0292091,0.311283,0.340493
0.73,0.05,0.642399,0.0294687,0.328132,0.357601
0.74,0.05,0.625636,0.0297332,0.344631,0.374364
0.75,0.05,0.609243,0.0300026,0.360754,0.390757
0.76,0.05,0.593239,0.030277,0.376484,0.406761
0.77,0.05,0.577633,0.0305562,0.39181,0.422367
0.78,0.05,0.562432,0.0308403,0.406728,0.437568
0.79,0.05,0.547636,0.0311291,0.421235,0.452364
0.8,0.05,0.533245,0.0314227,0.435333,0.466755
0.81,0.05,0.519253,0.031721,0.449026,0.480747
0.82,0.05,0.505655,0.0320239,0.462321,0.494345
0.83,0.05,0.492444,0.0323314,0.475225,0.507556
0.84,0.05,0.479612,0.0326433,0.487745,0.520388
0.85,0.05,0.467149,0.0329596,0.499891,0.532851
0.86,0.05,0.455048,0.0332803,0.511672,0.544952
0.87,0.05,0.443297,0.0336052,0.523098,0.556703
0.88,0.05,0.431887,0.0339342,0.534179,0.568113
0.89,0.05,0.420809,0.0342673,0.544924,0.579191
0.9,0.05,0.410052,0.0346044,0.555343,0.589948
0.91,0.05,0.399608,0.0349454,0.565447,0.600392
0.92,0.05,0.389465,0.0352902,0.575245,0.610535
0.93,0.05,0.379615,0.0356387,0.584746,0.620385
0.94,0.05,0.370049,0.0359908,0.59396,0.629951
0.95,0.05,0.360758,0.0363464,0.602896,0.639242
0.96,0.05,0.351732,0.0367054,0.611563,0.648268
0.97,0.05,0.342964,0.0370678,0.619969,0.657036
0.98,0.05,0.334444,0.0374334,0.628122,0.665556
0.99,0.05,0.326166,0.0378022,0.636032,0.673834
1,0.05,0.318121,0.038174,0.643705,0.681879
0,0.06,0.977703,0.0198558,0.00244079,0.0222966
0.01,0.06,0.977521,0.0199161,0.00256308,0.0224792
0.02,0.06,0.977332,0.0199774,0.00269047,0.0226679
0.03,0.06,0.977137,0.0200397,0.00282327,0.0228629
0.04,0.06,0.976935,0.0201029,0.00296176,0.0230647
0.05,0.06,0.976727,0.0201672,0.00310627,0.0232735
0.06,0.06,0.97651,0.0202325,0.00325716,0.0234897
0.07,0.06,0.976286,0.020299,0.00341479,0.0237138
0.08,0.06,0.976054,0.0203665,0.00357957,0.0239461
0.09,0.06,0.975813,0.0204351,0.00375194,0.0241871
0.1,0.06,0.975563,0.0205049,0.00393235,0.0244373
0.11,0.06,0.975303,0.0205759,0.00412132,0.0246972
0.12,0.06,0.975032,0.0206481,0.00431939,0.0249675
0.13,0.06,0.974751,0.0207216,0.00452715,0.0252488
0.14,0.06,0.974458,0.0207964,0.00474524,0.0255416
0.15,0.06,0.974153,0.0208724,0.00497436,0.0258468
0.16,0.06,0.973835,0.0209499,0.00521526,0.0261651
0.17,0.06,0.973503,0.0210287,0.00546876,0.0264974
0.18,0.06,0.973155,0.0211089,0.00573576,0.0268447
0.19,0.06,0.972792,0.0211907,0.00601723,0.0272079
0.2,0.06,0.972412,0.0212739,0.00631425,0.0275881
0.21,0.06,0.972013,0.0213587,0.006628,0.0279867
0.22,0.06,0.971595,0.021445,0.00695975,0.0284048
0.23,0.06,0.971156,0.021533,0.00731093,0.028844
0.24,0.06,0.970694,0.0216227,0.00768311,0.0293059
0.25,0.06,0.970208,0.0217142,0.008078,0.0297922
0.26,0.06,0.969695,0.0218074,0.00849753,0.0303049
0.27,0.06,0.969154,0.0219024,0.00894381,0.0308462
0.28,0.06,0.968581,0.0219994,0.0094192,0.0314186
0.29,0.06,0.967975,0.0220982,0.00992634,0.0320246
0.3,0.06,0.967333,0.0221991,0.0104682,0.0326673
0.31,0.06,0.96665,0.022302,0.011048,0.03335
0.32,0.06,0.965923,0.022407,0.0116695,0.0340766
0.33,0.06,0.965149,0.0225143,0.0123369,0.0348512
0.34,0.06,0.964321,0.0226237,0.0130549,0.0356786
0.35,0.06,0.963436,0.0227355,0.0138289,0.0365644
0.36,0.06,0.962485,0.0228496,0.014665,0.0375146
0.37,0.06,0.961464,0.0229662,0.0155701,0.0385363
0.38,0.06,0.960362,0.0230853,0.0165523,0.0396376
0.39,0.06,0.959172,0.023207,0.0176208,0.0408278
0.4,0.06,0.957882,0.0233314,0.0187861,0.0421175
0.41,0.06,0.956481,0.0234586,0.0200606,0.0435191
0.42,0.06,0.954953,0.0235885,0.0214586,0.0450471
0.43,0.06,0.953282,0.0237214,0.0229968,0.0467183
0.44,0.06,0.951448,0.0238573,0.0246949,0.0485522
0.45,0.06,0.949428,0.0239963,0.0265759,0.0505722
0.46,0.06,0.947195,0.0241384,0.0286669,0.0528054
0.47,0.06,0.944716,0.0242839,0.0310003,0.0552841
0.48,0.06,0.941953,0.0244327,0.033614,0.0580467
0.49,0.06,0.938862,0.0245849,0.0365535,0.0611384
0.5,0.06,0.935387,0.0247407,0.0398723,0.064613
0.51,0.06,0.931466,0.0249002,0.0436338,0.068534
0.52,0.06,0.927024,0.0250633,0.0479123,0.0729757
0.53,0.06,0.921976,0.0252304,0.052794,0.0780244
0.54,0.06,0.916222,0.0254013,0.0583768,0.0837782
0.55,0.06,0.909654,0.0255763,0.0647694,0.0903457
0.56,0.06,0.902158,0.0257554,0.0720868,0.0978422
0.57,0.06,0.893618,0.0259387,0.0804431,0.106382
0.58,0.06,0.883933,0.0261264,0.0899404,0.116067
0.59,0.06,0.873027,0.0263184,0.100654,0.126973
0.6,0.06,0.860867,0.0265148,0.112618,0.139133
0.61,0.06,0.847474,0.0267158,0.12581,0.152526
0.62,0.06,0.832927,0.0269215,0.140152,0.167073
0.63,0.06,0.817358,0.0271318,0.15551,0.182642
0.64,0.06,0.80094,0.0273468,0.171713,0.19906
0.65,0.06,0.783861,0.0275667,0.188572,0.216139
0.66,0.06,0.766314,0.0277914,0.205895,0.233686
0.67,0.06,0.748475,0.028021,0.223504,0.251525
0.68,0.06,0.730504,0.0282555,0.241241,0.269496
0.69,0.06,0.712531,0.028495,0.258974,0.287469
0.7,0.06,0.694664,0.0287394,0.276596,0.305336
0.71,0.06,0.676991,0.0289889,0.29402,0.323009
0.72,0.06,0.659576,0.0292433,0.311181,0.340424
0.73,0.06,0.642468,0.0295026,0.328029,0.357532
0.74,0.06,0.625706,0.0297669,0.344527,0.374294
0.75,0.06,0.609314,0.0300362,0.360649,0.390686
0.76,0.06,0.59331,0.0303104,0.376379,0.40669
0.77,0.06,0.577705,0.0305895,0.391706,0.422295
0.78,0.06,0.562504,0.0308733,0.406623,0.437496
0.79,0.06,0.547708,0.031162,0.42113,0.452292
0.8,0.06,0.533315,0.0314554,0.435229,0.466685
0.81,0.06,0.519323,0.0317535,0.448923,0.480677
0.82,0.06,0.505725,0.0320562,0.462219,0.494275
0.83,0.06,0.492513,0.0323635,0.475123,0.507487
0.84,0.06,0.47968,0.0326752,0.487645,0.52032
0.85,0.06,0.467217,0.0329914,0.499791,0.532783
0.86,0.06,0.455115,0.0333118,0.511573,0.544885
0.87,0.06,0.443363,0.0336365,0.523,0.556637
0.88,0.06,0.431953,0.0339654,0.534082,0.568047
0.89,0.06,0.420874,0.0342983,0.544828,0.579126
0.9,0.06,0.410116,0.0346352,0.555248,0.589884
0.91,0.06,0.399671,0.034976,0.565353,0.600329
0.92,0.06,0.389527,0.0353206,0.575152,0.610473
0.93,0.06,0.379677,0.0356689,0.584654,0.620323
0.94,0.06,0.37011,0.0360208,0.593869,0.62989
0.95,0.06,0.360817,0.0363762,0.602806,0.639183
0.96,0.06,0.351791,0.036735,0.611474,0.648209
0.97,0.06,0.343022,0.0370972,0.619881,0.656978
0.98,0.06,0.334502,0.0374626,0.628036,0.665498
0.99,0.06,0.326223,0.0378311,0.635946,0.673777
1,0.06,0.318177,0.0382027,0.64362,0.681823
0,0.07,0.97758,0.0198957,0.00252433,0.02242
0.01,0.07,0.977397,0.019956,0.00264658,0.0226026
0.02,0.07,0.977209,0.0200173,0.00277395,0.0227913
0.03,0.07,0.977014,0.0200795,0.00290672,0.0229863
0.04,0.07,0.976812,0.0201428,0.00304518,0.023188
0.05,0.07,0.976603,0.0202071,0.00318966,0.0233967
0.06,0.07,0.976387,0.0202724,0.00334051,0.0236129
0.07,0.07,0.976163,0.0203388,0.0034981,0.0238369
0.08,0.07,0.975931,0.0204062,0.00366284,0.0240691
0.09,0.07,0.97569,0.0204749,0.00383516,0.02431
0.1,0.07,0.97544,0.0205446,0.00401553,0.0245602
0.11,0.07,0.97518,0.0206156,0.00420445,0.0248201
0.12,0.07,0.97491,0.0206878,0.00440247,0.0250903
0.13,0.07,0.974629,0.0207612,0.00461017,0.0253714
0.14,0.07,0.974336,0.020836,0.0048282,0.0256642
0.15,0.07,0.974031,0.020912,0.00505725,0.0259693
0.16,0.07,0.973713,0.0209894,0.00529808,0.0262875
0.17,0.07,0.97338,0.0210682,0.0055515,0.0266197
0.18,0.07,0.973033,0.0211484,0.00581842,0.0269668
0.19,0.07,0.97267,0.0212301,0.00609981,0.0273299
0.2,0.07,0.97229,0.0213133,0.00639674,0.02771
0.21,0.07,0.971892,0.021398,0.00671038,0.0281084
0.22,0.07,0.971474,0.0214844,0.00704202,0.0285264
0.23,0.07,0.971035,0.0215723,0.00739308,0.0289654
0.24,0.07,0.970573,0.021662,0.00776512,0.0294271
0.25,0.07,0.970087,0.0217534,0.00815987,0.0299132
0.26,0.07,0.969574,0.0218465,0.00857924,0.0304258
0.27,0.07,0.969033,0.0219415,0.00902534,0.0309669
0.28,0.07,0.968461,0.0220384,0.00950054,0.031539
0.29,0.07,0.967855,0.0221372,0.0100075,0.0321447
0.3,0.07,0.967213,0.0222381,0.0105491,0.0327871
0.31,0.07,0.96653,0.0223409,0.0111286,0.0334696
0.32,0.07,0.965804,0.0224459,0.0117499,0.0341958
0.33,0.07,0.96503,0.0225531,0.012417,0.03497
0.34,0.07,0.964203,0.0226625,0.0131346,0.0357971
0.35,0.07,0.963318,0.0227742,0.0139082,0.0366824
0.36,0.07,0.962368,0.0228883,0.0147438,0.0376321
0.37,0.07,0.961347,0.0230048,0.0156485,0.0386533
0.38,0.07,0.960246,0.0231239,0.0166301,0.039754
0.39,0.07,0.959057,0.0232455,0.0176979,0.0409434
0.4,0.07,0.957768,0.0233698,0.0188625,0.0422324
0.41,0.07,0.956367,0.0234969,0.0201362,0.0436331
0.42,0.07,0.95484,0.0236268,0.0215333,0.0451601
0.43,0.07,0.95317,0.0237596,0.0230705,0.0468301
0.44,0.07,0.951337,0.0238954,0.0247673,0.0486627
0.45,0.07,0.949319,0.0240343,0.0266468,0.0506811
0.46,0.07,0.947087,0.0241764,0.0287362,0.0529126
0.47,0.07,0.944611,0.0243217,0.0310676,0.0553893
0.48,0.07,0.94185,0.0244704,0.0336791,0.0581495
0.49,0.07,0.938762,0.0246226,0.0366158,0.0612384
0.5,0.07,0.93529,0.0247783,0.0399315,0.0647098
0.51,0.07,0.931373,0.0249377,0.0436892,0.0686269
0.52,0.07,0.926936,0.0251008,0.0479633,0.073064
0.53,0.07,0.921893,0.0252677,0.0528397,0.0781073
0.54,0.07,0.916145,0.0254385,0.0584163,0.0838548
0.55,0.07,0.909585,0.0256134,0.0648016,0.090415
0.56,0.07,0.902097,0.0257924,0.0721106,0.097903
0.57,0.07,0.893567,0.0259756,0.0804573,0.106433
0.58,0.07,0.883893,0.0261631,0.089944,0.116107
0.59,0.07,0.872999,0.026355,0.100646,0.127001
0.6,0.07,0.860851,0.0265513,0.112598,0.139149
0.61,0.07,0.84747,0.0267522,0.125778,0.15253
0.62,0.07,0.832935,0.0269577,0.140108,0.167065
0.63,0.07,0.817378,0.0271679,0.155454,0.182622
0.64,0.07,0.80097,0.0273828,0.171648,0.19903
0.65,0.07,0.7839,0.0276025,0.188497,0.2161
0.66,0.07,0.76636,0.0278271,0.205813,0.23364
0.67,0.07,0.748528,0.0280565,0.223415,0.251472
0.68,0.07,0.730561,0.0282909,0.241148,0.269439
0.69,0.07,0.712593,0.0285302,0.258877,0.287407
0.7,0.07,0.69473,0.0287745,0.276496,0.30527
0.71,0.07,0.677059,0.0290237,0.293918,0.322941
0.72,0.07,0.659645,0.0292779,0.311077,0.340355
0.73,0.07,0.64254,0.0295371,0.327923,0.35746
0.74,0.07,0.625778,0.0298013,0.34442,0.374222
0.75,0.07,0.609387,0.0300704,0.360542,0.390613
0.76,0.07,0.593384,0.0303444,0.376272,0.406616
0.77,0.07,0.577778,0.0306232,0.391598,0.422222
0.78,0.07,0.562577,0.0309069,0.406516,0.437423
0.79,0.07,0.547781,0.0311954,0.421024,0.452219
0.8,0.07,0.533388,0.0314887,0.435123,0.466612
0.81,0.07,0.519395,0.0317866,0.448818,0.480605
0.82,0.07,0.505797,0.0320891,0.462114,0.494203
0.83,0.07,0.492584,0.0323962,0.47502,0.507416
0.84,0.07,0.479751,0.0327077,0.487542,0.520249
0.85,0.07,0.467287,0.0330236,0.499689,0.532713
0.86,0.07,0.455184,0.0333439,0.511472,0.544816
0.87,0.07,0.443432,0.0336684,0.5229,0.556568
0.88,0.07,0.43202,0.033997,0.533983,0.56798
0.89,0.07,0.420941,0.0343297,0.54473,0.579059
0.9,0.07,0.410182,0.0346664,0.555151,0.589818
0.91,0.07,0.399736,0.035007,0.565257,0.600264
0.92,0.07,0.389592,0.0353514,0.575057,0.610408
0.93,0.07,0.37974,0.0356995,0.58456,0.62026
0.94,0.07,0.370172,0.0360512,0.593777,0.629828
0.95,0.07,0.360879,0.0364064,0.602715,0.639121
0.96,0.07,0.351852,0.036765,0.611383,0.648148
0.97,0.07,0.343082,0.037127,0.619791,0.656918
0.98,0.07,0.334561,0.0374922,0.627947,0.665439
0.99,0.07,0.326281,0.0378605,0.635859,0.673719
1,0.07,0.318234,0.0382319,0.643534,0.681766
0,0.08,0.977452,0.0199364,0.00261116,0.0225475
0.01,0.08,0.97727,0.0199966,0.00273339,0.02273
0.02,0.08,0.977081,0.0200579,0.00286073,0.0229186
0.03,0.08,0.976886,0.0201201,0.00299346,0.0231136
0.04,0.08,0.976685,0.0201833,0.00313188,0.0233152
0.05,0.08,0.976476,0.0202476,0.00327633,0.0235239
0.06,0.08,0.97626,0.0203128,0.00342714,0.02374
0.07,0.08,0.976036,0.0203792,0.00358469,0.0239639
0.08,0.08,0.975804,0.0204467,0.00374939,0.0241961
0.09,0.08,0.975563,0.0205153,0.00392167,0.0244369
0.1,0.08,0.975313,0.020585,0.00410199,0.024687
0.11,0.08,0.975053,0.020656,0.00429086,0.0249468
0.12,0.08,0.974783,0.0207281,0.00448882,0.0252169
0.13,0.08,0.974502,0.0208015,0.00469646,0.025498
0.14,0.08,0.974209,0.0208762,0.00491443,0.0257906
