Betamv, Betapv,V,Rs,Rv,P
0,0 ,0.930908, 0.0670922,0.002,0.0690922
0.01,0 ,0.929768, 0.0675297,0.00270277,0.0702324
0.02,0 ,0.92859, 0.0679727,0.00343704,0.0714097
0.03,0 ,0.927374, 0.0684212,0.00420442,0.0726256
0.04,0 ,0.926118, 0.0688753,0.00500657,0.0738818
0.05,0 ,0.92482, 0.069335,0.00584527,0.0751803
0.06,0 ,0.923477, 0.0698004,0.00672241,0.0765228
0.07,0 ,0.922088, 0.0702716,0.00763998,0.0779116
0.08,0 ,0.920651, 0.0707486,0.00860011,0.0793487
0.09,0 ,0.919164, 0.0712314,0.00960502,0.0808364
0.1,0 ,0.917623, 0.0717201,0.0106571,0.0823772
0.11,0 ,0.916026, 0.0722147,0.0117589,0.0839736
0.12,0 ,0.914372, 0.0727154,0.012913,0.0856284
0.13,0 ,0.912656, 0.073222,0.0141224,0.0873444
0.14,0 ,0.910875, 0.0737347,0.01539,0.0891247
0.15,0 ,0.909028, 0.0742535,0.016719,0.0909725
0.16,0 ,0.907109, 0.0747784,0.0181129,0.0928913
0.17,0 ,0.905115, 0.0753094,0.0195752,0.0948847
0.18,0 ,0.903043, 0.0758467,0.0211099,0.0969565
0.19,0 ,0.900889, 0.07639,0.022721,0.099111
0.2,0 ,0.898648, 0.0769396,0.0244128,0.101352
0.21,0 ,0.896315, 0.0774954,0.0261899,0.103685
0.22,0 ,0.893885, 0.0780574,0.0280573,0.106115
0.23,0 ,0.891354, 0.0786256,0.0300202,0.108646
0.24,0 ,0.888716, 0.0791999,0.032084,0.111284
0.25,0 ,0.885965, 0.0797805,0.0342547,0.114035
0.26,0 ,0.883094, 0.0803672,0.0365385,0.116906
0.27,0 ,0.880098, 0.08096,0.0389418,0.119902
0.28,0 ,0.876969, 0.0815589,0.0414718,0.123031
0.29,0 ,0.8737, 0.0821639,0.0441358,0.1263
0.3,0 ,0.870284, 0.0827748,0.0469414,0.129716
0.31,0 ,0.866711, 0.0833917,0.049897,0.133289
0.32,0 ,0.862974, 0.0840145,0.0530111,0.137026
0.33,0 ,0.859064, 0.0846431,0.0562926,0.140936
0.34,0 ,0.854972, 0.0852774,0.0597511,0.145028
0.35,0 ,0.850686, 0.0859173,0.0633963,0.149314
0.36,0 ,0.846199, 0.0865628,0.0672384,0.153801
0.37,0 ,0.841499, 0.0872137,0.0712878,0.158501
0.38,0 ,0.836575, 0.0878699,0.0755553,0.163425
0.39,0 ,0.831417, 0.0885314,0.0800518,0.168583
0.4,0 ,0.826014, 0.0891979,0.0847883,0.173986
0.41,0 ,0.820355, 0.0898694,0.0897758,0.179645
0.42,0 ,0.814429, 0.0905457,0.0950251,0.185571
0.43,0 ,0.808227, 0.0912267,0.100547,0.191773
0.44,0 ,0.801737, 0.0919122,0.106351,0.198263
0.45,0 ,0.794952, 0.092602,0.112446,0.205048
0.46,0 ,0.787862, 0.093296,0.118842,0.212138
0.47,0 ,0.780462, 0.0939941,0.125544,0.219538
0.48,0 ,0.772745, 0.0946959,0.132559,0.227255
0.49,0 ,0.764708, 0.0954015,0.13989,0.235292
0.5,0 ,0.75635, 0.0961105,0.147539,0.24365
0.51,0 ,0.747672, 0.0968229,0.155505,0.252328
0.52,0 ,0.738676, 0.0975383,0.163786,0.261324
0.53,0 ,0.729369, 0.0982567,0.172374,0.270631
0.54,0 ,0.719761, 0.0989779,0.181262,0.280239
0.55,0 ,0.709862, 0.0997016,0.190437,0.290138
0.56,0 ,0.699688, 0.100428,0.199884,0.300312
0.57,0 ,0.689256, 0.101156,0.209588,0.310744
0.58,0 ,0.678587, 0.101886,0.219526,0.321413
0.59,0 ,0.667703, 0.102618,0.229679,0.332297
0.6,0 ,0.656628, 0.103352,0.24002,0.343372
0.61,0 ,0.645388, 0.104087,0.250525,0.354612
0.62,0 ,0.63401, 0.104823,0.261166,0.36599
0.63,0 ,0.622522, 0.105561,0.271918,0.377478
0.64,0 ,0.61095, 0.106299,0.282751,0.38905
0.65,0 ,0.599322, 0.107038,0.293639,0.400678
0.66,0 ,0.587666, 0.107778,0.304556,0.412334
0.67,0 ,0.576006, 0.108518,0.315476,0.423994
0.68,0 ,0.564367, 0.109259,0.326374,0.435633
0.69,0 ,0.552772, 0.11,0.337228,0.447228
0.7,0 ,0.541243, 0.11074,0.348017,0.458757
0.71,0 ,0.529799, 0.111481,0.35872,0.470201
0.72,0 ,0.518458, 0.112221,0.369322,0.481542
0.73,0 ,0.507235, 0.112961,0.379804,0.492765
0.74,0 ,0.496145, 0.1137,0.390155,0.503855
0.75,0 ,0.4852, 0.114439,0.400361,0.5148
0.76,0 ,0.474412, 0.115177,0.410411,0.525588
0.77,0 ,0.463789, 0.115914,0.420298,0.536211
0.78,0 ,0.453338, 0.11665,0.430012,0.546662
0.79,0 ,0.443068, 0.117385,0.439548,0.556932
0.8,0 ,0.432981, 0.118119,0.4489,0.567019
0.81,0 ,0.423083, 0.118851,0.458065,0.576917
0.82,0 ,0.413377, 0.119582,0.467041,0.586623
0.83,0 ,0.403864, 0.120312,0.475824,0.596136
0.84,0 ,0.394546, 0.121041,0.484414,0.605454
0.85,0 ,0.385423, 0.121767,0.49281,0.614577
0.86,0 ,0.376495, 0.122492,0.501013,0.623505
0.87,0 ,0.367762, 0.123216,0.509023,0.632238
0.88,0 ,0.359221, 0.123937,0.516841,0.640779
0.89,0 ,0.350873, 0.124657,0.52447,0.649127
0.9,0 ,0.342713, 0.125375,0.531912,0.657287
0.91,0 ,0.334742, 0.126091,0.539168,0.665258
0.92,0 ,0.326954, 0.126805,0.546241,0.673046
0.93,0 ,0.319349, 0.127516,0.553135,0.680651
0.94,0 ,0.311922, 0.128226,0.559852,0.688078
0.95,0 ,0.304672, 0.128934,0.566395,0.695328
0.96,0 ,0.297594, 0.129639,0.572767,0.702406
0.97,0 ,0.290685, 0.130342,0.578973,0.709315
0.98,0 ,0.283942, 0.131043,0.585015,0.716058
0.99,0 ,0.277361, 0.131742,0.590897,0.722639
1,0 ,0.270939, 0.132438,0.596623,0.729061
0,0.01 ,0.930817, 0.0671192,0.00206334,0.0691825
0.01,0.01 ,0.929677, 0.0675566,0.00276595,0.0703225
0.02,0.01 ,0.928501, 0.0679994,0.00350007,0.0714995
0.03,0.01 ,0.927285, 0.0684478,0.00426728,0.0727151
0.04,0.01 ,0.926029, 0.0689017,0.00506925,0.073971
0.05,0.01 ,0.924731, 0.0693613,0.00590776,0.0752691
0.06,0.01 ,0.923389, 0.0698266,0.0067847,0.0766113
0.07,0.01 ,0.922, 0.0702976,0.00770206,0.0779997
0.08,0.01 ,0.920564, 0.0707744,0.00866195,0.0794364
0.09,0.01 ,0.919076, 0.0712571,0.00966661,0.0809237
0.1,0.01 ,0.917536, 0.0717457,0.0107184,0.0824641
0.11,0.01 ,0.91594, 0.0722401,0.0118199,0.0840601
0.12,0.01 ,0.914286, 0.0727406,0.0129738,0.0857144
0.13,0.01 ,0.91257, 0.0732471,0.0141828,0.0874299
0.14,0.01 ,0.91079, 0.0737596,0.0154501,0.0892097
0.15,0.01 ,0.908943, 0.0742782,0.0167787,0.091057
0.16,0.01 ,0.907025, 0.0748029,0.0181722,0.0929752
0.17,0.01 ,0.905032, 0.0753338,0.0196342,0.094968
0.18,0.01 ,0.902961, 0.0758708,0.0211684,0.0970393
0.19,0.01 ,0.900807, 0.0764141,0.022779,0.0991931
0.2,0.01 ,0.898566, 0.0769635,0.0244703,0.101434
0.21,0.01 ,0.896234, 0.077519,0.0262469,0.103766
0.22,0.01 ,0.893805, 0.0780808,0.0281138,0.106195
0.23,0.01 ,0.891275, 0.0786488,0.030076,0.108725
0.24,0.01 ,0.888638, 0.079223,0.0321392,0.111362
0.25,0.01 ,0.885887, 0.0798034,0.0343092,0.114113
0.26,0.01 ,0.883018, 0.0803898,0.0365922,0.116982
0.27,0.01 ,0.880023, 0.0809825,0.0389948,0.119977
0.28,0.01 ,0.876895, 0.0815812,0.0415239,0.123105
0.29,0.01 ,0.873627, 0.0821859,0.0441869,0.126373
0.3,0.01 ,0.870212, 0.0827967,0.0469916,0.129788
0.31,0.01 ,0.866641, 0.0834133,0.0499461,0.133359
0.32,0.01 ,0.862905, 0.0840359,0.0530591,0.137095
0.33,0.01 ,0.858996, 0.0846643,0.0563395,0.141004
0.34,0.01 ,0.854905, 0.0852984,0.0597967,0.145095
0.35,0.01 ,0.850621, 0.0859381,0.0634405,0.149379
0.36,0.01 ,0.846135, 0.0865833,0.0672812,0.153865
0.37,0.01 ,0.841437, 0.087234,0.0713291,0.158563
0.38,0.01 ,0.836515, 0.0878901,0.0755949,0.163485
0.39,0.01 ,0.831359, 0.0885513,0.0800897,0.168641
0.4,0.01 ,0.825958, 0.0892176,0.0848243,0.174042
0.41,0.01 ,0.820301, 0.0898889,0.0898098,0.179699
0.42,0.01 ,0.814378, 0.090565,0.0950571,0.185622
0.43,0.01 ,0.808178, 0.0912457,0.100577,0.191822
0.44,0.01 ,0.801691, 0.091931,0.106378,0.198309
0.45,0.01 ,0.794908, 0.0926206,0.112471,0.205092
0.46,0.01 ,0.787821, 0.0933144,0.118864,0.212179
0.47,0.01 ,0.780424, 0.0940122,0.125564,0.219576
0.48,0.01 ,0.77271, 0.0947138,0.132576,0.22729
0.49,0.01 ,0.764676, 0.0954191,0.139905,0.235324
0.5,0.01 ,0.756321, 0.096128,0.147551,0.243679
0.51,0.01 ,0.747646, 0.0968401,0.155514,0.252354
0.52,0.01 ,0.738653, 0.0975553,0.163791,0.261347
0.53,0.01 ,0.72935, 0.0982735,0.172376,0.27065
0.54,0.01 ,0.719745, 0.0989944,0.181261,0.280255
0.55,0.01 ,0.709849, 0.0997179,0.190433,0.290151
0.56,0.01 ,0.699679, 0.100444,0.199878,0.300321
0.57,0.01 ,0.68925, 0.101172,0.209578,0.31075
0.58,0.01 ,0.678585, 0.101902,0.219514,0.321415
0.59,0.01 ,0.667704, 0.102634,0.229663,0.332296
0.6,0.01 ,0.656632, 0.103367,0.240001,0.343368
0.61,0.01 ,0.645395, 0.104102,0.250503,0.354605
0.62,0.01 ,0.634019, 0.104838,0.261142,0.365981
0.63,0.01 ,0.622533, 0.105575,0.271891,0.377467
0.64,0.01 ,0.610964, 0.106314,0.282722,0.389036
0.65,0.01 ,0.599339, 0.107053,0.293609,0.400661
0.66,0.01 ,0.587684, 0.107792,0.304523,0.412316
0.67,0.01 ,0.576027, 0.108532,0.315441,0.423973
0.68,0.01 ,0.56439, 0.109272,0.326338,0.43561
0.69,0.01 ,0.552797, 0.110013,0.33719,0.447203
0.7,0.01 ,0.541269, 0.110753,0.347977,0.458731
0.71,0.01 ,0.529826, 0.111494,0.35868,0.470174
0.72,0.01 ,0.518486, 0.112234,0.36928,0.481514
0.73,0.01 ,0.507264, 0.112973,0.379762,0.492736
0.74,0.01 ,0.496176, 0.113713,0.390112,0.503824
0.75,0.01 ,0.485232, 0.114451,0.400317,0.514768
0.76,0.01 ,0.474444, 0.115189,0.410367,0.525556
0.77,0.01 ,0.463822, 0.115926,0.420253,0.536178
0.78,0.01 ,0.453372, 0.116662,0.429966,0.546628
0.79,0.01 ,0.443102, 0.117396,0.439502,0.556898
0.8,0.01 ,0.433016, 0.11813,0.448854,0.566984
0.81,0.01 ,0.423118, 0.118863,0.458019,0.576882
0.82,0.01 ,0.413412, 0.119594,0.466995,0.586588
0.83,0.01 ,0.403899, 0.120323,0.475778,0.596101
0.84,0.01 ,0.394581, 0.121051,0.484367,0.605419
0.85,0.01 ,0.385458, 0.121778,0.492764,0.614542
0.86,0.01 ,0.37653, 0.122503,0.500967,0.62347
0.87,0.01 ,0.367797, 0.123226,0.508977,0.632203
0.88,0.01 ,0.359257, 0.123947,0.516796,0.640743
0.89,0.01 ,0.350908, 0.124667,0.524425,0.649092
0.9,0.01 ,0.342749, 0.125385,0.531867,0.657251
0.91,0.01 ,0.334776, 0.1261,0.539123,0.665224
0.92,0.01 ,0.326989, 0.126814,0.546197,0.673011
0.93,0.01 ,0.319383, 0.127526,0.553091,0.680617
0.94,0.01 ,0.311957, 0.128235,0.559808,0.688043
0.95,0.01 ,0.304706, 0.128943,0.566351,0.695294
0.96,0.01 ,0.297627, 0.129648,0.572725,0.702373
0.97,0.01 ,0.290718, 0.130351,0.578931,0.709282
0.98,0.01 ,0.283975, 0.131052,0.584973,0.716025
0.99,0.01 ,0.277394, 0.131751,0.590856,0.722606
1,0.01 ,0.270972, 0.132447,0.596582,0.729028
0,0.02 ,0.930725, 0.0671466,0.00212884,0.0692755
0.01,0.02 ,0.929585, 0.0675839,0.0028313,0.0704152
0.02,0.02 ,0.928408, 0.0680266,0.00356526,0.0715918
0.03,0.02 ,0.927193, 0.0684748,0.00433229,0.0728071
0.04,0.02 ,0.925937, 0.0689286,0.00513407,0.0740627
0.05,0.02 ,0.92464, 0.0693881,0.00597239,0.0753605
0.06,0.02 ,0.923298, 0.0698532,0.00684912,0.0767023
0.07,0.02 ,0.92191, 0.0703241,0.00776626,0.0780903
0.08,0.02 ,0.920473, 0.0708007,0.00872591,0.0795266
0.09,0.02 ,0.918986, 0.0712832,0.00973033,0.0810135
0.1,0.02 ,0.917447, 0.0717716,0.0107819,0.0825535
0.11,0.02 ,0.915851, 0.0722659,0.0118831,0.084149
0.12,0.02 ,0.914197, 0.0727662,0.0130366,0.0858028
0.13,0.02 ,0.912482, 0.0732725,0.0142454,0.0875179
0.14,0.02 ,0.910703, 0.0737849,0.0155123,0.0892971
0.15,0.02 ,0.908856, 0.0743033,0.0168406,0.0911439
0.16,0.02 ,0.906938, 0.0748279,0.0182337,0.0930615
0.17,0.02 ,0.904946, 0.0753586,0.0196952,0.0950537
0.18,0.02 ,0.902876, 0.0758954,0.021229,0.0971244
0.19,0.02 ,0.900723, 0.0764384,0.0228391,0.0992775
0.2,0.02 ,0.898483, 0.0769876,0.0245299,0.101517
0.21,0.02 ,0.896151, 0.077543,0.0263059,0.103849
0.22,0.02 ,0.893723, 0.0781046,0.0281722,0.106277
0.23,0.02 ,0.891194, 0.0786724,0.0301338,0.108806
0.24,0.02 ,0.888557, 0.0792464,0.0321964,0.111443
0.25,0.02 ,0.885808, 0.0798266,0.0343656,0.114192
0.26,0.02 ,0.882939, 0.0804129,0.0366479,0.117061
0.27,0.02 ,0.879945, 0.0810053,0.0390496,0.120055
0.28,0.02 ,0.876818, 0.0816038,0.0415779,0.123182
0.29,0.02 ,0.873552, 0.0822083,0.04424,0.126448
0.3,0.02 ,0.870137, 0.0828188,0.0470437,0.129863
0.31,0.02 ,0.866568, 0.0834353,0.0499971,0.133432
0.32,0.02 ,0.862833, 0.0840576,0.053109,0.137167
0.33,0.02 ,0.858926, 0.0846858,0.0563881,0.141074
0.34,0.02 ,0.854836, 0.0853197,0.059844,0.145164
0.35,0.02 ,0.850554, 0.0859592,0.0634865,0.149446
0.36,0.02 ,0.84607, 0.0866042,0.0673257,0.15393
0.37,0.02 ,0.841373, 0.0872547,0.071372,0.158627
0.38,0.02 ,0.836453, 0.0879105,0.0756362,0.163547
0.39,0.02 ,0.831299, 0.0885715,0.0801291,0.168701
0.4,0.02 ,0.825901, 0.0892376,0.0848619,0.174099
0.41,0.02 ,0.820246, 0.0899086,0.0898454,0.179754
0.42,0.02 ,0.814325, 0.0905845,0.0950905,0.185675
0.43,0.02 ,0.808127, 0.091265,0.100608,0.191873
0.44,0.02 ,0.801643, 0.09195,0.106407,0.198357
0.45,0.02 ,0.794863, 0.0926394,0.112498,0.205137
0.46,0.02 ,0.787779, 0.0933329,0.118888,0.212221
0.47,0.02 ,0.780384, 0.0940305,0.125585,0.219616
0.48,0.02 ,0.772673, 0.094732,0.132595,0.227327
0.49,0.02 ,0.764643, 0.0954371,0.13992,0.235357
0.5,0.02 ,0.756291, 0.0961456,0.147563,0.243709
0.51,0.02 ,0.747619, 0.0968575,0.155523,0.252381
0.52,0.02 ,0.73863, 0.0975725,0.163798,0.26137
0.53,0.02 ,0.72933, 0.0982905,0.17238,0.27067
0.54,0.02 ,0.719728, 0.0990112,0.181261,0.280272
0.55,0.02 ,0.709836, 0.0997344,0.19043,0.290164
0.56,0.02 ,0.699669, 0.10046,0.199871,0.300331
0.57,0.02 ,0.689244, 0.101188,0.209568,0.310756
0.58,0.02 ,0.678581, 0.101918,0.219501,0.321419
0.59,0.02 ,0.667703, 0.102649,0.229647,0.332297
0.6,0.02 ,0.656635, 0.103382,0.239983,0.343365
0.61,0.02 ,0.645401, 0.104117,0.250482,0.354599
0.62,0.02 ,0.634028, 0.104853,0.261119,0.365972
0.63,0.02 ,0.622545, 0.10559,0.271865,0.377455
0.64,0.02 ,0.610978, 0.106328,0.282694,0.389022
0.65,0.02 ,0.599355, 0.107067,0.293578,0.400645
0.66,0.02 ,0.587703, 0.107806,0.304491,0.412297
0.67,0.02 ,0.576047, 0.108546,0.315406,0.423953
0.68,0.02 ,0.564412, 0.109286,0.326301,0.435588
0.69,0.02 ,0.552821, 0.110027,0.337152,0.447179
0.7,0.02 ,0.541295, 0.110767,0.347938,0.458705
0.71,0.02 ,0.529854, 0.111507,0.358639,0.470146
0.72,0.02 ,0.518515, 0.112247,0.369238,0.481485
0.73,0.02 ,0.507294, 0.112986,0.379719,0.492706
0.74,0.02 ,0.496207, 0.113725,0.390068,0.503793
0.75,0.02 ,0.485264, 0.114464,0.400273,0.514736
0.76,0.02 ,0.474477, 0.115201,0.410322,0.525523
0.77,0.02 ,0.463855, 0.115938,0.420207,0.536145
0.78,0.02 ,0.453406, 0.116674,0.42992,0.546594
0.79,0.02 ,0.443136, 0.117408,0.439456,0.556864
0.8,0.02 ,0.43305, 0.118142,0.448808,0.56695
0.81,0.02 ,0.423153, 0.118874,0.457973,0.576847
0.82,0.02 ,0.413447, 0.119605,0.466948,0.586553
0.83,0.02 ,0.403935, 0.120334,0.475731,0.596065
0.84,0.02 ,0.394617, 0.121062,0.484321,0.605383
0.85,0.02 ,0.385494, 0.121789,0.492717,0.614506
0.86,0.02 ,0.376566, 0.122514,0.50092,0.623434
0.87,0.02 ,0.367833, 0.123237,0.508931,0.632167
0.88,0.02 ,0.359292, 0.123958,0.51675,0.640708
0.89,0.02 ,0.350944, 0.124677,0.524379,0.649056
0.9,0.02 ,0.342784, 0.125395,0.531821,0.657216
0.91,0.02 ,0.334812, 0.12611,0.539078,0.665188
0.92,0.02 ,0.327024, 0.126824,0.546152,0.672976
0.93,0.02 ,0.319418, 0.127535,0.553046,0.680582
0.94,0.02 ,0.311991, 0.128245,0.559764,0.688009
0.95,0.02 ,0.30474, 0.128952,0.566307,0.69526
0.96,0.02 ,0.297662, 0.129657,0.572681,0.702338
0.97,0.02 ,0.290752, 0.13036,0.578888,0.709248
0.98,0.02 ,0.284008, 0.131061,0.584931,0.715992
0.99,0.02 ,0.277427, 0.131759,0.590814,0.722573
1,0.02 ,0.271005, 0.132456,0.59654,0.728995
0,0.03 ,0.930629, 0.0671745,0.0021966,0.0693711
0.01,0.03 ,0.929489, 0.0676116,0.00289891,0.0705105
0.02,0.03 ,0.928313, 0.0680542,0.00363269,0.0716869
0.03,0.03 ,0.927098, 0.0685022,0.00439955,0.0729018
0.04,0.03 ,0.925843, 0.0689559,0.00520115,0.0741571
0.05,0.03 ,0.924546, 0.0694152,0.00603926,0.0754545
0.06,0.03 ,0.923204, 0.0698802,0.00691578,0.0767959
0.07,0.03 ,0.921816, 0.0703509,0.00783269,0.0781836
0.08,0.03 ,0.920381, 0.0708274,0.0087921,0.0796195
0.09,0.03 ,0.918894, 0.0713097,0.00979626,0.081106
0.1,0.03 ,0.917355, 0.0717979,0.0108475,0.0826455
0.11,0.03 ,0.915759, 0.0722921,0.0119485,0.0842405
0.12,0.03 ,0.914106, 0.0727922,0.0131017,0.0858939
0.13,0.03 ,0.912392, 0.0732983,0.0143101,0.0876084
0.14,0.03 ,0.910613, 0.0738105,0.0155766,0.0893872
0.15,0.03 ,0.908767, 0.0743288,0.0169046,0.0912333
0.16,0.03 ,0.90685, 0.0748532,0.0182973,0.0931504
0.17,0.03 ,0.904858, 0.0753837,0.0197583,0.095142
0.18,0.03 ,0.902788, 0.0759203,0.0212917,0.097212
0.19,0.03 ,0.900636, 0.0764632,0.0229013,0.0993644
0.2,0.03 ,0.898396, 0.0770122,0.0245915,0.101604
0.21,0.03 ,0.896066, 0.0775674,0.0263671,0.103934
0.22,0.03 ,0.893638, 0.0781288,0.0282327,0.106362
0.23,0.03 ,0.89111, 0.0786964,0.0301937,0.10889
0.24,0.03 ,0.888474, 0.0792702,0.0322556,0.111526
0.25,0.03 ,0.885726, 0.0798501,0.0344241,0.114274
0.26,0.03 ,0.882858, 0.0804362,0.0367056,0.117142
0.27,0.03 ,0.879865, 0.0810284,0.0391065,0.120135
0.28,0.03 ,0.876739, 0.0816267,0.0416339,0.123261
0.29,0.03 ,0.873474, 0.082231,0.044295,0.126526
0.3,0.03 ,0.870061, 0.0828413,0.0470977,0.129939
0.31,0.03 ,0.866492, 0.0834576,0.0500501,0.133508
0.32,0.03 ,0.86276, 0.0840797,0.0531607,0.13724
0.33,0.03 ,0.858854, 0.0847076,0.0564386,0.141146
0.34,0.03 ,0.854765, 0.0853413,0.0598932,0.145235
0.35,0.03 ,0.850485, 0.0859805,0.0635343,0.149515
0.36,0.03 ,0.846003, 0.0866254,0.0673719,0.153997
0.37,0.03 ,0.841308, 0.0872756,0.0714167,0.158692
0.38,0.03 ,0.83639, 0.0879312,0.0756791,0.16361
0.39,0.03 ,0.831238, 0.088592,0.0801703,0.168762
0.4,0.03 ,0.825841, 0.0892578,0.0849011,0.174159
0.41,0.03 ,0.820189, 0.0899286,0.0898826,0.179811
0.42,0.03 ,0.81427, 0.0906042,0.0951256,0.18573
0.43,0.03 ,0.808075, 0.0912845,0.100641,0.191925
0.44,0.03 ,0.801593, 0.0919693,0.106437,0.198407
0.45,0.03 ,0.794816, 0.0926585,0.112526,0.205184
0.46,0.03 ,0.787735, 0.0933518,0.118913,0.212265
0.47,0.03 ,0.780343, 0.0940491,0.125608,0.219657
0.48,0.03 ,0.772635, 0.0947503,0.132614,0.227365
0.49,0.03 ,0.764608, 0.0954552,0.139937,0.235392
0.5,0.03 ,0.75626, 0.0961636,0.147577,0.24374
0.51,0.03 ,0.747591, 0.0968752,0.155534,0.252409
0.52,0.03 ,0.738605, 0.09759,0.163805,0.261395
0.53,0.03 ,0.729309, 0.0983077,0.172384,0.270691
0.54,0.03 ,0.71971, 0.0990282,0.181262,0.28029
0.55,0.03 ,0.709822, 0.0997512,0.190427,0.290178
0.56,0.03 ,0.699658, 0.100477,0.199865,0.300342
0.57,0.03 ,0.689236, 0.101204,0.209559,0.310764
0.58,0.03 ,0.678577, 0.101934,0.219489,0.321423
0.59,0.03 ,0.667703, 0.102665,0.229632,0.332297
0.6,0.03 ,0.656637, 0.103398,0.239965,0.343363
0.61,0.03 ,0.645406, 0.104133,0.250461,0.354594
0.62,0.03 ,0.634037, 0.104868,0.261095,0.365963
0.63,0.03 ,0.622556, 0.105605,0.271839,0.377444
0.64,0.03 ,0.610992, 0.106343,0.282665,0.389008
0.65,0.03 ,0.599372, 0.107082,0.293547,0.400628
0.66,0.03 ,0.587722, 0.107821,0.304457,0.412278
0.67,0.03 ,0.576068, 0.10856,0.315371,0.423932
0.68,0.03 ,0.564435, 0.1093,0.326265,0.435565
0.69,0.03 ,0.552846, 0.11004,0.337114,0.447154
0.7,0.03 ,0.541321, 0.11078,0.347898,0.458679
0.71,0.03 ,0.529882, 0.11152,0.358598,0.470118
0.72,0.03 ,0.518544, 0.11226,0.369196,0.481456
0.73,0.03 ,0.507325, 0.112999,0.379676,0.492675
0.74,0.03 ,0.496238, 0.113738,0.390024,0.503762
0.75,0.03 ,0.485296, 0.114476,0.400228,0.514704
0.76,0.03 ,0.47451, 0.115214,0.410276,0.52549
0.77,0.03 ,0.463889, 0.11595,0.420161,0.536111
0.78,0.03 ,0.45344, 0.116686,0.429874,0.54656
0.79,0.03 ,0.443171, 0.11742,0.439409,0.556829
0.8,0.03 ,0.433086, 0.118154,0.448761,0.566914
0.81,0.03 ,0.423189, 0.118886,0.457925,0.576811
0.82,0.03 ,0.413483, 0.119616,0.4669,0.586517
0.83,0.03 ,0.403971, 0.120346,0.475683,0.596029
0.84,0.03 ,0.394653, 0.121073,0.484273,0.605347
0.85,0.03 ,0.385531, 0.1218,0.49267,0.614469
0.86,0.03 ,0.376603, 0.122524,0.500873,0.623397
0.87,0.03 ,0.367869, 0.123247,0.508883,0.632131
0.88,0.03 ,0.359329, 0.123968,0.516703,0.640671
0.89,0.03 ,0.35098, 0.124688,0.524333,0.64902
0.9,0.03 ,0.34282, 0.125405,0.531775,0.65718
0.91,0.03 ,0.334848, 0.12612,0.539032,0.665152
0.92,0.03 ,0.32706, 0.126834,0.546106,0.67294
0.93,0.03 ,0.319454, 0.127545,0.553001,0.680546
0.94,0.03 ,0.312027, 0.128255,0.559719,0.687973
0.95,0.03 ,0.304775, 0.128962,0.566263,0.695225
0.96,0.03 ,0.297696, 0.129667,0.572637,0.702304
0.97,0.03 ,0.290787, 0.13037,0.578844,0.709213
0.98,0.03 ,0.284043, 0.13107,0.584887,0.715957
0.99,0.03 ,0.277461, 0.131768,0.590771,0.722539
1,0.03 ,0.271038, 0.132464,0.596497,0.728962
0,0.04 ,0.93053, 0.0672028,0.00226674,0.0694695
0.01,0.04 ,0.929391, 0.0676397,0.00296888,0.0706086
0.02,0.04 ,0.928215, 0.0680822,0.0037025,0.0717847
0.03,0.04 ,0.927001, 0.0685301,0.00446917,0.0729993
0.04,0.04 ,0.925746, 0.0689836,0.00527057,0.0742542
0.05,0.04 ,0.924449, 0.0694427,0.00610848,0.0755512
0.06,0.04 ,0.923108, 0.0699076,0.00698478,0.0768923
0.07,0.04 ,0.92172, 0.0703781,0.00790145,0.0782796
0.08,0.04 ,0.920285, 0.0708544,0.00886061,0.0797151
0.09,0.04 ,0.918799, 0.0713366,0.00986451,0.0812011
0.1,0.04 ,0.91726, 0.0718247,0.0109155,0.0827402
0.11,0.04 ,0.915665, 0.0723187,0.0120161,0.0843348
0.12,0.04 ,0.914012, 0.0728186,0.013169,0.0859876
0.13,0.04 ,0.912298, 0.0733246,0.0143771,0.0877016
0.14,0.04 ,0.91052, 0.0738366,0.0156433,0.0894798
0.15,0.04 ,0.908675, 0.0743547,0.0169708,0.0913255
0.16,0.04 ,0.906758, 0.0748788,0.0183631,0.0932419
0.17,0.04 ,0.904767, 0.0754092,0.0198237,0.0952329
0.18,0.04 ,0.902698, 0.0759456,0.0213566,0.0973022
0.19,0.04 ,0.900546, 0.0764883,0.0229657,0.099454
0.2,0.04 ,0.898307, 0.0770371,0.0246554,0.101693
0.21,0.04 ,0.895977, 0.0775921,0.0264304,0.104023
0.22,0.04 ,0.893551, 0.0781533,0.0282954,0.106449
0.23,0.04 ,0.891024, 0.0787207,0.0302558,0.108976
0.24,0.04 ,0.888389, 0.0792943,0.0323169,0.111611
0.25,0.04 ,0.885641, 0.079874,0.0344847,0.114359
0.26,0.04 ,0.882775, 0.0804599,0.0367654,0.117225
0.27,0.04 ,0.879783, 0.0810519,0.0391655,0.120217
0.28,0.04 ,0.876658, 0.08165,0.0416919,0.123342
0.29,0.04 ,0.873394, 0.0822541,0.0443521,0.126606
0.3,0.04 ,0.869982, 0.0828642,0.0471538,0.130018
0.31,0.04 ,0.866415, 0.0834802,0.050105,0.133585
0.32,0.04 ,0.862683, 0.0841021,0.0532145,0.137317
0.33,0.04 ,0.858779, 0.0847298,0.0564911,0.141221
0.34,0.04 ,0.854692, 0.0853632,0.0599444,0.145308
0.35,0.04 ,0.850414, 0.0860023,0.063584,0.149586
0.36,0.04 ,0.845933, 0.0866468,0.0674201,0.154067
0.37,0.04 ,0.84124, 0.0872969,0.0714632,0.15876
0.38,0.04 ,0.836324, 0.0879522,0.0757239,0.163676
0.39,0.04 ,0.831174, 0.0886127,0.0802132,0.168826
0.4,0.04 ,0.82578, 0.0892784,0.084942,0.17422
0.41,0.04 ,0.82013, 0.0899489,0.0899214,0.17987
0.42,0.04 ,0.814213, 0.0906243,0.0951622,0.185787
0.43,0.04 ,0.808021, 0.0913044,0.100675,0.191979
0.44,0.04 ,0.801542, 0.0919889,0.106469,0.198458
0.45,0.04 ,0.794767, 0.0926778,0.112555,0.205233
0.46,0.04 ,0.787689, 0.0933709,0.11894,0.212311
0.47,0.04 ,0.780301, 0.094068,0.125631,0.219699
0.48,0.04 ,0.772596, 0.094769,0.132635,0.227404
0.49,0.04 ,0.764572, 0.0954736,0.139954,0.235428
0.5,0.04 ,0.756227, 0.0961817,0.147591,0.243773
0.51,0.04 ,0.747562, 0.0968932,0.155545,0.252438
0.52,0.04 ,0.738579, 0.0976077,0.163813,0.261421
0.53,0.04 ,0.729286, 0.0983252,0.172388,0.270714
0.54,0.04 ,0.719691, 0.0990454,0.181263,0.280309
0.55,0.04 ,0.709807, 0.0997682,0.190425,0.290193
0.56,0.04 ,0.699646, 0.100493,0.19986,0.300354
0.57,0.04 ,0.689228, 0.101221,0.209551,0.310772
0.58,0.04 ,0.678573, 0.10195,0.219477,0.321427
0.59,0.04 ,0.667701, 0.102681,0.229617,0.332299
0.6,0.04 ,0.656639, 0.103414,0.239947,0.343361
0.61,0.04 ,0.645411, 0.104148,0.25044,0.354589
0.62,0.04 ,0.634045, 0.104884,0.261071,0.365955
0.63,0.04 ,0.622567, 0.10562,0.271813,0.377433
0.64,0.04 ,0.611006, 0.106358,0.282636,0.388994
0.65,0.04 ,0.599388, 0.107096,0.293516,0.400612
0.66,0.04 ,0.58774, 0.107835,0.304424,0.41226
0.67,0.04 ,0.576089, 0.108575,0.315336,0.423911
0.68,0.04 ,0.564458, 0.109314,0.326227,0.435542
0.69,0.04 ,0.552871, 0.110054,0.337075,0.447129
0.7,0.04 ,0.541348, 0.110794,0.347858,0.458652
0.71,0.04 ,0.52991, 0.111534,0.358557,0.47009
0.72,0.04 ,0.518573, 0.112273,0.369153,0.481427
0.73,0.04 ,0.507355, 0.113013,0.379632,0.492645
0.74,0.04 ,0.49627, 0.113751,0.389979,0.50373
0.75,0.04 ,0.485329, 0.114489,0.400182,0.514671
0.76,0.04 ,0.474544, 0.115226,0.41023,0.525456
0.77,0.04 ,0.463923, 0.115963,0.420114,0.536077
0.78,0.04 ,0.453475, 0.116698,0.429827,0.546525
0.79,0.04 ,0.443206, 0.117432,0.439361,0.556794
0.8,0.04 ,0.433122, 0.118165,0.448713,0.566878
0.81,0.04 ,0.423225, 0.118897,0.457877,0.576775
0.82,0.04 ,0.41352, 0.119628,0.466852,0.58648
0.83,0.04 ,0.404008, 0.120357,0.475635,0.595992
0.84,0.04 ,0.39469, 0.121085,0.484225,0.60531
0.85,0.04 ,0.385568, 0.121811,0.492622,0.614432
0.86,0.04 ,0.37664, 0.122535,0.500825,0.62336
0.87,0.04 ,0.367906, 0.123258,0.508836,0.632094
0.88,0.04 ,0.359366, 0.123979,0.516655,0.640634
0.89,0.04 ,0.351017, 0.124698,0.524285,0.648983
0.9,0.04 ,0.342857, 0.125415,0.531728,0.657143
0.91,0.04 ,0.334884, 0.126131,0.538985,0.665116
0.92,0.04 ,0.327096, 0.126844,0.54606,0.672904
0.93,0.04 ,0.31949, 0.127555,0.552955,0.68051
0.94,0.04 ,0.312063, 0.128264,0.559673,0.687937
0.95,0.04 ,0.304811, 0.128971,0.566218,0.695189
0.96,0.04 ,0.297732, 0.129676,0.572592,0.702268
0.97,0.04 ,0.290822, 0.130379,0.578799,0.709178
0.98,0.04 ,0.284077, 0.131079,0.584843,0.715923
0.99,0.04 ,0.277496, 0.131777,0.590727,0.722504
1,0.04 ,0.271072, 0.132473,0.596454,0.728928
0,0.05 ,0.930429, 0.0672315,0.00233937,0.0695709
0.01,0.05 ,0.92929, 0.0676683,0.00304134,0.0707097
0.02,0.05 ,0.928115, 0.0681106,0.00377478,0.0718854
0.03,0.05 ,0.9269, 0.0685584,0.00454126,0.0730997
0.04,0.05 ,0.925646, 0.0690117,0.00534246,0.0743542
0.05,0.05 ,0.924349, 0.0694707,0.00618016,0.0756509
0.06,0.05 ,0.923008, 0.0699354,0.00705623,0.0769916
0.07,0.05 ,0.921622, 0.0704058,0.00797266,0.0783784
0.08,0.05 ,0.920186, 0.0708819,0.00893157,0.0798135
0.09,0.05 ,0.918701, 0.0713639,0.00993519,0.0812991
0.1,0.05 ,0.917162, 0.0718518,0.0109859,0.0828377
0.11,0.05 ,0.915568, 0.0723456,0.0120862,0.0844318
0.12,0.05 ,0.913916, 0.0728454,0.0132388,0.0860842
0.13,0.05 ,0.912202, 0.0733512,0.0144465,0.0877977
0.14,0.05 ,0.910425, 0.073863,0.0157123,0.0895753
0.15,0.05 ,0.90858, 0.0743809,0.0170395,0.0914204
0.16,0.05 ,0.906664, 0.0749049,0.0184313,0.0933362
0.17,0.05 ,0.904673, 0.075435,0.0198915,0.0953266
0.18,0.05 ,0.902605, 0.0759713,0.0214239,0.0973952
0.19,0.05 ,0.900454, 0.0765138,0.0230325,0.0995463
0.2,0.05 ,0.898216, 0.0770624,0.0247217,0.101784
0.21,0.05 ,0.895887, 0.0776172,0.026496,0.104113
0.22,0.05 ,0.893461, 0.0781782,0.0283605,0.106539
0.23,0.05 ,0.890934, 0.0787454,0.0303201,0.109066
0.24,0.05 ,0.888301, 0.0793188,0.0323806,0.111699
0.25,0.05 ,0.885554, 0.0798983,0.0345476,0.114446
0.26,0.05 ,0.882689, 0.080484,0.0368275,0.117311
0.27,0.05 ,0.879698, 0.0810757,0.0392267,0.120302
0.28,0.05 ,0.876574, 0.0816736,0.0417522,0.123426
0.29,0.05 ,0.873311, 0.0822775,0.0444114,0.126689
0.3,0.05 ,0.869901, 0.0828873,0.047212,0.130099
0.31,0.05 ,0.866335, 0.0835032,0.0501621,0.133665
0.32,0.05 ,0.862605, 0.0841248,0.0532703,0.137395
0.33,0.05 ,0.858702, 0.0847523,0.0565457,0.141298
0.34,0.05 ,0.854617, 0.0853855,0.0599976,0.145383
0.35,0.05 ,0.85034, 0.0860243,0.0636357,0.14966
0.36,0.05 ,0.845861, 0.0866686,0.0674702,0.154139
0.37,0.05 ,0.84117, 0.0873184,0.0715116,0.15883
0.38,0.05 ,0.836256, 0.0879735,0.0757705,0.163744
0.39,0.05 ,0.831108, 0.0886338,0.0802579,0.168892
0.4,0.05 ,0.825716, 0.0892992,0.0849848,0.174284
0.41,0.05 ,0.820068, 0.0899696,0.089962,0.179932
0.42,0.05 ,0.814155, 0.0906447,0.0952005,0.185845
0.43,0.05 ,0.807965, 0.0913245,0.100711,0.192035
0.44,0.05 ,0.801488, 0.0920088,0.106503,0.198512
0.45,0.05 ,0.794717, 0.0926975,0.112586,0.205283
0.46,0.05 ,0.787642, 0.0933903,0.118968,0.212358
0.47,0.05 ,0.780256, 0.0940872,0.125657,0.219744
0.48,0.05 ,0.772555, 0.0947879,0.132657,0.227445
0.49,0.05 ,0.764534, 0.0954923,0.139973,0.235466
0.5,0.05 ,0.756193, 0.0962002,0.147607,0.243807
0.51,0.05 ,0.747531, 0.0969114,0.155558,0.252469
0.52,0.05 ,0.738552, 0.0976257,0.163822,0.261448
0.53,0.05 ,0.729263, 0.0983429,0.172394,0.270737
0.54,0.05 ,0.719672, 0.0990629,0.181266,0.280328
0.55,0.05 ,0.70979, 0.0997855,0.190424,0.29021
0.56,0.05 ,0.699634, 0.10051,0.199856,0.300366
0.57,0.05 ,0.689219, 0.101238,0.209543,0.310781
0.58,0.05 ,0.678567, 0.101967,0.219466,0.321433
0.59,0.05 ,0.667699, 0.102698,0.229603,0.332301
0.6,0.05 ,0.65664, 0.10343,0.239929,0.34336
0.61,0.05 ,0.645416, 0.104164,0.25042,0.354584
0.62,0.05 ,0.634052, 0.1049,0.261048,0.365948
0.63,0.05 ,0.622578, 0.105636,0.271786,0.377422
0.64,0.05 ,0.611019, 0.106373,0.282608,0.388981
0.65,0.05 ,0.599404, 0.107111,0.293485,0.400596
0.66,0.05 ,0.587759, 0.10785,0.304391,0.412241
0.67,0.05 ,0.57611, 0.108589,0.315301,0.42389
0.68,0.05 ,0.564481, 0.109329,0.32619,0.435519
0.69,0.05 ,0.552895, 0.110069,0.337036,0.447105
0.7,0.05 ,0.541374, 0.110808,0.347817,0.458626
0.71,0.05 ,0.529938, 0.111548,0.358515,0.470062
0.72,0.05 ,0.518603, 0.112287,0.36911,0.481397
0.73,0.05 ,0.507386, 0.113026,0.379588,0.492614
0.74,0.05 ,0.496302, 0.113764,0.389934,0.503698
0.75,0.05 ,0.485362, 0.114502,0.400136,0.514638
0.76,0.05 ,0.474577, 0.115239,0.410183,0.525423
0.77,0.05 ,0.463958, 0.115975,0.420067,0.536042
0.78,0.05 ,0.453511, 0.11671,0.429779,0.546489
0.79,0.05 ,0.443242, 0.117445,0.439313,0.556758
0.8,0.05 ,0.433158, 0.118178,0.448664,0.566842
0.81,0.05 ,0.423262, 0.118909,0.457829,0.576738
0.82,0.05 ,0.413557, 0.11964,0.466803,0.586443
0.83,0.05 ,0.404045, 0.120369,0.475586,0.595955
0.84,0.05 ,0.394728, 0.121096,0.484176,0.605272
0.85,0.05 ,0.385605, 0.121822,0.492573,0.614395
0.86,0.05 ,0.376677, 0.122546,0.500776,0.623323
0.87,0.05 ,0.367944, 0.123269,0.508787,0.632056
0.88,0.05 ,0.359403, 0.12399,0.516607,0.640597
0.89,0.05 ,0.351054, 0.124709,0.524237,0.648946
0.9,0.05 ,0.342894, 0.125426,0.53168,0.657106
0.91,0.05 ,0.334922, 0.126141,0.538938,0.665078
0.92,0.05 ,0.327133, 0.126854,0.546013,0.672867
0.93,0.05 ,0.319527, 0.127565,0.552908,0.680473
0.94,0.05 ,0.312099, 0.128274,0.559627,0.687901
0.95,0.05 ,0.304847, 0.128981,0.566172,0.695153
0.96,0.05 ,0.297768, 0.129686,0.572546,0.702232
0.97,0.05 ,0.290857, 0.130388,0.578754,0.709143
0.98,0.05 ,0.284113, 0.131089,0.584799,0.715887
0.99,0.05 ,0.277531, 0.131787,0.590683,0.722469
1,0.05 ,0.271107, 0.132482,0.596411,0.728893
0,0.06 ,0.930325, 0.0672607,0.0024146,0.0696753
0.01,0.06 ,0.929186, 0.0676974,0.00311641,0.0708138
0.02,0.06 ,0.928011, 0.0681395,0.00384966,0.0719892
0.03,0.06 ,0.926797, 0.0685871,0.00461595,0.0732031
0.04,0.06 ,0.925543, 0.0690403,0.00541694,0.0744573
0.05,0.06 ,0.924246, 0.0694991,0.00625442,0.0757536
0.06,0.06 ,0.922906, 0.0699636,0.00713026,0.0770939
0.07,0.06 ,0.92152, 0.0704338,0.00804645,0.0784803
0.08,0.06 ,0.920085, 0.0709099,0.00900509,0.0799149
0.09,0.06 ,0.9186, 0.0713917,0.0100084,0.0814001
0.1,0.06 ,0.917062, 0.0718794,0.0110588,0.0829382
0.11,0.06 ,0.915468, 0.072373,0.0121588,0.0845319
0.12,0.06 ,0.913816, 0.0728726,0.0133111,0.0861837
0.13,0.06 ,0.912103, 0.0733782,0.0145184,0.0878967
0.14,0.06 ,0.910326, 0.0738899,0.0157839,0.0896737
0.15,0.06 ,0.908482, 0.0744076,0.0171106,0.0915182
0.16,0.06 ,0.906567, 0.0749314,0.018502,0.0934334
0.17,0.06 ,0.904577, 0.0754613,0.0199618,0.0954231
0.18,0.06 ,0.902509, 0.0759974,0.0214936,0.0974911
0.19,0.06 ,0.900359, 0.0765397,0.0231017,0.0996414
0.2,0.06 ,0.898122, 0.0770881,0.0247903,0.101878
0.21,0.06 ,0.895793, 0.0776427,0.0265641,0.104207
0.22,0.06 ,0.893369, 0.0782035,0.0284279,0.106631
0.23,0.06 ,0.890843, 0.0787705,0.0303869,0.109157
0.24,0.06 ,0.88821, 0.0793436,0.0324466,0.11179
0.25,0.06 ,0.885464, 0.0799229,0.0346129,0.114536
0.26,0.06 ,0.8826, 0.0805084,0.0368919,0.1174
0.27,0.06 ,0.87961, 0.0810999,0.0392902,0.12039
0.28,0.06 ,0.876488, 0.0816976,0.0418148,0.123512
0.29,0.06 ,0.873226, 0.0823012,0.0444729,0.126774
0.3,0.06 ,0.869817, 0.0829109,0.0472724,0.130183
0.31,0.06 ,0.866252, 0.0835265,0.0502214,0.133748
0.32,0.06 ,0.862524, 0.0841479,0.0533284,0.137476
0.33,0.06 ,0.858622, 0.0847751,0.0566024,0.141378
0.34,0.06 ,0.854539, 0.0854081,0.0600529,0.145461
0.35,0.06 ,0.850264, 0.0860467,0.0636895,0.149736
0.36,0.06 ,0.845787, 0.0866908,0.0675224,0.154213
0.37,0.06 ,0.841098, 0.0873403,0.0715621,0.158902
0.38,0.06 ,0.836186, 0.0879952,0.0758192,0.163814
0.39,0.06 ,0.83104, 0.0886552,0.0803046,0.16896
0.4,0.06 ,0.82565, 0.0893204,0.0850294,0.17435
0.41,0.06 ,0.820005, 0.0899905,0.0900045,0.179995
0.42,0.06 ,0.814094, 0.0906654,0.0952407,0.185906
0.43,0.06 ,0.807907, 0.0913449,0.100748,0.192093
0.44,0.06 ,0.801433, 0.092029,0.106538,0.198567
0.45,0.06 ,0.794664, 0.0927174,0.112618,0.205336
0.46,0.06 ,0.787592, 0.09341,0.118998,0.212408
0.47,0.06 ,0.78021, 0.0941067,0.125683,0.21979
0.48,0.06 ,0.772512, 0.0948071,0.132681,0.227488
0.49,0.06 ,0.764495, 0.0955113,0.139994,0.235505
0.5,0.06 ,0.756157, 0.0962189,0.147624,0.243843
0.51,0.06 ,0.747499, 0.0969299,0.155572,0.252501
0.52,0.06 ,0.738524, 0.0976439,0.163832,0.261476
0.53,0.06 ,0.729238, 0.0983609,0.172401,0.270762
0.54,0.06 ,0.719651, 0.0990807,0.181269,0.280349
0.55,0.06 ,0.709773, 0.099803,0.190424,0.290227
0.56,0.06 ,0.69962, 0.100528,0.199852,0.30038
0.57,0.06 ,0.68921, 0.101255,0.209536,0.31079
0.58,0.06 ,0.678561, 0.101983,0.219456,0.321439
0.59,0.06 ,0.667697, 0.102714,0.229589,0.332303
0.6,0.06 ,0.656641, 0.103447,0.239912,0.343359
0.61,0.06 ,0.64542, 0.10418,0.2504,0.35458
0.62,0.06 ,0.63406, 0.104915,0.261025,0.36594
0.63,0.06 ,0.622588, 0.105652,0.27176,0.377412
0.64,0.06 ,0.611032, 0.106389,0.282579,0.388968
0.65,0.06 ,0.59942, 0.107127,0.293454,0.40058
0.66,0.06 ,0.587777, 0.107865,0.304358,0.412223
0.67,0.06 ,0.576131, 0.108604,0.315265,0.423869
0.68,0.06 ,0.564504, 0.109343,0.326153,0.435496
0.69,0.06 ,0.55292, 0.110083,0.336997,0.44708
0.7,0.06 ,0.541401, 0.110822,0.347777,0.458599
0.71,0.06 ,0.529966, 0.111562,0.358472,0.470034
0.72,0.06 ,0.518633, 0.112301,0.369066,0.481367
0.73,0.06 ,0.507417, 0.113039,0.379543,0.492583
0.74,0.06 ,0.496334, 0.113778,0.389888,0.503666
0.75,0.06 ,0.485395, 0.114515,0.40009,0.514605
0.76,0.06 ,0.474612, 0.115252,0.410136,0.525388
0.77,0.06 ,0.463993, 0.115988,0.420019,0.536007
0.78,0.06 ,0.453546, 0.116723,0.429731,0.546454
0.79,0.06 ,0.443279, 0.117457,0.439264,0.556721
0.8,0.06 ,0.433195, 0.11819,0.448615,0.566805
0.81,0.06 ,0.423299, 0.118921,0.457779,0.576701
0.82,0.06 ,0.413594, 0.119652,0.466754,0.586406
0.83,0.06 ,0.404083, 0.12038,0.475537,0.595917
0.84,0.06 ,0.394766, 0.121108,0.484127,0.605234
0.85,0.06 ,0.385643, 0.121833,0.492523,0.614357
0.86,0.06 ,0.376716, 0.122558,0.500727,0.623284
0.87,0.06 ,0.367982, 0.12328,0.508738,0.632018
0.88,0.06 ,0.359441, 0.124001,0.516558,0.640559
0.89,0.06 ,0.351092, 0.124719,0.524188,0.648908
0.9,0.06 ,0.342932, 0.125436,0.531631,0.657068
0.91,0.06 ,0.334959, 0.126151,0.538889,0.665041
0.92,0.06 ,0.327171, 0.126864,0.545965,0.672829
0.93,0.06 ,0.319564, 0.127575,0.55286,0.680436
0.94,0.06 ,0.312136, 0.128284,0.559579,0.687864
0.95,0.06 ,0.304884, 0.128991,0.566125,0.695116
0.96,0.06 ,0.297804, 0.129695,0.5725,0.702196
0.97,0.06 ,0.290894, 0.130398,0.578708,0.709106
0.98,0.06 ,0.284149, 0.131098,0.584753,0.715851
0.99,0.06 ,0.277566, 0.131796,0.590638,0.722434
1,0.06 ,0.271142, 0.132491,0.596366,0.728858
0,0.07 ,0.930217, 0.0672903,0.00249259,0.0697829
0.01,0.07 ,0.929079, 0.0677269,0.00319421,0.0709211
0.02,0.07 ,0.927904, 0.0681688,0.00392728,0.0720961
0.03,0.07 ,0.92669, 0.0686163,0.00469336,0.0733097
0.04,0.07 ,0.925437, 0.0690693,0.00549414,0.0745635
0.05,0.07 ,0.924141, 0.069528,0.0063314,0.0758594
0.06,0.07 ,0.922801, 0.0699923,0.00720699,0.0771993
0.07,0.07 ,0.921415, 0.0704624,0.00812292,0.0785853
0.08,0.07 ,0.91998, 0.0709382,0.0090813,0.0800195
0.09,0.07 ,0.918496, 0.0714199,0.0100844,0.0815042
0.1,0.07 ,0.916958, 0.0719074,0.0111345,0.0830419
0.11,0.07 ,0.915365, 0.0724009,0.0122341,0.084635
0.12,0.07 ,0.913714, 0.0729003,0.013386,0.0862863
0.13,0.07 ,0.912001, 0.0734057,0.014593,0.0879987
0.14,0.07 ,0.910225, 0.0739171,0.015858,0.0897752
0.15,0.07 ,0.908381, 0.0744347,0.0171844,0.091619
0.16,0.07 ,0.906466, 0.0749583,0.0185754,0.0935336
0.17,0.07 ,0.904477, 0.075488,0.0200346,0.0955226
0.18,0.07 ,0.90241, 0.0760239,0.021566,0.0975899
0.19,0.07 ,0.900261, 0.076566,0.0231735,0.0997395
0.2,0.07 ,0.898024, 0.0771142,0.0248616,0.101976
0.21,0.07 ,0.895697, 0.0776686,0.0266347,0.104303
0.22,0.07 ,0.893273, 0.0782292,0.0284978,0.106727
0.23,0.07 ,0.890748, 0.0787959,0.0304561,0.109252
0.24,0.07 ,0.888116, 0.0793689,0.0325151,0.111884
0.25,0.07 ,0.885371, 0.079948,0.0346806,0.114629
0.26,0.07 ,0.882508, 0.0805332,0.0369587,0.117492
0.27,0.07 ,0.879519, 0.0811245,0.0393561,0.120481
0.28,0.07 ,0.876398, 0.0817219,0.0418797,0.123602
0.29,0.07 ,0.873138, 0.0823254,0.0445369,0.126862
0.3,0.07 ,0.86973, 0.0829348,0.0473352,0.13027
0.31,0.07 ,0.866167, 0.0835501,0.050283,0.133833
0.32,0.07 ,0.86244, 0.0841713,0.0533888,0.13756
0.33,0.07 ,0.85854, 0.0847983,0.0566614,0.14146
0.34,0.07 ,0.854459, 0.085431,0.0601104,0.145541
0.35,0.07 ,0.850185, 0.0860694,0.0637455,0.149815
0.36,0.07 ,0.84571, 0.0867132,0.0675768,0.15429
0.37,0.07 ,0.841023, 0.0873625,0.0716147,0.158977
0.38,0.07 ,0.836113, 0.0880172,0.0758699,0.163887
0.39,0.07 ,0.83097, 0.088677,0.0803534,0.16903
0.4,0.07 ,0.825582, 0.0893419,0.085076,0.174418
0.41,0.07 ,0.819939, 0.0900117,0.0900489,0.180061
0.42,0.07 ,0.814031, 0.0906864,0.0952827,0.185969
0.43,0.07 ,0.807846, 0.0913657,0.100788,0.192154
0.44,0.07 ,0.801376, 0.0920495,0.106575,0.198624
0.45,0.07 ,0.79461, 0.0927377,0.112652,0.20539
0.46,0.07 ,0.787541, 0.09343,0.119029,0.212459
0.47,0.07 ,0.780162, 0.0941264,0.125711,0.219838
0.48,0.07 ,0.772468, 0.0948266,0.132706,0.227532
0.49,0.07 ,0.764454, 0.0955305,0.140016,0.235546
0.5,0.07 ,0.756119, 0.0962379,0.147643,0.243881
0.51,0.07 ,0.747465, 0.0969486,0.155586,0.252535
0.52,0.07 ,0.738494, 0.0976624,0.163844,0.261506
0.53,0.07 ,0.729212, 0.0983792,0.172409,0.270788
0.54,0.07 ,0.719628, 0.0990987,0.181273,0.280372
0.55,0.07 ,0.709755, 0.0998208,0.190425,0.290245
0.56,0.07 ,0.699606, 0.100545,0.199849,0.300394
0.57,0.07 ,0.689199, 0.101272,0.209529,0.310801
0.58,0.07 ,0.678554, 0.102001,0.219446,0.321446
0.59,0.07 ,0.667693, 0.102731,0.229576,0.332307
0.6,0.07 ,0.656641, 0.103463,0.239895,0.343359
0.61,0.07 ,0.645424, 0.104197,0.25038,0.354576
0.62,0.07 ,0.634067, 0.104932,0.261002,0.365933
0.63,0.07 ,0.622598, 0.105667,0.271734,0.377402
0.64,0.07 ,0.611045, 0.106404,0.28255,0.388955
0.65,0.07 ,0.599436, 0.107142,0.293422,0.400564
0.66,0.07 ,0.587796, 0.10788,0.304324,0.412204
0.67,0.07 ,0.576151, 0.108619,0.31523,0.423849
0.68,0.07 ,0.564527, 0.109358,0.326115,0.435473
0.69,0.07 ,0.552945, 0.110097,0.336957,0.447055
0.7,0.07 ,0.541428, 0.110837,0.347735,0.458572
0.71,0.07 ,0.529995, 0.111576,0.35843,0.470005
0.72,0.07 ,0.518663, 0.112315,0.369022,0.481337
0.73,0.07 ,0.507449, 0.113053,0.379498,0.492551
0.74,0.07 ,0.496367, 0.113791,0.389842,0.503633
0.75,0.07 ,0.485429, 0.114529,0.400042,0.514571
0.76,0.07 ,0.474646, 0.115265,0.410088,0.525354
0.77,0.07 ,0.464028, 0.116001,0.419971,0.535972
0.78,0.07 ,0.453583, 0.116736,0.429682,0.546417
0.79,0.07 ,0.443316, 0.11747,0.439215,0.556684
0.8,0.07 ,0.433232, 0.118202,0.448566,0.566768
0.81,0.07 ,0.423337, 0.118934,0.45773,0.576663
0.82,0.07 ,0.413633, 0.119664,0.466704,0.586367
0.83,0.07 ,0.404121, 0.120392,0.475487,0.595879
0.84,0.07 ,0.394804, 0.121119,0.484077,0.605196
0.85,0.07 ,0.385682, 0.121845,0.492473,0.614318
0.86,0.07 ,0.376754, 0.122569,0.500677,0.623246
0.87,0.07 ,0.368021, 0.123291,0.508688,0.631979
0.88,0.07 ,0.35948, 0.124012,0.516508,0.64052
0.89,0.07 ,0.351131, 0.12473,0.524139,0.648869
0.9,0.07 ,0.342971, 0.125447,0.531582,0.657029
0.91,0.07 ,0.334998, 0.126162,0.53884,0.665002
0.92,0.07 ,0.327209, 0.126875,0.545916,0.672791
0.93,0.07 ,0.319602, 0.127586,0.552812,0.680398
0.94,0.07 ,0.312174, 0.128294,0.559532,0.687826
0.95,0.07 ,0.304922, 0.129001,0.566077,0.695078
0.96,0.07 ,0.297842, 0.129705,0.572453,0.702158
0.97,0.07 ,0.290931, 0.130408,0.578662,0.709069
0.98,0.07 ,0.284185, 0.131108,0.584707,0.715815
0.99,0.07 ,0.277602, 0.131805,0.590592,0.722398
1,0.07 ,0.271178, 0.132501,0.596321,0.728822
0,0.08 ,0.930106, 0.0673205,0.00257345,0.0698939
0.01,0.08 ,0.928968, 0.0677568,0.00327489,0.0710317
