Betamv, Betapv,V,Rs,Rv,P
0,0 ,0.984623, 0.0133772,0.002,0.0153772
0.01,0 ,0.984521, 0.0133944,0.00208418,0.0154786
0.02,0 ,0.984417, 0.0134117,0.00217144,0.0155832
0.03,0 ,0.984309, 0.0134292,0.00226194,0.0156912
0.04,0 ,0.984197, 0.0134469,0.00235586,0.0158027
0.05,0 ,0.984082, 0.0134647,0.00245338,0.0159181
0.06,0 ,0.983963, 0.0134826,0.0025547,0.0160373
0.07,0 ,0.983839, 0.0135008,0.00266002,0.0161608
0.08,0 ,0.983711, 0.013519,0.00276959,0.0162886
0.09,0 ,0.983579, 0.0135375,0.00288364,0.0164211
0.1,0 ,0.983441, 0.0135561,0.00300244,0.0165586
0.11,0 ,0.983299, 0.0135749,0.00312626,0.0167012
0.12,0 ,0.983151, 0.0135939,0.00325543,0.0168493
0.13,0 ,0.982997, 0.013613,0.00339027,0.0170033
0.14,0 ,0.982837, 0.0136323,0.00353115,0.0171635
0.15,0 ,0.98267, 0.0136518,0.00367845,0.0173303
0.16,0 ,0.982496, 0.0136715,0.0038326,0.0175041
0.17,0 ,0.982315, 0.0136914,0.00399406,0.0176854
0.18,0 ,0.982125, 0.0137114,0.00416335,0.0178748
0.19,0 ,0.981927, 0.0137317,0.004341,0.0180727
0.2,0 ,0.98172, 0.0137521,0.00452764,0.0182798
0.21,0 ,0.981503, 0.0137728,0.00472392,0.0184967
0.22,0 ,0.981276, 0.0137936,0.00493056,0.0187242
0.23,0 ,0.981037, 0.0138147,0.00514839,0.0189631
0.24,0 ,0.980786, 0.0138359,0.00537828,0.0192142
0.25,0 ,0.980521, 0.0138574,0.00562123,0.0194786
0.26,0 ,0.980243, 0.0138791,0.00587831,0.0197574
0.27,0 ,0.979948, 0.013901,0.00615075,0.0200517
0.28,0 ,0.979637, 0.0139231,0.00643991,0.020363
0.29,0 ,0.979307, 0.0139454,0.00674731,0.0206927
0.3,0 ,0.978957, 0.013968,0.00707465,0.0210426
0.31,0 ,0.978585, 0.0139908,0.00742385,0.0214146
0.32,0 ,0.978189, 0.0140138,0.00779709,0.0218109
0.33,0 ,0.977766, 0.0140371,0.00819683,0.0222339
0.34,0 ,0.977314, 0.0140606,0.00862589,0.0226865
0.35,0 ,0.976828, 0.0140844,0.00908746,0.0231718
0.36,0 ,0.976306, 0.0141084,0.00958525,0.0236936
0.37,0 ,0.975744, 0.0141326,0.0101235,0.0242561
0.38,0 ,0.975136, 0.0141571,0.0107071,0.0248643
0.39,0 ,0.974476, 0.0141819,0.0113419,0.0255238
0.4,0 ,0.973758, 0.0142069,0.0120346,0.0262415
0.41,0 ,0.972975, 0.0142323,0.012793,0.0270253
0.42,0 ,0.972115, 0.0142578,0.0136267,0.0278845
0.43,0 ,0.97117, 0.0142837,0.0145467,0.0288304
0.44,0 ,0.970124, 0.0143098,0.0155665,0.0298764
0.45,0 ,0.968961, 0.0143363,0.0167025,0.0310388
0.46,0 ,0.967663, 0.014363,0.0179744,0.0323374
0.47,0 ,0.966203, 0.01439,0.0194065,0.0337965
0.48,0 ,0.964554, 0.0144173,0.0210289,0.0354463
0.49,0 ,0.962676, 0.014445,0.0228791,0.0373241
0.5,0 ,0.960523, 0.0144729,0.0250042,0.0394771
0.51,0 ,0.958035, 0.0145011,0.0274635,0.0419647
0.52,0 ,0.955138, 0.0145297,0.0303327,0.0448624
0.53,0 ,0.951733, 0.0145586,0.0337079,0.0482665
0.54,0 ,0.947701, 0.0145878,0.0377113,0.0522991
0.55,0 ,0.942886, 0.0146174,0.0424964,0.0571138
0.56,0 ,0.9371, 0.0146473,0.0482523,0.0628996
0.57,0 ,0.93012, 0.0146776,0.0552024,0.0698799
0.58,0 ,0.9217, 0.0147082,0.0635918,0.0783
0.59,0 ,0.911603, 0.0147391,0.0736574,0.0883966
0.6,0 ,0.899653, 0.0147705,0.0855769,0.100347
0.61,0 ,0.885788, 0.0148021,0.0994102,0.114212
0.62,0 ,0.870105, 0.0148342,0.115061,0.129895
0.63,0 ,0.852849, 0.0148667,0.132285,0.147151
0.64,0 ,0.834361, 0.0148995,0.15074,0.165639
0.65,0 ,0.815009, 0.0149327,0.170058,0.184991
0.66,0 ,0.795134, 0.0149663,0.189899,0.204866
0.67,0 ,0.775022, 0.0150004,0.209978,0.224978
0.68,0 ,0.754894, 0.0150348,0.230071,0.245106
0.69,0 ,0.734919, 0.0150696,0.250012,0.265081
0.7,0 ,0.715216, 0.0151049,0.269679,0.284784
0.71,0 ,0.695871, 0.0151406,0.288989,0.304129
0.72,0 ,0.67694, 0.0151767,0.307883,0.32306
0.73,0 ,0.658462, 0.0152133,0.326325,0.341538
0.74,0 ,0.640459, 0.0152503,0.344291,0.359541
0.75,0 ,0.622944, 0.0152877,0.361768,0.377056
0.76,0 ,0.605921, 0.0153256,0.378753,0.394079
0.77,0 ,0.589389, 0.015364,0.395246,0.410611
0.78,0 ,0.573344, 0.0154029,0.411253,0.426656
0.79,0 ,0.557777, 0.0154422,0.42678,0.442223
0.8,0 ,0.542679, 0.015482,0.441839,0.457321
0.81,0 ,0.528038, 0.0155222,0.45644,0.471962
0.82,0 ,0.513842, 0.015563,0.470595,0.486158
0.83,0 ,0.500079, 0.0156042,0.484317,0.499921
0.84,0 ,0.486735, 0.015646,0.497619,0.513265
0.85,0 ,0.473797, 0.0156882,0.510514,0.526203
0.86,0 ,0.461253, 0.015731,0.523016,0.538747
0.87,0 ,0.44909, 0.0157743,0.535136,0.55091
0.88,0 ,0.437294, 0.0158181,0.546887,0.562706
0.89,0 ,0.425854, 0.0158624,0.558283,0.574146
0.9,0 ,0.414758, 0.0159073,0.569335,0.585242
0.91,0 ,0.403993, 0.0159527,0.580054,0.596007
0.92,0 ,0.393549, 0.0159986,0.590453,0.606451
0.93,0 ,0.383414, 0.0160451,0.600541,0.616586
0.94,0 ,0.373578, 0.0160921,0.61033,0.626422
0.95,0 ,0.36403, 0.0161396,0.61983,0.63597
0.96,0 ,0.354762, 0.0161878,0.629051,0.645238
0.97,0 ,0.345762, 0.0162364,0.638002,0.654238
0.98,0 ,0.337022, 0.0162857,0.646692,0.662978
0.99,0 ,0.328534, 0.0163355,0.655131,0.671466
1,0 ,0.320288, 0.0163859,0.663326,0.679712
0,0.01 ,0.984556, 0.0133907,0.00205315,0.0154438
0.01,0.01 ,0.984455, 0.0134079,0.00213732,0.0155452
0.02,0.01 ,0.98435, 0.0134252,0.00222457,0.0156498
0.03,0.01 ,0.984242, 0.0134427,0.00231506,0.0157577
0.04,0.01 ,0.984131, 0.0134603,0.00240897,0.0158693
0.05,0.01 ,0.984015, 0.0134781,0.00250648,0.0159846
0.06,0.01 ,0.983896, 0.0134961,0.00260779,0.0161039
0.07,0.01 ,0.983773, 0.0135142,0.00271311,0.0162273
0.08,0.01 ,0.983645, 0.0135325,0.00282266,0.0163551
0.09,0.01 ,0.983512, 0.0135509,0.0029367,0.0164876
0.1,0.01 ,0.983375, 0.0135695,0.00305549,0.016625
0.11,0.01 ,0.983232, 0.0135883,0.0031793,0.0167676
0.12,0.01 ,0.983084, 0.0136073,0.00330845,0.0169157
0.13,0.01 ,0.98293, 0.0136264,0.00344328,0.0170697
0.14,0.01 ,0.98277, 0.0136457,0.00358414,0.0172299
0.15,0.01 ,0.982603, 0.0136652,0.00373142,0.0173967
0.16,0.01 ,0.98243, 0.0136849,0.00388555,0.0175705
0.17,0.01 ,0.982248, 0.0137048,0.00404699,0.0177518
0.18,0.01 ,0.982059, 0.0137248,0.00421626,0.0179411
0.19,0.01 ,0.981861, 0.0137451,0.00439389,0.018139
0.2,0.01 ,0.981654, 0.0137655,0.0045805,0.018346
0.21,0.01 ,0.981437, 0.0137862,0.00477675,0.0185629
0.22,0.01 ,0.98121, 0.013807,0.00498337,0.0187904
0.23,0.01 ,0.980971, 0.0138281,0.00520116,0.0190292
0.24,0.01 ,0.98072, 0.0138493,0.00543102,0.0192803
0.25,0.01 ,0.980455, 0.0138708,0.00567392,0.0195447
0.26,0.01 ,0.980177, 0.0138924,0.00593096,0.0198234
0.27,0.01 ,0.979882, 0.0139143,0.00620336,0.0201177
0.28,0.01 ,0.979571, 0.0139364,0.00649247,0.0204289
0.29,0.01 ,0.979241, 0.0139588,0.0067998,0.0207586
0.3,0.01 ,0.978892, 0.0139813,0.00712708,0.0211084
0.31,0.01 ,0.97852, 0.0140041,0.00747621,0.0214803
0.32,0.01 ,0.978123, 0.0140272,0.00784937,0.0218765
0.33,0.01 ,0.977701, 0.0140504,0.00824903,0.0222995
0.34,0.01 ,0.977248, 0.0140739,0.00867799,0.0227519
0.35,0.01 ,0.976763, 0.0140977,0.00913946,0.0232371
0.36,0.01 ,0.976241, 0.0141217,0.00963712,0.0237588
0.37,0.01 ,0.975679, 0.0141459,0.0101752,0.0243212
0.38,0.01 ,0.975071, 0.0141704,0.0107587,0.0249292
0.39,0.01 ,0.974411, 0.0141952,0.0113933,0.0255885
0.4,0.01 ,0.973694, 0.0142202,0.0120858,0.026306
0.41,0.01 ,0.97291, 0.0142455,0.012844,0.0270895
0.42,0.01 ,0.972052, 0.0142711,0.0136773,0.0279485
0.43,0.01 ,0.971106, 0.014297,0.014597,0.028894
0.44,0.01 ,0.97006, 0.0143231,0.0156165,0.0299396
0.45,0.01 ,0.968898, 0.0143495,0.016752,0.0311016
0.46,0.01 ,0.9676, 0.0143763,0.0180234,0.0323996
0.47,0.01 ,0.966142, 0.0144033,0.0194549,0.0338581
0.48,0.01 ,0.964493, 0.0144306,0.0210765,0.0355071
0.49,0.01 ,0.962616, 0.0144582,0.0229258,0.037384
0.5,0.01 ,0.960464, 0.0144861,0.0250496,0.0395358
0.51,0.01 ,0.957978, 0.0145144,0.0275076,0.042022
0.52,0.01 ,0.955082, 0.0145429,0.030375,0.0449179
0.53,0.01 ,0.95168, 0.0145718,0.0337479,0.0483198
0.54,0.01 ,0.94765, 0.0146011,0.0377485,0.0523495
0.55,0.01 ,0.942839, 0.0146306,0.04253,0.0571606
0.56,0.01 ,0.937058, 0.0146605,0.0482814,0.0629419
0.57,0.01 ,0.930083, 0.0146908,0.0552258,0.0699165
0.58,0.01 ,0.92167, 0.0147214,0.0636083,0.0783296
0.59,0.01 ,0.911582, 0.0147523,0.0736657,0.0884181
0.6,0.01 ,0.89964, 0.0147836,0.0855761,0.10036
0.61,0.01 ,0.885785, 0.0148153,0.0993999,0.114215
0.62,0.01 ,0.870111, 0.0148474,0.115042,0.129889
0.63,0.01 ,0.852863, 0.0148798,0.132257,0.147137
0.64,0.01 ,0.834383, 0.0149126,0.150705,0.165617
0.65,0.01 ,0.815037, 0.0149458,0.170017,0.184963
0.66,0.01 ,0.795167, 0.0149795,0.189854,0.204833
0.67,0.01 ,0.775057, 0.0150135,0.209929,0.224943
0.68,0.01 ,0.754932, 0.0150479,0.23002,0.245068
0.69,0.01 ,0.734959, 0.0150827,0.249958,0.265041
0.7,0.01 ,0.715258, 0.015118,0.269624,0.284742
0.71,0.01 ,0.695913, 0.0151537,0.288933,0.304087
0.72,0.01 ,0.676983, 0.0151898,0.307827,0.323017
0.73,0.01 ,0.658505, 0.0152263,0.326269,0.341495
0.74,0.01 ,0.640502, 0.0152633,0.344234,0.359498
0.75,0.01 ,0.622987, 0.0153008,0.361712,0.377013
0.76,0.01 ,0.605964, 0.0153387,0.378697,0.394036
0.77,0.01 ,0.589433, 0.015377,0.39519,0.410567
0.78,0.01 ,0.573387, 0.0154158,0.411197,0.426613
0.79,0.01 ,0.55782, 0.0154551,0.426725,0.44218
0.8,0.01 ,0.542721, 0.0154949,0.441784,0.457279
0.81,0.01 ,0.52808, 0.0155352,0.456385,0.47192
0.82,0.01 ,0.513883, 0.0155759,0.470541,0.486117
0.83,0.01 ,0.500119, 0.0156172,0.484263,0.499881
0.84,0.01 ,0.486775, 0.0156589,0.497566,0.513225
0.85,0.01 ,0.473837, 0.0157012,0.510462,0.526163
0.86,0.01 ,0.461293, 0.0157439,0.522963,0.538707
0.87,0.01 ,0.449129, 0.0157872,0.535084,0.550871
0.88,0.01 ,0.437333, 0.015831,0.546836,0.562667
0.89,0.01 ,0.425892, 0.0158753,0.558232,0.574108
0.9,0.01 ,0.414795, 0.0159201,0.569285,0.585205
0.91,0.01 ,0.40403, 0.0159655,0.580005,0.59597
0.92,0.01 ,0.393585, 0.0160114,0.590403,0.606415
0.93,0.01 ,0.38345, 0.0160579,0.600492,0.61655
0.94,0.01 ,0.373613, 0.0161049,0.610282,0.626387
0.95,0.01 ,0.364065, 0.0161524,0.619782,0.635935
0.96,0.01 ,0.354796, 0.0162005,0.629004,0.645204
0.97,0.01 ,0.345796, 0.0162492,0.637955,0.654204
0.98,0.01 ,0.337056, 0.0162984,0.646646,0.662944
0.99,0.01 ,0.328567, 0.0163482,0.655085,0.671433
1,0.01 ,0.320321, 0.0163986,0.663281,0.679679
0,0.02 ,0.984488, 0.0134043,0.00210804,0.0155123
0.01,0.02 ,0.984386, 0.0134214,0.0021922,0.0156136
0.02,0.02 ,0.984282, 0.0134388,0.00227944,0.0157182
0.03,0.02 ,0.984174, 0.0134562,0.00236993,0.0158262
0.04,0.02 ,0.984062, 0.0134739,0.00246383,0.0159377
0.05,0.02 ,0.983947, 0.0134917,0.00256133,0.016053
0.06,0.02 ,0.983828, 0.0135096,0.00266263,0.0161723
0.07,0.02 ,0.983704, 0.0135278,0.00276794,0.0162957
0.08,0.02 ,0.983576, 0.013546,0.00287748,0.0164235
0.09,0.02 ,0.983444, 0.0135645,0.0029915,0.016556
0.1,0.02 ,0.983307, 0.0135831,0.00311027,0.0166934
0.11,0.02 ,0.983164, 0.0136019,0.00323408,0.016836
0.12,0.02 ,0.983016, 0.0136208,0.00336321,0.0169841
0.13,0.02 ,0.982862, 0.01364,0.00349802,0.017138
0.14,0.02 ,0.982702, 0.0136593,0.00363887,0.0172981
0.15,0.02 ,0.982535, 0.0136788,0.00378613,0.0174649
0.16,0.02 ,0.982361, 0.0136985,0.00394024,0.0176387
0.17,0.02 ,0.98218, 0.0137183,0.00410166,0.01782
0.18,0.02 ,0.981991, 0.0137384,0.0042709,0.0180093
0.19,0.02 ,0.981793, 0.0137586,0.00444851,0.0182071
0.2,0.02 ,0.981586, 0.013779,0.0046351,0.0184141
0.21,0.02 ,0.981369, 0.0137997,0.00483132,0.018631
0.22,0.02 ,0.981142, 0.0138205,0.0050379,0.0188584
0.23,0.02 ,0.980903, 0.0138416,0.00525566,0.0190972
0.24,0.02 ,0.980652, 0.0138628,0.00548548,0.0193483
0.25,0.02 ,0.980387, 0.0138843,0.00572834,0.0196126
0.26,0.02 ,0.980109, 0.0139059,0.00598534,0.0198913
0.27,0.02 ,0.979814, 0.0139278,0.00625769,0.0201855
0.28,0.02 ,0.979503, 0.0139499,0.00654675,0.0204967
0.29,0.02 ,0.979174, 0.0139723,0.00685403,0.0208263
0.3,0.02 ,0.978824, 0.0139948,0.00718124,0.0211761
0.31,0.02 ,0.978452, 0.0140176,0.0075303,0.0215479
0.32,0.02 ,0.978056, 0.0140406,0.00790338,0.021944
0.33,0.02 ,0.977633, 0.0140639,0.00830295,0.0223668
0.34,0.02 ,0.977181, 0.0140874,0.0087318,0.0228192
0.35,0.02 ,0.976696, 0.0141111,0.00919316,0.0233043
0.36,0.02 ,0.976174, 0.0141351,0.0096907,0.0238258
0.37,0.02 ,0.975612, 0.0141594,0.0102287,0.024388
0.38,0.02 ,0.975004, 0.0141839,0.010812,0.0249959
0.39,0.02 ,0.974345, 0.0142086,0.0114464,0.0256551
0.4,0.02 ,0.973628, 0.0142337,0.0121386,0.0263723
0.41,0.02 ,0.972844, 0.014259,0.0128966,0.0271556
0.42,0.02 ,0.971986, 0.0142845,0.0137297,0.0280142
0.43,0.02 ,0.971041, 0.0143104,0.014649,0.0289594
0.44,0.02 ,0.969995, 0.0143365,0.0156681,0.0300047
0.45,0.02 ,0.968834, 0.0143629,0.0168032,0.0311661
0.46,0.02 ,0.967536, 0.0143897,0.018074,0.0324637
0.47,0.02 ,0.966079, 0.0144167,0.0195048,0.0339215
0.48,0.02 ,0.96443, 0.014444,0.0211257,0.0355697
0.49,0.02 ,0.962554, 0.0144716,0.022974,0.0374456
0.5,0.02 ,0.960404, 0.0144995,0.0250967,0.0395962
0.51,0.02 ,0.957919, 0.0145277,0.0275532,0.0420809
0.52,0.02 ,0.955025, 0.0145563,0.0304187,0.044975
0.53,0.02 ,0.951625, 0.0145852,0.0337894,0.0483746
0.54,0.02 ,0.947599, 0.0146144,0.037787,0.0524014
0.55,0.02 ,0.942791, 0.0146439,0.0425648,0.0572088
0.56,0.02 ,0.937015, 0.0146738,0.0483116,0.0629854
0.57,0.02 ,0.930046, 0.0147041,0.0552501,0.0699542
0.58,0.02 ,0.92164, 0.0147347,0.0636256,0.0783602
0.59,0.02 ,0.91156, 0.0147656,0.0736747,0.0884403
0.6,0.02 ,0.899627, 0.0147969,0.0855757,0.100373
0.61,0.02 ,0.885782, 0.0148286,0.0993897,0.114218
0.62,0.02 ,0.870117, 0.0148606,0.115022,0.129883
0.63,0.02 ,0.852879, 0.0148931,0.132228,0.147121
0.64,0.02 ,0.834405, 0.0149259,0.150669,0.165595
0.65,0.02 ,0.815065, 0.0149591,0.169976,0.184935
0.66,0.02 ,0.7952, 0.0149927,0.189808,0.2048
0.67,0.02 ,0.775094, 0.0150267,0.209879,0.224906
0.68,0.02 ,0.754972, 0.0150611,0.229967,0.245028
0.69,0.02 ,0.735, 0.0150959,0.249904,0.265
0.7,0.02 ,0.7153, 0.0151312,0.269569,0.2847
0.71,0.02 ,0.695957, 0.0151669,0.288877,0.304043
0.72,0.02 ,0.677027, 0.015203,0.30777,0.322973
0.73,0.02 ,0.65855, 0.0152395,0.326211,0.34145
0.74,0.02 ,0.640547, 0.0152765,0.344176,0.359453
0.75,0.02 ,0.623032, 0.0153139,0.361654,0.376968
0.76,0.02 ,0.606009, 0.0153518,0.378639,0.393991
0.77,0.02 ,0.589477, 0.0153901,0.395133,0.410523
0.78,0.02 ,0.573431, 0.015429,0.41114,0.426569
0.79,0.02 ,0.557864, 0.0154682,0.426668,0.442136
0.8,0.02 ,0.542764, 0.015508,0.441728,0.457236
0.81,0.02 ,0.528122, 0.0155483,0.456329,0.471878
0.82,0.02 ,0.513926, 0.015589,0.470485,0.486074
0.83,0.02 ,0.500161, 0.0156302,0.484208,0.499839
0.84,0.02 ,0.486817, 0.0156719,0.497512,0.513183
0.85,0.02 ,0.473878, 0.0157142,0.510408,0.526122
0.86,0.02 ,0.461333, 0.0157569,0.52291,0.538667
0.87,0.02 ,0.449169, 0.0158002,0.535031,0.550831
0.88,0.02 ,0.437372, 0.0158439,0.546784,0.562628
0.89,0.02 ,0.425931, 0.0158882,0.558181,0.574069
0.9,0.02 ,0.414833, 0.0159331,0.569233,0.585167
0.91,0.02 ,0.404068, 0.0159784,0.579954,0.595932
0.92,0.02 ,0.393622, 0.0160243,0.590353,0.606378
0.93,0.02 ,0.383486, 0.0160708,0.600443,0.616514
0.94,0.02 ,0.373649, 0.0161178,0.610233,0.626351
0.95,0.02 ,0.364101, 0.0161653,0.619734,0.635899
0.96,0.02 ,0.354831, 0.0162134,0.628956,0.645169
0.97,0.02 ,0.34583, 0.016262,0.637908,0.65417
0.98,0.02 ,0.33709, 0.0163112,0.646599,0.66291
0.99,0.02 ,0.3286, 0.016361,0.655039,0.6714
1,0.02 ,0.320354, 0.0164114,0.663235,0.679646
0,0.03 ,0.984417, 0.013418,0.00216476,0.0155827
0.01,0.03 ,0.984316, 0.0134351,0.00224891,0.0156841
0.02,0.03 ,0.984211, 0.0134525,0.00233614,0.0157886
0.03,0.03 ,0.984103, 0.01347,0.00242662,0.0158966
0.04,0.03 ,0.983992, 0.0134876,0.00252051,0.0160081
0.05,0.03 ,0.983877, 0.0135054,0.002618,0.0161234
0.06,0.03 ,0.983757, 0.0135233,0.00271929,0.0162426
0.07,0.03 ,0.983634, 0.0135414,0.00282459,0.016366
0.08,0.03 ,0.983506, 0.0135597,0.00293412,0.0164938
0.09,0.03 ,0.983374, 0.0135782,0.00304813,0.0166263
0.1,0.03 ,0.983236, 0.0135968,0.00316689,0.0167637
0.11,0.03 ,0.983094, 0.0136156,0.00329067,0.0169062
0.12,0.03 ,0.982946, 0.0136345,0.0034198,0.0170543
0.13,0.03 ,0.982792, 0.0136536,0.00355459,0.0172082
0.14,0.03 ,0.982632, 0.013673,0.00369541,0.0173684
0.15,0.03 ,0.982465, 0.0136924,0.00384266,0.0175351
0.16,0.03 ,0.982291, 0.0137121,0.00399675,0.0177089
0.17,0.03 ,0.98211, 0.013732,0.00415815,0.0178901
0.18,0.03 ,0.981921, 0.013752,0.00432737,0.0180794
0.19,0.03 ,0.981723, 0.0137723,0.00450495,0.0182772
0.2,0.03 ,0.981516, 0.0137927,0.00469151,0.0184842
0.21,0.03 ,0.981299, 0.0138133,0.0048877,0.018701
0.22,0.03 ,0.981072, 0.0138342,0.00509426,0.0189284
0.23,0.03 ,0.980833, 0.0138552,0.00531198,0.0191672
0.24,0.03 ,0.980582, 0.0138764,0.00554176,0.0194182
0.25,0.03 ,0.980318, 0.0138979,0.00578458,0.0196825
0.26,0.03 ,0.980039, 0.0139196,0.00604154,0.0199611
0.27,0.03 ,0.979745, 0.0139414,0.00631383,0.0202553
0.28,0.03 ,0.979434, 0.0139635,0.00660283,0.0205664
0.29,0.03 ,0.979104, 0.0139859,0.00691005,0.0208959
0.3,0.03 ,0.978754, 0.0140084,0.0072372,0.0212456
0.31,0.03 ,0.978383, 0.0140312,0.00758619,0.0216174
0.32,0.03 ,0.977987, 0.0140542,0.00795919,0.0220134
0.33,0.03 ,0.977564, 0.0140775,0.00835866,0.0224361
0.34,0.03 ,0.977112, 0.014101,0.00878742,0.0228884
0.35,0.03 ,0.976627, 0.0141247,0.00924866,0.0233734
0.36,0.03 ,0.976105, 0.0141487,0.00974607,0.0238948
0.37,0.03 ,0.975543, 0.0141729,0.0102839,0.0244568
0.38,0.03 ,0.974936, 0.0141974,0.010867,0.0250645
0.39,0.03 ,0.974277, 0.0142222,0.0115013,0.0257235
0.4,0.03 ,0.973559, 0.0142472,0.0121933,0.0264405
0.41,0.03 ,0.972776, 0.0142725,0.012951,0.0272235
0.42,0.03 ,0.971918, 0.0142981,0.0137838,0.0280819
0.43,0.03 ,0.970973, 0.0143239,0.0147028,0.0290267
0.44,0.03 ,0.969928, 0.0143501,0.0157215,0.0300716
0.45,0.03 ,0.968767, 0.0143765,0.0168561,0.0312326
0.46,0.03 ,0.96747, 0.0144032,0.0181264,0.0325295
0.47,0.03 ,0.966013, 0.0144302,0.0195565,0.0339867
0.48,0.03 ,0.964366, 0.0144575,0.0211766,0.035634
0.49,0.03 ,0.962491, 0.0144851,0.0230239,0.037509
0.5,0.03 ,0.960342, 0.014513,0.0251454,0.0396584
0.51,0.03 ,0.957858, 0.0145412,0.0276003,0.0421416
0.52,0.03 ,0.954966, 0.0145698,0.030464,0.0450338
0.53,0.03 ,0.951569, 0.0145987,0.0338324,0.048431
0.54,0.03 ,0.947545, 0.0146279,0.037827,0.0524548
0.55,0.03 ,0.942742, 0.0146574,0.042601,0.0572584
0.56,0.03 ,0.93697, 0.0146873,0.048343,0.0630303
0.57,0.03 ,0.930007, 0.0147175,0.0552756,0.0699931
0.58,0.03 ,0.921608, 0.0147481,0.0636437,0.0783918
0.59,0.03 ,0.911537, 0.014779,0.0736842,0.0884632
0.6,0.03 ,0.899614, 0.0148103,0.0855756,0.100386
0.61,0.03 ,0.885778, 0.014842,0.0993796,0.114222
0.62,0.03 ,0.870124, 0.014874,0.115002,0.129876
0.63,0.03 ,0.852894, 0.0149065,0.1322,0.147106
0.64,0.03 ,0.834428, 0.0149393,0.150633,0.165572
0.65,0.03 ,0.815094, 0.0149725,0.169933,0.184906
0.66,0.03 ,0.795234, 0.0150061,0.18976,0.204766
0.67,0.03 ,0.775132, 0.0150401,0.209828,0.224868
0.68,0.03 ,0.755012, 0.0150745,0.229913,0.244988
0.69,0.03 ,0.735042, 0.0151093,0.249848,0.264958
0.7,0.03 ,0.715344, 0.0151445,0.269512,0.284656
0.71,0.03 ,0.696001, 0.0151802,0.288819,0.303999
0.72,0.03 ,0.677072, 0.0152163,0.307711,0.322928
0.73,0.03 ,0.658595, 0.0152528,0.326152,0.341405
0.74,0.03 ,0.640593, 0.0152898,0.344117,0.359407
0.75,0.03 ,0.623078, 0.0153272,0.361595,0.376922
0.76,0.03 ,0.606055, 0.0153651,0.37858,0.393945
0.77,0.03 ,0.589522, 0.0154034,0.395074,0.410478
0.78,0.03 ,0.573476, 0.0154422,0.411082,0.426524
0.79,0.03 ,0.557908, 0.0154815,0.42661,0.442092
0.8,0.03 ,0.542809, 0.0155212,0.44167,0.457191
0.81,0.03 ,0.528166, 0.0155615,0.456272,0.471834
0.82,0.03 ,0.513969, 0.0156022,0.470429,0.486031
0.83,0.03 ,0.500204, 0.0156434,0.484152,0.499796
0.84,0.03 ,0.486859, 0.0156851,0.497456,0.513141
0.85,0.03 ,0.47392, 0.0157273,0.510353,0.52608
0.86,0.03 ,0.461375, 0.0157701,0.522855,0.538625
0.87,0.03 ,0.44921, 0.0158133,0.534977,0.55079
0.88,0.03 ,0.437412, 0.0158571,0.54673,0.562588
0.89,0.03 ,0.425971, 0.0159013,0.558128,0.574029
0.9,0.03 ,0.414873, 0.0159462,0.569181,0.585127
0.91,0.03 ,0.404106, 0.0159915,0.579902,0.595894
0.92,0.03 ,0.393661, 0.0160374,0.590302,0.606339
0.93,0.03 ,0.383524, 0.0160838,0.600392,0.616476
0.94,0.03 ,0.373686, 0.0161308,0.610183,0.626314
0.95,0.03 ,0.364137, 0.0161783,0.619684,0.635863
0.96,0.03 ,0.354867, 0.0162264,0.628907,0.645133
0.97,0.03 ,0.345866, 0.016275,0.637859,0.654134
0.98,0.03 ,0.337125, 0.0163242,0.646551,0.662875
0.99,0.03 ,0.328635, 0.016374,0.654991,0.671365
1,0.03 ,0.320388, 0.0164243,0.663188,0.679612
0,0.04 ,0.984345, 0.0134318,0.00222339,0.0156552
0.01,0.04 ,0.984243, 0.013449,0.00230753,0.0157565
0.02,0.04 ,0.984139, 0.0134663,0.00239476,0.0158611
0.03,0.04 ,0.984031, 0.0134838,0.00248523,0.015969
0.04,0.04 ,0.983919, 0.0135014,0.00257911,0.0160805
0.05,0.04 ,0.983804, 0.0135192,0.00267659,0.0161958
0.06,0.04 ,0.983685, 0.0135372,0.00277787,0.016315
0.07,0.04 ,0.983562, 0.0135553,0.00288315,0.0164384
0.08,0.04 ,0.983434, 0.0135736,0.00299267,0.0165662
0.09,0.04 ,0.983301, 0.013592,0.00310667,0.0166987
0.1,0.04 ,0.983164, 0.0136106,0.00322541,0.016836
0.11,0.04 ,0.983021, 0.0136294,0.00334918,0.0169786
0.12,0.04 ,0.982873, 0.0136483,0.00347829,0.0171266
0.13,0.04 ,0.982719, 0.0136675,0.00361307,0.0172805
0.14,0.04 ,0.982559, 0.0136868,0.00375387,0.0174406
0.15,0.04 ,0.982393, 0.0137062,0.0039011,0.0176073
0.16,0.04 ,0.982219, 0.0137259,0.00405517,0.0177811
0.17,0.04 ,0.982038, 0.0137458,0.00421655,0.0179623
0.18,0.04 ,0.981848, 0.0137658,0.00438574,0.0181516
0.19,0.04 ,0.981651, 0.013786,0.0045633,0.0183493
0.2,0.04 ,0.981444, 0.0138065,0.00474983,0.0185563
0.21,0.04 ,0.981227, 0.0138271,0.00494599,0.0187731
0.22,0.04 ,0.981, 0.0138479,0.00515251,0.0190004
0.23,0.04 ,0.980761, 0.013869,0.0053702,0.0192392
0.24,0.04 ,0.98051, 0.0138902,0.00559994,0.0194902
0.25,0.04 ,0.980246, 0.0139117,0.00584272,0.0197544
0.26,0.04 ,0.979967, 0.0139333,0.00609963,0.0200329
0.27,0.04 ,0.979673, 0.0139552,0.00637188,0.0203271
0.28,0.04 ,0.979362, 0.0139773,0.00666082,0.0206381
0.29,0.04 ,0.979032, 0.0139996,0.00696798,0.0209676
0.3,0.04 ,0.978683, 0.0140222,0.00729506,0.0213172
0.31,0.04 ,0.978311, 0.0140449,0.00764397,0.0216889
0.32,0.04 ,0.977915, 0.014068,0.00801688,0.0220848
0.33,0.04 ,0.977493, 0.0140912,0.00841627,0.0225075
0.34,0.04 ,0.97704, 0.0141147,0.00884492,0.0229596
0.35,0.04 ,0.976556, 0.0141384,0.00930604,0.0234445
0.36,0.04 ,0.976034, 0.0141624,0.00980332,0.0239657
0.37,0.04 ,0.975472, 0.0141867,0.010341,0.0245276
0.38,0.04 ,0.974865, 0.0142111,0.010924,0.0251351
0.39,0.04 ,0.974206, 0.0142359,0.011558,0.0257939
0.4,0.04 ,0.973489, 0.0142609,0.0122498,0.0265107
0.41,0.04 ,0.972707, 0.0142862,0.0130073,0.0272935
0.42,0.04 ,0.971848, 0.0143118,0.0138397,0.0281515
0.43,0.04 ,0.970904, 0.0143376,0.0147584,0.029096
0.44,0.04 ,0.96986, 0.0143637,0.0157767,0.0301404
0.45,0.04 ,0.968699, 0.0143901,0.0169108,0.031301
0.46,0.04 ,0.967403, 0.0144168,0.0181805,0.0325973
0.47,0.04 ,0.965946, 0.0144438,0.01961,0.0340538
0.48,0.04 ,0.9643, 0.0144711,0.0212292,0.0357003
0.49,0.04 ,0.962426, 0.0144987,0.0230755,0.0375742
0.5,0.04 ,0.960278, 0.0145266,0.0251958,0.0397224
0.51,0.04 ,0.957796, 0.0145548,0.0276492,0.042204
0.52,0.04 ,0.954906, 0.0145834,0.030511,0.0450944
0.53,0.04 ,0.951511, 0.0146123,0.0338769,0.0484891
0.54,0.04 ,0.94749, 0.0146415,0.0378684,0.0525099
0.55,0.04 ,0.94269, 0.014671,0.0426386,0.0573096
0.56,0.04 ,0.936923, 0.0147009,0.0483757,0.0630765
0.57,0.04 ,0.929967, 0.0147311,0.0553021,0.0700332
0.58,0.04 ,0.921576, 0.0147617,0.0636628,0.0784244
0.59,0.04 ,0.911513, 0.0147926,0.0736944,0.088487
0.6,0.04 ,0.8996, 0.0148239,0.085576,0.1004
0.61,0.04 ,0.885775, 0.0148555,0.0993696,0.114225
0.62,0.04 ,0.870131, 0.0148876,0.114982,0.129869
0.63,0.04 ,0.85291, 0.01492,0.13217,0.14709
0.64,0.04 ,0.834452, 0.0149528,0.150596,0.165548
0.65,0.04 ,0.815124, 0.014986,0.16989,0.184876
0.66,0.04 ,0.795268, 0.0150196,0.189712,0.204732
0.67,0.04 ,0.77517, 0.0150535,0.209776,0.22483
0.68,0.04 ,0.755053, 0.0150879,0.229859,0.244947
0.69,0.04 ,0.735086, 0.0151227,0.249791,0.264914
0.7,0.04 ,0.715389, 0.015158,0.269453,0.284611
0.71,0.04 ,0.696047, 0.0151936,0.288759,0.303953
0.72,0.04 ,0.677119, 0.0152297,0.307651,0.322881
0.73,0.04 ,0.658642, 0.0152662,0.326092,0.341358
0.74,0.04 ,0.64064, 0.0153032,0.344057,0.35936
0.75,0.04 ,0.623125, 0.0153406,0.361534,0.376875
0.76,0.04 ,0.606102, 0.0153785,0.37852,0.393898
0.77,0.04 ,0.589569, 0.0154168,0.395014,0.410431
0.78,0.04 ,0.573523, 0.0154556,0.411022,0.426477
0.79,0.04 ,0.557954, 0.0154948,0.426551,0.442046
0.8,0.04 ,0.542854, 0.0155346,0.441611,0.457146
0.81,0.04 ,0.528212, 0.0155748,0.456214,0.471788
0.82,0.04 ,0.514014, 0.0156155,0.470371,0.485986
0.83,0.04 ,0.500249, 0.0156567,0.484095,0.499751
0.84,0.04 ,0.486903, 0.0156984,0.497399,0.513097
0.85,0.04 ,0.473963, 0.0157406,0.510296,0.526037
0.86,0.04 ,0.461417, 0.0157833,0.522799,0.538583
0.87,0.04 ,0.449252, 0.0158265,0.534922,0.550748
0.88,0.04 ,0.437454, 0.0158703,0.546676,0.562546
0.89,0.04 ,0.426012, 0.0159146,0.558074,0.573988
0.9,0.04 ,0.414913, 0.0159594,0.569127,0.585087
0.91,0.04 ,0.404146, 0.0160047,0.579849,0.595854
0.92,0.04 ,0.3937, 0.0160506,0.59025,0.6063
0.93,0.04 ,0.383563, 0.016097,0.60034,0.616437
0.94,0.04 ,0.373725, 0.0161439,0.610131,0.626275
0.95,0.04 ,0.364175, 0.0161914,0.619633,0.635825
0.96,0.04 ,0.354904, 0.0162395,0.628856,0.645096
0.97,0.04 ,0.345903, 0.0162881,0.637809,0.654097
0.98,0.04 ,0.337161, 0.0163373,0.646502,0.662839
0.99,0.04 ,0.32867, 0.016387,0.654942,0.67133
1,0.04 ,0.320423, 0.0164373,0.66314,0.679577
0,0.05 ,0.98427, 0.0134458,0.00228403,0.0157298
0.01,0.05 ,0.984169, 0.013463,0.00236817,0.0158311
0.02,0.05 ,0.984064, 0.0134803,0.00245538,0.0159357
0.03,0.05 ,0.983956, 0.0134978,0.00254584,0.0160436
0.04,0.05 ,0.983845, 0.0135154,0.00263971,0.0161551
0.05,0.05 ,0.98373, 0.0135332,0.00273718,0.0162704
0.06,0.05 ,0.98361, 0.0135511,0.00283845,0.0163896
0.07,0.05 ,0.983487, 0.0135692,0.00294372,0.016513
0.08,0.05 ,0.983359, 0.0135875,0.00305323,0.0166407
0.09,0.05 ,0.983227, 0.0136059,0.00316721,0.0167732
0.1,0.05 ,0.98309, 0.0136246,0.00328594,0.0169105
0.11,0.05 ,0.982947, 0.0136433,0.0034097,0.017053
0.12,0.05 ,0.982799, 0.0136623,0.00353879,0.0172011
0.13,0.05 ,0.982645, 0.0136814,0.00367355,0.0173549
0.14,0.05 ,0.982485, 0.0137007,0.00381433,0.017515
0.15,0.05 ,0.982318, 0.0137202,0.00396154,0.0176817
0.16,0.05 ,0.982145, 0.0137398,0.00411559,0.0178554
0.17,0.05 ,0.981963, 0.0137597,0.00427695,0.0180366
0.18,0.05 ,0.981774, 0.0137797,0.00444611,0.0182259
0.19,0.05 ,0.981576, 0.0138,0.00462365,0.0184236
0.2,0.05 ,0.981369, 0.0138204,0.00481014,0.0186305
0.21,0.05 ,0.981153, 0.013841,0.00500627,0.0188473
0.22,0.05 ,0.980925, 0.0138618,0.00521276,0.0190746
0.23,0.05 ,0.980687, 0.0138829,0.00543042,0.0193133
0.24,0.05 ,0.980436, 0.0139041,0.00566012,0.0195642
0.25,0.05 ,0.980172, 0.0139256,0.00590286,0.0198284
0.26,0.05 ,0.979893, 0.0139472,0.00615971,0.0201069
0.27,0.05 ,0.979599, 0.0139691,0.00643191,0.020401
0.28,0.05 ,0.979288, 0.0139912,0.0067208,0.020712
0.29,0.05 ,0.978959, 0.0140135,0.00702789,0.0210414
0.3,0.05 ,0.978609, 0.014036,0.0073549,0.0213909
0.31,0.05 ,0.978237, 0.0140588,0.00770373,0.0217625
0.32,0.05 ,0.977842, 0.0140818,0.00807657,0.0221584
0.33,0.05 ,0.977419, 0.0141051,0.00847585,0.0225809
0.34,0.05 ,0.976967, 0.0141285,0.0089044,0.0230329
0.35,0.05 ,0.976482, 0.0141523,0.0093654,0.0235177
0.36,0.05 ,0.975961, 0.0141763,0.00986254,0.0240388
0.37,0.05 ,0.975399, 0.0142005,0.0104001,0.0246005
0.38,0.05 ,0.974792, 0.014225,0.0109829,0.0252079
0.39,0.05 ,0.974134, 0.0142497,0.0116167,0.0258664
0.4,0.05 ,0.973417, 0.0142747,0.0123083,0.026583
0.41,0.05 ,0.972635, 0.0143,0.0130655,0.0273655
0.42,0.05 ,0.971777, 0.0143256,0.0138976,0.0282232
0.43,0.05 ,0.970833, 0.0143514,0.014816,0.0291674
0.44,0.05 ,0.969789, 0.0143775,0.0158338,0.0302114
0.45,0.05 ,0.968629, 0.0144039,0.0169675,0.0313714
0.46,0.05 ,0.967333, 0.0144306,0.0182366,0.0326672
0.47,0.05 ,0.965877, 0.0144576,0.0196653,0.0341229
0.48,0.05 ,0.964231, 0.0144849,0.0212837,0.0357686
0.49,0.05 ,0.962359, 0.0145125,0.023129,0.0376414
0.5,0.05 ,0.960212, 0.0145404,0.0252479,0.0397883
0.51,0.05 ,0.957732, 0.0145686,0.0276998,0.0422684
0.52,0.05 ,0.954843, 0.0145971,0.0305596,0.0451568
0.53,0.05 ,0.951451, 0.014626,0.033923,0.048549
0.54,0.05 ,0.947433, 0.0146552,0.0379115,0.0525666
0.55,0.05 ,0.942638, 0.0146847,0.0426776,0.0573624
0.56,0.05 ,0.936876, 0.0147146,0.0484097,0.0631242
0.57,0.05 ,0.929925, 0.0147448,0.0553298,0.0700746
0.58,0.05 ,0.921542, 0.0147754,0.0636828,0.0784581
0.59,0.05 ,0.911488, 0.0148063,0.0737054,0.0885116
0.6,0.05 ,0.899586, 0.0148376,0.0855767,0.100414
0.61,0.05 ,0.885771, 0.0148692,0.0993598,0.114229
0.62,0.05 ,0.870137, 0.0149012,0.114962,0.129863
0.63,0.05 ,0.852926, 0.0149336,0.132141,0.147074
0.64,0.05 ,0.834476, 0.0149664,0.150558,0.165524
0.65,0.05 ,0.815155, 0.0149996,0.169846,0.184845
0.66,0.05 ,0.795304, 0.0150332,0.189663,0.204696
0.67,0.05 ,0.77521, 0.0150672,0.209723,0.22479
0.68,0.05 ,0.755096, 0.0151015,0.229803,0.244904
0.69,0.05 ,0.735131, 0.0151363,0.249733,0.264869
0.7,0.05 ,0.715435, 0.0151715,0.269394,0.284565
0.71,0.05 ,0.696094, 0.0152072,0.288698,0.303906
0.72,0.05 ,0.677167, 0.0152433,0.30759,0.322833
0.73,0.05 ,0.65869, 0.0152798,0.32603,0.34131
0.74,0.05 ,0.640688, 0.0153167,0.343995,0.359312
0.75,0.05 ,0.623173, 0.0153541,0.361473,0.376827
0.76,0.05 ,0.60615, 0.015392,0.378458,0.39385
0.77,0.05 ,0.589617, 0.0154303,0.394952,0.410383
0.78,0.05 ,0.57357, 0.0154691,0.41096,0.42643
0.79,0.05 ,0.558002, 0.0155083,0.42649,0.441998
0.8,0.05 ,0.542901, 0.015548,0.441551,0.457099
0.81,0.05 ,0.528258, 0.0155882,0.456154,0.471742
0.82,0.05 ,0.51406, 0.0156289,0.470311,0.48594
0.83,0.05 ,0.500294, 0.0156701,0.484036,0.499706
0.84,0.05 ,0.486948, 0.0157118,0.497341,0.513052
0.85,0.05 ,0.474008, 0.015754,0.510238,0.525992
0.86,0.05 ,0.461461, 0.0157967,0.522742,0.538539
0.87,0.05 ,0.449295, 0.0158399,0.534865,0.550705
0.88,0.05 ,0.437497, 0.0158837,0.54662,0.562503
0.89,0.05 ,0.426054, 0.0159279,0.558018,0.573946
0.9,0.05 ,0.414955, 0.0159727,0.569073,0.585045
0.91,0.05 ,0.404187, 0.016018,0.579795,0.595813
0.92,0.05 ,0.39374, 0.0160639,0.590196,0.60626
0.93,0.05 ,0.383603, 0.0161103,0.600287,0.616397
0.94,0.05 ,0.373764, 0.0161572,0.610079,0.626236
0.95,0.05 ,0.364214, 0.0162047,0.619582,0.635786
0.96,0.05 ,0.354942, 0.0162527,0.628805,0.645058
0.97,0.05 ,0.34594, 0.0163013,0.637759,0.65406
0.98,0.05 ,0.337198, 0.0163505,0.646452,0.662802
0.99,0.05 ,0.328707, 0.0164002,0.654893,0.671293
1,0.05 ,0.320459, 0.0164505,0.663091,0.679541
0,0.06 ,0.984193, 0.0134599,0.00234679,0.0158067
0.01,0.06 ,0.984092, 0.0134771,0.00243091,0.015908
0.02,0.06 ,0.983987, 0.0134944,0.00251812,0.0160125
0.03,0.06 ,0.98388, 0.0135119,0.00260857,0.0161205
0.04,0.06 ,0.983768, 0.0135295,0.00270243,0.0162319
0.05,0.06 ,0.983653, 0.0135473,0.00279989,0.0163472
0.06,0.06 ,0.983534, 0.0135652,0.00290114,0.0164664
0.07,0.06 ,0.98341, 0.0135833,0.0030064,0.0165897
0.08,0.06 ,0.983282, 0.0136016,0.00311589,0.0167175
0.09,0.06 ,0.98315, 0.01362,0.00322986,0.0168499
0.1,0.06 ,0.983013, 0.0136386,0.00334858,0.0169872
0.11,0.06 ,0.98287, 0.0136574,0.00347232,0.0171297
0.12,0.06 ,0.982722, 0.0136764,0.00360139,0.0172778
0.13,0.06 ,0.982568, 0.0136955,0.00373613,0.0174316
0.14,0.06 ,0.982408, 0.0137148,0.0038769,0.0175917
0.15,0.06 ,0.982242, 0.0137343,0.00402409,0.0177583
0.16,0.06 ,0.982068, 0.0137539,0.00417811,0.017932
0.17,0.06 ,0.981887, 0.0137738,0.00433945,0.0181132
0.18,0.06 ,0.981698, 0.0137938,0.00450859,0.0183024
0.19,0.06 ,0.9815, 0.013814,0.00468609,0.0185001
0.2,0.06 ,0.981293, 0.0138345,0.00487256,0.018707
0.21,0.06 ,0.981076, 0.0138551,0.00506866,0.0189237
0.22,0.06 ,0.980849, 0.0138759,0.00527511,0.019151
0.23,0.06 ,0.98061, 0.0138969,0.00549273,0.0193896
0.24,0.06 ,0.980359, 0.0139181,0.00572239,0.0196405
0.25,0.06 ,0.980095, 0.0139396,0.00596508,0.0199047
0.26,0.06 ,0.979817, 0.0139612,0.00622189,0.0201831
0.27,0.06 ,0.979523, 0.0139831,0.00649404,0.0204771
0.28,0.06 ,0.979212, 0.0140052,0.00678286,0.0207881
0.29,0.06 ,0.978883, 0.0140275,0.0070899,0.0211174
0.3,0.06 ,0.978533, 0.0140501,0.00741683,0.0214669
0.31,0.06 ,0.978162, 0.0140728,0.00776559,0.0218384
0.32,0.06 ,0.977766, 0.0140958,0.00813833,0.0222342
0.33,0.06 ,0.977343, 0.0141191,0.00853752,0.0226566
0.34,0.06 ,0.976892, 0.0141425,0.00896595,0.0231085
0.35,0.06 ,0.976407, 0.0141663,0.00942683,0.0235931
0.36,0.06 ,0.975886, 0.0141902,0.00992383,0.0241141
0.37,0.06 ,0.975324, 0.0142145,0.0104612,0.0246757
0.38,0.06 ,0.974717, 0.0142389,0.0110438,0.0252828
0.39,0.06 ,0.974059, 0.0142637,0.0116775,0.0259412
0.4,0.06 ,0.973343, 0.0142887,0.0123688,0.0266575
0.41,0.06 ,0.97256, 0.014314,0.0131257,0.0274397
0.42,0.06 ,0.971703, 0.0143395,0.0139576,0.0282971
0.43,0.06 ,0.970759, 0.0143653,0.0148755,0.0292409
0.44,0.06 ,0.969716, 0.0143915,0.015893,0.0302844
0.45,0.06 ,0.968556, 0.0144178,0.0170261,0.031444
0.46,0.06 ,0.967261, 0.0144445,0.0182946,0.0327391
0.47,0.06 ,0.965806, 0.0144715,0.0197226,0.0341941
0.48,0.06 ,0.964161, 0.0144988,0.0213401,0.0358389
0.49,0.06 ,0.962289, 0.0145264,0.0231843,0.0377107
0.5,0.06 ,0.960144, 0.0145543,0.025302,0.0398563
0.51,0.06 ,0.957665, 0.0145825,0.0277523,0.0423347
0.52,0.06 ,0.954779, 0.014611,0.0306101,0.0452211
0.53,0.06 ,0.951389, 0.0146399,0.0339709,0.0486108
0.54,0.06 ,0.947375, 0.014669,0.0379561,0.0526252
0.55,0.06 ,0.942583, 0.0146986,0.0427182,0.0574168
0.56,0.06 ,0.936826, 0.0147284,0.0484451,0.0631735
0.57,0.06 ,0.929883, 0.0147586,0.0553588,0.0701174
0.58,0.06 ,0.921507, 0.0147892,0.0637038,0.078493
0.59,0.06 ,0.911463, 0.0148201,0.0737171,0.0885372
0.6,0.06 ,0.899571, 0.0148514,0.085578,0.100429
0.61,0.06 ,0.885767, 0.014883,0.0993501,0.114233
0.62,0.06 ,0.870144, 0.014915,0.114941,0.129856
0.63,0.06 ,0.852942, 0.0149474,0.132111,0.147058
0.64,0.06 ,0.8345, 0.0149802,0.15052,0.1655
0.65,0.06 ,0.815186, 0.0150134,0.169801,0.184814
0.66,0.06 ,0.795341, 0.0150469,0.189612,0.204659
0.67,0.06 ,0.77525, 0.0150809,0.209669,0.22475
0.68,0.06 ,0.75514, 0.0151153,0.229745,0.24486
0.69,0.06 ,0.735176, 0.0151501,0.249674,0.264824
0.7,0.06 ,0.715482, 0.0151853,0.269332,0.284518
0.71,0.06 ,0.696143, 0.0152209,0.288636,0.303857
0.72,0.06 ,0.677216, 0.015257,0.307527,0.322784
0.73,0.06 ,0.65874, 0.0152935,0.325966,0.34126
0.74,0.06 ,0.640738, 0.0153304,0.343931,0.359262
0.75,0.06 ,0.623223, 0.0153678,0.361409,0.376777
0.76,0.06 ,0.6062, 0.0154056,0.378395,0.3938
0.77,0.06 ,0.589667, 0.0154439,0.394889,0.410333
0.78,0.06 ,0.57362, 0.0154827,0.410898,0.42638
0.79,0.06 ,0.558051, 0.0155219,0.426428,0.441949
0.8,0.06 ,0.54295, 0.0155616,0.441489,0.45705
0.81,0.06 ,0.528306, 0.0156018,0.456092,0.471694
0.82,0.06 ,0.514107, 0.0156425,0.47025,0.485893
0.83,0.06 ,0.500341, 0.0156837,0.483975,0.499659
0.84,0.06 ,0.486994, 0.0157254,0.497281,0.513006
0.85,0.06 ,0.474053, 0.0157675,0.510179,0.525947
0.86,0.06 ,0.461506, 0.0158102,0.522684,0.538494
0.87,0.06 ,0.449339, 0.0158534,0.534807,0.550661
0.88,0.06 ,0.437541, 0.0158971,0.546562,0.562459
0.89,0.06 ,0.426097, 0.0159414,0.557961,0.573903
0.9,0.06 ,0.414997, 0.0159862,0.569016,0.585003
0.91,0.06 ,0.404229, 0.0160315,0.579739,0.595771
0.92,0.06 ,0.393782, 0.0160773,0.590141,0.606218
0.93,0.06 ,0.383644, 0.0161237,0.600233,0.616356
0.94,0.06 ,0.373804, 0.0161706,0.610025,0.626196
0.95,0.06 ,0.364254, 0.0162181,0.619528,0.635746
0.96,0.06 ,0.354982, 0.0162661,0.628752,0.645018
0.97,0.06 ,0.345979, 0.0163147,0.637707,0.654021
0.98,0.06 ,0.337236, 0.0163638,0.6464,0.662764
0.99,0.06 ,0.328745, 0.0164135,0.654842,0.671255
1,0.06 ,0.320496, 0.0164638,0.66304,0.679504
0,0.07 ,0.984114, 0.0134742,0.00241176,0.015886
0.01,0.07 ,0.984013, 0.0134914,0.00249587,0.0159872
0.02,0.07 ,0.983908, 0.0135087,0.00258307,0.0160917
0.03,0.07 ,0.9838, 0.0135261,0.00267351,0.0161997
0.04,0.07 ,0.983689, 0.0135438,0.00276736,0.0163111
0.05,0.07 ,0.983574, 0.0135616,0.00286481,0.0164264
0.06,0.07 ,0.983454, 0.0135795,0.00296605,0.0165455
0.07,0.07 ,0.983331, 0.0135976,0.00307129,0.0166689
0.08,0.07 ,0.983203, 0.0136159,0.00318077,0.0167966
0.09,0.07 ,0.983071, 0.0136343,0.00329473,0.016929
0.1,0.07 ,0.982934, 0.0136529,0.00341343,0.0170663
0.11,0.07 ,0.982791, 0.0136716,0.00353715,0.0172088
0.12,0.07 ,0.982643, 0.0136906,0.00366621,0.0173568
0.13,0.07 ,0.982489, 0.0137097,0.00380093,0.0175106
0.14,0.07 ,0.982329, 0.013729,0.00394168,0.0176707
0.15,0.07 ,0.982163, 0.0137485,0.00408884,0.0178373
0.16,0.07 ,0.981989, 0.0137681,0.00424285,0.018011
0.17,0.07 ,0.981808, 0.013788,0.00440416,0.0181921
0.18,0.07 ,0.981619, 0.013808,0.00457327,0.0183813
0.19,0.07 ,0.981421, 0.0138282,0.00475075,0.018579
0.2,0.07 ,0.981214, 0.0138486,0.00493719,0.0187858
0.21,0.07 ,0.980997, 0.0138693,0.00513325,0.0190025
0.22,0.07 ,0.98077, 0.0138901,0.00533967,0.0192298
0.23,0.07 ,0.980532, 0.0139111,0.00555725,0.0194683
0.24,0.07 ,0.980281, 0.0139323,0.00578687,0.0197192
0.25,0.07 ,0.980017, 0.0139538,0.00602951,0.0199833
0.26,0.07 ,0.979738, 0.0139754,0.00628627,0.0202617
0.27,0.07 ,0.979444, 0.0139973,0.00655836,0.0205556
0.28,0.07 ,0.979134, 0.0140194,0.00684713,0.0208665
0.29,0.07 ,0.978804, 0.0140417,0.00715409,0.0211958
0.3,0.07 ,0.978455, 0.0140642,0.00748095,0.0215452
0.31,0.07 ,0.978083, 0.014087,0.00782963,0.0219166
0.32,0.07 ,0.977688, 0.01411,0.00820228,0.0223122
0.33,0.07 ,0.977265, 0.0141332,0.00860137,0.0227346
0.34,0.07 ,0.976814, 0.0141567,0.00902969,0.0231864
0.35,0.07 ,0.976329, 0.0141804,0.00949045,0.0236708
0.36,0.07 ,0.975808, 0.0142044,0.0099873,0.0241917
0.37,0.07 ,0.975247, 0.0142286,0.0105245,0.0247531
0.38,0.07 ,0.97464, 0.0142531,0.011107,0.02536
0.39,0.07 ,0.973982, 0.0142778,0.0117404,0.0260182
0.4,0.07 ,0.973266, 0.0143028,0.0124315,0.0267343
0.41,0.07 ,0.972484, 0.0143281,0.0131881,0.0275162
0.42,0.07 ,0.971627, 0.0143536,0.0140197,0.0283733
0.43,0.07 ,0.970683, 0.0143794,0.0149372,0.0293167
0.44,0.07 ,0.96964, 0.0144055,0.0159543,0.0303598
0.45,0.07 ,0.968481, 0.0144319,0.0170869,0.0315188
0.46,0.07 ,0.967187, 0.0144586,0.0183547,0.0328133
0.47,0.07 ,0.965732, 0.0144856,0.019782,0.0342676
0.48,0.07 ,0.964089, 0.0145128,0.0213986,0.0359115
0.49,0.07 ,0.962218, 0.0145404,0.0232417,0.0377822
0.5,0.07 ,0.960074, 0.0145683,0.0253581,0.0399264
0.51,0.07 ,0.957597, 0.0145965,0.0278067,0.0424032
0.52,0.07 ,0.954713, 0.014625,0.0306624,0.0452874
0.53,0.07 ,0.951325, 0.0146539,0.0340206,0.0486745
0.54,0.07 ,0.947314, 0.014683,0.0380025,0.0526856
0.55,0.07 ,0.942527, 0.0147126,0.0427604,0.057473
0.56,0.07 ,0.936776, 0.0147424,0.048482,0.0632244
0.57,0.07 ,0.929838, 0.0147726,0.055389,0.0701616
0.58,0.07 ,0.921471, 0.0148032,0.0637259,0.0785291
0.59,0.07 ,0.911436, 0.0148341,0.0737296,0.0885636
0.6,0.07 ,0.899555, 0.0148653,0.0855797,0.100445
0.61,0.07 ,0.885763, 0.014897,0.0993405,0.114237
0.62,0.07 ,0.87015, 0.014929,0.114921,0.12985
0.63,0.07 ,0.852959, 0.0149614,0.13208,0.147041
0.64,0.07 ,0.834525, 0.0149941,0.15048,0.165475
0.65,0.07 ,0.815218, 0.0150273,0.169754,0.184782
0.66,0.07 ,0.795378, 0.0150608,0.189561,0.204622
0.67,0.07 ,0.775292, 0.0150948,0.209613,0.224708
0.68,0.07 ,0.755184, 0.0151292,0.229686,0.244816
0.69,0.07 ,0.735224, 0.0151639,0.249613,0.264776
0.7,0.07 ,0.715531, 0.0151991,0.26927,0.284469
0.71,0.07 ,0.696193, 0.0152347,0.288573,0.303807
0.72,0.07 ,0.677267, 0.0152708,0.307463,0.322733
0.73,0.07 ,0.658791, 0.0153073,0.325902,0.341209
0.74,0.07 ,0.640789, 0.0153442,0.343866,0.359211
0.75,0.07 ,0.623274, 0.0153816,0.361344,0.376726
0.76,0.07 ,0.606251, 0.0154194,0.37833,0.393749
0.77,0.07 ,0.589718, 0.0154577,0.394825,0.410282
0.78,0.07 ,0.57367, 0.0154965,0.410833,0.42633
0.79,0.07 ,0.558101, 0.0155357,0.426364,0.441899
0.8,0.07 ,0.542999, 0.0155754,0.441425,0.457001
0.81,0.07 ,0.528355, 0.0156156,0.456029,0.471645
0.82,0.07 ,0.514156, 0.0156562,0.470188,0.485844
