Betamv, Betapv,V,Rs,Rv,P
0,0 ,0.973743, 0.0242573,0.002,0.0262573
0.01,0 ,0.973654, 0.0242681,0.00207745,0.0263455
0.02,0 ,0.973564, 0.0242788,0.00215761,0.0264365
0.03,0 ,0.97347, 0.0242897,0.00224062,0.0265303
0.04,0 ,0.973373, 0.0243006,0.00232663,0.0266272
0.05,0 ,0.973273, 0.0243115,0.00241579,0.0267273
0.06,0 ,0.973169, 0.0243226,0.00250827,0.0268308
0.07,0 ,0.973062, 0.0243336,0.00260426,0.0269379
0.08,0 ,0.972951, 0.0243448,0.00270395,0.0270487
0.09,0 ,0.972836, 0.024356,0.00280754,0.0271635
0.1,0 ,0.972718, 0.0243672,0.00291527,0.0272825
0.11,0 ,0.972594, 0.0243785,0.00302737,0.0274059
0.12,0 ,0.972466, 0.0243899,0.00314411,0.027534
0.13,0 ,0.972333, 0.0244014,0.00326577,0.0276671
0.14,0 ,0.972194, 0.0244129,0.00339265,0.0278055
0.15,0 ,0.97205, 0.0244244,0.00352509,0.0279495
0.16,0 ,0.9719, 0.0244361,0.00366345,0.0280995
0.17,0 ,0.971744, 0.0244477,0.00380811,0.0282559
0.18,0 ,0.971581, 0.0244595,0.00395951,0.028419
0.19,0 ,0.971411, 0.0244713,0.00411811,0.0285894
0.2,0 ,0.971232, 0.0244832,0.00428442,0.0287676
0.21,0 ,0.971046, 0.0244952,0.00445899,0.0289541
0.22,0 ,0.97085, 0.0245072,0.00464245,0.0291496
0.23,0 ,0.970645, 0.0245193,0.00483545,0.0293547
0.24,0 ,0.97043, 0.0245314,0.00503876,0.0295702
0.25,0 ,0.970203, 0.0245436,0.00525318,0.0297968
0.26,0 ,0.969964, 0.0245559,0.00547964,0.0300356
0.27,0 ,0.969713, 0.0245683,0.00571914,0.0302874
0.28,0 ,0.969446, 0.0245807,0.00597281,0.0305535
0.29,0 ,0.969165, 0.0245932,0.00624191,0.0308351
0.3,0 ,0.968866, 0.0246058,0.00652786,0.0311336
0.31,0 ,0.968549, 0.0246184,0.00683224,0.0314506
0.32,0 ,0.968212, 0.0246311,0.00715685,0.0317879
0.33,0 ,0.967852, 0.0246439,0.00750371,0.0321476
0.34,0 ,0.967468, 0.0246567,0.00787513,0.0325318
0.35,0 ,0.967057, 0.0246696,0.00827375,0.0329434
0.36,0 ,0.966615, 0.0246826,0.00870258,0.0333852
0.37,0 ,0.966139, 0.0246957,0.00916508,0.0338608
0.38,0 ,0.965626, 0.0247088,0.00966528,0.0343741
0.39,0 ,0.96507, 0.0247221,0.0102078,0.0349299
0.4,0 ,0.964466, 0.0247354,0.0107982,0.0355336
0.41,0 ,0.963809, 0.0247487,0.0114428,0.0361915
0.42,0 ,0.963089, 0.0247622,0.0121491,0.0369113
0.43,0 ,0.962298, 0.0247757,0.0129262,0.0377019
0.44,0 ,0.961426, 0.0247893,0.0137849,0.0385742
0.45,0 ,0.960459, 0.024803,0.0147381,0.039541
0.46,0 ,0.959382, 0.0248167,0.0158016,0.0406183
0.47,0 ,0.958175, 0.0248306,0.0169948,0.0418254
0.48,0 ,0.956814, 0.0248445,0.0183416,0.0431861
0.49,0 ,0.95527, 0.0248585,0.0198717,0.0447302
0.5,0 ,0.953505, 0.0248726,0.0216226,0.0464951
0.51,0 ,0.951472, 0.0248867,0.0236415,0.0485282
0.52,0 ,0.94911, 0.024901,0.0259888,0.0508898
0.53,0 ,0.946343, 0.0249153,0.0287421,0.0536574
0.54,0 ,0.943069, 0.0249297,0.0320014,0.0569311
0.55,0 ,0.939161, 0.0249442,0.035895,0.0608392
0.56,0 ,0.934455, 0.0249588,0.0405866,0.0655454
0.57,0 ,0.928746, 0.0249735,0.0462802,0.0712536
0.58,0 ,0.921793, 0.0249882,0.0532184,0.0782066
0.59,0 ,0.913329, 0.0250031,0.061668,0.086671
0.6,0 ,0.9031, 0.025018,0.071882,0.0969
0.61,0 ,0.890929, 0.025033,0.0840381,0.109071
0.62,0 ,0.876781, 0.0250481,0.0981714,0.123219
0.63,0 ,0.860798, 0.0250633,0.114138,0.139202
0.64,0 ,0.84328, 0.0250786,0.131641,0.15672
0.65,0 ,0.824607, 0.025094,0.150299,0.175393
0.66,0 ,0.805167, 0.0251094,0.169724,0.194833
0.67,0 ,0.7853, 0.025125,0.189575,0.2147
0.68,0 ,0.76528, 0.0251406,0.209579,0.23472
0.69,0 ,0.745316, 0.0251564,0.229528,0.254684
0.7,0 ,0.725558, 0.0251722,0.24927,0.274442
0.71,0 ,0.706111, 0.0251882,0.2687,0.293889
0.72,0 ,0.68705, 0.0252042,0.287746,0.31295
0.73,0 ,0.668422, 0.0252203,0.306357,0.331578
0.74,0 ,0.650258, 0.0252365,0.324506,0.349742
0.75,0 ,0.632574, 0.0252529,0.342173,0.367426
0.76,0 ,0.615379, 0.0252693,0.359352,0.384621
0.77,0 ,0.598674, 0.0252858,0.37604,0.401326
0.78,0 ,0.582456, 0.0253024,0.392241,0.417544
0.79,0 ,0.566718, 0.0253191,0.407963,0.433282
0.8,0 ,0.551451, 0.025336,0.423213,0.448549
0.81,0 ,0.536644, 0.0253529,0.438003,0.463356
0.82,0 ,0.522285, 0.0253699,0.452345,0.477715
0.83,0 ,0.508363, 0.025387,0.46625,0.491637
0.84,0 ,0.494863, 0.0254043,0.479733,0.505137
0.85,0 ,0.481773, 0.0254216,0.492805,0.518227
0.86,0 ,0.46908, 0.0254391,0.505481,0.53092
0.87,0 ,0.456772, 0.0254566,0.517772,0.543228
0.88,0 ,0.444834, 0.0254743,0.529692,0.555166
0.89,0 ,0.433255, 0.025492,0.541253,0.566745
0.9,0 ,0.422023, 0.0255099,0.552467,0.577977
0.91,0 ,0.411126, 0.0255279,0.563346,0.588874
0.92,0 ,0.400553, 0.025546,0.573901,0.599447
0.93,0 ,0.390292, 0.0255642,0.584144,0.609708
0.94,0 ,0.380332, 0.0255825,0.594086,0.619668
0.95,0 ,0.370664, 0.025601,0.603735,0.629336
0.96,0 ,0.361277, 0.0256195,0.613104,0.638723
0.97,0 ,0.352162, 0.0256382,0.6222,0.647838
0.98,0 ,0.343309, 0.025657,0.631034,0.656691
0.99,0 ,0.33471, 0.0256759,0.639614,0.66529
1,0 ,0.326356, 0.0256949,0.647949,0.673644
0,0.01 ,0.97352, 0.0243039,0.00217641,0.0264803
0.01,0.01 ,0.973432, 0.0243146,0.00225384,0.0265684
0.02,0.01 ,0.973341, 0.0243254,0.00233398,0.0266594
0.03,0.01 ,0.973247, 0.0243362,0.00241696,0.0267532
0.04,0.01 ,0.97315, 0.0243471,0.00250295,0.0268501
0.05,0.01 ,0.97305, 0.0243581,0.00259208,0.0269502
0.06,0.01 ,0.972946, 0.0243691,0.00268454,0.0270536
0.07,0.01 ,0.972839, 0.0243802,0.0027805,0.0271607
0.08,0.01 ,0.972729, 0.0243913,0.00288015,0.0272714
0.09,0.01 ,0.972614, 0.0244025,0.00298372,0.0273862
0.1,0.01 ,0.972495, 0.0244137,0.00309141,0.0275051
0.11,0.01 ,0.972371, 0.024425,0.00320348,0.0276285
0.12,0.01 ,0.972243, 0.0244364,0.00332018,0.0277566
0.13,0.01 ,0.97211, 0.0244479,0.00344179,0.0278896
0.14,0.01 ,0.971972, 0.0244594,0.00356863,0.028028
0.15,0.01 ,0.971828, 0.0244709,0.00370102,0.0281719
0.16,0.01 ,0.971678, 0.0244825,0.00383933,0.0283219
0.17,0.01 ,0.971522, 0.0244942,0.00398394,0.0284782
0.18,0.01 ,0.971359, 0.024506,0.00413528,0.0286412
0.19,0.01 ,0.971188, 0.0245178,0.00429381,0.0288116
0.2,0.01 ,0.97101, 0.0245297,0.00446005,0.0289897
0.21,0.01 ,0.970824, 0.0245416,0.00463455,0.0291762
0.22,0.01 ,0.970628, 0.0245536,0.00481793,0.0293716
0.23,0.01 ,0.970423, 0.0245657,0.00501085,0.0295766
0.24,0.01 ,0.970208, 0.0245779,0.00521406,0.0297919
0.25,0.01 ,0.969982, 0.0245901,0.00542838,0.0300184
0.26,0.01 ,0.969743, 0.0246023,0.00565473,0.0302571
0.27,0.01 ,0.969491, 0.0246147,0.0058941,0.0305088
0.28,0.01 ,0.969225, 0.0246271,0.00614764,0.0307748
0.29,0.01 ,0.968944, 0.0246396,0.00641659,0.0310562
0.3,0.01 ,0.968645, 0.0246522,0.00670237,0.0313545
0.31,0.01 ,0.968329, 0.0246648,0.00700657,0.0316714
0.32,0.01 ,0.967992, 0.0246775,0.00733097,0.0320085
0.33,0.01 ,0.967632, 0.0246903,0.00767761,0.0323679
0.34,0.01 ,0.967248, 0.0247031,0.00804878,0.0327519
0.35,0.01 ,0.966837, 0.024716,0.00844711,0.0331631
0.36,0.01 ,0.966395, 0.024729,0.00887562,0.0336046
0.37,0.01 ,0.96592, 0.0247421,0.00933776,0.0340798
0.38,0.01 ,0.965407, 0.0247552,0.00983755,0.0345928
0.39,0.01 ,0.964852, 0.0247684,0.0103796,0.0351481
0.4,0.01 ,0.964249, 0.0247817,0.0109695,0.0357512
0.41,0.01 ,0.963592, 0.0247951,0.0116134,0.0364085
0.42,0.01 ,0.962872, 0.0248085,0.012319,0.0371275
0.43,0.01 ,0.962083, 0.024822,0.0130953,0.0379173
0.44,0.01 ,0.961211, 0.0248356,0.0139529,0.0387886
0.45,0.01 ,0.960246, 0.0248493,0.014905,0.0397543
0.46,0.01 ,0.95917, 0.0248631,0.0159671,0.0408302
0.47,0.01 ,0.957964, 0.0248769,0.0171587,0.0420356
0.48,0.01 ,0.956606, 0.0248908,0.0185035,0.0433943
0.49,0.01 ,0.955064, 0.0249048,0.0200312,0.044936
0.5,0.01 ,0.953302, 0.0249189,0.021779,0.0466979
0.51,0.01 ,0.951273, 0.024933,0.0237942,0.0487272
0.52,0.01 ,0.948916, 0.0249473,0.0261369,0.0510842
0.53,0.01 ,0.946154, 0.0249616,0.0288844,0.0538459
0.54,0.01 ,0.942888, 0.024976,0.0321361,0.0571121
0.55,0.01 ,0.938989, 0.0249905,0.0360201,0.0610106
0.56,0.01 ,0.934296, 0.0250051,0.0406994,0.0657045
0.57,0.01 ,0.928603, 0.0250197,0.0463772,0.0713969
0.58,0.01 ,0.92167, 0.0250345,0.0532954,0.0783298
0.59,0.01 ,0.91323, 0.0250493,0.0617203,0.0867696
0.6,0.01 ,0.903031, 0.0250642,0.0719052,0.0969694
0.61,0.01 ,0.890892, 0.0250792,0.084029,0.109108
0.62,0.01 ,0.876777, 0.0250943,0.0981288,0.123223
0.63,0.01 ,0.860827, 0.0251095,0.114064,0.139173
0.64,0.01 ,0.843337, 0.0251248,0.131538,0.156663
0.65,0.01 ,0.824687, 0.0251401,0.150173,0.175313
0.66,0.01 ,0.805265, 0.0251556,0.169579,0.194735
0.67,0.01 ,0.785413, 0.0251712,0.189416,0.214587
0.68,0.01 ,0.765404, 0.0251868,0.209409,0.234596
0.69,0.01 ,0.745447, 0.0252025,0.22935,0.254553
0.7,0.01 ,0.725695, 0.0252184,0.249087,0.274305
0.71,0.01 ,0.706252, 0.0252343,0.268513,0.293748
0.72,0.01 ,0.687194, 0.0252503,0.287556,0.312806
0.73,0.01 ,0.668568, 0.0252664,0.306166,0.331432
0.74,0.01 ,0.650404, 0.0252827,0.324313,0.349596
0.75,0.01 ,0.63272, 0.025299,0.341981,0.36728
0.76,0.01 ,0.615525, 0.0253154,0.359159,0.384475
0.77,0.01 ,0.59882, 0.0253319,0.375848,0.40118
0.78,0.01 ,0.582601, 0.0253485,0.392051,0.417399
0.79,0.01 ,0.566862, 0.0253652,0.407773,0.433138
0.8,0.01 ,0.551593, 0.025382,0.423024,0.448407
0.81,0.01 ,0.536785, 0.0253989,0.437816,0.463215
0.82,0.01 ,0.522425, 0.025416,0.452159,0.477575
0.83,0.01 ,0.508501, 0.0254331,0.466066,0.491499
0.84,0.01 ,0.495, 0.0254503,0.47955,0.505
0.85,0.01 ,0.481908, 0.0254676,0.492624,0.518092
0.86,0.01 ,0.469214, 0.0254851,0.505301,0.530786
0.87,0.01 ,0.456903, 0.0255026,0.517594,0.543097
0.88,0.01 ,0.444964, 0.0255203,0.529516,0.555036
0.89,0.01 ,0.433384, 0.025538,0.541078,0.566616
0.9,0.01 ,0.42215, 0.0255559,0.552294,0.57785
0.91,0.01 ,0.411251, 0.0255739,0.563175,0.588749
0.92,0.01 ,0.400676, 0.025592,0.573732,0.599324
0.93,0.01 ,0.390413, 0.0256102,0.583977,0.609587
0.94,0.01 ,0.380452, 0.0256285,0.59392,0.619548
0.95,0.01 ,0.370782, 0.0256469,0.603571,0.629218
0.96,0.01 ,0.361393, 0.0256655,0.612941,0.638607
0.97,0.01 ,0.352276, 0.0256841,0.622039,0.647724
0.98,0.01 ,0.343422, 0.0257029,0.630875,0.656578
0.99,0.01 ,0.334822, 0.0257218,0.639457,0.665178
1,0.01 ,0.326466, 0.0257408,0.647793,0.673534
0,0.02 ,0.97329, 0.0243508,0.00235894,0.0267097
0.01,0.02 ,0.973202, 0.0243615,0.00243634,0.0267978
0.02,0.02 ,0.973111, 0.0243722,0.00251646,0.0268887
0.03,0.02 ,0.973018, 0.0243831,0.00259942,0.0269825
0.04,0.02 ,0.972921, 0.024394,0.00268538,0.0270793
0.05,0.02 ,0.972821, 0.0244049,0.00277448,0.0271794
0.06,0.02 ,0.972717, 0.0244159,0.00286691,0.0272828
0.07,0.02 ,0.97261, 0.024427,0.00296284,0.0273898
0.08,0.02 ,0.972499, 0.0244381,0.00306247,0.0275006
0.09,0.02 ,0.972385, 0.0244493,0.003166,0.0276153
0.1,0.02 ,0.972266, 0.0244606,0.00327365,0.0277342
0.11,0.02 ,0.972142, 0.0244719,0.00338568,0.0278575
0.12,0.02 ,0.972014, 0.0244832,0.00350234,0.0279856
0.13,0.02 ,0.971881, 0.0244947,0.00362392,0.0281186
0.14,0.02 ,0.971743, 0.0245061,0.00375071,0.0282569
0.15,0.02 ,0.971599, 0.0245177,0.00388305,0.0284008
0.16,0.02 ,0.971449, 0.0245293,0.0040213,0.0285506
0.17,0.02 ,0.971293, 0.024541,0.00416586,0.0287069
0.18,0.02 ,0.97113, 0.0245528,0.00431714,0.0288699
0.19,0.02 ,0.97096, 0.0245646,0.00447561,0.0290402
0.2,0.02 ,0.970782, 0.0245764,0.00464178,0.0292182
0.21,0.02 ,0.970595, 0.0245884,0.0048162,0.0294046
0.22,0.02 ,0.9704, 0.0246004,0.00499949,0.0295999
0.23,0.02 ,0.970195, 0.0246125,0.00519233,0.0298048
0.24,0.02 ,0.96998, 0.0246246,0.00539544,0.03002
0.25,0.02 ,0.969754, 0.0246368,0.00560966,0.0302465
0.26,0.02 ,0.969515, 0.0246491,0.00583589,0.030485
0.27,0.02 ,0.969263, 0.0246614,0.00607514,0.0307366
0.28,0.02 ,0.968998, 0.0246738,0.00632853,0.0310024
0.29,0.02 ,0.968716, 0.0246863,0.00659733,0.0312837
0.3,0.02 ,0.968418, 0.0246989,0.00688295,0.0315818
0.31,0.02 ,0.968102, 0.0247115,0.00718696,0.0318985
0.32,0.02 ,0.967765, 0.0247242,0.00751115,0.0322353
0.33,0.02 ,0.967405, 0.024737,0.00785756,0.0325945
0.34,0.02 ,0.967022, 0.0247498,0.00822847,0.0329783
0.35,0.02 ,0.966611, 0.0247627,0.00862651,0.0333892
0.36,0.02 ,0.96617, 0.0247757,0.00905469,0.0338304
0.37,0.02 ,0.965695, 0.0247887,0.00951646,0.0343052
0.38,0.02 ,0.965182, 0.0248019,0.0100158,0.0348177
0.39,0.02 ,0.964627, 0.0248151,0.0105574,0.0353725
0.4,0.02 ,0.964025, 0.0248284,0.0111467,0.0359751
0.41,0.02 ,0.963368, 0.0248417,0.01179,0.0366317
0.42,0.02 ,0.96265, 0.0248552,0.0124949,0.03735
0.43,0.02 ,0.961861, 0.0248687,0.0132703,0.038139
0.44,0.02 ,0.960991, 0.0248823,0.0141269,0.0390092
0.45,0.02 ,0.960026, 0.0248959,0.0150778,0.0399737
0.46,0.02 ,0.958952, 0.0249097,0.0161385,0.0410482
0.47,0.02 ,0.957748, 0.0249235,0.0173284,0.0422519
0.48,0.02 ,0.956391, 0.0249374,0.0186712,0.0436086
0.49,0.02 ,0.954852, 0.0249514,0.0201964,0.0451477
0.5,0.02 ,0.953093, 0.0249655,0.0219411,0.0469066
0.51,0.02 ,0.951068, 0.0249796,0.0239525,0.0489321
0.52,0.02 ,0.948716, 0.0249938,0.0262904,0.0512843
0.53,0.02 ,0.94596, 0.0250082,0.0290319,0.05404
0.54,0.02 ,0.942701, 0.0250226,0.032276,0.0572985
0.55,0.02 ,0.938813, 0.025037,0.0361502,0.0611872
0.56,0.02 ,0.934132, 0.0250516,0.0408168,0.0658685
0.57,0.02 ,0.928455, 0.0250663,0.0464784,0.0715446
0.58,0.02 ,0.921543, 0.025081,0.0533761,0.0784571
0.59,0.02 ,0.913128, 0.0250958,0.0617758,0.0868716
0.6,0.02 ,0.902958, 0.0251107,0.0719308,0.0970415
0.61,0.02 ,0.890853, 0.0251257,0.0840213,0.109147
0.62,0.02 ,0.876772, 0.0251408,0.0980867,0.123228
0.63,0.02 ,0.860855, 0.025156,0.113989,0.139145
0.64,0.02 ,0.843394, 0.0251713,0.131434,0.156606
0.65,0.02 ,0.824769, 0.0251866,0.150044,0.175231
0.66,0.02 ,0.805366, 0.0252021,0.169431,0.194634
0.67,0.02 ,0.785528, 0.0252176,0.189254,0.214472
0.68,0.02 ,0.765531, 0.0252333,0.209236,0.234469
0.69,0.02 ,0.745582, 0.025249,0.229169,0.254418
0.7,0.02 ,0.725835, 0.0252648,0.2489,0.274165
0.71,0.02 ,0.706397, 0.0252807,0.268322,0.293603
0.72,0.02 ,0.687341, 0.0252968,0.287362,0.312659
0.73,0.02 ,0.668717, 0.0253129,0.30597,0.331283
0.74,0.02 ,0.650554, 0.0253291,0.324117,0.349446
0.75,0.02 ,0.632871, 0.0253454,0.341784,0.367129
0.76,0.02 ,0.615675, 0.0253618,0.358963,0.384325
0.77,0.02 ,0.598969, 0.0253783,0.375652,0.401031
0.78,0.02 ,0.58275, 0.0253949,0.391855,0.41725
0.79,0.02 ,0.56701, 0.0254116,0.407579,0.43299
0.8,0.02 ,0.55174, 0.0254284,0.422832,0.44826
0.81,0.02 ,0.53693, 0.0254453,0.437624,0.46307
0.82,0.02 ,0.522569, 0.0254623,0.451969,0.477431
0.83,0.02 ,0.508643, 0.0254794,0.465878,0.491357
0.84,0.02 ,0.49514, 0.0254967,0.479363,0.50486
0.85,0.02 ,0.482047, 0.025514,0.492439,0.517953
0.86,0.02 ,0.469351, 0.0255314,0.505118,0.530649
0.87,0.02 ,0.457039, 0.0255489,0.517413,0.542961
0.88,0.02 ,0.445098, 0.0255666,0.529336,0.554902
0.89,0.02 ,0.433515, 0.0255843,0.5409,0.566485
0.9,0.02 ,0.42228, 0.0256022,0.552118,0.57772
0.91,0.02 ,0.411379, 0.0256202,0.563,0.588621
0.92,0.02 ,0.400802, 0.0256382,0.573559,0.599198
0.93,0.02 ,0.390538, 0.0256564,0.583806,0.609462
0.94,0.02 ,0.380575, 0.0256747,0.593751,0.619425
0.95,0.02 ,0.370903, 0.0256932,0.603404,0.629097
0.96,0.02 ,0.361513, 0.0257117,0.612776,0.638487
0.97,0.02 ,0.352394, 0.0257303,0.621875,0.647606
0.98,0.02 ,0.343538, 0.0257491,0.630712,0.656462
0.99,0.02 ,0.334936, 0.025768,0.639296,0.665064
1,0.02 ,0.326579, 0.025787,0.647634,0.673421
0,0.03 ,0.973054, 0.0243979,0.00254787,0.0269458
0.01,0.03 ,0.972966, 0.0244086,0.00262525,0.0270339
0.02,0.03 ,0.972875, 0.0244194,0.00270535,0.0271247
0.03,0.03 ,0.972781, 0.0244302,0.00278828,0.0272185
0.04,0.03 ,0.972685, 0.0244411,0.00287421,0.0273153
0.05,0.03 ,0.972585, 0.0244521,0.00296329,0.0274154
0.06,0.03 ,0.972481, 0.0244631,0.00305569,0.0275188
0.07,0.03 ,0.972374, 0.0244741,0.00315159,0.0276257
0.08,0.03 ,0.972264, 0.0244852,0.00325118,0.0277364
0.09,0.03 ,0.972149, 0.0244964,0.00335467,0.0278511
0.1,0.03 ,0.97203, 0.0245077,0.00346229,0.02797
0.11,0.03 ,0.971907, 0.024519,0.00357428,0.0280933
0.12,0.03 ,0.971779, 0.0245303,0.0036909,0.0282212
0.13,0.03 ,0.971646, 0.0245418,0.00381243,0.0283542
0.14,0.03 ,0.971508, 0.0245533,0.00393918,0.0284924
0.15,0.03 ,0.971364, 0.0245648,0.00407147,0.0286363
0.16,0.03 ,0.971214, 0.0245764,0.00420967,0.0287861
0.17,0.03 ,0.971058, 0.0245881,0.00435416,0.0289423
0.18,0.03 ,0.970895, 0.0245998,0.00450538,0.0291052
0.19,0.03 ,0.970725, 0.0246116,0.00466378,0.0292754
0.2,0.03 ,0.970547, 0.0246235,0.00482988,0.0294534
0.21,0.03 ,0.97036, 0.0246354,0.00500423,0.0296397
0.22,0.03 ,0.970165, 0.0246474,0.00518744,0.0298349
0.23,0.03 ,0.96996, 0.0246595,0.00538018,0.0300397
0.24,0.03 ,0.969745, 0.0246716,0.00558319,0.0302548
0.25,0.03 ,0.969519, 0.0246839,0.0057973,0.0304812
0.26,0.03 ,0.96928, 0.0246961,0.00602341,0.0307195
0.27,0.03 ,0.969029, 0.0247085,0.00626253,0.030971
0.28,0.03 ,0.968763, 0.0247209,0.00651579,0.0312367
0.29,0.03 ,0.968482, 0.0247333,0.00678443,0.0315178
0.3,0.03 ,0.968184, 0.0247459,0.00706987,0.0318158
0.31,0.03 ,0.967868, 0.0247585,0.00737369,0.0321322
0.32,0.03 ,0.967531, 0.0247712,0.00769767,0.0324689
0.33,0.03 ,0.967172, 0.024784,0.00804383,0.0328278
0.34,0.03 ,0.966789, 0.0247968,0.00841448,0.0332113
0.35,0.03 ,0.966378, 0.0248097,0.00881222,0.0336219
0.36,0.03 ,0.965937, 0.0248227,0.00924006,0.0340627
0.37,0.03 ,0.965463, 0.0248357,0.00970146,0.0345372
0.38,0.03 ,0.964951, 0.0248489,0.0102004,0.0350492
0.39,0.03 ,0.964396, 0.0248621,0.0107415,0.0356036
0.4,0.03 ,0.963794, 0.0248753,0.0113302,0.0362055
0.41,0.03 ,0.963138, 0.0248887,0.0119729,0.0368615
0.42,0.03 ,0.962421, 0.0249021,0.012677,0.0375791
0.43,0.03 ,0.961633, 0.0249156,0.0134515,0.0383671
0.44,0.03 ,0.960764, 0.0249292,0.0143071,0.0392363
0.45,0.03 ,0.9598, 0.0249429,0.0152568,0.0401996
0.46,0.03 ,0.958727, 0.0249566,0.016316,0.0412726
0.47,0.03 ,0.957525, 0.0249704,0.0175042,0.0424746
0.48,0.03 ,0.956171, 0.0249843,0.0188448,0.0438292
0.49,0.03 ,0.954634, 0.0249983,0.0203675,0.0453658
0.5,0.03 ,0.952879, 0.0250124,0.0221091,0.0471215
0.51,0.03 ,0.950857, 0.0250265,0.0241166,0.0491431
0.52,0.03 ,0.94851, 0.0250407,0.0264497,0.0514904
0.53,0.03 ,0.94576, 0.025055,0.029185,0.05424
0.54,0.03 ,0.942509, 0.0250694,0.0324212,0.0574906
0.55,0.03 ,0.938631, 0.0250839,0.0362853,0.0613692
0.56,0.03 ,0.933962, 0.0250985,0.0409391,0.0660375
0.57,0.03 ,0.928303, 0.0251131,0.046584,0.0716971
0.58,0.03 ,0.921411, 0.0251278,0.0534607,0.0785886
0.59,0.03 ,0.913023, 0.0251427,0.0618345,0.0869772
0.6,0.03 ,0.902884, 0.0251576,0.0719589,0.0971165
0.61,0.03 ,0.890812, 0.0251726,0.0840152,0.109188
0.62,0.03 ,0.876767, 0.0251876,0.0980453,0.123233
0.63,0.03 ,0.860883, 0.0252028,0.113914,0.139117
0.64,0.03 ,0.843453, 0.0252181,0.131329,0.156547
0.65,0.03 ,0.824853, 0.0252334,0.149914,0.175147
0.66,0.03 ,0.80547, 0.0252489,0.169281,0.19453
0.67,0.03 ,0.785647, 0.0252644,0.189088,0.214353
0.68,0.03 ,0.765661, 0.02528,0.209059,0.234339
0.69,0.03 ,0.745721, 0.0252958,0.228983,0.254279
0.7,0.03 ,0.72598, 0.0253116,0.248709,0.27402
0.71,0.03 ,0.706546, 0.0253275,0.268127,0.293454
0.72,0.03 ,0.687493, 0.0253435,0.287164,0.312507
0.73,0.03 ,0.66887, 0.0253596,0.30577,0.33113
0.74,0.03 ,0.650708, 0.0253758,0.323916,0.349292
0.75,0.03 ,0.633025, 0.0253921,0.341583,0.366975
0.76,0.03 ,0.61583, 0.0254085,0.358762,0.38417
0.77,0.03 ,0.599123, 0.025425,0.375452,0.400877
0.78,0.03 ,0.582903, 0.0254416,0.391656,0.417097
0.79,0.03 ,0.567161, 0.0254583,0.40738,0.432839
0.8,0.03 ,0.551891, 0.0254751,0.422634,0.448109
0.81,0.03 ,0.53708, 0.025492,0.437429,0.46292
0.82,0.03 ,0.522716, 0.025509,0.451775,0.477284
0.83,0.03 ,0.508789, 0.0255261,0.465685,0.491211
0.84,0.03 ,0.495284, 0.0255433,0.479172,0.504716
0.85,0.03 ,0.48219, 0.0255606,0.49225,0.51781
0.86,0.03 ,0.469492, 0.025578,0.50493,0.530508
0.87,0.03 ,0.457178, 0.0255956,0.517227,0.542822
0.88,0.03 ,0.445235, 0.0256132,0.529152,0.554765
0.89,0.03 ,0.433651, 0.0256309,0.540718,0.566349
0.9,0.03 ,0.422414, 0.0256488,0.551938,0.577586
0.91,0.03 ,0.411511, 0.0256667,0.562822,0.588489
0.92,0.03 ,0.400932, 0.0256848,0.573383,0.599068
0.93,0.03 ,0.390666, 0.025703,0.583631,0.609334
0.94,0.03 ,0.380701, 0.0257213,0.593578,0.619299
0.95,0.03 ,0.371028, 0.0257397,0.603233,0.628972
0.96,0.03 ,0.361636, 0.0257582,0.612606,0.638364
0.97,0.03 ,0.352516, 0.0257768,0.621708,0.647484
0.98,0.03 ,0.343658, 0.0257956,0.630546,0.656342
0.99,0.03 ,0.335054, 0.0258145,0.639132,0.664946
1,0.03 ,0.326695, 0.0258334,0.647472,0.673305
0,0.04 ,0.972811, 0.0244454,0.00274352,0.0271889
0.01,0.04 ,0.972723, 0.0244561,0.00282088,0.027277
0.02,0.04 ,0.972632, 0.0244669,0.00290094,0.0273678
0.03,0.04 ,0.972538, 0.0244777,0.00298385,0.0274615
0.04,0.04 ,0.972442, 0.0244886,0.00306975,0.0275583
0.05,0.04 ,0.972342, 0.0244995,0.00315881,0.0276583
0.06,0.04 ,0.972238, 0.0245105,0.00325117,0.0277617
0.07,0.04 ,0.972131, 0.0245216,0.00334704,0.0278686
0.08,0.04 ,0.972021, 0.0245327,0.0034466,0.0279793
0.09,0.04 ,0.971906, 0.0245439,0.00355005,0.0280939
0.1,0.04 ,0.971787, 0.0245551,0.00365764,0.0282127
0.11,0.04 ,0.971664, 0.0245664,0.00376958,0.028336
0.12,0.04 ,0.971536, 0.0245778,0.00388616,0.0284639
0.13,0.04 ,0.971403, 0.0245892,0.00400764,0.0285968
0.14,0.04 ,0.971265, 0.0246007,0.00413434,0.028735
0.15,0.04 ,0.971121, 0.0246122,0.00426658,0.0288788
0.16,0.04 ,0.970971, 0.0246238,0.00440472,0.0290285
0.17,0.04 ,0.970815, 0.0246355,0.00454916,0.0291846
0.18,0.04 ,0.970652, 0.0246472,0.00470031,0.0293475
0.19,0.04 ,0.970482, 0.024659,0.00485865,0.0295177
0.2,0.04 ,0.970304, 0.0246709,0.00502467,0.0296956
0.21,0.04 ,0.970118, 0.0246828,0.00519894,0.0298818
0.22,0.04 ,0.969923, 0.0246948,0.00538206,0.0300769
0.23,0.04 ,0.969718, 0.0247069,0.0055747,0.0302816
0.24,0.04 ,0.969503, 0.024719,0.00577762,0.0304966
0.25,0.04 ,0.969277, 0.0247312,0.00599161,0.0307228
0.26,0.04 ,0.969039, 0.0247435,0.0062176,0.0309611
0.27,0.04 ,0.968788, 0.0247558,0.00645659,0.0312124
0.28,0.04 ,0.968522, 0.0247682,0.0067097,0.0314779
0.29,0.04 ,0.968241, 0.0247807,0.00697818,0.0317589
0.3,0.04 ,0.967943, 0.0247932,0.00726344,0.0320567
0.31,0.04 ,0.967627, 0.0248058,0.00756706,0.0323729
0.32,0.04 ,0.967291, 0.0248185,0.00789082,0.0327093
0.33,0.04 ,0.966932, 0.0248313,0.00823675,0.033068
0.34,0.04 ,0.966549, 0.0248441,0.00860712,0.0334512
0.35,0.04 ,0.966138, 0.024857,0.00900455,0.0338615
0.36,0.04 ,0.965698, 0.02487,0.00943205,0.034302
0.37,0.04 ,0.965224, 0.024883,0.00989305,0.0347761
0.38,0.04 ,0.964712, 0.0248961,0.0103915,0.0352877
0.39,0.04 ,0.964159, 0.0249093,0.0109321,0.0358415
0.4,0.04 ,0.963557, 0.0249226,0.0115203,0.0364429
0.41,0.04 ,0.962902, 0.0249359,0.0121623,0.0370982
0.42,0.04 ,0.962185, 0.0249494,0.0128656,0.037815
0.43,0.04 ,0.961398, 0.0249629,0.0136392,0.0386021
0.44,0.04 ,0.96053, 0.0249764,0.0144938,0.0394702
0.45,0.04 ,0.959568, 0.0249901,0.0154422,0.0404323
0.46,0.04 ,0.958496, 0.0250038,0.0165,0.0415038
0.47,0.04 ,0.957296, 0.0250176,0.0176863,0.042704
0.48,0.04 ,0.955944, 0.0250315,0.0190248,0.0440564
0.49,0.04 ,0.95441, 0.0250455,0.0205449,0.0455904
0.5,0.04 ,0.952657, 0.0250596,0.0222833,0.0473429
0.51,0.04 ,0.95064, 0.0250737,0.0242868,0.0493605
0.52,0.04 ,0.948297, 0.0250879,0.0266149,0.0517028
0.53,0.04 ,0.945554, 0.0251022,0.0293439,0.0544461
0.54,0.04 ,0.942311, 0.0251166,0.0325721,0.0576887
0.55,0.04 ,0.938443, 0.0251311,0.0364259,0.0615569
0.56,0.04 ,0.933788, 0.0251456,0.0410664,0.066212
0.57,0.04 ,0.928145, 0.0251603,0.0466943,0.0718546
0.58,0.04 ,0.921275, 0.025175,0.0535495,0.0787245
0.59,0.04 ,0.912913, 0.0251898,0.0618967,0.0870865
0.6,0.04 ,0.902806, 0.0252047,0.0719896,0.0971943
0.61,0.04 ,0.890769, 0.0252197,0.0840109,0.109231
0.62,0.04 ,0.876761, 0.0252348,0.0980046,0.123239
0.63,0.04 ,0.860912, 0.0252499,0.113838,0.139088
0.64,0.04 ,0.843512, 0.0252652,0.131223,0.156488
0.65,0.04 ,0.824938, 0.0252805,0.149782,0.175062
0.66,0.04 ,0.805576, 0.025296,0.169128,0.194424
0.67,0.04 ,0.785769, 0.0253115,0.18892,0.214231
0.68,0.04 ,0.765794, 0.0253271,0.208879,0.234206
0.69,0.04 ,0.745863, 0.0253428,0.228794,0.254137
0.7,0.04 ,0.726128, 0.0253586,0.248513,0.273872
0.71,0.04 ,0.706699, 0.0253745,0.267927,0.293301
0.72,0.04 ,0.687649, 0.0253905,0.286961,0.312351
0.73,0.04 ,0.669028, 0.0254066,0.305566,0.330972
0.74,0.04 ,0.650867, 0.0254228,0.32371,0.349133
0.75,0.04 ,0.633184, 0.0254391,0.341377,0.366816
0.76,0.04 ,0.615989, 0.0254555,0.358556,0.384011
0.77,0.04 ,0.599281, 0.025472,0.375247,0.400719
0.78,0.04 ,0.58306, 0.0254886,0.391451,0.41694
0.79,0.04 ,0.567318, 0.0255053,0.407177,0.432682
0.8,0.04 ,0.552046, 0.0255221,0.422432,0.447954
0.81,0.04 ,0.537233, 0.0255389,0.437228,0.462767
0.82,0.04 ,0.522868, 0.0255559,0.451576,0.477132
0.83,0.04 ,0.508939, 0.025573,0.465488,0.491061
0.84,0.04 ,0.495433, 0.0255902,0.478977,0.504567
0.85,0.04 ,0.482336, 0.0256075,0.492056,0.517664
0.86,0.04 ,0.469637, 0.0256249,0.504738,0.530363
0.87,0.04 ,0.457321, 0.0256425,0.517037,0.542679
0.88,0.04 ,0.445376, 0.0256601,0.528964,0.554624
0.89,0.04 ,0.43379, 0.0256778,0.540532,0.56621
0.9,0.04 ,0.422551, 0.0256957,0.551753,0.577449
0.91,0.04 ,0.411647, 0.0257136,0.562639,0.588353
0.92,0.04 ,0.401066, 0.0257317,0.573202,0.598934
0.93,0.04 ,0.390798, 0.0257498,0.583452,0.609202
0.94,0.04 ,0.380831, 0.0257681,0.593401,0.619169
0.95,0.04 ,0.371156, 0.0257865,0.603057,0.628844
0.96,0.04 ,0.361762, 0.025805,0.612433,0.638238
0.97,0.04 ,0.35264, 0.0258237,0.621536,0.64736
0.98,0.04 ,0.343781, 0.0258424,0.630377,0.656219
0.99,0.04 ,0.335175, 0.0258613,0.638964,0.664825
1,0.04 ,0.326814, 0.0258802,0.647305,0.673186
0,0.05 ,0.972561, 0.0244932,0.00294621,0.0274394
0.01,0.05 ,0.972473, 0.0245039,0.00302354,0.0275274
0.02,0.05 ,0.972382, 0.0245146,0.00310358,0.0276182
0.03,0.05 ,0.972288, 0.0245255,0.00318646,0.0277119
0.04,0.05 ,0.972191, 0.0245363,0.00327233,0.0278087
0.05,0.05 ,0.972091, 0.0245473,0.00336135,0.0279086
0.06,0.05 ,0.971988, 0.0245583,0.00345369,0.028012
0.07,0.05 ,0.971881, 0.0245693,0.00354952,0.0281188
0.08,0.05 ,0.971771, 0.0245804,0.00364904,0.0282295
0.09,0.05 ,0.971656, 0.0245916,0.00375246,0.0283441
0.1,0.05 ,0.971537, 0.0246028,0.00386001,0.0284628
0.11,0.05 ,0.971414, 0.0246141,0.00397191,0.028586
0.12,0.05 ,0.971286, 0.0246255,0.00408844,0.0287139
0.13,0.05 ,0.971153, 0.0246369,0.00420988,0.0288468
0.14,0.05 ,0.971015, 0.0246484,0.00433652,0.0289849
0.15,0.05 ,0.970871, 0.0246599,0.00446871,0.0291286
0.16,0.05 ,0.970722, 0.0246715,0.00460679,0.0292783
0.17,0.05 ,0.970566, 0.0246832,0.00475117,0.0294344
0.18,0.05 ,0.970403, 0.0246949,0.00490225,0.0295972
0.19,0.05 ,0.970233, 0.0247067,0.00506052,0.0297672
0.2,0.05 ,0.970055, 0.0247186,0.00522646,0.029945
0.21,0.05 ,0.969869, 0.0247305,0.00540065,0.0301311
0.22,0.05 ,0.969674, 0.0247425,0.00558368,0.0303262
0.23,0.05 ,0.969469, 0.0247545,0.00577623,0.0305308
0.24,0.05 ,0.969254, 0.0247667,0.00597904,0.0307457
0.25,0.05 ,0.969028, 0.0247789,0.00619292,0.0309718
0.26,0.05 ,0.96879, 0.0247911,0.00641878,0.0312099
0.27,0.05 ,0.968539, 0.0248035,0.00665763,0.0314611
0.28,0.05 ,0.968274, 0.0248158,0.00691059,0.0317264
0.29,0.05 ,0.967993, 0.0248283,0.0071789,0.0320072
0.3,0.05 ,0.967695, 0.0248409,0.00746398,0.0323048
0.31,0.05 ,0.967379, 0.0248535,0.0077674,0.0326209
0.32,0.05 ,0.967043, 0.0248661,0.00809094,0.0329571
0.33,0.05 ,0.966685, 0.0248789,0.00843661,0.0333155
0.34,0.05 ,0.966302, 0.0248917,0.0088067,0.0336984
0.35,0.05 ,0.965892, 0.0249046,0.00920383,0.0341084
0.36,0.05 ,0.965451, 0.0249176,0.00963097,0.0345485
0.37,0.05 ,0.964978, 0.0249306,0.0100916,0.0350222
0.38,0.05 ,0.964467, 0.0249437,0.0105896,0.0355333
0.39,0.05 ,0.963913, 0.0249569,0.0111297,0.0360866
0.4,0.05 ,0.963313, 0.0249702,0.0117172,0.0366874
0.41,0.05 ,0.962658, 0.0249835,0.0123585,0.037342
0.42,0.05 ,0.961942, 0.0249969,0.0130611,0.038058
0.43,0.05 ,0.961156, 0.0250104,0.0138338,0.0388442
0.44,0.05 ,0.960289, 0.025024,0.0146873,0.0397112
0.45,0.05 ,0.959328, 0.0250376,0.0156344,0.040672
0.46,0.05 ,0.958258, 0.0250514,0.0166906,0.041742
0.47,0.05 ,0.95706, 0.0250652,0.0178752,0.0429403
0.48,0.05 ,0.955709, 0.0250791,0.0192115,0.0442905
0.49,0.05 ,0.954178, 0.025093,0.0207288,0.0458219
0.5,0.05 ,0.952429, 0.0251071,0.022464,0.047571
0.51,0.05 ,0.950415, 0.0251212,0.0244634,0.0495846
0.52,0.05 ,0.948078, 0.0251354,0.0267863,0.0519217
0.53,0.05 ,0.945341, 0.0251497,0.0295089,0.0546586
0.54,0.05 ,0.942107, 0.0251641,0.0327288,0.0578929
0.55,0.05 ,0.938249, 0.0251785,0.0365721,0.0617506
0.56,0.05 ,0.933608, 0.0251931,0.041199,0.0663921
0.57,0.05 ,0.927983, 0.0252077,0.0468095,0.0720173
0.58,0.05 ,0.921135, 0.0252224,0.0536427,0.0788651
0.59,0.05 ,0.9128, 0.0252372,0.0619626,0.0871999
0.6,0.05 ,0.902725, 0.0252521,0.0720232,0.0972754
0.61,0.05 ,0.890724, 0.0252671,0.0840084,0.109276
0.62,0.05 ,0.876753, 0.0252822,0.0979646,0.123247
0.63,0.05 ,0.86094, 0.0252973,0.113762,0.13906
0.64,0.05 ,0.843573, 0.0253126,0.131115,0.156427
0.65,0.05 ,0.825025, 0.0253279,0.149647,0.174975
0.66,0.05 ,0.805684, 0.0253434,0.168972,0.194316
0.67,0.05 ,0.785894, 0.0253589,0.188748,0.214106
0.68,0.05 ,0.765931, 0.0253745,0.208694,0.234069
0.69,0.05 ,0.746009, 0.0253902,0.228601,0.253991
0.7,0.05 ,0.726281, 0.025406,0.248313,0.273719
0.71,0.05 ,0.706856, 0.0254219,0.267722,0.293144
0.72,0.05 ,0.687809, 0.0254379,0.286753,0.312191
0.73,0.05 ,0.66919, 0.025454,0.305356,0.33081
0.74,0.05 ,0.65103, 0.0254702,0.3235,0.34897
0.75,0.05 ,0.633348, 0.0254864,0.341166,0.366652
0.76,0.05 ,0.616152, 0.0255028,0.358345,0.383848
0.77,0.05 ,0.599444, 0.0255193,0.375036,0.400556
0.78,0.05 ,0.583222, 0.0255359,0.391242,0.416778
0.79,0.05 ,0.567478, 0.0255526,0.406969,0.432522
0.8,0.05 ,0.552205, 0.0255693,0.422226,0.447795
0.81,0.05 ,0.537391, 0.0255862,0.437023,0.462609
0.82,0.05 ,0.523025, 0.0256032,0.451372,0.476975
0.83,0.05 ,0.509094, 0.0256203,0.465286,0.490906
0.84,0.05 ,0.495586, 0.0256375,0.478777,0.504414
0.85,0.05 ,0.482487, 0.0256548,0.491858,0.517513
0.86,0.05 ,0.469786, 0.0256722,0.504542,0.530214
0.87,0.05 ,0.457468, 0.0256897,0.516842,0.542532
0.88,0.05 ,0.445522, 0.0257073,0.528771,0.554478
0.89,0.05 ,0.433934, 0.025725,0.540341,0.566066
0.9,0.05 ,0.422693, 0.0257429,0.551564,0.577307
0.91,0.05 ,0.411787, 0.0257608,0.562453,0.588213
0.92,0.05 ,0.401204, 0.0257788,0.573017,0.598796
0.93,0.05 ,0.390934, 0.025797,0.583269,0.609066
0.94,0.05 ,0.380965, 0.0258153,0.593219,0.619035
0.95,0.05 ,0.371288, 0.0258337,0.602878,0.628712
0.96,0.05 ,0.361892, 0.0258522,0.612255,0.638108
0.97,0.05 ,0.352769, 0.0258708,0.621361,0.647231
0.98,0.05 ,0.343907, 0.0258895,0.630203,0.656093
0.99,0.05 ,0.3353, 0.0259084,0.638792,0.6647
1,0.05 ,0.326937, 0.0259273,0.647135,0.673063
0,0.06 ,0.972302, 0.0245413,0.00315628,0.0276976
0.01,0.06 ,0.972214, 0.024552,0.00323359,0.0277856
0.02,0.06 ,0.972124, 0.0245627,0.0033136,0.0278763
0.03,0.06 ,0.97203, 0.0245736,0.00339645,0.02797
0.04,0.06 ,0.971933, 0.0245844,0.00348229,0.0280667
0.05,0.06 ,0.971833, 0.0245954,0.00357128,0.0281666
0.06,0.06 ,0.97173, 0.0246063,0.00366358,0.0282699
0.07,0.06 ,0.971623, 0.0246174,0.00375938,0.0283768
0.08,0.06 ,0.971513, 0.0246285,0.00385886,0.0284874
0.09,0.06 ,0.971398, 0.0246397,0.00396225,0.0286019
0.1,0.06 ,0.971279, 0.0246509,0.00406975,0.0287206
0.11,0.06 ,0.971156, 0.0246622,0.00418161,0.0288438
0.12,0.06 ,0.971028, 0.0246735,0.00429809,0.0289716
0.13,0.06 ,0.970896, 0.0246849,0.00441948,0.0291044
0.14,0.06 ,0.970758, 0.0246964,0.00454607,0.0292425
0.15,0.06 ,0.970614, 0.0247079,0.0046782,0.0293861
0.16,0.06 ,0.970464, 0.0247195,0.00481623,0.0295358
0.17,0.06 ,0.970308, 0.0247312,0.00496054,0.0296917
0.18,0.06 ,0.970146, 0.0247429,0.00511156,0.0298545
0.19,0.06 ,0.969976, 0.0247547,0.00526974,0.0300245
0.2,0.06 ,0.969798, 0.0247666,0.00543561,0.0302022
0.21,0.06 ,0.969612, 0.0247785,0.00560971,0.0303882
0.22,0.06 ,0.969417, 0.0247905,0.00579265,0.0305831
0.23,0.06 ,0.969212, 0.0248025,0.0059851,0.0307876
0.24,0.06 ,0.968998, 0.0248147,0.0061878,0.0310025
0.25,0.06 ,0.968772, 0.0248268,0.00640156,0.0312284
0.26,0.06 ,0.968534, 0.0248391,0.0066273,0.0314664
0.27,0.06 ,0.968283, 0.0248514,0.00686601,0.0317174
0.28,0.06 ,0.968017, 0.0248638,0.00711881,0.0319826
0.29,0.06 ,0.967737, 0.0248763,0.00738695,0.0322632
0.3,0.06 ,0.967439, 0.0248888,0.00767184,0.0325606
0.31,0.06 ,0.967124, 0.0249014,0.00797505,0.0328765
0.32,0.06 ,0.966788, 0.0249141,0.00829836,0.0332124
0.33,0.06 ,0.966429, 0.0249268,0.00864377,0.0335706
0.34,0.06 ,0.966047, 0.0249396,0.00901358,0.0339532
0.35,0.06 ,0.965637, 0.0249525,0.00941038,0.0343629
0.36,0.06 ,0.965197, 0.0249655,0.00983716,0.0348026
0.37,0.06 ,0.964724, 0.0249785,0.0102973,0.0352759
0.38,0.06 ,0.964213, 0.0249916,0.0107949,0.0357865
0.39,0.06 ,0.963661, 0.0250048,0.0113345,0.0363393
0.4,0.06 ,0.963061, 0.0250181,0.0119214,0.0369394
0.41,0.06 ,0.962407, 0.0250314,0.012562,0.0375934
0.42,0.06 ,0.961691, 0.0250448,0.0132637,0.0383085
0.43,0.06 ,0.960906, 0.0250583,0.0140355,0.0390938
0.44,0.06 ,0.96004, 0.0250718,0.0148878,0.0399597
0.45,0.06 ,0.959081, 0.0250855,0.0158336,0.0409191
0.46,0.06 ,0.958012, 0.0250992,0.0168884,0.0419876
0.47,0.06 ,0.956816, 0.025113,0.018071,0.043184
0.48,0.06 ,0.955468, 0.0251269,0.0194051,0.044532
0.49,0.06 ,0.953939, 0.0251408,0.0209197,0.0460605
0.5,0.06 ,0.952194, 0.0251549,0.0226514,0.0478063
0.51,0.06 ,0.950184, 0.025169,0.0246467,0.0498157
0.52,0.06 ,0.947852, 0.0251832,0.0269644,0.0521476
0.53,0.06 ,0.945122, 0.0251975,0.0296803,0.0548778
0.54,0.06 ,0.941896, 0.0252119,0.0328918,0.0581037
0.55,0.06 ,0.938049, 0.0252263,0.0367242,0.0619506
0.56,0.06 ,0.933422, 0.0252409,0.0413372,0.0665781
0.57,0.06 ,0.927815, 0.0252555,0.0469299,0.0721854
0.58,0.06 ,0.920989, 0.0252702,0.0537404,0.0790106
0.59,0.06 ,0.912683, 0.025285,0.0620324,0.0873174
0.6,0.06 ,0.90264, 0.0252999,0.0720598,0.0973597
0.61,0.06 ,0.890677, 0.0253149,0.0840079,0.109323
0.62,0.06 ,0.876745, 0.0253299,0.0979256,0.123255
0.63,0.06 ,0.860969, 0.0253451,0.113686,0.139031
0.64,0.06 ,0.843634, 0.0253603,0.131006,0.156366
0.65,0.06 ,0.825114, 0.0253756,0.14951,0.174886
0.66,0.06 ,0.805795, 0.0253911,0.168814,0.194205
0.67,0.06 ,0.786022, 0.0254066,0.188572,0.213978
0.68,0.06 ,0.766072, 0.0254222,0.208506,0.233928
0.69,0.06 ,0.746159, 0.0254379,0.228403,0.253841
0.7,0.06 ,0.726438, 0.0254537,0.248109,0.273562
0.71,0.06 ,0.707017, 0.0254696,0.267513,0.292983
0.72,0.06 ,0.687974, 0.0254855,0.286541,0.312026
0.73,0.06 ,0.669357, 0.0255016,0.305142,0.330643
0.74,0.06 ,0.651198, 0.0255178,0.323284,0.348802
0.75,0.06 ,0.633516, 0.0255341,0.34095,0.366484
0.76,0.06 ,0.61632, 0.0255504,0.35813,0.38368
0.77,0.06 ,0.599612, 0.0255669,0.374821,0.400388
0.78,0.06 ,0.583389, 0.0255835,0.391028,0.416611
0.79,0.06 ,0.567644, 0.0256001,0.406756,0.432356
0.8,0.06 ,0.552369, 0.0256169,0.422014,0.447631
0.81,0.06 ,0.537554, 0.0256338,0.436813,0.462446
0.82,0.06 ,0.523186, 0.0256508,0.451164,0.476814
0.83,0.06 ,0.509253, 0.0256678,0.465079,0.490747
0.84,0.06 ,0.495743, 0.025685,0.478572,0.504257
0.85,0.06 ,0.482643, 0.0257023,0.491655,0.517357
0.86,0.06 ,0.469939, 0.0257197,0.504341,0.530061
0.87,0.06 ,0.45762, 0.0257372,0.516643,0.54238
0.88,0.06 ,0.445671, 0.0257548,0.528574,0.554329
0.89,0.06 ,0.434082, 0.0257725,0.540146,0.565918
0.9,0.06 ,0.422839, 0.0257903,0.551371,0.577161
0.91,0.06 ,0.41193, 0.0258083,0.562261,0.58807
0.92,0.06 ,0.401346, 0.0258263,0.572828,0.598654
0.93,0.06 ,0.391074, 0.0258445,0.583082,0.608926
0.94,0.06 ,0.381103, 0.0258627,0.593034,0.618897
0.95,0.06 ,0.371424, 0.0258811,0.602695,0.628576
0.96,0.06 ,0.362026, 0.0258996,0.612074,0.637974
0.97,0.06 ,0.352901, 0.0259182,0.621181,0.647099
0.98,0.06 ,0.344038, 0.0259369,0.630025,0.655962
0.99,0.06 ,0.335428, 0.0259558,0.638616,0.664572
1,0.06 ,0.327064, 0.0259747,0.646961,0.672936
0,0.07 ,0.972036, 0.0245897,0.00337411,0.0279638
0.01,0.07 ,0.971948, 0.0246004,0.00345139,0.0280518
0.02,0.07 ,0.971857, 0.0246111,0.00353137,0.0281425
0.03,0.07 ,0.971764, 0.024622,0.00361419,0.0282361
0.04,0.07 ,0.971667, 0.0246328,0.0037,0.0283328
0.05,0.07 ,0.971567, 0.0246437,0.00378896,0.0284327
0.06,0.07 ,0.971464, 0.0246547,0.00388122,0.028536
0.07,0.07 ,0.971357, 0.0246658,0.00397698,0.0286428
0.08,0.07 ,0.971247, 0.0246769,0.00407643,0.0287533
0.09,0.07 ,0.971132, 0.024688,0.00417977,0.0288678
0.1,0.07 ,0.971014, 0.0246993,0.00428723,0.0289865
0.11,0.07 ,0.97089, 0.0247105,0.00439904,0.0291096
0.12,0.07 ,0.970763, 0.0247219,0.00451548,0.0292374
0.13,0.07 ,0.97063, 0.0247333,0.00463682,0.0293701
0.14,0.07 ,0.970492, 0.0247448,0.00476335,0.0295081
0.15,0.07 ,0.970348, 0.0247563,0.00489543,0.0296517
0.16,0.07 ,0.970199, 0.0247679,0.00503339,0.0298013
0.17,0.07 ,0.970043, 0.0247795,0.00517763,0.0299572
0.18,0.07 ,0.96988, 0.0247913,0.00532858,0.0301198
0.19,0.07 ,0.96971, 0.024803,0.00548669,0.0302897
0.2,0.07 ,0.969533, 0.0248149,0.00565248,0.0304674
0.21,0.07 ,0.969347, 0.0248268,0.00582649,0.0306533
0.22,0.07 ,0.969152, 0.0248388,0.00600933,0.0308481
0.23,0.07 ,0.968947, 0.0248508,0.00620168,0.0310525
0.24,0.07 ,0.968733, 0.0248629,0.00640427,0.0312672
0.25,0.07 ,0.968507, 0.0248751,0.00661791,0.031493
0.26,0.07 ,0.968269, 0.0248874,0.00684351,0.0317309
0.27,0.07 ,0.968018, 0.0248997,0.00708207,0.0319818
0.28,0.07 ,0.967753, 0.0249121,0.00733472,0.0322468
0.29,0.07 ,0.967473, 0.0249245,0.00760269,0.0325272
0.3,0.07 ,0.967176, 0.0249371,0.00788738,0.0328244
0.31,0.07 ,0.96686, 0.0249496,0.00819038,0.03314
0.32,0.07 ,0.966524, 0.0249623,0.00851345,0.0334758
0.33,0.07 ,0.966166, 0.0249751,0.0088586,0.0338337
0.34,0.07 ,0.965784, 0.0249879,0.00922811,0.034216
0.35,0.07 ,0.965375, 0.0250007,0.00962458,0.0346253
0.36,0.07 ,0.964935, 0.0250137,0.010051,0.0350647
0.37,0.07 ,0.964463, 0.0250267,0.0105108,0.0355375
0.38,0.07 ,0.963952, 0.0250398,0.0110078,0.0360477
0.39,0.07 ,0.9634, 0.025053,0.0115468,0.0365998
0.4,0.07 ,0.962801, 0.0250663,0.0121331,0.0371994
0.41,0.07 ,0.962147, 0.0250796,0.012773,0.0378526
0.42,0.07 ,0.961433, 0.025093,0.0134739,0.0385669
0.43,0.07 ,0.960649, 0.0251065,0.0142447,0.0393512
0.44,0.07 ,0.959784, 0.02512,0.0150959,0.040216
0.45,0.07 ,0.958826, 0.0251337,0.0160404,0.041174
0.46,0.07 ,0.957759, 0.0251474,0.0170935,0.0422409
0.47,0.07 ,0.956565, 0.0251612,0.0182742,0.0434354
0.48,0.07 ,0.955219, 0.025175,0.019606,0.044781
0.49,0.07 ,0.953693, 0.025189,0.0211178,0.0463068
0.5,0.07 ,0.951951, 0.025203,0.0228461,0.0480491
0.51,0.07 ,0.949946, 0.0252171,0.024837,0.0500541
0.52,0.07 ,0.947619, 0.0252313,0.0271493,0.0523807
0.53,0.07 ,0.944896, 0.0252456,0.0298584,0.0551041
0.54,0.07 ,0.941679, 0.02526,0.0330613,0.0583213
0.55,0.07 ,0.937843, 0.0252744,0.0368826,0.0621571
0.56,0.07 ,0.93323, 0.025289,0.0414813,0.0667703
0.57,0.07 ,0.927641, 0.0253036,0.0470557,0.0723593
0.58,0.07 ,0.920839, 0.0253183,0.053843,0.0791613
0.59,0.07 ,0.912561, 0.0253331,0.0621063,0.0874393
0.6,0.07 ,0.902552, 0.0253479,0.0720996,0.0974476
0.61,0.07 ,0.890628, 0.0253629,0.0840095,0.109372
0.62,0.07 ,0.876735, 0.025378,0.0978874,0.123265
0.63,0.07 ,0.860997, 0.0253931,0.11361,0.139003
0.64,0.07 ,0.843696, 0.0254083,0.130895,0.156304
0.65,0.07 ,0.825205, 0.0254237,0.149371,0.174795
0.66,0.07 ,0.805909, 0.0254391,0.168652,0.194091
0.67,0.07 ,0.786153, 0.0254546,0.188392,0.213847
0.68,0.07 ,0.766217, 0.0254702,0.208313,0.233783
0.69,0.07 ,0.746314, 0.0254859,0.228201,0.253686
0.7,0.07 ,0.726599, 0.0255017,0.247899,0.273401
0.71,0.07 ,0.707184, 0.0255175,0.267299,0.292816
0.72,0.07 ,0.688143, 0.0255335,0.286323,0.311857
0.73,0.07 ,0.669528, 0.0255496,0.304922,0.330472
0.74,0.07 ,0.651371, 0.0255657,0.323064,0.348629
0.75,0.07 ,0.633689, 0.025582,0.340729,0.366311
0.76,0.07 ,0.616493, 0.0255984,0.357909,0.383507
0.77,0.07 ,0.599784, 0.0256148,0.374601,0.400216
0.78,0.07 ,0.58356, 0.0256314,0.390808,0.41644
0.79,0.07 ,0.567814, 0.0256481,0.406538,0.432186
0.8,0.07 ,0.552538, 0.0256648,0.421797,0.447462
