Betamv, Betapv,V,Rs,Rv,P
0,0 ,0.99486, 0.00314003,0.002,0.00514003
0.01,0 ,0.994841, 0.00314099,0.00201794,0.00515893
0.02,0 ,0.994822, 0.00314195,0.00203643,0.00517838
0.03,0 ,0.994802, 0.00314293,0.0020555,0.00519842
0.04,0 ,0.994781, 0.00314391,0.00207518,0.00521908
0.05,0 ,0.99476, 0.00314489,0.0020955,0.00524039
0.06,0 ,0.994738, 0.00314589,0.0021165,0.00526239
0.07,0 ,0.994715, 0.00314689,0.00213822,0.00528511
0.08,0 ,0.994691, 0.0031479,0.00216069,0.00530859
0.09,0 ,0.994667, 0.00314892,0.00218396,0.00533288
0.1,0 ,0.994642, 0.00314995,0.00220807,0.00535802
0.11,0 ,0.994616, 0.00315099,0.00223308,0.00538407
0.12,0 ,0.994589, 0.00315203,0.00225903,0.00541106
0.13,0 ,0.994561, 0.00315308,0.00228599,0.00543908
0.14,0 ,0.994532, 0.00315415,0.00231402,0.00546817
0.15,0 ,0.994502, 0.00315522,0.00234319,0.00549841
0.16,0 ,0.99447, 0.0031563,0.00237357,0.00552987
0.17,0 ,0.994437, 0.00315739,0.00240524,0.00556263
0.18,0 ,0.994403, 0.00315849,0.0024383,0.00559679
0.19,0 ,0.994368, 0.0031596,0.00247285,0.00563245
0.2,0 ,0.99433, 0.00316072,0.00250898,0.0056697
0.21,0 ,0.994291, 0.00316185,0.00254683,0.00570867
0.22,0 ,0.994251, 0.00316299,0.00258651,0.0057495
0.23,0 ,0.994208, 0.00316414,0.00262818,0.00579232
0.24,0 ,0.994163, 0.0031653,0.00267199,0.00583729
0.25,0 ,0.994115, 0.00316647,0.00271813,0.0058846
0.26,0 ,0.994066, 0.00316765,0.00276679,0.00593444
0.27,0 ,0.994013, 0.00316884,0.00281819,0.00598703
0.28,0 ,0.993957, 0.00317005,0.00287258,0.00604263
0.29,0 ,0.993898, 0.00317126,0.00293025,0.00610151
0.3,0 ,0.993836, 0.00317249,0.00299151,0.00616399
0.31,0 ,0.99377, 0.00317373,0.00305671,0.00623044
0.32,0 ,0.993699, 0.00317498,0.00312627,0.00630125
0.33,0 ,0.993623, 0.00317624,0.00320066,0.0063769
0.34,0 ,0.993542, 0.00317751,0.00328041,0.00645792
0.35,0 ,0.993455, 0.0031788,0.00336614,0.00654494
0.36,0 ,0.993361, 0.0031801,0.00345857,0.00663867
0.37,0 ,0.99326, 0.00318141,0.00355854,0.00673995
0.38,0 ,0.99315, 0.00318274,0.00366703,0.00684977
0.39,0 ,0.993031, 0.00318408,0.00378522,0.0069693
0.4,0 ,0.9929, 0.00318543,0.00391449,0.00709992
0.41,0 ,0.992757, 0.0031868,0.00405651,0.0072433
0.42,0 ,0.992599, 0.00318818,0.00421329,0.00740147
0.43,0 ,0.992423, 0.00318958,0.00438731,0.00757688
0.44,0 ,0.992227, 0.00319099,0.0045816,0.00777259
0.45,0 ,0.992008, 0.00319241,0.00479998,0.00799239
0.46,0 ,0.991759, 0.00319385,0.00504725,0.0082411
0.47,0 ,0.991475, 0.00319531,0.0053296,0.00852491
0.48,0 ,0.991148, 0.00319678,0.00565508,0.00885186
0.49,0 ,0.990767, 0.00319827,0.00603438,0.00923264
0.5,0 ,0.990318, 0.00319977,0.00648199,0.00968176
0.51,0 ,0.989781, 0.00320129,0.00701802,0.0102193
0.52,0 ,0.989126, 0.00320283,0.00767114,0.010874
0.53,0 ,0.988312, 0.00320439,0.00848347,0.0116879
0.54,0 ,0.987275, 0.00320596,0.00951929,0.0127253
0.55,0 ,0.985912, 0.00320755,0.0108807,0.0140883
0.56,0 ,0.984053, 0.00320916,0.0127379,0.0159471
0.57,0 ,0.981401, 0.00321079,0.0153885,0.0185993
0.58,0 ,0.977413, 0.00321244,0.0193748,0.0225873
0.59,0 ,0.971106, 0.00321411,0.0256797,0.0288938
0.6,0 ,0.960942, 0.0032158,0.0358424,0.0390582
0.61,0 ,0.945506, 0.00321751,0.0512758,0.0544933
0.62,0 ,0.925086, 0.00321924,0.0716943,0.0749135
0.63,0 ,0.901565, 0.00322099,0.095214,0.098435
0.64,0 ,0.876719, 0.00322276,0.120058,0.123281
0.65,0 ,0.851596, 0.00322456,0.145179,0.148404
0.66,0 ,0.826735, 0.00322637,0.170039,0.173265
0.67,0 ,0.8024, 0.00322821,0.194371,0.1976
0.68,0 ,0.778722, 0.00323008,0.218048,0.221278
0.69,0 ,0.755759, 0.00323197,0.241009,0.244241
0.7,0 ,0.733532, 0.00323388,0.263234,0.266468
0.71,0 ,0.712042, 0.00323582,0.284722,0.287958
0.72,0 ,0.691278, 0.00323779,0.305485,0.308722
0.73,0 ,0.671221, 0.00323978,0.325539,0.328779
0.74,0 ,0.651851, 0.00324179,0.344907,0.348149
0.75,0 ,0.633145, 0.00324384,0.363611,0.366855
0.76,0 ,0.615078, 0.00324591,0.381676,0.384922
0.77,0 ,0.597627, 0.00324802,0.399125,0.402373
0.78,0 ,0.580767, 0.00325015,0.415983,0.419233
0.79,0 ,0.564476, 0.00325231,0.432271,0.435524
0.8,0 ,0.548731, 0.00325451,0.448014,0.451269
0.81,0 ,0.53351, 0.00325673,0.463233,0.46649
0.82,0 ,0.518793, 0.00325899,0.477948,0.481207
0.83,0 ,0.504559, 0.00326128,0.49218,0.495441
0.84,0 ,0.490788, 0.0032636,0.505948,0.509212
0.85,0 ,0.477464, 0.00326596,0.51927,0.522536
0.86,0 ,0.464568, 0.00326836,0.532164,0.535432
0.87,0 ,0.452083, 0.00327079,0.544646,0.547917
0.88,0 ,0.439993, 0.00327325,0.556733,0.560007
0.89,0 ,0.428284, 0.00327576,0.56844,0.571716
0.9,0 ,0.41694, 0.0032783,0.579781,0.58306
0.91,0 ,0.405948, 0.00328088,0.590771,0.594052
0.92,0 ,0.395295, 0.00328351,0.601422,0.604705
0.93,0 ,0.384966, 0.00328617,0.611747,0.615034
0.94,0 ,0.374952, 0.00328888,0.621759,0.625048
0.95,0 ,0.365239, 0.00329162,0.631469,0.634761
0.96,0 ,0.355817, 0.00329442,0.640888,0.644183
0.97,0 ,0.346676, 0.00329725,0.650027,0.653324
0.98,0 ,0.337805, 0.00330014,0.658895,0.662195
0.99,0 ,0.329194, 0.00330307,0.667503,0.670806
1,0 ,0.320834, 0.00330605,0.67586,0.679166
0,0.01 ,0.994848, 0.00314077,0.0020115,0.00515227
0.01,0.01 ,0.994829, 0.00314172,0.00202944,0.00517116
0.02,0.01 ,0.994809, 0.00314269,0.00204793,0.00519061
0.03,0.01 ,0.994789, 0.00314366,0.002067,0.00521066
0.04,0.01 ,0.994769, 0.00314464,0.00208668,0.00523132
0.05,0.01 ,0.994747, 0.00314562,0.002107,0.00525263
0.06,0.01 ,0.994725, 0.00314662,0.00212801,0.00527463
0.07,0.01 ,0.994703, 0.00314762,0.00214972,0.00529734
0.08,0.01 ,0.994679, 0.00314863,0.00217219,0.00532083
0.09,0.01 ,0.994655, 0.00314965,0.00219546,0.00534512
0.1,0.01 ,0.99463, 0.00315068,0.00221957,0.00537026
0.11,0.01 ,0.994604, 0.00315172,0.00224458,0.0053963
0.12,0.01 ,0.994577, 0.00315276,0.00227053,0.0054233
0.13,0.01 ,0.994549, 0.00315382,0.00229749,0.00545131
0.14,0.01 ,0.99452, 0.00315488,0.00232552,0.0054804
0.15,0.01 ,0.994489, 0.00315595,0.00235469,0.00551064
0.16,0.01 ,0.994458, 0.00315703,0.00238506,0.0055421
0.17,0.01 ,0.994425, 0.00315812,0.00241674,0.00557486
0.18,0.01 ,0.994391, 0.00315922,0.0024498,0.00560902
0.19,0.01 ,0.994355, 0.00316033,0.00248434,0.00564467
0.2,0.01 ,0.994318, 0.00316145,0.00252048,0.00568193
0.21,0.01 ,0.994279, 0.00316258,0.00255832,0.0057209
0.22,0.01 ,0.994238, 0.00316372,0.002598,0.00576172
0.23,0.01 ,0.994195, 0.00316487,0.00263967,0.00580454
0.24,0.01 ,0.99415, 0.00316603,0.00268348,0.00584951
0.25,0.01 ,0.994103, 0.0031672,0.00272962,0.00589682
0.26,0.01 ,0.994053, 0.00316838,0.00277827,0.00594666
0.27,0.01 ,0.994001, 0.00316957,0.00282967,0.00599925
0.28,0.01 ,0.993945, 0.00317078,0.00288407,0.00605485
0.29,0.01 ,0.993886, 0.00317199,0.00294173,0.00611373
0.3,0.01 ,0.993824, 0.00317322,0.00300299,0.00617621
0.31,0.01 ,0.993757, 0.00317446,0.00306819,0.00624265
0.32,0.01 ,0.993687, 0.00317571,0.00313775,0.00631346
0.33,0.01 ,0.993611, 0.00317697,0.00321213,0.0063891
0.34,0.01 ,0.99353, 0.00317824,0.00329188,0.00647012
0.35,0.01 ,0.993443, 0.00317953,0.0033776,0.00655713
0.36,0.01 ,0.993349, 0.00318083,0.00347003,0.00665086
0.37,0.01 ,0.993248, 0.00318214,0.00356999,0.00675214
0.38,0.01 ,0.993138, 0.00318347,0.00367848,0.00686195
0.39,0.01 ,0.993019, 0.00318481,0.00379667,0.00698148
0.4,0.01 ,0.992888, 0.00318616,0.00392593,0.00711209
0.41,0.01 ,0.992745, 0.00318753,0.00406794,0.00725547
0.42,0.01 ,0.992586, 0.00318891,0.00422471,0.00741362
0.43,0.01 ,0.992411, 0.00319031,0.00439872,0.00758902
0.44,0.01 ,0.992215, 0.00319172,0.004593,0.00778471
0.45,0.01 ,0.991995, 0.00319314,0.00481136,0.0080045
0.46,0.01 ,0.991747, 0.00319458,0.00505862,0.0082532
0.47,0.01 ,0.991463, 0.00319604,0.00534094,0.00853698
0.48,0.01 ,0.991136, 0.00319751,0.00566638,0.00886389
0.49,0.01 ,0.990755, 0.003199,0.00604564,0.00924464
0.5,0.01 ,0.990306, 0.0032005,0.00649321,0.00969371
0.51,0.01 ,0.989769, 0.00320202,0.00702917,0.0102312
0.52,0.01 ,0.989114, 0.00320356,0.0076822,0.0108858
0.53,0.01 ,0.9883, 0.00320512,0.00849441,0.0116995
0.54,0.01 ,0.987263, 0.00320669,0.00953004,0.0127367
0.55,0.01 ,0.985901, 0.00320828,0.0108912,0.0140995
0.56,0.01 ,0.984042, 0.00320989,0.0127479,0.0159578
0.57,0.01 ,0.981391, 0.00321152,0.0153978,0.0186094
0.58,0.01 ,0.977404, 0.00321317,0.0193829,0.022596
0.59,0.01 ,0.9711, 0.00321484,0.0256855,0.0289003
0.6,0.01 ,0.960939, 0.00321653,0.0358445,0.0390611
0.61,0.01 ,0.945508, 0.00321824,0.0512735,0.0544917
0.62,0.01 ,0.925091, 0.00321997,0.0716883,0.0749082
0.63,0.01 ,0.901572, 0.00322172,0.0952057,0.0984274
0.64,0.01 ,0.876727, 0.00322349,0.120049,0.123272
0.65,0.01 ,0.851606, 0.00322528,0.145169,0.148394
0.66,0.01 ,0.826745, 0.0032271,0.170028,0.173255
0.67,0.01 ,0.80241, 0.00322894,0.194361,0.19759
0.68,0.01 ,0.778732, 0.00323081,0.218037,0.221268
0.69,0.01 ,0.755769, 0.0032327,0.240999,0.244231
0.7,0.01 ,0.733542, 0.00323461,0.263224,0.266458
0.71,0.01 ,0.712052, 0.00323655,0.284712,0.287948
0.72,0.01 ,0.691287, 0.00323851,0.305474,0.308713
0.73,0.01 ,0.67123, 0.00324051,0.325529,0.32877
0.74,0.01 ,0.65186, 0.00324252,0.344897,0.34814
0.75,0.01 ,0.633154, 0.00324457,0.363601,0.366846
0.76,0.01 ,0.615087, 0.00324664,0.381666,0.384913
0.77,0.01 ,0.597636, 0.00324875,0.399116,0.402364
0.78,0.01 ,0.580776, 0.00325088,0.415973,0.419224
0.79,0.01 ,0.564485, 0.00325304,0.432262,0.435515
0.8,0.01 ,0.54874, 0.00325523,0.448005,0.45126
0.81,0.01 ,0.533519, 0.00325746,0.463224,0.466481
0.82,0.01 ,0.518801, 0.00325972,0.477939,0.481199
0.83,0.01 ,0.504567, 0.00326201,0.492171,0.495433
0.84,0.01 ,0.490796, 0.00326433,0.505939,0.509204
0.85,0.01 ,0.477472, 0.00326669,0.519262,0.522528
0.86,0.01 ,0.464575, 0.00326908,0.532156,0.535425
0.87,0.01 ,0.45209, 0.00327151,0.544638,0.54791
0.88,0.01 ,0.440001, 0.00327398,0.556725,0.559999
0.89,0.01 ,0.428292, 0.00327648,0.568432,0.571708
0.9,0.01 ,0.416948, 0.00327903,0.579773,0.583052
0.91,0.01 ,0.405955, 0.00328161,0.590763,0.594045
0.92,0.01 ,0.395302, 0.00328423,0.601414,0.604698
0.93,0.01 ,0.384973, 0.0032869,0.61174,0.615027
0.94,0.01 ,0.374959, 0.0032896,0.621752,0.625041
0.95,0.01 ,0.365246, 0.00329235,0.631462,0.634754
0.96,0.01 ,0.355824, 0.00329514,0.640881,0.644176
0.97,0.01 ,0.346682, 0.00329798,0.65002,0.653318
0.98,0.01 ,0.337811, 0.00330086,0.658888,0.662189
0.99,0.01 ,0.3292, 0.00330379,0.667496,0.6708
1,0.01 ,0.32084, 0.00330677,0.675853,0.67916
0,0.02 ,0.994835, 0.0031415,0.0020233,0.00516481
0.01,0.02 ,0.994816, 0.00314246,0.00204124,0.0051837
0.02,0.02 ,0.994797, 0.00314342,0.00205973,0.00520315
0.03,0.02 ,0.994777, 0.0031444,0.0020788,0.00522319
0.04,0.02 ,0.994756, 0.00314538,0.00209848,0.00524385
0.05,0.02 ,0.994735, 0.00314636,0.0021188,0.00526517
0.06,0.02 ,0.994713, 0.00314736,0.0021398,0.00528716
0.07,0.02 ,0.99469, 0.00314836,0.00216152,0.00530988
0.08,0.02 ,0.994667, 0.00314937,0.00218399,0.00533336
0.09,0.02 ,0.994642, 0.00315039,0.00220726,0.00535765
0.1,0.02 ,0.994617, 0.00315142,0.00223137,0.00538279
0.11,0.02 ,0.994591, 0.00315246,0.00225638,0.00540883
0.12,0.02 ,0.994564, 0.0031535,0.00228233,0.00543583
0.13,0.02 ,0.994536, 0.00315455,0.00230929,0.00546384
0.14,0.02 ,0.994507, 0.00315562,0.00233731,0.00549293
0.15,0.02 ,0.994477, 0.00315669,0.00236648,0.00552317
0.16,0.02 ,0.994445, 0.00315777,0.00239686,0.00555463
0.17,0.02 ,0.994413, 0.00315886,0.00242853,0.00558739
0.18,0.02 ,0.994378, 0.00315996,0.00246159,0.00562155
0.19,0.02 ,0.994343, 0.00316107,0.00249613,0.0056572
0.2,0.02 ,0.994306, 0.00316219,0.00253227,0.00569446
0.21,0.02 ,0.994267, 0.00316332,0.00257011,0.00573343
0.22,0.02 ,0.994226, 0.00316446,0.00260979,0.00577425
0.23,0.02 ,0.994183, 0.00316561,0.00265146,0.00581707
0.24,0.02 ,0.994138, 0.00316677,0.00269527,0.00586204
0.25,0.02 ,0.994091, 0.00316794,0.0027414,0.00590934
0.26,0.02 ,0.994041, 0.00316912,0.00279006,0.00595918
0.27,0.02 ,0.993988, 0.00317031,0.00284146,0.00601177
0.28,0.02 ,0.993933, 0.00317152,0.00289585,0.00606736
0.29,0.02 ,0.993874, 0.00317273,0.00295351,0.00612624
0.3,0.02 ,0.993811, 0.00317396,0.00301476,0.00618872
0.31,0.02 ,0.993745, 0.0031752,0.00307996,0.00625516
0.32,0.02 ,0.993674, 0.00317645,0.00314952,0.00632597
0.33,0.02 ,0.993598, 0.00317771,0.0032239,0.00640161
0.34,0.02 ,0.993517, 0.00317898,0.00330364,0.00648263
0.35,0.02 ,0.99343, 0.00318027,0.00338937,0.00656963
0.36,0.02 ,0.993337, 0.00318157,0.00348179,0.00666336
0.37,0.02 ,0.993235, 0.00318288,0.00358175,0.00676463
0.38,0.02 ,0.993126, 0.00318421,0.00369023,0.00687444
0.39,0.02 ,0.993006, 0.00318555,0.00380841,0.00699396
0.4,0.02 ,0.992875, 0.0031869,0.00393766,0.00712456
0.41,0.02 ,0.992732, 0.00318827,0.00407967,0.00726793
0.42,0.02 ,0.992574, 0.00318965,0.00423643,0.00742608
0.43,0.02 ,0.992399, 0.00319104,0.00441042,0.00760147
0.44,0.02 ,0.992203, 0.00319245,0.00460469,0.00779714
0.45,0.02 ,0.991983, 0.00319388,0.00482304,0.00801692
0.46,0.02 ,0.991734, 0.00319532,0.00507027,0.00826559
0.47,0.02 ,0.991451, 0.00319677,0.00535257,0.00854935
0.48,0.02 ,0.991124, 0.00319825,0.00567798,0.00887623
0.49,0.02 ,0.990743, 0.00319973,0.0060572,0.00925694
0.5,0.02 ,0.990294, 0.00320124,0.00650471,0.00970595
0.51,0.02 ,0.989757, 0.00320276,0.00704061,0.0102434
0.52,0.02 ,0.989102, 0.0032043,0.00769354,0.0108978
0.53,0.02 ,0.988289, 0.00320585,0.00850562,0.0117115
0.54,0.02 ,0.987252, 0.00320743,0.00954107,0.0127485
0.55,0.02 ,0.985889, 0.00320902,0.0109019,0.014111
0.56,0.02 ,0.984031, 0.00321063,0.0127582,0.0159689
0.57,0.02 ,0.98138, 0.00321226,0.0154074,0.0186196
0.58,0.02 ,0.977395, 0.00321391,0.0193911,0.022605
0.59,0.02 ,0.971093, 0.00321558,0.0256914,0.028907
0.6,0.02 ,0.960936, 0.00321726,0.0358467,0.039064
0.61,0.02 ,0.945509, 0.00321897,0.0512711,0.05449
0.62,0.02 ,0.925097, 0.0032207,0.0716821,0.0749028
0.63,0.02 ,0.90158, 0.00322245,0.0951972,0.0984197
0.64,0.02 ,0.876736, 0.00322423,0.120039,0.123264
0.65,0.02 ,0.851615, 0.00322602,0.145159,0.148385
0.66,0.02 ,0.826755, 0.00322784,0.170018,0.173245
0.67,0.02 ,0.80242, 0.00322968,0.19435,0.19758
0.68,0.02 ,0.778742, 0.00323154,0.218026,0.221258
0.69,0.02 ,0.755779, 0.00323343,0.240988,0.244221
0.7,0.02 ,0.733552, 0.00323535,0.263213,0.266448
0.71,0.02 ,0.712061, 0.00323728,0.284701,0.287939
0.72,0.02 ,0.691297, 0.00323925,0.305464,0.308703
0.73,0.02 ,0.67124, 0.00324124,0.325519,0.32876
0.74,0.02 ,0.65187, 0.00324326,0.344887,0.34813
0.75,0.02 ,0.633163, 0.0032453,0.363591,0.366837
0.76,0.02 ,0.615096, 0.00324738,0.381656,0.384904
0.77,0.02 ,0.597645, 0.00324948,0.399106,0.402355
0.78,0.02 ,0.580785, 0.00325161,0.415964,0.419215
0.79,0.02 ,0.564494, 0.00325377,0.432253,0.435506
0.8,0.02 ,0.548748, 0.00325597,0.447996,0.451252
0.81,0.02 ,0.533527, 0.00325819,0.463215,0.466473
0.82,0.02 ,0.518809, 0.00326045,0.47793,0.481191
0.83,0.02 ,0.504575, 0.00326274,0.492162,0.495425
0.84,0.02 ,0.490804, 0.00326506,0.505931,0.509196
0.85,0.02 ,0.47748, 0.00326742,0.519253,0.52252
0.86,0.02 ,0.464583, 0.00326982,0.532147,0.535417
0.87,0.02 ,0.452098, 0.00327225,0.54463,0.547902
0.88,0.02 ,0.440009, 0.00327471,0.556717,0.559991
0.89,0.02 ,0.428299, 0.00327722,0.568424,0.571701
0.9,0.02 ,0.416955, 0.00327976,0.579765,0.583045
0.91,0.02 ,0.405963, 0.00328234,0.590755,0.594037
0.92,0.02 ,0.395309, 0.00328496,0.601406,0.604691
0.93,0.02 ,0.38498, 0.00328763,0.611732,0.61502
0.94,0.02 ,0.374966, 0.00329033,0.621744,0.625034
0.95,0.02 ,0.365253, 0.00329308,0.631454,0.634747
0.96,0.02 ,0.355831, 0.00329587,0.640873,0.644169
0.97,0.02 ,0.346689, 0.00329871,0.650012,0.653311
0.98,0.02 ,0.337817, 0.00330159,0.658881,0.662183
0.99,0.02 ,0.329206, 0.00330452,0.667489,0.670794
1,0.02 ,0.320847, 0.0033075,0.675846,0.679153
0,0.03 ,0.994822, 0.00314225,0.00203541,0.00517766
0.01,0.03 ,0.994803, 0.00314321,0.00205335,0.00519656
0.02,0.03 ,0.994784, 0.00314417,0.00207184,0.00521601
0.03,0.03 ,0.994764, 0.00314514,0.00209091,0.00523605
0.04,0.03 ,0.994743, 0.00314612,0.00211059,0.00525671
0.05,0.03 ,0.994722, 0.00314711,0.00213091,0.00527802
0.06,0.03 ,0.9947, 0.0031481,0.00215191,0.00530001
0.07,0.03 ,0.994677, 0.0031491,0.00217363,0.00532273
0.08,0.03 ,0.994654, 0.00315012,0.0021961,0.00534622
0.09,0.03 ,0.994629, 0.00315114,0.00221937,0.0053705
0.1,0.03 ,0.994604, 0.00315216,0.00224348,0.00539564
0.11,0.03 ,0.994578, 0.0031532,0.00226848,0.00542168
0.12,0.03 ,0.994551, 0.00315424,0.00229443,0.00544868
0.13,0.03 ,0.994523, 0.0031553,0.00232139,0.00547669
0.14,0.03 ,0.994494, 0.00315636,0.00234942,0.00550578
0.15,0.03 ,0.994464, 0.00315743,0.00237858,0.00553602
0.16,0.03 ,0.994433, 0.00315851,0.00240896,0.00556748
0.17,0.03 ,0.9944, 0.0031596,0.00244064,0.00560024
0.18,0.03 ,0.994366, 0.0031607,0.00247369,0.0056344
0.19,0.03 ,0.99433, 0.00316181,0.00250824,0.00567005
0.2,0.03 ,0.994293, 0.00316293,0.00254437,0.0057073
0.21,0.03 ,0.994254, 0.00316406,0.00258221,0.00574627
0.22,0.03 ,0.994213, 0.0031652,0.00262189,0.00578709
0.23,0.03 ,0.99417, 0.00316635,0.00266355,0.00582991
0.24,0.03 ,0.994125, 0.00316751,0.00270737,0.00587488
0.25,0.03 ,0.994078, 0.00316868,0.0027535,0.00592218
0.26,0.03 ,0.994028, 0.00316986,0.00280215,0.00597202
0.27,0.03 ,0.993975, 0.00317106,0.00285355,0.00602461
0.28,0.03 ,0.99392, 0.00317226,0.00290794,0.0060802
0.29,0.03 ,0.993861, 0.00317347,0.0029656,0.00613907
0.3,0.03 ,0.993798, 0.0031747,0.00302685,0.00620155
0.31,0.03 ,0.993732, 0.00317594,0.00309205,0.00626799
0.32,0.03 ,0.993661, 0.00317719,0.0031616,0.00633879
0.33,0.03 ,0.993586, 0.00317845,0.00323598,0.00641443
0.34,0.03 ,0.993505, 0.00317973,0.00331572,0.00649545
0.35,0.03 ,0.993418, 0.00318101,0.00340144,0.00658245
0.36,0.03 ,0.993324, 0.00318231,0.00349386,0.00667617
0.37,0.03 ,0.993223, 0.00318362,0.00359381,0.00677744
0.38,0.03 ,0.993113, 0.00318495,0.00370229,0.00688724
0.39,0.03 ,0.992993, 0.00318629,0.00382046,0.00700675
0.4,0.03 ,0.992863, 0.00318764,0.00394971,0.00713735
0.41,0.03 ,0.992719, 0.00318901,0.0040917,0.00728071
0.42,0.03 ,0.992561, 0.00319039,0.00424846,0.00743885
0.43,0.03 ,0.992386, 0.00319179,0.00442244,0.00761422
0.44,0.03 ,0.99219, 0.0031932,0.00461669,0.00780989
0.45,0.03 ,0.99197, 0.00319462,0.00483502,0.00802964
0.46,0.03 ,0.991722, 0.00319606,0.00508223,0.0082783
0.47,0.03 ,0.991438, 0.00319752,0.00536451,0.00856203
0.48,0.03 ,0.991111, 0.00319899,0.00568989,0.00888888
0.49,0.03 ,0.99073, 0.00320048,0.00606907,0.00926955
0.5,0.03 ,0.990281, 0.00320198,0.00651653,0.00971851
0.51,0.03 ,0.989744, 0.0032035,0.00705235,0.0102559
0.52,0.03 ,0.98909, 0.00320504,0.00770519,0.0109102
0.53,0.03 ,0.988276, 0.0032066,0.00851714,0.0117237
0.54,0.03 ,0.987239, 0.00320817,0.00955239,0.0127606
0.55,0.03 ,0.985877, 0.00320976,0.010913,0.0141227
0.56,0.03 ,0.98402, 0.00321137,0.0127688,0.0159802
0.57,0.03 ,0.98137, 0.003213,0.0154172,0.0186302
0.58,0.03 ,0.977386, 0.00321465,0.0193996,0.0226142
0.59,0.03 ,0.971086, 0.00321632,0.0256975,0.0289138
0.6,0.03 ,0.960933, 0.00321801,0.035849,0.039067
0.61,0.03 ,0.945511, 0.00321971,0.0512686,0.0544883
0.62,0.03 ,0.925102, 0.00322144,0.0716758,0.0748972
0.63,0.03 ,0.901588, 0.00322319,0.0951886,0.0984118
0.64,0.03 ,0.876746, 0.00322497,0.120029,0.123254
0.65,0.03 ,0.851625, 0.00322676,0.145148,0.148375
0.66,0.03 ,0.826765, 0.00322858,0.170007,0.173235
0.67,0.03 ,0.802431, 0.00323042,0.194339,0.197569
0.68,0.03 ,0.778752, 0.00323228,0.218015,0.221248
0.69,0.03 ,0.755789, 0.00323417,0.240977,0.244211
0.7,0.03 ,0.733562, 0.00323609,0.263202,0.266438
0.71,0.03 ,0.712071, 0.00323803,0.28469,0.287929
0.72,0.03 ,0.691307, 0.00323999,0.305453,0.308693
0.73,0.03 ,0.67125, 0.00324198,0.325508,0.32875
0.74,0.03 ,0.65188, 0.003244,0.344876,0.34812
0.75,0.03 ,0.633173, 0.00324604,0.363581,0.366827
0.76,0.03 ,0.615106, 0.00324812,0.381646,0.384894
0.77,0.03 ,0.597654, 0.00325022,0.399096,0.402346
0.78,0.03 ,0.580794, 0.00325235,0.415954,0.419206
0.79,0.03 ,0.564503, 0.00325452,0.432243,0.435497
0.8,0.03 ,0.548757, 0.00325671,0.447986,0.451243
0.81,0.03 ,0.533536, 0.00325893,0.463205,0.466464
0.82,0.03 ,0.518818, 0.00326119,0.477921,0.481182
0.83,0.03 ,0.504583, 0.00326348,0.492153,0.495417
0.84,0.03 ,0.490813, 0.0032658,0.505921,0.509187
0.85,0.03 ,0.477488, 0.00326816,0.519244,0.522512
0.86,0.03 ,0.464591, 0.00327055,0.532138,0.535409
0.87,0.03 ,0.452106, 0.00327298,0.544621,0.547894
0.88,0.03 ,0.440016, 0.00327545,0.556708,0.559984
0.89,0.03 ,0.428307, 0.00327795,0.568415,0.571693
0.9,0.03 ,0.416963, 0.0032805,0.579757,0.583037
0.91,0.03 ,0.40597, 0.00328308,0.590747,0.59403
0.92,0.03 ,0.395316, 0.0032857,0.601398,0.604684
0.93,0.03 ,0.384988, 0.00328836,0.611724,0.615012
0.94,0.03 ,0.374973, 0.00329107,0.621736,0.625027
0.95,0.03 ,0.36526, 0.00329382,0.631447,0.63474
0.96,0.03 ,0.355837, 0.00329661,0.640866,0.644163
0.97,0.03 ,0.346696, 0.00329945,0.650005,0.653304
0.98,0.03 ,0.337824, 0.00330233,0.658874,0.662176
0.99,0.03 ,0.329213, 0.00330526,0.667482,0.670787
1,0.03 ,0.320853, 0.00330824,0.675839,0.679147
0,0.04 ,0.994809, 0.003143,0.00204785,0.00519085
0.01,0.04 ,0.99479, 0.00314396,0.00206578,0.00520974
0.02,0.04 ,0.994771, 0.00314492,0.00208427,0.00522919
0.03,0.04 ,0.994751, 0.00314589,0.00210334,0.00524923
0.04,0.04 ,0.99473, 0.00314687,0.00212302,0.00526989
0.05,0.04 ,0.994709, 0.00314786,0.00214334,0.0052912
0.06,0.04 ,0.994687, 0.00314885,0.00216435,0.0053132
0.07,0.04 ,0.994664, 0.00314986,0.00218606,0.00533592
0.08,0.04 ,0.994641, 0.00315087,0.00220853,0.0053594
0.09,0.04 ,0.994616, 0.00315189,0.0022318,0.00538368
0.1,0.04 ,0.994591, 0.00315291,0.00225591,0.00540882
0.11,0.04 ,0.994565, 0.00315395,0.00228091,0.00543486
0.12,0.04 ,0.994538, 0.003155,0.00230686,0.00546186
0.13,0.04 ,0.99451, 0.00315605,0.00233382,0.00548987
0.14,0.04 ,0.994481, 0.00315711,0.00236185,0.00551896
0.15,0.04 ,0.994451, 0.00315818,0.00239101,0.0055492
0.16,0.04 ,0.994419, 0.00315926,0.00242139,0.00558065
0.17,0.04 ,0.994387, 0.00316036,0.00245306,0.00561342
0.18,0.04 ,0.994352, 0.00316145,0.00248612,0.00564758
0.19,0.04 ,0.994317, 0.00316256,0.00252066,0.00568323
0.2,0.04 ,0.99428, 0.00316368,0.00255679,0.00572048
0.21,0.04 ,0.994241, 0.00316481,0.00259463,0.00575944
0.22,0.04 ,0.9942, 0.00316595,0.00263431,0.00580026
0.23,0.04 ,0.994157, 0.0031671,0.00267598,0.00584308
0.24,0.04 ,0.994112, 0.00316826,0.00271979,0.00588805
0.25,0.04 ,0.994065, 0.00316943,0.00276592,0.00593535
0.26,0.04 ,0.994015, 0.00317061,0.00281457,0.00598518
0.27,0.04 ,0.993962, 0.00317181,0.00286597,0.00603777
0.28,0.04 ,0.993907, 0.00317301,0.00292035,0.00609336
0.29,0.04 ,0.993848, 0.00317422,0.00297801,0.00615224
0.3,0.04 ,0.993785, 0.00317545,0.00303926,0.00621471
0.31,0.04 ,0.993719, 0.00317669,0.00310446,0.00628115
0.32,0.04 ,0.993648, 0.00317794,0.00317401,0.00635195
0.33,0.04 ,0.993572, 0.0031792,0.00324838,0.00642758
0.34,0.04 ,0.993491, 0.00318047,0.00332812,0.00650859
0.35,0.04 ,0.993404, 0.00318176,0.00341383,0.00659559
0.36,0.04 ,0.993311, 0.00318306,0.00350625,0.00668931
0.37,0.04 ,0.993209, 0.00318437,0.0036062,0.00679057
0.38,0.04 ,0.9931, 0.0031857,0.00371467,0.00690037
0.39,0.04 ,0.99298, 0.00318704,0.00383284,0.00701987
0.4,0.04 ,0.99285, 0.00318839,0.00396208,0.00715047
0.41,0.04 ,0.992706, 0.00318976,0.00410406,0.00729382
0.42,0.04 ,0.992548, 0.00319114,0.0042608,0.00745194
0.43,0.04 ,0.992373, 0.00319253,0.00443477,0.00762731
0.44,0.04 ,0.992177, 0.00319395,0.00462901,0.00782296
0.45,0.04 ,0.991957, 0.00319537,0.00484733,0.0080427
0.46,0.04 ,0.991709, 0.00319681,0.00509452,0.00829133
0.47,0.04 ,0.991425, 0.00319827,0.00537677,0.00857503
0.48,0.04 ,0.991098, 0.00319974,0.00570211,0.00890185
0.49,0.04 ,0.990718, 0.00320123,0.00608125,0.00928248
0.5,0.04 ,0.990269, 0.00320273,0.00652866,0.00973139
0.51,0.04 ,0.989731, 0.00320425,0.00706441,0.0102687
0.52,0.04 ,0.989077, 0.00320579,0.00771715,0.0109229
0.53,0.04 ,0.988264, 0.00320735,0.00852896,0.0117363
0.54,0.04 ,0.987227, 0.00320892,0.00956401,0.0127729
0.55,0.04 ,0.985865, 0.00321051,0.0109243,0.0141348
0.56,0.04 ,0.984008, 0.00321212,0.0127797,0.0159918
0.57,0.04 ,0.981359, 0.00321375,0.0154273,0.018641
0.58,0.04 ,0.977376, 0.0032154,0.0194083,0.0226237
0.59,0.04 ,0.971079, 0.00321707,0.0257038,0.0289208
0.6,0.04 ,0.96093, 0.00321875,0.0358513,0.0390701
0.61,0.04 ,0.945513, 0.00322046,0.0512662,0.0544866
0.62,0.04 ,0.925108, 0.00322219,0.0716693,0.0748915
0.63,0.04 ,0.901596, 0.00322394,0.0951797,0.0984036
0.64,0.04 ,0.876755, 0.00322571,0.120019,0.123245
0.65,0.04 ,0.851635, 0.00322751,0.145137,0.148365
0.66,0.04 ,0.826775, 0.00322933,0.169996,0.173225
0.67,0.04 ,0.802441, 0.00323117,0.194328,0.197559
0.68,0.04 ,0.778763, 0.00323303,0.218004,0.221237
0.69,0.04 ,0.7558, 0.00323492,0.240966,0.2442
0.7,0.04 ,0.733572, 0.00323683,0.263191,0.266428
0.71,0.04 ,0.712082, 0.00323877,0.284679,0.287918
0.72,0.04 ,0.691317, 0.00324074,0.305442,0.308683
0.73,0.04 ,0.67126, 0.00324273,0.325497,0.32874
0.74,0.04 ,0.65189, 0.00324475,0.344866,0.34811
0.75,0.04 ,0.633183, 0.00324679,0.363571,0.366817
0.76,0.04 ,0.615115, 0.00324886,0.381636,0.384885
0.77,0.04 ,0.597663, 0.00325097,0.399086,0.402337
0.78,0.04 ,0.580803, 0.0032531,0.415944,0.419197
0.79,0.04 ,0.564512, 0.00325526,0.432233,0.435488
0.8,0.04 ,0.548766, 0.00325745,0.447976,0.451234
0.81,0.04 ,0.533545, 0.00325968,0.463196,0.466455
0.82,0.04 ,0.518827, 0.00326194,0.477911,0.481173
0.83,0.04 ,0.504592, 0.00326423,0.492144,0.495408
0.84,0.04 ,0.490821, 0.00326655,0.505912,0.509179
0.85,0.04 ,0.477496, 0.00326891,0.519235,0.522504
0.86,0.04 ,0.4646, 0.0032713,0.532129,0.5354
0.87,0.04 ,0.452114, 0.00327373,0.544612,0.547886
0.88,0.04 ,0.440024, 0.0032762,0.5567,0.559976
0.89,0.04 ,0.428315, 0.0032787,0.568407,0.571685
0.9,0.04 ,0.41697, 0.00328124,0.579748,0.58303
0.91,0.04 ,0.405978, 0.00328382,0.590738,0.594022
0.92,0.04 ,0.395324, 0.00328645,0.60139,0.604676
0.93,0.04 ,0.384995, 0.00328911,0.611716,0.615005
0.94,0.04 ,0.37498, 0.00329181,0.621728,0.62502
0.95,0.04 ,0.365267, 0.00329456,0.631439,0.634733
0.96,0.04 ,0.355845, 0.00329735,0.640858,0.644155
0.97,0.04 ,0.346703, 0.00330019,0.649997,0.653297
0.98,0.04 ,0.337831, 0.00330307,0.658866,0.662169
0.99,0.04 ,0.32922, 0.003306,0.667474,0.67078
1,0.04 ,0.32086, 0.00330898,0.675831,0.67914
0,0.05 ,0.994796, 0.00314376,0.00206062,0.00520438
0.01,0.05 ,0.994777, 0.00314471,0.00207856,0.00522327
0.02,0.05 ,0.994757, 0.00314568,0.00209705,0.00524272
0.03,0.05 ,0.994737, 0.00314665,0.00211611,0.00526276
0.04,0.05 ,0.994717, 0.00314763,0.00213579,0.00528342
0.05,0.05 ,0.994695, 0.00314861,0.00215612,0.00530473
0.06,0.05 ,0.994673, 0.00314961,0.00217712,0.00532673
0.07,0.05 ,0.994651, 0.00315061,0.00219883,0.00534945
0.08,0.05 ,0.994627, 0.00315162,0.0022213,0.00537293
0.09,0.05 ,0.994603, 0.00315264,0.00224457,0.00539721
0.1,0.05 ,0.994578, 0.00315367,0.00226868,0.00542235
0.11,0.05 ,0.994552, 0.00315471,0.00229368,0.00544839
0.12,0.05 ,0.994525, 0.00315575,0.00231963,0.00547539
0.13,0.05 ,0.994497, 0.00315681,0.00234659,0.0055034
0.14,0.05 ,0.994468, 0.00315787,0.00237462,0.00553248
0.15,0.05 ,0.994437, 0.00315894,0.00240378,0.00556272
0.16,0.05 ,0.994406, 0.00316002,0.00243416,0.00559418
0.17,0.05 ,0.994373, 0.00316111,0.00246583,0.00562694
0.18,0.05 ,0.994339, 0.00316221,0.00249889,0.0056611
0.19,0.05 ,0.994303, 0.00316332,0.00253342,0.00569675
0.2,0.05 ,0.994266, 0.00316444,0.00256956,0.005734
0.21,0.05 ,0.994227, 0.00316557,0.00260739,0.00577296
0.22,0.05 ,0.994186, 0.00316671,0.00264707,0.00581378
0.23,0.05 ,0.994143, 0.00316786,0.00268874,0.00585659
0.24,0.05 ,0.994098, 0.00316902,0.00273254,0.00590156
0.25,0.05 ,0.994051, 0.00317019,0.00277867,0.00594886
0.26,0.05 ,0.994001, 0.00317137,0.00282733,0.0059987
0.27,0.05 ,0.993949, 0.00317256,0.00287872,0.00605128
0.28,0.05 ,0.993893, 0.00317377,0.00293311,0.00610687
0.29,0.05 ,0.993834, 0.00317498,0.00299076,0.00616574
0.3,0.05 ,0.993772, 0.00317621,0.00305201,0.00622822
0.31,0.05 ,0.993705, 0.00317744,0.0031172,0.00629465
0.32,0.05 ,0.993635, 0.00317869,0.00318675,0.00636545
0.33,0.05 ,0.993559, 0.00317996,0.00326112,0.00644108
0.34,0.05 ,0.993478, 0.00318123,0.00334086,0.00652209
0.35,0.05 ,0.993391, 0.00318252,0.00342657,0.00660908
0.36,0.05 ,0.993297, 0.00318382,0.00351898,0.00670279
0.37,0.05 ,0.993196, 0.00318513,0.00361892,0.00680405
0.38,0.05 ,0.993086, 0.00318646,0.00372739,0.00691385
0.39,0.05 ,0.992967, 0.00318779,0.00384555,0.00703334
0.4,0.05 ,0.992836, 0.00318915,0.00397478,0.00716393
0.41,0.05 ,0.992693, 0.00319051,0.00411676,0.00730727
0.42,0.05 ,0.992535, 0.0031919,0.00427349,0.00746539
0.43,0.05 ,0.992359, 0.00319329,0.00444745,0.00764074
0.44,0.05 ,0.992164, 0.0031947,0.00464167,0.00783637
0.45,0.05 ,0.991944, 0.00319613,0.00485997,0.00805609
0.46,0.05 ,0.991695, 0.00319757,0.00510714,0.0083047
0.47,0.05 ,0.991412, 0.00319902,0.00538936,0.00858838
0.48,0.05 ,0.991085, 0.00320049,0.00571467,0.00891517
0.49,0.05 ,0.990704, 0.00320198,0.00609377,0.00929575
0.5,0.05 ,0.990255, 0.00320349,0.00654112,0.0097446
0.51,0.05 ,0.989718, 0.00320501,0.0070768,0.0102818
0.52,0.05 ,0.989064, 0.00320655,0.00772944,0.010936
0.53,0.05 ,0.988251, 0.0032081,0.00854111,0.0117492
0.54,0.05 ,0.987214, 0.00320967,0.00957596,0.0127856
0.55,0.05 ,0.985853, 0.00321127,0.0109359,0.0141472
0.56,0.05 ,0.983996, 0.00321288,0.0127908,0.0160037
0.57,0.05 ,0.981348, 0.0032145,0.0154376,0.0186521
0.58,0.05 ,0.977367, 0.00321615,0.0194172,0.0226334
0.59,0.05 ,0.971072, 0.00321782,0.0257102,0.0289281
0.6,0.05 ,0.960926, 0.00321951,0.0358537,0.0390733
0.61,0.05 ,0.945515, 0.00322122,0.0512636,0.0544849
0.62,0.05 ,0.925114, 0.00322295,0.0716627,0.0748857
0.63,0.05 ,0.901605, 0.0032247,0.0951706,0.0983953
0.64,0.05 ,0.876765, 0.00322647,0.120009,0.123235
0.65,0.05 ,0.851646, 0.00322826,0.145126,0.148354
0.66,0.05 ,0.826786, 0.00323008,0.169984,0.173214
0.67,0.05 ,0.802452, 0.00323192,0.194316,0.197548
0.68,0.05 ,0.778774, 0.00323379,0.217993,0.221226
0.69,0.05 ,0.75581, 0.00323567,0.240954,0.24419
0.7,0.05 ,0.733583, 0.00323759,0.263179,0.266417
0.71,0.05 ,0.712092, 0.00323953,0.284668,0.287908
0.72,0.05 ,0.691327, 0.00324149,0.305431,0.308673
0.73,0.05 ,0.67127, 0.00324348,0.325486,0.32873
0.74,0.05 ,0.6519, 0.0032455,0.344855,0.3481
0.75,0.05 ,0.633193, 0.00324754,0.36356,0.366807
0.76,0.05 ,0.615125, 0.00324962,0.381625,0.384875
0.77,0.05 ,0.597673, 0.00325172,0.399075,0.402327
0.78,0.05 ,0.580813, 0.00325385,0.415933,0.419187
0.79,0.05 ,0.564521, 0.00325601,0.432223,0.435479
0.8,0.05 ,0.548775, 0.00325821,0.447966,0.451225
0.81,0.05 ,0.533554, 0.00326043,0.463186,0.466446
0.82,0.05 ,0.518836, 0.00326269,0.477902,0.481164
0.83,0.05 ,0.504601, 0.00326498,0.492134,0.495399
0.84,0.05 ,0.49083, 0.0032673,0.505903,0.50917
0.85,0.05 ,0.477505, 0.00326966,0.519225,0.522495
0.86,0.05 ,0.464608, 0.00327205,0.53212,0.535392
0.87,0.05 ,0.452123, 0.00327448,0.544603,0.547877
0.88,0.05 ,0.440033, 0.00327695,0.556691,0.559967
0.89,0.05 ,0.428323, 0.00327945,0.568398,0.571677
0.9,0.05 ,0.416978, 0.00328199,0.57974,0.583022
0.91,0.05 ,0.405986, 0.00328457,0.59073,0.594014
0.92,0.05 ,0.395331, 0.0032872,0.601382,0.604669
0.93,0.05 ,0.385002, 0.00328986,0.611708,0.614998
0.94,0.05 ,0.374987, 0.00329256,0.62172,0.625013
0.95,0.05 ,0.365274, 0.00329531,0.631431,0.634726
0.96,0.05 ,0.355852, 0.0032981,0.64085,0.644148
0.97,0.05 ,0.34671, 0.00330094,0.649989,0.65329
0.98,0.05 ,0.337838, 0.00330382,0.658858,0.662162
0.99,0.05 ,0.329227, 0.00330675,0.667467,0.670773
1,0.05 ,0.320867, 0.00330973,0.675824,0.679133
0,0.06 ,0.994782, 0.00314452,0.00207375,0.00521827
0.01,0.06 ,0.994763, 0.00314548,0.00209169,0.00523716
0.02,0.06 ,0.994743, 0.00314644,0.00211017,0.00525662
0.03,0.06 ,0.994723, 0.00314741,0.00212924,0.00527665
0.04,0.06 ,0.994703, 0.00314839,0.00214892,0.00529731
0.05,0.06 ,0.994681, 0.00314938,0.00216924,0.00531862
0.06,0.06 ,0.994659, 0.00315037,0.00219024,0.00534062
0.07,0.06 ,0.994637, 0.00315138,0.00221196,0.00536334
0.08,0.06 ,0.994613, 0.00315239,0.00223443,0.00538682
0.09,0.06 ,0.994589, 0.00315341,0.0022577,0.0054111
0.1,0.06 ,0.994564, 0.00315443,0.0022818,0.00543624
0.11,0.06 ,0.994538, 0.00315547,0.00230681,0.00546228
0.12,0.06 ,0.994511, 0.00315652,0.00233276,0.00548927
0.13,0.06 ,0.994483, 0.00315757,0.00235971,0.00551728
0.14,0.06 ,0.994454, 0.00315863,0.00238774,0.00554637
0.15,0.06 ,0.994423, 0.0031597,0.0024169,0.00557661
0.16,0.06 ,0.994392, 0.00316078,0.00244728,0.00560806
0.17,0.06 ,0.994359, 0.00316187,0.00247895,0.00564082
0.18,0.06 ,0.994325, 0.00316297,0.00251201,0.00567498
0.19,0.06 ,0.994289, 0.00316408,0.00254654,0.00571063
0.2,0.06 ,0.994252, 0.0031652,0.00258267,0.00574788
0.21,0.06 ,0.994213, 0.00316633,0.00262051,0.00578684
0.22,0.06 ,0.994172, 0.00316747,0.00266019,0.00582766
0.23,0.06 ,0.99413, 0.00316862,0.00270185,0.00587047
0.24,0.06 ,0.994085, 0.00316978,0.00274566,0.00591544
0.25,0.06 ,0.994037, 0.00317095,0.00279179,0.00596274
0.26,0.06 ,0.993987, 0.00317213,0.00284044,0.00601257
0.27,0.06 ,0.993935, 0.00317333,0.00289183,0.00606515
0.28,0.06 ,0.993879, 0.00317453,0.00294621,0.00612074
0.29,0.06 ,0.99382, 0.00317574,0.00300387,0.00617961
0.3,0.06 ,0.993758, 0.00317697,0.00306511,0.00624208
0.31,0.06 ,0.993691, 0.00317821,0.0031303,0.00630851
0.32,0.06 ,0.993621, 0.00317946,0.00319985,0.00637931
0.33,0.06 ,0.993545, 0.00318072,0.00327422,0.00645494
0.34,0.06 ,0.993464, 0.00318199,0.00335395,0.00653594
0.35,0.06 ,0.993377, 0.00318328,0.00343965,0.00662293
0.36,0.06 ,0.993283, 0.00318458,0.00353206,0.00671664
0.37,0.06 ,0.993182, 0.00318589,0.003632,0.00681789
0.38,0.06 ,0.993072, 0.00318722,0.00374046,0.00692768
0.39,0.06 ,0.992953, 0.00318856,0.00385861,0.00704717
0.4,0.06 ,0.992822, 0.00318991,0.00398784,0.00717775
0.41,0.06 ,0.992679, 0.00319128,0.00412981,0.00732108
0.42,0.06 ,0.992521, 0.00319266,0.00428653,0.00747919
0.43,0.06 ,0.992345, 0.00319405,0.00446047,0.00765453
0.44,0.06 ,0.99215, 0.00319546,0.00465468,0.00785015
0.45,0.06 ,0.99193, 0.00319689,0.00487296,0.00806985
0.46,0.06 ,0.991682, 0.00319833,0.00512011,0.00831844
0.47,0.06 ,0.991398, 0.00319978,0.0054023,0.00860209
0.48,0.06 ,0.991071, 0.00320126,0.00572758,0.00892884
0.49,0.06 ,0.990691, 0.00320274,0.00610663,0.00930938
0.5,0.06 ,0.990242, 0.00320425,0.00655393,0.00975817
0.51,0.06 ,0.989705, 0.00320577,0.00708953,0.0102953
0.52,0.06 ,0.989051, 0.00320731,0.00774207,0.0109494
0.53,0.06 ,0.988238, 0.00320886,0.0085536,0.0117625
0.54,0.06 ,0.987201, 0.00321044,0.00958824,0.0127987
0.55,0.06 ,0.98584, 0.00321203,0.0109479,0.0141599
0.56,0.06 ,0.983984, 0.00321364,0.0128023,0.0160159
0.57,0.06 ,0.981336, 0.00321527,0.0154483,0.0186635
0.58,0.06 ,0.977357, 0.00321691,0.0194264,0.0226433
0.59,0.06 ,0.971064, 0.00321858,0.0257169,0.0289355
0.6,0.06 ,0.960923, 0.00322027,0.0358563,0.0390765
0.61,0.06 ,0.945516, 0.00322198,0.0512611,0.0544831
0.62,0.06 ,0.92512, 0.00322371,0.071656,0.0748797
0.63,0.06 ,0.901613, 0.00322546,0.0951613,0.0983868
0.64,0.06 ,0.876775, 0.00322723,0.119998,0.123225
0.65,0.06 ,0.851656, 0.00322902,0.145115,0.148344
0.66,0.06 ,0.826797, 0.00323084,0.169972,0.173203
0.67,0.06 ,0.802463, 0.00323268,0.194304,0.197537
0.68,0.06 ,0.778785, 0.00323455,0.217981,0.221215
0.69,0.06 ,0.755821, 0.00323643,0.240942,0.244179
0.7,0.06 ,0.733594, 0.00323835,0.263168,0.266406
0.71,0.06 ,0.712103, 0.00324029,0.284656,0.287897
0.72,0.06 ,0.691338, 0.00324225,0.30542,0.308662
0.73,0.06 ,0.671281, 0.00324424,0.325475,0.328719
0.74,0.06 ,0.65191, 0.00324626,0.344844,0.34809
0.75,0.06 ,0.633203, 0.0032483,0.363549,0.366797
0.76,0.06 ,0.615135, 0.00325038,0.381614,0.384865
0.77,0.06 ,0.597683, 0.00325248,0.399064,0.402317
0.78,0.06 ,0.580823, 0.00325461,0.415923,0.419177
0.79,0.06 ,0.564531, 0.00325677,0.432212,0.435469
0.8,0.06 ,0.548785, 0.00325897,0.447956,0.451215
0.81,0.06 ,0.533563, 0.00326119,0.463176,0.466437
0.82,0.06 ,0.518845, 0.00326345,0.477892,0.481155
0.83,0.06 ,0.50461, 0.00326574,0.492124,0.49539
0.84,0.06 ,0.490839, 0.00326806,0.505893,0.509161
0.85,0.06 ,0.477514, 0.00327042,0.519216,0.522486
0.86,0.06 ,0.464617, 0.00327281,0.53211,0.535383
0.87,0.06 ,0.452131, 0.00327524,0.544594,0.547869
0.88,0.06 ,0.440041, 0.0032777,0.556681,0.559959
0.89,0.06 ,0.428331, 0.00328021,0.568389,0.571669
0.9,0.06 ,0.416986, 0.00328275,0.579731,0.583014
0.91,0.06 ,0.405994, 0.00328533,0.590721,0.594006
0.92,0.06 ,0.395339, 0.00328795,0.601373,0.604661
0.93,0.06 ,0.38501, 0.00329062,0.611699,0.61499
0.94,0.06 ,0.374995, 0.00329332,0.621712,0.625005
0.95,0.06 ,0.365282, 0.00329607,0.631422,0.634718
0.96,0.06 ,0.355859, 0.00329886,0.640842,0.644141
0.97,0.06 ,0.346717, 0.0033017,0.649981,0.653283
0.98,0.06 ,0.337845, 0.00330458,0.65885,0.662155
0.99,0.06 ,0.329234, 0.00330751,0.667459,0.670766
1,0.06 ,0.320874, 0.00331048,0.675816,0.679126
0,0.07 ,0.994767, 0.00314529,0.00208725,0.00523255
0.01,0.07 ,0.994749, 0.00314625,0.00210519,0.00525144
0.02,0.07 ,0.994729, 0.00314721,0.00212368,0.00527089
0.03,0.07 ,0.994709, 0.00314818,0.00214274,0.00529093
0.04,0.07 ,0.994688, 0.00314916,0.00216242,0.00531158
0.05,0.07 ,0.994667, 0.00315015,0.00218274,0.00533289
0.06,0.07 ,0.994645, 0.00315114,0.00220374,0.00535489
0.07,0.07 ,0.994622, 0.00315215,0.00222546,0.0053776
0.08,0.07 ,0.994599, 0.00315316,0.00224793,0.00540108
0.09,0.07 ,0.994575, 0.00315418,0.00227119,0.00542537
0.1,0.07 ,0.994549, 0.0031552,0.0022953,0.00545051
0.11,0.07 ,0.994523, 0.00315624,0.00232031,0.00547655
0.12,0.07 ,0.994496, 0.00315729,0.00234625,0.00550354
0.13,0.07 ,0.994468, 0.00315834,0.00237321,0.00553155
0.14,0.07 ,0.994439, 0.0031594,0.00240123,0.00556064
0.15,0.07 ,0.994409, 0.00316047,0.0024304,0.00559087
0.16,0.07 ,0.994378, 0.00316155,0.00246077,0.00562233
0.17,0.07 ,0.994345, 0.00316264,0.00249244,0.00565509
0.18,0.07 ,0.994311, 0.00316374,0.0025255,0.00568924
0.19,0.07 ,0.994275, 0.00316485,0.00256004,0.00572489
0.2,0.07 ,0.994238, 0.00316597,0.00259616,0.00576214
0.21,0.07 ,0.994199, 0.0031671,0.002634,0.0058011
0.22,0.07 ,0.994158, 0.00316824,0.00267368,0.00584192
0.23,0.07 ,0.994115, 0.00316939,0.00271534,0.00588473
0.24,0.07 ,0.99407, 0.00317055,0.00275914,0.00592969
0.25,0.07 ,0.994023, 0.00317172,0.00280527,0.00597699
0.26,0.07 ,0.993973, 0.0031729,0.00285392,0.00602682
0.27,0.07 ,0.993921, 0.00317409,0.00290531,0.00607941
0.28,0.07 ,0.993865, 0.0031753,0.00295969,0.00613499
0.29,0.07 ,0.993806, 0.00317651,0.00301735,0.00619386
0.3,0.07 ,0.993744, 0.00317774,0.00307859,0.00625633
0.31,0.07 ,0.993677, 0.00317898,0.00314378,0.00632275
0.32,0.07 ,0.993606, 0.00318023,0.00321332,0.00639355
0.33,0.07 ,0.993531, 0.00318149,0.00328769,0.00646917
0.34,0.07 ,0.99345, 0.00318276,0.00336741,0.00655017
0.35,0.07 ,0.993363, 0.00318405,0.00345311,0.00663716
0.36,0.07 ,0.993269, 0.00318535,0.00354551,0.00673086
0.37,0.07 ,0.993168, 0.00318666,0.00364545,0.00683211
0.38,0.07 ,0.993058, 0.00318799,0.00375391,0.00694189
0.39,0.07 ,0.992939, 0.00318933,0.00387205,0.00706138
0.4,0.07 ,0.992808, 0.00319068,0.00400127,0.00719195
0.41,0.07 ,0.992665, 0.00319205,0.00414322,0.00733527
0.42,0.07 ,0.992507, 0.00319343,0.00429994,0.00749336
0.43,0.07 ,0.992331, 0.00319482,0.00447387,0.00766869
0.44,0.07 ,0.992136, 0.00319623,0.00466806,0.0078643
0.45,0.07 ,0.991916, 0.00319766,0.00488632,0.00808398
0.46,0.07 ,0.991667, 0.0031991,0.00513345,0.00833254
0.47,0.07 ,0.991384, 0.00320055,0.00541561,0.00861617
0.48,0.07 ,0.991057, 0.00320202,0.00574086,0.00894288
0.49,0.07 ,0.990677, 0.00320351,0.00611987,0.00932338
0.5,0.07 ,0.990228, 0.00320502,0.0065671,0.00977211
0.51,0.07 ,0.989691, 0.00320654,0.00710263,0.0103092
0.52,0.07 ,0.989037, 0.00320807,0.00775506,0.0109631
0.53,0.07 ,0.988224, 0.00320963,0.00856644,0.0117761
0.54,0.07 ,0.987188, 0.0032112,0.00960087,0.0128121
