Betamv, Betapv,V,Rs,Rv,P
0,0 ,0.974771, 0.0232286,0.002,0.0252286
0.01,0 ,0.974449, 0.0232808,0.00226974,0.0255505
0.02,0 ,0.974117, 0.0233332,0.0025495,0.0258827
0.03,0 ,0.973774, 0.0233859,0.00283979,0.0262257
0.04,0 ,0.97342, 0.0234389,0.00314116,0.02658
0.05,0 ,0.973054, 0.0234921,0.00345418,0.0269463
0.06,0 ,0.972675, 0.0235456,0.00377948,0.0273251
0.07,0 ,0.972283, 0.0235995,0.0041177,0.0277172
0.08,0 ,0.971877, 0.0236535,0.00446958,0.0281231
0.09,0 ,0.971456, 0.0237079,0.00483586,0.0285438
0.1,0 ,0.97102, 0.0237626,0.00521736,0.0289799
0.11,0 ,0.970568, 0.0238175,0.00561496,0.0294325
0.12,0 ,0.970098, 0.0238728,0.00602962,0.0299024
0.13,0 ,0.969609, 0.0239283,0.00646234,0.0303906
0.14,0 ,0.969102, 0.0239841,0.00691422,0.0308984
0.15,0 ,0.968573, 0.0240402,0.00738647,0.0314267
0.16,0 ,0.968023, 0.0240967,0.00788036,0.031977
0.17,0 ,0.967449, 0.0241534,0.00839729,0.0325507
0.18,0 ,0.966851, 0.0242104,0.00893877,0.0331492
0.19,0 ,0.966226, 0.0242677,0.00950645,0.0337741
0.2,0 ,0.965573, 0.0243253,0.0101021,0.0344274
0.21,0 ,0.964889, 0.0243832,0.0107277,0.035111
0.22,0 ,0.964173, 0.0244415,0.0113854,0.0358269
0.23,0 ,0.963423, 0.0245,0.0120775,0.0365775
0.24,0 ,0.962635, 0.0245588,0.0128066,0.0373654
0.25,0 ,0.961807, 0.024618,0.0135754,0.0381934
0.26,0 ,0.960935, 0.0246775,0.0143871,0.0390646
0.27,0 ,0.960018, 0.0247373,0.0152451,0.0399824
0.28,0 ,0.95905, 0.0247974,0.0161531,0.0409505
0.29,0 ,0.958027, 0.0248578,0.0171153,0.0419731
0.3,0 ,0.956945, 0.0249185,0.0181364,0.0430549
0.31,0 ,0.955799, 0.0249796,0.0192213,0.044201
0.32,0 ,0.954583, 0.025041,0.020376,0.045417
0.33,0 ,0.953291, 0.0251027,0.0216067,0.0467094
0.34,0 ,0.951915, 0.0251648,0.0229206,0.0480854
0.35,0 ,0.950447, 0.0252272,0.0243256,0.0495528
0.36,0 ,0.948879, 0.0252899,0.0258309,0.0511207
0.37,0 ,0.947201, 0.0253529,0.0274464,0.0527993
0.38,0 ,0.9454, 0.0254163,0.0291836,0.0546
0.39,0 ,0.943464, 0.02548,0.0310555,0.0565356
0.4,0 ,0.941379, 0.0255441,0.0330767,0.0586208
0.41,0 ,0.939128, 0.0256085,0.0352637,0.0608722
0.42,0 ,0.936691, 0.0256732,0.0376354,0.0633087
0.43,0 ,0.934048, 0.0257383,0.0402133,0.0659516
0.44,0 ,0.931174, 0.0258038,0.0430217,0.0688255
0.45,0 ,0.928042, 0.0258696,0.0460884,0.071958
0.46,0 ,0.924619, 0.0259357,0.0494449,0.0753806
0.47,0 ,0.920871, 0.0260022,0.0531267,0.0791289
0.48,0 ,0.916757, 0.026069,0.0571741,0.0832432
0.49,0 ,0.912232, 0.0261362,0.0616322,0.0877684
0.5,0 ,0.907245, 0.0262038,0.0665508,0.0927546
0.51,0 ,0.901744, 0.0262717,0.0719847,0.0982564
0.52,0 ,0.895667, 0.02634,0.0779929,0.104333
0.53,0 ,0.888954, 0.0264086,0.0846371,0.111046
0.54,0 ,0.881543, 0.0264776,0.0919799,0.118457
0.55,0 ,0.873371, 0.026547,0.100082,0.126629
0.56,0 ,0.864387, 0.0266167,0.108996,0.135613
0.57,0 ,0.854547, 0.0266869,0.118766,0.145453
0.58,0 ,0.843825, 0.0267573,0.129417,0.156175
0.59,0 ,0.832217, 0.0268282,0.140955,0.167783
0.6,0 ,0.819743, 0.0268994,0.153358,0.180257
0.61,0 ,0.80645, 0.026971,0.166579,0.19355
0.62,0 ,0.792409, 0.027043,0.180548,0.207591
0.63,0 ,0.777713, 0.0271154,0.195172,0.222287
0.64,0 ,0.762467, 0.0271882,0.210345,0.237533
0.65,0 ,0.746786, 0.0272613,0.225953,0.253214
0.66,0 ,0.730784, 0.0273348,0.241881,0.269216
0.67,0 ,0.714571, 0.0274087,0.258021,0.285429
0.68,0 ,0.698247, 0.027483,0.27427,0.301753
0.69,0 ,0.681904, 0.0275577,0.290538,0.318096
0.7,0 ,0.665619, 0.0276328,0.306748,0.334381
0.71,0 ,0.649459, 0.0277083,0.322833,0.350541
0.72,0 ,0.633477, 0.0277842,0.338738,0.366523
0.73,0 ,0.617719, 0.0278605,0.35442,0.382281
0.74,0 ,0.602219, 0.0279371,0.369844,0.397781
0.75,0 ,0.587005, 0.0280142,0.384981,0.412995
0.76,0 ,0.572097, 0.0280917,0.399812,0.427903
0.77,0 ,0.55751, 0.0281696,0.414321,0.44249
0.78,0 ,0.543254, 0.0282479,0.428498,0.456746
0.79,0 ,0.529336, 0.0283266,0.442338,0.470664
0.8,0 ,0.515759, 0.0284057,0.455836,0.484241
0.81,0 ,0.502523, 0.0284852,0.468992,0.497477
0.82,0 ,0.489628, 0.0285651,0.481806,0.510372
0.83,0 ,0.477071, 0.0286455,0.494283,0.522929
0.84,0 ,0.464847, 0.0287262,0.506427,0.535153
0.85,0 ,0.452951, 0.0288074,0.518241,0.547049
0.86,0 ,0.441377, 0.028889,0.529734,0.558623
0.87,0 ,0.430119, 0.028971,0.54091,0.569881
0.88,0 ,0.41917, 0.0290535,0.551777,0.58083
0.89,0 ,0.408521, 0.0291363,0.562342,0.591479
0.9,0 ,0.398167, 0.0292196,0.572614,0.601833
0.91,0 ,0.388098, 0.0293033,0.582598,0.611902
0.92,0 ,0.378309, 0.0293874,0.592304,0.621691
0.93,0 ,0.36879, 0.029472,0.601738,0.63121
0.94,0 ,0.359534, 0.029557,0.610909,0.640466
0.95,0 ,0.350534, 0.0296424,0.619824,0.649466
0.96,0 ,0.341782, 0.0297283,0.62849,0.658218
0.97,0 ,0.333271, 0.0298145,0.636914,0.666729
0.98,0 ,0.324994, 0.0299013,0.645104,0.675006
0.99,0 ,0.316945, 0.0299884,0.653067,0.683055
1,0 ,0.309115, 0.030076,0.660809,0.690885
0,0.01 ,0.974759, 0.0232292,0.00201158,0.0252407
0.01,0.01 ,0.974437, 0.0232813,0.00228131,0.0255626
0.02,0.01 ,0.974105, 0.0233337,0.00256107,0.0258948
0.03,0.01 ,0.973762, 0.0233864,0.00285136,0.0262378
0.04,0.01 ,0.973408, 0.0234394,0.00315272,0.0265921
0.05,0.01 ,0.973042, 0.0234926,0.00346574,0.0269584
0.06,0.01 ,0.972663, 0.0235462,0.00379102,0.0273372
0.07,0.01 ,0.972271, 0.0236,0.00412925,0.0277292
0.08,0.01 ,0.971865, 0.0236541,0.00448111,0.0281352
0.09,0.01 ,0.971444, 0.0237084,0.00484739,0.0285558
0.1,0.01 ,0.971008, 0.0237631,0.00522888,0.028992
0.11,0.01 ,0.970555, 0.0238181,0.00562648,0.0294445
0.12,0.01 ,0.970086, 0.0238733,0.00604112,0.0299144
0.13,0.01 ,0.969597, 0.0239288,0.00647383,0.0304027
0.14,0.01 ,0.96909, 0.0239846,0.00692571,0.0309104
0.15,0.01 ,0.968561, 0.0240408,0.00739794,0.0314387
0.16,0.01 ,0.968011, 0.0240972,0.00789182,0.031989
0.17,0.01 ,0.967437, 0.0241539,0.00840874,0.0325626
0.18,0.01 ,0.966839, 0.0242109,0.00895021,0.0331611
0.19,0.01 ,0.966214, 0.0242682,0.00951787,0.0337861
0.2,0.01 ,0.965561, 0.0243258,0.0101135,0.0344393
0.21,0.01 ,0.964877, 0.0243837,0.0107391,0.0351229
0.22,0.01 ,0.964161, 0.024442,0.0113968,0.0358388
0.23,0.01 ,0.963411, 0.0245005,0.0120889,0.0365894
0.24,0.01 ,0.962623, 0.0245594,0.0128179,0.0373772
0.25,0.01 ,0.961795, 0.0246185,0.0135867,0.0382052
0.26,0.01 ,0.960924, 0.024678,0.0143984,0.0390764
0.27,0.01 ,0.960006, 0.0247378,0.0152563,0.0399941
0.28,0.01 ,0.959038, 0.0247979,0.0161643,0.0409622
0.29,0.01 ,0.958015, 0.0248583,0.0171265,0.0419848
0.3,0.01 ,0.956933, 0.0249191,0.0181475,0.0430666
0.31,0.01 ,0.955787, 0.0249801,0.0192325,0.0442126
0.32,0.01 ,0.954571, 0.0250415,0.0203871,0.0454286
0.33,0.01 ,0.953279, 0.0251032,0.0216177,0.0467209
0.34,0.01 ,0.951903, 0.0251653,0.0229315,0.0480968
0.35,0.01 ,0.950436, 0.0252277,0.0243365,0.0495642
0.36,0.01 ,0.948868, 0.0252904,0.0258417,0.0511321
0.37,0.01 ,0.947189, 0.0253534,0.0274572,0.0528106
0.38,0.01 ,0.945389, 0.0254168,0.0291943,0.0546111
0.39,0.01 ,0.943453, 0.0254805,0.0310661,0.0565466
0.4,0.01 ,0.941368, 0.0255446,0.0330872,0.0586317
0.41,0.01 ,0.939117, 0.025609,0.0352741,0.060883
0.42,0.01 ,0.936681, 0.0256737,0.0376457,0.0633194
0.43,0.01 ,0.934038, 0.0257388,0.0402234,0.0659622
0.44,0.01 ,0.931164, 0.0258043,0.0430317,0.0688359
0.45,0.01 ,0.928032, 0.02587,0.0460982,0.0719682
0.46,0.01 ,0.924609, 0.0259362,0.0494544,0.0753906
0.47,0.01 ,0.920861, 0.0260027,0.053136,0.0791386
0.48,0.01 ,0.916747, 0.0260695,0.0571831,0.0832526
0.49,0.01 ,0.912223, 0.0261367,0.0616408,0.0877775
0.5,0.01 ,0.907237, 0.0262043,0.066559,0.0927633
0.51,0.01 ,0.901735, 0.0262722,0.0719925,0.0982647
0.52,0.01 ,0.895659, 0.0263405,0.0780002,0.104341
0.53,0.01 ,0.888947, 0.0264091,0.0846439,0.111053
0.54,0.01 ,0.881536, 0.0264781,0.091986,0.118464
0.55,0.01 ,0.873366, 0.0265475,0.100087,0.126634
0.56,0.01 ,0.864382, 0.0266172,0.109001,0.135618
0.57,0.01 ,0.854543, 0.0266873,0.11877,0.145457
0.58,0.01 ,0.843822, 0.0267578,0.12942,0.156178
0.59,0.01 ,0.832214, 0.0268287,0.140957,0.167786
0.6,0.01 ,0.819741, 0.0268999,0.153359,0.180259
0.61,0.01 ,0.806449, 0.0269715,0.166579,0.193551
0.62,0.01 ,0.792409, 0.0270435,0.180547,0.207591
0.63,0.01 ,0.777714, 0.0271159,0.19517,0.222286
0.64,0.01 ,0.762469, 0.0271886,0.210342,0.237531
0.65,0.01 ,0.746789, 0.0272618,0.22595,0.253211
0.66,0.01 ,0.730787, 0.0273353,0.241878,0.269213
0.67,0.01 ,0.714574, 0.0274092,0.258016,0.285426
0.68,0.01 ,0.698252, 0.0274835,0.274265,0.301748
0.69,0.01 ,0.681909, 0.0275582,0.290533,0.318091
0.7,0.01 ,0.665624, 0.0276333,0.306742,0.334376
0.71,0.01 ,0.649464, 0.0277088,0.322827,0.350536
0.72,0.01 ,0.633483, 0.0277846,0.338733,0.366517
0.73,0.01 ,0.617725, 0.0278609,0.354414,0.382275
0.74,0.01 ,0.602225, 0.0279376,0.369837,0.397775
0.75,0.01 ,0.587011, 0.0280147,0.384975,0.412989
0.76,0.01 ,0.572103, 0.0280921,0.399805,0.427897
0.77,0.01 ,0.557516, 0.02817,0.414314,0.442484
0.78,0.01 ,0.54326, 0.0282483,0.428492,0.45674
0.79,0.01 ,0.529342, 0.028327,0.442331,0.470658
0.8,0.01 ,0.515765, 0.0284061,0.455829,0.484235
0.81,0.01 ,0.50253, 0.0284856,0.468985,0.49747
0.82,0.01 ,0.489635, 0.0285656,0.4818,0.510365
0.83,0.01 ,0.477077, 0.0286459,0.494277,0.522923
0.84,0.01 ,0.464853, 0.0287267,0.50642,0.535147
0.85,0.01 ,0.452957, 0.0288078,0.518235,0.547043
0.86,0.01 ,0.441384, 0.0288894,0.529727,0.558616
0.87,0.01 ,0.430125, 0.0289714,0.540903,0.569875
0.88,0.01 ,0.419176, 0.0290539,0.55177,0.580824
0.89,0.01 ,0.408527, 0.0291367,0.562336,0.591473
0.9,0.01 ,0.398173, 0.02922,0.572607,0.601827
0.91,0.01 ,0.388104, 0.0293037,0.582592,0.611896
0.92,0.01 ,0.378314, 0.0293878,0.592298,0.621686
0.93,0.01 ,0.368795, 0.0294724,0.601732,0.631205
0.94,0.01 ,0.35954, 0.0295574,0.610903,0.64046
0.95,0.01 ,0.350539, 0.0296428,0.619818,0.649461
0.96,0.01 ,0.341788, 0.0297287,0.628484,0.658212
0.97,0.01 ,0.333277, 0.0298149,0.636908,0.666723
0.98,0.01 ,0.325, 0.0299017,0.645098,0.675
0.99,0.01 ,0.31695, 0.0299888,0.653061,0.68305
1,0.01 ,0.30912, 0.0300764,0.660803,0.69088
0,0.02 ,0.974747, 0.0232297,0.00202346,0.0252532
0.01,0.02 ,0.974425, 0.0232818,0.00229319,0.025575
0.02,0.02 ,0.974093, 0.0233343,0.00257294,0.0259072
0.03,0.02 ,0.97375, 0.023387,0.00286322,0.0262502
0.04,0.02 ,0.973395, 0.0234399,0.00316458,0.0266045
0.05,0.02 ,0.973029, 0.0234932,0.00347759,0.0269708
0.06,0.02 ,0.97265, 0.0235467,0.00380287,0.0273496
0.07,0.02 ,0.972258, 0.0236005,0.00414109,0.0277416
0.08,0.02 ,0.971852, 0.0236546,0.00449295,0.0281476
0.09,0.02 ,0.971432, 0.023709,0.00485922,0.0285682
0.1,0.02 ,0.970996, 0.0237636,0.0052407,0.0290043
0.11,0.02 ,0.970543, 0.0238186,0.00563829,0.0294569
0.12,0.02 ,0.970073, 0.0238738,0.00605292,0.0299267
0.13,0.02 ,0.969585, 0.0239293,0.00648563,0.030415
0.14,0.02 ,0.969077, 0.0239852,0.00693749,0.0309227
0.15,0.02 ,0.968549, 0.0240413,0.00740972,0.031451
0.16,0.02 ,0.967999, 0.0240977,0.00790358,0.0320013
0.17,0.02 ,0.967425, 0.0241544,0.00842049,0.0325749
0.18,0.02 ,0.966827, 0.0242114,0.00896194,0.0331734
0.19,0.02 ,0.966202, 0.0242687,0.00952959,0.0337983
0.2,0.02 ,0.965548, 0.0243263,0.0101252,0.0344516
0.21,0.02 ,0.964865, 0.0243843,0.0107508,0.0351351
0.22,0.02 ,0.964149, 0.0244425,0.0114084,0.0358509
0.23,0.02 ,0.963398, 0.024501,0.0121005,0.0366015
0.24,0.02 ,0.962611, 0.0245599,0.0128295,0.0373894
0.25,0.02 ,0.961783, 0.024619,0.0135983,0.0382173
0.26,0.02 ,0.960912, 0.0246785,0.01441,0.0390885
0.27,0.02 ,0.959994, 0.0247383,0.0152679,0.0400062
0.28,0.02 ,0.959026, 0.0247984,0.0161758,0.0409742
0.29,0.02 ,0.958003, 0.0248588,0.017138,0.0419968
0.3,0.02 ,0.956921, 0.0249196,0.018159,0.0430785
0.31,0.02 ,0.955776, 0.0249806,0.0192439,0.0442245
0.32,0.02 ,0.95456, 0.025042,0.0203984,0.0454404
0.33,0.02 ,0.953267, 0.0251037,0.021629,0.0467328
0.34,0.02 ,0.951891, 0.0251658,0.0229428,0.0481086
0.35,0.02 ,0.950424, 0.0252282,0.0243477,0.0495759
0.36,0.02 ,0.948856, 0.0252909,0.0258528,0.0511437
0.37,0.02 ,0.947178, 0.0253539,0.0274682,0.0528221
0.38,0.02 ,0.945377, 0.0254173,0.0292053,0.0546226
0.39,0.02 ,0.943442, 0.025481,0.031077,0.056558
0.4,0.02 ,0.941357, 0.0255451,0.0330979,0.058643
0.41,0.02 ,0.939106, 0.0256095,0.0352847,0.0608942
0.42,0.02 ,0.93667, 0.0256742,0.0376562,0.0633304
0.43,0.02 ,0.934027, 0.0257393,0.0402337,0.0659731
0.44,0.02 ,0.931153, 0.0258048,0.0430418,0.0688466
0.45,0.02 ,0.928021, 0.0258705,0.0461081,0.0719787
0.46,0.02 ,0.924599, 0.0259367,0.0494641,0.0754008
0.47,0.02 ,0.920851, 0.0260032,0.0531454,0.0791486
0.48,0.02 ,0.916738, 0.02607,0.0571923,0.0832623
0.49,0.02 ,0.912213, 0.0261372,0.0616496,0.0877868
0.5,0.02 ,0.907228, 0.0262047,0.0665675,0.0927722
0.51,0.02 ,0.901727, 0.0262727,0.0720006,0.0982732
0.52,0.02 ,0.895651, 0.0263409,0.0780077,0.104349
0.53,0.02 ,0.88894, 0.0264096,0.0846508,0.11106
0.54,0.02 ,0.881529, 0.0264786,0.0919923,0.118471
0.55,0.02 ,0.873359, 0.0265479,0.100093,0.126641
0.56,0.02 ,0.864377, 0.0266177,0.109006,0.135623
0.57,0.02 ,0.854538, 0.0266878,0.118774,0.145462
0.58,0.02 ,0.843818, 0.0267583,0.129423,0.156182
0.59,0.02 ,0.832212, 0.0268291,0.140959,0.167788
0.6,0.02 ,0.81974, 0.0269004,0.15336,0.18026
0.61,0.02 ,0.806448, 0.026972,0.16658,0.193552
0.62,0.02 ,0.792409, 0.027044,0.180547,0.207591
0.63,0.02 ,0.777715, 0.0271163,0.195169,0.222285
0.64,0.02 ,0.762471, 0.0271891,0.21034,0.237529
0.65,0.02 ,0.746791, 0.0272622,0.225947,0.253209
0.66,0.02 ,0.73079, 0.0273357,0.241874,0.26921
0.67,0.02 ,0.714578, 0.0274096,0.258012,0.285422
0.68,0.02 ,0.698256, 0.0274839,0.27426,0.301744
0.69,0.02 ,0.681914, 0.0275586,0.290528,0.318086
0.7,0.02 ,0.665629, 0.0276337,0.306737,0.334371
0.71,0.02 ,0.649469, 0.0277092,0.322821,0.350531
0.72,0.02 ,0.633488, 0.0277851,0.338726,0.366512
0.73,0.02 ,0.617731, 0.0278614,0.354408,0.382269
0.74,0.02 ,0.602231, 0.027938,0.369831,0.397769
0.75,0.02 ,0.587017, 0.0280151,0.384968,0.412983
0.76,0.02 ,0.572109, 0.0280926,0.399799,0.427891
0.77,0.02 ,0.557522, 0.0281705,0.414308,0.442478
0.78,0.02 ,0.543266, 0.0282487,0.428485,0.456734
0.79,0.02 ,0.529348, 0.0283274,0.442324,0.470652
0.8,0.02 ,0.515771, 0.0284065,0.455822,0.484229
0.81,0.02 ,0.502536, 0.0284861,0.468978,0.497464
0.82,0.02 ,0.489641, 0.028566,0.481793,0.510359
0.83,0.02 ,0.477084, 0.0286463,0.49427,0.522916
0.84,0.02 ,0.46486, 0.0287271,0.506413,0.53514
0.85,0.02 ,0.452964, 0.0288083,0.518228,0.547036
0.86,0.02 ,0.44139, 0.0288899,0.52972,0.55861
0.87,0.02 ,0.430132, 0.0289719,0.540897,0.569868
0.88,0.02 ,0.419182, 0.0290543,0.551764,0.580818
0.89,0.02 ,0.408534, 0.0291371,0.562329,0.591466
0.9,0.02 ,0.398179, 0.0292204,0.572601,0.601821
0.91,0.02 ,0.38811, 0.0293041,0.582585,0.61189
0.92,0.02 ,0.37832, 0.0293883,0.592291,0.62168
0.93,0.02 ,0.368801, 0.0294728,0.601726,0.631199
0.94,0.02 ,0.359545, 0.0295578,0.610897,0.640455
0.95,0.02 ,0.350545, 0.0296432,0.619812,0.649455
0.96,0.02 ,0.341793, 0.0297291,0.628478,0.658207
0.97,0.02 ,0.333283, 0.0298153,0.636902,0.666717
0.98,0.02 ,0.325006, 0.0299021,0.645092,0.674994
0.99,0.02 ,0.316956, 0.0299892,0.653055,0.683044
1,0.02 ,0.309126, 0.0300768,0.660798,0.690874
0,0.03 ,0.974734, 0.0232302,0.00203566,0.0252659
0.01,0.03 ,0.974412, 0.0232824,0.00230538,0.0255878
0.02,0.03 ,0.97408, 0.0233348,0.00258513,0.0259199
0.03,0.03 ,0.973737, 0.0233875,0.00287541,0.0262629
0.04,0.03 ,0.973383, 0.0234405,0.00317676,0.0266172
0.05,0.03 ,0.973017, 0.0234937,0.00348976,0.0269835
0.06,0.03 ,0.972638, 0.0235472,0.00381504,0.0273623
0.07,0.03 ,0.972246, 0.023601,0.00415325,0.0277543
0.08,0.03 ,0.97184, 0.0236551,0.0045051,0.0281602
0.09,0.03 ,0.971419, 0.0237095,0.00487136,0.0285809
0.1,0.03 ,0.970983, 0.0237642,0.00525284,0.029017
0.11,0.03 ,0.97053, 0.0238191,0.00565042,0.0294695
0.12,0.03 ,0.970061, 0.0238743,0.00606504,0.0299394
0.13,0.03 ,0.969572, 0.0239299,0.00649773,0.0304276
0.14,0.03 ,0.969065, 0.0239857,0.00694959,0.0309353
0.15,0.03 ,0.968536, 0.0240418,0.0074218,0.0314636
0.16,0.03 ,0.967986, 0.0240982,0.00791566,0.0320139
0.17,0.03 ,0.967413, 0.0241549,0.00843255,0.0325875
0.18,0.03 ,0.966814, 0.0242119,0.00897399,0.0331859
0.19,0.03 ,0.966189, 0.0242692,0.00954162,0.0338109
0.2,0.03 ,0.965536, 0.0243269,0.0101372,0.0344641
0.21,0.03 ,0.964852, 0.0243848,0.0107628,0.0351476
0.22,0.03 ,0.964137, 0.024443,0.0114204,0.0358634
0.23,0.03 ,0.963386, 0.0245015,0.0121125,0.036614
0.24,0.03 ,0.962598, 0.0245604,0.0128415,0.0374018
0.25,0.03 ,0.96177, 0.0246195,0.0136102,0.0382298
0.26,0.03 ,0.960899, 0.024679,0.0144219,0.0391009
0.27,0.03 ,0.959981, 0.0247388,0.0152797,0.0400185
0.28,0.03 ,0.959013, 0.0247989,0.0161877,0.0409866
0.29,0.03 ,0.957991, 0.0248593,0.0171498,0.0420091
0.3,0.03 ,0.956909, 0.0249201,0.0181707,0.0430908
0.31,0.03 ,0.955763, 0.0249811,0.0192556,0.0442367
0.32,0.03 ,0.954547, 0.0250425,0.0204101,0.0454526
0.33,0.03 ,0.953255, 0.0251042,0.0216406,0.0467449
0.34,0.03 ,0.951879, 0.0251663,0.0229543,0.0481206
0.35,0.03 ,0.950412, 0.0252287,0.0243592,0.0495879
0.36,0.03 ,0.948844, 0.0252914,0.0258642,0.0511556
0.37,0.03 ,0.947166, 0.0253544,0.0274795,0.052834
0.38,0.03 ,0.945366, 0.0254178,0.0292165,0.0546344
0.39,0.03 ,0.94343, 0.0254815,0.0310881,0.0565697
0.4,0.03 ,0.941345, 0.0255456,0.033109,0.0586546
0.41,0.03 ,0.939094, 0.02561,0.0352956,0.0609056
0.42,0.03 ,0.936658, 0.0256747,0.0376669,0.0633417
0.43,0.03 ,0.934016, 0.0257398,0.0402444,0.0659842
0.44,0.03 ,0.931142, 0.0258052,0.0430523,0.0688575
0.45,0.03 ,0.928011, 0.025871,0.0461184,0.0719894
0.46,0.03 ,0.924589, 0.0259372,0.0494741,0.0754113
0.47,0.03 ,0.920841, 0.0260036,0.0531552,0.0791588
0.48,0.03 ,0.916728, 0.0260705,0.0572017,0.0832722
0.49,0.03 ,0.912204, 0.0261377,0.0616587,0.0877964
0.5,0.03 ,0.907219, 0.0262052,0.0665762,0.0927814
0.51,0.03 ,0.901718, 0.0262731,0.0720088,0.098282
0.52,0.03 ,0.895643, 0.0263414,0.0780155,0.104357
0.53,0.03 ,0.888932, 0.0264101,0.084658,0.111068
0.54,0.03 ,0.881522, 0.0264791,0.0919988,0.118478
0.55,0.03 ,0.873353, 0.0265484,0.100098,0.126647
0.56,0.03 ,0.864371, 0.0266182,0.109011,0.135629
0.57,0.03 ,0.854534, 0.0266883,0.118778,0.145466
0.58,0.03 ,0.843815, 0.0267587,0.129427,0.156185
0.59,0.03 ,0.832209, 0.0268296,0.140961,0.167791
0.6,0.03 ,0.819738, 0.0269008,0.153361,0.180262
0.61,0.03 ,0.806447, 0.0269724,0.16658,0.193553
0.62,0.03 ,0.792409, 0.0270444,0.180546,0.207591
0.63,0.03 ,0.777716, 0.0271168,0.195167,0.222284
0.64,0.03 ,0.762473, 0.0271895,0.210338,0.237527
0.65,0.03 ,0.746794, 0.0272627,0.225944,0.253206
0.66,0.03 ,0.730793, 0.0273362,0.24187,0.269207
0.67,0.03 ,0.714582, 0.0274101,0.258008,0.285418
0.68,0.03 ,0.69826, 0.0274844,0.274255,0.30174
0.69,0.03 ,0.681918, 0.0275591,0.290523,0.318082
0.7,0.03 ,0.665635, 0.0276342,0.306731,0.334365
0.71,0.03 ,0.649475, 0.0277097,0.322815,0.350525
0.72,0.03 ,0.633494, 0.0277855,0.33872,0.366506
0.73,0.03 ,0.617736, 0.0278618,0.354402,0.382264
0.74,0.03 ,0.602237, 0.0279385,0.369825,0.397763
0.75,0.03 ,0.587023, 0.0280155,0.384961,0.412977
0.76,0.03 ,0.572115, 0.028093,0.399792,0.427885
0.77,0.03 ,0.557528, 0.0281709,0.414301,0.442472
0.78,0.03 ,0.543273, 0.0282492,0.428478,0.456727
0.79,0.03 ,0.529355, 0.0283279,0.442317,0.470645
0.8,0.03 ,0.515778, 0.028407,0.455815,0.484222
0.81,0.03 ,0.502542, 0.0284865,0.468971,0.497458
0.82,0.03 ,0.489648, 0.0285664,0.481786,0.510352
0.83,0.03 ,0.47709, 0.0286468,0.494263,0.52291
0.84,0.03 ,0.464866, 0.0287275,0.506406,0.535134
0.85,0.03 ,0.45297, 0.0288087,0.518221,0.54703
0.86,0.03 ,0.441396, 0.0288903,0.529713,0.558604
0.87,0.03 ,0.430138, 0.0289723,0.54089,0.569862
0.88,0.03 ,0.419188, 0.0290547,0.551757,0.580812
0.89,0.03 ,0.40854, 0.0291376,0.562323,0.59146
0.9,0.03 ,0.398185, 0.0292208,0.572594,0.601815
0.91,0.03 ,0.388117, 0.0293045,0.582579,0.611883
0.92,0.03 ,0.378327, 0.0293887,0.592285,0.621673
0.93,0.03 ,0.368807, 0.0294732,0.601719,0.631193
0.94,0.03 ,0.359551, 0.0295582,0.61089,0.640449
0.95,0.03 ,0.350551, 0.0296436,0.619805,0.649449
0.96,0.03 ,0.341799, 0.0297295,0.628471,0.658201
0.97,0.03 ,0.333288, 0.0298157,0.636896,0.666712
0.98,0.03 ,0.325011, 0.0299025,0.645086,0.674989
0.99,0.03 ,0.316961, 0.0299896,0.653049,0.683039
1,0.03 ,0.309131, 0.0300772,0.660792,0.690869
0,0.04 ,0.974721, 0.0232308,0.00204819,0.025279
0.01,0.04 ,0.974399, 0.0232829,0.0023179,0.0256008
0.02,0.04 ,0.974067, 0.0233353,0.00259765,0.025933
0.03,0.04 ,0.973724, 0.023388,0.00288792,0.0262759
0.04,0.04 ,0.97337, 0.023441,0.00318927,0.0266303
0.05,0.04 ,0.973003, 0.0234942,0.00350226,0.0269965
0.06,0.04 ,0.972625, 0.0235478,0.00382753,0.0273753
0.07,0.04 ,0.972233, 0.0236016,0.00416574,0.0277673
0.08,0.04 ,0.971827, 0.0236557,0.00451758,0.0281732
0.09,0.04 ,0.971406, 0.02371,0.00488383,0.0285939
0.1,0.04 ,0.97097, 0.0237647,0.0052653,0.02903
0.11,0.04 ,0.970517, 0.0238196,0.00566287,0.0294825
0.12,0.04 ,0.970048, 0.0238749,0.00607749,0.0299524
0.13,0.04 ,0.969559, 0.0239304,0.00651017,0.0304406
0.14,0.04 ,0.969052, 0.0239862,0.00696201,0.0309482
0.15,0.04 ,0.968523, 0.0240423,0.00743422,0.0314766
0.16,0.04 ,0.967973, 0.0240987,0.00792806,0.0320268
0.17,0.04 ,0.9674, 0.0241555,0.00844493,0.0326004
0.18,0.04 ,0.966801, 0.0242125,0.00898636,0.0331988
0.19,0.04 ,0.966176, 0.0242698,0.00955398,0.0338238
0.2,0.04 ,0.965523, 0.0243274,0.0101496,0.034477
0.21,0.04 ,0.96484, 0.0243853,0.0107751,0.0351604
0.22,0.04 ,0.964124, 0.0244435,0.0114327,0.0358763
0.23,0.04 ,0.963373, 0.0245021,0.0121247,0.0366268
0.24,0.04 ,0.962585, 0.0245609,0.0128537,0.0374146
0.25,0.04 ,0.961757, 0.0246201,0.0136225,0.0382425
0.26,0.04 ,0.960886, 0.0246795,0.0144341,0.0391136
0.27,0.04 ,0.959969, 0.0247393,0.0152919,0.0400312
0.28,0.04 ,0.959001, 0.0247994,0.0161998,0.0409992
0.29,0.04 ,0.957978, 0.0248598,0.0171619,0.0420217
0.3,0.04 ,0.956897, 0.0249206,0.0181828,0.0431034
0.31,0.04 ,0.955751, 0.0249816,0.0192676,0.0442492
0.32,0.04 ,0.954535, 0.025043,0.0204221,0.0454651
0.33,0.04 ,0.953243, 0.0251048,0.0216526,0.0467573
0.34,0.04 ,0.951867, 0.0251668,0.0229662,0.048133
0.35,0.04 ,0.9504, 0.0252292,0.024371,0.0496002
0.36,0.04 ,0.948832, 0.0252919,0.025876,0.0511679
0.37,0.04 ,0.947154, 0.0253549,0.0274912,0.0528461
0.38,0.04 ,0.945354, 0.0254183,0.0292281,0.0546464
0.39,0.04 ,0.943418, 0.025482,0.0310996,0.0565816
0.4,0.04 ,0.941334, 0.0255461,0.0331203,0.0586664
0.41,0.04 ,0.939083, 0.0256105,0.0353069,0.0609173
0.42,0.04 ,0.936647, 0.0256752,0.037678,0.0633533
0.43,0.04 ,0.934004, 0.0257403,0.0402553,0.0659956
0.44,0.04 ,0.931131, 0.0258057,0.043063,0.0688688
0.45,0.04 ,0.928, 0.0258715,0.0461289,0.0720004
0.46,0.04 ,0.924578, 0.0259377,0.0494844,0.0754221
0.47,0.04 ,0.920831, 0.0260041,0.0531652,0.0791694
0.48,0.04 ,0.916718, 0.026071,0.0572114,0.0832824
0.49,0.04 ,0.912194, 0.0261382,0.0616681,0.0878063
0.5,0.04 ,0.907209, 0.0262057,0.0665851,0.0927909
0.51,0.04 ,0.901709, 0.0262736,0.0720173,0.0982909
0.52,0.04 ,0.895635, 0.0263419,0.0780235,0.104365
0.53,0.04 ,0.888924, 0.0264105,0.0846653,0.111076
0.54,0.04 ,0.881515, 0.0264795,0.0920055,0.118485
0.55,0.04 ,0.873347, 0.0265489,0.100104,0.126653
0.56,0.04 ,0.864366, 0.0266186,0.109016,0.135634
0.57,0.04 ,0.854529, 0.0266887,0.118782,0.145471
0.58,0.04 ,0.843811, 0.0267592,0.12943,0.156189
0.59,0.04 ,0.832206, 0.0268301,0.140964,0.167794
0.6,0.04 ,0.819736, 0.0269013,0.153363,0.180264
0.61,0.04 ,0.806447, 0.0269729,0.166581,0.193553
0.62,0.04 ,0.792409, 0.0270449,0.180546,0.207591
0.63,0.04 ,0.777717, 0.0271173,0.195166,0.222283
0.64,0.04 ,0.762474, 0.02719,0.210336,0.237526
0.65,0.04 ,0.746796, 0.0272631,0.225941,0.253204
0.66,0.04 ,0.730797, 0.0273367,0.241867,0.269203
0.67,0.04 ,0.714586, 0.0274106,0.258004,0.285414
0.68,0.04 ,0.698265, 0.0274849,0.274251,0.301735
0.69,0.04 ,0.681923, 0.0275596,0.290517,0.318077
0.7,0.04 ,0.66564, 0.0276346,0.306726,0.33436
0.71,0.04 ,0.64948, 0.0277101,0.322809,0.35052
0.72,0.04 ,0.6335, 0.027786,0.338714,0.3665
0.73,0.04 ,0.617742, 0.0278623,0.354395,0.382258
0.74,0.04 ,0.602243, 0.0279389,0.369818,0.397757
0.75,0.04 ,0.587029, 0.028016,0.384955,0.412971
0.76,0.04 ,0.572122, 0.0280935,0.399785,0.427878
0.77,0.04 ,0.557535, 0.0281713,0.414294,0.442465
0.78,0.04 ,0.543279, 0.0282496,0.428471,0.456721
0.79,0.04 ,0.529361, 0.0283283,0.44231,0.470639
0.8,0.04 ,0.515784, 0.0284074,0.455808,0.484216
0.81,0.04 ,0.502549, 0.0284869,0.468964,0.497451
0.82,0.04 ,0.489654, 0.0285669,0.481779,0.510346
0.83,0.04 ,0.477097, 0.0286472,0.494256,0.522903
0.84,0.04 ,0.464873, 0.028728,0.506399,0.535127
0.85,0.04 ,0.452977, 0.0288091,0.518214,0.547023
0.86,0.04 ,0.441403, 0.0288907,0.529706,0.558597
0.87,0.04 ,0.430145, 0.0289727,0.540883,0.569855
0.88,0.04 ,0.419195, 0.0290551,0.55175,0.580805
0.89,0.04 ,0.408546, 0.029138,0.562316,0.591454
0.9,0.04 ,0.398191, 0.0292213,0.572587,0.601809
0.91,0.04 ,0.388123, 0.029305,0.582572,0.611877
0.92,0.04 ,0.378333, 0.0293891,0.592278,0.621667
0.93,0.04 ,0.368814, 0.0294736,0.601713,0.631186
0.94,0.04 ,0.359558, 0.0295586,0.610884,0.640442
0.95,0.04 ,0.350557, 0.029644,0.619799,0.649443
0.96,0.04 ,0.341805, 0.0297299,0.628465,0.658195
0.97,0.04 ,0.333294, 0.0298162,0.63689,0.666706
0.98,0.04 ,0.325017, 0.0299029,0.64508,0.674983
0.99,0.04 ,0.316967, 0.02999,0.653043,0.683033
1,0.04 ,0.309137, 0.0300776,0.660786,0.690863
0,0.05 ,0.974708, 0.0232313,0.00206106,0.0252924
0.01,0.05 ,0.974386, 0.0232835,0.00233077,0.0256142
0.02,0.05 ,0.974054, 0.0233359,0.00261051,0.0259464
0.03,0.05 ,0.973711, 0.0233886,0.00290078,0.0262893
0.04,0.05 ,0.973356, 0.0234415,0.00320212,0.0266437
0.05,0.05 ,0.97299, 0.0234948,0.00351511,0.0270099
0.06,0.05 ,0.972611, 0.0235483,0.00384037,0.0273887
0.07,0.05 ,0.972219, 0.0236021,0.00417857,0.0277807
0.08,0.05 ,0.971813, 0.0236562,0.0045304,0.0281866
0.09,0.05 ,0.971393, 0.0237106,0.00489665,0.0286072
0.1,0.05 ,0.970957, 0.0237652,0.00527811,0.0290433
0.11,0.05 ,0.970504, 0.0238202,0.00567567,0.0294958
0.12,0.05 ,0.970034, 0.0238754,0.00609028,0.0299657
0.13,0.05 ,0.969546, 0.0239309,0.00652295,0.0304539
0.14,0.05 ,0.969038, 0.0239868,0.00697478,0.0309615
0.15,0.05 ,0.96851, 0.0240429,0.00744697,0.0314898
0.16,0.05 ,0.96796, 0.0240993,0.0079408,0.0320401
0.17,0.05 ,0.967386, 0.024156,0.00845766,0.0326136
0.18,0.05 ,0.966788, 0.024213,0.00899907,0.0332121
0.19,0.05 ,0.966163, 0.0242703,0.00956668,0.033837
0.2,0.05 ,0.96551, 0.0243279,0.0101623,0.0344902
0.21,0.05 ,0.964826, 0.0243858,0.0107878,0.0351736
0.22,0.05 ,0.964111, 0.0244441,0.0114454,0.0358894
0.23,0.05 ,0.96336, 0.0245026,0.0121374,0.0366399
0.24,0.05 ,0.962572, 0.0245614,0.0128663,0.0374277
0.25,0.05 ,0.961744, 0.0246206,0.013635,0.0382556
0.26,0.05 ,0.960873, 0.02468,0.0144466,0.0391267
0.27,0.05 ,0.959956, 0.0247398,0.0153044,0.0400443
0.28,0.05 ,0.958988, 0.0247999,0.0162123,0.0410122
0.29,0.05 ,0.957965, 0.0248604,0.0171743,0.0420347
0.3,0.05 ,0.956884, 0.0249211,0.0181952,0.0431163
0.31,0.05 ,0.955738, 0.0249822,0.01928,0.0442621
0.32,0.05 ,0.954522, 0.0250436,0.0204344,0.0454779
0.33,0.05 ,0.95323, 0.0251053,0.0216648,0.0467701
0.34,0.05 ,0.951854, 0.0251673,0.0229784,0.0481457
0.35,0.05 ,0.950387, 0.0252297,0.0243832,0.0496129
0.36,0.05 ,0.94882, 0.0252924,0.025888,0.0511804
0.37,0.05 ,0.947141, 0.0253554,0.0275032,0.0528586
0.38,0.05 ,0.945341, 0.0254188,0.02924,0.0546588
0.39,0.05 ,0.943406, 0.0254825,0.0311114,0.0565939
0.4,0.05 ,0.941321, 0.0255466,0.033132,0.0586786
0.41,0.05 ,0.939071, 0.025611,0.0353184,0.0609294
0.42,0.05 ,0.936635, 0.0256757,0.0376894,0.0633652
0.43,0.05 ,0.933993, 0.0257408,0.0402665,0.0660073
0.44,0.05 ,0.93112, 0.0258062,0.0430741,0.0688803
0.45,0.05 ,0.927988, 0.025872,0.0461397,0.0720118
0.46,0.05 ,0.924567, 0.0259382,0.049495,0.0754332
0.47,0.05 ,0.92082, 0.0260046,0.0531755,0.0791802
0.48,0.05 ,0.916707, 0.0260715,0.0572214,0.0832929
0.49,0.05 ,0.912184, 0.0261387,0.0616777,0.0878164
0.5,0.05 ,0.907199, 0.0262062,0.0665944,0.0928006
0.51,0.05 ,0.9017, 0.0262741,0.0720261,0.0983002
0.52,0.05 ,0.895626, 0.0263424,0.0780317,0.104374
0.53,0.05 ,0.888916, 0.026411,0.084673,0.111084
0.54,0.05 ,0.881508, 0.02648,0.0920125,0.118492
0.55,0.05 ,0.87334, 0.0265494,0.100111,0.12666
0.56,0.05 ,0.86436, 0.0266191,0.109021,0.13564
0.57,0.05 ,0.854524, 0.0266892,0.118787,0.145476
0.58,0.05 ,0.843807, 0.0267597,0.129434,0.156193
0.59,0.05 ,0.832203, 0.0268306,0.140966,0.167797
0.6,0.05 ,0.819734, 0.0269018,0.153364,0.180266
0.61,0.05 ,0.806446, 0.0269734,0.166581,0.193554
0.62,0.05 ,0.792409, 0.0270454,0.180545,0.207591
0.63,0.05 ,0.777718, 0.0271177,0.195165,0.222282
0.64,0.05 ,0.762476, 0.0271905,0.210333,0.237524
0.65,0.05 ,0.746799, 0.0272636,0.225938,0.253201
0.66,0.05 ,0.7308, 0.0273371,0.241863,0.2692
0.67,0.05 ,0.71459, 0.027411,0.257999,0.28541
0.68,0.05 ,0.698269, 0.0274853,0.274246,0.301731
0.69,0.05 ,0.681928, 0.02756,0.290512,0.318072
0.7,0.05 ,0.665645, 0.0276351,0.30672,0.334355
0.71,0.05 ,0.649486, 0.0277106,0.322803,0.350514
0.72,0.05 ,0.633506, 0.0277864,0.338708,0.366494
0.73,0.05 ,0.617749, 0.0278627,0.354389,0.382251
0.74,0.05 ,0.60225, 0.0279394,0.369811,0.39775
0.75,0.05 ,0.587036, 0.0280164,0.384948,0.412964
0.76,0.05 ,0.572128, 0.0280939,0.399778,0.427872
0.77,0.05 ,0.557542, 0.0281718,0.414287,0.442458
0.78,0.05 ,0.543286, 0.0282501,0.428464,0.456714
0.79,0.05 ,0.529368, 0.0283288,0.442303,0.470632
0.8,0.05 ,0.515791, 0.0284079,0.455801,0.484209
0.81,0.05 ,0.502556, 0.0284874,0.468957,0.497444
0.82,0.05 ,0.489661, 0.0285673,0.481772,0.510339
0.83,0.05 ,0.477104, 0.0286476,0.494249,0.522896
0.84,0.05 ,0.46488, 0.0287284,0.506392,0.53512
0.85,0.05 ,0.452984, 0.0288096,0.518207,0.547016
0.86,0.05 ,0.44141, 0.0288911,0.529699,0.55859
0.87,0.05 ,0.430151, 0.0289731,0.540876,0.569849
0.88,0.05 ,0.419201, 0.0290556,0.551743,0.580799
0.89,0.05 ,0.408553, 0.0291384,0.562309,0.591447
0.9,0.05 ,0.398198, 0.0292217,0.57258,0.601802
0.91,0.05 ,0.388129, 0.0293054,0.582565,0.611871
0.92,0.05 ,0.378339, 0.0293895,0.592271,0.621661
0.93,0.05 ,0.36882, 0.0294741,0.601706,0.63118
0.94,0.05 ,0.359564, 0.029559,0.610877,0.640436
0.95,0.05 ,0.350563, 0.0296445,0.619792,0.649437
0.96,0.05 ,0.341811, 0.0297303,0.628458,0.658189
0.97,0.05 ,0.3333, 0.0298166,0.636883,0.6667
0.98,0.05 ,0.325023, 0.0299033,0.645074,0.674977
0.99,0.05 ,0.316973, 0.0299904,0.653037,0.683027
1,0.05 ,0.309143, 0.030078,0.660779,0.690857
0,0.06 ,0.974694, 0.0232319,0.00207429,0.0253062
0.01,0.06 ,0.974372, 0.023284,0.002344,0.025628
0.02,0.06 ,0.97404, 0.0233364,0.00262373,0.0259602
0.03,0.06 ,0.973697, 0.0233891,0.00291399,0.0263031
0.04,0.06 ,0.973343, 0.0234421,0.00321533,0.0266574
0.05,0.06 ,0.972976, 0.0234953,0.00352831,0.0270236
0.06,0.06 ,0.972598, 0.0235489,0.00385357,0.0274024
0.07,0.06 ,0.972206, 0.0236027,0.00419176,0.0277944
0.08,0.06 ,0.9718, 0.0236567,0.00454359,0.0282003
0.09,0.06 ,0.971379, 0.0237111,0.00490982,0.0286209
0.1,0.06 ,0.970943, 0.0237658,0.00529127,0.029057
0.11,0.06 ,0.97049, 0.0238207,0.00568883,0.0295095
0.12,0.06 ,0.970021, 0.023876,0.00610342,0.0299794
0.13,0.06 ,0.969532, 0.0239315,0.00653608,0.0304676
0.14,0.06 ,0.969025, 0.0239873,0.00698791,0.0309752
0.15,0.06 ,0.968497, 0.0240434,0.00746008,0.0315035
0.16,0.06 ,0.967946, 0.0240998,0.0079539,0.0320537
0.17,0.06 ,0.967373, 0.0241565,0.00847075,0.0326273
0.18,0.06 ,0.966774, 0.0242135,0.00901214,0.0332257
0.19,0.06 ,0.966149, 0.0242708,0.00957973,0.0338506
0.2,0.06 ,0.965496, 0.0243284,0.0101753,0.0345037
0.21,0.06 ,0.964813, 0.0243864,0.0108008,0.0351872
0.22,0.06 ,0.964097, 0.0244446,0.0114584,0.035903
0.23,0.06 ,0.963347, 0.0245031,0.0121503,0.0366535
0.24,0.06 ,0.962559, 0.024562,0.0128793,0.0374412
0.25,0.06 ,0.961731, 0.0246211,0.013648,0.0382691
0.26,0.06 ,0.96086, 0.0246806,0.0144595,0.0391401
0.27,0.06 ,0.959942, 0.0247404,0.0153173,0.0400577
0.28,0.06 ,0.958974, 0.0248005,0.0162251,0.0410256
0.29,0.06 ,0.957952, 0.0248609,0.0171871,0.042048
0.3,0.06 ,0.95687, 0.0249216,0.0182079,0.0431296
0.31,0.06 ,0.955725, 0.0249827,0.0192927,0.0442754
0.32,0.06 ,0.954509, 0.0250441,0.020447,0.0454911
0.33,0.06 ,0.953217, 0.0251058,0.0216774,0.0467832
0.34,0.06 ,0.951841, 0.0251678,0.022991,0.0481588
0.35,0.06 ,0.950374, 0.0252302,0.0243956,0.0496258
0.36,0.06 ,0.948807, 0.0252929,0.0259005,0.0511934
0.37,0.06 ,0.947129, 0.025356,0.0275155,0.0528715
0.38,0.06 ,0.945328, 0.0254193,0.0292522,0.0546716
0.39,0.06 ,0.943393, 0.025483,0.0311235,0.0566066
0.4,0.06 ,0.941309, 0.0255471,0.033144,0.0586911
0.41,0.06 ,0.939058, 0.0256115,0.0353303,0.0609418
0.42,0.06 ,0.936623, 0.0256762,0.0377012,0.0633774
0.43,0.06 ,0.933981, 0.0257413,0.0402781,0.0660194
0.44,0.06 ,0.931108, 0.0258067,0.0430854,0.0688922
0.45,0.06 ,0.927977, 0.0258725,0.0461509,0.0720234
0.46,0.06 ,0.924555, 0.0259386,0.0495059,0.0754446
0.47,0.06 ,0.920809, 0.0260051,0.0531861,0.0791913
0.48,0.06 ,0.916696, 0.026072,0.0572317,0.0833037
0.49,0.06 ,0.912173, 0.0261392,0.0616876,0.0878268
0.5,0.06 ,0.907189, 0.0262067,0.0666039,0.0928106
0.51,0.06 ,0.90169, 0.0262746,0.0720351,0.0983097
0.52,0.06 ,0.895617, 0.0263429,0.0780401,0.104383
0.53,0.06 ,0.888908, 0.0264115,0.0846808,0.111092
0.54,0.06 ,0.8815, 0.0264805,0.0920196,0.1185
0.55,0.06 ,0.873333, 0.0265499,0.100117,0.126667
0.56,0.06 ,0.864354, 0.0266196,0.109027,0.135646
0.57,0.06 ,0.854519, 0.0266897,0.118791,0.145481
0.58,0.06 ,0.843803, 0.0267602,0.129437,0.156197
0.59,0.06 ,0.8322, 0.026831,0.140969,0.1678
0.6,0.06 ,0.819732, 0.0269023,0.153366,0.180268
0.61,0.06 ,0.806445, 0.0269739,0.166582,0.193555
0.62,0.06 ,0.792409, 0.0270458,0.180545,0.207591
0.63,0.06 ,0.777719, 0.0271182,0.195163,0.222281
0.64,0.06 ,0.762478, 0.027191,0.210331,0.237522
0.65,0.06 ,0.746801, 0.0272641,0.225934,0.253199
0.66,0.06 ,0.730803, 0.0273376,0.241859,0.269197
0.67,0.06 ,0.714594, 0.0274115,0.257995,0.285406
0.68,0.06 ,0.698274, 0.0274858,0.274241,0.301726
0.69,0.06 ,0.681933, 0.0275605,0.290506,0.318067
0.7,0.06 ,0.665651, 0.0276356,0.306714,0.334349
0.71,0.06 ,0.649492, 0.027711,0.322797,0.350508
0.72,0.06 ,0.633512, 0.0277869,0.338701,0.366488
0.73,0.06 ,0.617755, 0.0278632,0.354382,0.382245
0.74,0.06 ,0.602256, 0.0279398,0.369804,0.397744
0.75,0.06 ,0.587043, 0.0280169,0.38494,0.412957
0.76,0.06 ,0.572135, 0.0280944,0.399771,0.427865
0.77,0.06 ,0.557548, 0.0281723,0.414279,0.442452
0.78,0.06 ,0.543293, 0.0282505,0.428456,0.456707
0.79,0.06 ,0.529375, 0.0283292,0.442296,0.470625
0.8,0.06 ,0.515798, 0.0284083,0.455793,0.484202
0.81,0.06 ,0.502563, 0.0284878,0.468949,0.497437
0.82,0.06 ,0.489668, 0.0285677,0.481764,0.510332
0.83,0.06 ,0.477111, 0.0286481,0.494241,0.522889
0.84,0.06 ,0.464887, 0.0287288,0.506385,0.535113
0.85,0.06 ,0.45299, 0.02881,0.5182,0.54701
0.86,0.06 ,0.441416, 0.0288916,0.529692,0.558584
0.87,0.06 ,0.430158, 0.0289736,0.540868,0.569842
0.88,0.06 ,0.419208, 0.029056,0.551736,0.580792
0.89,0.06 ,0.40856, 0.0291389,0.562302,0.59144
0.9,0.06 ,0.398205, 0.0292221,0.572573,0.601795
0.91,0.06 ,0.388136, 0.0293058,0.582558,0.611864
0.92,0.06 ,0.378346, 0.0293899,0.592264,0.621654
0.93,0.06 ,0.368826, 0.0294745,0.601699,0.631174
0.94,0.06 ,0.35957, 0.0295595,0.61087,0.64043
0.95,0.06 ,0.35057, 0.0296449,0.619785,0.64943
0.96,0.06 ,0.341818, 0.0297307,0.628452,0.658182
0.97,0.06 ,0.333306, 0.029817,0.636877,0.666694
0.98,0.06 ,0.325029, 0.0299037,0.645067,0.674971
0.99,0.06 ,0.316979, 0.0299908,0.65303,0.683021
1,0.06 ,0.309149, 0.0300784,0.660773,0.690851
0,0.07 ,0.97468, 0.0232324,0.00208791,0.0253203
0.01,0.07 ,0.974358, 0.0232846,0.00235761,0.0256422
0.02,0.07 ,0.974026, 0.023337,0.00263733,0.0259743
0.03,0.07 ,0.973683, 0.0233897,0.00292759,0.0263173
0.04,0.07 ,0.973328, 0.0234426,0.00322892,0.0266716
0.05,0.07 ,0.972962, 0.0234959,0.0035419,0.0270378
0.06,0.07 ,0.972583, 0.0235494,0.00386714,0.0274165
0.07,0.07 ,0.972191, 0.0236032,0.00420533,0.0278085
0.08,0.07 ,0.971786, 0.0236573,0.00455715,0.0282144
0.09,0.07 ,0.971365, 0.0237117,0.00492337,0.028635
0.1,0.07 ,0.970929, 0.0237663,0.00530482,0.0290711
0.11,0.07 ,0.970476, 0.0238213,0.00570236,0.0295236
0.12,0.07 ,0.970007, 0.0238765,0.00611695,0.0299934
0.13,0.07 ,0.969518, 0.023932,0.00654959,0.0304816
0.14,0.07 ,0.969011, 0.0239878,0.00700141,0.0309892
0.15,0.07 ,0.968482, 0.0240439,0.00747357,0.0315175
0.16,0.07 ,0.967932, 0.0241004,0.00796737,0.0320677
0.17,0.07 ,0.967359, 0.0241571,0.00848421,0.0326413
0.18,0.07 ,0.96676, 0.0242141,0.00902559,0.0332397
0.19,0.07 ,0.966135, 0.0242714,0.00959316,0.0338645
0.2,0.07 ,0.965482, 0.024329,0.0101887,0.0345177
0.21,0.07 ,0.964799, 0.0243869,0.0108142,0.0352011
0.22,0.07 ,0.964083, 0.0244451,0.0114717,0.0359169
0.23,0.07 ,0.963333, 0.0245036,0.0121637,0.0366673
0.24,0.07 ,0.962545, 0.0245625,0.0128926,0.0374551
0.25,0.07 ,0.961717, 0.0246216,0.0136613,0.0382829
0.26,0.07 ,0.960846, 0.0246811,0.0144728,0.0391539
0.27,0.07 ,0.959929, 0.0247409,0.0153305,0.0400714
0.28,0.07 ,0.958961, 0.024801,0.0162383,0.0410393
0.29,0.07 ,0.957938, 0.0248614,0.0172003,0.0420617
0.3,0.07 ,0.956857, 0.0249221,0.0182211,0.0431432
0.31,0.07 ,0.955711, 0.0249832,0.0193057,0.0442889
0.32,0.07 ,0.954495, 0.0250446,0.0204601,0.0455047
0.33,0.07 ,0.953203, 0.0251063,0.0216904,0.0467967
0.34,0.07 ,0.951828, 0.0251683,0.0230039,0.0481722
0.35,0.07 ,0.950361, 0.0252307,0.0244085,0.0496392
0.36,0.07 ,0.948793, 0.0252934,0.0259132,0.0512066
0.37,0.07 ,0.947115, 0.0253565,0.0275282,0.0528847
0.38,0.07 ,0.945315, 0.0254198,0.0292648,0.0546847
0.39,0.07 ,0.94338, 0.0254836,0.031136,0.0566196
0.4,0.07 ,0.941296, 0.0255476,0.0331564,0.058704
0.41,0.07 ,0.939045, 0.025612,0.0353425,0.0609545
0.42,0.07 ,0.93661, 0.0256767,0.0377132,0.06339
0.43,0.07 ,0.933968, 0.0257418,0.04029,0.0660318
0.44,0.07 ,0.931096, 0.0258072,0.0430971,0.0689044
0.45,0.07 ,0.927965, 0.025873,0.0461624,0.0720354
0.46,0.07 ,0.924544, 0.0259392,0.0495171,0.0754563
0.47,0.07 ,0.920797, 0.0260056,0.0531971,0.0792027
0.48,0.07 ,0.916685, 0.0260725,0.0572423,0.0833148
0.49,0.07 ,0.912162, 0.0261397,0.0616979,0.0878375
0.5,0.07 ,0.907179, 0.0262072,0.0666136,0.0928208
0.51,0.07 ,0.901681, 0.0262751,0.0720444,0.0983195
0.52,0.07 ,0.895608, 0.0263434,0.0780489,0.104392
0.53,0.07 ,0.888899, 0.026412,0.0846889,0.111101
0.54,0.07 ,0.881492, 0.026481,0.092027,0.118508
0.55,0.07 ,0.873326, 0.0265504,0.100123,0.126674
0.56,0.07 ,0.864348, 0.0266201,0.109032,0.135652
0.57,0.07 ,0.854514, 0.0266902,0.118796,0.145486
0.58,0.07 ,0.843798, 0.0267607,0.129441,0.156202
0.59,0.07 ,0.832197, 0.0268315,0.140972,0.167803
0.6,0.07 ,0.81973, 0.0269027,0.153368,0.18027
0.61,0.07 ,0.806443, 0.0269743,0.166582,0.193557
0.62,0.07 ,0.792409, 0.0270463,0.180544,0.207591
0.63,0.07 ,0.777719, 0.0271187,0.195162,0.222281
0.64,0.07 ,0.76248, 0.0271914,0.210329,0.23752
0.65,0.07 ,0.746804, 0.0272646,0.225931,0.253196
0.66,0.07 ,0.730807, 0.0273381,0.241855,0.269193
0.67,0.07 ,0.714598, 0.027412,0.25799,0.285402
0.68,0.07 ,0.698278, 0.0274863,0.274236,0.301722
0.69,0.07 ,0.681938, 0.027561,0.290501,0.318062
0.7,0.07 ,0.665656, 0.027636,0.306708,0.334344
0.71,0.07 ,0.649498, 0.0277115,0.322791,0.350502
0.72,0.07 ,0.633518, 0.0277874,0.338694,0.366482
0.73,0.07 ,0.617761, 0.0278636,0.354375,0.382239
0.74,0.07 ,0.602263, 0.0279403,0.369797,0.397737
0.75,0.07 ,0.587049, 0.0280174,0.384933,0.412951
0.76,0.07 ,0.572142, 0.0280948,0.399763,0.427858
0.77,0.07 ,0.557555, 0.0281727,0.414272,0.442445
0.78,0.07 ,0.5433, 0.028251,0.428449,0.4567
0.79,0.07 ,0.529382, 0.0283297,0.442288,0.470618
0.8,0.07 ,0.515805, 0.0284088,0.455786,0.484195
0.81,0.07 ,0.50257, 0.0284883,0.468942,0.49743
0.82,0.07 ,0.489675, 0.0285682,0.481757,0.510325
0.83,0.07 ,0.477118, 0.0286485,0.494234,0.522882
0.84,0.07 ,0.464894, 0.0287293,0.506377,0.535106
0.85,0.07 ,0.452998, 0.0288104,0.518192,0.547002
0.86,0.07 ,0.441424, 0.028892,0.529684,0.558576
0.87,0.07 ,0.430165, 0.028974,0.540861,0.569835
