Betamv, Betapv,V,Rs,Rv,P
0,0 ,0.954401, 0.0435989,0.002,0.0455989
0.01,0 ,0.954021, 0.0436798,0.00229874,0.0459785
0.02,0 ,0.95363, 0.0437613,0.00260892,0.0463703
0.03,0 ,0.953225, 0.0438436,0.00293112,0.0467747
0.04,0 ,0.952808, 0.0439265,0.00326596,0.0471924
0.05,0 ,0.952376, 0.04401,0.0036141,0.0476241
0.06,0 ,0.951929, 0.0440943,0.00397622,0.0480705
0.07,0 ,0.951468, 0.0441793,0.00435308,0.0485323
0.08,0 ,0.95099, 0.0442649,0.00474548,0.0490104
0.09,0 ,0.950494, 0.0443513,0.00515427,0.0495055
0.1,0 ,0.949981, 0.0444383,0.00558037,0.0500187
0.11,0 ,0.949449, 0.0445261,0.00602476,0.0505509
0.12,0 ,0.948897, 0.0446147,0.0064885,0.0511032
0.13,0 ,0.948323, 0.0447039,0.00697272,0.0516766
0.14,0 ,0.947727, 0.0447939,0.00747865,0.0522726
0.15,0 ,0.947108, 0.0448847,0.00800759,0.0528923
0.16,0 ,0.946463, 0.0449762,0.00856098,0.0535372
0.17,0 ,0.945791, 0.0450685,0.00914035,0.0542088
0.18,0 ,0.945091, 0.0451615,0.00974735,0.0549089
0.19,0 ,0.944361, 0.0452553,0.0103838,0.0556391
0.2,0 ,0.943598, 0.0453499,0.0110516,0.0564015
0.21,0 ,0.942802, 0.0454454,0.0117529,0.0571983
0.22,0 ,0.941968, 0.0455416,0.01249,0.0580316
0.23,0 ,0.941096, 0.0456386,0.0132655,0.0589041
0.24,0 ,0.940182, 0.0457364,0.014082,0.0598184
0.25,0 ,0.939222, 0.0458351,0.0149425,0.0607776
0.26,0 ,0.938215, 0.0459346,0.0158504,0.061785
0.27,0 ,0.937156, 0.046035,0.0168091,0.0628441
0.28,0 ,0.936041, 0.0461362,0.0178227,0.0639589
0.29,0 ,0.934866, 0.0462382,0.0188955,0.0651337
0.3,0 ,0.933627, 0.0463411,0.0200322,0.0663734
0.31,0 ,0.932317, 0.0464449,0.0212382,0.0676831
0.32,0 ,0.930931, 0.0465496,0.0225192,0.0690687
0.33,0 ,0.929463, 0.0466551,0.0238816,0.0705367
0.34,0 ,0.927906, 0.0467616,0.0253327,0.0720943
0.35,0 ,0.926251, 0.0468689,0.0268803,0.0737493
0.36,0 ,0.924489, 0.0469772,0.0285334,0.0755105
0.37,0 ,0.922612, 0.0470863,0.0303016,0.077388
0.38,0 ,0.920608, 0.0471964,0.0321961,0.0793925
0.39,0 ,0.918464, 0.0473074,0.034229,0.0815364
0.4,0 ,0.916167, 0.0474194,0.036414,0.0838334
0.41,0 ,0.913701, 0.0475322,0.0387665,0.0862987
0.42,0 ,0.91105, 0.0476461,0.0413036,0.0889497
0.43,0 ,0.908195, 0.0477609,0.0440445,0.0918053
0.44,0 ,0.905113, 0.0478766,0.0470105,0.0948871
0.45,0 ,0.901781, 0.0479933,0.0502257,0.098219
0.46,0 ,0.898172, 0.048111,0.0537167,0.101828
0.47,0 ,0.894257, 0.0482297,0.0575129,0.105743
0.48,0 ,0.890004, 0.0483493,0.0616469,0.109996
0.49,0 ,0.885376, 0.0484699,0.0661545,0.114624
0.5,0 ,0.880334, 0.0485915,0.0710742,0.119666
0.51,0 ,0.874838, 0.0487142,0.0764475,0.125162
0.52,0 ,0.868844, 0.0488378,0.0823178,0.131156
0.53,0 ,0.862308, 0.0489624,0.0887297,0.137692
0.54,0 ,0.855184, 0.049088,0.0957276,0.144816
0.55,0 ,0.847432, 0.0492147,0.103354,0.152568
0.56,0 ,0.839012, 0.0493423,0.111646,0.160988
0.57,0 ,0.829895, 0.049471,0.120634,0.170105
0.58,0 ,0.820062, 0.0496007,0.130337,0.179938
0.59,0 ,0.809506, 0.0497314,0.140763,0.190494
0.6,0 ,0.798236, 0.0498632,0.151901,0.201764
0.61,0 ,0.786278, 0.049996,0.163726,0.213722
0.62,0 ,0.773676, 0.0501298,0.176195,0.226324
0.63,0 ,0.760487, 0.0502646,0.189249,0.239513
0.64,0 ,0.746783, 0.0504005,0.202817,0.253217
0.65,0 ,0.732644, 0.0505374,0.216819,0.267356
0.66,0 ,0.718154, 0.0506754,0.231171,0.281846
0.67,0 ,0.7034, 0.0508143,0.245786,0.2966
0.68,0 ,0.688464, 0.0509543,0.260582,0.311536
0.69,0 ,0.673425, 0.0510954,0.275479,0.326575
0.7,0 ,0.658355, 0.0512375,0.290407,0.341645
0.71,0 ,0.643317, 0.0513806,0.305302,0.356683
0.72,0 ,0.628367, 0.0515247,0.320109,0.371633
0.73,0 ,0.613551, 0.0516699,0.334779,0.386449
0.74,0 ,0.598909, 0.0518161,0.349275,0.401091
0.75,0 ,0.584475, 0.0519633,0.363562,0.415525
0.76,0 ,0.570273, 0.0521115,0.377615,0.429727
0.77,0 ,0.556326, 0.0522608,0.391414,0.443674
0.78,0 ,0.542648, 0.052411,0.404941,0.457352
0.79,0 ,0.529252, 0.0525623,0.418186,0.470748
0.8,0 ,0.516146, 0.0527146,0.431139,0.483854
0.81,0 ,0.503336, 0.0528679,0.443796,0.496664
0.82,0 ,0.490825, 0.0530221,0.456153,0.509175
0.83,0 ,0.478613, 0.0531774,0.468209,0.521387
0.84,0 ,0.466701, 0.0533337,0.479965,0.533299
0.85,0 ,0.455086, 0.0534909,0.491423,0.544914
0.86,0 ,0.443765, 0.0536491,0.502585,0.556235
0.87,0 ,0.432735, 0.0538083,0.513457,0.567265
0.88,0 ,0.42199, 0.0539684,0.524041,0.57801
0.89,0 ,0.411526, 0.0541295,0.534345,0.588474
0.9,0 ,0.401337, 0.0542915,0.544372,0.598663
0.91,0 ,0.391417, 0.0544545,0.554129,0.608583
0.92,0 ,0.381759, 0.0546184,0.563622,0.618241
0.93,0 ,0.372359, 0.0547832,0.572858,0.627641
0.94,0 ,0.363209, 0.054949,0.581842,0.636791
0.95,0 ,0.354303, 0.0551157,0.590582,0.645697
0.96,0 ,0.345634, 0.0552832,0.599083,0.654366
0.97,0 ,0.337197, 0.0554517,0.607351,0.662803
0.98,0 ,0.328985, 0.055621,0.615394,0.671015
0.99,0 ,0.320991, 0.0557913,0.623217,0.679009
1,0 ,0.313211, 0.0559624,0.630827,0.686789
0,0.01 ,0.954146, 0.0436641,0.00219015,0.0458542
0.01,0.01 ,0.953766, 0.0437449,0.00248876,0.0462337
0.02,0.01 ,0.953375, 0.0438264,0.00279882,0.0466252
0.03,0.01 ,0.952971, 0.0439086,0.00312088,0.0470295
0.04,0.01 ,0.952553, 0.0439914,0.00345558,0.047447
0.05,0.01 ,0.952122, 0.0440749,0.00380356,0.0478785
0.06,0.01 ,0.951675, 0.0441591,0.00416553,0.0483247
0.07,0.01 ,0.951214, 0.044244,0.00454222,0.0487862
0.08,0.01 ,0.950736, 0.0443296,0.00493444,0.0492641
0.09,0.01 ,0.950241, 0.0444159,0.00534304,0.0497589
0.1,0.01 ,0.949728, 0.0445029,0.00576894,0.0502719
0.11,0.01 ,0.949196, 0.0445906,0.00621311,0.0508038
0.12,0.01 ,0.948644, 0.0446791,0.00667663,0.0513557
0.13,0.01 ,0.948071, 0.0447683,0.00716061,0.0519289
0.14,0.01 ,0.947476, 0.0448582,0.00766627,0.0525245
0.15,0.01 ,0.946856, 0.0449489,0.00819494,0.0531438
0.16,0.01 ,0.946212, 0.0450403,0.00874804,0.0537884
0.17,0.01 ,0.94554, 0.0451325,0.00932709,0.0544596
0.18,0.01 ,0.944841, 0.0452255,0.00993375,0.0551593
0.19,0.01 ,0.944111, 0.0453193,0.0105698,0.0558891
0.2,0.01 ,0.943349, 0.0454138,0.0112372,0.056651
0.21,0.01 ,0.942553, 0.0455091,0.0119381,0.0574473
0.22,0.01 ,0.94172, 0.0456053,0.0126748,0.0582801
0.23,0.01 ,0.940848, 0.0457022,0.0134498,0.059152
0.24,0.01 ,0.939934, 0.0458,0.0142657,0.0600657
0.25,0.01 ,0.938976, 0.0458986,0.0151257,0.0610243
0.26,0.01 ,0.937969, 0.045998,0.0160329,0.0620309
0.27,0.01 ,0.936911, 0.0460983,0.016991,0.0630893
0.28,0.01 ,0.935797, 0.0461994,0.0180039,0.0642032
0.29,0.01 ,0.934623, 0.0463014,0.0190758,0.0653772
0.3,0.01 ,0.933384, 0.0464042,0.0202117,0.0666159
0.31,0.01 ,0.932075, 0.0465079,0.0214167,0.0679246
0.32,0.01 ,0.930691, 0.0466125,0.0226966,0.0693091
0.33,0.01 ,0.929224, 0.0467179,0.0240579,0.0707758
0.34,0.01 ,0.927668, 0.0468243,0.0255077,0.072332
0.35,0.01 ,0.926015, 0.0469315,0.027054,0.0739855
0.36,0.01 ,0.924255, 0.0470397,0.0287055,0.0757451
0.37,0.01 ,0.922379, 0.0471487,0.030472,0.0776208
0.38,0.01 ,0.920377, 0.0472587,0.0323646,0.0796233
0.39,0.01 ,0.918235, 0.0473696,0.0343954,0.081765
0.4,0.01 ,0.91594, 0.0474815,0.0365781,0.0840596
0.41,0.01 ,0.913478, 0.0475943,0.0389279,0.0865222
0.42,0.01 ,0.91083, 0.047708,0.0414621,0.0891701
0.43,0.01 ,0.907978, 0.0478227,0.0441997,0.0920224
0.44,0.01 ,0.9049, 0.0479383,0.0471621,0.0951005
0.45,0.01 ,0.901572, 0.048055,0.0503732,0.0984282
0.46,0.01 ,0.897968, 0.0481725,0.0538595,0.102032
0.47,0.01 ,0.894058, 0.0482911,0.0576506,0.105942
0.48,0.01 ,0.889811, 0.0484106,0.0617788,0.110189
0.49,0.01 ,0.885189, 0.0485311,0.0662798,0.114811
0.5,0.01 ,0.880155, 0.0486526,0.0711922,0.119845
0.51,0.01 ,0.874668, 0.0487751,0.0765572,0.125332
0.52,0.01 ,0.868683, 0.0488987,0.0824183,0.131317
0.53,0.01 ,0.862157, 0.0490232,0.08882,0.137843
0.54,0.01 ,0.855045, 0.0491487,0.0958066,0.144955
0.55,0.01 ,0.847304, 0.0492752,0.10342,0.152696
0.56,0.01 ,0.838898, 0.0494027,0.111699,0.161102
0.57,0.01 ,0.829796, 0.0495313,0.120672,0.170204
0.58,0.01 ,0.819979, 0.0496609,0.13036,0.180021
0.59,0.01 ,0.809438, 0.0497915,0.14077,0.190562
0.6,0.01 ,0.798185, 0.0499231,0.151892,0.201815
0.61,0.01 ,0.786243, 0.0500558,0.163701,0.213757
0.62,0.01 ,0.773657, 0.0501895,0.176153,0.226343
0.63,0.01 ,0.760485, 0.0503242,0.189191,0.239515
0.64,0.01 ,0.746796, 0.0504599,0.202744,0.253204
0.65,0.01 ,0.732671, 0.0505967,0.216732,0.267329
0.66,0.01 ,0.718195, 0.0507345,0.231071,0.281805
0.67,0.01 ,0.703452, 0.0508734,0.245674,0.296548
0.68,0.01 ,0.688528, 0.0510133,0.260459,0.311472
0.69,0.01 ,0.673499, 0.0511542,0.275347,0.326501
0.7,0.01 ,0.658437, 0.0512961,0.290267,0.341563
0.71,0.01 ,0.643406, 0.0514391,0.305155,0.356594
0.72,0.01 ,0.628462, 0.0515831,0.319955,0.371538
0.73,0.01 ,0.613652, 0.0517281,0.33462,0.386348
0.74,0.01 ,0.599015, 0.0518742,0.349111,0.400985
0.75,0.01 ,0.584584, 0.0520213,0.363395,0.415416
0.76,0.01 ,0.570385, 0.0521694,0.377445,0.429615
0.77,0.01 ,0.55644, 0.0523185,0.391241,0.44356
0.78,0.01 ,0.542765, 0.0524686,0.404767,0.457235
0.79,0.01 ,0.52937, 0.0526197,0.41801,0.47063
0.8,0.01 ,0.516266, 0.0527719,0.430962,0.483734
0.81,0.01 ,0.503457, 0.052925,0.443618,0.496543
0.82,0.01 ,0.490946, 0.0530791,0.455975,0.509054
0.83,0.01 ,0.478735, 0.0532342,0.468031,0.521265
0.84,0.01 ,0.466823, 0.0533903,0.479787,0.533177
0.85,0.01 ,0.455207, 0.0535474,0.491245,0.544793
0.86,0.01 ,0.443886, 0.0537055,0.502408,0.556114
0.87,0.01 ,0.432855, 0.0538645,0.51328,0.567145
0.88,0.01 ,0.42211, 0.0540245,0.523865,0.57789
0.89,0.01 ,0.411645, 0.0541854,0.534169,0.588355
0.9,0.01 ,0.401455, 0.0543473,0.544198,0.598545
0.91,0.01 ,0.391534, 0.0545101,0.553956,0.608466
0.92,0.01 ,0.381876, 0.0546739,0.56345,0.618124
0.93,0.01 ,0.372474, 0.0548386,0.572687,0.627526
0.94,0.01 ,0.363323, 0.0550042,0.581673,0.636677
0.95,0.01 ,0.354416, 0.0551707,0.590413,0.645584
0.96,0.01 ,0.345747, 0.0553381,0.598915,0.654253
0.97,0.01 ,0.337308, 0.0555064,0.607185,0.662692
0.98,0.01 ,0.329095, 0.0556756,0.61523,0.670905
0.99,0.01 ,0.3211, 0.0558457,0.623054,0.6789
1,0.01 ,0.313318, 0.0560166,0.630665,0.686682
0,0.02 ,0.953883, 0.0437299,0.0023871,0.046117
0.01,0.02 ,0.953504, 0.0438107,0.00268559,0.0464963
0.02,0.02 ,0.953112, 0.0438921,0.00299551,0.0468876
0.03,0.02 ,0.952708, 0.0439742,0.00331744,0.0472917
0.04,0.02 ,0.952291, 0.044057,0.00365199,0.047709
0.05,0.02 ,0.95186, 0.0441404,0.00399981,0.0481403
0.06,0.02 ,0.951414, 0.0442246,0.00436161,0.0485862
0.07,0.02 ,0.950952, 0.0443094,0.00473813,0.0490475
0.08,0.02 ,0.950475, 0.0443949,0.00513016,0.0495251
0.09,0.02 ,0.94998, 0.0444812,0.00553857,0.0500197
0.1,0.02 ,0.949468, 0.0445681,0.00596426,0.0505324
0.11,0.02 ,0.948936, 0.0446558,0.00640822,0.051064
0.12,0.02 ,0.948384, 0.0447441,0.00687149,0.0516156
0.13,0.02 ,0.947812, 0.0448333,0.00735522,0.0521885
0.14,0.02 ,0.947216, 0.0449231,0.00786062,0.0527838
0.15,0.02 ,0.946597, 0.0450137,0.00838901,0.0534027
0.16,0.02 ,0.945953, 0.0451051,0.0089418,0.0540469
0.17,0.02 ,0.945282, 0.0451972,0.00952052,0.0547178
0.18,0.02 ,0.944583, 0.0452901,0.0101268,0.055417
0.19,0.02 ,0.943854, 0.0453838,0.0107625,0.0561463
0.2,0.02 ,0.943092, 0.0454783,0.0114296,0.0569078
0.21,0.02 ,0.942296, 0.0455735,0.01213,0.0577036
0.22,0.02 ,0.941464, 0.0456696,0.0128662,0.0585358
0.23,0.02 ,0.940593, 0.0457665,0.0136407,0.0594071
0.24,0.02 ,0.93968, 0.0458642,0.0144561,0.0603202
0.25,0.02 ,0.938722, 0.0459627,0.0153155,0.0612781
0.26,0.02 ,0.937716, 0.046062,0.016222,0.062284
0.27,0.02 ,0.936658, 0.0461622,0.0171794,0.0633416
0.28,0.02 ,0.935545, 0.0462632,0.0181915,0.0644548
0.29,0.02 ,0.934372, 0.0463651,0.0192627,0.0656278
0.3,0.02 ,0.933135, 0.0464678,0.0203977,0.0668655
0.31,0.02 ,0.931827, 0.0465714,0.0216017,0.0681731
0.32,0.02 ,0.930444, 0.0466759,0.0228805,0.0695565
0.33,0.02 ,0.928978, 0.0467813,0.0242407,0.071022
0.34,0.02 ,0.927423, 0.0468876,0.0256892,0.0725767
0.35,0.02 ,0.925771, 0.0469947,0.027234,0.0742287
0.36,0.02 ,0.924013, 0.0471028,0.0288839,0.0759867
0.37,0.02 ,0.92214, 0.0472118,0.0306487,0.0778605
0.38,0.02 ,0.920139, 0.0473216,0.0325393,0.079861
0.39,0.02 ,0.918, 0.0474325,0.034568,0.0820004
0.4,0.02 ,0.915708, 0.0475442,0.0367483,0.0842925
0.41,0.02 ,0.913248, 0.0476569,0.0390955,0.0867524
0.42,0.02 ,0.910603, 0.0477705,0.0416267,0.0893972
0.43,0.02 ,0.907754, 0.0478851,0.0443609,0.0922461
0.44,0.02 ,0.90468, 0.0480007,0.0473196,0.0953203
0.45,0.02 ,0.901356, 0.0481172,0.0505265,0.0986437
0.46,0.02 ,0.897757, 0.0482346,0.0540081,0.102243
0.47,0.02 ,0.893853, 0.0483531,0.0577938,0.106147
0.48,0.02 ,0.889611, 0.0484725,0.0619161,0.110389
0.49,0.02 ,0.884997, 0.0485929,0.0664104,0.115003
0.5,0.02 ,0.87997, 0.0487143,0.0713152,0.12003
0.51,0.02 ,0.874492, 0.0488367,0.0766718,0.125508
0.52,0.02 ,0.868516, 0.0489601,0.0825234,0.131484
0.53,0.02 ,0.862001, 0.0490845,0.0889146,0.137999
0.54,0.02 ,0.8549, 0.0492099,0.0958897,0.1451
0.55,0.02 ,0.847173, 0.0493363,0.103491,0.152827
0.56,0.02 ,0.838781, 0.0494637,0.111755,0.161219
0.57,0.02 ,0.829694, 0.0495922,0.120714,0.170306
0.58,0.02 ,0.819892, 0.0497216,0.130387,0.180108
0.59,0.02 ,0.809368, 0.0498521,0.14078,0.190632
0.6,0.02 ,0.798131, 0.0499836,0.151885,0.201869
0.61,0.02 ,0.786207, 0.0501162,0.163677,0.213793
0.62,0.02 ,0.773638, 0.0502497,0.176112,0.226362
0.63,0.02 ,0.760481, 0.0503843,0.189134,0.239519
0.64,0.02 ,0.746808, 0.0505199,0.202672,0.253192
0.65,0.02 ,0.732698, 0.0506566,0.216645,0.267302
0.66,0.02 ,0.718235, 0.0507943,0.23097,0.281765
0.67,0.02 ,0.703505, 0.050933,0.245562,0.296495
0.68,0.02 ,0.688592, 0.0510727,0.260335,0.311408
0.69,0.02 ,0.673573, 0.0512135,0.275214,0.326427
0.7,0.02 ,0.65852, 0.0513553,0.290125,0.34148
0.71,0.02 ,0.643497, 0.0514982,0.305005,0.356503
0.72,0.02 ,0.628559, 0.051642,0.319799,0.371441
0.73,0.02 ,0.613754, 0.0517869,0.334459,0.386246
0.74,0.02 ,0.599122, 0.0519328,0.348945,0.400878
0.75,0.02 ,0.584695, 0.0520798,0.363225,0.415305
0.76,0.02 ,0.5705, 0.0522277,0.377272,0.4295
0.77,0.02 ,0.556558, 0.0523767,0.391066,0.443442
0.78,0.02 ,0.542884, 0.0525267,0.404589,0.457116
0.79,0.02 ,0.529491, 0.0526777,0.417831,0.470509
0.8,0.02 ,0.516388, 0.0528296,0.430782,0.483612
0.81,0.02 ,0.50358, 0.0529826,0.443438,0.49642
0.82,0.02 ,0.49107, 0.0531366,0.455794,0.50893
0.83,0.02 ,0.478859, 0.0532916,0.46785,0.521141
0.84,0.02 ,0.466947, 0.0534475,0.479606,0.533053
0.85,0.02 ,0.455331, 0.0536045,0.491064,0.544669
0.86,0.02 ,0.44401, 0.0537624,0.502228,0.55599
0.87,0.02 ,0.432979, 0.0539212,0.5131,0.567021
0.88,0.02 ,0.422233, 0.0540811,0.523686,0.577767
0.89,0.02 ,0.411767, 0.0542419,0.533991,0.588233
0.9,0.02 ,0.401576, 0.0544036,0.54402,0.598424
0.91,0.02 ,0.391654, 0.0545663,0.553779,0.608346
0.92,0.02 ,0.381995, 0.0547299,0.563275,0.618005
0.93,0.02 ,0.372593, 0.0548944,0.572513,0.627407
0.94,0.02 ,0.363441, 0.0550598,0.5815,0.636559
0.95,0.02 ,0.354532, 0.0552262,0.590242,0.645468
0.96,0.02 ,0.345861, 0.0553935,0.598745,0.654139
0.97,0.02 ,0.337422, 0.0555616,0.607016,0.662578
0.98,0.02 ,0.329207, 0.0557306,0.615062,0.670793
0.99,0.02 ,0.321211, 0.0559006,0.622888,0.678789
1,0.02 ,0.313428, 0.0560714,0.6305,0.686572
0,0.03 ,0.953612, 0.0437963,0.00259118,0.0463875
0.01,0.03 ,0.953233, 0.0438771,0.00288954,0.0467666
0.02,0.03 ,0.952842, 0.0439584,0.00319932,0.0471578
0.03,0.03 ,0.952438, 0.0440405,0.0035211,0.0475616
0.04,0.03 ,0.952021, 0.0441232,0.0038555,0.0479787
0.05,0.03 ,0.95159, 0.0442066,0.00420316,0.0484098
0.06,0.03 ,0.951145, 0.0442907,0.00456479,0.0488555
0.07,0.03 ,0.950683, 0.0443754,0.00494113,0.0493166
0.08,0.03 ,0.950206, 0.0444609,0.00533297,0.0497939
0.09,0.03 ,0.949712, 0.044547,0.00574118,0.0502882
0.1,0.03 ,0.949199, 0.0446339,0.00616665,0.0508006
0.11,0.03 ,0.948668, 0.0447215,0.00661038,0.0513319
0.12,0.03 ,0.948117, 0.0448098,0.00707342,0.0518832
0.13,0.03 ,0.947544, 0.0448989,0.00755689,0.0524558
0.14,0.03 ,0.946949, 0.0449887,0.00806202,0.0530507
0.15,0.03 ,0.946331, 0.0450792,0.00859011,0.0536693
0.16,0.03 ,0.945687, 0.0451705,0.00914259,0.0543131
0.17,0.03 ,0.945016, 0.0452625,0.00972098,0.0549835
0.18,0.03 ,0.944318, 0.0453554,0.0103269,0.0556823
0.19,0.03 ,0.943589, 0.045449,0.0109622,0.0564112
0.2,0.03 ,0.942828, 0.0455434,0.0116289,0.0571722
0.21,0.03 ,0.942033, 0.0456385,0.0123289,0.0579674
0.22,0.03 ,0.941201, 0.0457345,0.0130646,0.0587991
0.23,0.03 ,0.94033, 0.0458313,0.0138385,0.0596698
0.24,0.03 ,0.939418, 0.0459289,0.0146534,0.0605823
0.25,0.03 ,0.938461, 0.0460273,0.0155122,0.0615395
0.26,0.03 ,0.937455, 0.0461266,0.0164181,0.0625447
0.27,0.03 ,0.936399, 0.0462267,0.0173748,0.0636015
0.28,0.03 ,0.935286, 0.0463276,0.0183861,0.0647138
0.29,0.03 ,0.934114, 0.0464294,0.0194564,0.0658859
0.3,0.03 ,0.932877, 0.0465321,0.0205905,0.0671226
0.31,0.03 ,0.931571, 0.0466356,0.0217935,0.0684291
0.32,0.03 ,0.930189, 0.04674,0.0230712,0.0698112
0.33,0.03 ,0.928725, 0.0468453,0.0244302,0.0712754
0.34,0.03 ,0.927171, 0.0469515,0.0258774,0.0728288
0.35,0.03 ,0.925521, 0.0470585,0.0274207,0.0744792
0.36,0.03 ,0.923765, 0.0471665,0.029069,0.0762355
0.37,0.03 ,0.921893, 0.0472754,0.030832,0.0781074
0.38,0.03 ,0.919894, 0.0473852,0.0327207,0.0801058
0.39,0.03 ,0.917757, 0.0474959,0.0347471,0.082243
0.4,0.03 ,0.915468, 0.0476075,0.036925,0.0845325
0.41,0.03 ,0.91301, 0.0477201,0.0392694,0.0869896
0.42,0.03 ,0.910369, 0.0478336,0.0417976,0.0896312
0.43,0.03 ,0.907523, 0.0479481,0.0445284,0.0924766
0.44,0.03 ,0.904453, 0.0480636,0.0474833,0.0955468
0.45,0.03 ,0.901134, 0.04818,0.0506859,0.0988658
0.46,0.03 ,0.89754, 0.0482973,0.0541626,0.10246
0.47,0.03 ,0.893641, 0.0484157,0.0579429,0.106359
0.48,0.03 ,0.889406, 0.048535,0.062059,0.110594
0.49,0.03 ,0.884798, 0.0486553,0.0665465,0.115202
0.5,0.03 ,0.87978, 0.0487766,0.0714436,0.12022
0.51,0.03 ,0.87431, 0.0488988,0.0767915,0.12569
0.52,0.03 ,0.868344, 0.0490221,0.0826335,0.131656
0.53,0.03 ,0.86184, 0.0491464,0.089014,0.13816
0.54,0.03 ,0.854751, 0.0492717,0.0959772,0.145249
0.55,0.03 ,0.847037, 0.049398,0.103565,0.152963
0.56,0.03 ,0.838659, 0.0495253,0.111816,0.161341
0.57,0.03 ,0.829587, 0.0496536,0.120759,0.170413
0.58,0.03 ,0.819801, 0.0497829,0.130416,0.180199
0.59,0.03 ,0.809294, 0.0499133,0.140792,0.190706
0.6,0.03 ,0.798075, 0.0500447,0.15188,0.201925
0.61,0.03 ,0.786168, 0.0501771,0.163655,0.213832
0.62,0.03 ,0.773616, 0.0503105,0.176073,0.226384
0.63,0.03 ,0.760477, 0.050445,0.189078,0.239523
0.64,0.03 ,0.74682, 0.0505805,0.202599,0.25318
0.65,0.03 ,0.732725, 0.050717,0.216558,0.267275
0.66,0.03 ,0.718276, 0.0508545,0.230869,0.281724
0.67,0.03 ,0.703559, 0.0509931,0.245448,0.296441
0.68,0.03 ,0.688657, 0.0511327,0.26021,0.311343
0.69,0.03 ,0.673648, 0.0512734,0.275078,0.326352
0.7,0.03 ,0.658604, 0.0514151,0.289981,0.341396
0.71,0.03 ,0.643589, 0.0515578,0.304853,0.356411
0.72,0.03 ,0.628658, 0.0517015,0.31964,0.371342
0.73,0.03 ,0.613859, 0.0518462,0.334295,0.386141
0.74,0.03 ,0.599232, 0.051992,0.348776,0.400768
0.75,0.03 ,0.584809, 0.0521388,0.363052,0.415191
0.76,0.03 ,0.570617, 0.0522866,0.377096,0.429383
0.77,0.03 ,0.556677, 0.0524354,0.390887,0.443323
0.78,0.03 ,0.543006, 0.0525853,0.404409,0.456994
0.79,0.03 ,0.529615, 0.0527361,0.417649,0.470385
0.8,0.03 ,0.516513, 0.0528879,0.430599,0.483487
0.81,0.03 ,0.503706, 0.0530408,0.443253,0.496294
0.82,0.03 ,0.491196, 0.0531946,0.455609,0.508804
0.83,0.03 ,0.478986, 0.0533494,0.467665,0.521014
0.84,0.03 ,0.467074, 0.0535052,0.479421,0.532926
0.85,0.03 ,0.455458, 0.053662,0.49088,0.544542
0.86,0.03 ,0.444137, 0.0538198,0.502043,0.555863
0.87,0.03 ,0.433105, 0.0539785,0.512917,0.566895
0.88,0.03 ,0.422358, 0.0541382,0.523503,0.577642
0.89,0.03 ,0.411892, 0.0542988,0.533809,0.588108
0.9,0.03 ,0.4017, 0.0544604,0.543839,0.5983
0.91,0.03 ,0.391778, 0.0546229,0.5536,0.608222
0.92,0.03 ,0.382118, 0.0547863,0.563096,0.617882
0.93,0.03 ,0.372714, 0.0549507,0.572335,0.627286
0.94,0.03 ,0.363561, 0.055116,0.581323,0.636439
0.95,0.03 ,0.354651, 0.0552822,0.590067,0.645349
0.96,0.03 ,0.345979, 0.0554493,0.598571,0.654021
0.97,0.03 ,0.337538, 0.0556173,0.606844,0.662462
0.98,0.03 ,0.329323, 0.0557862,0.614891,0.670677
0.99,0.03 ,0.321325, 0.0559559,0.622719,0.678675
1,0.03 ,0.313541, 0.0561266,0.630333,0.686459
0,0.04 ,0.953334, 0.0438634,0.00280273,0.0466662
0.01,0.04 ,0.952955, 0.0439441,0.00310095,0.047045
0.02,0.04 ,0.952564, 0.0440254,0.00341059,0.047436
0.03,0.04 ,0.95216, 0.0441074,0.00373222,0.0478396
0.04,0.04 ,0.951743, 0.0441901,0.00406646,0.0482565
0.05,0.04 ,0.951313, 0.0442734,0.00441396,0.0486873
0.06,0.04 ,0.950867, 0.0443574,0.00477541,0.0491328
0.07,0.04 ,0.950406, 0.0444421,0.00515156,0.0495936
0.08,0.04 ,0.949929, 0.0445275,0.00554321,0.0500707
0.09,0.04 ,0.949435, 0.0446136,0.0059512,0.0505648
0.1,0.04 ,0.948923, 0.0447004,0.00637645,0.0510768
0.11,0.04 ,0.948392, 0.0447879,0.00681995,0.0516078
0.12,0.04 ,0.947841, 0.0448761,0.00728273,0.0521589
0.13,0.04 ,0.947269, 0.0449651,0.00776594,0.052731
0.14,0.04 ,0.946674, 0.0450548,0.00827079,0.0533256
0.15,0.04 ,0.946056, 0.0451453,0.00879858,0.0539439
0.16,0.04 ,0.945413, 0.0452365,0.00935073,0.0545872
0.17,0.04 ,0.944743, 0.0453285,0.00992878,0.0552573
0.18,0.04 ,0.944044, 0.0454212,0.0105344,0.0559556
0.19,0.04 ,0.943316, 0.0455148,0.0111693,0.056684
0.2,0.04 ,0.942555, 0.0456091,0.0118355,0.0574445
0.21,0.04 ,0.941761, 0.0457042,0.012535,0.0582392
0.22,0.04 ,0.94093, 0.0458001,0.0132703,0.0590703
0.23,0.04 ,0.94006, 0.0458968,0.0140437,0.0599404
0.24,0.04 ,0.939148, 0.0459943,0.014858,0.0608523
0.25,0.04 ,0.938191, 0.0460926,0.0157161,0.0618087
0.26,0.04 ,0.937187, 0.0461918,0.0166214,0.0628132
0.27,0.04 ,0.936131, 0.0462918,0.0175773,0.0638691
0.28,0.04 ,0.935019, 0.0463927,0.0185879,0.0649806
0.29,0.04 ,0.933848, 0.0464944,0.0196573,0.0661517
0.3,0.04 ,0.932613, 0.046597,0.0207904,0.0673874
0.31,0.04 ,0.931307, 0.0467004,0.0219924,0.0686928
0.32,0.04 ,0.929926, 0.0468047,0.023269,0.0700737
0.33,0.04 ,0.928463, 0.0469099,0.0246267,0.0715366
0.34,0.04 ,0.926911, 0.047016,0.0260726,0.0730885
0.35,0.04 ,0.925263, 0.0471229,0.0276144,0.0747373
0.36,0.04 ,0.923508, 0.0472308,0.0292611,0.0764919
0.37,0.04 ,0.921638, 0.0473396,0.0310223,0.0783618
0.38,0.04 ,0.919642, 0.0474493,0.0329089,0.0803581
0.39,0.04 ,0.917507, 0.0475599,0.0349331,0.0824929
0.4,0.04 ,0.91522, 0.0476714,0.0371084,0.0847798
0.41,0.04 ,0.912766, 0.0477839,0.0394501,0.087234
0.42,0.04 ,0.910128, 0.0478974,0.0419751,0.0898725
0.43,0.04 ,0.907286, 0.0480117,0.0447025,0.0927142
0.44,0.04 ,0.90422, 0.0481271,0.0476534,0.0957804
0.45,0.04 ,0.900905, 0.0482433,0.0508516,0.0990949
0.46,0.04 ,0.897316, 0.0483606,0.0543234,0.102684
0.47,0.04 ,0.893423, 0.0484788,0.0580981,0.106577
0.48,0.04 ,0.889194, 0.048598,0.062208,0.110806
0.49,0.04 ,0.884593, 0.0487182,0.0666884,0.115407
0.5,0.04 ,0.879583, 0.0488394,0.0715776,0.120417
0.51,0.04 ,0.874122, 0.0489616,0.0769167,0.125878
0.52,0.04 ,0.868167, 0.0490847,0.0827488,0.131833
0.53,0.04 ,0.861673, 0.0492089,0.0891183,0.138327
0.54,0.04 ,0.854597, 0.049334,0.0960693,0.145403
0.55,0.04 ,0.846896, 0.0494602,0.103644,0.153104
0.56,0.04 ,0.838533, 0.0495874,0.11188,0.161467
0.57,0.04 ,0.829476, 0.0497156,0.120808,0.170524
0.58,0.04 ,0.819707, 0.0498448,0.130448,0.180293
0.59,0.04 ,0.809218, 0.049975,0.140807,0.190782
0.6,0.04 ,0.798016, 0.0501063,0.151878,0.201984
0.61,0.04 ,0.786127, 0.0502386,0.163634,0.213873
0.62,0.04 ,0.773593, 0.0503719,0.176035,0.226407
0.63,0.04 ,0.760471, 0.0505062,0.189023,0.239529
0.64,0.04 ,0.746831, 0.0506416,0.202527,0.253169
0.65,0.04 ,0.732752, 0.050778,0.21647,0.267248
0.66,0.04 ,0.718317, 0.0509154,0.230767,0.281683
0.67,0.04 ,0.703613, 0.0510538,0.245333,0.296387
0.68,0.04 ,0.688723, 0.0511933,0.260084,0.311277
0.69,0.04 ,0.673725, 0.0513338,0.274941,0.326275
0.7,0.04 ,0.65869, 0.0514753,0.289835,0.34131
0.71,0.04 ,0.643683, 0.0516179,0.304699,0.356317
0.72,0.04 ,0.628759, 0.0517615,0.31948,0.371241
0.73,0.04 ,0.613966, 0.0519061,0.334128,0.386034
0.74,0.04 ,0.599343, 0.0520517,0.348605,0.400657
0.75,0.04 ,0.584925, 0.0521984,0.362877,0.415075
0.76,0.04 ,0.570737, 0.052346,0.376917,0.429263
0.77,0.04 ,0.5568, 0.0524947,0.390705,0.4432
0.78,0.04 ,0.543131, 0.0526444,0.404225,0.456869
0.79,0.04 ,0.529742, 0.0527951,0.417463,0.470258
0.8,0.04 ,0.516641, 0.0529468,0.430412,0.483359
0.81,0.04 ,0.503835, 0.0530995,0.443066,0.496165
0.82,0.04 ,0.491326, 0.0532531,0.455421,0.508674
0.83,0.04 ,0.479116, 0.0534078,0.467476,0.520884
0.84,0.04 ,0.467204, 0.0535635,0.479233,0.532796
0.85,0.04 ,0.455588, 0.0537201,0.490691,0.544412
0.86,0.04 ,0.444267, 0.0538777,0.501856,0.555733
0.87,0.04 ,0.433234, 0.0540363,0.51273,0.566766
0.88,0.04 ,0.422487, 0.0541958,0.523317,0.577513
0.89,0.04 ,0.41202, 0.0543562,0.533624,0.58798
0.9,0.04 ,0.401828, 0.0545177,0.543655,0.598172
0.91,0.04 ,0.391904, 0.05468,0.553416,0.608096
0.92,0.04 ,0.382243, 0.0548433,0.562914,0.617757
0.93,0.04 ,0.372838, 0.0550075,0.572154,0.627162
0.94,0.04 ,0.363684, 0.0551727,0.581144,0.636316
0.95,0.04 ,0.354773, 0.0553387,0.589888,0.645227
0.96,0.04 ,0.3461, 0.0555056,0.598395,0.6539
0.97,0.04 ,0.337658, 0.0556735,0.606669,0.662342
0.98,0.04 ,0.329441, 0.0558422,0.614717,0.670559
0.99,0.04 ,0.321442, 0.0560118,0.622546,0.678558
1,0.04 ,0.313656, 0.0561822,0.630161,0.686344
0,0.05 ,0.953047, 0.0439312,0.00302212,0.0469533
0.01,0.05 ,0.952668, 0.0440118,0.00332019,0.047332
0.02,0.05 ,0.952277, 0.044093,0.00362968,0.0477227
0.03,0.05 ,0.951874, 0.044175,0.00395116,0.0481261
0.04,0.05 ,0.951457, 0.0442575,0.00428523,0.0485428
0.05,0.05 ,0.951027, 0.0443408,0.00463255,0.0489734
0.06,0.05 ,0.950581, 0.0444247,0.00499382,0.0494186
0.07,0.05 ,0.950121, 0.0445094,0.00536978,0.0498792
0.08,0.05 ,0.949644, 0.0445947,0.00576122,0.0503559
0.09,0.05 ,0.94915, 0.0446807,0.006169,0.0508497
0.1,0.05 ,0.948639, 0.0447675,0.00659403,0.0513615
0.11,0.05 ,0.948108, 0.0448549,0.00703728,0.0518922
0.12,0.05 ,0.947557, 0.0449431,0.00749981,0.0524429
0.13,0.05 ,0.946985, 0.045032,0.00798274,0.0530147
0.14,0.05 ,0.946391, 0.0451216,0.00848729,0.0536089
0.15,0.05 ,0.945773, 0.045212,0.00901477,0.0542268
0.16,0.05 ,0.94513, 0.0453032,0.00956659,0.0548698
0.17,0.05 ,0.944461, 0.0453951,0.0101443,0.0555393
0.18,0.05 ,0.943763, 0.0454877,0.0107495,0.0562372
0.19,0.05 ,0.943035, 0.0455812,0.011384,0.0569652
0.2,0.05 ,0.942275, 0.0456754,0.0120498,0.0577252
0.21,0.05 ,0.941481, 0.0457704,0.0127488,0.0585193
0.22,0.05 ,0.94065, 0.0458663,0.0134836,0.0593498
0.23,0.05 ,0.939781, 0.0459629,0.0142564,0.0602193
0.24,0.05 ,0.93887, 0.0460603,0.0150701,0.0611304
0.25,0.05 ,0.937914, 0.0461586,0.0159276,0.0620862
0.26,0.05 ,0.93691, 0.0462577,0.0168322,0.0630899
0.27,0.05 ,0.935855, 0.0463576,0.0177874,0.064145
0.28,0.05 ,0.934744, 0.0464584,0.0187972,0.0652555
0.29,0.05 ,0.933574, 0.04656,0.0198657,0.0664257
0.3,0.05 ,0.93234, 0.0466624,0.0209979,0.0676603
0.31,0.05 ,0.931035, 0.0467658,0.0221988,0.0689646
0.32,0.05 ,0.929656, 0.04687,0.0234743,0.0703443
0.33,0.05 ,0.928194, 0.0469751,0.0248307,0.0718058
0.34,0.05 ,0.926644, 0.0470811,0.0262751,0.0733562
0.35,0.05 ,0.924997, 0.0471879,0.0278155,0.0750034
0.36,0.05 ,0.923244, 0.0472957,0.0294604,0.0767561
0.37,0.05 ,0.921376, 0.0474044,0.0312197,0.0786241
0.38,0.05 ,0.919382, 0.047514,0.0331043,0.0806183
0.39,0.05 ,0.917249, 0.0476245,0.0351262,0.0827507
0.4,0.05 ,0.914965, 0.047736,0.0372989,0.0850349
0.41,0.05 ,0.912514, 0.0478483,0.0396378,0.0874861
0.42,0.05 ,0.909879, 0.0479617,0.0421596,0.0901213
0.43,0.05 ,0.907041, 0.0480759,0.0448834,0.0929593
0.44,0.05 ,0.903979, 0.0481912,0.0478303,0.0960214
0.45,0.05 ,0.900669, 0.0483073,0.051024,0.0993313
0.46,0.05 ,0.897085, 0.0484245,0.0544907,0.102915
0.47,0.05 ,0.893198, 0.0485426,0.0582597,0.106802
0.48,0.05 ,0.888975, 0.0486617,0.0623632,0.111025
0.49,0.05 ,0.884382, 0.0487818,0.0668364,0.115618
0.5,0.05 ,0.87938, 0.0489028,0.0717175,0.12062
0.51,0.05 ,0.873928, 0.0490249,0.0770475,0.126072
0.52,0.05 ,0.867983, 0.0491479,0.0828695,0.132017
0.53,0.05 ,0.8615, 0.0492719,0.0892277,0.1385
0.54,0.05 ,0.854437, 0.049397,0.0961663,0.145563
0.55,0.05 ,0.84675, 0.049523,0.103727,0.15325
0.56,0.05 ,0.838401, 0.0496501,0.111949,0.161599
0.57,0.05 ,0.829361, 0.0497782,0.12086,0.170639
0.58,0.05 ,0.819609, 0.0499073,0.130484,0.180391
0.59,0.05 ,0.809138, 0.0500374,0.140825,0.190862
0.6,0.05 ,0.797954, 0.0501685,0.151877,0.202046
0.61,0.05 ,0.786084, 0.0503006,0.163615,0.213916
0.62,0.05 ,0.773568, 0.0504338,0.175998,0.226432
0.63,0.05 ,0.760464, 0.050568,0.188968,0.239536
0.64,0.05 ,0.746841, 0.0507032,0.202456,0.253159
0.65,0.05 ,0.732778, 0.0508395,0.216383,0.267222
0.66,0.05 ,0.718358, 0.0509768,0.230665,0.281642
0.67,0.05 ,0.703668, 0.0511151,0.245217,0.296332
0.68,0.05 ,0.68879, 0.0512544,0.259956,0.31121
0.69,0.05 ,0.673802, 0.0513948,0.274803,0.326198
0.7,0.05 ,0.658777, 0.0515362,0.289686,0.341223
0.71,0.05 ,0.643779, 0.0516786,0.304543,0.356221
0.72,0.05 ,0.628862, 0.051822,0.319316,0.371138
0.73,0.05 ,0.614075, 0.0519665,0.333959,0.385925
0.74,0.05 ,0.599458, 0.052112,0.34843,0.400542
0.75,0.05 ,0.585044, 0.0522585,0.362698,0.414956
0.76,0.05 ,0.570859, 0.052406,0.376735,0.429141
0.77,0.05 ,0.556925, 0.0525545,0.39052,0.443075
0.78,0.05 ,0.543259, 0.0527041,0.404037,0.456741
0.79,0.05 ,0.529871, 0.0528546,0.417274,0.470129
0.8,0.05 ,0.516772, 0.0530061,0.430222,0.483228
0.81,0.05 ,0.503967, 0.0531587,0.442875,0.496033
0.82,0.05 ,0.491459, 0.0533122,0.455229,0.508541
0.83,0.05 ,0.479249, 0.0534667,0.467284,0.520751
0.84,0.05 ,0.467337, 0.0536222,0.479041,0.532663
0.85,0.05 ,0.455722, 0.0537787,0.4905,0.544278
0.86,0.05 ,0.444399, 0.0539361,0.501665,0.555601
0.87,0.05 ,0.433367, 0.0540945,0.512539,0.566633
0.88,0.05 ,0.422619, 0.0542539,0.523127,0.577381
0.89,0.05 ,0.412151, 0.0544142,0.533435,0.587849
0.9,0.05 ,0.401958, 0.0545755,0.543467,0.598042
0.91,0.05 ,0.392033, 0.0547377,0.553229,0.607967
0.92,0.05 ,0.382371, 0.0549008,0.562728,0.617629
0.93,0.05 ,0.372965, 0.0550648,0.57197,0.627035
0.94,0.05 ,0.36381, 0.0552298,0.580961,0.63619
0.95,0.05 ,0.354898, 0.0553957,0.589707,0.645102
0.96,0.05 ,0.346223, 0.0555625,0.598214,0.653777
0.97,0.05 ,0.33778, 0.0557301,0.60649,0.66222
0.98,0.05 ,0.329562, 0.0558987,0.61454,0.670438
0.99,0.05 ,0.321562, 0.0560681,0.62237,0.678438
1,0.05 ,0.313774, 0.0562384,0.629987,0.686226
0,0.06 ,0.952751, 0.0439996,0.00324972,0.0472493
0.01,0.06 ,0.952372, 0.0440801,0.00354765,0.0476278
0.02,0.06 ,0.951982, 0.0441613,0.00385698,0.0480183
0.03,0.06 ,0.951579, 0.0442432,0.0041783,0.0484215
0.04,0.06 ,0.951162, 0.0443257,0.0045122,0.0488379
0.05,0.06 ,0.950732, 0.0444089,0.00485934,0.0492682
0.06,0.06 ,0.950287, 0.0444928,0.00522042,0.0497132
0.07,0.06 ,0.949826, 0.0445773,0.00559617,0.0501735
0.08,0.06 ,0.94935, 0.0446626,0.0059874,0.05065
0.09,0.06 ,0.948857, 0.0447485,0.00639496,0.0511435
0.1,0.06 ,0.948345, 0.0448352,0.00681975,0.0516549
0.11,0.06 ,0.947815, 0.0449226,0.00726275,0.0521853
0.12,0.06 ,0.947264, 0.0450107,0.00772501,0.0527357
0.13,0.06 ,0.946693, 0.0450995,0.00820766,0.0533072
0.14,0.06 ,0.946099, 0.0451891,0.00871191,0.053901
0.15,0.06 ,0.945482, 0.0452794,0.00923907,0.0545185
0.16,0.06 ,0.944839, 0.0453705,0.00979055,0.055161
0.17,0.06 ,0.94417, 0.0454623,0.0103679,0.0558302
0.18,0.06 ,0.943472, 0.0455549,0.0109727,0.0565276
0.19,0.06 ,0.942745, 0.0456482,0.0116068,0.057255
0.2,0.06 ,0.941986, 0.0457424,0.0122721,0.0580145
0.21,0.06 ,0.941192, 0.0458373,0.0129707,0.058808
0.22,0.06 ,0.940362, 0.0459331,0.0137049,0.059638
0.23,0.06 ,0.939493, 0.0460296,0.0144772,0.0605068
0.24,0.06 ,0.938583, 0.046127,0.0152903,0.0614173
0.25,0.06 ,0.937628, 0.0462251,0.0161472,0.0623723
0.26,0.06 ,0.936625, 0.0463241,0.017051,0.0633752
0.27,0.06 ,0.935571, 0.046424,0.0180055,0.0644295
0.28,0.06 ,0.934461, 0.0465247,0.0190144,0.065539
0.29,0.06 ,0.933292, 0.0466262,0.020082,0.0667082
0.3,0.06 ,0.932058, 0.0467286,0.0212132,0.0679418
0.31,0.06 ,0.930755, 0.0468318,0.022413,0.0692448
0.32,0.06 ,0.929377, 0.0469359,0.0236873,0.0706233
0.33,0.06 ,0.927917, 0.0470409,0.0250425,0.0720834
0.34,0.06 ,0.926368, 0.0471468,0.0264855,0.0736323
0.35,0.06 ,0.924722, 0.0472536,0.0280242,0.0752778
0.36,0.06 ,0.922971, 0.0473613,0.0296675,0.0770287
0.37,0.06 ,0.921105, 0.0474698,0.0314249,0.0788947
0.38,0.06 ,0.919113, 0.0475793,0.0333073,0.0808866
0.39,0.06 ,0.916983, 0.0476898,0.0353268,0.0830165
0.4,0.06 ,0.914702, 0.0478011,0.0374969,0.085298
0.41,0.06 ,0.912254, 0.0479134,0.0398328,0.0877462
0.42,0.06 ,0.909622, 0.0480266,0.0423514,0.090378
0.43,0.06 ,0.906788, 0.0481407,0.0450715,0.0932122
0.44,0.06 ,0.90373, 0.0482559,0.0480143,0.0962701
0.45,0.06 ,0.900425, 0.0483719,0.0512033,0.0995753
0.46,0.06 ,0.896846, 0.048489,0.0546649,0.103154
0.47,0.06 ,0.892965, 0.048607,0.0584281,0.107035
0.48,0.06 ,0.888749, 0.0487259,0.062525,0.111251
0.49,0.06 ,0.884163, 0.0488459,0.0669908,0.115837
0.5,0.06 ,0.87917, 0.0489668,0.0718637,0.12083
0.51,0.06 ,0.873727, 0.0490888,0.0771844,0.126273
0.52,0.06 ,0.867792, 0.0492117,0.0829959,0.132208
0.53,0.06 ,0.861322, 0.0493356,0.0893426,0.138678
0.54,0.06 ,0.854271, 0.0494605,0.0962684,0.145729
0.55,0.06 ,0.846598, 0.0495864,0.103815,0.153402
0.56,0.06 ,0.838265, 0.0497134,0.112021,0.161735
0.57,0.06 ,0.829242, 0.0498413,0.120917,0.170758
0.58,0.06 ,0.819507, 0.0499703,0.130523,0.180493
0.59,0.06 ,0.809054, 0.0501003,0.140846,0.190946
0.6,0.06 ,0.797889, 0.0502313,0.151879,0.202111
0.61,0.06 ,0.786038, 0.0503633,0.163599,0.213962
0.62,0.06 ,0.773541, 0.0504963,0.175962,0.226459
0.63,0.06 ,0.760456, 0.0506304,0.188914,0.239544
0.64,0.06 ,0.74685, 0.0507655,0.202385,0.25315
0.65,0.06 ,0.732803, 0.0509016,0.216295,0.267197
0.66,0.06 ,0.718399, 0.0510387,0.230562,0.281601
0.67,0.06 ,0.703723, 0.0511769,0.2451,0.296277
0.68,0.06 ,0.688857, 0.0513161,0.259826,0.311143
0.69,0.06 ,0.673881, 0.0514563,0.274662,0.326119
0.7,0.06 ,0.658866, 0.0515976,0.289536,0.341134
0.71,0.06 ,0.643876, 0.0517399,0.304384,0.356124
0.72,0.06 ,0.628967, 0.0518832,0.31915,0.371033
0.73,0.06 ,0.614186, 0.0520275,0.333786,0.385814
0.74,0.06 ,0.599574, 0.0521728,0.348253,0.400426
0.75,0.06 ,0.585165, 0.0523192,0.362516,0.414835
0.76,0.06 ,0.570984, 0.0524665,0.376549,0.429016
0.77,0.06 ,0.557053, 0.0526149,0.390332,0.442947
0.78,0.06 ,0.543389, 0.0527643,0.403847,0.456611
0.79,0.06 ,0.530004, 0.0529147,0.417081,0.469996
0.8,0.06 ,0.516906, 0.0530661,0.430028,0.483094
0.81,0.06 ,0.504102, 0.0532184,0.44268,0.495898
0.82,0.06 ,0.491595, 0.0533718,0.455034,0.508405
0.83,0.06 ,0.479385, 0.0535262,0.467089,0.520615
0.84,0.06 ,0.467474, 0.0536815,0.478845,0.532526
0.85,0.06 ,0.455858, 0.0538378,0.490304,0.544142
0.86,0.06 ,0.444535, 0.0539951,0.501469,0.555465
0.87,0.06 ,0.433502, 0.0541533,0.512344,0.566498
0.88,0.06 ,0.422754, 0.0543125,0.522934,0.577246
0.89,0.06 ,0.412285, 0.0544727,0.533242,0.587715
0.9,0.06 ,0.402091, 0.0546338,0.543275,0.597909
0.91,0.06 ,0.392166, 0.0547958,0.553039,0.607834
0.92,0.06 ,0.382502, 0.0549588,0.562539,0.617498
0.93,0.06 ,0.373096, 0.0551227,0.571782,0.626904
0.94,0.06 ,0.363939, 0.0552875,0.580774,0.636061
0.95,0.06 ,0.355026, 0.0554532,0.589521,0.644974
0.96,0.06 ,0.34635, 0.0556198,0.59803,0.65365
0.97,0.06 ,0.337905, 0.0557873,0.606307,0.662095
0.98,0.06 ,0.329685, 0.0559557,0.614359,0.670315
0.99,0.06 ,0.321684, 0.056125,0.622191,0.678316
1,0.06 ,0.313896, 0.0562951,0.629809,0.686104
0,0.07 ,0.952445, 0.0440687,0.00348595,0.0475546
0.01,0.07 ,0.952067, 0.0441492,0.00378373,0.0479329
0.02,0.07 ,0.951677, 0.0442303,0.0040929,0.0483232
0.03,0.07 ,0.951274, 0.0443121,0.00441404,0.0487261
0.04,0.07 ,0.950858, 0.0443945,0.00474777,0.0491423
0.05,0.07 ,0.950428, 0.0444777,0.00509472,0.0495724
0.06,0.07 ,0.949983, 0.0445615,0.0054556,0.0500171
0.07,0.07 ,0.949523, 0.0446459,0.00583115,0.0504771
0.08,0.07 ,0.949047, 0.0447311,0.00622216,0.0509533
0.09,0.07 ,0.948554, 0.044817,0.00662948,0.0514465
0.1,0.07 ,0.948042, 0.0449036,0.00705402,0.0519576
0.11,0.07 ,0.947512, 0.0449909,0.00749676,0.0524877
0.12,0.07 ,0.946962, 0.0450789,0.00795875,0.0530377
0.13,0.07 ,0.946391, 0.0451677,0.00844111,0.0536088
0.14,0.07 ,0.945798, 0.0452572,0.00894505,0.0542022
0.15,0.07 ,0.945181, 0.0453474,0.00947188,0.0548193
0.16,0.07 ,0.944539, 0.0454384,0.010023,0.0554614
0.17,0.07 ,0.94387, 0.0455302,0.0106,0.0561301
0.18,0.07 ,0.943173, 0.0456227,0.0112044,0.056827
0.19,0.07 ,0.942446, 0.045716,0.011838,0.057554
0.2,0.07 ,0.941687, 0.04581,0.0125029,0.0583129
0.21,0.07 ,0.940894, 0.0459049,0.013201,0.0591059
0.22,0.07 ,0.940065, 0.0460005,0.0139347,0.0599352
0.23,0.07 ,0.939197, 0.046097,0.0147064,0.0608034
0.24,0.07 ,0.938287, 0.0461943,0.0155189,0.0617131
0.25,0.07 ,0.937333, 0.0462923,0.016375,0.0626674
0.26,0.07 ,0.936331, 0.0463913,0.0172782,0.0636695
0.27,0.07 ,0.935277, 0.046491,0.0182318,0.0647229
0.28,0.07 ,0.934169, 0.0465916,0.0192399,0.0658315
0.29,0.07 ,0.933, 0.046693,0.0203066,0.0669997
0.3,0.07 ,0.931768, 0.0467953,0.0214368,0.0682321
0.31,0.07 ,0.930466, 0.0468985,0.0226355,0.069534
0.32,0.07 ,0.929089, 0.0470025,0.0239086,0.0709111
0.33,0.07 ,0.92763, 0.0471074,0.0252624,0.0723698
0.34,0.07 ,0.926083, 0.0472132,0.0267039,0.0739171
0.35,0.07 ,0.924439, 0.0473199,0.0282411,0.0755609
0.36,0.07 ,0.92269, 0.0474274,0.0298825,0.07731
0.37,0.07 ,0.920826, 0.0475359,0.031638,0.0791739
0.38,0.07 ,0.918837, 0.0476453,0.0335182,0.0811635
0.39,0.07 ,0.916709, 0.0477556,0.0355353,0.0832909
0.4,0.07 ,0.91443, 0.0478669,0.0377028,0.0855696
0.41,0.07 ,0.911985, 0.047979,0.0400356,0.0880147
0.42,0.07 ,0.909357, 0.0480921,0.0425508,0.090643
0.43,0.07 ,0.906527, 0.0482062,0.0452672,0.0934734
0.44,0.07 ,0.903473, 0.0483212,0.0482058,0.096527
0.45,0.07 ,0.900173, 0.0484371,0.0513901,0.0998272
0.46,0.07 ,0.8966, 0.0485541,0.0548464,0.1034
0.47,0.07 ,0.892724, 0.0486719,0.0586036,0.107276
0.48,0.07 ,0.888515, 0.0487908,0.0626938,0.111485
0.49,0.07 ,0.883937, 0.0489106,0.067152,0.116063
0.5,0.07 ,0.878952, 0.0490315,0.0720163,0.121048
0.51,0.07 ,0.873519, 0.0491533,0.0773275,0.126481
0.52,0.07 ,0.867596, 0.0492761,0.0831284,0.132404
0.53,0.07 ,0.861137, 0.0493999,0.0894632,0.138863
0.54,0.07 ,0.854099, 0.0495247,0.0963759,0.145901
0.55,0.07 ,0.846441, 0.0496505,0.103908,0.153559
0.56,0.07 ,0.838124, 0.0497773,0.112099,0.161876
0.57,0.07 ,0.829117, 0.0499051,0.120977,0.170883
0.58,0.07 ,0.819401, 0.0500339,0.130565,0.180599
0.59,0.07 ,0.808966, 0.0501638,0.14087,0.191034
0.6,0.07 ,0.797821, 0.0502946,0.151884,0.202179
0.61,0.07 ,0.785989, 0.0504265,0.163584,0.214011
0.62,0.07 ,0.773512, 0.0505594,0.175928,0.226488
0.63,0.07 ,0.760445, 0.0506933,0.188861,0.239555
0.64,0.07 ,0.746858, 0.0508283,0.202314,0.253142
0.65,0.07 ,0.732828, 0.0509643,0.216208,0.267172
0.66,0.07 ,0.71844, 0.0511013,0.230459,0.28156
0.67,0.07 ,0.703778, 0.0512393,0.244982,0.296222
0.68,0.07 ,0.688926, 0.0513784,0.259696,0.311074
0.69,0.07 ,0.673961, 0.0515184,0.27452,0.326039
0.7,0.07 ,0.658957, 0.0516596,0.289384,0.341043
0.71,0.07 ,0.643975, 0.0518017,0.304223,0.356025
0.72,0.07 ,0.629074, 0.0519448,0.318981,0.370926
0.73,0.07 ,0.6143, 0.052089,0.333611,0.3857
0.74,0.07 ,0.599694, 0.0522342,0.348072,0.400306
0.75,0.07 ,0.585289, 0.0523804,0.362331,0.414711
0.76,0.07 ,0.571112, 0.0525276,0.376361,0.428888
0.77,0.07 ,0.557184, 0.0526758,0.39014,0.442816
0.78,0.07 ,0.543523, 0.0528251,0.403652,0.456477
0.79,0.07 ,0.53014, 0.0529753,0.416885,0.46986
0.8,0.07 ,0.517043, 0.0531265,0.42983,0.482957
0.81,0.07 ,0.50424, 0.0532787,0.442481,0.49576
0.82,0.07 ,0.491734, 0.053432,0.454834,0.508266
0.83,0.07 ,0.479525, 0.0535862,0.466889,0.520475
0.84,0.07 ,0.467613, 0.0537413,0.478645,0.532387
0.85,0.07 ,0.455998, 0.0538975,0.490105,0.544002
0.86,0.07 ,0.444675, 0.0540546,0.50127,0.555325
0.87,0.07 ,0.433641, 0.0542127,0.512146,0.566359
