Betamv, Betapv,V,Rs,Rv,P
0,0 ,0.987987, 0.0100125,0.002,0.0120125
0.01,0 ,0.987969, 0.0100144,0.00201621,0.0120306
0.02,0 ,0.987951, 0.0100162,0.00203287,0.0120491
0.03,0 ,0.987932, 0.0100181,0.00205001,0.0120681
0.04,0 ,0.987912, 0.0100201,0.00206766,0.0120877
0.05,0 ,0.987892, 0.010022,0.00208582,0.0121078
0.06,0 ,0.987871, 0.010024,0.00210454,0.0121285
0.07,0 ,0.98785, 0.010026,0.00212384,0.0121498
0.08,0 ,0.987828, 0.010028,0.00214376,0.0121717
0.09,0 ,0.987806, 0.01003,0.00216431,0.0121943
0.1,0 ,0.987782, 0.0100321,0.00218555,0.0122177
0.11,0 ,0.987758, 0.0100342,0.0022075,0.0122417
0.12,0 ,0.987733, 0.0100363,0.00223022,0.0122666
0.13,0 ,0.987708, 0.0100385,0.00225373,0.0122922
0.14,0 ,0.987681, 0.0100407,0.0022781,0.0123188
0.15,0 ,0.987654, 0.0100429,0.00230336,0.0123463
0.16,0 ,0.987625, 0.0100452,0.00232959,0.0123748
0.17,0 ,0.987596, 0.0100475,0.00235684,0.0124043
0.18,0 ,0.987565, 0.0100498,0.00238518,0.012435
0.19,0 ,0.987533, 0.0100521,0.00241467,0.0124668
0.2,0 ,0.9875, 0.0100545,0.00244541,0.0124999
0.21,0 ,0.987466, 0.010057,0.00247748,0.0125344
0.22,0 ,0.98743, 0.0100594,0.00251098,0.0125704
0.23,0 ,0.987392, 0.0100619,0.002546,0.0126079
0.24,0 ,0.987353, 0.0100645,0.00258268,0.0126472
0.25,0 ,0.987312, 0.0100671,0.00262114,0.0126882
0.26,0 ,0.987269, 0.0100697,0.00266153,0.0127312
0.27,0 ,0.987224, 0.0100724,0.00270401,0.0127764
0.28,0 ,0.987176, 0.0100751,0.00274876,0.0128238
0.29,0 ,0.987126, 0.0100778,0.00279599,0.0128738
0.3,0 ,0.987073, 0.0100806,0.00284592,0.0129266
0.31,0 ,0.987018, 0.0100835,0.00289882,0.0129823
0.32,0 ,0.986959, 0.0100864,0.00295497,0.0130414
0.33,0 ,0.986896, 0.0100894,0.00301472,0.0131041
0.34,0 ,0.986829, 0.0100924,0.00307846,0.0131708
0.35,0 ,0.986758, 0.0100954,0.00314661,0.0132421
0.36,0 ,0.986682, 0.0100986,0.0032197,0.0133183
0.37,0 ,0.9866, 0.0101018,0.00329832,0.0134001
0.38,0 ,0.986512, 0.010105,0.00338317,0.0134882
0.39,0 ,0.986417, 0.0101083,0.00347507,0.0135834
0.4,0 ,0.986313, 0.0101117,0.003575,0.0136867
0.41,0 ,0.986201, 0.0101151,0.00368412,0.0137992
0.42,0 ,0.986078, 0.0101186,0.00380385,0.0139225
0.43,0 ,0.985942, 0.0101222,0.00393588,0.0140581
0.44,0 ,0.985792, 0.0101259,0.00408234,0.0142082
0.45,0 ,0.985625, 0.0101296,0.00424583,0.0143755
0.46,0 ,0.985437, 0.0101335,0.00442965,0.0145631
0.47,0 ,0.985225, 0.0101374,0.00463801,0.0147754
0.48,0 ,0.984982, 0.0101414,0.00487636,0.0150177
0.49,0 ,0.984703, 0.0101455,0.0051519,0.0152974
0.5,0 ,0.984376, 0.0101497,0.00547432,0.015624
0.51,0 ,0.983989, 0.0101539,0.00585696,0.0160109
0.52,0 ,0.983523, 0.0101583,0.00631871,0.016477
0.53,0 ,0.98295, 0.0101628,0.00688714,0.01705
0.54,0 ,0.982229, 0.0101675,0.00760398,0.0177714
0.55,0 ,0.981293, 0.0101722,0.00853518,0.0187074
0.56,0 ,0.980032, 0.0101771,0.00979046,0.0199675
0.57,0 ,0.978255, 0.0101821,0.0115634,0.0217455
0.58,0 ,0.975594, 0.0101872,0.0142186,0.0244058
0.59,0 ,0.971329, 0.0101925,0.0184785,0.028671
0.6,0 ,0.964056, 0.0101979,0.0257455,0.0359433
0.61,0 ,0.951701, 0.0102035,0.0380947,0.0482981
0.62,0 ,0.933234, 0.0102092,0.0565557,0.0667649
0.63,0 ,0.910364, 0.0102151,0.0794202,0.0896353
0.64,0 ,0.885536, 0.0102213,0.104243,0.114464
0.65,0 ,0.860217, 0.0102276,0.129555,0.139783
0.66,0 ,0.835104, 0.0102341,0.154662,0.164896
0.67,0 ,0.810517, 0.0102408,0.179242,0.189483
0.68,0 ,0.786601, 0.0102477,0.203152,0.213399
0.69,0 ,0.763418, 0.0102549,0.226327,0.236582
0.7,0 ,0.740991, 0.0102624,0.248747,0.259009
0.71,0 ,0.719316, 0.0102701,0.270414,0.280684
0.72,0 ,0.698382, 0.0102781,0.29134,0.301618
0.73,0 ,0.678168, 0.0102864,0.311545,0.321832
0.74,0 ,0.658652, 0.010295,0.331053,0.341348
0.75,0 ,0.63981, 0.0103039,0.349887,0.36019
0.76,0 ,0.621615, 0.0103132,0.368072,0.378385
0.77,0 ,0.604043, 0.0103228,0.385634,0.395957
0.78,0 ,0.587071, 0.0103328,0.402597,0.412929
0.79,0 ,0.570672, 0.0103432,0.418984,0.429328
0.8,0 ,0.554826, 0.0103541,0.43482,0.445174
0.81,0 ,0.539509, 0.0103654,0.450126,0.460491
0.82,0 ,0.5247, 0.0103771,0.464923,0.4753
0.83,0 ,0.510379, 0.0103893,0.479231,0.489621
0.84,0 ,0.496527, 0.0104021,0.493071,0.503473
0.85,0 ,0.483124, 0.0104153,0.506461,0.516876
0.86,0 ,0.470153, 0.0104291,0.519418,0.529847
0.87,0 ,0.457597, 0.0104435,0.531959,0.542403
0.88,0 ,0.44544, 0.0104584,0.544102,0.55456
0.89,0 ,0.433666, 0.0104739,0.55586,0.566334
0.9,0 ,0.422261, 0.0104901,0.567249,0.577739
0.91,0 ,0.41121, 0.0105069,0.578283,0.58879
0.92,0 ,0.400501, 0.0105243,0.588975,0.599499
0.93,0 ,0.39012, 0.0105424,0.599338,0.60988
0.94,0 ,0.380055, 0.0105612,0.609384,0.619945
0.95,0 ,0.370294, 0.0105807,0.619125,0.629706
0.96,0 ,0.360827, 0.0106009,0.628572,0.639173
0.97,0 ,0.351642, 0.0106219,0.637736,0.648358
0.98,0 ,0.34273, 0.0106436,0.646626,0.65727
0.99,0 ,0.334081, 0.0106661,0.655253,0.665919
1,0 ,0.325685, 0.0106893,0.663626,0.674315
0,0.01 ,0.987881, 0.0100506,0.00206815,0.0121187
0.01,0.01 ,0.987863, 0.0100524,0.00208435,0.0121368
0.02,0.01 ,0.987845, 0.0100543,0.00210102,0.0121553
0.03,0.01 ,0.987826, 0.0100562,0.00211815,0.0121744
0.04,0.01 ,0.987806, 0.0100581,0.0021358,0.0121939
0.05,0.01 ,0.987786, 0.0100601,0.00215396,0.012214
0.06,0.01 ,0.987765, 0.010062,0.00217268,0.0122347
0.07,0.01 ,0.987744, 0.010064,0.00219198,0.012256
0.08,0.01 ,0.987722, 0.010066,0.00221189,0.0122779
0.09,0.01 ,0.987699, 0.0100681,0.00223244,0.0123005
0.1,0.01 ,0.987676, 0.0100702,0.00225367,0.0123238
0.11,0.01 ,0.987652, 0.0100723,0.00227563,0.0123479
0.12,0.01 ,0.987627, 0.0100744,0.00229833,0.0123727
0.13,0.01 ,0.987602, 0.0100766,0.00232185,0.0123984
0.14,0.01 ,0.987575, 0.0100788,0.00234621,0.012425
0.15,0.01 ,0.987548, 0.010081,0.00237147,0.0124524
0.16,0.01 ,0.987519, 0.0100832,0.0023977,0.0124809
0.17,0.01 ,0.98749, 0.0100855,0.00242494,0.0125105
0.18,0.01 ,0.987459, 0.0100878,0.00245327,0.0125411
0.19,0.01 ,0.987427, 0.0100902,0.00248276,0.012573
0.2,0.01 ,0.987394, 0.0100926,0.0025135,0.0126061
0.21,0.01 ,0.987359, 0.010095,0.00254556,0.0126406
0.22,0.01 ,0.987323, 0.0100975,0.00257905,0.0126765
0.23,0.01 ,0.987286, 0.0101,0.00261407,0.012714
0.24,0.01 ,0.987247, 0.0101025,0.00265074,0.0127533
0.25,0.01 ,0.987206, 0.0101051,0.0026892,0.0127943
0.26,0.01 ,0.987163, 0.0101077,0.00272958,0.0128373
0.27,0.01 ,0.987118, 0.0101104,0.00277205,0.0128824
0.28,0.01 ,0.98707, 0.0101131,0.00281679,0.0129299
0.29,0.01 ,0.98702, 0.0101159,0.00286401,0.0129799
0.3,0.01 ,0.986967, 0.0101187,0.00291393,0.0130326
0.31,0.01 ,0.986912, 0.0101215,0.00296681,0.0130883
0.32,0.01 ,0.986853, 0.0101244,0.00302295,0.0131474
0.33,0.01 ,0.98679, 0.0101274,0.00308268,0.0132101
0.34,0.01 ,0.986723, 0.0101304,0.0031464,0.0132768
0.35,0.01 ,0.986652, 0.0101335,0.00321453,0.013348
0.36,0.01 ,0.986576, 0.0101366,0.0032876,0.0134242
0.37,0.01 ,0.986494, 0.0101398,0.00336619,0.013506
0.38,0.01 ,0.986406, 0.010143,0.00345101,0.013594
0.39,0.01 ,0.986311, 0.0101463,0.00354288,0.0136892
0.4,0.01 ,0.986208, 0.0101497,0.00364277,0.0137925
0.41,0.01 ,0.986095, 0.0101531,0.00375185,0.013905
0.42,0.01 ,0.985972, 0.0101566,0.00387152,0.0140282
0.43,0.01 ,0.985836, 0.0101602,0.00400349,0.0141637
0.44,0.01 ,0.985686, 0.0101639,0.00414987,0.0143138
0.45,0.01 ,0.985519, 0.0101676,0.00431327,0.0144809
0.46,0.01 ,0.985332, 0.0101715,0.00449698,0.0146684
0.47,0.01 ,0.985119, 0.0101754,0.0047052,0.0148806
0.48,0.01 ,0.984877, 0.0101794,0.00494338,0.0151227
0.49,0.01 ,0.984598, 0.0101835,0.00521869,0.0154021
0.5,0.01 ,0.984272, 0.0101876,0.00554082,0.0157285
0.51,0.01 ,0.983885, 0.0101919,0.00592309,0.016115
0.52,0.01 ,0.983419, 0.0101963,0.00638433,0.0165806
0.53,0.01 ,0.982847, 0.0102008,0.00695205,0.0171529
0.54,0.01 ,0.982127, 0.0102054,0.00766787,0.0178733
0.55,0.01 ,0.981192, 0.0102102,0.00859754,0.0188077
0.56,0.01 ,0.979935, 0.010215,0.0098504,0.0200654
0.57,0.01 ,0.978161, 0.01022,0.0116193,0.0218394
0.58,0.01 ,0.975508, 0.0102251,0.0142672,0.0244923
0.59,0.01 ,0.971256, 0.0102304,0.0185133,0.0287437
0.6,0.01 ,0.96401, 0.0102358,0.0257538,0.0359897
0.61,0.01 ,0.951696, 0.0102414,0.0380617,0.0483031
0.62,0.01 ,0.93327, 0.0102472,0.0564812,0.0667283
0.63,0.01 ,0.910427, 0.0102531,0.0793195,0.0895726
0.64,0.01 ,0.885611, 0.0102592,0.104129,0.114388
0.65,0.01 ,0.860299, 0.0102655,0.129435,0.139701
0.66,0.01 ,0.835189, 0.010272,0.154539,0.164811
0.67,0.01 ,0.810603, 0.0102787,0.179118,0.189397
0.68,0.01 ,0.786687, 0.0102857,0.203027,0.213313
0.69,0.01 ,0.763504, 0.0102928,0.226203,0.236496
0.7,0.01 ,0.741076, 0.0103003,0.248624,0.258924
0.71,0.01 ,0.719401, 0.010308,0.270291,0.280599
0.72,0.01 ,0.698465, 0.010316,0.291219,0.301535
0.73,0.01 ,0.67825, 0.0103242,0.311425,0.32175
0.74,0.01 ,0.658733, 0.0103328,0.330934,0.341267
0.75,0.01 ,0.639889, 0.0103418,0.349769,0.360111
0.76,0.01 ,0.621693, 0.010351,0.367956,0.378307
0.77,0.01 ,0.604121, 0.0103606,0.385519,0.395879
0.78,0.01 ,0.587147, 0.0103707,0.402483,0.412853
0.79,0.01 ,0.570747, 0.0103811,0.418872,0.429253
0.8,0.01 ,0.5549, 0.0103919,0.434708,0.4451
0.81,0.01 ,0.539582, 0.0104032,0.450015,0.460418
0.82,0.01 ,0.524772, 0.0104149,0.464813,0.475228
0.83,0.01 ,0.51045, 0.0104271,0.479123,0.48955
0.84,0.01 ,0.496596, 0.0104398,0.492964,0.503404
0.85,0.01 ,0.483192, 0.0104531,0.506355,0.516808
0.86,0.01 ,0.47022, 0.0104669,0.519313,0.52978
0.87,0.01 ,0.457663, 0.0104812,0.531856,0.542337
0.88,0.01 ,0.445505, 0.0104961,0.543999,0.554495
0.89,0.01 ,0.43373, 0.0105116,0.555759,0.56627
0.9,0.01 ,0.422323, 0.0105278,0.567149,0.577677
0.91,0.01 ,0.411272, 0.0105445,0.578184,0.588728
0.92,0.01 ,0.400561, 0.0105619,0.588877,0.599439
0.93,0.01 ,0.390179, 0.01058,0.599241,0.609821
0.94,0.01 ,0.380113, 0.0105988,0.609288,0.619887
0.95,0.01 ,0.370352, 0.0106183,0.61903,0.629648
0.96,0.01 ,0.360884, 0.0106385,0.628478,0.639116
0.97,0.01 ,0.351698, 0.0106595,0.637642,0.648302
0.98,0.01 ,0.342785, 0.0106811,0.646533,0.657215
0.99,0.01 ,0.334135, 0.0107036,0.655161,0.665865
1,0.01 ,0.325738, 0.0107268,0.663535,0.674262
0,0.02 ,0.987772, 0.0100893,0.0021388,0.0122281
0.01,0.02 ,0.987754, 0.0100911,0.00215501,0.0122461
0.02,0.02 ,0.987735, 0.010093,0.00217167,0.0122647
0.03,0.02 ,0.987716, 0.0100949,0.0021888,0.0122837
0.04,0.02 ,0.987697, 0.0100968,0.00220644,0.0123032
0.05,0.02 ,0.987677, 0.0100987,0.0022246,0.0123234
0.06,0.02 ,0.987656, 0.0101007,0.00224332,0.012344
0.07,0.02 ,0.987635, 0.0101027,0.00226262,0.0123653
0.08,0.02 ,0.987613, 0.0101047,0.00228252,0.0123872
0.09,0.02 ,0.98759, 0.0101068,0.00230307,0.0124098
0.1,0.02 ,0.987567, 0.0101088,0.0023243,0.0124331
0.11,0.02 ,0.987543, 0.0101109,0.00234625,0.0124572
0.12,0.02 ,0.987518, 0.0101131,0.00236896,0.012482
0.13,0.02 ,0.987492, 0.0101152,0.00239247,0.0125077
0.14,0.02 ,0.987466, 0.0101174,0.00241682,0.0125342
0.15,0.02 ,0.987438, 0.0101196,0.00244208,0.0125617
0.16,0.02 ,0.98741, 0.0101219,0.0024683,0.0125902
0.17,0.02 ,0.98738, 0.0101242,0.00249554,0.0126197
0.18,0.02 ,0.98735, 0.0101265,0.00252387,0.0126504
0.19,0.02 ,0.987318, 0.0101289,0.00255336,0.0126822
0.2,0.02 ,0.987285, 0.0101312,0.00258409,0.0127153
0.21,0.02 ,0.98725, 0.0101337,0.00261614,0.0127498
0.22,0.02 ,0.987214, 0.0101361,0.00264963,0.0127858
0.23,0.02 ,0.987177, 0.0101386,0.00268464,0.0128233
0.24,0.02 ,0.987138, 0.0101412,0.00272131,0.0128625
0.25,0.02 ,0.987096, 0.0101438,0.00275975,0.0129035
0.26,0.02 ,0.987054, 0.0101464,0.00280012,0.0129465
0.27,0.02 ,0.987008, 0.010149,0.00284259,0.0129916
0.28,0.02 ,0.986961, 0.0101518,0.00288732,0.0130391
0.29,0.02 ,0.986911, 0.0101545,0.00293452,0.013089
0.3,0.02 ,0.986858, 0.0101573,0.00298443,0.0131417
0.31,0.02 ,0.986803, 0.0101602,0.0030373,0.0131975
0.32,0.02 ,0.986744, 0.0101631,0.00309343,0.0132565
0.33,0.02 ,0.986681, 0.010166,0.00315314,0.0133192
0.34,0.02 ,0.986614, 0.010169,0.00321684,0.0133859
0.35,0.02 ,0.986543, 0.0101721,0.00328495,0.013457
0.36,0.02 ,0.986467, 0.0101752,0.00335799,0.0135332
0.37,0.02 ,0.986385, 0.0101784,0.00343656,0.013615
0.38,0.02 ,0.986297, 0.0101816,0.00352135,0.013703
0.39,0.02 ,0.986202, 0.0101849,0.00361318,0.0137981
0.4,0.02 ,0.986099, 0.0101883,0.00371303,0.0139014
0.41,0.02 ,0.985986, 0.0101918,0.00382206,0.0140138
0.42,0.02 ,0.985863, 0.0101953,0.00394168,0.0141369
0.43,0.02 ,0.985728, 0.0101988,0.00407358,0.0142724
0.44,0.02 ,0.985578, 0.0102025,0.00421988,0.0144224
0.45,0.02 ,0.985411, 0.0102062,0.00438319,0.0145894
0.46,0.02 ,0.985223, 0.0102101,0.00456678,0.0147769
0.47,0.02 ,0.985011, 0.010214,0.00477486,0.0149888
0.48,0.02 ,0.984769, 0.010218,0.00501286,0.0152308
0.49,0.02 ,0.98449, 0.0102221,0.00528795,0.01551
0.5,0.02 ,0.984164, 0.0102262,0.00560979,0.015836
0.51,0.02 ,0.983778, 0.0102305,0.00599167,0.0162222
0.52,0.02 ,0.983313, 0.0102349,0.00645239,0.0166873
0.53,0.02 ,0.982741, 0.0102394,0.00701938,0.0172588
0.54,0.02 ,0.982022, 0.010244,0.00773415,0.0179782
0.55,0.02 ,0.981089, 0.0102487,0.00866225,0.018911
0.56,0.02 ,0.979834, 0.0102536,0.00991263,0.0201662
0.57,0.02 ,0.978064, 0.0102586,0.0116774,0.021936
0.58,0.02 ,0.975418, 0.0102637,0.0143178,0.0245815
0.59,0.02 ,0.971181, 0.010269,0.0185497,0.0288187
0.6,0.02 ,0.963962, 0.0102744,0.0257632,0.0360376
0.61,0.02 ,0.95169, 0.01028,0.0380287,0.0483087
0.62,0.02 ,0.933308, 0.0102857,0.0564053,0.066691
0.63,0.02 ,0.910491, 0.0102916,0.0792166,0.0895082
0.64,0.02 ,0.885689, 0.0102977,0.104013,0.11431
0.65,0.02 ,0.860384, 0.010304,0.129312,0.139616
0.66,0.02 ,0.835277, 0.0103105,0.154413,0.164723
0.67,0.02 ,0.810691, 0.0103172,0.178991,0.189309
0.68,0.02 ,0.786776, 0.0103242,0.2029,0.213224
0.69,0.02 ,0.763593, 0.0103314,0.226076,0.236407
0.7,0.02 ,0.741163, 0.0103388,0.248498,0.258837
0.71,0.02 ,0.719487, 0.0103465,0.270166,0.280513
0.72,0.02 ,0.698551, 0.0103545,0.291095,0.301449
0.73,0.02 ,0.678335, 0.0103627,0.311302,0.321665
0.74,0.02 ,0.658816, 0.0103713,0.330812,0.341184
0.75,0.02 ,0.639971, 0.0103802,0.349649,0.360029
0.76,0.02 ,0.621774, 0.0103895,0.367836,0.378226
0.77,0.02 ,0.6042, 0.0103991,0.385401,0.3958
0.78,0.02 ,0.587225, 0.0104091,0.402366,0.412775
0.79,0.02 ,0.570824, 0.0104195,0.418756,0.429176
0.8,0.02 ,0.554975, 0.0104303,0.434594,0.445025
0.81,0.02 ,0.539656, 0.0104416,0.449902,0.460344
0.82,0.02 ,0.524845, 0.0104533,0.464702,0.475155
0.83,0.02 ,0.510522, 0.0104655,0.479013,0.489478
0.84,0.02 ,0.496667, 0.0104782,0.492855,0.503333
0.85,0.02 ,0.483262, 0.0104914,0.506247,0.516738
0.86,0.02 ,0.470289, 0.0105052,0.519206,0.529711
0.87,0.02 ,0.45773, 0.0105195,0.53175,0.54227
0.88,0.02 ,0.445571, 0.0105344,0.543894,0.554429
0.89,0.02 ,0.433795, 0.0105499,0.555655,0.566205
0.9,0.02 ,0.422388, 0.010566,0.567046,0.577612
0.91,0.02 ,0.411335, 0.0105828,0.578082,0.588665
0.92,0.02 ,0.400624, 0.0106002,0.588776,0.599376
0.93,0.02 ,0.390241, 0.0106183,0.599141,0.609759
0.94,0.02 ,0.380174, 0.010637,0.609189,0.619826
0.95,0.02 ,0.370411, 0.0106565,0.618932,0.629589
0.96,0.02 ,0.360942, 0.0106767,0.628381,0.639058
0.97,0.02 ,0.351756, 0.0106976,0.637546,0.648244
0.98,0.02 ,0.342842, 0.0107193,0.646439,0.657158
0.99,0.02 ,0.334191, 0.0107417,0.655067,0.665809
1,0.02 ,0.325793, 0.0107649,0.663442,0.674207
0,0.03 ,0.987659, 0.0101286,0.00221209,0.0123407
0.01,0.03 ,0.987641, 0.0101304,0.00222829,0.0123587
0.02,0.03 ,0.987623, 0.0101323,0.00224495,0.0123773
0.03,0.03 ,0.987604, 0.0101342,0.00226208,0.0123963
0.04,0.03 ,0.987584, 0.0101361,0.00227972,0.0124158
0.05,0.03 ,0.987564, 0.0101381,0.00229788,0.0124359
0.06,0.03 ,0.987543, 0.01014,0.00231659,0.0124566
0.07,0.03 ,0.987522, 0.010142,0.00233589,0.0124779
0.08,0.03 ,0.9875, 0.010144,0.00235579,0.0124998
0.09,0.03 ,0.987478, 0.0101461,0.00237634,0.0125224
0.1,0.03 ,0.987454, 0.0101482,0.00239757,0.0125457
0.11,0.03 ,0.98743, 0.0101503,0.00241951,0.0125698
0.12,0.03 ,0.987405, 0.0101524,0.00244221,0.0125946
0.13,0.03 ,0.98738, 0.0101545,0.00246572,0.0126203
0.14,0.03 ,0.987353, 0.0101567,0.00249007,0.0126468
0.15,0.03 ,0.987326, 0.0101589,0.00251533,0.0126743
0.16,0.03 ,0.987297, 0.0101612,0.00254154,0.0127027
0.17,0.03 ,0.987268, 0.0101635,0.00256878,0.0127323
0.18,0.03 ,0.987237, 0.0101658,0.0025971,0.0127629
0.19,0.03 ,0.987205, 0.0101681,0.00262658,0.0127947
0.2,0.03 ,0.987172, 0.0101705,0.00265731,0.0128278
0.21,0.03 ,0.987138, 0.010173,0.00268936,0.0128623
0.22,0.03 ,0.987102, 0.0101754,0.00272283,0.0128983
0.23,0.03 ,0.987064, 0.0101779,0.00275784,0.0129358
0.24,0.03 ,0.987025, 0.0101805,0.0027945,0.012975
0.25,0.03 ,0.986984, 0.010183,0.00283294,0.013016
0.26,0.03 ,0.986941, 0.0101857,0.0028733,0.013059
0.27,0.03 ,0.986896, 0.0101883,0.00291575,0.0131041
0.28,0.03 ,0.986848, 0.010191,0.00296047,0.0131515
0.29,0.03 ,0.986799, 0.0101938,0.00300767,0.0132015
0.3,0.03 ,0.986746, 0.0101966,0.00305756,0.0132542
0.31,0.03 ,0.98669, 0.0101994,0.00311042,0.0133099
0.32,0.03 ,0.986631, 0.0102023,0.00316653,0.0133689
0.33,0.03 ,0.986568, 0.0102053,0.00322623,0.0134315
0.34,0.03 ,0.986502, 0.0102083,0.00328991,0.0134982
0.35,0.03 ,0.986431, 0.0102114,0.003358,0.0135694
0.36,0.03 ,0.986354, 0.0102145,0.00343102,0.0136455
0.37,0.03 ,0.986273, 0.0102177,0.00350956,0.0137272
0.38,0.03 ,0.986185, 0.0102209,0.00359432,0.0138152
0.39,0.03 ,0.98609, 0.0102242,0.00368611,0.0139103
0.4,0.03 ,0.985987, 0.0102276,0.00378592,0.0140135
0.41,0.03 ,0.985874, 0.010231,0.0038949,0.0141259
0.42,0.03 ,0.985751, 0.0102345,0.00401446,0.014249
0.43,0.03 ,0.985616, 0.0102381,0.00414629,0.0143844
0.44,0.03 ,0.985466, 0.0102418,0.00429251,0.0145343
0.45,0.03 ,0.985299, 0.0102455,0.00445572,0.0147012
0.46,0.03 ,0.985111, 0.0102493,0.0046392,0.0148885
0.47,0.03 ,0.9849, 0.0102532,0.00484713,0.0151003
0.48,0.03 ,0.984658, 0.0102572,0.00508495,0.0153422
0.49,0.03 ,0.984379, 0.0102613,0.00535981,0.0156211
0.5,0.03 ,0.984053, 0.0102655,0.00568135,0.0159468
0.51,0.03 ,0.983667, 0.0102697,0.00606283,0.0163326
0.52,0.03 ,0.983203, 0.0102741,0.00652301,0.0167971
0.53,0.03 ,0.982632, 0.0102786,0.00708926,0.0173679
0.54,0.03 ,0.981914, 0.0102832,0.00780295,0.0180862
0.55,0.03 ,0.980983, 0.010288,0.00872944,0.0190174
0.56,0.03 ,0.97973, 0.0102928,0.00997728,0.0202701
0.57,0.03 ,0.977964, 0.0102978,0.0117378,0.0220356
0.58,0.03 ,0.975327, 0.0103029,0.0143706,0.0246735
0.59,0.03 ,0.971104, 0.0103082,0.0185879,0.028896
0.6,0.03 ,0.963912, 0.0103136,0.0257737,0.0360872
0.61,0.03 ,0.951684, 0.0103192,0.0379955,0.0483147
0.62,0.03 ,0.933346, 0.0103249,0.0563279,0.0666528
0.63,0.03 ,0.910557, 0.0103308,0.0791112,0.089442
0.64,0.03 ,0.88577, 0.0103369,0.103893,0.11423
0.65,0.03 ,0.860471, 0.0103432,0.129186,0.139529
0.66,0.03 ,0.835367, 0.0103497,0.154284,0.164633
0.67,0.03 ,0.810783, 0.0103564,0.178861,0.189217
0.68,0.03 ,0.786867, 0.0103633,0.20277,0.213133
0.69,0.03 ,0.763684, 0.0103705,0.225946,0.236316
0.7,0.03 ,0.741254, 0.0103779,0.248368,0.258746
0.71,0.03 ,0.719576, 0.0103856,0.270038,0.280424
0.72,0.03 ,0.698639, 0.0103936,0.290967,0.301361
0.73,0.03 ,0.678422, 0.0104019,0.311176,0.321578
0.74,0.03 ,0.658902, 0.0104104,0.330687,0.341098
0.75,0.03 ,0.640056, 0.0104193,0.349525,0.359944
0.76,0.03 ,0.621857, 0.0104286,0.367714,0.378143
0.77,0.03 ,0.604282, 0.0104382,0.38528,0.395718
0.78,0.03 ,0.587305, 0.0104482,0.402246,0.412695
0.79,0.03 ,0.570904, 0.0104586,0.418638,0.429096
0.8,0.03 ,0.555053, 0.0104694,0.434477,0.444947
0.81,0.03 ,0.539733, 0.0104806,0.449786,0.460267
0.82,0.03 ,0.524921, 0.0104924,0.464587,0.475079
0.83,0.03 ,0.510596, 0.0105045,0.478899,0.489404
0.84,0.03 ,0.49674, 0.0105172,0.492743,0.50326
0.85,0.03 ,0.483334, 0.0105304,0.506136,0.516666
0.86,0.03 ,0.470359, 0.0105442,0.519096,0.529641
0.87,0.03 ,0.4578, 0.0105585,0.531641,0.5422
0.88,0.03 ,0.44564, 0.0105734,0.543787,0.55436
0.89,0.03 ,0.433863, 0.0105889,0.555548,0.566137
0.9,0.03 ,0.422454, 0.010605,0.566941,0.577546
0.91,0.03 ,0.411401, 0.0106217,0.577978,0.588599
0.92,0.03 ,0.400688, 0.0106391,0.588673,0.599312
0.93,0.03 ,0.390304, 0.0106571,0.599039,0.609696
0.94,0.03 ,0.380236, 0.0106759,0.609088,0.619764
0.95,0.03 ,0.370473, 0.0106953,0.618832,0.629527
0.96,0.03 ,0.361003, 0.0107155,0.628282,0.638997
0.97,0.03 ,0.351815, 0.0107364,0.637448,0.648185
0.98,0.03 ,0.3429, 0.010758,0.646342,0.6571
0.99,0.03 ,0.334248, 0.0107804,0.654971,0.665752
1,0.03 ,0.32585, 0.0108036,0.663347,0.67415
0,0.04 ,0.987543, 0.0101686,0.00228815,0.0124567
0.01,0.04 ,0.987525, 0.0101704,0.00230435,0.0124748
0.02,0.04 ,0.987507, 0.0101723,0.002321,0.0124933
0.03,0.04 ,0.987488, 0.0101742,0.00233814,0.0125123
0.04,0.04 ,0.987468, 0.0101761,0.00235577,0.0125319
0.05,0.04 ,0.987448, 0.010178,0.00237393,0.012552
0.06,0.04 ,0.987427, 0.01018,0.00239264,0.0125726
0.07,0.04 ,0.987406, 0.010182,0.00241193,0.0125939
0.08,0.04 ,0.987384, 0.010184,0.00243183,0.0126158
0.09,0.04 ,0.987362, 0.010186,0.00245237,0.0126384
0.1,0.04 ,0.987338, 0.0101881,0.0024736,0.0126617
0.11,0.04 ,0.987314, 0.0101902,0.00249554,0.0126857
0.12,0.04 ,0.987289, 0.0101923,0.00251824,0.0127106
0.13,0.04 ,0.987264, 0.0101945,0.00254174,0.0127362
0.14,0.04 ,0.987237, 0.0101967,0.00256609,0.0127628
0.15,0.04 ,0.98721, 0.0101989,0.00259134,0.0127902
0.16,0.04 ,0.987181, 0.0102011,0.00261755,0.0128187
0.17,0.04 ,0.987152, 0.0102034,0.00264478,0.0128482
0.18,0.04 ,0.987121, 0.0102057,0.0026731,0.0128788
0.19,0.04 ,0.987089, 0.0102081,0.00270258,0.0129107
0.2,0.04 ,0.987056, 0.0102105,0.00273329,0.0129438
0.21,0.04 ,0.987022, 0.0102129,0.00276534,0.0129782
0.22,0.04 ,0.986986, 0.0102154,0.00279881,0.0130142
0.23,0.04 ,0.986948, 0.0102179,0.00283381,0.0130517
0.24,0.04 ,0.986909, 0.0102204,0.00287046,0.0130909
0.25,0.04 ,0.986868, 0.010223,0.00290889,0.0131319
0.26,0.04 ,0.986825, 0.0102256,0.00294924,0.0131748
0.27,0.04 ,0.98678, 0.0102283,0.00299169,0.0132199
0.28,0.04 ,0.986733, 0.010231,0.0030364,0.0132674
0.29,0.04 ,0.986683, 0.0102337,0.00308358,0.0133173
0.3,0.04 ,0.98663, 0.0102365,0.00313346,0.01337
0.31,0.04 ,0.986574, 0.0102394,0.0031863,0.0134257
0.32,0.04 ,0.986515, 0.0102423,0.0032424,0.0134847
0.33,0.04 ,0.986453, 0.0102452,0.00330208,0.0135473
0.34,0.04 ,0.986386, 0.0102482,0.00336574,0.013614
0.35,0.04 ,0.986315, 0.0102513,0.00343381,0.0136851
0.36,0.04 ,0.986239, 0.0102544,0.0035068,0.0137612
0.37,0.04 ,0.986157, 0.0102576,0.00358531,0.0138429
0.38,0.04 ,0.986069, 0.0102608,0.00367004,0.0139308
0.39,0.04 ,0.985974, 0.0102641,0.0037618,0.0140259
0.4,0.04 ,0.985871, 0.0102675,0.00386156,0.014129
0.41,0.04 ,0.985759, 0.0102709,0.00397049,0.0142414
0.42,0.04 ,0.985636, 0.0102744,0.00408999,0.0143644
0.43,0.04 ,0.9855, 0.010278,0.00422176,0.0144998
0.44,0.04 ,0.98535, 0.0102816,0.0043679,0.0146495
0.45,0.04 ,0.985184, 0.0102854,0.004531,0.0148164
0.46,0.04 ,0.984996, 0.0102892,0.00471436,0.0150036
0.47,0.04 ,0.984785, 0.0102931,0.00492214,0.0152152
0.48,0.04 ,0.984543, 0.0102971,0.00515977,0.0154569
0.49,0.04 ,0.984264, 0.0103012,0.00543439,0.0157356
0.5,0.04 ,0.983939, 0.0103053,0.00575562,0.016061
0.51,0.04 ,0.983554, 0.0103096,0.0061367,0.0164463
0.52,0.04 ,0.98309, 0.010314,0.00659633,0.0169103
0.53,0.04 ,0.98252, 0.0103185,0.00716181,0.0174803
0.54,0.04 ,0.981803, 0.0103231,0.0078744,0.0181975
0.55,0.04 ,0.980873, 0.0103278,0.00879923,0.0191271
0.56,0.04 ,0.979623, 0.0103327,0.0100445,0.0203771
0.57,0.04 ,0.977862, 0.0103376,0.0118006,0.0221383
0.58,0.04 ,0.975232, 0.0103428,0.0144255,0.0247683
0.59,0.04 ,0.971024, 0.010348,0.0186279,0.0289759
0.6,0.04 ,0.963861, 0.0103534,0.0257853,0.0361387
0.61,0.04 ,0.951678, 0.010359,0.0379623,0.0483213
0.62,0.04 ,0.933385, 0.0103647,0.0562491,0.0666138
0.63,0.04 ,0.910625, 0.0103706,0.0790034,0.0893741
0.64,0.04 ,0.885852, 0.0103767,0.103771,0.114148
0.65,0.04 ,0.86056, 0.010383,0.129057,0.13944
0.66,0.04 ,0.835459, 0.0103895,0.154151,0.164541
0.67,0.04 ,0.810877, 0.0103962,0.178727,0.189123
0.68,0.04 ,0.786961, 0.0104031,0.202636,0.213039
0.69,0.04 ,0.763777, 0.0104103,0.225812,0.236223
0.7,0.04 ,0.741347, 0.0104177,0.248236,0.258653
0.71,0.04 ,0.719668, 0.0104254,0.269906,0.280332
0.72,0.04 ,0.69873, 0.0104334,0.290837,0.30127
0.73,0.04 ,0.678511, 0.0104416,0.311047,0.321489
0.74,0.04 ,0.658991, 0.0104502,0.330559,0.341009
0.75,0.04 ,0.640143, 0.0104591,0.349398,0.359857
0.76,0.04 ,0.621943, 0.0104683,0.367589,0.378057
0.77,0.04 ,0.604366, 0.0104779,0.385156,0.395634
0.78,0.04 ,0.587388, 0.0104879,0.402124,0.412612
0.79,0.04 ,0.570985, 0.0104983,0.418516,0.429015
0.8,0.04 ,0.555134, 0.0105091,0.434357,0.444866
0.81,0.04 ,0.539812, 0.0105203,0.449668,0.460188
0.82,0.04 ,0.524998, 0.010532,0.464469,0.475002
0.83,0.04 ,0.510673, 0.0105442,0.478783,0.489327
0.84,0.04 ,0.496815, 0.0105569,0.492628,0.503185
0.85,0.04 ,0.483408, 0.0105701,0.506022,0.516592
0.86,0.04 ,0.470432, 0.0105838,0.518984,0.529568
0.87,0.04 ,0.457872, 0.0105981,0.53153,0.542128
0.88,0.04 ,0.44571, 0.010613,0.543677,0.55429
0.89,0.04 ,0.433932, 0.0106284,0.555439,0.566068
0.9,0.04 ,0.422523, 0.0106445,0.566833,0.577477
0.91,0.04 ,0.411468, 0.0106612,0.577871,0.588532
0.92,0.04 ,0.400754, 0.0106786,0.588567,0.599246
0.93,0.04 ,0.390369, 0.0106966,0.598934,0.609631
0.94,0.04 ,0.3803, 0.0107153,0.608984,0.6197
0.95,0.04 ,0.370536, 0.0107348,0.61873,0.629464
0.96,0.04 ,0.361065, 0.0107549,0.62818,0.638935
0.97,0.04 ,0.351876, 0.0107758,0.637348,0.648124
0.98,0.04 ,0.34296, 0.0107974,0.646242,0.65704
0.99,0.04 ,0.334307, 0.0108198,0.654873,0.665693
1,0.04 ,0.325908, 0.0108429,0.663249,0.674092
0,0.05 ,0.987424, 0.0102092,0.00236712,0.0125763
0.01,0.05 ,0.987406, 0.0102111,0.00238332,0.0125944
0.02,0.05 ,0.987387, 0.0102129,0.00239997,0.0126129
0.03,0.05 ,0.987368, 0.0102148,0.0024171,0.0126319
0.04,0.05 ,0.987349, 0.0102167,0.00243473,0.0126515
0.05,0.05 ,0.987328, 0.0102187,0.00245289,0.0126716
0.06,0.05 ,0.987308, 0.0102206,0.0024716,0.0126922
0.07,0.05 ,0.987287, 0.0102226,0.00249088,0.0127135
0.08,0.05 ,0.987265, 0.0102246,0.00251078,0.0127354
0.09,0.05 ,0.987242, 0.0102267,0.00253132,0.012758
0.1,0.05 ,0.987219, 0.0102287,0.00255254,0.0127813
0.11,0.05 ,0.987195, 0.0102308,0.00257448,0.0128053
0.12,0.05 ,0.98717, 0.010233,0.00259718,0.0128301
0.13,0.05 ,0.987144, 0.0102351,0.00262067,0.0128558
0.14,0.05 ,0.987118, 0.0102373,0.00264502,0.0128823
0.15,0.05 ,0.98709, 0.0102395,0.00267027,0.0129098
0.16,0.05 ,0.987062, 0.0102418,0.00269647,0.0129382
0.17,0.05 ,0.987032, 0.010244,0.0027237,0.0129677
0.18,0.05 ,0.987002, 0.0102464,0.00275201,0.0129984
0.19,0.05 ,0.98697, 0.0102487,0.00278148,0.0130302
0.2,0.05 ,0.986937, 0.0102511,0.00281219,0.0130633
0.21,0.05 ,0.986902, 0.0102535,0.00284423,0.0130977
0.22,0.05 ,0.986866, 0.010256,0.00287769,0.0131337
0.23,0.05 ,0.986829, 0.0102585,0.00291269,0.0131712
0.24,0.05 ,0.98679, 0.010261,0.00294933,0.0132103
0.25,0.05 ,0.986749, 0.0102636,0.00298775,0.0132513
0.26,0.05 ,0.986706, 0.0102662,0.0030281,0.0132943
0.27,0.05 ,0.986661, 0.0102689,0.00307053,0.0133394
0.28,0.05 ,0.986613, 0.0102716,0.00311523,0.0133868
0.29,0.05 ,0.986563, 0.0102743,0.0031624,0.0134367
0.3,0.05 ,0.986511, 0.0102771,0.00321227,0.0134894
0.31,0.05 ,0.986455, 0.01028,0.00326509,0.013545
0.32,0.05 ,0.986396, 0.0102829,0.00332117,0.013604
0.33,0.05 ,0.986333, 0.0102858,0.00338084,0.0136666
0.34,0.05 ,0.986267, 0.0102888,0.00344447,0.0137333
0.35,0.05 ,0.986196, 0.0102919,0.00351252,0.0138044
0.36,0.05 ,0.98612, 0.010295,0.00358549,0.0138805
0.37,0.05 ,0.986038, 0.0102982,0.00366397,0.0139621
0.38,0.05 ,0.98595, 0.0103014,0.00374866,0.01405
0.39,0.05 ,0.985855, 0.0103047,0.00384038,0.0141451
0.4,0.05 ,0.985752, 0.010308,0.0039401,0.0142482
0.41,0.05 ,0.98564, 0.0103115,0.00404898,0.0143605
0.42,0.05 ,0.985517, 0.010315,0.00416842,0.0144834
0.43,0.05 ,0.985381, 0.0103186,0.00430012,0.0146187
0.44,0.05 ,0.985232, 0.0103222,0.00444617,0.0147684
0.45,0.05 ,0.985065, 0.0103259,0.00460918,0.0149351
0.46,0.05 ,0.984878, 0.0103298,0.00479241,0.0151222
0.47,0.05 ,0.984666, 0.0103336,0.00500003,0.0153337
0.48,0.05 ,0.984425, 0.0103376,0.00523747,0.0155751
0.49,0.05 ,0.984146, 0.0103417,0.00551185,0.0158536
0.5,0.05 ,0.983821, 0.0103459,0.00583276,0.0161786
0.51,0.05 ,0.983436, 0.0103502,0.00621342,0.0165636
0.52,0.05 ,0.982973, 0.0103545,0.00667248,0.017027
0.53,0.05 ,0.982404, 0.010359,0.00723718,0.0175962
0.54,0.05 ,0.981688, 0.0103636,0.00794864,0.0183123
0.55,0.05 ,0.98076, 0.0103683,0.00887177,0.0192401
0.56,0.05 ,0.979512, 0.0103732,0.0101143,0.0204875
0.57,0.05 ,0.977756, 0.0103782,0.011866,0.0222441
0.58,0.05 ,0.975134, 0.0103833,0.0144829,0.0248662
0.59,0.05 ,0.970942, 0.0103885,0.0186699,0.0290584
0.6,0.05 ,0.963808, 0.0103939,0.0257981,0.036192
0.61,0.05 ,0.95167, 0.0103995,0.037929,0.0483285
0.62,0.05 ,0.933425, 0.0104052,0.0561687,0.066574
0.63,0.05 ,0.910695, 0.0104111,0.0788931,0.0893042
0.64,0.05 ,0.885937, 0.0104172,0.103646,0.114063
0.65,0.05 ,0.860652, 0.0104235,0.128924,0.139348
0.66,0.05 ,0.835555, 0.01043,0.154015,0.164445
0.67,0.05 ,0.810973, 0.0104367,0.17859,0.189027
0.68,0.05 ,0.787058, 0.0104436,0.202498,0.212942
0.69,0.05 ,0.763874, 0.0104508,0.225675,0.236126
0.7,0.05 ,0.741442, 0.0104582,0.248099,0.258558
0.71,0.05 ,0.719763, 0.0104658,0.269771,0.280237
0.72,0.05 ,0.698823, 0.0104738,0.290703,0.301177
0.73,0.05 ,0.678604, 0.010482,0.310914,0.321396
0.74,0.05 ,0.659082, 0.0104906,0.330428,0.340918
0.75,0.05 ,0.640232, 0.0104995,0.349268,0.359768
0.76,0.05 ,0.622031, 0.0105087,0.36746,0.377969
0.77,0.05 ,0.604453, 0.0105183,0.385028,0.395547
0.78,0.05 ,0.587474, 0.0105283,0.401998,0.412526
0.79,0.05 ,0.57107, 0.0105387,0.418392,0.42893
0.8,0.05 ,0.555217, 0.0105494,0.434234,0.444783
0.81,0.05 ,0.539894, 0.0105607,0.449546,0.460106
0.82,0.05 ,0.525079, 0.0105724,0.464349,0.474921
0.83,0.05 ,0.510752, 0.0105845,0.478664,0.489248
0.84,0.05 ,0.496893, 0.0105972,0.49251,0.503107
0.85,0.05 ,0.483484, 0.0106104,0.505905,0.516516
0.86,0.05 ,0.470508, 0.0106241,0.518868,0.529492
0.87,0.05 ,0.457946, 0.0106383,0.531416,0.542054
0.88,0.05 ,0.445783, 0.0106532,0.543564,0.554217
0.89,0.05 ,0.434004, 0.0106686,0.555327,0.565996
0.9,0.05 ,0.422593, 0.0106847,0.566722,0.577407
0.91,0.05 ,0.411537, 0.0107014,0.577761,0.588463
0.92,0.05 ,0.400823, 0.0107187,0.588459,0.599177
0.93,0.05 ,0.390436, 0.0107368,0.598827,0.609564
0.94,0.05 ,0.380366, 0.0107555,0.608878,0.619634
0.95,0.05 ,0.370601, 0.0107749,0.618624,0.629399
0.96,0.05 ,0.361129, 0.010795,0.628076,0.638871
0.97,0.05 ,0.351939, 0.0108158,0.637245,0.648061
0.98,0.05 ,0.343022, 0.0108374,0.64614,0.656978
0.99,0.05 ,0.334368, 0.0108598,0.654772,0.665632
1,0.05 ,0.325968, 0.0108829,0.663149,0.674032
0,0.06 ,0.9873, 0.0102505,0.00244917,0.0126997
0.01,0.06 ,0.987282, 0.0102524,0.00246536,0.0127177
0.02,0.06 ,0.987264, 0.0102542,0.00248201,0.0127363
0.03,0.06 ,0.987245, 0.0102561,0.00249914,0.0127553
0.04,0.06 ,0.987225, 0.010258,0.00251677,0.0127748
0.05,0.06 ,0.987205, 0.01026,0.00253492,0.0127949
0.06,0.06 ,0.987184, 0.0102619,0.00255362,0.0128156
0.07,0.06 ,0.987163, 0.0102639,0.00257291,0.0128368
0.08,0.06 ,0.987141, 0.0102659,0.0025928,0.0128587
0.09,0.06 ,0.987119, 0.010268,0.00261334,0.0128813
0.1,0.06 ,0.987095, 0.01027,0.00263456,0.0129046
0.11,0.06 ,0.987071, 0.0102721,0.00265649,0.0129286
0.12,0.06 ,0.987047, 0.0102743,0.00267918,0.0129535
0.13,0.06 ,0.987021, 0.0102764,0.00270268,0.0129791
0.14,0.06 ,0.986994, 0.0102786,0.00272702,0.0130056
0.15,0.06 ,0.986967, 0.0102808,0.00275226,0.0130331
0.16,0.06 ,0.986938, 0.0102831,0.00277846,0.0130615
0.17,0.06 ,0.986909, 0.0102853,0.00280568,0.013091
0.18,0.06 ,0.986878, 0.0102877,0.00283399,0.0131216
0.19,0.06 ,0.986847, 0.01029,0.00286345,0.0131535
0.2,0.06 ,0.986813, 0.0102924,0.00289416,0.0131865
0.21,0.06 ,0.986779, 0.0102948,0.00292619,0.013221
0.22,0.06 ,0.986743, 0.0102973,0.00295965,0.0132569
0.23,0.06 ,0.986706, 0.0102998,0.00299463,0.0132944
0.24,0.06 ,0.986666, 0.0103023,0.00303127,0.0133336
0.25,0.06 ,0.986625, 0.0103049,0.00306968,0.0133745
0.26,0.06 ,0.986583, 0.0103075,0.00311001,0.0134175
0.27,0.06 ,0.986537, 0.0103101,0.00315244,0.0134626
0.28,0.06 ,0.98649, 0.0103128,0.00319712,0.01351
0.29,0.06 ,0.98644, 0.0103156,0.00324428,0.0135599
0.3,0.06 ,0.986387, 0.0103184,0.00329414,0.0136125
0.31,0.06 ,0.986332, 0.0103212,0.00334695,0.0136682
0.32,0.06 ,0.986273, 0.0103241,0.00340301,0.0137271
0.33,0.06 ,0.98621, 0.0103271,0.00346266,0.0137897
0.34,0.06 ,0.986144, 0.0103301,0.00352627,0.0138563
0.35,0.06 ,0.986073, 0.0103331,0.00359429,0.0139274
0.36,0.06 ,0.985997, 0.0103362,0.00366724,0.0140035
0.37,0.06 ,0.985915, 0.0103394,0.00374569,0.0140851
0.38,0.06 ,0.985827, 0.0103426,0.00383035,0.014173
0.39,0.06 ,0.985732, 0.0103459,0.00392203,0.014268
0.4,0.06 ,0.985629, 0.0103493,0.0040217,0.014371
0.41,0.06 ,0.985517, 0.0103527,0.00413053,0.0144833
0.42,0.06 ,0.985394, 0.0103562,0.0042499,0.0146061
0.43,0.06 ,0.985259, 0.0103598,0.00438153,0.0147413
0.44,0.06 ,0.985109, 0.0103635,0.00452749,0.0148909
0.45,0.06 ,0.984942, 0.0103672,0.00469039,0.0150576
0.46,0.06 ,0.984756, 0.010371,0.0048735,0.0152445
0.47,0.06 ,0.984544, 0.0103749,0.00508097,0.0154558
0.48,0.06 ,0.984303, 0.0103789,0.0053182,0.0156971
0.49,0.06 ,0.984025, 0.0103829,0.00559233,0.0159753
0.5,0.06 ,0.9837, 0.0103871,0.00591292,0.0163
0.51,0.06 ,0.983315, 0.0103914,0.00629314,0.0166845
0.52,0.06 ,0.982853, 0.0103958,0.00675163,0.0171474
0.53,0.06 ,0.982284, 0.0104002,0.00731551,0.0177158
0.54,0.06 ,0.981569, 0.0104048,0.00802581,0.0184306
0.55,0.06 ,0.980643, 0.0104096,0.00894719,0.0193567
0.56,0.06 ,0.979399, 0.0104144,0.010187,0.0206014
0.57,0.06 ,0.977647, 0.0104194,0.011934,0.0223534
0.58,0.06 ,0.975033, 0.0104245,0.0145427,0.0249672
0.59,0.06 ,0.970856, 0.0104297,0.018714,0.0291437
0.6,0.06 ,0.963752, 0.0104351,0.0258123,0.0362474
0.61,0.06 ,0.951663, 0.0104407,0.0378958,0.0483365
0.62,0.06 ,0.933465, 0.0104464,0.0560868,0.0665332
0.63,0.06 ,0.910767, 0.0104523,0.0787801,0.0892324
0.64,0.06 ,0.886025, 0.0104584,0.103517,0.113975
0.65,0.06 ,0.860747, 0.0104647,0.128788,0.139253
0.66,0.06 ,0.835653, 0.0104711,0.153875,0.164347
0.67,0.06 ,0.811073, 0.0104778,0.178449,0.188927
0.68,0.06 ,0.787158, 0.0104847,0.202357,0.212842
0.69,0.06 ,0.763973, 0.0104919,0.225535,0.236027
0.7,0.06 ,0.741541, 0.0104993,0.24796,0.258459
0.71,0.06 ,0.719861, 0.010507,0.269632,0.280139
0.72,0.06 ,0.69892, 0.0105149,0.290565,0.30108
0.73,0.06 ,0.678699, 0.0105231,0.310778,0.321301
0.74,0.06 ,0.659175, 0.0105317,0.330293,0.340825
0.75,0.06 ,0.640325, 0.0105406,0.349135,0.359675
0.76,0.06 ,0.622122, 0.0105498,0.367328,0.377878
0.77,0.06 ,0.604543, 0.0105594,0.384898,0.395457
0.78,0.06 ,0.587562, 0.0105693,0.401868,0.412438
0.79,0.06 ,0.571157, 0.0105797,0.418264,0.428843
0.8,0.06 ,0.555302, 0.0105905,0.434107,0.444698
0.81,0.06 ,0.539978, 0.0106017,0.44942,0.460022
0.82,0.06 ,0.525162, 0.0106134,0.464225,0.474838
0.83,0.06 ,0.510833, 0.0106255,0.478541,0.489167
0.84,0.06 ,0.496973, 0.0106382,0.492388,0.503027
0.85,0.06 ,0.483563, 0.0106513,0.505785,0.516437
0.86,0.06 ,0.470585, 0.010665,0.51875,0.529415
0.87,0.06 ,0.458022, 0.0106793,0.531298,0.541978
0.88,0.06 ,0.445858, 0.0106941,0.543448,0.554142
0.89,0.06 ,0.434078, 0.0107095,0.555213,0.565922
0.9,0.06 ,0.422666, 0.0107256,0.566608,0.577334
0.91,0.06 ,0.411609, 0.0107423,0.577649,0.588391
0.92,0.06 ,0.400893, 0.0107596,0.588347,0.599107
0.93,0.06 ,0.390506, 0.0107776,0.598717,0.609494
0.94,0.06 ,0.380434, 0.0107962,0.608769,0.619566
0.95,0.06 ,0.370668, 0.0108156,0.618517,0.629332
0.96,0.06 ,0.361195, 0.0108357,0.62797,0.638805
0.97,0.06 ,0.352004, 0.0108565,0.637139,0.647996
0.98,0.06 ,0.343086, 0.0108781,0.646036,0.656914
0.99,0.06 ,0.334431, 0.0109004,0.654668,0.665569
1,0.06 ,0.32603, 0.0109235,0.663047,0.67397
0,0.07 ,0.987173, 0.0102926,0.00253445,0.012827
0.01,0.07 ,0.987155, 0.0102944,0.00255064,0.0128451
0.02,0.07 ,0.987136, 0.0102963,0.00256729,0.0128636
0.03,0.07 ,0.987117, 0.0102982,0.00258441,0.0128826
0.04,0.07 ,0.987098, 0.0103001,0.00260204,0.0129021
0.05,0.07 ,0.987078, 0.010302,0.00262019,0.0129222
0.06,0.07 ,0.987057, 0.010304,0.00263889,0.0129429
0.07,0.07 ,0.987036, 0.0103059,0.00265817,0.0129641
0.08,0.07 ,0.987014, 0.010308,0.00267806,0.012986
0.09,0.07 ,0.986991, 0.01031,0.0026986,0.0130086
0.1,0.07 ,0.986968, 0.0103121,0.00271981,0.0130319
0.11,0.07 ,0.986944, 0.0103142,0.00274174,0.0130559
0.12,0.07 ,0.986919, 0.0103163,0.00276443,0.0130807
0.13,0.07 ,0.986894, 0.0103184,0.00278791,0.0131063
0.14,0.07 ,0.986867, 0.0103206,0.00281225,0.0131329
0.15,0.07 ,0.98684, 0.0103228,0.00283749,0.0131603
0.16,0.07 ,0.986811, 0.0103251,0.00286369,0.0131888
0.17,0.07 ,0.986782, 0.0103273,0.0028909,0.0132182
0.18,0.07 ,0.986751, 0.0103297,0.0029192,0.0132489
0.19,0.07 ,0.986719, 0.010332,0.00294866,0.0132807
0.2,0.07 ,0.986686, 0.0103344,0.00297936,0.0133137
0.21,0.07 ,0.986652, 0.0103368,0.00301138,0.0133482
0.22,0.07 ,0.986616, 0.0103393,0.00304483,0.0133841
0.23,0.07 ,0.986578, 0.0103417,0.00307981,0.0134216
0.24,0.07 ,0.986539, 0.0103443,0.00311644,0.0134607
0.25,0.07 ,0.986498, 0.0103468,0.00315484,0.0135017
0.26,0.07 ,0.986455, 0.0103495,0.00319516,0.0135446
0.27,0.07 ,0.98641, 0.0103521,0.00323758,0.0135897
0.28,0.07 ,0.986363, 0.0103548,0.00328225,0.0136371
0.29,0.07 ,0.986313, 0.0103576,0.0033294,0.013687
0.3,0.07 ,0.98626, 0.0103604,0.00337924,0.0137396
0.31,0.07 ,0.986205, 0.0103632,0.00343203,0.0137952
0.32,0.07 ,0.986146, 0.0103661,0.00348808,0.0138542
0.33,0.07 ,0.986083, 0.010369,0.00354771,0.0139167
0.34,0.07 ,0.986017, 0.010372,0.0036113,0.0139833
0.35,0.07 ,0.985946, 0.0103751,0.0036793,0.0140544
0.36,0.07 ,0.98587, 0.0103782,0.00375221,0.0141304
0.37,0.07 ,0.985788, 0.0103814,0.00383063,0.014212
0.38,0.07 ,0.9857, 0.0103846,0.00391526,0.0142999
0.39,0.07 ,0.985605, 0.0103879,0.0040069,0.0143948
0.4,0.07 ,0.985502, 0.0103913,0.00410652,0.0144978
0.41,0.07 ,0.98539, 0.0103947,0.0042153,0.01461
0.42,0.07 ,0.985267, 0.0103982,0.00433461,0.0147328
0.43,0.07 ,0.985132, 0.0104017,0.00446616,0.0148679
0.44,0.07 ,0.984983, 0.0104054,0.00461203,0.0150174
0.45,0.07 ,0.984816, 0.0104091,0.00477482,0.0151839
0.46,0.07 ,0.984629, 0.0104129,0.00495779,0.0153707
0.47,0.07 ,0.984418, 0.0104168,0.0051651,0.0155819
0.48,0.07 ,0.984177, 0.0104208,0.00540213,0.0158229
0.49,0.07 ,0.983899, 0.0104249,0.005676,0.0161009
0.5,0.07 ,0.983575, 0.010429,0.00599625,0.0164253
0.51,0.07 ,0.983191, 0.0104333,0.00637604,0.0168093
0.52,0.07 ,0.982728, 0.0104377,0.00683393,0.0172716
0.53,0.07 ,0.982161, 0.0104422,0.00739698,0.0178391
0.54,0.07 ,0.981447, 0.0104467,0.00810608,0.0185528
0.55,0.07 ,0.980523, 0.0104515,0.00902567,0.0194771
0.56,0.07 ,0.979281, 0.0104563,0.0102626,0.0207189
0.57,0.07 ,0.977534, 0.0104613,0.012005,0.0224662
0.58,0.07 ,0.974928, 0.0104664,0.0146051,0.0250715
0.59,0.07 ,0.970768, 0.0104716,0.0187603,0.0292319
0.6,0.07 ,0.963695, 0.010477,0.0258278,0.0363048
0.61,0.07 ,0.951654, 0.0104826,0.0378625,0.0483451
0.62,0.07 ,0.933507, 0.0104883,0.0560033,0.0664916
0.63,0.07 ,0.910841, 0.0104942,0.0786643,0.0891585
0.64,0.07 ,0.886115, 0.0105002,0.103385,0.113885
0.65,0.07 ,0.860845, 0.0105065,0.128648,0.139155
0.66,0.07 ,0.835755, 0.010513,0.153732,0.164245
0.67,0.07 ,0.811176, 0.0105197,0.178304,0.188824
0.68,0.07 ,0.787261, 0.0105266,0.202212,0.212739
0.69,0.07 ,0.764076, 0.0105337,0.22539,0.235924
0.7,0.07 ,0.741643, 0.0105411,0.247816,0.258357
0.71,0.07 ,0.719962, 0.0105488,0.269489,0.280038
0.72,0.07 ,0.69902, 0.0105567,0.290424,0.30098
0.73,0.07 ,0.678797, 0.0105649,0.310638,0.321203
0.74,0.07 ,0.659272, 0.0105735,0.330154,0.340728
0.75,0.07 ,0.64042, 0.0105824,0.348997,0.35958
0.76,0.07 ,0.622216, 0.0105916,0.367192,0.377784
0.77,0.07 ,0.604636, 0.0106011,0.384763,0.395364
0.78,0.07 ,0.587654, 0.0106111,0.401735,0.412346
