Betamv, Betapv,V,Rs,Rv,P
0,0 ,0.994677, 0.003323,0.002,0.005323
0.01,0 ,0.994659, 0.00332491,0.00201628,0.00534119
0.02,0 ,0.99464, 0.00332684,0.00203302,0.00535986
0.03,0 ,0.994621, 0.00332879,0.00205024,0.00537903
0.04,0 ,0.994601, 0.00333077,0.00206797,0.00539874
0.05,0 ,0.994581, 0.00333277,0.00208623,0.00541901
0.06,0 ,0.99456, 0.00333481,0.00210505,0.00543986
0.07,0 ,0.994539, 0.00333686,0.00212446,0.00546132
0.08,0 ,0.994517, 0.00333895,0.00214448,0.00548343
0.09,0 ,0.994494, 0.00334106,0.00216516,0.00550622
0.1,0 ,0.99447, 0.0033432,0.00218653,0.00552973
0.11,0 ,0.994446, 0.00334537,0.00220862,0.00555399
0.12,0 ,0.994421, 0.00334757,0.00223149,0.00557905
0.13,0 ,0.994395, 0.0033498,0.00225516,0.00560496
0.14,0 ,0.994368, 0.00335206,0.0022797,0.00563176
0.15,0 ,0.99434, 0.00335435,0.00230516,0.00565951
0.16,0 ,0.994312, 0.00335668,0.00233159,0.00568827
0.17,0 ,0.994282, 0.00335904,0.00235906,0.0057181
0.18,0 ,0.994251, 0.00336144,0.00238764,0.00574907
0.19,0 ,0.994219, 0.00336387,0.00241739,0.00578126
0.2,0 ,0.994185, 0.00336634,0.00244841,0.00581475
0.21,0 ,0.99415, 0.00336885,0.00248079,0.00584963
0.22,0 ,0.994114, 0.00337139,0.00251462,0.00588601
0.23,0 ,0.994076, 0.00337398,0.00255001,0.00592399
0.24,0 ,0.994036, 0.00337661,0.00258709,0.0059637
0.25,0 ,0.993995, 0.00337928,0.00262599,0.00600527
0.26,0 ,0.993951, 0.00338199,0.00266687,0.00604886
0.27,0 ,0.993905, 0.00338475,0.00270988,0.00609463
0.28,0 ,0.993857, 0.00338755,0.00275522,0.00614277
0.29,0 ,0.993806, 0.00339041,0.0028031,0.00619351
0.3,0 ,0.993753, 0.00339331,0.00285376,0.00624707
0.31,0 ,0.993696, 0.00339626,0.00290747,0.00630373
0.32,0 ,0.993636, 0.00339927,0.00296453,0.0063638
0.33,0 ,0.993572, 0.00340233,0.0030253,0.00642763
0.34,0 ,0.993504, 0.00340545,0.00309017,0.00649562
0.35,0 ,0.993432, 0.00340862,0.00315963,0.00656825
0.36,0 ,0.993354, 0.00341186,0.00323419,0.00664605
0.37,0 ,0.99327, 0.00341516,0.00331449,0.00672965
0.38,0 ,0.99318, 0.00341852,0.00340128,0.00681979
0.39,0 ,0.993083, 0.00342195,0.00349541,0.00691735
0.4,0 ,0.992977, 0.00342544,0.00359792,0.00702337
0.41,0 ,0.992861, 0.00342901,0.00371007,0.00713909
0.42,0 ,0.992734, 0.00343266,0.00383335,0.00726601
0.43,0 ,0.992594, 0.00343638,0.00396961,0.00740599
0.44,0 ,0.992439, 0.00344018,0.00412112,0.0075613
0.45,0 ,0.992265, 0.00344407,0.00429071,0.00773478
0.46,0 ,0.99207, 0.00344804,0.00448199,0.00793003
0.47,0 ,0.991848, 0.0034521,0.00469958,0.00815168
0.48,0 ,0.991594, 0.00345625,0.00494949,0.00840575
0.49,0 ,0.9913, 0.00346051,0.00523977,0.00870028
0.5,0 ,0.990954, 0.00346486,0.0055813,0.00904617
0.51,0 ,0.990541, 0.00346933,0.00598929,0.00945861
0.52,0 ,0.990041, 0.0034739,0.00648548,0.00995938
0.53,0 ,0.989419, 0.00347859,0.00710211,0.0105807
0.54,0 ,0.988628, 0.0034834,0.00788887,0.0113723
0.55,0 ,0.987586, 0.00348834,0.00892596,0.0124143
0.56,0 ,0.986156, 0.00349341,0.0103503,0.0138437
0.57,0 ,0.984091, 0.00349863,0.0124105,0.0159091
0.58,0 ,0.980907, 0.00350399,0.0155891,0.0190931
0.59,0 ,0.975633, 0.0035095,0.0208574,0.0243669
0.6,0 ,0.96648, 0.00351517,0.0300045,0.0335197
0.61,0 ,0.951394, 0.00352102,0.0450834,0.0486044
0.62,0 ,0.930465, 0.00352704,0.0660063,0.0695333
0.63,0 ,0.906156, 0.00353325,0.09031,0.0938433
0.64,0 ,0.880623, 0.00353966,0.115837,0.119377
0.65,0 ,0.854973, 0.00354628,0.141481,0.145027
0.66,0 ,0.829713, 0.00355312,0.166734,0.170287
0.67,0 ,0.805074, 0.00356019,0.191366,0.194926
0.68,0 ,0.781159, 0.00356751,0.215273,0.218841
0.69,0 ,0.758008, 0.00357509,0.238416,0.241992
0.7,0 ,0.735631, 0.00358294,0.260786,0.264369
0.71,0 ,0.714017, 0.00359109,0.282391,0.285983
0.72,0 ,0.693151, 0.00359953,0.303249,0.306849
0.73,0 ,0.67301, 0.0036083,0.323382,0.32699
0.74,0 ,0.653569, 0.00361741,0.342814,0.346431
0.75,0 ,0.634802, 0.00362688,0.361571,0.365198
0.76,0 ,0.616685, 0.00363673,0.379679,0.383315
0.77,0 ,0.59919, 0.00364697,0.397163,0.40081
0.78,0 ,0.582294, 0.00365764,0.414048,0.417706
0.79,0 ,0.565972, 0.00366874,0.430359,0.434028
0.8,0 ,0.550201, 0.00368029,0.446119,0.449799
0.81,0 ,0.534958, 0.00369233,0.461349,0.465042
0.82,0 ,0.520223, 0.00370487,0.476072,0.479777
0.83,0 ,0.505975, 0.00371794,0.490307,0.494025
0.84,0 ,0.492194, 0.00373155,0.504075,0.507806
0.85,0 ,0.478861, 0.00374572,0.517393,0.521139
0.86,0 ,0.465959, 0.00376048,0.53028,0.534041
0.87,0 ,0.453471, 0.00377585,0.542753,0.546529
0.88,0 ,0.441381, 0.00379185,0.554827,0.558619
0.89,0 ,0.429673, 0.00380849,0.566519,0.570327
0.9,0 ,0.418332, 0.00382581,0.577842,0.581668
0.91,0 ,0.407345, 0.00384381,0.588811,0.592655
0.92,0 ,0.396698, 0.00386252,0.599439,0.603302
0.93,0 ,0.386378, 0.00388195,0.60974,0.613622
0.94,0 ,0.376374, 0.00390212,0.619724,0.623626
0.95,0 ,0.366672, 0.00392304,0.629405,0.633328
0.96,0 ,0.357263, 0.00394474,0.638792,0.642737
0.97,0 ,0.348136, 0.00396723,0.647897,0.651864
0.98,0 ,0.33928, 0.00399051,0.656729,0.66072
0.99,0 ,0.330686, 0.00401461,0.665299,0.669314
1,0 ,0.322345, 0.00403953,0.673616,0.677655
0,0.01 ,0.994666, 0.00332421,0.00201019,0.0053344
0.01,0.01 ,0.994647, 0.00332612,0.00202647,0.00535259
0.02,0.01 ,0.994629, 0.00332805,0.00204321,0.00537126
0.03,0.01 ,0.99461, 0.00333,0.00206043,0.00539043
0.04,0.01 ,0.99459, 0.00333198,0.00207816,0.00541014
0.05,0.01 ,0.99457, 0.00333399,0.00209642,0.00543041
0.06,0.01 ,0.994549, 0.00333602,0.00211524,0.00545125
0.07,0.01 ,0.994527, 0.00333807,0.00213464,0.00547272
0.08,0.01 ,0.994505, 0.00334016,0.00215467,0.00549483
0.09,0.01 ,0.994482, 0.00334227,0.00217535,0.00551762
0.1,0.01 ,0.994459, 0.00334441,0.00219671,0.00554112
0.11,0.01 ,0.994435, 0.00334658,0.00221881,0.00556539
0.12,0.01 ,0.99441, 0.00334878,0.00224167,0.00559045
0.13,0.01 ,0.994384, 0.00335101,0.00226535,0.00561636
0.14,0.01 ,0.994357, 0.00335327,0.00228989,0.00564316
0.15,0.01 ,0.994329, 0.00335556,0.00231534,0.00567091
0.16,0.01 ,0.9943, 0.00335789,0.00234177,0.00569967
0.17,0.01 ,0.994271, 0.00336025,0.00236924,0.0057295
0.18,0.01 ,0.99424, 0.00336265,0.00239782,0.00576047
0.19,0.01 ,0.994207, 0.00336508,0.00242757,0.00579265
0.2,0.01 ,0.994174, 0.00336755,0.00245859,0.00582614
0.21,0.01 ,0.994139, 0.00337006,0.00249097,0.00586102
0.22,0.01 ,0.994103, 0.0033726,0.0025248,0.0058974
0.23,0.01 ,0.994065, 0.00337519,0.00256019,0.00593538
0.24,0.01 ,0.994025, 0.00337782,0.00259727,0.00597508
0.25,0.01 ,0.993983, 0.00338049,0.00263617,0.00601665
0.26,0.01 ,0.99394, 0.0033832,0.00267704,0.00606024
0.27,0.01 ,0.993894, 0.00338596,0.00272005,0.00610601
0.28,0.01 ,0.993846, 0.00338876,0.00276539,0.00615416
0.29,0.01 ,0.993795, 0.00339162,0.00281327,0.00620489
0.3,0.01 ,0.993742, 0.00339452,0.00286393,0.00625845
0.31,0.01 ,0.993685, 0.00339747,0.00291763,0.00631511
0.32,0.01 ,0.993625, 0.00340048,0.00297469,0.00637517
0.33,0.01 ,0.993561, 0.00340354,0.00303546,0.006439
0.34,0.01 ,0.993493, 0.00340666,0.00310033,0.00650699
0.35,0.01 ,0.99342, 0.00340983,0.00316978,0.00657962
0.36,0.01 ,0.993343, 0.00341307,0.00324435,0.00665741
0.37,0.01 ,0.993259, 0.00341637,0.00332465,0.00674101
0.38,0.01 ,0.993169, 0.00341973,0.00341142,0.00683115
0.39,0.01 ,0.993071, 0.00342316,0.00350555,0.00692871
0.4,0.01 ,0.992965, 0.00342665,0.00360806,0.00703472
0.41,0.01 ,0.99285, 0.00343022,0.0037202,0.00715043
0.42,0.01 ,0.992723, 0.00343387,0.00384348,0.00727734
0.43,0.01 ,0.992583, 0.00343759,0.00397973,0.00741732
0.44,0.01 ,0.992427, 0.00344139,0.00413123,0.00757261
0.45,0.01 ,0.992254, 0.00344527,0.00430081,0.00774608
0.46,0.01 ,0.992059, 0.00344924,0.00449208,0.00794132
0.47,0.01 ,0.991837, 0.00345331,0.00470964,0.00816295
0.48,0.01 ,0.991583, 0.00345746,0.00495954,0.008417
0.49,0.01 ,0.991289, 0.00346172,0.00524978,0.0087115
0.5,0.01 ,0.990943, 0.00346607,0.00559128,0.00905735
0.51,0.01 ,0.99053, 0.00347053,0.00599922,0.00946975
0.52,0.01 ,0.99003, 0.00347511,0.00649534,0.00997045
0.53,0.01 ,0.989408, 0.0034798,0.00711188,0.0105917
0.54,0.01 ,0.988617, 0.00348461,0.00789851,0.0113831
0.55,0.01 ,0.987575, 0.00348955,0.0089354,0.012425
0.56,0.01 ,0.986146, 0.00349462,0.0103594,0.013854
0.57,0.01 ,0.984081, 0.00349983,0.0124191,0.0159189
0.58,0.01 ,0.980898, 0.00350519,0.0155967,0.0191019
0.59,0.01 ,0.975626, 0.0035107,0.0208629,0.0243736
0.6,0.01 ,0.966477, 0.00351638,0.0300065,0.0335229
0.61,0.01 ,0.951396, 0.00352222,0.0450806,0.0486028
0.62,0.01 ,0.930471, 0.00352824,0.0659996,0.0695278
0.63,0.01 ,0.906164, 0.00353446,0.0903012,0.0938357
0.64,0.01 ,0.880632, 0.00354087,0.115827,0.119368
0.65,0.01 ,0.854982, 0.00354748,0.14147,0.145018
0.66,0.01 ,0.829722, 0.00355432,0.166724,0.170278
0.67,0.01 ,0.805083, 0.0035614,0.191355,0.194917
0.68,0.01 ,0.781168, 0.00356871,0.215263,0.218832
0.69,0.01 ,0.758018, 0.00357629,0.238406,0.241982
0.7,0.01 ,0.73564, 0.00358414,0.260776,0.26436
0.71,0.01 ,0.714026, 0.00359229,0.282381,0.285974
0.72,0.01 ,0.69316, 0.00360073,0.303239,0.30684
0.73,0.01 ,0.673019, 0.0036095,0.323372,0.326981
0.74,0.01 ,0.653577, 0.00361861,0.342804,0.346423
0.75,0.01 ,0.634811, 0.00362808,0.361561,0.365189
0.76,0.01 ,0.616693, 0.00363793,0.379669,0.383307
0.77,0.01 ,0.599198, 0.00364817,0.397153,0.400802
0.78,0.01 ,0.582302, 0.00365883,0.414039,0.417698
0.79,0.01 ,0.56598, 0.00366993,0.43035,0.43402
0.8,0.01 ,0.550209, 0.00368148,0.44611,0.449791
0.81,0.01 ,0.534966, 0.00369352,0.46134,0.465034
0.82,0.01 ,0.520231, 0.00370606,0.476063,0.479769
0.83,0.01 ,0.505982, 0.00371912,0.490299,0.494018
0.84,0.01 ,0.492201, 0.00373273,0.504066,0.507799
0.85,0.01 ,0.478868, 0.0037469,0.517385,0.521132
0.86,0.01 ,0.465966, 0.00376166,0.530272,0.534034
0.87,0.01 ,0.453478, 0.00377703,0.542745,0.546522
0.88,0.01 ,0.441388, 0.00379303,0.554819,0.558612
0.89,0.01 ,0.429679, 0.00380967,0.566511,0.570321
0.9,0.01 ,0.418339, 0.00382698,0.577834,0.581661
0.91,0.01 ,0.407352, 0.00384498,0.588803,0.592648
0.92,0.01 ,0.396704, 0.00386369,0.599432,0.603296
0.93,0.01 ,0.386385, 0.00388312,0.609732,0.613615
0.94,0.01 ,0.37638, 0.00390329,0.619717,0.62362
0.95,0.01 ,0.366679, 0.00392421,0.629397,0.633321
0.96,0.01 ,0.35727, 0.00394591,0.638785,0.64273
0.97,0.01 ,0.348142, 0.00396839,0.647889,0.651858
0.98,0.01 ,0.339286, 0.00399167,0.656722,0.660714
0.99,0.01 ,0.330692, 0.00401577,0.665292,0.669308
1,0.01 ,0.32235, 0.00404069,0.673609,0.67765
0,0.02 ,0.994654, 0.00332544,0.00202061,0.00534604
0.01,0.02 ,0.994636, 0.00332734,0.00203688,0.00536423
0.02,0.02 ,0.994617, 0.00332927,0.00205362,0.0053829
0.03,0.02 ,0.994598, 0.00333123,0.00207085,0.00540208
0.04,0.02 ,0.994578, 0.00333321,0.00208857,0.00542178
0.05,0.02 ,0.994558, 0.00333521,0.00210684,0.00544205
0.06,0.02 ,0.994537, 0.00333724,0.00212565,0.0054629
0.07,0.02 ,0.994516, 0.0033393,0.00214506,0.00548436
0.08,0.02 ,0.994494, 0.00334138,0.00216509,0.00550647
0.09,0.02 ,0.994471, 0.0033435,0.00218576,0.00552926
0.1,0.02 ,0.994447, 0.00334564,0.00220713,0.00555276
0.11,0.02 ,0.994423, 0.00334781,0.00222922,0.00557703
0.12,0.02 ,0.994398, 0.00335,0.00225208,0.00560209
0.13,0.02 ,0.994372, 0.00335223,0.00227576,0.00562799
0.14,0.02 ,0.994345, 0.0033545,0.0023003,0.0056548
0.15,0.02 ,0.994317, 0.00335679,0.00232576,0.00568255
0.16,0.02 ,0.994289, 0.00335912,0.00235219,0.0057113
0.17,0.02 ,0.994259, 0.00336148,0.00237965,0.00574113
0.18,0.02 ,0.994228, 0.00336387,0.00240823,0.0057721
0.19,0.02 ,0.994196, 0.00336631,0.00243798,0.00580429
0.2,0.02 ,0.994162, 0.00336878,0.002469,0.00583778
0.21,0.02 ,0.994127, 0.00337128,0.00250138,0.00587266
0.22,0.02 ,0.994091, 0.00337383,0.0025352,0.00590903
0.23,0.02 ,0.994053, 0.00337641,0.0025706,0.00594701
0.24,0.02 ,0.994013, 0.00337904,0.00260767,0.00598671
0.25,0.02 ,0.993972, 0.00338171,0.00264657,0.00602828
0.26,0.02 ,0.993928, 0.00338442,0.00268744,0.00607187
0.27,0.02 ,0.993882, 0.00338718,0.00273045,0.00611764
0.28,0.02 ,0.993834, 0.00338999,0.00277579,0.00616578
0.29,0.02 ,0.993783, 0.00339284,0.00282367,0.00621651
0.3,0.02 ,0.99373, 0.00339574,0.00287432,0.00627007
0.31,0.02 ,0.993673, 0.0033987,0.00292803,0.00632673
0.32,0.02 ,0.993613, 0.0034017,0.00298509,0.00638679
0.33,0.02 ,0.993549, 0.00340476,0.00304585,0.00645062
0.34,0.02 ,0.993481, 0.00340788,0.00311072,0.00651861
0.35,0.02 ,0.993409, 0.00341106,0.00318017,0.00659123
0.36,0.02 ,0.993331, 0.00341429,0.00325473,0.00666902
0.37,0.02 ,0.993247, 0.00341759,0.00333503,0.00675261
0.38,0.02 ,0.993157, 0.00342095,0.0034218,0.00684275
0.39,0.02 ,0.99306, 0.00342438,0.00351592,0.0069403
0.4,0.02 ,0.992954, 0.00342788,0.00361843,0.0070463
0.41,0.02 ,0.992838, 0.00343145,0.00373056,0.00716201
0.42,0.02 ,0.992711, 0.00343509,0.00385383,0.00728892
0.43,0.02 ,0.992571, 0.00343881,0.00399007,0.00742888
0.44,0.02 ,0.992416, 0.00344261,0.00414156,0.00758417
0.45,0.02 ,0.992242, 0.0034465,0.00431113,0.00775763
0.46,0.02 ,0.992047, 0.00345047,0.00450238,0.00795285
0.47,0.02 ,0.991826, 0.00345453,0.00471993,0.00817446
0.48,0.02 ,0.991572, 0.00345868,0.0049698,0.00842849
0.49,0.02 ,0.991277, 0.00346294,0.00526002,0.00872296
0.5,0.02 ,0.990931, 0.00346729,0.00560148,0.00906878
0.51,0.02 ,0.990519, 0.00347175,0.00600937,0.00948112
0.52,0.02 ,0.990018, 0.00347633,0.00650543,0.00998176
0.53,0.02 ,0.989397, 0.00348102,0.00712188,0.0106029
0.54,0.02 ,0.988606, 0.00348583,0.00790837,0.0113942
0.55,0.02 ,0.987564, 0.00349077,0.00894506,0.0124358
0.56,0.02 ,0.986135, 0.00349584,0.0103687,0.0138645
0.57,0.02 ,0.984071, 0.00350105,0.0124278,0.0159289
0.58,0.02 ,0.980889, 0.00350641,0.0156044,0.0191108
0.59,0.02 ,0.975619, 0.00351192,0.0208686,0.0243806
0.6,0.02 ,0.966473, 0.0035176,0.0300085,0.0335261
0.61,0.02 ,0.951397, 0.00352344,0.0450777,0.0486011
0.62,0.02 ,0.930477, 0.00352946,0.0659927,0.0695222
0.63,0.02 ,0.906172, 0.00353567,0.0902923,0.0938279
0.64,0.02 ,0.880641, 0.00354208,0.115817,0.119359
0.65,0.02 ,0.854991, 0.0035487,0.14146,0.145009
0.66,0.02 ,0.829732, 0.00355554,0.166713,0.170268
0.67,0.02 ,0.805093, 0.00356261,0.191345,0.194907
0.68,0.02 ,0.781178, 0.00356993,0.215252,0.218822
0.69,0.02 ,0.758027, 0.00357751,0.238395,0.241973
0.7,0.02 ,0.735649, 0.00358536,0.260765,0.264351
0.71,0.02 ,0.714036, 0.0035935,0.282371,0.285964
0.72,0.02 ,0.693169, 0.00360194,0.303229,0.306831
0.73,0.02 ,0.673028, 0.00361071,0.323362,0.326972
0.74,0.02 ,0.653586, 0.00361982,0.342794,0.346414
0.75,0.02 ,0.63482, 0.00362929,0.361551,0.36518
0.76,0.02 ,0.616702, 0.00363913,0.379659,0.383298
0.77,0.02 ,0.599207, 0.00364938,0.397144,0.400793
0.78,0.02 ,0.58231, 0.00366004,0.41403,0.41769
0.79,0.02 ,0.565988, 0.00367113,0.430341,0.434012
0.8,0.02 ,0.550217, 0.00368269,0.446101,0.449783
0.81,0.02 ,0.534974, 0.00369473,0.461331,0.465026
0.82,0.02 ,0.520239, 0.00370726,0.476054,0.479761
0.83,0.02 ,0.50599, 0.00372032,0.49029,0.49401
0.84,0.02 ,0.492208, 0.00373393,0.504058,0.507792
0.85,0.02 ,0.478876, 0.0037481,0.517376,0.521124
0.86,0.02 ,0.465973, 0.00376286,0.530264,0.534027
0.87,0.02 ,0.453485, 0.00377823,0.542736,0.546515
0.88,0.02 ,0.441395, 0.00379422,0.554811,0.558605
0.89,0.02 ,0.429686, 0.00381086,0.566503,0.570314
0.9,0.02 ,0.418346, 0.00382817,0.577826,0.581654
0.91,0.02 ,0.407358, 0.00384617,0.588796,0.592642
0.92,0.02 ,0.396711, 0.00386487,0.599424,0.603289
0.93,0.02 ,0.386391, 0.0038843,0.609725,0.613609
0.94,0.02 ,0.376386, 0.00390447,0.619709,0.623614
0.95,0.02 ,0.366685, 0.00392539,0.62939,0.633315
0.96,0.02 ,0.357276, 0.00394708,0.638777,0.642724
0.97,0.02 ,0.348148, 0.00396956,0.647882,0.651852
0.98,0.02 ,0.339292, 0.00399284,0.656715,0.660708
0.99,0.02 ,0.330698, 0.00401693,0.665285,0.669302
1,0.02 ,0.322356, 0.00404185,0.673602,0.677644
0,0.03 ,0.994642, 0.00332668,0.00203126,0.00535794
0.01,0.03 ,0.994624, 0.00332858,0.00204754,0.00537613
0.02,0.03 ,0.994605, 0.00333052,0.00206428,0.00539479
0.03,0.03 ,0.994586, 0.00333247,0.0020815,0.00541397
0.04,0.03 ,0.994566, 0.00333445,0.00209923,0.00543368
0.05,0.03 ,0.994546, 0.00333645,0.00211749,0.00545394
0.06,0.03 ,0.994525, 0.00333848,0.00213631,0.00547479
0.07,0.03 ,0.994504, 0.00334054,0.00215571,0.00549625
0.08,0.03 ,0.994482, 0.00334262,0.00217574,0.00551836
0.09,0.03 ,0.994459, 0.00334474,0.00219642,0.00554115
0.1,0.03 ,0.994435, 0.00334688,0.00221778,0.00556466
0.11,0.03 ,0.994411, 0.00334905,0.00223987,0.00558892
0.12,0.03 ,0.994386, 0.00335124,0.00226274,0.00561398
0.13,0.03 ,0.99436, 0.00335347,0.00228641,0.00563989
0.14,0.03 ,0.994333, 0.00335574,0.00231095,0.00566669
0.15,0.03 ,0.994306, 0.00335803,0.00233641,0.00569444
0.16,0.03 ,0.994277, 0.00336036,0.00236284,0.00572319
0.17,0.03 ,0.994247, 0.00336272,0.0023903,0.00575302
0.18,0.03 ,0.994216, 0.00336511,0.00241888,0.00578399
0.19,0.03 ,0.994184, 0.00336755,0.00244863,0.00581618
0.2,0.03 ,0.99415, 0.00337001,0.00247965,0.00584966
0.21,0.03 ,0.994115, 0.00337252,0.00251202,0.00588454
0.22,0.03 ,0.994079, 0.00337507,0.00254585,0.00592092
0.23,0.03 ,0.994041, 0.00337765,0.00258124,0.00595889
0.24,0.03 ,0.994001, 0.00338028,0.00261832,0.0059986
0.25,0.03 ,0.99396, 0.00338295,0.00265722,0.00604016
0.26,0.03 ,0.993916, 0.00338566,0.00269808,0.00608375
0.27,0.03 ,0.99387, 0.00338842,0.00274109,0.00612952
0.28,0.03 ,0.993822, 0.00339123,0.00278643,0.00617766
0.29,0.03 ,0.993772, 0.00339408,0.00283431,0.00622839
0.3,0.03 ,0.993718, 0.00339698,0.00288496,0.00628194
0.31,0.03 ,0.993661, 0.00339994,0.00293866,0.0063386
0.32,0.03 ,0.993601, 0.00340294,0.00299572,0.00639866
0.33,0.03 ,0.993538, 0.003406,0.00305648,0.00646248
0.34,0.03 ,0.99347, 0.00340912,0.00312135,0.00653047
0.35,0.03 ,0.993397, 0.00341229,0.00319079,0.00660309
0.36,0.03 ,0.993319, 0.00341553,0.00326535,0.00668088
0.37,0.03 ,0.993236, 0.00341883,0.00334564,0.00676447
0.38,0.03 ,0.993145, 0.00342219,0.00343241,0.0068546
0.39,0.03 ,0.993048, 0.00342562,0.00352653,0.00695215
0.4,0.03 ,0.992942, 0.00342911,0.00362903,0.00705815
0.41,0.03 ,0.992826, 0.00343268,0.00374116,0.00717384
0.42,0.03 ,0.992699, 0.00343633,0.00386442,0.00730075
0.43,0.03 ,0.992559, 0.00344005,0.00400065,0.0074407
0.44,0.03 ,0.992404, 0.00344385,0.00415213,0.00759598
0.45,0.03 ,0.992231, 0.00344773,0.00432169,0.00776942
0.46,0.03 ,0.992035, 0.0034517,0.00451293,0.00796463
0.47,0.03 ,0.991814, 0.00345576,0.00473046,0.00818622
0.48,0.03 ,0.99156, 0.00345992,0.00498031,0.00844023
0.49,0.03 ,0.991265, 0.00346417,0.0052705,0.00873467
0.5,0.03 ,0.99092, 0.00346853,0.00561192,0.00908045
0.51,0.03 ,0.990507, 0.00347299,0.00601976,0.00949275
0.52,0.03 ,0.990007, 0.00347756,0.00651575,0.00999331
0.53,0.03 ,0.989386, 0.00348225,0.0071321,0.0106144
0.54,0.03 ,0.988594, 0.00348706,0.00791846,0.0114055
0.55,0.03 ,0.987553, 0.003492,0.00895494,0.0124469
0.56,0.03 ,0.986125, 0.00349707,0.0103782,0.0138753
0.57,0.03 ,0.984061, 0.00350228,0.0124368,0.0159391
0.58,0.03 ,0.98088, 0.00350764,0.0156123,0.0191199
0.59,0.03 ,0.975612, 0.00351315,0.0208745,0.0243876
0.6,0.03 ,0.96647, 0.00351883,0.0300106,0.0335295
0.61,0.03 ,0.951399, 0.00352467,0.0450748,0.0485995
0.62,0.03 ,0.930482, 0.00353069,0.0659858,0.0695165
0.63,0.03 ,0.90618, 0.0035369,0.0902831,0.09382
0.64,0.03 ,0.88065, 0.00354331,0.115807,0.11935
0.65,0.03 ,0.855001, 0.00354993,0.141449,0.144999
0.66,0.03 ,0.829741, 0.00355677,0.166702,0.170259
0.67,0.03 ,0.805102, 0.00356384,0.191334,0.194898
0.68,0.03 ,0.781187, 0.00357116,0.215241,0.218813
0.69,0.03 ,0.758037, 0.00357873,0.238385,0.241963
0.7,0.03 ,0.735659, 0.00358658,0.260755,0.264341
0.71,0.03 ,0.714045, 0.00359472,0.28236,0.285955
0.72,0.03 ,0.693179, 0.00360317,0.303218,0.306821
0.73,0.03 ,0.673037, 0.00361194,0.323351,0.326963
0.74,0.03 ,0.653595, 0.00362105,0.342784,0.346405
0.75,0.03 ,0.634828, 0.00363051,0.361541,0.365172
0.76,0.03 ,0.61671, 0.00364036,0.379649,0.38329
0.77,0.03 ,0.599215, 0.0036506,0.397134,0.400785
0.78,0.03 ,0.582319, 0.00366126,0.41402,0.417681
0.79,0.03 ,0.565996, 0.00367235,0.430331,0.434004
0.8,0.03 ,0.550225, 0.00368391,0.446091,0.449775
0.81,0.03 ,0.534982, 0.00369594,0.461322,0.465018
0.82,0.03 ,0.520247, 0.00370848,0.476045,0.479753
0.83,0.03 ,0.505998, 0.00372154,0.490281,0.494002
0.84,0.03 ,0.492216, 0.00373514,0.504049,0.507784
0.85,0.03 ,0.478883, 0.00374931,0.517368,0.521117
0.86,0.03 ,0.465981, 0.00376407,0.530255,0.534019
0.87,0.03 ,0.453493, 0.00377943,0.542728,0.546507
0.88,0.03 ,0.441402, 0.00379543,0.554803,0.558598
0.89,0.03 ,0.429693, 0.00381207,0.566494,0.570307
0.9,0.03 ,0.418353, 0.00382938,0.577818,0.581647
0.91,0.03 ,0.407365, 0.00384737,0.588787,0.592635
0.92,0.03 ,0.396718, 0.00386607,0.599416,0.603282
0.93,0.03 ,0.386398, 0.0038855,0.609717,0.613602
0.94,0.03 ,0.376393, 0.00390566,0.619702,0.623607
0.95,0.03 ,0.366691, 0.00392658,0.629382,0.633309
0.96,0.03 ,0.357282, 0.00394827,0.63877,0.642718
0.97,0.03 ,0.348154, 0.00397075,0.647875,0.651846
0.98,0.03 ,0.339298, 0.00399403,0.656708,0.660702
0.99,0.03 ,0.330704, 0.00401812,0.665278,0.669296
1,0.03 ,0.322362, 0.00404303,0.673595,0.677638
0,0.04 ,0.99463, 0.00332793,0.00204217,0.0053701
0.01,0.04 ,0.994612, 0.00332984,0.00205844,0.00538828
0.02,0.04 ,0.994593, 0.00333177,0.00207518,0.00540695
0.03,0.04 ,0.994574, 0.00333372,0.0020924,0.00542613
0.04,0.04 ,0.994554, 0.0033357,0.00211013,0.00544584
0.05,0.04 ,0.994534, 0.00333771,0.00212839,0.0054661
0.06,0.04 ,0.994513, 0.00333974,0.00214721,0.00548695
0.07,0.04 ,0.994492, 0.00334179,0.00216662,0.00550841
0.08,0.04 ,0.994469, 0.00334388,0.00218664,0.00553052
0.09,0.04 ,0.994447, 0.00334599,0.00220732,0.00555331
0.1,0.04 ,0.994423, 0.00334813,0.00222868,0.00557681
0.11,0.04 ,0.994399, 0.0033503,0.00225077,0.00560107
0.12,0.04 ,0.994374, 0.0033525,0.00227364,0.00562613
0.13,0.04 ,0.994348, 0.00335473,0.00229731,0.00565204
0.14,0.04 ,0.994321, 0.00335699,0.00232185,0.00567884
0.15,0.04 ,0.994293, 0.00335928,0.0023473,0.00570659
0.16,0.04 ,0.994265, 0.00336161,0.00237373,0.00573534
0.17,0.04 ,0.994235, 0.00336397,0.0024012,0.00576517
0.18,0.04 ,0.994204, 0.00336637,0.00242977,0.00579614
0.19,0.04 ,0.994172, 0.0033688,0.00245953,0.00582833
0.2,0.04 ,0.994138, 0.00337127,0.00249054,0.00586181
0.21,0.04 ,0.994103, 0.00337378,0.00252292,0.00589669
0.22,0.04 ,0.994067, 0.00337632,0.00255674,0.00593306
0.23,0.04 ,0.994029, 0.00337891,0.00259213,0.00597104
0.24,0.04 ,0.993989, 0.00338153,0.00262921,0.00601074
0.25,0.04 ,0.993948, 0.0033842,0.00266811,0.00605231
0.26,0.04 ,0.993904, 0.00338692,0.00270897,0.00609589
0.27,0.04 ,0.993858, 0.00338968,0.00275198,0.00614166
0.28,0.04 ,0.99381, 0.00339248,0.00279732,0.0061898
0.29,0.04 ,0.993759, 0.00339533,0.00284519,0.00624052
0.3,0.04 ,0.993706, 0.00339824,0.00289584,0.00629408
0.31,0.04 ,0.993649, 0.00340119,0.00294954,0.00635073
0.32,0.04 ,0.993589, 0.00340419,0.0030066,0.00641079
0.33,0.04 ,0.993525, 0.00340726,0.00306736,0.00647461
0.34,0.04 ,0.993457, 0.00341037,0.00313223,0.0065426
0.35,0.04 ,0.993385, 0.00341355,0.00320167,0.00661521
0.36,0.04 ,0.993307, 0.00341678,0.00327622,0.006693
0.37,0.04 ,0.993223, 0.00342008,0.00335651,0.00677659
0.38,0.04 ,0.993133, 0.00342344,0.00344327,0.00686671
0.39,0.04 ,0.993036, 0.00342687,0.00353739,0.00696426
0.4,0.04 ,0.99293, 0.00343037,0.00363988,0.00707025
0.41,0.04 ,0.992814, 0.00343393,0.003752,0.00718594
0.42,0.04 ,0.992687, 0.00343758,0.00387526,0.00731284
0.43,0.04 ,0.992547, 0.0034413,0.00401148,0.00745278
0.44,0.04 ,0.992392, 0.0034451,0.00416295,0.00760805
0.45,0.04 ,0.992219, 0.00344898,0.0043325,0.00778148
0.46,0.04 ,0.992023, 0.00345295,0.00452372,0.00797667
0.47,0.04 ,0.991802, 0.00345701,0.00474123,0.00819824
0.48,0.04 ,0.991548, 0.00346117,0.00499106,0.00845223
0.49,0.04 ,0.991253, 0.00346542,0.00528121,0.00874664
0.5,0.04 ,0.990908, 0.00346978,0.0056226,0.00909238
0.51,0.04 ,0.990495, 0.00347424,0.00603039,0.00950463
0.52,0.04 ,0.989995, 0.00347881,0.00652631,0.0100051
0.53,0.04 ,0.989374, 0.0034835,0.00714257,0.0106261
0.54,0.04 ,0.988583, 0.00348831,0.00792878,0.0114171
0.55,0.04 ,0.987542, 0.00349325,0.00896505,0.0124583
0.56,0.04 ,0.986114, 0.00349832,0.010388,0.0138863
0.57,0.04 ,0.984051, 0.00350353,0.012446,0.0159495
0.58,0.04 ,0.980871, 0.00350889,0.0156204,0.0191293
0.59,0.04 ,0.975605, 0.0035144,0.0208805,0.0243949
0.6,0.04 ,0.966467, 0.00352008,0.0300128,0.0335329
0.61,0.04 ,0.951401, 0.00352592,0.0450718,0.0485978
0.62,0.04 ,0.930488, 0.00353194,0.0659787,0.0695106
0.63,0.04 ,0.906188, 0.00353815,0.0902738,0.0938119
0.64,0.04 ,0.880659, 0.00354456,0.115797,0.119341
0.65,0.04 ,0.85501, 0.00355118,0.141438,0.14499
0.66,0.04 ,0.829751, 0.00355801,0.166691,0.170249
0.67,0.04 ,0.805112, 0.00356508,0.191323,0.194888
0.68,0.04 ,0.781197, 0.0035724,0.21523,0.218803
0.69,0.04 ,0.758047, 0.00357998,0.238373,0.241953
0.7,0.04 ,0.735668, 0.00358783,0.260744,0.264332
0.71,0.04 ,0.714055, 0.00359597,0.282349,0.285945
0.72,0.04 ,0.693188, 0.00360441,0.303208,0.306812
0.73,0.04 ,0.673046, 0.00361318,0.323341,0.326954
0.74,0.04 ,0.653605, 0.00362229,0.342773,0.346395
0.75,0.04 ,0.634838, 0.00363175,0.361531,0.365162
0.76,0.04 ,0.616719, 0.00364159,0.379639,0.383281
0.77,0.04 ,0.599224, 0.00365183,0.397124,0.400776
0.78,0.04 ,0.582327, 0.00366249,0.41401,0.417673
0.79,0.04 ,0.566005, 0.00367359,0.430321,0.433995
0.8,0.04 ,0.550233, 0.00368514,0.446081,0.449767
0.81,0.04 ,0.53499, 0.00369718,0.461312,0.46501
0.82,0.04 ,0.520255, 0.00370971,0.476036,0.479745
0.83,0.04 ,0.506006, 0.00372277,0.490272,0.493994
0.84,0.04 ,0.492224, 0.00373637,0.50404,0.507776
0.85,0.04 ,0.478891, 0.00375054,0.517359,0.521109
0.86,0.04 ,0.465989, 0.00376529,0.530246,0.534011
0.87,0.04 ,0.4535, 0.00378066,0.542719,0.5465
0.88,0.04 ,0.441409, 0.00379665,0.554794,0.558591
0.89,0.04 ,0.429701, 0.00381329,0.566486,0.570299
0.9,0.04 ,0.41836, 0.00383059,0.57781,0.58164
0.91,0.04 ,0.407372, 0.00384859,0.588779,0.592628
0.92,0.04 ,0.396725, 0.00386728,0.599408,0.603275
0.93,0.04 ,0.386405, 0.00388671,0.609709,0.613595
0.94,0.04 ,0.376399, 0.00390687,0.619694,0.623601
0.95,0.04 ,0.366698, 0.00392779,0.629374,0.633302
0.96,0.04 ,0.357288, 0.00394947,0.638762,0.642712
0.97,0.04 ,0.348161, 0.00397195,0.647867,0.651839
0.98,0.04 ,0.339305, 0.00399522,0.6567,0.660695
0.99,0.04 ,0.33071, 0.00401931,0.66527,0.66929
1,0.04 ,0.322368, 0.00404422,0.673588,0.677632
0,0.05 ,0.994617, 0.0033292,0.00205333,0.00538253
0.01,0.05 ,0.994599, 0.00333111,0.00206961,0.00540072
0.02,0.05 ,0.994581, 0.00333304,0.00208635,0.00541939
0.03,0.05 ,0.994561, 0.00333499,0.00210357,0.00543856
0.04,0.05 ,0.994542, 0.00333697,0.00212129,0.00545827
0.05,0.05 ,0.994521, 0.00333898,0.00213955,0.00547853
0.06,0.05 ,0.994501, 0.00334101,0.00215837,0.00549938
0.07,0.05 ,0.994479, 0.00334306,0.00217778,0.00552084
0.08,0.05 ,0.994457, 0.00334515,0.0021978,0.00554295
0.09,0.05 ,0.994434, 0.00334726,0.00221848,0.00556574
0.1,0.05 ,0.994411, 0.0033494,0.00223984,0.00558924
0.11,0.05 ,0.994386, 0.00335157,0.00226193,0.0056135
0.12,0.05 ,0.994361, 0.00335377,0.00228479,0.00563856
0.13,0.05 ,0.994336, 0.003356,0.00230847,0.00566447
0.14,0.05 ,0.994309, 0.00335826,0.00233301,0.00569127
0.15,0.05 ,0.994281, 0.00336055,0.00235846,0.00571901
0.16,0.05 ,0.994252, 0.00336288,0.00238489,0.00574777
0.17,0.05 ,0.994222, 0.00336524,0.00241236,0.0057776
0.18,0.05 ,0.994191, 0.00336764,0.00244093,0.00580856
0.19,0.05 ,0.994159, 0.00337007,0.00247068,0.00584075
0.2,0.05 ,0.994126, 0.00337254,0.0025017,0.00587424
0.21,0.05 ,0.994091, 0.00337504,0.00253407,0.00590911
0.22,0.05 ,0.994055, 0.00337759,0.00256789,0.00594548
0.23,0.05 ,0.994017, 0.00338018,0.00260328,0.00598346
0.24,0.05 ,0.993977, 0.0033828,0.00264036,0.00602316
0.25,0.05 ,0.993935, 0.00338547,0.00267925,0.00606473
0.26,0.05 ,0.993892, 0.00338819,0.00272012,0.00610831
0.27,0.05 ,0.993846, 0.00339094,0.00276313,0.00615407
0.28,0.05 ,0.993798, 0.00339375,0.00280846,0.00620221
0.29,0.05 ,0.993747, 0.0033966,0.00285633,0.00625294
0.3,0.05 ,0.993694, 0.0033995,0.00290699,0.00630649
0.31,0.05 ,0.993637, 0.00340246,0.00296068,0.00636314
0.32,0.05 ,0.993577, 0.00340546,0.00301773,0.0064232
0.33,0.05 ,0.993513, 0.00340852,0.00307849,0.00648702
0.34,0.05 ,0.993445, 0.00341164,0.00314336,0.006555
0.35,0.05 ,0.993372, 0.00341481,0.0032128,0.00662761
0.36,0.05 ,0.993295, 0.00341805,0.00328734,0.00670539
0.37,0.05 ,0.993211, 0.00342135,0.00336763,0.00678898
0.38,0.05 ,0.993121, 0.00342471,0.00345439,0.0068791
0.39,0.05 ,0.993023, 0.00342814,0.0035485,0.00697664
0.4,0.05 ,0.992917, 0.00343163,0.00365099,0.00708262
0.41,0.05 ,0.992802, 0.0034352,0.00376311,0.00719831
0.42,0.05 ,0.992675, 0.00343884,0.00388635,0.0073252
0.43,0.05 ,0.992535, 0.00344256,0.00402257,0.00746513
0.44,0.05 ,0.99238, 0.00344637,0.00417402,0.00762039
0.45,0.05 ,0.992206, 0.00345025,0.00434356,0.00779381
0.46,0.05 ,0.992011, 0.00345422,0.00453476,0.00798898
0.47,0.05 ,0.991789, 0.00345828,0.00475226,0.00821054
0.48,0.05 ,0.991536, 0.00346244,0.00500206,0.00846449
0.49,0.05 ,0.991241, 0.00346669,0.00529219,0.00875888
0.5,0.05 ,0.990895, 0.00347104,0.00563354,0.00910458
0.51,0.05 ,0.990483, 0.0034755,0.00604127,0.00951677
0.52,0.05 ,0.989983, 0.00348008,0.00653712,0.0100172
0.53,0.05 ,0.989362, 0.00348477,0.00715328,0.010638
0.54,0.05 ,0.988571, 0.00348958,0.00793935,0.0114289
0.55,0.05 ,0.98753, 0.00349451,0.0089754,0.0124699
0.56,0.05 ,0.986102, 0.00349959,0.010398,0.0138976
0.57,0.05 ,0.98404, 0.0035048,0.0124554,0.0159601
0.58,0.05 ,0.980861, 0.00351015,0.0156287,0.0191388
0.59,0.05 ,0.975598, 0.00351566,0.0208866,0.0244023
0.6,0.05 ,0.966463, 0.00352134,0.030015,0.0335364
0.61,0.05 ,0.951403, 0.00352718,0.0450688,0.048596
0.62,0.05 ,0.930494, 0.0035332,0.0659715,0.0695047
0.63,0.05 ,0.906196, 0.00353941,0.0902642,0.0938036
0.64,0.05 ,0.880668, 0.00354582,0.115786,0.119332
0.65,0.05 ,0.85502, 0.00355244,0.141427,0.14498
0.66,0.05 ,0.829761, 0.00355927,0.16668,0.170239
0.67,0.05 ,0.805123, 0.00356634,0.191311,0.194877
0.68,0.05 ,0.781208, 0.00357366,0.215219,0.218792
0.69,0.05 ,0.758057, 0.00358124,0.238362,0.241943
0.7,0.05 ,0.735678, 0.00358908,0.260732,0.264322
0.71,0.05 ,0.714065, 0.00359722,0.282338,0.285935
0.72,0.05 ,0.693198, 0.00360567,0.303197,0.306802
0.73,0.05 ,0.673056, 0.00361443,0.32333,0.326944
0.74,0.05 ,0.653614, 0.00362354,0.342762,0.346386
0.75,0.05 ,0.634847, 0.003633,0.36152,0.365153
0.76,0.05 ,0.616728, 0.00364285,0.379629,0.383272
0.77,0.05 ,0.599233, 0.00365309,0.397114,0.400767
0.78,0.05 ,0.582336, 0.00366374,0.414,0.417664
0.79,0.05 ,0.566014, 0.00367484,0.430312,0.433986
0.8,0.05 ,0.550242, 0.00368639,0.446072,0.449758
0.81,0.05 ,0.534999, 0.00369842,0.461303,0.465001
0.82,0.05 ,0.520263, 0.00371096,0.476026,0.479737
0.83,0.05 ,0.506014, 0.00372401,0.490262,0.493986
0.84,0.05 ,0.492232, 0.00373761,0.50403,0.507768
0.85,0.05 ,0.478899, 0.00375178,0.517349,0.521101
0.86,0.05 ,0.465996, 0.00376653,0.530237,0.534004
0.87,0.05 ,0.453508, 0.00378189,0.54271,0.546492
0.88,0.05 ,0.441417, 0.00379788,0.554785,0.558583
0.89,0.05 ,0.429708, 0.00381452,0.566477,0.570292
0.9,0.05 ,0.418367, 0.00383182,0.577801,0.581633
0.91,0.05 ,0.407379, 0.00384982,0.588771,0.592621
0.92,0.05 ,0.396732, 0.00386851,0.5994,0.603268
0.93,0.05 ,0.386411, 0.00388793,0.609701,0.613589
0.94,0.05 ,0.376406, 0.00390809,0.619686,0.623594
0.95,0.05 ,0.366705, 0.00392901,0.629366,0.633295
0.96,0.05 ,0.357295, 0.00395069,0.638754,0.642705
0.97,0.05 ,0.348167, 0.00397316,0.64786,0.651833
0.98,0.05 ,0.339311, 0.00399644,0.656693,0.660689
0.99,0.05 ,0.330716, 0.00402052,0.665263,0.669284
1,0.05 ,0.322374, 0.00404543,0.67358,0.677626
0,0.06 ,0.994605, 0.00333049,0.00206476,0.00539525
0.01,0.06 ,0.994587, 0.0033324,0.00208104,0.00541344
0.02,0.06 ,0.994568, 0.00333433,0.00209778,0.0054321
0.03,0.06 ,0.994549, 0.00333628,0.002115,0.00545128
0.04,0.06 ,0.994529, 0.00333826,0.00213273,0.00547099
0.05,0.06 ,0.994509, 0.00334026,0.00215098,0.00549125
0.06,0.06 ,0.994488, 0.00334229,0.0021698,0.0055121
0.07,0.06 ,0.994466, 0.00334435,0.00218921,0.00553356
0.08,0.06 ,0.994444, 0.00334643,0.00220923,0.00555567
0.09,0.06 ,0.994422, 0.00334855,0.00222991,0.00557845
0.1,0.06 ,0.994398, 0.00335069,0.00225127,0.00560196
0.11,0.06 ,0.994374, 0.00335285,0.00227336,0.00562622
0.12,0.06 ,0.994349, 0.00335505,0.00229622,0.00565128
0.13,0.06 ,0.994323, 0.00335728,0.0023199,0.00567718
0.14,0.06 ,0.994296, 0.00335955,0.00234443,0.00570398
0.15,0.06 ,0.994268, 0.00336184,0.00236989,0.00573173
0.16,0.06 ,0.99424, 0.00336417,0.00239632,0.00576048
0.17,0.06 ,0.99421, 0.00336653,0.00242378,0.00579031
0.18,0.06 ,0.994179, 0.00336892,0.00245235,0.00582127
0.19,0.06 ,0.994147, 0.00337135,0.0024821,0.00585346
0.2,0.06 ,0.994113, 0.00337382,0.00251312,0.00588694
0.21,0.06 ,0.994078, 0.00337633,0.00254549,0.00592182
0.22,0.06 ,0.994042, 0.00337887,0.00257932,0.00595819
0.23,0.06 ,0.994004, 0.00338146,0.0026147,0.00599616
0.24,0.06 ,0.993964, 0.00338409,0.00265178,0.00603586
0.25,0.06 ,0.993923, 0.00338676,0.00269067,0.00607743
0.26,0.06 ,0.993879, 0.00338947,0.00273154,0.00612101
0.27,0.06 ,0.993833, 0.00339223,0.00277454,0.00616677
0.28,0.06 ,0.993785, 0.00339503,0.00281988,0.00621491
0.29,0.06 ,0.993734, 0.00339789,0.00286775,0.00626563
0.3,0.06 ,0.993681, 0.00340079,0.0029184,0.00631918
0.31,0.06 ,0.993624, 0.00340374,0.00297209,0.00637583
0.32,0.06 ,0.993564, 0.00340675,0.00302914,0.00643589
0.33,0.06 ,0.9935, 0.00340981,0.0030899,0.0064997
0.34,0.06 ,0.993432, 0.00341292,0.00315476,0.00656768
0.35,0.06 ,0.99336, 0.0034161,0.00322419,0.00664029
0.36,0.06 ,0.993282, 0.00341933,0.00329874,0.00671807
0.37,0.06 ,0.993198, 0.00342263,0.00337902,0.00680165
0.38,0.06 ,0.993108, 0.00342599,0.00346578,0.00689177
0.39,0.06 ,0.993011, 0.00342942,0.00355988,0.0069893
0.4,0.06 ,0.992905, 0.00343291,0.00366237,0.00709528
0.41,0.06 ,0.992789, 0.00343648,0.00377448,0.00721096
0.42,0.06 ,0.992662, 0.00344013,0.00389771,0.00733784
0.43,0.06 ,0.992522, 0.00344385,0.00403392,0.00747777
0.44,0.06 ,0.992367, 0.00344765,0.00418537,0.00763301
0.45,0.06 ,0.992194, 0.00345153,0.00435489,0.00780642
0.46,0.06 ,0.991998, 0.0034555,0.00454608,0.00800158
0.47,0.06 ,0.991777, 0.00345956,0.00476355,0.00822311
0.48,0.06 ,0.991523, 0.00346372,0.00501333,0.00847705
0.49,0.06 ,0.991229, 0.00346797,0.00530343,0.0087714
0.5,0.06 ,0.990883, 0.00347232,0.00564474,0.00911706
0.51,0.06 ,0.990471, 0.00347678,0.00605242,0.0095292
0.52,0.06 ,0.98997, 0.00348136,0.0065482,0.0100296
0.53,0.06 ,0.98935, 0.00348605,0.00716426,0.0106503
0.54,0.06 ,0.988559, 0.00349086,0.00795018,0.011441
0.55,0.06 ,0.987518, 0.00349579,0.00898601,0.0124818
0.56,0.06 ,0.986091, 0.00350086,0.0104083,0.0139091
0.57,0.06 ,0.984029, 0.00350607,0.012465,0.0159711
0.58,0.06 ,0.980851, 0.00351143,0.0156372,0.0191486
0.59,0.06 ,0.97559, 0.00351694,0.0208929,0.0244099
0.6,0.06 ,0.966459, 0.00352261,0.0300173,0.03354
0.61,0.06 ,0.951404, 0.00352846,0.0450658,0.0485943
0.62,0.06 ,0.9305, 0.00353448,0.0659641,0.0694986
0.63,0.06 ,0.906204, 0.00354069,0.0902545,0.0937952
0.64,0.06 ,0.880678, 0.00354709,0.115775,0.119322
0.65,0.06 ,0.85503, 0.00355371,0.141416,0.14497
0.66,0.06 ,0.829771, 0.00356055,0.166668,0.170229
0.67,0.06 ,0.805133, 0.00356762,0.191299,0.194867
0.68,0.06 ,0.781218, 0.00357493,0.215207,0.218782
0.69,0.06 ,0.758067, 0.00358251,0.238351,0.241933
0.7,0.06 ,0.735689, 0.00359036,0.260721,0.264311
0.71,0.06 ,0.714075, 0.00359849,0.282327,0.285925
0.72,0.06 ,0.693208, 0.00360694,0.303185,0.306792
0.73,0.06 ,0.673066, 0.0036157,0.323319,0.326934
0.74,0.06 ,0.653624, 0.00362481,0.342752,0.346376
0.75,0.06 ,0.634856, 0.00363427,0.361509,0.365144
0.76,0.06 ,0.616738, 0.00364411,0.379618,0.383262
0.77,0.06 ,0.599242, 0.00365435,0.397103,0.400758
0.78,0.06 ,0.582345, 0.00366501,0.41399,0.417655
0.79,0.06 ,0.566023, 0.0036761,0.430301,0.433977
0.8,0.06 ,0.550251, 0.00368765,0.446062,0.449749
0.81,0.06 ,0.535007, 0.00369968,0.461293,0.464993
0.82,0.06 ,0.520271, 0.00371222,0.476016,0.479729
0.83,0.06 ,0.506022, 0.00372527,0.490253,0.493978
0.84,0.06 ,0.49224, 0.00373887,0.504021,0.50776
0.85,0.06 ,0.478907, 0.00375304,0.51734,0.521093
0.86,0.06 ,0.466004, 0.00376779,0.530228,0.533996
0.87,0.06 ,0.453516, 0.00378315,0.542701,0.546484
0.88,0.06 ,0.441424, 0.00379913,0.554776,0.558576
0.89,0.06 ,0.429716, 0.00381577,0.566469,0.570284
0.9,0.06 ,0.418374, 0.00383307,0.577793,0.581626
0.91,0.06 ,0.407387, 0.00385106,0.588762,0.592613
0.92,0.06 ,0.396739, 0.00386975,0.599391,0.603261
0.93,0.06 ,0.386419, 0.00388917,0.609692,0.613581
0.94,0.06 ,0.376413, 0.00390933,0.619677,0.623587
0.95,0.06 ,0.366711, 0.00393024,0.629358,0.633289
0.96,0.06 ,0.357302, 0.00395192,0.638746,0.642698
0.97,0.06 ,0.348174, 0.00397439,0.647852,0.651826
0.98,0.06 ,0.339318, 0.00399766,0.656685,0.660682
0.99,0.06 ,0.330723, 0.00402174,0.665255,0.669277
1,0.06 ,0.322381, 0.00404665,0.673573,0.677619
0,0.07 ,0.994592, 0.00333179,0.00207648,0.00540827
0.01,0.07 ,0.994574, 0.0033337,0.00209275,0.00542645
0.02,0.07 ,0.994555, 0.00333563,0.00210949,0.00544512
0.03,0.07 ,0.994536, 0.00333758,0.00212671,0.00546429
0.04,0.07 ,0.994516, 0.00333956,0.00214444,0.005484
0.05,0.07 ,0.994496, 0.00334157,0.0021627,0.00550426
0.06,0.07 ,0.994475, 0.0033436,0.00218151,0.00552511
0.07,0.07 ,0.994453, 0.00334565,0.00220092,0.00554657
0.08,0.07 ,0.994431, 0.00334774,0.00222094,0.00556868
0.09,0.07 ,0.994409, 0.00334985,0.00224162,0.00559147
0.1,0.07 ,0.994385, 0.00335199,0.00226298,0.00561497
0.11,0.07 ,0.994361, 0.00335416,0.00228507,0.00563923
0.12,0.07 ,0.994336, 0.00335636,0.00230793,0.00566429
0.13,0.07 ,0.99431, 0.00335858,0.00233161,0.00569019
0.14,0.07 ,0.994283, 0.00336085,0.00235614,0.00571699
0.15,0.07 ,0.994255, 0.00336314,0.0023816,0.00574473
0.16,0.07 ,0.994227, 0.00336547,0.00240802,0.00577349
0.17,0.07 ,0.994197, 0.00336783,0.00243549,0.00580331
0.18,0.07 ,0.994166, 0.00337022,0.00246406,0.00583428
0.19,0.07 ,0.994134, 0.00337265,0.00249381,0.00586646
0.2,0.07 ,0.9941, 0.00337512,0.00252482,0.00589995
0.21,0.07 ,0.994065, 0.00337763,0.00255719,0.00593482
0.22,0.07 ,0.994029, 0.00338017,0.00259102,0.00597119
0.23,0.07 ,0.993991, 0.00338276,0.00262641,0.00600917
0.24,0.07 ,0.993951, 0.00338539,0.00266348,0.00604886
0.25,0.07 ,0.99391, 0.00338806,0.00270237,0.00609043
0.26,0.07 ,0.993866, 0.00339077,0.00274324,0.00613401
0.27,0.07 ,0.99382, 0.00339353,0.00278624,0.00617977
0.28,0.07 ,0.993772, 0.00339633,0.00283157,0.0062279
0.29,0.07 ,0.993721, 0.00339918,0.00287944,0.00627863
0.3,0.07 ,0.993668, 0.00340209,0.00293009,0.00633217
0.31,0.07 ,0.993611, 0.00340504,0.00298378,0.00638882
0.32,0.07 ,0.993551, 0.00340805,0.00304083,0.00644887
0.33,0.07 ,0.993487, 0.00341111,0.00310158,0.00651269
0.34,0.07 ,0.993419, 0.00341422,0.00316644,0.00658066
0.35,0.07 ,0.993347, 0.0034174,0.00323587,0.00665327
0.36,0.07 ,0.993269, 0.00342063,0.00331042,0.00673105
0.37,0.07 ,0.993185, 0.00342393,0.00339069,0.00681462
0.38,0.07 ,0.993095, 0.00342729,0.00347745,0.00690474
0.39,0.07 ,0.992998, 0.00343072,0.00357155,0.00700226
0.4,0.07 ,0.992892, 0.00343421,0.00367402,0.00710824
0.41,0.07 ,0.992776, 0.00343778,0.00378613,0.00722391
0.42,0.07 ,0.992649, 0.00344142,0.00390936,0.00735078
0.43,0.07 ,0.992509, 0.00344514,0.00404555,0.0074907
0.44,0.07 ,0.992354, 0.00344894,0.00419699,0.00764593
0.45,0.07 ,0.992181, 0.00345283,0.0043665,0.00781933
0.46,0.07 ,0.991986, 0.0034568,0.00455767,0.00801447
0.47,0.07 ,0.991764, 0.00346086,0.00477512,0.00823598
0.48,0.07 ,0.99151, 0.00346501,0.00502488,0.00848989
0.49,0.07 ,0.991216, 0.00346927,0.00531494,0.00878421
0.5,0.07 ,0.99087, 0.00347362,0.00565621,0.00912983
0.51,0.07 ,0.990458, 0.00347808,0.00606384,0.00954192
0.52,0.07 ,0.989958, 0.00348265,0.00655955,0.0100422
0.53,0.07 ,0.989337, 0.00348734,0.0071755,0.0106628
