Betamv, Betapv,V,Rs,Rv,P
0,0 ,0.990322, 0.00767813,0.002,0.00967813
0.01,0 ,0.990303, 0.00767906,0.00201787,0.00969694
0.02,0 ,0.990284, 0.00768001,0.00203629,0.0097163
0.03,0 ,0.990264, 0.00768096,0.00205529,0.00973625
0.04,0 ,0.990243, 0.00768191,0.0020749,0.00975681
0.05,0 ,0.990222, 0.00768288,0.00209514,0.00977802
0.06,0 ,0.9902, 0.00768385,0.00211605,0.00979991
0.07,0 ,0.990177, 0.00768483,0.00213768,0.00982251
0.08,0 ,0.990154, 0.00768582,0.00216005,0.00984587
0.09,0 ,0.99013, 0.00768682,0.00218321,0.00987002
0.1,0 ,0.990105, 0.00768782,0.0022072,0.00989502
0.11,0 ,0.990079, 0.00768884,0.00223208,0.00992092
0.12,0 ,0.990052, 0.00768986,0.0022579,0.00994775
0.13,0 ,0.990024, 0.00769089,0.00228471,0.0099756
0.14,0 ,0.989995, 0.00769193,0.00231258,0.0100045
0.15,0 ,0.989965, 0.00769298,0.00234157,0.0100345
0.16,0 ,0.989934, 0.00769403,0.00237176,0.0100658
0.17,0 ,0.989902, 0.0076951,0.00240324,0.0100983
0.18,0 ,0.989868, 0.00769617,0.00243608,0.0101322
0.19,0 ,0.989832, 0.00769726,0.00247038,0.0101676
0.2,0 ,0.989795, 0.00769835,0.00250625,0.0102046
0.21,0 ,0.989757, 0.00769946,0.00254381,0.0102433
0.22,0 ,0.989716, 0.00770057,0.00258318,0.0102838
0.23,0 ,0.989674, 0.00770169,0.00262451,0.0103262
0.24,0 ,0.989629, 0.00770283,0.00266795,0.0103708
0.25,0 ,0.989582, 0.00770397,0.00271367,0.0104176
0.26,0 ,0.989533, 0.00770512,0.00276188,0.010467
0.27,0 ,0.989481, 0.00770629,0.00281278,0.0105191
0.28,0 ,0.989426, 0.00770746,0.00286661,0.0105741
0.29,0 ,0.989368, 0.00770865,0.00292366,0.0106323
0.3,0 ,0.989306, 0.00770985,0.00298423,0.0106941
0.31,0 ,0.98924, 0.00771106,0.00304867,0.0107597
0.32,0 ,0.98917, 0.00771228,0.00311737,0.0108296
0.33,0 ,0.989096, 0.00771351,0.00319078,0.0109043
0.34,0 ,0.989016, 0.00771475,0.00326944,0.0109842
0.35,0 ,0.98893, 0.00771601,0.00335393,0.0110699
0.36,0 ,0.988838, 0.00771728,0.00344494,0.0111622
0.37,0 ,0.988738, 0.00771856,0.0035433,0.0112619
0.38,0 ,0.98863, 0.00771985,0.00364995,0.0113698
0.39,0 ,0.988513, 0.00772116,0.003766,0.0114872
0.4,0 ,0.988385, 0.00772248,0.00389278,0.0116153
0.41,0 ,0.988244, 0.00772381,0.0040319,0.0117557
0.42,0 ,0.98809, 0.00772516,0.00418526,0.0119104
0.43,0 ,0.987918, 0.00772652,0.00435523,0.0120817
0.44,0 ,0.987727, 0.00772789,0.00454467,0.0122726
0.45,0 ,0.987514, 0.00772928,0.00475719,0.0124865
0.46,0 ,0.987272, 0.00773069,0.00499731,0.012728
0.47,0 ,0.986997, 0.00773211,0.00527083,0.0130029
0.48,0 ,0.986681, 0.00773354,0.00558524,0.0133188
0.49,0 ,0.986315, 0.00773499,0.00595047,0.0136855
0.5,0 ,0.985884, 0.00773646,0.00637987,0.0141163
0.51,0 ,0.98537, 0.00773794,0.00689183,0.0146298
0.52,0 ,0.984748, 0.00773944,0.00751238,0.0152518
0.53,0 ,0.98398, 0.00774095,0.00827937,0.0160203
0.54,0 ,0.983008, 0.00774248,0.00924993,0.0169924
0.55,0 ,0.981742, 0.00774403,0.0105136,0.0182577
0.56,0 ,0.980037, 0.0077456,0.0122175,0.0199631
0.57,0 ,0.977638, 0.00774719,0.0146148,0.022362
0.58,0 ,0.97409, 0.00774879,0.0181613,0.0259101
0.59,0 ,0.968562, 0.00775041,0.0236872,0.0314376
0.6,0 ,0.959679, 0.00775206,0.0325685,0.0403206
0.61,0 ,0.945886, 0.00775372,0.04636,0.0541137
0.62,0 ,0.926896, 0.0077554,0.0653484,0.0731038
0.63,0 ,0.904274, 0.0077571,0.0879683,0.0957254
0.64,0 ,0.879915, 0.00775883,0.112326,0.120085
0.65,0 ,0.855044, 0.00776057,0.137196,0.144956
0.66,0 ,0.830305, 0.00776234,0.161932,0.169695
0.67,0 ,0.806024, 0.00776413,0.186212,0.193976
0.68,0 ,0.782359, 0.00776594,0.209875,0.217641
0.69,0 ,0.759385, 0.00776777,0.232847,0.240615
0.7,0 ,0.737133, 0.00776963,0.255098,0.262867
0.71,0 ,0.715608, 0.00777151,0.276621,0.284392
0.72,0 ,0.694802, 0.00777342,0.297424,0.305198
0.73,0 ,0.674701, 0.00777535,0.317524,0.325299
0.74,0 ,0.655284, 0.00777731,0.336939,0.344716
0.75,0 ,0.636529, 0.00777929,0.355692,0.363471
0.76,0 ,0.618413, 0.0077813,0.373806,0.381587
0.77,0 ,0.600911, 0.00778334,0.391305,0.399089
0.78,0 ,0.584002, 0.00778541,0.408213,0.415998
0.79,0 ,0.567661, 0.0077875,0.424551,0.432339
0.8,0 ,0.551867, 0.00778963,0.440344,0.448133
0.81,0 ,0.536597, 0.00779178,0.455611,0.463403
0.82,0 ,0.521831, 0.00779397,0.470375,0.478169
0.83,0 ,0.507549, 0.00779618,0.484654,0.492451
0.84,0 ,0.493732, 0.00779843,0.498469,0.506268
0.85,0 ,0.480362, 0.00780071,0.511838,0.519638
0.86,0 ,0.46742, 0.00780303,0.524777,0.53258
0.87,0 ,0.45489, 0.00780538,0.537304,0.54511
0.88,0 ,0.442757, 0.00780776,0.549435,0.557243
0.89,0 ,0.431004, 0.00781018,0.561185,0.568996
0.9,0 ,0.419618, 0.00781264,0.572569,0.580382
0.91,0 ,0.408584, 0.00781513,0.583601,0.591416
0.92,0 ,0.397889, 0.00781766,0.594293,0.602111
0.93,0 ,0.387521, 0.00782023,0.604659,0.612479
0.94,0 ,0.377467, 0.00782284,0.61471,0.622533
0.95,0 ,0.367715, 0.0078255,0.624459,0.632285
0.96,0 ,0.358255, 0.00782819,0.633917,0.641745
0.97,0 ,0.349076, 0.00783092,0.643093,0.650924
0.98,0 ,0.340168, 0.0078337,0.651998,0.659832
0.99,0 ,0.331521, 0.00783652,0.660642,0.668479
1,0 ,0.323126, 0.00783939,0.669035,0.676874
0,0.01 ,0.990254, 0.00769194,0.00205364,0.00974558
0.01,0.01 ,0.990236, 0.00769287,0.00207151,0.00976439
0.02,0.01 ,0.990216, 0.00769382,0.00208993,0.00978375
0.03,0.01 ,0.990196, 0.00769477,0.00210893,0.0098037
0.04,0.01 ,0.990176, 0.00769572,0.00212853,0.00982426
0.05,0.01 ,0.990155, 0.00769669,0.00214877,0.00984546
0.06,0.01 ,0.990133, 0.00769766,0.00216969,0.00986735
0.07,0.01 ,0.99011, 0.00769864,0.00219131,0.00988995
0.08,0.01 ,0.990087, 0.00769963,0.00221367,0.0099133
0.09,0.01 ,0.990063, 0.00770063,0.00223683,0.00993746
0.1,0.01 ,0.990038, 0.00770163,0.00226082,0.00996246
0.11,0.01 ,0.990012, 0.00770265,0.0022857,0.00998835
0.12,0.01 ,0.989985, 0.00770367,0.00231151,0.0100152
0.13,0.01 ,0.989957, 0.0077047,0.00233832,0.010043
0.14,0.01 ,0.989928, 0.00770574,0.00236619,0.0100719
0.15,0.01 ,0.989898, 0.00770678,0.00239518,0.010102
0.16,0.01 ,0.989867, 0.00770784,0.00242537,0.0101332
0.17,0.01 ,0.989834, 0.0077089,0.00245684,0.0101657
0.18,0.01 ,0.9898, 0.00770998,0.00248968,0.0101997
0.19,0.01 ,0.989765, 0.00771106,0.00252398,0.010235
0.2,0.01 ,0.989728, 0.00771216,0.00255985,0.010272
0.21,0.01 ,0.989689, 0.00771326,0.0025974,0.0103107
0.22,0.01 ,0.989649, 0.00771437,0.00263677,0.0103511
0.23,0.01 ,0.989606, 0.00771549,0.00267809,0.0103936
0.24,0.01 ,0.989562, 0.00771663,0.00272152,0.0104382
0.25,0.01 ,0.989515, 0.00771777,0.00276724,0.010485
0.26,0.01 ,0.989466, 0.00771892,0.00281544,0.0105344
0.27,0.01 ,0.989414, 0.00772009,0.00286633,0.0105864
0.28,0.01 ,0.989359, 0.00772126,0.00292016,0.0106414
0.29,0.01 ,0.9893, 0.00772245,0.0029772,0.0106996
0.3,0.01 ,0.989239, 0.00772365,0.00303776,0.0107614
0.31,0.01 ,0.989173, 0.00772485,0.00310218,0.010827
0.32,0.01 ,0.989103, 0.00772607,0.00317087,0.0108969
0.33,0.01 ,0.989028, 0.00772731,0.00324427,0.0109716
0.34,0.01 ,0.988949, 0.00772855,0.00332291,0.0110515
0.35,0.01 ,0.988863, 0.00772981,0.00340738,0.0111372
0.36,0.01 ,0.988771, 0.00773107,0.00349838,0.0112295
0.37,0.01 ,0.988671, 0.00773235,0.00359672,0.0113291
0.38,0.01 ,0.988563, 0.00773365,0.00370334,0.011437
0.39,0.01 ,0.988446, 0.00773495,0.00381936,0.0115543
0.4,0.01 ,0.988318, 0.00773627,0.00394611,0.0116824
0.41,0.01 ,0.988177, 0.00773761,0.00408518,0.0118228
0.42,0.01 ,0.988023, 0.00773895,0.0042385,0.0119775
0.43,0.01 ,0.987851, 0.00774031,0.00440841,0.0121487
0.44,0.01 ,0.987661, 0.00774169,0.00459778,0.0123395
0.45,0.01 ,0.987447, 0.00774308,0.00481022,0.0125533
0.46,0.01 ,0.987205, 0.00774448,0.00505025,0.0127947
0.47,0.01 ,0.98693, 0.0077459,0.00532364,0.0130695
0.48,0.01 ,0.986615, 0.00774733,0.00563789,0.0133852
0.49,0.01 ,0.986248, 0.00774878,0.00600293,0.0137517
0.5,0.01 ,0.985818, 0.00775025,0.00643207,0.0141823
0.51,0.01 ,0.985305, 0.00775173,0.00694371,0.0146954
0.52,0.01 ,0.984683, 0.00775323,0.0075638,0.015317
0.53,0.01 ,0.983915, 0.00775474,0.00833016,0.0160849
0.54,0.01 ,0.982944, 0.00775627,0.00929981,0.0170561
0.55,0.01 ,0.98168, 0.00775782,0.0105622,0.01832
0.56,0.01 ,0.979977, 0.00775939,0.0122639,0.0200233
0.57,0.01 ,0.977581, 0.00776097,0.0146578,0.0224187
0.58,0.01 ,0.974039, 0.00776258,0.0181983,0.0259609
0.59,0.01 ,0.968522, 0.0077642,0.0237135,0.0314777
0.6,0.01 ,0.959657, 0.00776584,0.032577,0.0403429
0.61,0.01 ,0.945887, 0.0077675,0.0463446,0.0541121
0.62,0.01 ,0.92692, 0.00776918,0.0653108,0.07308
0.63,0.01 ,0.904313, 0.00777089,0.0879162,0.0956871
0.64,0.01 ,0.879961, 0.00777261,0.112266,0.120039
0.65,0.01 ,0.855094, 0.00777435,0.137132,0.144906
0.66,0.01 ,0.830358, 0.00777612,0.161866,0.169642
0.67,0.01 ,0.806078, 0.00777791,0.186144,0.193922
0.68,0.01 ,0.782413, 0.00777972,0.209807,0.217587
0.69,0.01 ,0.759439, 0.00778155,0.23278,0.240561
0.7,0.01 ,0.737186, 0.00778341,0.255031,0.262814
0.71,0.01 ,0.71566, 0.00778529,0.276554,0.28434
0.72,0.01 ,0.694854, 0.00778719,0.297358,0.305146
0.73,0.01 ,0.674753, 0.00778912,0.317458,0.325247
0.74,0.01 ,0.655335, 0.00779108,0.336874,0.344665
0.75,0.01 ,0.636579, 0.00779306,0.355628,0.363421
0.76,0.01 ,0.618462, 0.00779507,0.373743,0.381538
0.77,0.01 ,0.60096, 0.00779711,0.391243,0.39904
0.78,0.01 ,0.58405, 0.00779918,0.408151,0.41595
0.79,0.01 ,0.567709, 0.00780127,0.42449,0.432291
0.8,0.01 ,0.551913, 0.0078034,0.440283,0.448087
0.81,0.01 ,0.536643, 0.00780555,0.455551,0.463357
0.82,0.01 ,0.521876, 0.00780773,0.470316,0.478124
0.83,0.01 ,0.507594, 0.00780995,0.484596,0.492406
0.84,0.01 ,0.493776, 0.0078122,0.498412,0.506224
0.85,0.01 ,0.480405, 0.00781448,0.511781,0.519595
0.86,0.01 ,0.467462, 0.00781679,0.524721,0.532538
0.87,0.01 ,0.454932, 0.00781914,0.537249,0.545068
0.88,0.01 ,0.442798, 0.00782152,0.54938,0.557202
0.89,0.01 ,0.431045, 0.00782394,0.561131,0.568955
0.9,0.01 ,0.419658, 0.0078264,0.572516,0.580342
0.91,0.01 ,0.408623, 0.00782889,0.583548,0.591377
0.92,0.01 ,0.397928, 0.00783142,0.594241,0.602072
0.93,0.01 ,0.387559, 0.00783399,0.604607,0.612441
0.94,0.01 ,0.377504, 0.0078366,0.614659,0.622496
0.95,0.01 ,0.367752, 0.00783925,0.624409,0.632248
0.96,0.01 ,0.358291, 0.00784194,0.633867,0.641709
0.97,0.01 ,0.349112, 0.00784467,0.643043,0.650888
0.98,0.01 ,0.340203, 0.00784745,0.651949,0.659797
0.99,0.01 ,0.331556, 0.00785027,0.660594,0.668444
1,0.01 ,0.32316, 0.00785314,0.668987,0.67684
0,0.02 ,0.990185, 0.00770589,0.00210905,0.00981494
0.01,0.02 ,0.990166, 0.00770682,0.00212692,0.00983374
0.02,0.02 ,0.990147, 0.00770776,0.00214534,0.00985311
0.03,0.02 ,0.990127, 0.00770871,0.00216434,0.00987305
0.04,0.02 ,0.990106, 0.00770967,0.00218394,0.00989361
0.05,0.02 ,0.990085, 0.00771063,0.00220418,0.00991481
0.06,0.02 ,0.990063, 0.00771161,0.00222509,0.0099367
0.07,0.02 ,0.990041, 0.00771259,0.00224671,0.00995929
0.08,0.02 ,0.990017, 0.00771358,0.00226907,0.00998265
0.09,0.02 ,0.989993, 0.00771457,0.00229223,0.0100068
0.1,0.02 ,0.989968, 0.00771558,0.00231622,0.0100318
0.11,0.02 ,0.989942, 0.00771659,0.00234109,0.0100577
0.12,0.02 ,0.989915, 0.00771761,0.00236691,0.0100845
0.13,0.02 ,0.989888, 0.00771864,0.00239371,0.0101124
0.14,0.02 ,0.989859, 0.00771968,0.00242158,0.0101413
0.15,0.02 ,0.989829, 0.00772072,0.00245056,0.0101713
0.16,0.02 ,0.989797, 0.00772178,0.00248075,0.0102025
0.17,0.02 ,0.989765, 0.00772284,0.00251222,0.0102351
0.18,0.02 ,0.989731, 0.00772392,0.00254505,0.010269
0.19,0.02 ,0.989696, 0.007725,0.00257935,0.0103043
0.2,0.02 ,0.989659, 0.0077261,0.00261521,0.0103413
0.21,0.02 ,0.98962, 0.0077272,0.00265276,0.01038
0.22,0.02 ,0.98958, 0.00772831,0.00269212,0.0104204
0.23,0.02 ,0.989537, 0.00772943,0.00273344,0.0104629
0.24,0.02 ,0.989493, 0.00773057,0.00277687,0.0105074
0.25,0.02 ,0.989446, 0.00773171,0.00282258,0.0105543
0.26,0.02 ,0.989396, 0.00773286,0.00287077,0.0106036
0.27,0.02 ,0.989344, 0.00773403,0.00292165,0.0106557
0.28,0.02 ,0.989289, 0.0077352,0.00297547,0.0107107
0.29,0.02 ,0.989231, 0.00773639,0.00303251,0.0107689
0.3,0.02 ,0.989169, 0.00773758,0.00309305,0.0108306
0.31,0.02 ,0.989104, 0.00773879,0.00315747,0.0108963
0.32,0.02 ,0.989034, 0.00774001,0.00322614,0.0109662
0.33,0.02 ,0.988959, 0.00774124,0.00329953,0.0110408
0.34,0.02 ,0.988879, 0.00774248,0.00337815,0.0111206
0.35,0.02 ,0.988794, 0.00774374,0.00346261,0.0112063
0.36,0.02 ,0.988701, 0.00774501,0.00355359,0.0112986
0.37,0.02 ,0.988602, 0.00774629,0.0036519,0.0113982
0.38,0.02 ,0.988494, 0.00774758,0.00375849,0.0115061
0.39,0.02 ,0.988377, 0.00774888,0.00387448,0.0116234
0.4,0.02 ,0.988249, 0.0077502,0.0040012,0.0117514
0.41,0.02 ,0.988108, 0.00775154,0.00414023,0.0118918
0.42,0.02 ,0.987954, 0.00775288,0.0042935,0.0120464
0.43,0.02 ,0.987782, 0.00775424,0.00446335,0.0122176
0.44,0.02 ,0.987592, 0.00775562,0.00465266,0.0124083
0.45,0.02 ,0.987378, 0.007757,0.00486501,0.012622
0.46,0.02 ,0.987137, 0.00775841,0.00510493,0.0128633
0.47,0.02 ,0.986862, 0.00775982,0.0053782,0.013138
0.48,0.02 ,0.986546, 0.00776126,0.0056923,0.0134536
0.49,0.02 ,0.98618, 0.00776271,0.00605713,0.0138198
0.5,0.02 ,0.98575, 0.00776417,0.00648601,0.0142502
0.51,0.02 ,0.985237, 0.00776565,0.0069973,0.014763
0.52,0.02 ,0.984616, 0.00776715,0.00761693,0.0153841
0.53,0.02 ,0.983849, 0.00776866,0.00838265,0.0161513
0.54,0.02 ,0.982878, 0.0077702,0.00935138,0.0171216
0.55,0.02 ,0.981616, 0.00777174,0.0106123,0.0183841
0.56,0.02 ,0.979915, 0.00777331,0.0123119,0.0200852
0.57,0.02 ,0.977523, 0.00777489,0.0147022,0.0224771
0.58,0.02 ,0.973987, 0.0077765,0.0182367,0.0260132
0.59,0.02 ,0.968481, 0.00777812,0.023741,0.0315191
0.6,0.02 ,0.959634, 0.00777976,0.0325862,0.040366
0.61,0.02 ,0.945889, 0.00778142,0.0463291,0.0541105
0.62,0.02 ,0.926944, 0.0077831,0.0652725,0.0730556
0.63,0.02 ,0.904352, 0.0077848,0.087863,0.0956478
0.64,0.02 ,0.880009, 0.00778652,0.112204,0.119991
0.65,0.02 ,0.855146, 0.00778827,0.137066,0.144854
0.66,0.02 ,0.830412, 0.00779003,0.161798,0.169588
0.67,0.02 ,0.806133, 0.00779182,0.186075,0.193867
0.68,0.02 ,0.782468, 0.00779363,0.209738,0.217532
0.69,0.02 ,0.759494, 0.00779546,0.232711,0.240506
0.7,0.02 ,0.737241, 0.00779732,0.254962,0.262759
0.71,0.02 ,0.715715, 0.0077992,0.276486,0.284285
0.72,0.02 ,0.694908, 0.0078011,0.297291,0.305092
0.73,0.02 ,0.674806, 0.00780303,0.317391,0.325194
0.74,0.02 ,0.655387, 0.00780499,0.336808,0.344613
0.75,0.02 ,0.636631, 0.00780697,0.355562,0.363369
0.76,0.02 ,0.618513, 0.00780898,0.373678,0.381487
0.77,0.02 ,0.60101, 0.00781102,0.391179,0.39899
0.78,0.02 ,0.584099, 0.00781308,0.408087,0.415901
0.79,0.02 ,0.567757, 0.00781518,0.424428,0.432243
0.8,0.02 ,0.551961, 0.0078173,0.440221,0.448039
0.81,0.02 ,0.53669, 0.00781945,0.45549,0.46331
0.82,0.02 ,0.521923, 0.00782164,0.470255,0.478077
0.83,0.02 ,0.50764, 0.00782385,0.484537,0.49236
0.84,0.02 ,0.493821, 0.0078261,0.498353,0.506179
0.85,0.02 ,0.480449, 0.00782838,0.511723,0.519551
0.86,0.02 ,0.467506, 0.00783069,0.524663,0.532494
0.87,0.02 ,0.454975, 0.00783304,0.537192,0.545025
0.88,0.02 ,0.44284, 0.00783542,0.549324,0.55716
0.89,0.02 ,0.431086, 0.00783783,0.561076,0.568914
0.9,0.02 ,0.419699, 0.00784029,0.572461,0.580301
0.91,0.02 ,0.408664, 0.00784278,0.583493,0.591336
0.92,0.02 ,0.397968, 0.00784531,0.594187,0.602032
0.93,0.02 ,0.387598, 0.00784788,0.604554,0.612402
0.94,0.02 ,0.377543, 0.00785049,0.614607,0.622457
0.95,0.02 ,0.36779, 0.00785313,0.624357,0.63221
0.96,0.02 ,0.358329, 0.00785582,0.633815,0.641671
0.97,0.02 ,0.349149, 0.00785856,0.642993,0.650851
0.98,0.02 ,0.340239, 0.00786133,0.651899,0.659761
0.99,0.02 ,0.331591, 0.00786415,0.660545,0.668409
1,0.02 ,0.323195, 0.00786702,0.668938,0.676805
0,0.03 ,0.990114, 0.00771997,0.00216632,0.00988629
0.01,0.03 ,0.990095, 0.0077209,0.00218419,0.0099051
0.02,0.03 ,0.990076, 0.00772185,0.00220261,0.00992446
0.03,0.03 ,0.990056, 0.0077228,0.0022216,0.0099444
0.04,0.03 ,0.990035, 0.00772375,0.0022412,0.00996496
0.05,0.03 ,0.990014, 0.00772472,0.00226144,0.00998616
0.06,0.03 ,0.989992, 0.00772569,0.00228235,0.010008
0.07,0.03 ,0.989969, 0.00772667,0.00230397,0.0100306
0.08,0.03 ,0.989946, 0.00772766,0.00232633,0.010054
0.09,0.03 ,0.989922, 0.00772865,0.00234948,0.0100781
0.1,0.03 ,0.989897, 0.00772966,0.00237347,0.0101031
0.11,0.03 ,0.989871, 0.00773067,0.00239834,0.010129
0.12,0.03 ,0.989844, 0.00773169,0.00242415,0.0101558
0.13,0.03 ,0.989816, 0.00773272,0.00245096,0.0101837
0.14,0.03 ,0.989787, 0.00773376,0.00247882,0.0102126
0.15,0.03 ,0.989757, 0.0077348,0.0025078,0.0102426
0.16,0.03 ,0.989726, 0.00773586,0.00253799,0.0102738
0.17,0.03 ,0.989694, 0.00773692,0.00256945,0.0103064
0.18,0.03 ,0.98966, 0.007738,0.00260228,0.0103403
0.19,0.03 ,0.989624, 0.00773908,0.00263657,0.0103757
0.2,0.03 ,0.989587, 0.00774017,0.00267243,0.0104126
0.21,0.03 ,0.989549, 0.00774127,0.00270998,0.0104513
0.22,0.03 ,0.989508, 0.00774239,0.00274933,0.0104917
0.23,0.03 ,0.989466, 0.00774351,0.00279065,0.0105342
0.24,0.03 ,0.989421, 0.00774464,0.00283407,0.0105787
0.25,0.03 ,0.989374, 0.00774578,0.00287977,0.0106256
0.26,0.03 ,0.989325, 0.00774694,0.00292795,0.0106749
0.27,0.03 ,0.989273, 0.0077481,0.00297883,0.0107269
0.28,0.03 ,0.989218, 0.00774927,0.00303264,0.0107819
0.29,0.03 ,0.98916, 0.00775046,0.00308967,0.0108401
0.3,0.03 ,0.989098, 0.00775165,0.0031502,0.0109019
0.31,0.03 ,0.989033, 0.00775286,0.00321461,0.0109675
0.32,0.03 ,0.988963, 0.00775408,0.00328327,0.0110373
0.33,0.03 ,0.988888, 0.00775531,0.00335664,0.011112
0.34,0.03 ,0.988808, 0.00775655,0.00343525,0.0111918
0.35,0.03 ,0.988723, 0.00775781,0.00351969,0.0112775
0.36,0.03 ,0.98863, 0.00775908,0.00361064,0.0113697
0.37,0.03 ,0.988531, 0.00776035,0.00370893,0.0114693
0.38,0.03 ,0.988423, 0.00776165,0.0038155,0.0115771
0.39,0.03 ,0.988306, 0.00776295,0.00393146,0.0116944
0.4,0.03 ,0.988178, 0.00776427,0.00405814,0.0118224
0.41,0.03 ,0.988037, 0.0077656,0.00419713,0.0119627
0.42,0.03 ,0.987883, 0.00776695,0.00435035,0.0121173
0.43,0.03 ,0.987712, 0.00776831,0.00452014,0.0122884
0.44,0.03 ,0.987521, 0.00776968,0.00470937,0.0124791
0.45,0.03 ,0.987307, 0.00777107,0.00492164,0.0126927
0.46,0.03 ,0.987066, 0.00777247,0.00516146,0.0129339
0.47,0.03 ,0.986792, 0.00777389,0.00543459,0.0132085
0.48,0.03 ,0.986476, 0.00777532,0.00574853,0.0135239
0.49,0.03 ,0.98611, 0.00777677,0.00611316,0.0138899
0.5,0.03 ,0.98568, 0.00777823,0.00654178,0.01432
0.51,0.03 ,0.985168, 0.00777971,0.00705271,0.0148324
0.52,0.03 ,0.984547, 0.00778121,0.00767186,0.0154531
0.53,0.03 ,0.98378, 0.00778272,0.00843692,0.0162196
0.54,0.03 ,0.982811, 0.00778425,0.0094047,0.017189
0.55,0.03 ,0.98155, 0.0077858,0.0106642,0.01845
0.56,0.03 ,0.979851, 0.00778737,0.0123616,0.020149
0.57,0.03 ,0.977463, 0.00778895,0.0147483,0.0225372
0.58,0.03 ,0.973933, 0.00779055,0.0182764,0.026067
0.59,0.03 ,0.968438, 0.00779218,0.0237696,0.0315618
0.6,0.03 ,0.95961, 0.00779382,0.032596,0.0403899
0.61,0.03 ,0.94589, 0.00779548,0.0463136,0.0541091
0.62,0.03 ,0.926969, 0.00779716,0.0652335,0.0730307
0.63,0.03 ,0.904392, 0.00779886,0.0878085,0.0956074
0.64,0.03 ,0.880058, 0.00780058,0.112142,0.119942
0.65,0.03 ,0.855199, 0.00780232,0.136998,0.144801
0.66,0.03 ,0.830468, 0.00780408,0.161728,0.169532
0.67,0.03 ,0.806189, 0.00780587,0.186005,0.193811
0.68,0.03 ,0.782525, 0.00780768,0.209667,0.217475
0.69,0.03 ,0.759551, 0.00780951,0.23264,0.240449
0.7,0.03 ,0.737297, 0.00781137,0.254891,0.262703
0.71,0.03 ,0.715771, 0.00781325,0.276416,0.284229
0.72,0.03 ,0.694964, 0.00781515,0.297221,0.305036
0.73,0.03 ,0.67486, 0.00781708,0.317323,0.32514
0.74,0.03 ,0.655441, 0.00781904,0.33674,0.344559
0.75,0.03 ,0.636684, 0.00782102,0.355495,0.363316
0.76,0.03 ,0.618565, 0.00782303,0.373612,0.381435
0.77,0.03 ,0.601062, 0.00782506,0.391113,0.398938
0.78,0.03 ,0.58415, 0.00782712,0.408023,0.41585
0.79,0.03 ,0.567807, 0.00782922,0.424364,0.432193
0.8,0.03 ,0.552011, 0.00783134,0.440158,0.447989
0.81,0.03 ,0.536739, 0.00783349,0.455428,0.463261
0.82,0.03 ,0.521971, 0.00783567,0.470194,0.478029
0.83,0.03 ,0.507687, 0.00783789,0.484475,0.492313
0.84,0.03 ,0.493867, 0.00784013,0.498292,0.506133
0.85,0.03 ,0.480495, 0.00784241,0.511663,0.519505
0.86,0.03 ,0.467551, 0.00784472,0.524604,0.532449
0.87,0.03 ,0.455019, 0.00784707,0.537134,0.544981
0.88,0.03 ,0.442884, 0.00784945,0.549267,0.557116
0.89,0.03 ,0.431129, 0.00785186,0.561019,0.568871
0.9,0.03 ,0.419741, 0.00785432,0.572405,0.580259
0.91,0.03 ,0.408705, 0.00785681,0.583438,0.591295
0.92,0.03 ,0.398009, 0.00785934,0.594132,0.601991
0.93,0.03 ,0.387638, 0.0078619,0.6045,0.612362
0.94,0.03 ,0.377582, 0.00786451,0.614553,0.622418
0.95,0.03 ,0.367829, 0.00786716,0.624304,0.632171
0.96,0.03 ,0.358367, 0.00786985,0.633763,0.641633
0.97,0.03 ,0.349186, 0.00787258,0.642941,0.650814
0.98,0.03 ,0.340276, 0.00787535,0.651848,0.659724
0.99,0.03 ,0.331628, 0.00787817,0.660494,0.668372
1,0.03 ,0.323231, 0.00788103,0.668888,0.676769
0,0.04 ,0.99004, 0.00773419,0.00222554,0.00995974
0.01,0.04 ,0.990021, 0.00773513,0.00224341,0.00997854
0.02,0.04 ,0.990002, 0.00773607,0.00226183,0.00999789
0.03,0.04 ,0.989982, 0.00773702,0.00228082,0.0100178
0.04,0.04 ,0.989962, 0.00773797,0.00230042,0.0100384
0.05,0.04 ,0.98994, 0.00773894,0.00232065,0.0100596
0.06,0.04 ,0.989919, 0.00773991,0.00234156,0.0100815
0.07,0.04 ,0.989896, 0.00774089,0.00236317,0.0101041
0.08,0.04 ,0.989873, 0.00774188,0.00238553,0.0101274
0.09,0.04 ,0.989848, 0.00774287,0.00240868,0.0101516
0.1,0.04 ,0.989823, 0.00774388,0.00243267,0.0101765
0.11,0.04 ,0.989798, 0.00774489,0.00245754,0.0102024
0.12,0.04 ,0.989771, 0.00774591,0.00248335,0.0102293
0.13,0.04 ,0.989743, 0.00774694,0.00251015,0.0102571
0.14,0.04 ,0.989714, 0.00774797,0.00253801,0.010286
0.15,0.04 ,0.989684, 0.00774902,0.00256699,0.010316
0.16,0.04 ,0.989653, 0.00775008,0.00259717,0.0103472
0.17,0.04 ,0.98962, 0.00775114,0.00262863,0.0103798
0.18,0.04 ,0.989586, 0.00775221,0.00266145,0.0104137
0.19,0.04 ,0.989551, 0.0077533,0.00269574,0.010449
0.2,0.04 ,0.989514, 0.00775439,0.0027316,0.010486
0.21,0.04 ,0.989475, 0.00775549,0.00276914,0.0105246
0.22,0.04 ,0.989435, 0.0077566,0.00280849,0.0105651
0.23,0.04 ,0.989392, 0.00775772,0.0028498,0.0106075
0.24,0.04 ,0.989348, 0.00775885,0.00289321,0.0106521
0.25,0.04 ,0.989301, 0.00776,0.00293891,0.0106989
0.26,0.04 ,0.989252, 0.00776115,0.00298709,0.0107482
0.27,0.04 ,0.9892, 0.00776231,0.00303796,0.0108003
0.28,0.04 ,0.989145, 0.00776349,0.00309176,0.0108552
0.29,0.04 ,0.989087, 0.00776467,0.00314877,0.0109134
0.3,0.04 ,0.989025, 0.00776587,0.0032093,0.0109752
0.31,0.04 ,0.988959, 0.00776707,0.00327369,0.0110408
0.32,0.04 ,0.988889, 0.00776829,0.00334234,0.0111106
0.33,0.04 ,0.988815, 0.00776952,0.0034157,0.0111852
0.34,0.04 ,0.988735, 0.00777076,0.00349429,0.0112651
0.35,0.04 ,0.988649, 0.00777202,0.00357871,0.0113507
0.36,0.04 ,0.988557, 0.00777328,0.00366964,0.0114429
0.37,0.04 ,0.988458, 0.00777456,0.00376791,0.0115425
0.38,0.04 ,0.98835, 0.00777585,0.00387444,0.0116503
0.39,0.04 ,0.988232, 0.00777716,0.00399037,0.0117675
0.4,0.04 ,0.988105, 0.00777848,0.00411701,0.0118955
0.41,0.04 ,0.987964, 0.00777981,0.00425596,0.0120358
0.42,0.04 ,0.98781, 0.00778115,0.00440913,0.0121903
0.43,0.04 ,0.987639, 0.00778251,0.00457886,0.0123614
0.44,0.04 ,0.987448, 0.00778389,0.00476802,0.0125519
0.45,0.04 ,0.987235, 0.00778527,0.0049802,0.0127655
0.46,0.04 ,0.986993, 0.00778667,0.00521991,0.0130066
0.47,0.04 ,0.986719, 0.00778809,0.00549291,0.013281
0.48,0.04 ,0.986404, 0.00778952,0.00580669,0.0135962
0.49,0.04 ,0.986038, 0.00779097,0.0061711,0.0139621
0.5,0.04 ,0.985608, 0.00779244,0.00659944,0.0143919
0.51,0.04 ,0.985096, 0.00779391,0.00711002,0.0149039
0.52,0.04 ,0.984476, 0.00779541,0.00772868,0.0155241
0.53,0.04 ,0.98371, 0.00779692,0.00849306,0.01629
0.54,0.04 ,0.982742, 0.00779845,0.00945986,0.0172583
0.55,0.04 ,0.981482, 0.0078,0.0107179,0.0185179
0.56,0.04 ,0.979785, 0.00780157,0.0124131,0.0202146
0.57,0.04 ,0.977401, 0.00780315,0.014796,0.0225991
0.58,0.04 ,0.973878, 0.00780475,0.0183177,0.0261224
0.59,0.04 ,0.968394, 0.00780637,0.0237994,0.0316057
0.6,0.04 ,0.959585, 0.00780801,0.0326066,0.0404146
0.61,0.04 ,0.945892, 0.00780967,0.0462981,0.0541078
0.62,0.04 ,0.926994, 0.00781135,0.0651938,0.0730051
0.63,0.04 ,0.904434, 0.00781305,0.0877529,0.0955659
0.64,0.04 ,0.880108, 0.00781477,0.112077,0.119892
0.65,0.04 ,0.855254, 0.00781651,0.136929,0.144746
0.66,0.04 ,0.830525, 0.00781827,0.161657,0.169475
0.67,0.04 ,0.806247, 0.00782006,0.185932,0.193753
0.68,0.04 ,0.782584, 0.00782187,0.209595,0.217416
0.69,0.04 ,0.759609, 0.0078237,0.232567,0.240391
0.7,0.04 ,0.737355, 0.00782555,0.254819,0.262645
0.71,0.04 ,0.715828, 0.00782743,0.276344,0.284172
0.72,0.04 ,0.69502, 0.00782934,0.29715,0.30498
0.73,0.04 ,0.674917, 0.00783126,0.317252,0.325083
0.74,0.04 ,0.655497, 0.00783322,0.33667,0.344503
0.75,0.04 ,0.636739, 0.0078352,0.355426,0.363261
0.76,0.04 ,0.618619, 0.00783721,0.373543,0.381381
0.77,0.04 ,0.601115, 0.00783924,0.391046,0.398885
0.78,0.04 ,0.584203, 0.0078413,0.407956,0.415797
0.79,0.04 ,0.567859, 0.0078434,0.424298,0.432141
0.8,0.04 ,0.552061, 0.00784552,0.440093,0.447939
0.81,0.04 ,0.536789, 0.00784767,0.455364,0.463211
0.82,0.04 ,0.52202, 0.00784985,0.47013,0.47798
0.83,0.04 ,0.507735, 0.00785206,0.484413,0.492265
0.84,0.04 ,0.493915, 0.00785431,0.498231,0.506085
0.85,0.04 ,0.480542, 0.00785658,0.511602,0.519458
0.86,0.04 ,0.467597, 0.00785889,0.524544,0.532403
0.87,0.04 ,0.455065, 0.00786124,0.537074,0.544935
0.88,0.04 ,0.442928, 0.00786362,0.549208,0.557072
0.89,0.04 ,0.431173, 0.00786603,0.560961,0.568827
0.9,0.04 ,0.419784, 0.00786848,0.572347,0.580216
0.91,0.04 ,0.408748, 0.00787097,0.583381,0.591252
0.92,0.04 ,0.398051, 0.0078735,0.594076,0.601949
0.93,0.04 ,0.38768, 0.00787607,0.604444,0.61232
0.94,0.04 ,0.377623, 0.00787867,0.614498,0.622377
0.95,0.04 ,0.367869, 0.00788132,0.62425,0.632131
0.96,0.04 ,0.358407, 0.007884,0.633709,0.641593
0.97,0.04 ,0.349225, 0.00788673,0.642888,0.650775
0.98,0.04 ,0.340315, 0.00788951,0.651796,0.659685
0.99,0.04 ,0.331665, 0.00789232,0.660442,0.668335
1,0.04 ,0.323268, 0.00789519,0.668837,0.676732
0,0.05 ,0.989965, 0.00774856,0.00228681,0.0100354
0.01,0.05 ,0.989946, 0.00774949,0.00230467,0.0100542
0.02,0.05 ,0.989926, 0.00775043,0.00232309,0.0100735
0.03,0.05 ,0.989907, 0.00775138,0.00234208,0.0100935
0.04,0.05 ,0.989886, 0.00775234,0.00236167,0.010114
0.05,0.05 ,0.989865, 0.0077533,0.00238191,0.0101352
0.06,0.05 ,0.989843, 0.00775427,0.00240281,0.0101571
0.07,0.05 ,0.98982, 0.00775525,0.00242442,0.0101797
0.08,0.05 ,0.989797, 0.00775624,0.00244678,0.010203
0.09,0.05 ,0.989773, 0.00775724,0.00246993,0.0102272
0.1,0.05 ,0.989748, 0.00775824,0.00249391,0.0102522
0.11,0.05 ,0.989722, 0.00775925,0.00251878,0.010278
0.12,0.05 ,0.989695, 0.00776027,0.00254459,0.0103049
0.13,0.05 ,0.989667, 0.0077613,0.00257138,0.0103327
0.14,0.05 ,0.989638, 0.00776233,0.00259924,0.0103616
0.15,0.05 ,0.989608, 0.00776338,0.00262822,0.0103916
0.16,0.05 ,0.989577, 0.00776444,0.00265839,0.0104228
0.17,0.05 ,0.989545, 0.0077655,0.00268985,0.0104553
0.18,0.05 ,0.989511, 0.00776657,0.00272267,0.0104892
0.19,0.05 ,0.989475, 0.00776765,0.00275696,0.0105246
0.2,0.05 ,0.989438, 0.00776875,0.00279281,0.0105616
0.21,0.05 ,0.9894, 0.00776985,0.00283034,0.0106002
0.22,0.05 ,0.989359, 0.00777096,0.00286969,0.0106406
0.23,0.05 ,0.989317, 0.00777208,0.00291099,0.0106831
0.24,0.05 ,0.989272, 0.00777321,0.0029544,0.0107276
0.25,0.05 ,0.989226, 0.00777435,0.00300009,0.0107744
0.26,0.05 ,0.989176, 0.0077755,0.00304826,0.0108238
0.27,0.05 ,0.989124, 0.00777667,0.00309912,0.0108758
0.28,0.05 ,0.989069, 0.00777784,0.00315292,0.0109308
0.29,0.05 ,0.989011, 0.00777902,0.00320992,0.0109889
0.3,0.05 ,0.988949, 0.00778022,0.00327043,0.0110507
0.31,0.05 ,0.988884, 0.00778143,0.00333481,0.0111162
0.32,0.05 ,0.988814, 0.00778264,0.00340345,0.0111861
0.33,0.05 ,0.988739, 0.00778387,0.00347679,0.0112607
0.34,0.05 ,0.98866, 0.00778511,0.00355537,0.0113405
0.35,0.05 ,0.988574, 0.00778637,0.00363976,0.0114261
0.36,0.05 ,0.988482, 0.00778763,0.00373068,0.0115183
0.37,0.05 ,0.988382, 0.00778891,0.00382892,0.0116178
0.38,0.05 ,0.988274, 0.0077902,0.00393543,0.0117256
0.39,0.05 ,0.988157, 0.00779151,0.00405132,0.0118428
0.4,0.05 ,0.988029, 0.00779283,0.00417792,0.0119707
0.41,0.05 ,0.987889, 0.00779416,0.00431683,0.012111
0.42,0.05 ,0.987735, 0.0077955,0.00446994,0.0122654
0.43,0.05 ,0.987564, 0.00779686,0.00463961,0.0124365
0.44,0.05 ,0.987373, 0.00779823,0.0048287,0.0126269
0.45,0.05 ,0.98716, 0.00779962,0.00504079,0.0128404
0.46,0.05 ,0.986919, 0.00780102,0.00528039,0.0130814
0.47,0.05 ,0.986644, 0.00780244,0.00555325,0.0133557
0.48,0.05 ,0.986329, 0.00780387,0.00586686,0.0136707
0.49,0.05 ,0.985964, 0.00780531,0.00623105,0.0140364
0.5,0.05 ,0.985534, 0.00780678,0.00665912,0.0144659
0.51,0.05 ,0.985022, 0.00780826,0.00716932,0.0149776
0.52,0.05 ,0.984403, 0.00780975,0.00778748,0.0155972
0.53,0.05 ,0.983638, 0.00781126,0.00855117,0.0163624
0.54,0.05 ,0.98267, 0.00781279,0.00951696,0.0173298
0.55,0.05 ,0.981412, 0.00781434,0.0107736,0.0185879
0.56,0.05 ,0.979718, 0.0078159,0.0124663,0.0202822
0.57,0.05 ,0.977337, 0.00781749,0.0148454,0.0226629
0.58,0.05 ,0.97382, 0.00781909,0.0183605,0.0261796
0.59,0.05 ,0.968349, 0.00782071,0.0238304,0.0316511
0.6,0.05 ,0.95956, 0.00782235,0.0326178,0.0404401
0.61,0.05 ,0.945893, 0.00782401,0.0462825,0.0541065
0.62,0.05 ,0.927021, 0.00782568,0.0651533,0.0729789
0.63,0.05 ,0.904476, 0.00782738,0.0876959,0.0955233
0.64,0.05 ,0.88016, 0.0078291,0.112011,0.11984
0.65,0.05 ,0.85531, 0.00783084,0.136859,0.14469
0.66,0.05 ,0.830584, 0.00783261,0.161584,0.169416
0.67,0.05 ,0.806307, 0.00783439,0.185858,0.193693
0.68,0.05 ,0.782644, 0.0078362,0.20952,0.217356
0.69,0.05 ,0.759669, 0.00783803,0.232493,0.240331
0.7,0.05 ,0.737415, 0.00783988,0.254745,0.262585
0.71,0.05 ,0.715888, 0.00784176,0.276271,0.284112
0.72,0.05 ,0.695079, 0.00784366,0.297077,0.304921
0.73,0.05 ,0.674974, 0.00784559,0.31718,0.325026
0.74,0.05 ,0.655554, 0.00784754,0.336599,0.344446
0.75,0.05 ,0.636795, 0.00784952,0.355356,0.363205
0.76,0.05 ,0.618675, 0.00785153,0.373474,0.381325
0.77,0.05 ,0.60117, 0.00785356,0.390977,0.39883
0.78,0.05 ,0.584256, 0.00785563,0.407888,0.415744
0.79,0.05 ,0.567912, 0.00785772,0.42423,0.432088
0.8,0.05 ,0.552114, 0.00785984,0.440027,0.447886
0.81,0.05 ,0.53684, 0.00786199,0.455298,0.46316
0.82,0.05 ,0.52207, 0.00786417,0.470065,0.47793
0.83,0.05 ,0.507785, 0.00786638,0.484349,0.492215
0.84,0.05 ,0.493964, 0.00786862,0.498167,0.506036
0.85,0.05 ,0.48059, 0.0078709,0.511539,0.51941
0.86,0.05 ,0.467644, 0.00787321,0.524482,0.532356
0.87,0.05 ,0.455111, 0.00787555,0.537013,0.544889
0.88,0.05 ,0.442974, 0.00787793,0.549148,0.557026
0.89,0.05 ,0.431219, 0.00788034,0.560901,0.568781
0.9,0.05 ,0.419829, 0.00788279,0.572288,0.580171
0.91,0.05 ,0.408792, 0.00788528,0.583323,0.591208
0.92,0.05 ,0.398094, 0.00788781,0.594018,0.601906
0.93,0.05 ,0.387722, 0.00789037,0.604387,0.612278
0.94,0.05 ,0.377665, 0.00789297,0.614442,0.622335
0.95,0.05 ,0.36791, 0.00789562,0.624194,0.63209
0.96,0.05 ,0.358447, 0.0078983,0.633655,0.641553
0.97,0.05 ,0.349265, 0.00790103,0.642834,0.650735
0.98,0.05 ,0.340354, 0.0079038,0.651742,0.659646
0.99,0.05 ,0.331704, 0.00790662,0.660389,0.668296
1,0.05 ,0.323306, 0.00790948,0.668784,0.676694
0,0.06 ,0.989887, 0.00776307,0.00235022,0.0101133
0.01,0.06 ,0.989868, 0.007764,0.00236808,0.0101321
0.02,0.06 ,0.989849, 0.00776494,0.00238649,0.0101514
0.03,0.06 ,0.989829, 0.00776589,0.00240548,0.0101714
0.04,0.06 ,0.989808, 0.00776685,0.00242508,0.0101919
0.05,0.06 ,0.989787, 0.00776781,0.00244531,0.0102131
0.06,0.06 ,0.989765, 0.00776878,0.00246621,0.010235
0.07,0.06 ,0.989742, 0.00776976,0.00248782,0.0102576
0.08,0.06 ,0.989719, 0.00777075,0.00251018,0.0102809
0.09,0.06 ,0.989695, 0.00777174,0.00253333,0.0103051
0.1,0.06 ,0.98967, 0.00777274,0.00255731,0.0103301
0.11,0.06 ,0.989644, 0.00777376,0.00258217,0.0103559
0.12,0.06 ,0.989617, 0.00777477,0.00260797,0.0103827
0.13,0.06 ,0.989589, 0.0077758,0.00263477,0.0104106
0.14,0.06 ,0.989561, 0.00777684,0.00266262,0.0104395
0.15,0.06 ,0.989531, 0.00777788,0.00269159,0.0104695
0.16,0.06 ,0.989499, 0.00777894,0.00272177,0.0105007
0.17,0.06 ,0.989467, 0.00778,0.00275322,0.0105332
0.18,0.06 ,0.989433, 0.00778108,0.00278604,0.0105671
0.19,0.06 ,0.989398, 0.00778216,0.00282032,0.0106025
0.2,0.06 ,0.989361, 0.00778325,0.00285616,0.0106394
0.21,0.06 ,0.989322, 0.00778435,0.00289369,0.010678
0.22,0.06 ,0.989282, 0.00778546,0.00293304,0.0107185
0.23,0.06 ,0.989239, 0.00778658,0.00297433,0.0107609
0.24,0.06 ,0.989195, 0.00778771,0.00301773,0.0108054
0.25,0.06 ,0.989148, 0.00778885,0.00306342,0.0108523
0.26,0.06 ,0.989098, 0.00779,0.00311158,0.0109016
0.27,0.06 ,0.989046, 0.00779117,0.00316243,0.0109536
0.28,0.06 ,0.988991, 0.00779234,0.00321622,0.0110086
0.29,0.06 ,0.988933, 0.00779352,0.00327321,0.0110667
0.3,0.06 ,0.988872, 0.00779472,0.00333371,0.0111284
0.31,0.06 ,0.988806, 0.00779592,0.00339808,0.011194
0.32,0.06 ,0.988736, 0.00779714,0.0034667,0.0112638
0.33,0.06 ,0.988662, 0.00779837,0.00354003,0.0113384
0.34,0.06 ,0.988582, 0.00779961,0.00361859,0.0114182
0.35,0.06 ,0.988496, 0.00780086,0.00370296,0.0115038
0.36,0.06 ,0.988404, 0.00780213,0.00379386,0.011596
0.37,0.06 ,0.988305, 0.00780341,0.00389207,0.0116955
0.38,0.06 ,0.988197, 0.0078047,0.00399855,0.0118032
0.39,0.06 ,0.98808, 0.007806,0.00411441,0.0119204
0.4,0.06 ,0.987952, 0.00780732,0.00424097,0.0120483
0.41,0.06 ,0.987812, 0.00780865,0.00437983,0.0121885
0.42,0.06 ,0.987657, 0.00780999,0.00453289,0.0123429
0.43,0.06 ,0.987486, 0.00781135,0.00470249,0.0125138
0.44,0.06 ,0.987296, 0.00781272,0.00489151,0.0127042
0.45,0.06 ,0.987082, 0.00781411,0.00510351,0.0129176
0.46,0.06 ,0.986842, 0.00781551,0.00534299,0.0131585
0.47,0.06 ,0.986567, 0.00781692,0.00561572,0.0134326
0.48,0.06 ,0.986253, 0.00781836,0.00592914,0.0137475
0.49,0.06 ,0.985887, 0.0078198,0.00629312,0.0141129
0.5,0.06 ,0.985458, 0.00782126,0.00672089,0.0145422
0.51,0.06 ,0.984947, 0.00782274,0.00723072,0.0150535
0.52,0.06 ,0.984327, 0.00782424,0.00784836,0.0156726
0.53,0.06 ,0.983563, 0.00782575,0.00861133,0.0164371
0.54,0.06 ,0.982597, 0.00782728,0.00957609,0.0174034
0.55,0.06 ,0.98134, 0.00782882,0.0108311,0.01866
0.56,0.06 ,0.979648, 0.00783039,0.0125215,0.0203519
0.57,0.06 ,0.977271, 0.00783197,0.0148967,0.0227287
0.58,0.06 ,0.973761, 0.00783357,0.018405,0.0262385
0.59,0.06 ,0.968302, 0.00783519,0.0238628,0.031698
0.6,0.06 ,0.959533, 0.00783683,0.0326298,0.0404667
0.61,0.06 ,0.945894, 0.00783848,0.046267,0.0541055
0.62,0.06 ,0.927047, 0.00784016,0.065112,0.0729521
0.63,0.06 ,0.90452, 0.00784186,0.0876377,0.0954795
0.64,0.06 ,0.880213, 0.00784358,0.111943,0.119787
0.65,0.06 ,0.855369, 0.00784532,0.136786,0.144631
0.66,0.06 ,0.830644, 0.00784708,0.161509,0.169356
0.67,0.06 ,0.806369, 0.00784886,0.185782,0.193631
0.68,0.06 ,0.782706, 0.00785067,0.209443,0.217294
0.69,0.06 ,0.759731, 0.0078525,0.232416,0.240269
0.7,0.06 ,0.737477, 0.00785435,0.254669,0.262523
0.71,0.06 ,0.715949, 0.00785623,0.276195,0.284051
0.72,0.06 ,0.695139, 0.00785813,0.297002,0.304861
0.73,0.06 ,0.675034, 0.00786006,0.317106,0.324966
0.74,0.06 ,0.655613, 0.00786201,0.336525,0.344387
0.75,0.06 ,0.636853, 0.00786399,0.355283,0.363147
0.76,0.06 ,0.618732, 0.007866,0.373402,0.381268
0.77,0.06 ,0.601226, 0.00786803,0.390906,0.398774
0.78,0.06 ,0.584312, 0.00787009,0.407818,0.415688
0.79,0.06 ,0.567966, 0.00787218,0.424161,0.432034
0.8,0.06 ,0.552167, 0.0078743,0.439958,0.447833
0.81,0.06 ,0.536893, 0.00787645,0.455231,0.463107
0.82,0.06 ,0.522123, 0.00787863,0.469999,0.477877
0.83,0.06 ,0.507836, 0.00788084,0.484283,0.492164
0.84,0.06 ,0.494015, 0.00788308,0.498102,0.505985
0.85,0.06 ,0.48064, 0.00788535,0.511475,0.51936
0.86,0.06 ,0.467693, 0.00788766,0.524419,0.532307
0.87,0.06 ,0.45516, 0.00789,0.53695,0.54484
0.88,0.06 ,0.443022, 0.00789238,0.549086,0.556978
0.89,0.06 ,0.431265, 0.00789479,0.56084,0.568735
0.9,0.06 ,0.419875, 0.00789724,0.572228,0.580125
0.91,0.06 ,0.408837, 0.00789973,0.583263,0.591163
0.92,0.06 ,0.398138, 0.00790225,0.593959,0.601862
0.93,0.06 ,0.387766, 0.00790482,0.604329,0.612234
0.94,0.06 ,0.377708, 0.00790742,0.614385,0.622292
0.95,0.06 ,0.367953, 0.00791006,0.624137,0.632047
0.96,0.06 ,0.358489, 0.00791275,0.633598,0.641511
0.97,0.06 ,0.349306, 0.00791547,0.642778,0.650694
0.98,0.06 ,0.340395, 0.00791824,0.651687,0.659605
0.99,0.06 ,0.331744, 0.00792106,0.660335,0.668256
1,0.06 ,0.323346, 0.00792392,0.66873,0.676654
0,0.07 ,0.989806, 0.00777773,0.00241589,0.0101936
0.01,0.07 ,0.989788, 0.00777866,0.00243375,0.0102124
0.02,0.07 ,0.989768, 0.0077796,0.00245216,0.0102318
0.03,0.07 ,0.989748, 0.00778055,0.00247115,0.0102517
0.04,0.07 ,0.989728, 0.0077815,0.00249074,0.0102722
0.05,0.07 ,0.989707, 0.00778247,0.00251097,0.0102934
0.06,0.07 ,0.989685, 0.00778344,0.00253187,0.0103153
0.07,0.07 ,0.989662, 0.00778441,0.00255348,0.0103379
0.08,0.07 ,0.989639, 0.0077854,0.00257583,0.0103612
0.09,0.07 ,0.989615, 0.00778639,0.00259898,0.0103854
0.1,0.07 ,0.98959, 0.0077874,0.00262296,0.0104104
0.11,0.07 ,0.989564, 0.00778841,0.00264782,0.0104362
0.12,0.07 ,0.989537, 0.00778943,0.00267362,0.010463
0.13,0.07 ,0.989509, 0.00779045,0.00270041,0.0104909
0.14,0.07 ,0.98948, 0.00779149,0.00272826,0.0105197
0.15,0.07 ,0.98945, 0.00779254,0.00275723,0.0105498
0.16,0.07 ,0.989419, 0.00779359,0.0027874,0.010581
0.17,0.07 ,0.989387, 0.00779465,0.00281885,0.0106135
0.18,0.07 ,0.989353, 0.00779572,0.00285166,0.0106474
0.19,0.07 ,0.989317, 0.00779681,0.00288593,0.0106827
0.2,0.07 ,0.98928, 0.0077979,0.00292178,0.0107197
0.21,0.07 ,0.989242, 0.007799,0.0029593,0.0107583
0.22,0.07 ,0.989201, 0.00780011,0.00299864,0.0107987
0.23,0.07 ,0.989159, 0.00780123,0.00303993,0.0108412
0.24,0.07 ,0.989114, 0.00780236,0.00308332,0.0108857
0.25,0.07 ,0.989068, 0.0078035,0.003129,0.0109325
0.26,0.07 ,0.989018, 0.00780465,0.00317715,0.0109818
0.27,0.07 ,0.988966, 0.00780581,0.003228,0.0110338
0.28,0.07 ,0.988911, 0.00780698,0.00328177,0.0110888
0.29,0.07 ,0.988853, 0.00780817,0.00333875,0.0111469
0.3,0.07 ,0.988791, 0.00780936,0.00339925,0.0112086
0.31,0.07 ,0.988726, 0.00781057,0.0034636,0.0112742
0.32,0.07 ,0.988656, 0.00781178,0.00353221,0.011344
0.33,0.07 ,0.988581, 0.00781301,0.00360552,0.0114185
0.34,0.07 ,0.988502, 0.00781425,0.00368406,0.0114983
0.35,0.07 ,0.988416, 0.0078155,0.00376842,0.0115839
0.36,0.07 ,0.988324, 0.00781677,0.00385929,0.0116761
0.37,0.07 ,0.988224, 0.00781805,0.00395747,0.0117755
0.38,0.07 ,0.988117, 0.00781934,0.00406392,0.0118833
0.39,0.07 ,0.988, 0.00782064,0.00417975,0.0120004
0.4,0.07 ,0.987872, 0.00782196,0.00430627,0.0121282
0.41,0.07 ,0.987732, 0.00782329,0.00444508,0.0122684
0.42,0.07 ,0.987577, 0.00782463,0.00459809,0.0124227
0.43,0.07 ,0.987406, 0.00782599,0.00476762,0.0125936
0.44,0.07 ,0.987216, 0.00782736,0.00495656,0.0127839
0.45,0.07 ,0.987003, 0.00782874,0.00516846,0.0129972
0.46,0.07 ,0.986762, 0.00783014,0.00540783,0.013238
0.47,0.07 ,0.986488, 0.00783156,0.00568041,0.013512
0.48,0.07 ,0.986173, 0.00783299,0.00599366,0.0138266
0.49,0.07 ,0.985808, 0.00783444,0.0063574,0.0141918
0.5,0.07 ,0.985379, 0.0078359,0.00678488,0.0146208
0.51,0.07 ,0.984868, 0.00783737,0.00729432,0.0151317
0.52,0.07 ,0.98425, 0.00783887,0.00791143,0.0157503
0.53,0.07 ,0.983486, 0.00784038,0.00867366,0.016514
0.54,0.07 ,0.982521, 0.00784191,0.00963737,0.0174793
0.55,0.07 ,0.981266, 0.00784345,0.0108908,0.0187343
0.56,0.07 ,0.979576, 0.00784502,0.0125788,0.0204238
0.57,0.07 ,0.977204, 0.0078466,0.0149499,0.0227965
0.58,0.07 ,0.973701, 0.0078482,0.0184512,0.0262994
0.59,0.07 ,0.968254, 0.00784982,0.0238966,0.0317464
0.6,0.07 ,0.959506, 0.00785145,0.0326427,0.0404941
0.61,0.07 ,0.945895, 0.00785311,0.0462514,0.0541045
