Betamv, Betapv,V,Rs,Rv,P
0,0 ,0.948238, 0.0497619,0.002,0.0517619
0.01,0 ,0.948072, 0.0498127,0.00211524,0.0519279
0.02,0 ,0.947901, 0.0498641,0.00223508,0.0520992
0.03,0 ,0.947724, 0.0499164,0.00235977,0.0522762
0.04,0 ,0.947541, 0.0499695,0.00248957,0.052459
0.05,0 ,0.947352, 0.0500234,0.00262475,0.0526481
0.06,0 ,0.947156, 0.0500781,0.00276561,0.0528437
0.07,0 ,0.946954, 0.0501337,0.00291248,0.0530462
0.08,0 ,0.946744, 0.0501901,0.00306569,0.0532558
0.09,0 ,0.946527, 0.0502475,0.00322562,0.0534731
0.1,0 ,0.946302, 0.0503058,0.00339267,0.0536985
0.11,0 ,0.946068, 0.050365,0.00356725,0.0539323
0.12,0 ,0.945825, 0.0504252,0.00374984,0.054175
0.13,0 ,0.945573, 0.0504864,0.00394091,0.0544273
0.14,0 ,0.94531, 0.0505486,0.00414102,0.0546896
0.15,0 ,0.945037, 0.0506118,0.00435074,0.0549626
0.16,0 ,0.944753, 0.0506761,0.0045707,0.0552468
0.17,0 ,0.944457, 0.0507415,0.00480158,0.0555431
0.18,0 ,0.944148, 0.0508081,0.00504412,0.0558522
0.19,0 ,0.943825, 0.0508758,0.00529913,0.0561749
0.2,0 ,0.943488, 0.0509446,0.00556747,0.0565121
0.21,0 ,0.943135, 0.0510147,0.00585013,0.0568648
0.22,0 ,0.942766, 0.051086,0.00614813,0.0572341
0.23,0 ,0.942379, 0.0511586,0.00646263,0.0576212
0.24,0 ,0.941973, 0.0512325,0.00679489,0.0580274
0.25,0 ,0.941546, 0.0513077,0.0071463,0.058454
0.26,0 ,0.941097, 0.0513844,0.00751838,0.0589027
0.27,0 ,0.940625, 0.0514624,0.00791282,0.0593752
0.28,0 ,0.940127, 0.0515419,0.00833149,0.0598734
0.29,0 ,0.939601, 0.0516229,0.00877647,0.0603994
0.3,0 ,0.939045, 0.0517054,0.00925004,0.0609555
0.31,0 ,0.938456, 0.0517896,0.00975479,0.0615443
0.32,0 ,0.937831, 0.0518753,0.0102936,0.0621689
0.33,0 ,0.937168, 0.0519627,0.0108696,0.0628323
0.34,0 ,0.936462, 0.0520518,0.0114865,0.0635383
0.35,0 ,0.935709, 0.0521427,0.0121484,0.0642911
0.36,0 ,0.934905, 0.0522354,0.0128598,0.0650951
0.37,0 ,0.934044, 0.0523299,0.0136259,0.0659559
0.38,0 ,0.933121, 0.0524264,0.0144528,0.0668792
0.39,0 ,0.932128, 0.0525248,0.0153471,0.0678719
0.4,0 ,0.931058, 0.0526253,0.0163167,0.068942
0.41,0 ,0.929902, 0.0527278,0.0173705,0.0700983
0.42,0 ,0.928649, 0.0528325,0.0185187,0.0713512
0.43,0 ,0.927287, 0.0529393,0.0197733,0.0727127
0.44,0 ,0.925803, 0.0530485,0.0211483,0.0741967
0.45,0 ,0.92418, 0.0531599,0.0226596,0.0758195
0.46,0 ,0.9224, 0.0532738,0.0243264,0.0776001
0.47,0 ,0.920439, 0.05339,0.0261708,0.0795608
0.48,0 ,0.918272, 0.0535088,0.028219,0.0817279
0.49,0 ,0.915868, 0.0536302,0.0305021,0.0841324
0.5,0 ,0.913189, 0.0537543,0.0330567,0.086811
0.51,0 ,0.910193, 0.053881,0.0359261,0.0898071
0.52,0 ,0.906828, 0.0540106,0.0391615,0.0931721
0.53,0 ,0.903034, 0.054143,0.0428232,0.0969663
0.54,0 ,0.89874, 0.0542784,0.0469817,0.10126
0.55,0 ,0.893865, 0.0544168,0.0517181,0.106135
0.56,0 ,0.888317, 0.0545583,0.0571244,0.111683
0.57,0 ,0.881996, 0.0547029,0.0633014,0.118004
0.58,0 ,0.874794, 0.0548508,0.0703552,0.125206
0.59,0 ,0.866608, 0.0550019,0.0783898,0.133392
0.6,0 ,0.857347, 0.0551564,0.0874968,0.142653
0.61,0 ,0.846944, 0.0553144,0.0977419,0.153056
0.62,0 ,0.835373, 0.0554759,0.109152,0.164627
0.63,0 ,0.822656, 0.0556409,0.121703,0.177344
0.64,0 ,0.808871, 0.0558095,0.135319,0.191129
0.65,0 ,0.79414, 0.0559818,0.149878,0.20586
0.66,0 ,0.778621, 0.0561579,0.165222,0.221379
0.67,0 ,0.762485, 0.0563377,0.181177,0.237515
0.68,0 ,0.745909, 0.0565214,0.197569,0.254091
0.69,0 ,0.729055, 0.0567089,0.214236,0.270945
0.7,0 ,0.712067, 0.0569003,0.231033,0.287933
0.71,0 ,0.695067, 0.0570957,0.247838,0.304933
0.72,0 ,0.678154, 0.057295,0.264551,0.321846
0.73,0 ,0.661409, 0.0574983,0.281093,0.338591
0.74,0 ,0.644893, 0.0577056,0.297401,0.355107
0.75,0 ,0.628654, 0.0579169,0.313429,0.371346
0.76,0 ,0.612727, 0.0581322,0.329141,0.387273
0.77,0 ,0.597135, 0.0583515,0.344513,0.402865
0.78,0 ,0.581898, 0.0585748,0.359527,0.418102
0.79,0 ,0.567025, 0.0588021,0.374173,0.432975
0.8,0 ,0.552523, 0.0590334,0.388444,0.447477
0.81,0 ,0.538394, 0.0592686,0.402337,0.461606
0.82,0 ,0.524637, 0.0595077,0.415855,0.475363
0.83,0 ,0.51125, 0.0597508,0.428999,0.48875
0.84,0 ,0.498228, 0.0599976,0.441775,0.501772
0.85,0 ,0.485564, 0.0602484,0.454187,0.514436
0.86,0 ,0.473253, 0.0605029,0.466245,0.526747
0.87,0 ,0.461285, 0.0607611,0.477954,0.538715
0.88,0 ,0.449653, 0.061023,0.489324,0.550347
0.89,0 ,0.438349, 0.0612885,0.500362,0.561651
0.9,0 ,0.427364, 0.0615577,0.511078,0.572636
0.91,0 ,0.416689, 0.0618303,0.521481,0.583311
0.92,0 ,0.406315, 0.0621064,0.531578,0.593685
0.93,0 ,0.396234, 0.0623859,0.54138,0.603766
0.94,0 ,0.386436, 0.0626688,0.550895,0.613564
0.95,0 ,0.376914, 0.0629549,0.560131,0.623086
0.96,0 ,0.367658, 0.0632443,0.569098,0.632342
0.97,0 ,0.358661, 0.0635368,0.577802,0.641339
0.98,0 ,0.349915, 0.0638323,0.586252,0.650085
0.99,0 ,0.341412, 0.0641309,0.594457,0.658588
1,0 ,0.333144, 0.0644324,0.602423,0.666856
0,0.01 ,0.947558, 0.0500618,0.00238036,0.0524422
0.01,0.01 ,0.947392, 0.0501124,0.00249546,0.0526079
0.02,0.01 ,0.947221, 0.0501638,0.00261516,0.0527789
0.03,0.01 ,0.947044, 0.0502159,0.0027397,0.0529556
0.04,0.01 ,0.946862, 0.0502688,0.00286933,0.0531381
0.05,0.01 ,0.946673, 0.0503225,0.00300434,0.0533269
0.06,0.01 ,0.946478, 0.0503771,0.00314503,0.0535221
0.07,0.01 ,0.946276, 0.0504325,0.00329171,0.0537242
0.08,0.01 ,0.946066, 0.0504888,0.00344473,0.0539335
0.09,0.01 ,0.94585, 0.050546,0.00360445,0.0541504
0.1,0.01 ,0.945625, 0.0506041,0.00377127,0.0543754
0.11,0.01 ,0.945391, 0.0506631,0.00394562,0.0546088
0.12,0.01 ,0.945149, 0.0507232,0.00412795,0.0548511
0.13,0.01 ,0.944897, 0.0507842,0.00431876,0.0551029
0.14,0.01 ,0.944635, 0.0508462,0.00451858,0.0553648
0.15,0.01 ,0.944363, 0.0509092,0.00472799,0.0556372
0.16,0.01 ,0.944079, 0.0509733,0.00494762,0.055921
0.17,0.01 ,0.943783, 0.0510385,0.00517815,0.0562167
0.18,0.01 ,0.943475, 0.0511049,0.00542031,0.0565252
0.19,0.01 ,0.943153, 0.0511723,0.00567491,0.0568472
0.2,0.01 ,0.942816, 0.051241,0.00594282,0.0571838
0.21,0.01 ,0.942464, 0.0513108,0.006225,0.0575358
0.22,0.01 ,0.942096, 0.0513819,0.00652249,0.0579044
0.23,0.01 ,0.941709, 0.0514543,0.00683643,0.0582907
0.24,0.01 ,0.941304, 0.0515279,0.00716809,0.058696
0.25,0.01 ,0.940878, 0.051603,0.00751885,0.0591218
0.26,0.01 ,0.94043, 0.0516793,0.00789021,0.0595695
0.27,0.01 ,0.939959, 0.0517571,0.00828388,0.060041
0.28,0.01 ,0.939462, 0.0518364,0.0087017,0.0605381
0.29,0.01 ,0.938937, 0.0519171,0.00914574,0.0610628
0.3,0.01 ,0.938382, 0.0519994,0.00961829,0.0616176
0.31,0.01 ,0.937795, 0.0520832,0.0101219,0.0622051
0.32,0.01 ,0.937172, 0.0521686,0.0106594,0.0628281
0.33,0.01 ,0.93651, 0.0522558,0.0112341,0.0634899
0.34,0.01 ,0.935806, 0.0523446,0.0118495,0.0641941
0.35,0.01 ,0.935055, 0.0524351,0.0125096,0.0649448
0.36,0.01 ,0.934253, 0.0525275,0.0132191,0.0657467
0.37,0.01 ,0.933395, 0.0526217,0.0139832,0.0666049
0.38,0.01 ,0.932474, 0.0527179,0.0148077,0.0675255
0.39,0.01 ,0.931485, 0.052816,0.0156993,0.0685153
0.4,0.01 ,0.930418, 0.0529161,0.0166659,0.069582
0.41,0.01 ,0.929266, 0.0530182,0.0177162,0.0707345
0.42,0.01 ,0.928017, 0.0531225,0.0188606,0.0719831
0.43,0.01 ,0.92666, 0.053229,0.0201108,0.0733398
0.44,0.01 ,0.925182, 0.0533377,0.0214806,0.0748184
0.45,0.01 ,0.923565, 0.0534488,0.0229862,0.0764349
0.46,0.01 ,0.921792, 0.0535622,0.0246462,0.0782084
0.47,0.01 ,0.919839, 0.0536781,0.0264828,0.0801608
0.48,0.01 ,0.917682, 0.0537964,0.0285219,0.0823184
0.49,0.01 ,0.915288, 0.0539174,0.0307944,0.0847118
0.5,0.01 ,0.912623, 0.0540409,0.0333365,0.0873775
0.51,0.01 ,0.909642, 0.0541672,0.0361913,0.0903585
0.52,0.01 ,0.906294, 0.0542963,0.0394094,0.0937057
0.53,0.01 ,0.902521, 0.0544282,0.0430507,0.0974789
0.54,0.01 ,0.898252, 0.0545631,0.0471849,0.101748
0.55,0.01 ,0.893406, 0.0547009,0.0518927,0.106594
0.56,0.01 ,0.887893, 0.0548418,0.0572653,0.112107
0.57,0.01 ,0.881611, 0.0549859,0.063403,0.118389
0.58,0.01 ,0.874456, 0.0551331,0.0704113,0.125544
0.59,0.01 ,0.866322, 0.0552837,0.0783941,0.133678
0.6,0.01 ,0.857119, 0.0554376,0.0874434,0.142881
0.61,0.01 ,0.846779, 0.0555949,0.0976262,0.153221
0.62,0.01 ,0.835274, 0.0557557,0.108971,0.164726
0.63,0.01 ,0.822624, 0.05592,0.121456,0.177376
0.64,0.01 ,0.808904, 0.056088,0.135008,0.191096
0.65,0.01 ,0.794234, 0.0562596,0.149506,0.205766
0.66,0.01 ,0.77877, 0.0564349,0.164795,0.22123
0.67,0.01 ,0.762683, 0.056614,0.180703,0.237317
0.68,0.01 ,0.746149, 0.0567969,0.197054,0.253851
0.69,0.01 ,0.72933, 0.0569836,0.213686,0.27067
0.7,0.01 ,0.712371, 0.0571743,0.230455,0.287629
0.71,0.01 ,0.695394, 0.0573688,0.247237,0.304606
0.72,0.01 ,0.6785, 0.0575673,0.263933,0.3215
0.73,0.01 ,0.66177, 0.0577697,0.280461,0.33823
0.74,0.01 ,0.645265, 0.0579761,0.296759,0.354735
0.75,0.01 ,0.629035, 0.0581865,0.312779,0.370965
0.76,0.01 ,0.613113, 0.0584009,0.328486,0.386887
0.77,0.01 ,0.597526, 0.0586193,0.343854,0.402474
0.78,0.01 ,0.582291, 0.0588417,0.358867,0.417709
0.79,0.01 ,0.56742, 0.0590681,0.373512,0.43258
0.8,0.01 ,0.552918, 0.0592984,0.387784,0.447082
0.81,0.01 ,0.538788, 0.0595326,0.401679,0.461212
0.82,0.01 ,0.52503, 0.0597708,0.415199,0.47497
0.83,0.01 ,0.511641, 0.0600128,0.428346,0.488359
0.84,0.01 ,0.498616, 0.0602587,0.441125,0.501384
0.85,0.01 ,0.48595, 0.0605084,0.453542,0.51405
0.86,0.01 ,0.473635, 0.0607618,0.465603,0.526365
0.87,0.01 ,0.461664, 0.061019,0.477317,0.538336
0.88,0.01 ,0.450028, 0.0612799,0.488692,0.549972
0.89,0.01 ,0.438721, 0.0615444,0.499735,0.561279
0.9,0.01 ,0.427731, 0.0618125,0.510456,0.572269
0.91,0.01 ,0.417052, 0.062084,0.520864,0.582948
0.92,0.01 ,0.406674, 0.0623591,0.530967,0.593326
0.93,0.01 ,0.396588, 0.0626375,0.540775,0.603412
0.94,0.01 ,0.386786, 0.0629193,0.550295,0.613214
0.95,0.01 ,0.377259, 0.0632043,0.559537,0.622741
0.96,0.01 ,0.367999, 0.0634926,0.568509,0.632001
0.97,0.01 ,0.358997, 0.0637839,0.577219,0.641003
0.98,0.01 ,0.350247, 0.0640784,0.585675,0.649753
0.99,0.01 ,0.341739, 0.0643759,0.593885,0.658261
1,0.01 ,0.333467, 0.0646763,0.601857,0.666533
0,0.02 ,0.946856, 0.0503666,0.00277741,0.053144
0.01,0.02 ,0.946691, 0.050417,0.00289237,0.0533094
0.02,0.02 ,0.94652, 0.0504682,0.00301191,0.0534801
0.03,0.02 ,0.946344, 0.0505202,0.00313629,0.0536565
0.04,0.02 ,0.946161, 0.0505729,0.00326576,0.0538387
0.05,0.02 ,0.945973, 0.0506265,0.00340059,0.0540271
0.06,0.02 ,0.945778, 0.0506809,0.0035411,0.054222
0.07,0.02 ,0.945576, 0.0507362,0.00368758,0.0544237
0.08,0.02 ,0.945367, 0.0507923,0.00384039,0.0546327
0.09,0.02 ,0.945151, 0.0508493,0.00399989,0.0548492
0.1,0.02 ,0.944926, 0.0509072,0.00416648,0.0550737
0.11,0.02 ,0.944693, 0.0509661,0.00434058,0.0553067
0.12,0.02 ,0.944451, 0.0510259,0.00452265,0.0555486
0.13,0.02 ,0.9442, 0.0510867,0.00471318,0.0557999
0.14,0.02 ,0.943939, 0.0511486,0.00491271,0.0560613
0.15,0.02 ,0.943667, 0.0512114,0.0051218,0.0563332
0.16,0.02 ,0.943384, 0.0512753,0.00534109,0.0566164
0.17,0.02 ,0.943088, 0.0513403,0.00557125,0.0569116
0.18,0.02 ,0.942781, 0.0514064,0.00581302,0.0572195
0.19,0.02 ,0.942459, 0.0514737,0.0060672,0.0575409
0.2,0.02 ,0.942123, 0.0515421,0.00633466,0.0578768
0.21,0.02 ,0.941772, 0.0516118,0.00661635,0.0582281
0.22,0.02 ,0.941404, 0.0516826,0.00691331,0.0585959
0.23,0.02 ,0.941019, 0.0517547,0.00722669,0.0589814
0.24,0.02 ,0.940614, 0.0518282,0.00755773,0.0593859
0.25,0.02 ,0.940189, 0.0519029,0.0079078,0.0598107
0.26,0.02 ,0.939743, 0.0519791,0.00827844,0.0602575
0.27,0.02 ,0.939272, 0.0520566,0.0086713,0.0607279
0.28,0.02 ,0.938776, 0.0521356,0.00908825,0.0612238
0.29,0.02 ,0.938253, 0.052216,0.00953133,0.0617474
0.3,0.02 ,0.937699, 0.052298,0.0100028,0.0623008
0.31,0.02 ,0.937113, 0.0523816,0.0105053,0.0628869
0.32,0.02 ,0.936492, 0.0524667,0.0110415,0.0635083
0.33,0.02 ,0.935832, 0.0525535,0.0116148,0.0641683
0.34,0.02 ,0.935129, 0.0526421,0.0122286,0.0648707
0.35,0.02 ,0.934381, 0.0527323,0.012887,0.0656193
0.36,0.02 ,0.933581, 0.0528244,0.0135946,0.0664189
0.37,0.02 ,0.932725, 0.0529182,0.0143565,0.0672747
0.38,0.02 ,0.931807, 0.053014,0.0151785,0.0681925
0.39,0.02 ,0.930821, 0.0531118,0.0160674,0.0691792
0.4,0.02 ,0.929758, 0.0532115,0.0170309,0.0702424
0.41,0.02 ,0.928609, 0.0533133,0.0180778,0.0713911
0.42,0.02 ,0.927365, 0.0534172,0.0192182,0.0726354
0.43,0.02 ,0.926013, 0.0535233,0.0204638,0.0739872
0.44,0.02 ,0.92454, 0.0536317,0.0218285,0.0754601
0.45,0.02 ,0.92293, 0.0537423,0.023328,0.0770703
0.46,0.02 ,0.921164, 0.0538553,0.0249812,0.0788364
0.47,0.02 ,0.91922, 0.0539707,0.0268098,0.0807805
0.48,0.02 ,0.917072, 0.0540886,0.0288397,0.0829283
0.49,0.02 ,0.91469, 0.0542091,0.0311013,0.0853104
0.5,0.02 ,0.912037, 0.0543322,0.0336307,0.0879629
0.51,0.02 ,0.909072, 0.054458,0.0364705,0.0909284
0.52,0.02 ,0.905743, 0.0545865,0.0396709,0.0942575
0.53,0.02 ,0.901991, 0.0547179,0.0432913,0.0980093
0.54,0.02 ,0.897747, 0.0548522,0.0474009,0.102253
0.55,0.02 ,0.892931, 0.0549895,0.0520795,0.107069
0.56,0.02 ,0.887452, 0.0551299,0.0574176,0.112548
0.57,0.02 ,0.881212, 0.0552734,0.0635151,0.118788
0.58,0.02 ,0.874103, 0.05542,0.0704768,0.125897
0.59,0.02 ,0.866023, 0.05557,0.0784067,0.133977
0.6,0.02 ,0.85688, 0.0557232,0.087397,0.14312
0.61,0.02 ,0.846604, 0.0558799,0.0975157,0.153396
0.62,0.02 ,0.835167, 0.05604,0.108793,0.164833
0.63,0.02 ,0.822587, 0.0562036,0.12121,0.177413
0.64,0.02 ,0.808934, 0.0563709,0.134696,0.191066
0.65,0.02 ,0.794327, 0.0565418,0.149131,0.205673
0.66,0.02 ,0.77892, 0.0567163,0.164364,0.22108
0.67,0.02 ,0.762884, 0.0568947,0.180222,0.237116
0.68,0.02 ,0.746393, 0.0570768,0.19653,0.253607
0.69,0.02 ,0.72961, 0.0572627,0.213127,0.27039
0.7,0.02 ,0.712681, 0.0574525,0.229866,0.287319
0.71,0.02 ,0.695729, 0.0576462,0.246625,0.304271
0.72,0.02 ,0.678854, 0.0578438,0.263302,0.321146
0.73,0.02 ,0.662139, 0.0580454,0.279815,0.337861
0.74,0.02 ,0.645647, 0.058251,0.296102,0.354353
0.75,0.02 ,0.629425, 0.0584605,0.312115,0.370575
0.76,0.02 ,0.61351, 0.0586739,0.327816,0.38649
0.77,0.02 ,0.597928, 0.0588914,0.343181,0.402072
0.78,0.02 ,0.582696, 0.0591128,0.358192,0.417304
0.79,0.02 ,0.567826, 0.0593382,0.372836,0.432174
0.8,0.02 ,0.553324, 0.0595675,0.387108,0.446676
0.81,0.02 ,0.539194, 0.0598008,0.401005,0.460806
0.82,0.02 ,0.525434, 0.0600379,0.414528,0.474566
0.83,0.02 ,0.512043, 0.0602789,0.427678,0.487957
0.84,0.02 ,0.499016, 0.0605238,0.44046,0.500984
0.85,0.02 ,0.486346, 0.0607725,0.452881,0.513654
0.86,0.02 ,0.474028, 0.0610249,0.464947,0.525972
0.87,0.02 ,0.462053, 0.061281,0.476666,0.537947
0.88,0.02 ,0.450414, 0.0615408,0.488045,0.549586
0.89,0.02 ,0.439102, 0.0618042,0.499094,0.560898
0.9,0.02 ,0.428109, 0.0620712,0.50982,0.571891
0.91,0.02 ,0.417425, 0.0623417,0.520233,0.582575
0.92,0.02 ,0.407042, 0.0626156,0.530342,0.592958
0.93,0.02 ,0.396952, 0.0628929,0.540155,0.603048
0.94,0.02 ,0.387145, 0.0631736,0.549681,0.612855
0.95,0.02 ,0.377614, 0.0634575,0.558929,0.622386
0.96,0.02 ,0.368349, 0.0637447,0.567906,0.631651
0.97,0.02 ,0.359343, 0.0640349,0.576622,0.640657
0.98,0.02 ,0.350588, 0.0643283,0.585084,0.649412
0.99,0.02 ,0.342075, 0.0646246,0.5933,0.657925
1,0.02 ,0.333798, 0.0649239,0.601278,0.666202
0,0.03 ,0.946132, 0.0506764,0.003192,0.0538684
0.01,0.03 ,0.945967, 0.0507266,0.00330681,0.0540334
0.02,0.03 ,0.945796, 0.0507777,0.0034262,0.0542039
0.03,0.03 ,0.94562, 0.0508295,0.00355041,0.0543799
0.04,0.03 ,0.945438, 0.050882,0.0036797,0.0545618
0.05,0.03 ,0.94525, 0.0509355,0.00381435,0.0547498
0.06,0.03 ,0.945056, 0.0509897,0.00395466,0.0549443
0.07,0.03 ,0.944854, 0.0510448,0.00410094,0.0551457
0.08,0.03 ,0.944646, 0.0511007,0.00425354,0.0553542
0.09,0.03 ,0.94443, 0.0511576,0.00441281,0.0555704
0.1,0.03 ,0.944206, 0.0512153,0.00457916,0.0557945
0.11,0.03 ,0.943973, 0.051274,0.004753,0.056027
0.12,0.03 ,0.943732, 0.0513336,0.0049348,0.0562684
0.13,0.03 ,0.943481, 0.0513942,0.00512504,0.0565193
0.14,0.03 ,0.94322, 0.0514559,0.00532425,0.0567801
0.15,0.03 ,0.942948, 0.0515185,0.00553302,0.0570515
0.16,0.03 ,0.942666, 0.0515822,0.00575196,0.0573342
0.17,0.03 ,0.942371, 0.051647,0.00598174,0.0576288
0.18,0.03 ,0.942064, 0.0517129,0.00622311,0.057936
0.19,0.03 ,0.941743, 0.05178,0.00647685,0.0582568
0.2,0.03 ,0.941408, 0.0518482,0.00674384,0.058592
0.21,0.03 ,0.941057, 0.0519176,0.00702502,0.0589426
0.22,0.03 ,0.94069, 0.0519882,0.00732144,0.0593096
0.23,0.03 ,0.940306, 0.0520601,0.00763423,0.0596943
0.24,0.03 ,0.939902, 0.0521333,0.00796463,0.0600979
0.25,0.03 ,0.939478, 0.0522078,0.00831402,0.0605218
0.26,0.03 ,0.939032, 0.0522836,0.0086839,0.0609675
0.27,0.03 ,0.938563, 0.0523609,0.00907594,0.0614368
0.28,0.03 ,0.938068, 0.0524396,0.00949199,0.0619316
0.29,0.03 ,0.937546, 0.0525198,0.00993408,0.0624539
0.3,0.03 ,0.936994, 0.0526015,0.0104045,0.063006
0.31,0.03 ,0.936409, 0.0526848,0.0109058,0.0635905
0.32,0.03 ,0.93579, 0.0527696,0.0114407,0.0642104
0.33,0.03 ,0.935131, 0.0528561,0.0120125,0.0648687
0.34,0.03 ,0.934431, 0.0529443,0.0126247,0.0655691
0.35,0.03 ,0.933684, 0.0530343,0.0132814,0.0663156
0.36,0.03 ,0.932887, 0.053126,0.0139869,0.0671129
0.37,0.03 ,0.932034, 0.0532195,0.0147466,0.0679661
0.38,0.03 ,0.931119, 0.053315,0.0155662,0.0688811
0.39,0.03 ,0.930135, 0.0534124,0.0164523,0.0698646
0.4,0.03 ,0.929076, 0.0535117,0.0174126,0.0709243
0.41,0.03 ,0.927931, 0.0536132,0.0184559,0.072069
0.42,0.03 ,0.926691, 0.0537167,0.0195922,0.0733089
0.43,0.03 ,0.925344, 0.0538224,0.0208332,0.0746556
0.44,0.03 ,0.923877, 0.0539303,0.0221926,0.0761229
0.45,0.03 ,0.922273, 0.0540405,0.0236861,0.0777266
0.46,0.03 ,0.920515, 0.0541531,0.0253322,0.0794852
0.47,0.03 ,0.918579, 0.054268,0.0271526,0.0814207
0.48,0.03 ,0.916441, 0.0543855,0.029173,0.0835585
0.49,0.03 ,0.914071, 0.0545055,0.0314236,0.0859291
0.5,0.03 ,0.911432, 0.0546281,0.03394,0.0885681
0.51,0.03 ,0.908482, 0.0547534,0.0367645,0.0915179
0.52,0.03 ,0.905172, 0.0548814,0.0399469,0.0948284
0.53,0.03 ,0.901442, 0.0550123,0.043546,0.0985583
0.54,0.03 ,0.897224, 0.0551461,0.0476303,0.102776
0.55,0.03 ,0.892438, 0.0552828,0.0522791,0.107562
0.56,0.03 ,0.886995, 0.0554226,0.0575821,0.113005
0.57,0.03 ,0.880796, 0.0555654,0.0636384,0.119204
0.58,0.03 ,0.873736, 0.0557115,0.0705525,0.126264
0.59,0.03 ,0.865711, 0.0558608,0.0784282,0.134289
0.6,0.03 ,0.856629, 0.0560134,0.087358,0.143371
0.61,0.03 ,0.84642, 0.0561694,0.097411,0.15358
0.62,0.03 ,0.835052, 0.0563288,0.108619,0.164948
0.63,0.03 ,0.822542, 0.0564918,0.120966,0.177458
0.64,0.03 ,0.808958, 0.0566583,0.134383,0.191042
0.65,0.03 ,0.794417, 0.0568284,0.148755,0.205583
0.66,0.03 ,0.779069, 0.0570022,0.163929,0.220931
0.67,0.03 ,0.763086, 0.0571798,0.179734,0.236914
0.68,0.03 ,0.74664, 0.0573611,0.195999,0.25336
0.69,0.03 ,0.729896, 0.0575462,0.212558,0.270104
0.7,0.03 ,0.712998, 0.0577352,0.229267,0.287002
0.71,0.03 ,0.696071, 0.057928,0.246001,0.303929
0.72,0.03 ,0.679217, 0.0581248,0.262658,0.320783
0.73,0.03 ,0.662518, 0.0583255,0.279157,0.337482
0.74,0.03 ,0.646038, 0.0585301,0.295432,0.353962
0.75,0.03 ,0.629826, 0.0587387,0.311436,0.370174
0.76,0.03 ,0.613917, 0.0589512,0.327131,0.386083
0.77,0.03 ,0.59834, 0.0591677,0.342493,0.40166
0.78,0.03 ,0.583111, 0.0593882,0.357501,0.416889
0.79,0.03 ,0.568242, 0.0596126,0.372145,0.431758
0.8,0.03 ,0.553741, 0.0598409,0.386418,0.446259
0.81,0.03 ,0.539611, 0.0600732,0.400316,0.460389
0.82,0.03 ,0.52585, 0.0603093,0.413841,0.47415
0.83,0.03 ,0.512457, 0.0605493,0.426994,0.487543
0.84,0.03 ,0.499427, 0.0607931,0.43978,0.500573
0.85,0.03 ,0.486754, 0.0610407,0.452205,0.513246
0.86,0.03 ,0.474433, 0.061292,0.464275,0.525567
0.87,0.03 ,0.462454, 0.0615471,0.475999,0.537546
0.88,0.03 ,0.450811, 0.0618058,0.487383,0.549189
0.89,0.03 ,0.439495, 0.0620681,0.498437,0.560505
0.9,0.03 ,0.428497, 0.0623339,0.509169,0.571503
0.91,0.03 ,0.417809, 0.0626033,0.519588,0.582191
0.92,0.03 ,0.407422, 0.0628761,0.529702,0.592578
0.93,0.03 ,0.397327, 0.0631523,0.539521,0.602673
0.94,0.03 ,0.387515, 0.0634319,0.549053,0.612485
0.95,0.03 ,0.377979, 0.0637147,0.558306,0.622021
0.96,0.03 ,0.36871, 0.0640006,0.56729,0.63129
0.97,0.03 ,0.359699, 0.0642898,0.576012,0.640301
0.98,0.03 ,0.350939, 0.0645819,0.584479,0.649061
0.99,0.03 ,0.342421, 0.0648771,0.592701,0.657579
1,0.03 ,0.33414, 0.0651753,0.600685,0.66586
0,0.04 ,0.945384, 0.0509912,0.00362505,0.0546162
0.01,0.04 ,0.945219, 0.0510413,0.0037397,0.054781
0.02,0.04 ,0.945049, 0.0510921,0.00385892,0.0549511
0.03,0.04 ,0.944873, 0.0511438,0.00398296,0.0551267
0.04,0.04 ,0.944692, 0.0511962,0.00411207,0.0553083
0.05,0.04 ,0.944504, 0.0512494,0.00424653,0.055496
0.06,0.04 ,0.94431, 0.0513035,0.00438663,0.0556901
0.07,0.04 ,0.944109, 0.0513584,0.0045327,0.0558911
0.08,0.04 ,0.943901, 0.0514142,0.00468507,0.0560993
0.09,0.04 ,0.943685, 0.0514708,0.0048441,0.0563149
0.1,0.04 ,0.943461, 0.0515284,0.0050102,0.0565386
0.11,0.04 ,0.943229, 0.0515869,0.00518378,0.0567707
0.12,0.04 ,0.942988, 0.0516463,0.00536529,0.0570116
0.13,0.04 ,0.942738, 0.0517068,0.00555523,0.057262
0.14,0.04 ,0.942478, 0.0517682,0.00575412,0.0575223
0.15,0.04 ,0.942207, 0.0518306,0.00596254,0.0577932
0.16,0.04 ,0.941925, 0.0518941,0.00618112,0.0580753
0.17,0.04 ,0.941631, 0.0519587,0.00641051,0.0583692
0.18,0.04 ,0.941324, 0.0520244,0.00665146,0.0586759
0.19,0.04 ,0.941004, 0.0520912,0.00690475,0.058996
0.2,0.04 ,0.94067, 0.0521592,0.00717126,0.0593304
0.21,0.04 ,0.94032, 0.0522283,0.00745192,0.0596803
0.22,0.04 ,0.939953, 0.0522987,0.00774778,0.0600465
0.23,0.04 ,0.93957, 0.0523704,0.00805996,0.0604303
0.24,0.04 ,0.939167, 0.0524433,0.0083897,0.060833
0.25,0.04 ,0.938744, 0.0525176,0.00873837,0.0612559
0.26,0.04 ,0.938299, 0.0525932,0.00910748,0.0617007
0.27,0.04 ,0.937831, 0.0526702,0.00949867,0.0621688
0.28,0.04 ,0.937338, 0.0527486,0.0099138,0.0626624
0.29,0.04 ,0.936817, 0.0528285,0.0103549,0.0631834
0.3,0.04 ,0.936266, 0.0529099,0.0108242,0.0637341
0.31,0.04 ,0.935683, 0.0529929,0.0113242,0.0643171
0.32,0.04 ,0.935065, 0.0530775,0.0118579,0.0649353
0.33,0.04 ,0.934408, 0.0531636,0.0124282,0.0655918
0.34,0.04 ,0.93371, 0.0532515,0.0130387,0.0662903
0.35,0.04 ,0.932965, 0.0533411,0.0136935,0.0670347
0.36,0.04 ,0.93217, 0.0534325,0.0143971,0.0678296
0.37,0.04 ,0.93132, 0.0535257,0.0151545,0.0686802
0.38,0.04 ,0.930408, 0.0536208,0.0159715,0.0695923
0.39,0.04 ,0.929427, 0.0537178,0.0168547,0.0705726
0.4,0.04 ,0.928371, 0.0538168,0.0178118,0.0716286
0.41,0.04 ,0.927231, 0.0539179,0.0188514,0.0727693
0.42,0.04 ,0.925995, 0.054021,0.0199836,0.0740046
0.43,0.04 ,0.924654, 0.0541263,0.0212199,0.0753462
0.44,0.04 ,0.923192, 0.0542338,0.0225738,0.0768076
0.45,0.04 ,0.921595, 0.0543436,0.0240611,0.0784046
0.46,0.04 ,0.919844, 0.0544557,0.0257,0.0801556
0.47,0.04 ,0.917918, 0.0545702,0.0275121,0.0820823
0.48,0.04 ,0.91579, 0.0546872,0.0295229,0.08421
0.49,0.04 ,0.913431, 0.0548067,0.0317621,0.0865688
0.5,0.04 ,0.910806, 0.0549288,0.0342653,0.089194
0.51,0.04 ,0.907872, 0.0550536,0.0370741,0.0921277
0.52,0.04 ,0.904581, 0.0551811,0.0402382,0.0954192
0.53,0.04 ,0.900873, 0.0553114,0.0438154,0.0991269
0.54,0.04 ,0.896681, 0.0554446,0.047874,0.103319
0.55,0.04 ,0.891927, 0.0555808,0.0524923,0.108073
0.56,0.04 ,0.886521, 0.05572,0.0577594,0.113479
0.57,0.04 ,0.880364, 0.0558622,0.0637736,0.119636
0.58,0.04 ,0.873353, 0.0560076,0.0706391,0.126647
0.59,0.04 ,0.865384, 0.0561563,0.0784592,0.134616
0.6,0.04 ,0.856365, 0.0563082,0.0873271,0.143635
0.61,0.04 ,0.846224, 0.0564636,0.0973127,0.153776
0.62,0.04 ,0.834928, 0.0566223,0.10845,0.165072
0.63,0.04 ,0.822491, 0.0567845,0.120724,0.177509
0.64,0.04 ,0.808979, 0.0569503,0.134071,0.191021
0.65,0.04 ,0.794505, 0.0571197,0.148376,0.205495
0.66,0.04 ,0.779219, 0.0572927,0.163489,0.220781
0.67,0.04 ,0.76329, 0.0574695,0.179241,0.23671
0.68,0.04 ,0.746891, 0.05765,0.195459,0.253109
0.69,0.04 ,0.730186, 0.0578343,0.21198,0.269814
0.7,0.04 ,0.713321, 0.0580224,0.228657,0.286679
0.71,0.04 ,0.696421, 0.0582144,0.245365,0.303579
0.72,0.04 ,0.679588, 0.0584102,0.262002,0.320412
0.73,0.04 ,0.662906, 0.05861,0.278484,0.337094
0.74,0.04 ,0.646439, 0.0588137,0.294747,0.353561
0.75,0.04 ,0.630237, 0.0590214,0.310742,0.369763
0.76,0.04 ,0.614336, 0.0592329,0.326431,0.385664
0.77,0.04 ,0.598763, 0.0594485,0.341788,0.401237
0.78,0.04 ,0.583538, 0.0596679,0.356794,0.416462
0.79,0.04 ,0.568671, 0.0598913,0.371438,0.431329
0.8,0.04 ,0.554171, 0.0601186,0.385711,0.445829
0.81,0.04 ,0.540039, 0.0603498,0.399611,0.459961
0.82,0.04 ,0.526277, 0.0605849,0.413138,0.473723
0.83,0.04 ,0.512882, 0.0608238,0.426294,0.487118
0.84,0.04 ,0.49985, 0.0610666,0.439084,0.50015
0.85,0.04 ,0.487174, 0.0613131,0.451513,0.512826
0.86,0.04 ,0.474849, 0.0615633,0.463587,0.525151
0.87,0.04 ,0.462867, 0.0618173,0.475316,0.537133
0.88,0.04 ,0.45122, 0.0620749,0.486705,0.54878
0.89,0.04 ,0.439899, 0.0623361,0.497765,0.560101
0.9,0.04 ,0.428897, 0.0626008,0.508502,0.571103
0.91,0.04 ,0.418204, 0.0628691,0.518927,0.581796
0.92,0.04 ,0.407812, 0.0631407,0.529047,0.592188
0.93,0.04 ,0.397713, 0.0634158,0.538872,0.602287
0.94,0.04 ,0.387896, 0.0636941,0.54841,0.612104
0.95,0.04 ,0.378355, 0.0639758,0.557669,0.621645
0.96,0.04 ,0.369081, 0.0642606,0.566659,0.630919
0.97,0.04 ,0.360065, 0.0645485,0.575387,0.639935
0.98,0.04 ,0.3513, 0.0648396,0.583861,0.6487
0.99,0.04 ,0.342778, 0.0651336,0.592089,0.657222
1,0.04 ,0.334491, 0.0654305,0.600079,0.665509
0,0.05 ,0.944611, 0.0513112,0.00407753,0.0553887
0.01,0.05 ,0.944447, 0.0513611,0.00419201,0.0555531
0.02,0.05 ,0.944277, 0.0514118,0.00431105,0.0557229
0.03,0.05 ,0.944102, 0.0514633,0.00443491,0.0558982
0.04,0.05 ,0.943921, 0.0515155,0.00456382,0.0560794
0.05,0.05 ,0.943733, 0.0515686,0.00469808,0.0562667
0.06,0.05 ,0.94354, 0.0516225,0.00483797,0.0564605
0.07,0.05 ,0.943339, 0.0516772,0.00498381,0.056661
0.08,0.05 ,0.943131, 0.0517328,0.00513595,0.0568687
0.09,0.05 ,0.942916, 0.0517893,0.00529473,0.057084
0.1,0.05 ,0.942693, 0.0518467,0.00546056,0.0573072
0.11,0.05 ,0.942461, 0.051905,0.00563386,0.0575388
0.12,0.05 ,0.942221, 0.0519642,0.00581508,0.0577793
0.13,0.05 ,0.941971, 0.0520244,0.0060047,0.0580291
0.14,0.05 ,0.941711, 0.0520856,0.00620326,0.0582889
0.15,0.05 ,0.941441, 0.0521479,0.00641133,0.0585592
0.16,0.05 ,0.941159, 0.0522112,0.00662952,0.0588407
0.17,0.05 ,0.940866, 0.0522755,0.00685851,0.059134
0.18,0.05 ,0.94056, 0.052341,0.00709903,0.05944
0.19,0.05 ,0.940241, 0.0524076,0.00735185,0.0597594
0.2,0.05 ,0.939907, 0.0524753,0.00761786,0.0600932
0.21,0.05 ,0.939558, 0.0525442,0.00789799,0.0604422
0.22,0.05 ,0.939192, 0.0526144,0.00819326,0.0608076
0.23,0.05 ,0.938809, 0.0526858,0.00850482,0.0611906
0.24,0.05 ,0.938408, 0.0527584,0.00883388,0.0615923
0.25,0.05 ,0.937986, 0.0528324,0.00918182,0.0620142
0.26,0.05 ,0.937542, 0.0529078,0.00955012,0.0624579
0.27,0.05 ,0.937075, 0.0529845,0.00994045,0.0629249
0.28,0.05 ,0.936583, 0.0530627,0.0103546,0.0634173
0.29,0.05 ,0.936063, 0.0531423,0.0107947,0.0639369
0.3,0.05 ,0.935514, 0.0532234,0.0112628,0.0644862
0.31,0.05 ,0.934932, 0.053306,0.0117616,0.0650677
0.32,0.05 ,0.934316, 0.0533903,0.0122939,0.0656842
0.33,0.05 ,0.933661, 0.0534762,0.0128627,0.0663388
0.34,0.05 ,0.932965, 0.0535637,0.0134715,0.0670353
0.35,0.05 ,0.932223, 0.053653,0.0141245,0.0677775
0.36,0.05 ,0.93143, 0.053744,0.0148259,0.0685699
0.37,0.05 ,0.930582, 0.0538369,0.015581,0.0694178
0.38,0.05 ,0.929673, 0.0539316,0.0163954,0.070327
0.39,0.05 ,0.928696, 0.0540283,0.0172757,0.0713039
0.4,0.05 ,0.927644, 0.0541269,0.0182295,0.0723563
0.41,0.05 ,0.926507, 0.0542275,0.0192654,0.0734929
0.42,0.05 ,0.925276, 0.0543302,0.0203933,0.0747235
0.43,0.05 ,0.92394, 0.0544351,0.0216247,0.0760598
0.44,0.05 ,0.922485, 0.0545422,0.0229731,0.0775153
0.45,0.05 ,0.920895, 0.0546515,0.024454,0.0791055
0.46,0.05 ,0.919151, 0.0547632,0.0260855,0.0808487
0.47,0.05 ,0.917234, 0.0548772,0.0278892,0.0827664
0.48,0.05 ,0.915116, 0.0549937,0.02989,0.0848837
0.49,0.05 ,0.91277, 0.0551127,0.0321177,0.0872305
0.5,0.05 ,0.910158, 0.0552343,0.0346073,0.0898417
0.51,0.05 ,0.907241, 0.0553586,0.0374002,0.0927589
0.52,0.05 ,0.903969, 0.0554856,0.0405454,0.096031
0.53,0.05 ,0.900284, 0.0556154,0.0441005,0.0997159
0.54,0.05 ,0.896119, 0.055748,0.0481327,0.103881
0.55,0.05 ,0.891397, 0.0558836,0.0527199,0.108603
0.56,0.05 ,0.886028, 0.0560221,0.0579503,0.113972
0.57,0.05 ,0.879915, 0.0561638,0.0639216,0.120085
0.58,0.05 ,0.872954, 0.0563086,0.0707373,0.127046
0.59,0.05 ,0.865043, 0.0564566,0.0785006,0.134957
0.6,0.05 ,0.856087, 0.0566079,0.0873049,0.143913
0.61,0.05 ,0.846016, 0.0567625,0.0972213,0.153984
0.62,0.05 ,0.834794, 0.0569205,0.108285,0.165206
0.63,0.05 ,0.822432, 0.057082,0.120486,0.177568
0.64,0.05 ,0.808994, 0.057247,0.133759,0.191006
0.65,0.05 ,0.79459, 0.0574156,0.147995,0.20541
0.66,0.05 ,0.779368, 0.0575879,0.163045,0.220632
0.67,0.05 ,0.763495, 0.0577638,0.178741,0.236505
0.68,0.05 ,0.747145, 0.0579435,0.194911,0.252855
0.69,0.05 ,0.730482, 0.0581269,0.211391,0.269518
0.7,0.05 ,0.713651, 0.0583142,0.228035,0.286349
0.71,0.05 ,0.696779, 0.0585053,0.244716,0.303221
0.72,0.05 ,0.679968, 0.0587002,0.261331,0.320032
0.73,0.05 ,0.663304, 0.0588991,0.277797,0.336696
0.74,0.05 ,0.646851, 0.0591019,0.294047,0.353149
0.75,0.05 ,0.630659, 0.0593085,0.310033,0.369341
0.76,0.05 ,0.614766, 0.0595191,0.325715,0.385234
0.77,0.05 ,0.599198, 0.0597337,0.341068,0.400802
0.78,0.05 ,0.583976, 0.0599521,0.356072,0.416024
0.79,0.05 ,0.569112, 0.0601745,0.370714,0.430888
0.8,0.05 ,0.554612, 0.0604008,0.384987,0.445388
0.81,0.05 ,0.54048, 0.0606309,0.398889,0.45952
0.82,0.05 ,0.526717, 0.0608649,0.412418,0.473283
0.83,0.05 ,0.51332, 0.0611028,0.425577,0.48668
0.84,0.05 ,0.500285, 0.0613444,0.438371,0.499715
0.85,0.05 ,0.487606, 0.0615898,0.450804,0.512394
0.86,0.05 ,0.475278, 0.061839,0.462883,0.524722
0.87,0.05 ,0.463292, 0.0620918,0.474616,0.536708
0.88,0.05 ,0.451641, 0.0623482,0.486011,0.548359
0.89,0.05 ,0.440316, 0.0626083,0.497076,0.559684
0.9,0.05 ,0.429309, 0.0628719,0.507819,0.570691
0.91,0.05 ,0.418611, 0.063139,0.51825,0.581389
0.92,0.05 ,0.408215, 0.0634095,0.528376,0.591785
0.93,0.05 ,0.39811, 0.0636833,0.538207,0.60189
0.94,0.05 ,0.388289, 0.0639605,0.547751,0.611711
0.95,0.05 ,0.378742, 0.064241,0.557017,0.621258
0.96,0.05 ,0.369463, 0.0645246,0.566013,0.630537
0.97,0.05 ,0.360442, 0.0648114,0.574747,0.639558
0.98,0.05 ,0.351672, 0.0651012,0.583227,0.648328
0.99,0.05 ,0.343145, 0.065394,0.591461,0.656855
1,0.05 ,0.334853, 0.0656897,0.599458,0.665147
0,0.06 ,0.943813, 0.0516364,0.00455044,0.0561869
0.01,0.06 ,0.943649, 0.0516862,0.00466475,0.056351
0.02,0.06 ,0.94348, 0.0517368,0.00478361,0.0565204
0.03,0.06 ,0.943305, 0.0517881,0.00490727,0.0566953
0.04,0.06 ,0.943124, 0.0518401,0.00503598,0.0568761
0.05,0.06 ,0.942937, 0.051893,0.00517003,0.0570631
0.06,0.06 ,0.942744, 0.0519467,0.00530969,0.0572564
0.07,0.06 ,0.942543, 0.0520013,0.0054553,0.0574566
0.08,0.06 ,0.942336, 0.0520567,0.00560719,0.0576639
0.09,0.06 ,0.942121, 0.052113,0.00576571,0.0578787
0.1,0.06 ,0.941899, 0.0521701,0.00593127,0.0581014
0.11,0.06 ,0.941667, 0.0522282,0.00610428,0.0583325
0.12,0.06 ,0.941428, 0.0522873,0.00628519,0.0585725
0.13,0.06 ,0.941178, 0.0523473,0.00647448,0.0588218
0.14,0.06 ,0.940919, 0.0524083,0.0066727,0.059081
0.15,0.06 ,0.940649, 0.0524703,0.0068804,0.0593507
0.16,0.06 ,0.940368, 0.0525334,0.0070982,0.0596316
0.17,0.06 ,0.940076, 0.0525975,0.00732676,0.0599243
0.18,0.06 ,0.93977, 0.0526628,0.00756683,0.0602296
0.19,0.06 ,0.939452, 0.0527291,0.00781917,0.0605483
0.2,0.06 ,0.939119, 0.0527966,0.00808466,0.0608813
0.21,0.06 ,0.93877, 0.0528653,0.00836423,0.0612295
0.22,0.06 ,0.938406, 0.0529352,0.00865891,0.0615941
0.23,0.06 ,0.938024, 0.0530063,0.00896981,0.0619761
0.24,0.06 ,0.937623, 0.0530787,0.00929818,0.0623769
0.25,0.06 ,0.937202, 0.0531525,0.00964536,0.0627978
0.26,0.06 ,0.93676, 0.0532275,0.0100128,0.0632404
0.27,0.06 ,0.936294, 0.053304,0.0104023,0.0637062
0.28,0.06 ,0.935803, 0.0533818,0.0108155,0.0641973
0.29,0.06 ,0.935284, 0.0534612,0.0112544,0.0647156
0.3,0.06 ,0.934737, 0.053542,0.0117214,0.0652634
0.31,0.06 ,0.934157, 0.0536243,0.0122189,0.0658433
0.32,0.06 ,0.933542, 0.0537083,0.0127498,0.066458
0.33,0.06 ,0.932889, 0.0537938,0.013317,0.0671108
0.34,0.06 ,0.932195, 0.053881,0.0139241,0.0678052
0.35,0.06 ,0.931455, 0.05397,0.0145751,0.0685451
0.36,0.06 ,0.930665, 0.0540606,0.0152745,0.0693351
0.37,0.06 ,0.92982, 0.0541531,0.0160271,0.0701802
0.38,0.06 ,0.928914, 0.0542475,0.0168388,0.0710863
0.39,0.06 ,0.92794, 0.0543438,0.0177162,0.0720599
0.4,0.06 ,0.926891, 0.054442,0.0186666,0.0731085
0.41,0.06 ,0.925759, 0.0545422,0.0196986,0.0742408
0.42,0.06 ,0.924533, 0.0546445,0.0208222,0.0754667
0.43,0.06 ,0.923202, 0.054749,0.0220487,0.0767977
0.44,0.06 ,0.921753, 0.0548556,0.0233914,0.078247
0.45,0.06 ,0.92017, 0.0549645,0.0248657,0.0798302
0.46,0.06 ,0.918435, 0.0550757,0.0264898,0.0815655
0.47,0.06 ,0.916526, 0.0551893,0.0282847,0.083474
0.48,0.06 ,0.914419, 0.0553053,0.0302754,0.0855807
0.49,0.06 ,0.912085, 0.0554238,0.0324913,0.0879151
0.5,0.06 ,0.909488, 0.0555449,0.0349671,0.090512
0.51,0.06 ,0.906588, 0.0556686,0.0377437,0.0934124
0.52,0.06 ,0.903335, 0.0557951,0.0408697,0.0966648
0.53,0.06 ,0.899674, 0.0559243,0.0444021,0.100326
0.54,0.06 ,0.895536, 0.0560563,0.0484074,0.104464
0.55,0.06 ,0.890846, 0.0561913,0.0529627,0.109154
0.56,0.06 ,0.885515, 0.0563292,0.0581557,0.114485
0.57,0.06 ,0.879447, 0.0564703,0.0640831,0.120553
0.58,0.06 ,0.872538, 0.0566144,0.0708478,0.127462
0.59,0.06 ,0.864685, 0.0567617,0.078553,0.135315
0.6,0.06 ,0.855796, 0.0569123,0.0872921,0.144204
0.61,0.06 ,0.845796, 0.0570662,0.0971376,0.154204
0.62,0.06 ,0.83465, 0.0572235,0.108126,0.16535
0.63,0.06 ,0.822366, 0.0573843,0.12025,0.177634
0.64,0.06 ,0.809003, 0.0575485,0.133448,0.190997
0.65,0.06 ,0.794672, 0.0577164,0.147612,0.205328
0.66,0.06 ,0.779516, 0.0578878,0.162597,0.220484
0.67,0.06 ,0.763702, 0.0580629,0.178235,0.236298
0.68,0.06 ,0.747403, 0.0582417,0.194355,0.252597
0.69,0.06 ,0.730783, 0.0584243,0.210793,0.269217
0.7,0.06 ,0.713988, 0.0586107,0.227402,0.286012
0.71,0.06 ,0.697144, 0.0588009,0.244055,0.302856
0.72,0.06 ,0.680358, 0.0589949,0.260647,0.319642
0.73,0.06 ,0.663712, 0.0591928,0.277095,0.336288
0.74,0.06 ,0.647273, 0.0593946,0.293332,0.352727
0.75,0.06 ,0.631092, 0.0596003,0.309308,0.368908
0.76,0.06 ,0.615207, 0.0598099,0.324983,0.384793
0.77,0.06 ,0.599646, 0.0600235,0.340331,0.400354
0.78,0.06 ,0.584427, 0.0602409,0.355332,0.415573
0.79,0.06 ,0.569565, 0.0604622,0.369973,0.430435
0.8,0.06 ,0.555066, 0.0606874,0.384247,0.444934
0.81,0.06 ,0.540934, 0.0609165,0.398149,0.459066
0.82,0.06 ,0.52717, 0.0611494,0.411681,0.47283
0.83,0.06 ,0.513771, 0.0613861,0.424843,0.486229
0.84,0.06 ,0.500733, 0.0616267,0.43764,0.499267
0.85,0.06 ,0.488051, 0.061871,0.450078,0.511949
0.86,0.06 ,0.475719, 0.062119,0.462162,0.524281
0.87,0.06 ,0.463729, 0.0623706,0.4739,0.536271
0.88,0.06 ,0.452074, 0.0626259,0.4853,0.547926
0.89,0.06 ,0.440744, 0.0628848,0.496371,0.559256
0.9,0.06 ,0.429733, 0.0631472,0.50712,0.570267
0.91,0.06 ,0.419031, 0.0634131,0.517556,0.580969
0.92,0.06 ,0.408629, 0.0636824,0.527689,0.591371
0.93,0.06 ,0.398519, 0.0639551,0.537526,0.601481
0.94,0.06 ,0.388693, 0.0642311,0.547076,0.611307
0.95,0.06 ,0.379141, 0.0645103,0.556349,0.620859
0.96,0.06 ,0.369856, 0.0647927,0.565351,0.630144
0.97,0.06 ,0.36083, 0.0650783,0.574091,0.63917
0.98,0.06 ,0.352055, 0.0653669,0.582578,0.647945
0.99,0.06 ,0.343522, 0.0656585,0.590819,0.656478
1,0.06 ,0.335225, 0.065953,0.598822,0.664775
0,0.07 ,0.942988, 0.0519671,0.0050449,0.057012
0.01,0.07 ,0.942824, 0.0520167,0.00515902,0.0571757
0.02,0.07 ,0.942655, 0.0520671,0.00527768,0.0573448
0.03,0.07 ,0.942481, 0.0521182,0.00540114,0.0575194
0.04,0.07 ,0.9423, 0.0521701,0.00552964,0.0576998
0.05,0.07 ,0.942114, 0.0522228,0.00566346,0.0578863
0.06,0.07 ,0.941921, 0.0522764,0.00580289,0.0580792
0.07,0.07 ,0.941721, 0.0523307,0.00594825,0.058279
0.08,0.07 ,0.941514, 0.0523859,0.00609988,0.0584858
0.09,0.07 ,0.9413, 0.052442,0.00625813,0.0587001
0.1,0.07 ,0.941078, 0.052499,0.0064234,0.0589224
0.11,0.07 ,0.940847, 0.0525569,0.00659611,0.059153
0.12,0.07 ,0.940608, 0.0526157,0.00677669,0.0593924
0.13,0.07 ,0.940359, 0.0526755,0.00696565,0.0596412
0.14,0.07 ,0.9401, 0.0527363,0.0071635,0.0598998
0.15,0.07 ,0.939831, 0.0527981,0.00737082,0.0601689
0.16,0.07 ,0.939551, 0.052861,0.0075882,0.0604492
0.17,0.07 ,0.939259, 0.0529249,0.00781634,0.0607412
0.18,0.07 ,0.938954, 0.0529899,0.00805593,0.0610458
0.19,0.07 ,0.938636, 0.053056,0.00830778,0.0613638
0.2,0.07 ,0.938304, 0.0531232,0.00857273,0.061696
0.21,0.07 ,0.937957, 0.0531917,0.00885172,0.0620434
0.22,0.07 ,0.937593, 0.0532613,0.00914578,0.0624071
0.23,0.07 ,0.937212, 0.0533322,0.00945602,0.0627882
0.24,0.07 ,0.936812, 0.0534043,0.00978366,0.063188
0.25,0.07 ,0.936392, 0.0534778,0.0101301,0.0636078
0.26,0.07 ,0.935951, 0.0535526,0.0104967,0.0640492
0.27,0.07 ,0.935486, 0.0536287,0.0108852,0.0645139
0.28,0.07 ,0.934996, 0.0537063,0.0112974,0.0650037
0.29,0.07 ,0.934479, 0.0537853,0.0117352,0.0655206
0.3,0.07 ,0.933933, 0.0538658,0.012201,0.0660669
0.31,0.07 ,0.933355, 0.0539479,0.0126972,0.0666451
0.32,0.07 ,0.932742, 0.0540315,0.0132266,0.0672581
0.33,0.07 ,0.932091, 0.0541167,0.0137922,0.0679089
0.34,0.07 ,0.931399, 0.0542036,0.0143976,0.0686011
0.35,0.07 ,0.930661, 0.0542921,0.0150466,0.0693388
0.36,0.07 ,0.929874, 0.0543825,0.0157437,0.0701262
0.37,0.07 ,0.929031, 0.0544746,0.0164939,0.0709685
0.38,0.07 ,0.928129, 0.0545686,0.0173029,0.0718715
0.39,0.07 ,0.927158, 0.0546644,0.0181772,0.0728416
0.4,0.07 ,0.926114, 0.0547623,0.0191241,0.0738864
0.41,0.07 ,0.924986, 0.0548621,0.0201522,0.0750143
0.42,0.07 ,0.923765, 0.054964,0.0212713,0.0762353
0.43,0.07 ,0.922439, 0.055068,0.0224928,0.0775608
0.44,0.07 ,0.920996, 0.0551742,0.0238297,0.0790039
0.45,0.07 ,0.91942, 0.0552826,0.0252974,0.08058
0.46,0.07 ,0.917693, 0.0553933,0.0269137,0.0823071
0.47,0.07 ,0.915794, 0.0555064,0.0286998,0.0842062
0.48,0.07 ,0.913698, 0.0556219,0.0306801,0.0863021
0.49,0.07 ,0.911376, 0.0557399,0.032884,0.0886239
0.5,0.07 ,0.908794, 0.0558605,0.0353456,0.0912061
0.51,0.07 ,0.905911, 0.0559837,0.0381056,0.0940893
0.52,0.07 ,0.902678, 0.0561096,0.041212,0.0973215
0.53,0.07 ,0.899041, 0.0562382,0.0447211,0.100959
0.54,0.07 ,0.894931, 0.0563697,0.0486989,0.105069
0.55,0.07 ,0.890274, 0.056504,0.0532218,0.109726
0.56,0.07 ,0.884982, 0.0566414,0.0583765,0.115018
0.57,0.07 ,0.878959, 0.0567817,0.064259,0.121041
0.58,0.07 ,0.872103, 0.0569252,0.0709716,0.127897
0.59,0.07 ,0.864311, 0.0570718,0.0786172,0.135689
0.6,0.07 ,0.855489, 0.0572217,0.0872896,0.144511
0.61,0.07 ,0.845563, 0.0573749,0.0970621,0.154437
0.62,0.07 ,0.834495, 0.0575315,0.107974,0.165505
0.63,0.07 ,0.82229, 0.0576915,0.120018,0.17771
0.64,0.07 ,0.809007, 0.0578549,0.133138,0.190993
0.65,0.07 ,0.79475, 0.058022,0.147228,0.20525
0.66,0.07 ,0.779663, 0.0581926,0.162145,0.220337
0.67,0.07 ,0.76391, 0.0583668,0.177723,0.23609
0.68,0.07 ,0.747665, 0.0585448,0.193791,0.252335
0.69,0.07 ,0.731089, 0.0587265,0.210185,0.268911
0.7,0.07 ,0.714331, 0.058912,0.226757,0.285669
0.71,0.07 ,0.697518, 0.0591012,0.24338,0.302482
0.72,0.07 ,0.680756, 0.0592943,0.259949,0.319244
0.73,0.07 ,0.66413, 0.0594913,0.276379,0.33587
0.74,0.07 ,0.647706, 0.0596921,0.292602,0.352294
0.75,0.07 ,0.631537, 0.0598968,0.308566,0.368463
0.76,0.07 ,0.615661, 0.0601054,0.324234,0.384339
0.77,0.07 ,0.600105, 0.0603179,0.339577,0.399895
0.78,0.07 ,0.584891, 0.0605343,0.354575,0.415109
0.79,0.07 ,0.570031, 0.0607545,0.369214,0.429969
0.8,0.07 ,0.555533, 0.0609786,0.383488,0.444467
0.81,0.07 ,0.541401, 0.0612066,0.397392,0.458599
0.82,0.07 ,0.527636, 0.0614384,0.410926,0.472364
0.83,0.07 ,0.514235, 0.061674,0.424091,0.485765
