Betamv, Betapv,V,Rs,Rv,P
0,0 ,0.935959, 0.0620409,0.002,0.0640409
0.01,0 ,0.934781, 0.062496,0.00272299,0.065219
0.02,0 ,0.933564, 0.0629569,0.00347866,0.0664356
0.03,0 ,0.932308, 0.0634235,0.00426869,0.0676922
0.04,0 ,0.931009, 0.063896,0.00509481,0.0689908
0.05,0 ,0.929667, 0.0643743,0.00595889,0.0703332
0.06,0 ,0.928279, 0.0648586,0.00686287,0.0717215
0.07,0 ,0.926842, 0.0653489,0.00780886,0.0731577
0.08,0 ,0.925356, 0.0658452,0.00879904,0.0746442
0.09,0 ,0.923817, 0.0663475,0.00983576,0.0761833
0.1,0 ,0.922222, 0.0668561,0.0109215,0.0777776
0.11,0 ,0.92057, 0.0673708,0.0120589,0.0794297
0.12,0 ,0.918858, 0.0678917,0.0132507,0.0811424
0.13,0 ,0.917081, 0.0684189,0.0144999,0.0829188
0.14,0 ,0.915238, 0.0689523,0.0158097,0.0847621
0.15,0 ,0.913324, 0.0694921,0.0171834,0.0866755
0.16,0 ,0.911337, 0.0700383,0.0186245,0.0886628
0.17,0 ,0.909272, 0.0705908,0.0201369,0.0907276
0.18,0 ,0.907126, 0.0711496,0.0217244,0.0928741
0.19,0 ,0.904894, 0.0717149,0.0233915,0.0951064
0.2,0 ,0.902571, 0.0722866,0.0251425,0.0974292
0.21,0 ,0.900153, 0.0728647,0.0269824,0.0998471
0.22,0 ,0.897635, 0.0734492,0.0289161,0.102365
0.23,0 ,0.895011, 0.0740402,0.0309491,0.104989
0.24,0 ,0.892275, 0.0746374,0.0330871,0.107725
0.25,0 ,0.889423, 0.0752411,0.0353363,0.110577
0.26,0 ,0.886446, 0.075851,0.037703,0.113554
0.27,0 ,0.883339, 0.0764673,0.0401942,0.116661
0.28,0 ,0.880093, 0.0770898,0.0428169,0.119907
0.29,0 ,0.876703, 0.0777185,0.0455788,0.123297
0.3,0 ,0.873159, 0.0783533,0.0484879,0.126841
0.31,0 ,0.869453, 0.0789942,0.0515527,0.130547
0.32,0 ,0.865577, 0.0796411,0.0547819,0.134423
0.33,0 ,0.861521, 0.0802939,0.0581849,0.138479
0.34,0 ,0.857276, 0.0809526,0.0617713,0.142724
0.35,0 ,0.852832, 0.0816169,0.065551,0.147168
0.36,0 ,0.848179, 0.0822868,0.0695345,0.151821
0.37,0 ,0.843305, 0.0829623,0.0737324,0.156695
0.38,0 ,0.838201, 0.0836431,0.0781555,0.161799
0.39,0 ,0.832856, 0.0843291,0.0828147,0.167144
0.4,0 ,0.827259, 0.0850202,0.0877212,0.172741
0.41,0 ,0.821398, 0.0857163,0.0928857,0.178602
0.42,0 ,0.815264, 0.0864172,0.0983191,0.184736
0.43,0 ,0.808846, 0.0871227,0.104031,0.191154
0.44,0 ,0.802135, 0.0878327,0.110032,0.197865
0.45,0 ,0.795122, 0.0885469,0.116331,0.204878
0.46,0 ,0.7878, 0.0892653,0.122934,0.2122
0.47,0 ,0.780163, 0.0899876,0.129849,0.219837
0.48,0 ,0.772207, 0.0907137,0.13708,0.227793
0.49,0 ,0.763928, 0.0914433,0.144629,0.236072
0.5,0 ,0.755327, 0.0921763,0.152497,0.244673
0.51,0 ,0.746406, 0.0929124,0.160682,0.253594
0.52,0 ,0.737169, 0.0936515,0.169179,0.262831
0.53,0 ,0.727625, 0.0943934,0.177982,0.272375
0.54,0 ,0.717784, 0.0951378,0.187078,0.282216
0.55,0 ,0.707659, 0.0958847,0.196456,0.292341
0.56,0 ,0.697267, 0.0966337,0.206099,0.302733
0.57,0 ,0.686627, 0.0973847,0.215988,0.313373
0.58,0 ,0.67576, 0.0981374,0.226102,0.32424
0.59,0 ,0.66469, 0.0988918,0.236419,0.33531
0.6,0 ,0.653441, 0.0996476,0.246911,0.346559
0.61,0 ,0.642041, 0.100405,0.257555,0.357959
0.62,0 ,0.630516, 0.101163,0.268321,0.369484
0.63,0 ,0.618895, 0.101922,0.279183,0.381105
0.64,0 ,0.607205, 0.102681,0.290114,0.392795
0.65,0 ,0.595473, 0.103441,0.301086,0.404527
0.66,0 ,0.583725, 0.104202,0.312073,0.416275
0.67,0 ,0.571988, 0.104963,0.32305,0.428012
0.68,0 ,0.560284, 0.105723,0.333993,0.439716
0.69,0 ,0.548636, 0.106484,0.34488,0.451364
0.7,0 ,0.537065, 0.107244,0.355691,0.462935
0.71,0 ,0.525589, 0.108004,0.366407,0.474411
0.72,0 ,0.514226, 0.108764,0.377011,0.485774
0.73,0 ,0.50299, 0.109523,0.387488,0.49701
0.74,0 ,0.491894, 0.110281,0.397825,0.508106
0.75,0 ,0.480952, 0.111038,0.40801,0.519048
0.76,0 ,0.470172, 0.111794,0.418034,0.529828
0.77,0 ,0.459563, 0.112549,0.427887,0.540437
0.78,0 ,0.449133, 0.113303,0.437564,0.550867
0.79,0 ,0.438886, 0.114056,0.447058,0.561114
0.8,0 ,0.428828, 0.114807,0.456365,0.571172
0.81,0 ,0.418963, 0.115556,0.465481,0.581037
0.82,0 ,0.409291, 0.116304,0.474404,0.590709
0.83,0 ,0.399816, 0.117051,0.483133,0.600184
0.84,0 ,0.390539, 0.117796,0.491666,0.609461
0.85,0 ,0.381458, 0.118539,0.500004,0.618542
0.86,0 ,0.372574, 0.11928,0.508147,0.627426
0.87,0 ,0.363886, 0.120019,0.516096,0.636114
0.88,0 ,0.355392, 0.120756,0.523852,0.644608
0.89,0 ,0.347091, 0.121491,0.531419,0.652909
0.9,0 ,0.33898, 0.122224,0.538797,0.66102
0.91,0 ,0.331056, 0.122954,0.545989,0.668944
0.92,0 ,0.323318, 0.123683,0.552999,0.676682
0.93,0 ,0.315762, 0.124409,0.559828,0.684238
0.94,0 ,0.308385, 0.125133,0.566481,0.691615
0.95,0 ,0.301184, 0.125855,0.572961,0.698816
0.96,0 ,0.294156, 0.126574,0.57927,0.705844
0.97,0 ,0.287296, 0.127291,0.585413,0.712704
0.98,0 ,0.280602, 0.128006,0.591392,0.719398
0.99,0 ,0.27407, 0.128718,0.597212,0.72593
1,0 ,0.267697, 0.129427,0.602875,0.732303
0,0.01 ,0.935949, 0.0620414,0.00201004,0.0640515
0.01,0.01 ,0.93477, 0.0624966,0.00273301,0.0652296
0.02,0.01 ,0.933554, 0.0629574,0.00348867,0.0664461
0.03,0.01 ,0.932297, 0.063424,0.00427868,0.0677027
0.04,0.01 ,0.930999, 0.0638965,0.00510478,0.0690013
0.05,0.01 ,0.929656, 0.0643748,0.00596883,0.0703436
0.06,0.01 ,0.928268, 0.0648591,0.00687279,0.0717318
0.07,0.01 ,0.926832, 0.0653493,0.00781875,0.073168
0.08,0.01 ,0.925346, 0.0658456,0.0088089,0.0746545
0.09,0.01 ,0.923806, 0.0663479,0.00984559,0.0761935
0.1,0.01 ,0.922212, 0.0668565,0.0109313,0.0777877
0.11,0.01 ,0.92056, 0.0673711,0.0120686,0.0794398
0.12,0.01 ,0.918848, 0.067892,0.0132604,0.0811525
0.13,0.01 ,0.917071, 0.0684192,0.0145096,0.0829288
0.14,0.01 ,0.915228, 0.0689526,0.0158194,0.084772
0.15,0.01 ,0.913315, 0.0694924,0.017193,0.0866854
0.16,0.01 ,0.911327, 0.0700385,0.0186341,0.0886726
0.17,0.01 ,0.909263, 0.070591,0.0201464,0.0907374
0.18,0.01 ,0.907116, 0.0711499,0.0217339,0.0928838
0.19,0.01 ,0.904884, 0.0717151,0.0234009,0.095116
0.2,0.01 ,0.902561, 0.0722868,0.0251518,0.0974387
0.21,0.01 ,0.900143, 0.0728649,0.0269916,0.0998565
0.22,0.01 ,0.897625, 0.0734494,0.0289253,0.102375
0.23,0.01 ,0.895002, 0.0740403,0.0309582,0.104998
0.24,0.01 ,0.892266, 0.0746375,0.0330962,0.107734
0.25,0.01 ,0.889414, 0.0752412,0.0353452,0.110586
0.26,0.01 ,0.886437, 0.0758511,0.0377119,0.113563
0.27,0.01 ,0.88333, 0.0764673,0.0402029,0.11667
0.28,0.01 ,0.880085, 0.0770898,0.0428255,0.119915
0.29,0.01 ,0.876694, 0.0777185,0.0455873,0.123306
0.3,0.01 ,0.87315, 0.0783533,0.0484963,0.12685
0.31,0.01 ,0.869445, 0.0789942,0.0515609,0.130555
0.32,0.01 ,0.865569, 0.079641,0.05479,0.134431
0.33,0.01 ,0.861513, 0.0802938,0.0581929,0.138487
0.34,0.01 ,0.857269, 0.0809524,0.0617791,0.142731
0.35,0.01 ,0.852825, 0.0816167,0.0655587,0.147175
0.36,0.01 ,0.848171, 0.0822866,0.069542,0.151829
0.37,0.01 ,0.843298, 0.0829621,0.0737396,0.156702
0.38,0.01 ,0.838195, 0.0836428,0.0781625,0.161805
0.39,0.01 ,0.83285, 0.0843288,0.0828215,0.16715
0.4,0.01 ,0.827252, 0.08502,0.0877277,0.172748
0.41,0.01 ,0.821392, 0.085716,0.0928921,0.178608
0.42,0.01 ,0.815258, 0.0864169,0.0983251,0.184742
0.43,0.01 ,0.80884, 0.0871223,0.104037,0.19116
0.44,0.01 ,0.80213, 0.0878323,0.110038,0.19787
0.45,0.01 ,0.795117, 0.0885465,0.116336,0.204883
0.46,0.01 ,0.787796, 0.0892649,0.122939,0.212204
0.47,0.01 ,0.780159, 0.0899872,0.129854,0.219841
0.48,0.01 ,0.772203, 0.0907132,0.137084,0.227797
0.49,0.01 ,0.763925, 0.0914428,0.144633,0.236075
0.5,0.01 ,0.755324, 0.0921757,0.1525,0.244676
0.51,0.01 ,0.746403, 0.0929118,0.160685,0.253597
0.52,0.01 ,0.737167, 0.0936509,0.169182,0.262833
0.53,0.01 ,0.727623, 0.0943928,0.177984,0.272377
0.54,0.01 ,0.717783, 0.0951372,0.18708,0.282217
0.55,0.01 ,0.707658, 0.095884,0.196458,0.292342
0.56,0.01 ,0.697267, 0.096633,0.2061,0.302733
0.57,0.01 ,0.686627, 0.0973839,0.215989,0.313373
0.58,0.01 ,0.67576, 0.0981367,0.226103,0.32424
0.59,0.01 ,0.66469, 0.098891,0.236419,0.33531
0.6,0.01 ,0.653442, 0.0996468,0.246911,0.346558
0.61,0.01 ,0.642042, 0.100404,0.257554,0.357958
0.62,0.01 ,0.630518, 0.101162,0.26832,0.369482
0.63,0.01 ,0.618897, 0.101921,0.279182,0.381103
0.64,0.01 ,0.607207, 0.10268,0.290113,0.392793
0.65,0.01 ,0.595475, 0.10344,0.301084,0.404525
0.66,0.01 ,0.583728, 0.104201,0.312071,0.416272
0.67,0.01 ,0.571991, 0.104962,0.323047,0.428009
0.68,0.01 ,0.560287, 0.105722,0.33399,0.439713
0.69,0.01 ,0.54864, 0.106483,0.344877,0.45136
0.7,0.01 ,0.537069, 0.107243,0.355688,0.462931
0.71,0.01 ,0.525593, 0.108003,0.366404,0.474407
0.72,0.01 ,0.51423, 0.108763,0.377008,0.48577
0.73,0.01 ,0.502994, 0.109522,0.387485,0.497006
0.74,0.01 ,0.491899, 0.11028,0.397822,0.508101
0.75,0.01 ,0.480956, 0.111037,0.408007,0.519044
0.76,0.01 ,0.470176, 0.111793,0.418031,0.529824
0.77,0.01 ,0.459568, 0.112548,0.427884,0.540432
0.78,0.01 ,0.449137, 0.113302,0.437561,0.550863
0.79,0.01 ,0.438891, 0.114054,0.447055,0.561109
0.8,0.01 ,0.428833, 0.114806,0.456361,0.571167
0.81,0.01 ,0.418967, 0.115555,0.465478,0.581033
0.82,0.01 ,0.409296, 0.116303,0.474401,0.590704
0.83,0.01 ,0.399821, 0.11705,0.483129,0.600179
0.84,0.01 ,0.390543, 0.117794,0.491662,0.609457
0.85,0.01 ,0.381463, 0.118537,0.5,0.618537
0.86,0.01 ,0.372579, 0.119278,0.508143,0.627421
0.87,0.01 ,0.36389, 0.120017,0.516092,0.63611
0.88,0.01 ,0.355397, 0.120754,0.523849,0.644603
0.89,0.01 ,0.347095, 0.121489,0.531415,0.652905
0.9,0.01 ,0.338984, 0.122222,0.538793,0.661016
0.91,0.01 ,0.331061, 0.122953,0.545986,0.668939
0.92,0.01 ,0.323323, 0.123682,0.552996,0.676677
0.93,0.01 ,0.315767, 0.124408,0.559825,0.684233
0.94,0.01 ,0.30839, 0.125132,0.566478,0.69161
0.95,0.01 ,0.301189, 0.125854,0.572958,0.698811
0.96,0.01 ,0.29416, 0.126573,0.579267,0.70584
0.97,0.01 ,0.2873, 0.12729,0.58541,0.7127
0.98,0.01 ,0.280606, 0.128004,0.591389,0.719394
0.99,0.01 ,0.274075, 0.128716,0.597209,0.725925
1,0.01 ,0.267701, 0.129426,0.602873,0.732299
0,0.02 ,0.935938, 0.062042,0.0020203,0.0640623
0.01,0.02 ,0.93476, 0.0624971,0.00274326,0.0652404
0.02,0.02 ,0.933543, 0.0629579,0.0034989,0.0664568
0.03,0.02 ,0.932287, 0.0634245,0.00428888,0.0677134
0.04,0.02 ,0.930988, 0.063897,0.00511496,0.0690119
0.05,0.02 ,0.929646, 0.0643753,0.00597899,0.0703543
0.06,0.02 ,0.928258, 0.0648595,0.00688293,0.0717424
0.07,0.02 ,0.926821, 0.0653497,0.00782885,0.0731786
0.08,0.02 ,0.925335, 0.065846,0.00881898,0.074665
0.09,0.02 ,0.923796, 0.0663484,0.00985564,0.076204
0.1,0.02 ,0.922202, 0.0668568,0.0109413,0.0777982
0.11,0.02 ,0.92055, 0.0673715,0.0120786,0.0794501
0.12,0.02 ,0.918837, 0.0678924,0.0132704,0.0811628
0.13,0.02 ,0.917061, 0.0684195,0.0145195,0.0829391
0.14,0.02 ,0.915218, 0.068953,0.0158292,0.0847822
0.15,0.02 ,0.913304, 0.0694927,0.0172028,0.0866955
0.16,0.02 ,0.911317, 0.0700388,0.0186439,0.0886827
0.17,0.02 ,0.909253, 0.0705913,0.0201561,0.0907474
0.18,0.02 ,0.907106, 0.0711501,0.0217436,0.0928937
0.19,0.02 ,0.904874, 0.0717154,0.0234105,0.0951258
0.2,0.02 ,0.902552, 0.072287,0.0251614,0.0974484
0.21,0.02 ,0.900134, 0.0728651,0.0270011,0.0998661
0.22,0.02 ,0.897616, 0.0734495,0.0289346,0.102384
0.23,0.02 ,0.894992, 0.0740404,0.0309675,0.105008
0.24,0.02 ,0.892257, 0.0746376,0.0331054,0.107743
0.25,0.02 ,0.889404, 0.0752412,0.0353544,0.110596
0.26,0.02 ,0.886428, 0.0758512,0.0377209,0.113572
0.27,0.02 ,0.883321, 0.0764674,0.0402118,0.116679
0.28,0.02 ,0.880076, 0.0770898,0.0428343,0.119924
0.29,0.02 ,0.876686, 0.0777185,0.045596,0.123314
0.3,0.02 ,0.873142, 0.0783533,0.0485048,0.126858
0.31,0.02 ,0.869437, 0.0789941,0.0515693,0.130563
0.32,0.02 ,0.865561, 0.079641,0.0547983,0.134439
0.33,0.02 ,0.861505, 0.0802937,0.058201,0.138495
0.34,0.02 ,0.857261, 0.0809523,0.061787,0.142739
0.35,0.02 ,0.852817, 0.0816166,0.0655664,0.147183
0.36,0.02 ,0.848164, 0.0822865,0.0695496,0.151836
0.37,0.02 ,0.843291, 0.0829619,0.073747,0.156709
0.38,0.02 ,0.838188, 0.0836426,0.0781697,0.161812
0.39,0.02 ,0.832843, 0.0843286,0.0828285,0.167157
0.4,0.02 ,0.827246, 0.0850197,0.0877345,0.172754
0.41,0.02 ,0.821386, 0.0857157,0.0928985,0.178614
0.42,0.02 ,0.815252, 0.0864165,0.0983313,0.184748
0.43,0.02 ,0.808835, 0.087122,0.104043,0.191165
0.44,0.02 ,0.802125, 0.0878319,0.110044,0.197875
0.45,0.02 ,0.795113, 0.0885461,0.116341,0.204887
0.46,0.02 ,0.787791, 0.0892644,0.122944,0.212209
0.47,0.02 ,0.780155, 0.0899867,0.129858,0.219845
0.48,0.02 ,0.772199, 0.0907127,0.137088,0.227801
0.49,0.02 ,0.763921, 0.0914423,0.144636,0.236079
0.5,0.02 ,0.755321, 0.0921752,0.152504,0.244679
0.51,0.02 ,0.746401, 0.0929113,0.160688,0.253599
0.52,0.02 ,0.737165, 0.0936503,0.169185,0.262835
0.53,0.02 ,0.727622, 0.0943922,0.177986,0.272378
0.54,0.02 ,0.717781, 0.0951366,0.187082,0.282219
0.55,0.02 ,0.707657, 0.0958833,0.196459,0.292343
0.56,0.02 ,0.697266, 0.0966323,0.206101,0.302734
0.57,0.02 ,0.686627, 0.0973832,0.21599,0.313373
0.58,0.02 ,0.675761, 0.098136,0.226103,0.324239
0.59,0.02 ,0.664691, 0.0988903,0.236419,0.335309
0.6,0.02 ,0.653443, 0.099646,0.246911,0.346557
0.61,0.02 ,0.642044, 0.100403,0.257553,0.357956
0.62,0.02 ,0.63052, 0.101161,0.268319,0.36948
0.63,0.02 ,0.618899, 0.10192,0.279181,0.381101
0.64,0.02 ,0.607209, 0.102679,0.290111,0.392791
0.65,0.02 ,0.595478, 0.10344,0.301082,0.404522
0.66,0.02 ,0.583731, 0.1042,0.312069,0.416269
0.67,0.02 ,0.571994, 0.104961,0.323045,0.428006
0.68,0.02 ,0.560291, 0.105721,0.333988,0.439709
0.69,0.02 ,0.548643, 0.106482,0.344875,0.451357
0.7,0.02 ,0.537072, 0.107242,0.355685,0.462928
0.71,0.02 ,0.525597, 0.108002,0.366401,0.474403
0.72,0.02 ,0.514234, 0.108762,0.377005,0.485766
0.73,0.02 ,0.502998, 0.10952,0.387482,0.497002
0.74,0.02 ,0.491903, 0.110279,0.397819,0.508097
0.75,0.02 ,0.480961, 0.111036,0.408004,0.519039
0.76,0.02 ,0.470181, 0.111792,0.418027,0.529819
0.77,0.02 ,0.459572, 0.112547,0.427881,0.540428
0.78,0.02 ,0.449142, 0.113301,0.437557,0.550858
0.79,0.02 ,0.438896, 0.114053,0.447051,0.561104
0.8,0.02 ,0.428838, 0.114804,0.456358,0.571162
0.81,0.02 ,0.418972, 0.115554,0.465474,0.581028
0.82,0.02 ,0.409301, 0.116302,0.474397,0.590699
0.83,0.02 ,0.399826, 0.117048,0.483126,0.600174
0.84,0.02 ,0.390548, 0.117793,0.491659,0.609452
0.85,0.02 ,0.381467, 0.118536,0.499997,0.618533
0.86,0.02 ,0.372583, 0.119277,0.50814,0.627417
0.87,0.02 ,0.363895, 0.120016,0.516089,0.636105
0.88,0.02 ,0.355401, 0.120753,0.523846,0.644599
0.89,0.02 ,0.3471, 0.121488,0.531412,0.6529
0.9,0.02 ,0.338989, 0.122221,0.53879,0.661011
0.91,0.02 ,0.331066, 0.122952,0.545983,0.668934
0.92,0.02 ,0.323327, 0.12368,0.552992,0.676673
0.93,0.02 ,0.315771, 0.124407,0.559822,0.684229
0.94,0.02 ,0.308394, 0.125131,0.566475,0.691606
0.95,0.02 ,0.301193, 0.125852,0.572955,0.698807
0.96,0.02 ,0.294164, 0.126572,0.579264,0.705836
0.97,0.02 ,0.287305, 0.127288,0.585407,0.712695
0.98,0.02 ,0.280611, 0.128003,0.591386,0.719389
0.99,0.02 ,0.274079, 0.128715,0.597206,0.725921
1,0.02 ,0.267706, 0.129425,0.60287,0.732294
0,0.03 ,0.935927, 0.0620425,0.00203079,0.0640733
0.01,0.03 ,0.934749, 0.0624976,0.00275373,0.0652514
0.02,0.03 ,0.933532, 0.0629585,0.00350935,0.0664678
0.03,0.03 ,0.932276, 0.0634251,0.00429931,0.0677244
0.04,0.03 ,0.930977, 0.0638975,0.00512537,0.0690228
0.05,0.03 ,0.929635, 0.0643758,0.00598937,0.0703651
0.06,0.03 ,0.928247, 0.06486,0.00689328,0.0717533
0.07,0.03 ,0.926811, 0.0653502,0.00783919,0.0731894
0.08,0.03 ,0.925324, 0.0658464,0.00882928,0.0746757
0.09,0.03 ,0.923785, 0.0663488,0.00986591,0.0762147
0.1,0.03 ,0.922191, 0.0668572,0.0109516,0.0778088
0.11,0.03 ,0.920539, 0.0673719,0.0120888,0.0794607
0.12,0.03 ,0.918827, 0.0678927,0.0132805,0.0811733
0.13,0.03 ,0.91705, 0.0684199,0.0145297,0.0829495
0.14,0.03 ,0.915207, 0.0689533,0.0158393,0.0847926
0.15,0.03 ,0.913294, 0.069493,0.0172129,0.0867059
0.16,0.03 ,0.911307, 0.0700391,0.0186538,0.0886929
0.17,0.03 ,0.909242, 0.0705915,0.020166,0.0907576
0.18,0.03 ,0.907096, 0.0711504,0.0217534,0.0929038
0.19,0.03 ,0.904864, 0.0717156,0.0234203,0.0951359
0.2,0.03 ,0.902542, 0.0722872,0.0251711,0.0974583
0.21,0.03 ,0.900124, 0.0728653,0.0270107,0.099876
0.22,0.03 ,0.897606, 0.0734497,0.0289442,0.102394
0.23,0.03 ,0.894982, 0.0740405,0.030977,0.105018
0.24,0.03 ,0.892247, 0.0746378,0.0331148,0.107753
0.25,0.03 ,0.889395, 0.0752413,0.0353637,0.110605
0.26,0.03 ,0.886419, 0.0758512,0.0377302,0.113581
0.27,0.03 ,0.883312, 0.0764674,0.040221,0.116688
0.28,0.03 ,0.880067, 0.0770899,0.0428433,0.119933
0.29,0.03 ,0.876677, 0.0777185,0.0456049,0.123323
0.3,0.03 ,0.873133, 0.0783532,0.0485136,0.126867
0.31,0.03 ,0.869428, 0.0789941,0.051578,0.130572
0.32,0.03 ,0.865552, 0.0796409,0.0548068,0.134448
0.33,0.03 ,0.861497, 0.0802936,0.0582093,0.138503
0.34,0.03 ,0.857253, 0.0809522,0.0617952,0.142747
0.35,0.03 ,0.852809, 0.0816164,0.0655744,0.147191
0.36,0.03 ,0.848156, 0.0822863,0.0695574,0.151844
0.37,0.03 ,0.843284, 0.0829616,0.0737546,0.156716
0.38,0.03 ,0.838181, 0.0836424,0.078177,0.161819
0.39,0.03 ,0.832836, 0.0843283,0.0828356,0.167164
0.4,0.03 ,0.827239, 0.0850194,0.0877413,0.172761
0.41,0.03 ,0.821379, 0.0857154,0.0929051,0.178621
0.42,0.03 ,0.815246, 0.0864162,0.0983377,0.184754
0.43,0.03 ,0.808829, 0.0871216,0.104049,0.191171
0.44,0.03 ,0.802119, 0.0878315,0.110049,0.197881
0.45,0.03 ,0.795108, 0.0885457,0.116347,0.204892
0.46,0.03 ,0.787787, 0.089264,0.122949,0.212213
0.47,0.03 ,0.780151, 0.0899862,0.129863,0.219849
0.48,0.03 ,0.772195, 0.0907122,0.137092,0.227805
0.49,0.03 ,0.763918, 0.0914417,0.14464,0.236082
0.5,0.03 ,0.755318, 0.0921746,0.152507,0.244682
0.51,0.03 ,0.746398, 0.0929107,0.160691,0.253602
0.52,0.03 ,0.737163, 0.0936497,0.169188,0.262837
0.53,0.03 ,0.72762, 0.0943915,0.177989,0.27238
0.54,0.03 ,0.71778, 0.0951359,0.187084,0.28222
0.55,0.03 ,0.707656, 0.0958827,0.196461,0.292344
0.56,0.03 ,0.697266, 0.0966316,0.206103,0.302734
0.57,0.03 ,0.686627, 0.0973825,0.215991,0.313373
0.58,0.03 ,0.675761, 0.0981352,0.226104,0.324239
0.59,0.03 ,0.664692, 0.0988895,0.236419,0.335308
0.6,0.03 ,0.653444, 0.0996452,0.246911,0.346556
0.61,0.03 ,0.642045, 0.100402,0.257553,0.357955
0.62,0.03 ,0.630521, 0.10116,0.268319,0.369479
0.63,0.03 ,0.618901, 0.101919,0.27918,0.381099
0.64,0.03 ,0.607212, 0.102679,0.29011,0.392788
0.65,0.03 ,0.595481, 0.103439,0.301081,0.404519
0.66,0.03 ,0.583734, 0.104199,0.312067,0.416266
0.67,0.03 ,0.571997, 0.10496,0.323043,0.428003
0.68,0.03 ,0.560294, 0.10572,0.333986,0.439706
0.69,0.03 ,0.548647, 0.106481,0.344872,0.451353
0.7,0.03 ,0.537076, 0.107241,0.355683,0.462924
0.71,0.03 ,0.525601, 0.108001,0.366398,0.474399
0.72,0.03 ,0.514238, 0.108761,0.377002,0.485762
0.73,0.03 ,0.503002, 0.109519,0.387479,0.496998
0.74,0.03 ,0.491907, 0.110277,0.397815,0.508093
0.75,0.03 ,0.480965, 0.111035,0.408,0.519035
0.76,0.03 ,0.470185, 0.111791,0.418024,0.529815
0.77,0.03 ,0.459577, 0.112546,0.427877,0.540423
0.78,0.03 ,0.449147, 0.1133,0.437554,0.550853
0.79,0.03 ,0.4389, 0.114052,0.447048,0.5611
0.8,0.03 ,0.428842, 0.114803,0.456354,0.571158
0.81,0.03 ,0.418977, 0.115553,0.46547,0.581023
0.82,0.03 ,0.409306, 0.116301,0.474394,0.590694
0.83,0.03 ,0.399831, 0.117047,0.483122,0.600169
0.84,0.03 ,0.390553, 0.117792,0.491655,0.609447
0.85,0.03 ,0.381472, 0.118535,0.499993,0.618528
0.86,0.03 ,0.372588, 0.119276,0.508136,0.627412
0.87,0.03 ,0.3639, 0.120015,0.516085,0.6361
0.88,0.03 ,0.355406, 0.120752,0.523842,0.644594
0.89,0.03 ,0.347105, 0.121487,0.531408,0.652895
0.9,0.03 ,0.338994, 0.12222,0.538787,0.661006
0.91,0.03 ,0.33107, 0.12295,0.545979,0.66893
0.92,0.03 ,0.323332, 0.123679,0.552989,0.676668
0.93,0.03 ,0.315776, 0.124405,0.559819,0.684224
0.94,0.03 ,0.308399, 0.125129,0.566472,0.691601
0.95,0.03 ,0.301198, 0.125851,0.572951,0.698802
0.96,0.03 ,0.294169, 0.12657,0.579261,0.705831
0.97,0.03 ,0.287309, 0.127287,0.585404,0.712691
0.98,0.03 ,0.280615, 0.128001,0.591383,0.719385
0.99,0.03 ,0.274083, 0.128713,0.597203,0.725917
1,0.03 ,0.26771, 0.129423,0.602867,0.73229
0,0.04 ,0.935915, 0.0620431,0.00204152,0.0640846
0.01,0.04 ,0.934737, 0.0624982,0.00276443,0.0652626
0.02,0.04 ,0.933521, 0.062959,0.00352004,0.066479
0.03,0.04 ,0.932264, 0.0634256,0.00430998,0.0677356
0.04,0.04 ,0.930966, 0.063898,0.00513601,0.069034
0.05,0.04 ,0.929624, 0.0643762,0.00599999,0.0703762
0.06,0.04 ,0.928236, 0.0648604,0.00690388,0.0717643
0.07,0.04 ,0.9268, 0.0653506,0.00784975,0.0732004
0.08,0.04 ,0.925313, 0.0658469,0.00883982,0.0746867
0.09,0.04 ,0.923774, 0.0663492,0.00987642,0.0762256
0.1,0.04 ,0.92218, 0.0668576,0.010962,0.0778197
0.11,0.04 ,0.920528, 0.0673723,0.0120993,0.0794715
0.12,0.04 ,0.918816, 0.0678931,0.0132909,0.0811841
0.13,0.04 ,0.91704, 0.0684202,0.01454,0.0829602
0.14,0.04 ,0.915197, 0.0689536,0.0158496,0.0848032
0.15,0.04 ,0.913284, 0.0694933,0.0172231,0.0867164
0.16,0.04 ,0.911297, 0.0700394,0.0186641,0.0887034
0.17,0.04 ,0.909232, 0.0705918,0.0201762,0.090768
0.18,0.04 ,0.907086, 0.0711506,0.0217635,0.0929141
0.19,0.04 ,0.904854, 0.0717158,0.0234303,0.0951461
0.2,0.04 ,0.902531, 0.0722874,0.0251811,0.0974685
0.21,0.04 ,0.900114, 0.0728654,0.0270206,0.0998861
0.22,0.04 ,0.897596, 0.0734499,0.0289541,0.102404
0.23,0.04 ,0.894973, 0.0740407,0.0309868,0.105027
0.24,0.04 ,0.892238, 0.0746379,0.0331245,0.107762
0.25,0.04 ,0.889385, 0.0752414,0.0353733,0.110615
0.26,0.04 ,0.886409, 0.0758513,0.0377396,0.113591
0.27,0.04 ,0.883302, 0.0764675,0.0402303,0.116698
0.28,0.04 ,0.880058, 0.0770899,0.0428526,0.119942
0.29,0.04 ,0.876668, 0.0777185,0.045614,0.123332
0.3,0.04 ,0.873124, 0.0783532,0.0485226,0.126876
0.31,0.04 ,0.869419, 0.078994,0.0515868,0.130581
0.32,0.04 ,0.865544, 0.0796408,0.0548155,0.134456
0.33,0.04 ,0.861489, 0.0802935,0.0582178,0.138511
0.34,0.04 ,0.857244, 0.080952,0.0618035,0.142756
0.35,0.04 ,0.852801, 0.0816163,0.0655826,0.147199
0.36,0.04 ,0.848149, 0.0822861,0.0695653,0.151851
0.37,0.04 ,0.843276, 0.0829614,0.0737624,0.156724
0.38,0.04 ,0.838173, 0.0836421,0.0781846,0.161827
0.39,0.04 ,0.832829, 0.0843281,0.0828429,0.167171
0.4,0.04 ,0.827232, 0.0850191,0.0877484,0.172768
0.41,0.04 ,0.821373, 0.0857151,0.092912,0.178627
0.42,0.04 ,0.81524, 0.0864159,0.0983442,0.18476
0.43,0.04 ,0.808823, 0.0871213,0.104055,0.191177
0.44,0.04 ,0.802114, 0.0878311,0.110055,0.197886
0.45,0.04 ,0.795102, 0.0885453,0.116352,0.204898
0.46,0.04 ,0.787782, 0.0892636,0.122954,0.212218
0.47,0.04 ,0.780146, 0.0899858,0.129868,0.219854
0.48,0.04 ,0.772191, 0.0907117,0.137097,0.227809
0.49,0.04 ,0.763914, 0.0914412,0.144645,0.236086
0.5,0.04 ,0.755315, 0.0921741,0.152511,0.244685
0.51,0.04 ,0.746395, 0.0929101,0.160695,0.253605
0.52,0.04 ,0.73716, 0.0936491,0.169191,0.26284
0.53,0.04 ,0.727618, 0.0943909,0.177991,0.272382
0.54,0.04 ,0.717778, 0.0951353,0.187086,0.282222
0.55,0.04 ,0.707655, 0.095882,0.196463,0.292345
0.56,0.04 ,0.697265, 0.0966309,0.206104,0.302735
0.57,0.04 ,0.686626, 0.0973818,0.215992,0.313374
0.58,0.04 ,0.675761, 0.0981345,0.226105,0.324239
0.59,0.04 ,0.664692, 0.0988887,0.236419,0.335308
0.6,0.04 ,0.653445, 0.0996444,0.246911,0.346555
0.61,0.04 ,0.642046, 0.100401,0.257552,0.357954
0.62,0.04 ,0.630523, 0.101159,0.268318,0.369477
0.63,0.04 ,0.618903, 0.101918,0.279179,0.381097
0.64,0.04 ,0.607214, 0.102678,0.290108,0.392786
0.65,0.04 ,0.595483, 0.103438,0.301079,0.404517
0.66,0.04 ,0.583737, 0.104198,0.312065,0.416263
0.67,0.04 ,0.572, 0.104959,0.323041,0.428
0.68,0.04 ,0.560297, 0.105719,0.333983,0.439703
0.69,0.04 ,0.54865, 0.10648,0.34487,0.45135
0.7,0.04 ,0.53708, 0.10724,0.35568,0.46292
0.71,0.04 ,0.525605, 0.108,0.366395,0.474395
0.72,0.04 ,0.514242, 0.10876,0.376999,0.485758
0.73,0.04 ,0.503006, 0.109518,0.387475,0.496994
0.74,0.04 ,0.491912, 0.110276,0.397812,0.508088
0.75,0.04 ,0.480969, 0.111033,0.407997,0.519031
0.76,0.04 ,0.47019, 0.11179,0.418021,0.52981
0.77,0.04 ,0.459582, 0.112545,0.427874,0.540418
0.78,0.04 ,0.449151, 0.113298,0.43755,0.550849
0.79,0.04 ,0.438905, 0.114051,0.447044,0.561095
0.8,0.04 ,0.428847, 0.114802,0.456351,0.571153
0.81,0.04 ,0.418982, 0.115552,0.465467,0.581018
0.82,0.04 ,0.40931, 0.1163,0.47439,0.59069
0.83,0.04 ,0.399836, 0.117046,0.483119,0.600164
0.84,0.04 ,0.390558, 0.117791,0.491652,0.609442
0.85,0.04 ,0.381477, 0.118533,0.49999,0.618523
0.86,0.04 ,0.372593, 0.119274,0.508133,0.627407
0.87,0.04 ,0.363905, 0.120013,0.516082,0.636095
0.88,0.04 ,0.355411, 0.12075,0.523839,0.644589
0.89,0.04 ,0.34711, 0.121485,0.531405,0.65289
0.9,0.04 ,0.338998, 0.122218,0.538783,0.661002
0.91,0.04 ,0.331075, 0.122949,0.545976,0.668925
0.92,0.04 ,0.323337, 0.123677,0.552986,0.676663
0.93,0.04 ,0.315781, 0.124404,0.559816,0.684219
0.94,0.04 ,0.308404, 0.125128,0.566469,0.691596
0.95,0.04 ,0.301202, 0.125849,0.572948,0.698798
0.96,0.04 ,0.294174, 0.126569,0.579258,0.705826
0.97,0.04 ,0.287314, 0.127285,0.5854,0.712686
0.98,0.04 ,0.28062, 0.128,0.59138,0.71938
0.99,0.04 ,0.274088, 0.128712,0.5972,0.725912
1,0.04 ,0.267715, 0.129421,0.602864,0.732285
0,0.05 ,0.935904, 0.0620437,0.00205249,0.0640962
0.01,0.05 ,0.934726, 0.0624988,0.00277539,0.0652741
0.02,0.05 ,0.933509, 0.0629595,0.00353097,0.0664905
0.03,0.05 ,0.932253, 0.0634261,0.00432089,0.067747
0.04,0.05 ,0.930955, 0.0638985,0.0051469,0.0690454
0.05,0.05 ,0.929612, 0.0643767,0.00601086,0.0703876
0.06,0.05 ,0.928224, 0.0648609,0.00691472,0.0717756
0.07,0.05 ,0.926788, 0.0653511,0.00786056,0.0732117
0.08,0.05 ,0.925302, 0.0658473,0.0088506,0.0746979
0.09,0.05 ,0.923763, 0.0663496,0.00988716,0.0762368
0.1,0.05 ,0.922169, 0.066858,0.0109727,0.0778308
0.11,0.05 ,0.920517, 0.0673727,0.0121099,0.0794826
0.12,0.05 ,0.918805, 0.0678935,0.0133016,0.0811951
0.13,0.05 ,0.917029, 0.0684206,0.0145506,0.0829712
0.14,0.05 ,0.915186, 0.0689539,0.0158602,0.0848141
0.15,0.05 ,0.913273, 0.0694936,0.0172336,0.0867273
0.16,0.05 ,0.911286, 0.0700397,0.0186745,0.0887142
0.17,0.05 ,0.909221, 0.0705921,0.0201866,0.0907786
0.18,0.05 ,0.907075, 0.0711508,0.0217739,0.0929247
0.19,0.05 ,0.904843, 0.071716,0.0234406,0.0951566
0.2,0.05 ,0.902521, 0.0722876,0.0251913,0.0974789
0.21,0.05 ,0.900104, 0.0728656,0.0270308,0.0998964
0.22,0.05 ,0.897586, 0.07345,0.0289641,0.102414
0.23,0.05 ,0.894962, 0.0740408,0.0309967,0.105038
0.24,0.05 ,0.892228, 0.074638,0.0331343,0.107772
0.25,0.05 ,0.889375, 0.0752415,0.0353831,0.110625
0.26,0.05 ,0.886399, 0.0758514,0.0377493,0.113601
0.27,0.05 ,0.883293, 0.0764675,0.0402399,0.116707
0.28,0.05 ,0.880048, 0.0770899,0.042862,0.119952
0.29,0.05 ,0.876658, 0.0777185,0.0456233,0.123342
0.3,0.05 ,0.873115, 0.0783532,0.0485318,0.126885
0.31,0.05 ,0.86941, 0.078994,0.0515959,0.13059
0.32,0.05 ,0.865535, 0.0796407,0.0548244,0.134465
0.33,0.05 ,0.86148, 0.0802934,0.0582266,0.13852
0.34,0.05 ,0.857236, 0.0809519,0.0618121,0.142764
0.35,0.05 ,0.852793, 0.0816161,0.065591,0.147207
0.36,0.05 ,0.848141, 0.0822859,0.0695735,0.151859
0.37,0.05 ,0.843268, 0.0829612,0.0737703,0.156732
0.38,0.05 ,0.838166, 0.0836419,0.0781923,0.161834
0.39,0.05 ,0.832822, 0.0843278,0.0828504,0.167178
0.4,0.05 ,0.827226, 0.0850188,0.0877557,0.172774
0.41,0.05 ,0.821366, 0.0857148,0.0929189,0.178634
0.42,0.05 ,0.815234, 0.0864155,0.0983509,0.184766
0.43,0.05 ,0.808817, 0.0871209,0.104062,0.191183
0.44,0.05 ,0.802108, 0.0878307,0.110061,0.197892
0.45,0.05 ,0.795097, 0.0885449,0.116358,0.204903
0.46,0.05 ,0.787777, 0.0892631,0.12296,0.212223
0.47,0.05 ,0.780142, 0.0899853,0.129873,0.219858
0.48,0.05 ,0.772187, 0.0907112,0.137102,0.227813
0.49,0.05 ,0.76391, 0.0914407,0.144649,0.23609
0.5,0.05 ,0.755311, 0.0921735,0.152515,0.244689
0.51,0.05 ,0.746392, 0.0929096,0.160698,0.253608
0.52,0.05 ,0.737158, 0.0936485,0.169194,0.262842
0.53,0.05 ,0.727616, 0.0943903,0.177994,0.272384
0.54,0.05 ,0.717777, 0.0951346,0.187089,0.282223
0.55,0.05 ,0.707654, 0.0958813,0.196465,0.292346
0.56,0.05 ,0.697264, 0.0966302,0.206106,0.302736
0.57,0.05 ,0.686626, 0.097381,0.215993,0.313374
0.58,0.05 ,0.675761, 0.0981337,0.226105,0.324239
0.59,0.05 ,0.664693, 0.098888,0.236419,0.335307
0.6,0.05 ,0.653446, 0.0996436,0.24691,0.346554
0.61,0.05 ,0.642047, 0.100401,0.257552,0.357953
0.62,0.05 ,0.630525, 0.101158,0.268317,0.369475
0.63,0.05 ,0.618905, 0.101917,0.279178,0.381095
0.64,0.05 ,0.607216, 0.102677,0.290107,0.392784
0.65,0.05 ,0.595486, 0.103437,0.301077,0.404514
0.66,0.05 ,0.58374, 0.104197,0.312063,0.41626
0.67,0.05 ,0.572003, 0.104958,0.323039,0.427997
0.68,0.05 ,0.560301, 0.105718,0.333981,0.439699
0.69,0.05 ,0.548654, 0.106479,0.344867,0.451346
0.7,0.05 ,0.537084, 0.107239,0.355677,0.462916
0.71,0.05 ,0.525609, 0.107999,0.366392,0.474391
0.72,0.05 ,0.514246, 0.108758,0.376996,0.485754
0.73,0.05 ,0.50301, 0.109517,0.387472,0.49699
0.74,0.05 ,0.491916, 0.110275,0.397809,0.508084
0.75,0.05 ,0.480974, 0.111032,0.407994,0.519026
0.76,0.05 ,0.470195, 0.111788,0.418017,0.529805
0.77,0.05 ,0.459586, 0.112543,0.42787,0.540414
0.78,0.05 ,0.449156, 0.113297,0.437547,0.550844
0.79,0.05 ,0.43891, 0.11405,0.447041,0.56109
0.8,0.05 ,0.428852, 0.114801,0.456347,0.571148
0.81,0.05 ,0.418986, 0.11555,0.465463,0.581014
0.82,0.05 ,0.409315, 0.116298,0.474386,0.590685
0.83,0.05 ,0.39984, 0.117045,0.483115,0.60016
0.84,0.05 ,0.390563, 0.117789,0.491648,0.609437
0.85,0.05 ,0.381482, 0.118532,0.499986,0.618518
0.86,0.05 ,0.372598, 0.119273,0.508129,0.627402
0.87,0.05 ,0.36391, 0.120012,0.516078,0.63609
0.88,0.05 ,0.355416, 0.120749,0.523835,0.644584
0.89,0.05 ,0.347115, 0.121484,0.531402,0.652885
0.9,0.05 ,0.339003, 0.122217,0.53878,0.660997
0.91,0.05 ,0.33108, 0.122948,0.545972,0.66892
0.92,0.05 ,0.323342, 0.123676,0.552982,0.676658
0.93,0.05 ,0.315786, 0.124402,0.559812,0.684214
0.94,0.05 ,0.308408, 0.125126,0.566465,0.691592
0.95,0.05 ,0.301207, 0.125848,0.572945,0.698793
0.96,0.05 ,0.294178, 0.126567,0.579254,0.705822
0.97,0.05 ,0.287319, 0.127284,0.585397,0.712681
0.98,0.05 ,0.280625, 0.127998,0.591377,0.719375
0.99,0.05 ,0.274093, 0.12871,0.597197,0.725907
1,0.05 ,0.267719, 0.12942,0.602861,0.732281
0,0.06 ,0.935892, 0.0620442,0.00206372,0.064108
0.01,0.06 ,0.934714, 0.0624993,0.0027866,0.0652859
0.02,0.06 ,0.933498, 0.0629601,0.00354216,0.0665023
0.03,0.06 ,0.932241, 0.0634266,0.00433206,0.0677587
0.04,0.06 ,0.930943, 0.063899,0.00515804,0.069057
0.05,0.06 ,0.929601, 0.0643772,0.00602197,0.0703992
0.06,0.06 ,0.928213, 0.0648614,0.00692581,0.0717872
0.07,0.06 ,0.926777, 0.0653516,0.00787162,0.0732232
0.08,0.06 ,0.925291, 0.0658478,0.00886163,0.0747094
0.09,0.06 ,0.923752, 0.06635,0.00989816,0.0762482
0.1,0.06 ,0.922158, 0.0668585,0.0109837,0.0778422
0.11,0.06 ,0.920506, 0.0673731,0.0121209,0.0794939
0.12,0.06 ,0.918794, 0.0678939,0.0133125,0.0812063
0.13,0.06 ,0.917018, 0.0684209,0.0145615,0.0829824
0.14,0.06 ,0.915175, 0.0689543,0.015871,0.0848252
0.15,0.06 ,0.913262, 0.0694939,0.0172444,0.0867383
0.16,0.06 ,0.911275, 0.07004,0.0186852,0.0887252
0.17,0.06 ,0.90921, 0.0705923,0.0201972,0.0907896
0.18,0.06 ,0.907064, 0.0711511,0.0217844,0.0929355
0.19,0.06 ,0.904833, 0.0717163,0.0234511,0.0951674
0.2,0.06 ,0.90251, 0.0722878,0.0252017,0.0974896
0.21,0.06 ,0.900093, 0.0728658,0.0270411,0.099907
0.22,0.06 ,0.897575, 0.0734502,0.0289744,0.102425
0.23,0.06 ,0.894952, 0.074041,0.0310069,0.105048
0.24,0.06 ,0.892217, 0.0746381,0.0331445,0.107783
0.25,0.06 ,0.889365, 0.0752416,0.0353931,0.110635
0.26,0.06 ,0.886389, 0.0758514,0.0377592,0.113611
0.27,0.06 ,0.883283, 0.0764676,0.0402497,0.116717
0.28,0.06 ,0.880038, 0.0770899,0.0428717,0.119962
0.29,0.06 ,0.876649, 0.0777185,0.0456329,0.123351
0.3,0.06 ,0.873106, 0.0783532,0.0485412,0.126894
0.31,0.06 ,0.869401, 0.0789939,0.0516051,0.130599
0.32,0.06 ,0.865526, 0.0796407,0.0548335,0.134474
0.33,0.06 ,0.861471, 0.0802933,0.0582355,0.138529
0.34,0.06 ,0.857227, 0.0809518,0.0618209,0.142773
0.35,0.06 ,0.852784, 0.081616,0.0655996,0.147216
0.36,0.06 ,0.848132, 0.0822858,0.0695819,0.151868
0.37,0.06 ,0.84326, 0.082961,0.0737785,0.15674
0.38,0.06 ,0.838158, 0.0836417,0.0782003,0.161842
0.39,0.06 ,0.832814, 0.0843276,0.0828581,0.167186
0.4,0.06 ,0.827218, 0.0850185,0.0877631,0.172782
0.41,0.06 ,0.821359, 0.0857145,0.0929261,0.178641
0.42,0.06 ,0.815227, 0.0864152,0.0983578,0.184773
0.43,0.06 ,0.808811, 0.0871205,0.104068,0.191189
0.44,0.06 ,0.802102, 0.0878303,0.110068,0.197898
0.45,0.06 ,0.795091, 0.0885444,0.116364,0.204909
0.46,0.06 ,0.787772, 0.0892627,0.122965,0.212228
0.47,0.06 ,0.780137, 0.0899848,0.129878,0.219863
0.48,0.06 ,0.772183, 0.0907107,0.137106,0.227817
0.49,0.06 ,0.763906, 0.0914402,0.144653,0.236094
0.5,0.06 ,0.755308, 0.092173,0.152519,0.244692
0.51,0.06 ,0.746389, 0.092909,0.160702,0.253611
0.52,0.06 ,0.737155, 0.0936479,0.169197,0.262845
0.53,0.06 ,0.727614, 0.0943896,0.177997,0.272386
0.54,0.06 ,0.717775, 0.0951339,0.187091,0.282225
0.55,0.06 ,0.707653, 0.0958806,0.196467,0.292347
0.56,0.06 ,0.697263, 0.0966295,0.206107,0.302737
0.57,0.06 ,0.686626, 0.0973803,0.215994,0.313374
0.58,0.06 ,0.675761, 0.0981329,0.226106,0.324239
0.59,0.06 ,0.664693, 0.0988872,0.23642,0.335307
0.6,0.06 ,0.653447, 0.0996428,0.24691,0.346553
0.61,0.06 ,0.642049, 0.1004,0.257552,0.357951
0.62,0.06 ,0.630526, 0.101158,0.268316,0.369474
0.63,0.06 ,0.618907, 0.101916,0.279177,0.381093
0.64,0.06 ,0.607219, 0.102676,0.290106,0.392781
0.65,0.06 ,0.595488, 0.103436,0.301076,0.404512
0.66,0.06 ,0.583743, 0.104196,0.312061,0.416257
0.67,0.06 ,0.572007, 0.104957,0.323037,0.427993
0.68,0.06 ,0.560304, 0.105717,0.333979,0.439696
0.69,0.06 ,0.548658, 0.106478,0.344865,0.451342
0.7,0.06 ,0.537087, 0.107238,0.355674,0.462913
0.71,0.06 ,0.525613, 0.107998,0.366389,0.474387
0.72,0.06 ,0.51425, 0.108757,0.376993,0.48575
0.73,0.06 ,0.503015, 0.109516,0.387469,0.496985
0.74,0.06 ,0.49192, 0.110274,0.397806,0.50808
0.75,0.06 ,0.480979, 0.111031,0.40799,0.519021
0.76,0.06 ,0.470199, 0.111787,0.418014,0.529801
0.77,0.06 ,0.459591, 0.112542,0.427867,0.540409
0.78,0.06 ,0.449161, 0.113296,0.437543,0.550839
0.79,0.06 ,0.438915, 0.114048,0.447037,0.561085
0.8,0.06 ,0.428857, 0.114799,0.456344,0.571143
0.81,0.06 ,0.418991, 0.115549,0.46546,0.581009
0.82,0.06 ,0.40932, 0.116297,0.474383,0.59068
0.83,0.06 ,0.399845, 0.117043,0.483111,0.600155
0.84,0.06 ,0.390568, 0.117788,0.491645,0.609432
0.85,0.06 ,0.381487, 0.118531,0.499982,0.618513
0.86,0.06 ,0.372603, 0.119272,0.508125,0.627397
0.87,0.06 ,0.363915, 0.120011,0.516075,0.636085
0.88,0.06 ,0.355421, 0.120748,0.523831,0.644579
0.89,0.06 ,0.347119, 0.121483,0.531398,0.652881
0.9,0.06 ,0.339008, 0.122215,0.538776,0.660992
0.91,0.06 ,0.331085, 0.122946,0.545969,0.668915
0.92,0.06 ,0.323347, 0.123675,0.552979,0.676653
0.93,0.06 ,0.31579, 0.124401,0.559809,0.68421
0.94,0.06 ,0.308413, 0.125125,0.566462,0.691587
0.95,0.06 ,0.301212, 0.125846,0.572942,0.698788
0.96,0.06 ,0.294183, 0.126566,0.579251,0.705817
0.97,0.06 ,0.287323, 0.127282,0.585394,0.712677
0.98,0.06 ,0.280629, 0.127997,0.591374,0.719371
0.99,0.06 ,0.274097, 0.128709,0.597194,0.725903
1,0.06 ,0.267724, 0.129418,0.602858,0.732276
0,0.07 ,0.93588, 0.0620448,0.00207521,0.0641201
0.01,0.07 ,0.934702, 0.0624999,0.00279807,0.065298
0.02,0.07 ,0.933486, 0.0629607,0.00355361,0.0665143
0.03,0.07 ,0.932229, 0.0634272,0.00434349,0.0677707
0.04,0.07 ,0.930931, 0.0638995,0.00516945,0.069069
0.05,0.07 ,0.929589, 0.0643778,0.00603336,0.0704111
0.06,0.07 ,0.928201, 0.0648619,0.00693716,0.0717991
0.07,0.07 ,0.926765, 0.065352,0.00788295,0.073235
0.08,0.07 ,0.925279, 0.0658482,0.00887293,0.0747212
0.09,0.07 ,0.92374, 0.0663505,0.00990942,0.0762599
0.1,0.07 ,0.922146, 0.0668589,0.0109949,0.0778538
0.11,0.07 ,0.920494, 0.0673735,0.0121321,0.0795055
0.12,0.07 ,0.918782, 0.0678942,0.0133236,0.0812179
0.13,0.07 ,0.917006, 0.0684213,0.0145726,0.0829938
0.14,0.07 ,0.915163, 0.0689546,0.015882,0.0848366
0.15,0.07 ,0.91325, 0.0694943,0.0172554,0.0867496
0.16,0.07 ,0.911264, 0.0700403,0.0186962,0.0887364
0.17,0.07 ,0.909199, 0.0705926,0.0202081,0.0908007
0.18,0.07 ,0.907053, 0.0711514,0.0217953,0.0929466
0.19,0.07 ,0.904822, 0.0717165,0.0234619,0.0951784
0.2,0.07 ,0.9025, 0.0722881,0.0252124,0.0975005
0.21,0.07 ,0.900082, 0.072866,0.0270518,0.0999178
0.22,0.07 ,0.897565, 0.0734504,0.0289849,0.102435
0.23,0.07 ,0.894941, 0.0740411,0.0310174,0.105059
0.24,0.07 ,0.892207, 0.0746382,0.0331548,0.107793
0.25,0.07 ,0.889355, 0.0752417,0.0354033,0.110645
0.26,0.07 ,0.886379, 0.0758515,0.0377694,0.113621
0.27,0.07 ,0.883273, 0.0764676,0.0402597,0.116727
0.28,0.07 ,0.880028, 0.07709,0.0428816,0.119972
0.29,0.07 ,0.876639, 0.0777185,0.0456427,0.123361
0.3,0.07 ,0.873096, 0.0783531,0.0485509,0.126904
0.31,0.07 ,0.869391, 0.0789939,0.0516146,0.130609
0.32,0.07 ,0.865517, 0.0796406,0.0548428,0.134483
0.33,0.07 ,0.861462, 0.0802932,0.0582447,0.138538
0.34,0.07 ,0.857218, 0.0809517,0.0618299,0.142782
0.35,0.07 ,0.852776, 0.0816158,0.0656084,0.147224
0.36,0.07 ,0.848124, 0.0822856,0.0695905,0.151876
0.37,0.07 ,0.843252, 0.0829608,0.0737869,0.156748
0.38,0.07 ,0.83815, 0.0836415,0.0782084,0.16185
0.39,0.07 ,0.832807, 0.0843273,0.082866,0.167193
0.4,0.07 ,0.827211, 0.0850183,0.0877707,0.172789
0.41,0.07 ,0.821352, 0.0857142,0.0929335,0.178648
0.42,0.07 ,0.81522, 0.0864148,0.0983649,0.18478
0.43,0.07 ,0.808805, 0.0871202,0.104075,0.191195
0.44,0.07 ,0.802096, 0.0878299,0.110074,0.197904
0.45,0.07 ,0.795086, 0.088544,0.11637,0.204914
0.46,0.07 ,0.787767, 0.0892622,0.122971,0.212233
0.47,0.07 ,0.780132, 0.0899843,0.129883,0.219868
0.48,0.07 ,0.772178, 0.0907102,0.137111,0.227822
0.49,0.07 ,0.763902, 0.0914396,0.144658,0.236098
0.5,0.07 ,0.755304, 0.0921724,0.152523,0.244696
0.51,0.07 ,0.746386, 0.0929084,0.160706,0.253614
0.52,0.07 ,0.737152, 0.0936473,0.1692,0.262848
0.53,0.07 ,0.727611, 0.094389,0.178,0.272389
0.54,0.07 ,0.717773, 0.0951333,0.187094,0.282227
0.55,0.07 ,0.707652, 0.0958799,0.196469,0.292348
0.56,0.07 ,0.697263, 0.0966288,0.206109,0.302737
0.57,0.07 ,0.686625, 0.0973796,0.215995,0.313375
0.58,0.07 ,0.675761, 0.0981322,0.226107,0.324239
0.59,0.07 ,0.664694, 0.0988864,0.23642,0.335306
0.6,0.07 ,0.653448, 0.099642,0.24691,0.346552
0.61,0.07 ,0.64205, 0.100399,0.257551,0.35795
0.62,0.07 ,0.630528, 0.101157,0.268315,0.369472
0.63,0.07 ,0.618909, 0.101915,0.279176,0.381091
0.64,0.07 ,0.607221, 0.102675,0.290104,0.392779
0.65,0.07 ,0.595491, 0.103435,0.301074,0.404509
0.66,0.07 ,0.583746, 0.104195,0.312059,0.416254
0.67,0.07 ,0.57201, 0.104956,0.323034,0.42799
0.68,0.07 ,0.560308, 0.105716,0.333976,0.439692
0.69,0.07 ,0.548661, 0.106477,0.344862,0.451339
0.7,0.07 ,0.537091, 0.107237,0.355672,0.462909
0.71,0.07 ,0.525617, 0.107997,0.366386,0.474383
0.72,0.07 ,0.514254, 0.108756,0.37699,0.485746
0.73,0.07 ,0.503019, 0.109515,0.387466,0.496981
0.74,0.07 ,0.491925, 0.110273,0.397802,0.508075
0.75,0.07 ,0.480983, 0.11103,0.407987,0.519017
0.76,0.07 ,0.470204, 0.111786,0.41801,0.529796
0.77,0.07 ,0.459596, 0.112541,0.427863,0.540404
0.78,0.07 ,0.449166, 0.113295,0.43754,0.550834
0.79,0.07 ,0.43892, 0.114047,0.447033,0.56108
0.8,0.07 ,0.428862, 0.114798,0.45634,0.571138
0.81,0.07 ,0.418996, 0.115548,0.465456,0.581004
0.82,0.07 ,0.409325, 0.116296,0.474379,0.590675
0.83,0.07 ,0.39985, 0.117042,0.483108,0.60015
0.84,0.07 ,0.390573, 0.117787,0.491641,0.609427
0.85,0.07 ,0.381492, 0.118529,0.499979,0.618508
0.86,0.07 ,0.372608, 0.11927,0.508122,0.627392
0.87,0.07 ,0.36392, 0.120009,0.516071,0.63608
0.88,0.07 ,0.355426, 0.120746,0.523828,0.644574
0.89,0.07 ,0.347125, 0.121481,0.531394,0.652875
0.9,0.07 ,0.339013, 0.122214,0.538773,0.660987
0.91,0.07 ,0.33109, 0.122945,0.545965,0.66891
0.92,0.07 ,0.323352, 0.123673,0.552975,0.676648
0.93,0.07 ,0.315795, 0.124399,0.559805,0.684205
0.94,0.07 ,0.308418, 0.125123,0.566458,0.691582
0.95,0.07 ,0.301217, 0.125845,0.572938,0.698783
0.96,0.07 ,0.294188, 0.126564,0.579248,0.705812
0.97,0.07 ,0.287328, 0.127281,0.585391,0.712672
0.98,0.07 ,0.280634, 0.127995,0.591371,0.719366
0.99,0.07 ,0.274102, 0.128707,0.597191,0.725898
1,0.07 ,0.267728, 0.129417,0.602855,0.732272
0,0.08 ,0.935868, 0.0620454,0.00208699,0.0641324
