Betamv, Betapv,V,Rs,Rv,P
0,0 ,0.994891, 0.00310923,0.002,0.00510923
0.01,0 ,0.994872, 0.00310995,0.0020182,0.00512815
0.02,0 ,0.994852, 0.00311067,0.00203698,0.00514765
0.03,0 ,0.994832, 0.0031114,0.00205636,0.00516775
0.04,0 ,0.994812, 0.00311213,0.00207636,0.00518849
0.05,0 ,0.99479, 0.00311286,0.00209704,0.0052099
0.06,0 ,0.994768, 0.0031136,0.00211841,0.00523201
0.07,0 ,0.994745, 0.00311434,0.00214053,0.00525487
0.08,0 ,0.994721, 0.00311508,0.00216343,0.00527851
0.09,0 ,0.994697, 0.00311583,0.00218716,0.00530298
0.1,0 ,0.994672, 0.00311658,0.00221176,0.00532834
0.11,0 ,0.994645, 0.00311734,0.00223729,0.00535462
0.12,0 ,0.994618, 0.0031181,0.0022638,0.00538189
0.13,0 ,0.99459, 0.00311886,0.00229136,0.00541021
0.14,0 ,0.99456, 0.00311963,0.00232003,0.00543965
0.15,0 ,0.99453, 0.0031204,0.00234988,0.00547028
0.16,0 ,0.994498, 0.00312117,0.002381,0.00550217
0.17,0 ,0.994465, 0.00312195,0.00241346,0.00553542
0.18,0 ,0.99443, 0.00312274,0.00244737,0.00557011
0.19,0 ,0.994394, 0.00312353,0.00248282,0.00560635
0.2,0 ,0.994356, 0.00312432,0.00251994,0.00564426
0.21,0 ,0.994316, 0.00312512,0.00255883,0.00568395
0.22,0 ,0.994274, 0.00312592,0.00259965,0.00572557
0.23,0 ,0.994231, 0.00312672,0.00264254,0.00576926
0.24,0 ,0.994185, 0.00312753,0.00268767,0.0058152
0.25,0 ,0.994136, 0.00312835,0.00273523,0.00586357
0.26,0 ,0.994085, 0.00312917,0.00278542,0.00591459
0.27,0 ,0.994032, 0.00312999,0.00283848,0.00596847
0.28,0 ,0.993975, 0.00313082,0.00289468,0.00602549
0.29,0 ,0.993914, 0.00313165,0.0029543,0.00608595
0.3,0 ,0.99385, 0.00313249,0.00301768,0.00615016
0.31,0 ,0.993781, 0.00313333,0.00308519,0.00621852
0.32,0 ,0.993709, 0.00313417,0.00315727,0.00629144
0.33,0 ,0.993631, 0.00313502,0.00323441,0.00636943
0.34,0 ,0.993547, 0.00313588,0.00331717,0.00645305
0.35,0 ,0.993457, 0.00313674,0.0034062,0.00654294
0.36,0 ,0.99336, 0.00313761,0.00350226,0.00663986
0.37,0 ,0.993255, 0.00313848,0.00360623,0.00674471
0.38,0 ,0.993141, 0.00313935,0.00371916,0.00685851
0.39,0 ,0.993018, 0.00314023,0.00384226,0.00698249
0.4,0 ,0.992882, 0.00314111,0.003977,0.00711811
0.41,0 ,0.992733, 0.003142,0.00412512,0.00726713
0.42,0 ,0.992568, 0.0031429,0.00428876,0.00743166
0.43,0 ,0.992386, 0.0031438,0.00447051,0.00761431
0.44,0 ,0.992182, 0.0031447,0.00467356,0.00781827
0.45,0 ,0.991952, 0.00314561,0.00490193,0.00804754
0.46,0 ,0.991693, 0.00314653,0.00516065,0.00830718
0.47,0 ,0.991396, 0.00314745,0.00545624,0.00860369
0.48,0 ,0.991054, 0.00314838,0.00579714,0.00894552
0.49,0 ,0.990656, 0.00314931,0.00619459,0.0093439
0.5,0 ,0.990186, 0.00315024,0.00666378,0.00981403
0.51,0 ,0.989623, 0.00315119,0.00722581,0.010377
0.52,0 ,0.988937, 0.00315213,0.00791066,0.0110628
0.53,0 ,0.988084, 0.00315309,0.00876242,0.0119155
0.54,0 ,0.986998, 0.00315405,0.00984811,0.0130022
0.55,0 ,0.985571, 0.00315501,0.0112739,0.014429
0.56,0 ,0.983628, 0.00315598,0.013216,0.016372
0.57,0 ,0.980863, 0.00315696,0.0159802,0.0191371
0.58,0 ,0.976725, 0.00315794,0.0201168,0.0232748
0.59,0 ,0.970236, 0.00315893,0.026605,0.0297639
0.6,0 ,0.959905, 0.00315992,0.0369347,0.0400946
0.61,0 ,0.944417, 0.00316092,0.0524217,0.0555826
0.62,0 ,0.924079, 0.00316192,0.0727587,0.0759206
0.63,0 ,0.900691, 0.00316293,0.0961463,0.0993092
0.64,0 ,0.875967, 0.00316395,0.120869,0.124033
0.65,0 ,0.850943, 0.00316498,0.145892,0.149057
0.66,0 ,0.826157, 0.00316601,0.170677,0.173843
0.67,0 ,0.801882, 0.00316704,0.194951,0.198118
0.68,0 ,0.77825, 0.00316808,0.218582,0.22175
0.69,0 ,0.755325, 0.00316913,0.241506,0.244675
0.7,0 ,0.733128, 0.00317019,0.263701,0.266872
0.71,0 ,0.711664, 0.00317125,0.285165,0.288336
0.72,0 ,0.690921, 0.00317232,0.305907,0.309079
0.73,0 ,0.670882, 0.00317339,0.325944,0.329118
0.74,0 ,0.651528, 0.00317447,0.345297,0.348472
0.75,0 ,0.632835, 0.00317556,0.363989,0.367165
0.76,0 ,0.61478, 0.00317665,0.382043,0.38522
0.77,0 ,0.597339, 0.00317775,0.399483,0.402661
0.78,0 ,0.580489, 0.00317886,0.416332,0.419511
0.79,0 ,0.564206, 0.00317998,0.432614,0.435794
0.8,0 ,0.548468, 0.0031811,0.448351,0.451532
0.81,0 ,0.533254, 0.00318223,0.463564,0.466746
0.82,0 ,0.518542, 0.00318336,0.478274,0.481458
0.83,0 ,0.504313, 0.00318451,0.492502,0.495687
0.84,0 ,0.490548, 0.00318566,0.506267,0.509452
0.85,0 ,0.477228, 0.00318682,0.519585,0.522772
0.86,0 ,0.464335, 0.00318798,0.532477,0.535665
0.87,0 ,0.451854, 0.00318915,0.544957,0.548146
0.88,0 ,0.439768, 0.00319033,0.557042,0.560232
0.89,0 ,0.428062, 0.00319152,0.568747,0.571938
0.9,0 ,0.41672, 0.00319272,0.580087,0.58328
0.91,0 ,0.405731, 0.00319392,0.591075,0.594269
0.92,0 ,0.395079, 0.00319513,0.601726,0.604921
0.93,0 ,0.384753, 0.00319635,0.612051,0.615247
0.94,0 ,0.37474, 0.00319757,0.622062,0.62526
0.95,0 ,0.365029, 0.00319881,0.631772,0.634971
0.96,0 ,0.355609, 0.00320005,0.641191,0.644391
0.97,0 ,0.346469, 0.0032013,0.65033,0.653531
0.98,0 ,0.337599, 0.00320256,0.659199,0.662401
0.99,0 ,0.328989, 0.00320382,0.667807,0.671011
1,0 ,0.32063, 0.0032051,0.676165,0.67937
0,0.01 ,0.994878, 0.00310983,0.0020117,0.00512153
0.01,0.01 ,0.99486, 0.00311055,0.0020299,0.00514045
0.02,0.01 ,0.99484, 0.00311127,0.00204868,0.00515995
0.03,0.01 ,0.99482, 0.003112,0.00206805,0.00518005
0.04,0.01 ,0.994799, 0.00311272,0.00208806,0.00520079
0.05,0.01 ,0.994778, 0.00311346,0.00210874,0.00522219
0.06,0.01 ,0.994756, 0.00311419,0.00213011,0.00524431
0.07,0.01 ,0.994733, 0.00311493,0.00215223,0.00526716
0.08,0.01 ,0.994709, 0.00311568,0.00217513,0.00529081
0.09,0.01 ,0.994685, 0.00311643,0.00219885,0.00531528
0.1,0.01 ,0.994659, 0.00311718,0.00222345,0.00534063
0.11,0.01 ,0.994633, 0.00311793,0.00224898,0.00536691
0.12,0.01 ,0.994606, 0.00311869,0.00227549,0.00539419
0.13,0.01 ,0.994577, 0.00311946,0.00230305,0.00542251
0.14,0.01 ,0.994548, 0.00312023,0.00233172,0.00545194
0.15,0.01 ,0.994517, 0.003121,0.00236157,0.00548257
0.16,0.01 ,0.994486, 0.00312177,0.00239269,0.00551446
0.17,0.01 ,0.994452, 0.00312255,0.00242515,0.00554771
0.18,0.01 ,0.994418, 0.00312334,0.00245906,0.0055824
0.19,0.01 ,0.994381, 0.00312413,0.00249451,0.00561864
0.2,0.01 ,0.994343, 0.00312492,0.00253163,0.00565654
0.21,0.01 ,0.994304, 0.00312572,0.00257052,0.00569624
0.22,0.01 ,0.994262, 0.00312652,0.00261134,0.00573785
0.23,0.01 ,0.994218, 0.00312732,0.00265423,0.00578155
0.24,0.01 ,0.994173, 0.00312813,0.00269935,0.00582749
0.25,0.01 ,0.994124, 0.00312895,0.00274691,0.00587586
0.26,0.01 ,0.994073, 0.00312976,0.0027971,0.00592687
0.27,0.01 ,0.994019, 0.00313059,0.00285016,0.00598075
0.28,0.01 ,0.993962, 0.00313142,0.00290636,0.00603777
0.29,0.01 ,0.993902, 0.00313225,0.00296597,0.00609822
0.3,0.01 ,0.993838, 0.00313308,0.00302935,0.00616244
0.31,0.01 ,0.993769, 0.00313393,0.00309686,0.00623079
0.32,0.01 ,0.993696, 0.00313477,0.00316894,0.00630371
0.33,0.01 ,0.993618, 0.00313562,0.00324607,0.0063817
0.34,0.01 ,0.993535, 0.00313648,0.00332883,0.00646531
0.35,0.01 ,0.993445, 0.00313734,0.00341786,0.0065552
0.36,0.01 ,0.993348, 0.0031382,0.00351392,0.00665212
0.37,0.01 ,0.993243, 0.00313907,0.00361788,0.00675696
0.38,0.01 ,0.993129, 0.00313995,0.0037308,0.00687075
0.39,0.01 ,0.993005, 0.00314083,0.0038539,0.00699473
0.4,0.01 ,0.99287, 0.00314171,0.00398863,0.00713034
0.41,0.01 ,0.992721, 0.0031426,0.00413675,0.00727935
0.42,0.01 ,0.992556, 0.0031435,0.00430038,0.00744387
0.43,0.01 ,0.992373, 0.0031444,0.00448211,0.00762651
0.44,0.01 ,0.99217, 0.0031453,0.00468515,0.00783045
0.45,0.01 ,0.99194, 0.00314621,0.0049135,0.00805971
0.46,0.01 ,0.991681, 0.00314713,0.0051722,0.00831933
0.47,0.01 ,0.991384, 0.00314805,0.00546776,0.00861581
0.48,0.01 ,0.991042, 0.00314897,0.00580863,0.00895761
0.49,0.01 ,0.990644, 0.00314991,0.00620604,0.00935595
0.5,0.01 ,0.990174, 0.00315084,0.00667518,0.00982602
0.51,0.01 ,0.989611, 0.00315178,0.00723713,0.0103889
0.52,0.01 ,0.988925, 0.00315273,0.00792189,0.0110746
0.53,0.01 ,0.988073, 0.00315369,0.00877352,0.0119272
0.54,0.01 ,0.986986, 0.00315464,0.00985901,0.0130137
0.55,0.01 ,0.98556, 0.00315561,0.0112846,0.0144402
0.56,0.01 ,0.983617, 0.00315658,0.0132262,0.0163827
0.57,0.01 ,0.980853, 0.00315755,0.0159896,0.0191471
0.58,0.01 ,0.976717, 0.00315854,0.0201249,0.0232835
0.59,0.01 ,0.97023, 0.00315952,0.0266107,0.0297703
0.6,0.01 ,0.959902, 0.00316052,0.0369368,0.0400973
0.61,0.01 ,0.944419, 0.00316152,0.0524194,0.055581
0.62,0.01 ,0.924084, 0.00316252,0.0727528,0.0759154
0.63,0.01 ,0.900698, 0.00316353,0.0961382,0.0993017
0.64,0.01 ,0.875976, 0.00316455,0.12086,0.124024
0.65,0.01 ,0.850952, 0.00316557,0.145883,0.149048
0.66,0.01 ,0.826167, 0.0031666,0.170667,0.173833
0.67,0.01 ,0.801891, 0.00316764,0.194941,0.198109
0.68,0.01 ,0.77826, 0.00316868,0.218571,0.22174
0.69,0.01 ,0.755334, 0.00316973,0.241496,0.244666
0.7,0.01 ,0.733138, 0.00317078,0.263691,0.266862
0.71,0.01 ,0.711673, 0.00317185,0.285155,0.288327
0.72,0.01 ,0.69093, 0.00317291,0.305897,0.30907
0.73,0.01 ,0.670892, 0.00317399,0.325934,0.329108
0.74,0.01 ,0.651537, 0.00317507,0.345288,0.348463
0.75,0.01 ,0.632844, 0.00317616,0.363979,0.367156
0.76,0.01 ,0.614789, 0.00317725,0.382033,0.385211
0.77,0.01 ,0.597348, 0.00317835,0.399473,0.402652
0.78,0.01 ,0.580498, 0.00317946,0.416323,0.419502
0.79,0.01 ,0.564215, 0.00318057,0.432605,0.435785
0.8,0.01 ,0.548477, 0.0031817,0.448342,0.451523
0.81,0.01 ,0.533262, 0.00318283,0.463555,0.466738
0.82,0.01 ,0.51855, 0.00318396,0.478266,0.48145
0.83,0.01 ,0.504321, 0.00318511,0.492494,0.495679
0.84,0.01 ,0.490556, 0.00318626,0.506258,0.509444
0.85,0.01 ,0.477236, 0.00318741,0.519577,0.522764
0.86,0.01 ,0.464343, 0.00318858,0.532468,0.535657
0.87,0.01 ,0.451862, 0.00318975,0.544949,0.548138
0.88,0.01 ,0.439775, 0.00319093,0.557034,0.560225
0.89,0.01 ,0.428069, 0.00319212,0.568739,0.571931
0.9,0.01 ,0.416728, 0.00319331,0.580079,0.583272
0.91,0.01 ,0.405738, 0.00319452,0.591068,0.594262
0.92,0.01 ,0.395086, 0.00319573,0.601718,0.604914
0.93,0.01 ,0.38476, 0.00319694,0.612043,0.61524
0.94,0.01 ,0.374747, 0.00319817,0.622055,0.625253
0.95,0.01 ,0.365036, 0.0031994,0.631765,0.634964
0.96,0.01 ,0.355615, 0.00320065,0.641184,0.644385
0.97,0.01 ,0.346475, 0.0032019,0.650323,0.653525
0.98,0.01 ,0.337605, 0.00320316,0.659192,0.662395
0.99,0.01 ,0.328995, 0.00320442,0.6678,0.671005
1,0.01 ,0.320636, 0.0032057,0.676158,0.679364
0,0.02 ,0.994866, 0.00311043,0.00202371,0.00513414
0.01,0.02 ,0.994847, 0.00311115,0.00204191,0.00515306
0.02,0.02 ,0.994827, 0.00311187,0.00206069,0.00517256
0.03,0.02 ,0.994807, 0.0031126,0.00208006,0.00519266
0.04,0.02 ,0.994787, 0.00311333,0.00210007,0.0052134
0.05,0.02 ,0.994765, 0.00311406,0.00212074,0.0052348
0.06,0.02 ,0.994743, 0.0031148,0.00214212,0.00525692
0.07,0.02 ,0.99472, 0.00311554,0.00216424,0.00527977
0.08,0.02 ,0.994697, 0.00311628,0.00218713,0.00530341
0.09,0.02 ,0.994672, 0.00311703,0.00221086,0.00532789
0.1,0.02 ,0.994647, 0.00311778,0.00223546,0.00535324
0.11,0.02 ,0.99462, 0.00311854,0.00226099,0.00537952
0.12,0.02 ,0.994593, 0.0031193,0.0022875,0.00540679
0.13,0.02 ,0.994565, 0.00312006,0.00231505,0.00543511
0.14,0.02 ,0.994535, 0.00312083,0.00234372,0.00546455
0.15,0.02 ,0.994505, 0.0031216,0.00237358,0.00549517
0.16,0.02 ,0.994473, 0.00312238,0.00240469,0.00552707
0.17,0.02 ,0.99444, 0.00312316,0.00243715,0.00556031
0.18,0.02 ,0.994405, 0.00312394,0.00247106,0.005595
0.19,0.02 ,0.994369, 0.00312473,0.00250651,0.00563124
0.2,0.02 ,0.994331, 0.00312552,0.00254363,0.00566915
0.21,0.02 ,0.994291, 0.00312632,0.00258252,0.00570884
0.22,0.02 ,0.99425, 0.00312712,0.00262333,0.00575045
0.23,0.02 ,0.994206, 0.00312792,0.00266622,0.00579415
0.24,0.02 ,0.99416, 0.00312873,0.00271135,0.00584008
0.25,0.02 ,0.994112, 0.00312955,0.0027589,0.00588845
0.26,0.02 ,0.994061, 0.00313037,0.00280909,0.00593946
0.27,0.02 ,0.994007, 0.00313119,0.00286215,0.00599334
0.28,0.02 ,0.99395, 0.00313202,0.00291835,0.00605036
0.29,0.02 ,0.993889, 0.00313285,0.00297796,0.00611081
0.3,0.02 ,0.993825, 0.00313369,0.00304134,0.00617502
0.31,0.02 ,0.993757, 0.00313453,0.00310885,0.00624337
0.32,0.02 ,0.993684, 0.00313537,0.00318092,0.0063163
0.33,0.02 ,0.993606, 0.00313622,0.00325805,0.00639428
0.34,0.02 ,0.993522, 0.00313708,0.0033408,0.00647788
0.35,0.02 ,0.993432, 0.00313794,0.00342983,0.00656777
0.36,0.02 ,0.993335, 0.00313881,0.00352588,0.00666469
0.37,0.02 ,0.99323, 0.00313968,0.00362985,0.00676952
0.38,0.02 ,0.993117, 0.00314055,0.00374276,0.00688331
0.39,0.02 ,0.992993, 0.00314143,0.00386585,0.00700728
0.4,0.02 ,0.992857, 0.00314231,0.00400057,0.00714288
0.41,0.02 ,0.992708, 0.0031432,0.00414868,0.00729188
0.42,0.02 ,0.992544, 0.0031441,0.0043123,0.0074564
0.43,0.02 ,0.992361, 0.003145,0.00449402,0.00763902
0.44,0.02 ,0.992157, 0.0031459,0.00469705,0.00784295
0.45,0.02 ,0.991928, 0.00314681,0.00492537,0.00807219
0.46,0.02 ,0.991668, 0.00314773,0.00518406,0.00833179
0.47,0.02 ,0.991372, 0.00314865,0.0054796,0.00862825
0.48,0.02 ,0.99103, 0.00314958,0.00582043,0.00897001
0.49,0.02 ,0.990632, 0.00315051,0.0062178,0.0093683
0.5,0.02 ,0.990162, 0.00315144,0.00668688,0.00983833
0.51,0.02 ,0.989599, 0.00315239,0.00724876,0.0104011
0.52,0.02 ,0.988913, 0.00315333,0.00793342,0.0110868
0.53,0.02 ,0.988061, 0.00315429,0.00878491,0.0119392
0.54,0.02 ,0.986975, 0.00315525,0.0098702,0.0130255
0.55,0.02 ,0.985548, 0.00315621,0.0112954,0.0144517
0.56,0.02 ,0.983606, 0.00315718,0.0132366,0.0163938
0.57,0.02 ,0.980843, 0.00315816,0.0159992,0.0191574
0.58,0.02 ,0.976708, 0.00315914,0.0201332,0.0232924
0.59,0.02 ,0.970223, 0.00316013,0.0266167,0.0297768
0.6,0.02 ,0.9599, 0.00316112,0.0369391,0.0401002
0.61,0.02 ,0.94442, 0.00316212,0.0524172,0.0555793
0.62,0.02 ,0.92409, 0.00316312,0.0727469,0.07591
0.63,0.02 ,0.900706, 0.00316413,0.0961299,0.0992941
0.64,0.02 ,0.875985, 0.00316515,0.12085,0.124015
0.65,0.02 ,0.850961, 0.00316617,0.145872,0.149039
0.66,0.02 ,0.826177, 0.0031672,0.170656,0.173823
0.67,0.02 ,0.801902, 0.00316824,0.19493,0.198098
0.68,0.02 ,0.77827, 0.00316928,0.218561,0.22173
0.69,0.02 ,0.755344, 0.00317033,0.241485,0.244656
0.7,0.02 ,0.733148, 0.00317139,0.263681,0.266852
0.71,0.02 ,0.711683, 0.00317245,0.285144,0.288317
0.72,0.02 ,0.69094, 0.00317351,0.305887,0.30906
0.73,0.02 ,0.670901, 0.00317459,0.325924,0.329099
0.74,0.02 ,0.651547, 0.00317567,0.345278,0.348453
0.75,0.02 ,0.632854, 0.00317676,0.36397,0.367146
0.76,0.02 ,0.614798, 0.00317785,0.382024,0.385202
0.77,0.02 ,0.597357, 0.00317895,0.399464,0.402643
0.78,0.02 ,0.580507, 0.00318006,0.416313,0.419493
0.79,0.02 ,0.564223, 0.00318118,0.432595,0.435777
0.8,0.02 ,0.548485, 0.0031823,0.448332,0.451515
0.81,0.02 ,0.533271, 0.00318343,0.463546,0.466729
0.82,0.02 ,0.518559, 0.00318456,0.478257,0.481441
0.83,0.02 ,0.50433, 0.00318571,0.492485,0.49567
0.84,0.02 ,0.490564, 0.00318686,0.506249,0.509436
0.85,0.02 ,0.477244, 0.00318801,0.519568,0.522756
0.86,0.02 ,0.464351, 0.00318918,0.53246,0.535649
0.87,0.02 ,0.451869, 0.00319035,0.54494,0.548131
0.88,0.02 ,0.439783, 0.00319153,0.557025,0.560217
0.89,0.02 ,0.428076, 0.00319272,0.568731,0.571924
0.9,0.02 ,0.416735, 0.00319391,0.580071,0.583265
0.91,0.02 ,0.405745, 0.00319512,0.59106,0.594255
0.92,0.02 ,0.395093, 0.00319633,0.60171,0.604907
0.93,0.02 ,0.384767, 0.00319754,0.612035,0.615233
0.94,0.02 ,0.374754, 0.00319877,0.622047,0.625246
0.95,0.02 ,0.365043, 0.00320001,0.631757,0.634957
0.96,0.02 ,0.355622, 0.00320125,0.641177,0.644378
0.97,0.02 ,0.346482, 0.0032025,0.650316,0.653518
0.98,0.02 ,0.337611, 0.00320376,0.659185,0.662389
0.99,0.02 ,0.329002, 0.00320502,0.667793,0.670998
1,0.02 ,0.320643, 0.0032063,0.676151,0.679357
0,0.03 ,0.994853, 0.00311104,0.00203604,0.00514708
0.01,0.03 ,0.994834, 0.00311176,0.00205425,0.005166
0.02,0.03 ,0.994815, 0.00311248,0.00207302,0.0051855
0.03,0.03 ,0.994794, 0.0031132,0.0020924,0.0052056
0.04,0.03 ,0.994774, 0.00311393,0.0021124,0.00522634
0.05,0.03 ,0.994752, 0.00311467,0.00213308,0.00524774
0.06,0.03 ,0.99473, 0.0031154,0.00215445,0.00526985
0.07,0.03 ,0.994707, 0.00311614,0.00217657,0.00529271
0.08,0.03 ,0.994684, 0.00311689,0.00219946,0.00531635
0.09,0.03 ,0.994659, 0.00311763,0.00222319,0.00534082
0.1,0.03 ,0.994634, 0.00311839,0.00224779,0.00536617
0.11,0.03 ,0.994608, 0.00311914,0.00227332,0.00539246
0.12,0.03 ,0.99458, 0.0031199,0.00229983,0.00541973
0.13,0.03 ,0.994552, 0.00312067,0.00232738,0.00544805
0.14,0.03 ,0.994523, 0.00312143,0.00235605,0.00547748
0.15,0.03 ,0.994492, 0.00312221,0.0023859,0.00550811
0.16,0.03 ,0.99446, 0.00312298,0.00241702,0.00554
0.17,0.03 ,0.994427, 0.00312376,0.00244948,0.00557324
0.18,0.03 ,0.994392, 0.00312455,0.00248339,0.00560793
0.19,0.03 ,0.994356, 0.00312533,0.00251884,0.00564417
0.2,0.03 ,0.994318, 0.00312613,0.00255595,0.00568208
0.21,0.03 ,0.994278, 0.00312692,0.00259484,0.00572177
0.22,0.03 ,0.994237, 0.00312772,0.00263566,0.00576338
0.23,0.03 ,0.994193, 0.00312853,0.00267854,0.00580707
0.24,0.03 ,0.994147, 0.00312934,0.00272367,0.00585301
0.25,0.03 ,0.994099, 0.00313015,0.00277122,0.00590138
0.26,0.03 ,0.994048, 0.00313097,0.00282141,0.00595238
0.27,0.03 ,0.993994, 0.0031318,0.00287447,0.00600627
0.28,0.03 ,0.993937, 0.00313262,0.00293066,0.00606328
0.29,0.03 ,0.993876, 0.00313346,0.00299027,0.00612373
0.3,0.03 ,0.993812, 0.00313429,0.00305365,0.00618794
0.31,0.03 ,0.993744, 0.00313513,0.00312115,0.00625629
0.32,0.03 ,0.993671, 0.00313598,0.00319322,0.0063292
0.33,0.03 ,0.993593, 0.00313683,0.00327035,0.00640718
0.34,0.03 ,0.993509, 0.00313769,0.0033531,0.00649079
0.35,0.03 ,0.993419, 0.00313855,0.00344212,0.00658067
0.36,0.03 ,0.993322, 0.00313941,0.00353817,0.00667758
0.37,0.03 ,0.993218, 0.00314028,0.00364213,0.00678241
0.38,0.03 ,0.993104, 0.00314116,0.00375504,0.00689619
0.39,0.03 ,0.99298, 0.00314204,0.00387812,0.00702015
0.4,0.03 ,0.992844, 0.00314292,0.00401283,0.00715575
0.41,0.03 ,0.992695, 0.00314381,0.00416094,0.00730475
0.42,0.03 ,0.992531, 0.0031447,0.00432455,0.00746925
0.43,0.03 ,0.992348, 0.0031456,0.00450625,0.00765186
0.44,0.03 ,0.992144, 0.00314651,0.00470927,0.00785577
0.45,0.03 ,0.991915, 0.00314742,0.00493757,0.00808499
0.46,0.03 ,0.991655, 0.00314833,0.00519624,0.00834457
0.47,0.03 ,0.991359, 0.00314926,0.00549175,0.008641
0.48,0.03 ,0.991017, 0.00315018,0.00583255,0.00898273
0.49,0.03 ,0.990619, 0.00315111,0.00622987,0.00938098
0.5,0.03 ,0.990149, 0.00315205,0.0066989,0.00985095
0.51,0.03 ,0.989586, 0.00315299,0.0072607,0.0104137
0.52,0.03 ,0.988901, 0.00315394,0.00794527,0.0110992
0.53,0.03 ,0.988048, 0.00315489,0.00879661,0.0119515
0.54,0.03 ,0.986962, 0.00315585,0.0098817,0.0130376
0.55,0.03 ,0.985537, 0.00315682,0.0113066,0.0144635
0.56,0.03 ,0.983595, 0.00315779,0.0132473,0.0164051
0.57,0.03 ,0.980832, 0.00315876,0.0160091,0.0191679
0.58,0.03 ,0.976699, 0.00315974,0.0201418,0.0233015
0.59,0.03 ,0.970216, 0.00316073,0.0266228,0.0297836
0.6,0.03 ,0.959897, 0.00316172,0.0369414,0.0401031
0.61,0.03 ,0.944422, 0.00316272,0.0524149,0.0555776
0.62,0.03 ,0.924095, 0.00316373,0.0727407,0.0759045
0.63,0.03 ,0.900714, 0.00316474,0.0961215,0.0992862
0.64,0.03 ,0.875994, 0.00316576,0.120841,0.124006
0.65,0.03 ,0.850971, 0.00316678,0.145862,0.149029
0.66,0.03 ,0.826187, 0.00316781,0.170645,0.173813
0.67,0.03 ,0.801912, 0.00316884,0.194919,0.198088
0.68,0.03 ,0.77828, 0.00316989,0.21855,0.22172
0.69,0.03 ,0.755355, 0.00317094,0.241474,0.244645
0.7,0.03 ,0.733158, 0.00317199,0.26367,0.266842
0.71,0.03 ,0.711693, 0.00317305,0.285134,0.288307
0.72,0.03 ,0.69095, 0.00317412,0.305876,0.30905
0.73,0.03 ,0.670911, 0.00317519,0.325914,0.329089
0.74,0.03 ,0.651557, 0.00317627,0.345267,0.348443
0.75,0.03 ,0.632863, 0.00317736,0.363959,0.367137
0.76,0.03 ,0.614808, 0.00317846,0.382014,0.385192
0.77,0.03 ,0.597367, 0.00317956,0.399454,0.402633
0.78,0.03 ,0.580516, 0.00318067,0.416304,0.419484
0.79,0.03 ,0.564232, 0.00318178,0.432586,0.435768
0.8,0.03 ,0.548494, 0.0031829,0.448323,0.451506
0.81,0.03 ,0.533279, 0.00318403,0.463536,0.466721
0.82,0.03 ,0.518567, 0.00318517,0.478247,0.481433
0.83,0.03 ,0.504338, 0.00318631,0.492476,0.495662
0.84,0.03 ,0.490572, 0.00318746,0.50624,0.509428
0.85,0.03 ,0.477252, 0.00318862,0.51956,0.522748
0.86,0.03 ,0.464359, 0.00318978,0.532451,0.535641
0.87,0.03 ,0.451877, 0.00319096,0.544932,0.548123
0.88,0.03 ,0.439791, 0.00319214,0.557017,0.560209
0.89,0.03 ,0.428084, 0.00319332,0.568723,0.571916
0.9,0.03 ,0.416743, 0.00319452,0.580063,0.583257
0.91,0.03 ,0.405753, 0.00319572,0.591052,0.594247
0.92,0.03 ,0.395101, 0.00319693,0.601702,0.604899
0.93,0.03 ,0.384774, 0.00319815,0.612028,0.615226
0.94,0.03 ,0.374761, 0.00319938,0.62204,0.625239
0.95,0.03 ,0.36505, 0.00320061,0.63175,0.63495
0.96,0.03 ,0.355629, 0.00320185,0.641169,0.644371
0.97,0.03 ,0.346489, 0.0032031,0.650308,0.653511
0.98,0.03 ,0.337618, 0.00320436,0.659177,0.662382
0.99,0.03 ,0.329008, 0.00320563,0.667786,0.670992
1,0.03 ,0.320649, 0.0032069,0.676144,0.679351
0,0.04 ,0.99484, 0.00311165,0.00204872,0.00516037
0.01,0.04 ,0.994821, 0.00311237,0.00206692,0.00517929
0.02,0.04 ,0.994801, 0.00311309,0.00208569,0.00519878
0.03,0.04 ,0.994781, 0.00311381,0.00210507,0.00521888
0.04,0.04 ,0.99476, 0.00311454,0.00212508,0.00523962
0.05,0.04 ,0.994739, 0.00311528,0.00214575,0.00526102
0.06,0.04 ,0.994717, 0.00311601,0.00216712,0.00528313
0.07,0.04 ,0.994694, 0.00311675,0.00218924,0.00530599
0.08,0.04 ,0.99467, 0.0031175,0.00221214,0.00532963
0.09,0.04 ,0.994646, 0.00311824,0.00223586,0.0053541
0.1,0.04 ,0.994621, 0.003119,0.00226046,0.00537945
0.11,0.04 ,0.994594, 0.00311975,0.00228598,0.00540574
0.12,0.04 ,0.994567, 0.00312051,0.0023125,0.00543301
0.13,0.04 ,0.994539, 0.00312127,0.00234005,0.00546133
0.14,0.04 ,0.994509, 0.00312204,0.00236872,0.00549076
0.15,0.04 ,0.994479, 0.00312281,0.00239857,0.00552138
0.16,0.04 ,0.994447, 0.00312359,0.00242968,0.00555327
0.17,0.04 ,0.994413, 0.00312437,0.00246215,0.00558652
0.18,0.04 ,0.994379, 0.00312515,0.00249605,0.00562121
0.19,0.04 ,0.994343, 0.00312594,0.0025315,0.00565745
0.2,0.04 ,0.994305, 0.00312674,0.00256861,0.00569535
0.21,0.04 ,0.994265, 0.00312753,0.0026075,0.00573504
0.22,0.04 ,0.994223, 0.00312833,0.00264832,0.00577665
0.23,0.04 ,0.99418, 0.00312914,0.0026912,0.00582034
0.24,0.04 ,0.994134, 0.00312995,0.00273633,0.00586628
0.25,0.04 ,0.994085, 0.00313076,0.00278388,0.00591464
0.26,0.04 ,0.994034, 0.00313158,0.00283407,0.00596565
0.27,0.04 ,0.99398, 0.0031324,0.00288712,0.00601953
0.28,0.04 ,0.993923, 0.00313323,0.00294331,0.00607654
0.29,0.04 ,0.993863, 0.00313406,0.00300292,0.00613699
0.3,0.04 ,0.993799, 0.0031349,0.00306629,0.00620119
0.31,0.04 ,0.99373, 0.00313574,0.0031338,0.00626954
0.32,0.04 ,0.993658, 0.00313659,0.00320587,0.00634246
0.33,0.04 ,0.99358, 0.00313744,0.00328299,0.00642043
0.34,0.04 ,0.993496, 0.00313829,0.00336574,0.00650403
0.35,0.04 ,0.993406, 0.00313916,0.00345475,0.00659391
0.36,0.04 ,0.993309, 0.00314002,0.0035508,0.00669082
0.37,0.04 ,0.993204, 0.00314089,0.00365475,0.00679564
0.38,0.04 ,0.993091, 0.00314176,0.00376765,0.00690942
0.39,0.04 ,0.992967, 0.00314264,0.00389073,0.00703337
0.4,0.04 ,0.992831, 0.00314353,0.00402544,0.00716897
0.41,0.04 ,0.992682, 0.00314442,0.00417353,0.00731795
0.42,0.04 ,0.992518, 0.00314531,0.00433713,0.00748244
0.43,0.04 ,0.992335, 0.00314621,0.00451882,0.00766504
0.44,0.04 ,0.992131, 0.00314712,0.00472182,0.00786894
0.45,0.04 ,0.991902, 0.00314803,0.00495011,0.00809814
0.46,0.04 ,0.991642, 0.00314894,0.00520875,0.0083577
0.47,0.04 ,0.991346, 0.00314986,0.00550423,0.0086541
0.48,0.04 ,0.991004, 0.00315079,0.005845,0.00899579
0.49,0.04 ,0.990606, 0.00315172,0.00624228,0.009394
0.5,0.04 ,0.990136, 0.00315266,0.00671125,0.00986391
0.51,0.04 ,0.989573, 0.0031536,0.00727298,0.0104266
0.52,0.04 ,0.988888, 0.00315455,0.00795744,0.011112
0.53,0.04 ,0.988036, 0.0031555,0.00880864,0.0119641
0.54,0.04 ,0.98695, 0.00315646,0.00989352,0.01305
0.55,0.04 ,0.985524, 0.00315742,0.0113181,0.0144756
0.56,0.04 ,0.983583, 0.00315839,0.0132583,0.0164167
0.57,0.04 ,0.980821, 0.00315937,0.0160193,0.0191787
0.58,0.04 ,0.976689, 0.00316035,0.0201505,0.0233109
0.59,0.04 ,0.970209, 0.00316134,0.0266291,0.0297905
0.6,0.04 ,0.959894, 0.00316233,0.0369438,0.0401061
0.61,0.04 ,0.944424, 0.00316333,0.0524126,0.0555759
0.62,0.04 ,0.924101, 0.00316434,0.0727345,0.0758988
0.63,0.04 ,0.900722, 0.00316535,0.0961128,0.0992781
0.64,0.04 ,0.876003, 0.00316636,0.120831,0.123997
0.65,0.04 ,0.850981, 0.00316739,0.145851,0.149019
0.66,0.04 ,0.826197, 0.00316842,0.170634,0.173803
0.67,0.04 ,0.801922, 0.00316945,0.194908,0.198078
0.68,0.04 ,0.778291, 0.0031705,0.218539,0.221709
0.69,0.04 ,0.755365, 0.00317154,0.241463,0.244635
0.7,0.04 ,0.733169, 0.0031726,0.263659,0.266831
0.71,0.04 ,0.711704, 0.00317366,0.285123,0.288296
0.72,0.04 ,0.69096, 0.00317473,0.305865,0.30904
0.73,0.04 ,0.670921, 0.0031758,0.325903,0.329079
0.74,0.04 ,0.651567, 0.00317688,0.345257,0.348433
0.75,0.04 ,0.632873, 0.00317797,0.363949,0.367127
0.76,0.04 ,0.614818, 0.00317906,0.382003,0.385182
0.77,0.04 ,0.597376, 0.00318017,0.399444,0.402624
0.78,0.04 ,0.580525, 0.00318127,0.416293,0.419475
0.79,0.04 ,0.564242, 0.00318239,0.432576,0.435758
0.8,0.04 ,0.548503, 0.00318351,0.448313,0.451497
0.81,0.04 ,0.533288, 0.00318464,0.463527,0.466712
0.82,0.04 ,0.518576, 0.00318578,0.478238,0.481424
0.83,0.04 ,0.504347, 0.00318692,0.492466,0.495653
0.84,0.04 ,0.490581, 0.00318807,0.506231,0.509419
0.85,0.04 ,0.47726, 0.00318923,0.519551,0.52274
0.86,0.04 ,0.464367, 0.00319039,0.532442,0.535633
0.87,0.04 ,0.451886, 0.00319156,0.544923,0.548114
0.88,0.04 ,0.439799, 0.00319274,0.557008,0.560201
0.89,0.04 ,0.428092, 0.00319393,0.568714,0.571908
0.9,0.04 ,0.41675, 0.00319513,0.580054,0.58325
0.91,0.04 ,0.40576, 0.00319633,0.591043,0.59424
0.92,0.04 ,0.395108, 0.00319754,0.601694,0.604892
0.93,0.04 ,0.384782, 0.00319876,0.61202,0.615218
0.94,0.04 ,0.374768, 0.00319998,0.622032,0.625232
0.95,0.04 ,0.365057, 0.00320122,0.631742,0.634943
0.96,0.04 ,0.355636, 0.00320246,0.641161,0.644364
0.97,0.04 ,0.346496, 0.00320371,0.650301,0.653504
0.98,0.04 ,0.337625, 0.00320497,0.65917,0.662375
0.99,0.04 ,0.329015, 0.00320623,0.667779,0.670985
1,0.04 ,0.320656, 0.00320751,0.676137,0.679344
0,0.05 ,0.994826, 0.00311226,0.00206174,0.00517401
0.01,0.05 ,0.994807, 0.00311298,0.00207995,0.00519293
0.02,0.05 ,0.994788, 0.0031137,0.00209872,0.00521242
0.03,0.05 ,0.994767, 0.00311443,0.0021181,0.00523252
0.04,0.05 ,0.994747, 0.00311516,0.0021381,0.00525326
0.05,0.05 ,0.994725, 0.00311589,0.00215878,0.00527466
0.06,0.05 ,0.994703, 0.00311662,0.00218015,0.00529677
0.07,0.05 ,0.99468, 0.00311737,0.00220226,0.00531963
0.08,0.05 ,0.994657, 0.00311811,0.00222516,0.00534327
0.09,0.05 ,0.994632, 0.00311886,0.00224888,0.00536774
0.1,0.05 ,0.994607, 0.00311961,0.00227348,0.00539309
0.11,0.05 ,0.994581, 0.00312036,0.00229901,0.00541937
0.12,0.05 ,0.994553, 0.00312112,0.00232552,0.00544664
0.13,0.05 ,0.994525, 0.00312189,0.00235307,0.00547496
0.14,0.05 ,0.994496, 0.00312266,0.00238174,0.0055044
0.15,0.05 ,0.994465, 0.00312343,0.00241159,0.00553502
0.16,0.05 ,0.994433, 0.0031242,0.00244271,0.00556691
0.17,0.05 ,0.9944, 0.00312498,0.00247517,0.00560015
0.18,0.05 ,0.994365, 0.00312577,0.00250907,0.00563484
0.19,0.05 ,0.994329, 0.00312656,0.00254452,0.00567108
0.2,0.05 ,0.994291, 0.00312735,0.00258163,0.00570898
0.21,0.05 ,0.994251, 0.00312815,0.00262052,0.00574867
0.22,0.05 ,0.99421, 0.00312895,0.00266133,0.00579028
0.23,0.05 ,0.994166, 0.00312975,0.00270422,0.00583397
0.24,0.05 ,0.99412, 0.00313056,0.00274934,0.0058799
0.25,0.05 ,0.994072, 0.00313138,0.00279689,0.00592827
0.26,0.05 ,0.994021, 0.00313219,0.00284708,0.00597927
0.27,0.05 ,0.993967, 0.00313302,0.00290013,0.00603315
0.28,0.05 ,0.99391, 0.00313385,0.00295632,0.00609016
0.29,0.05 ,0.993849, 0.00313468,0.00301593,0.00615061
0.3,0.05 ,0.993785, 0.00313551,0.0030793,0.00621481
0.31,0.05 ,0.993717, 0.00313636,0.0031468,0.00628315
0.32,0.05 ,0.993644, 0.0031372,0.00321887,0.00635607
0.33,0.05 ,0.993566, 0.00313805,0.00329599,0.00643404
0.34,0.05 ,0.993482, 0.00313891,0.00337873,0.00651764
0.35,0.05 ,0.993392, 0.00313977,0.00346774,0.00660751
0.36,0.05 ,0.993296, 0.00314063,0.00356378,0.00670441
0.37,0.05 ,0.993191, 0.0031415,0.00366773,0.00680923
0.38,0.05 ,0.993077, 0.00314238,0.00378063,0.006923
0.39,0.05 ,0.992953, 0.00314326,0.00390369,0.00704695
0.4,0.05 ,0.992817, 0.00314414,0.00403839,0.00718253
0.41,0.05 ,0.992668, 0.00314503,0.00418648,0.00733151
0.42,0.05 ,0.992504, 0.00314593,0.00435006,0.00749599
0.43,0.05 ,0.992321, 0.00314683,0.00453175,0.00767857
0.44,0.05 ,0.992118, 0.00314773,0.00473473,0.00788246
0.45,0.05 ,0.991888, 0.00314864,0.004963,0.00811164
0.46,0.05 ,0.991629, 0.00314956,0.00522162,0.00837118
0.47,0.05 ,0.991332, 0.00315048,0.00551707,0.00866755
0.48,0.05 ,0.990991, 0.0031514,0.0058578,0.00900921
0.49,0.05 ,0.990593, 0.00315233,0.00625503,0.00940737
0.5,0.05 ,0.990123, 0.00315327,0.00672395,0.00987722
0.51,0.05 ,0.98956, 0.00315421,0.0072856,0.0104398
0.52,0.05 ,0.988875, 0.00315516,0.00796995,0.0111251
0.53,0.05 ,0.988023, 0.00315611,0.00882101,0.0119771
0.54,0.05 ,0.986937, 0.00315707,0.00990568,0.0130627
0.55,0.05 ,0.985512, 0.00315804,0.01133,0.014488
0.56,0.05 ,0.983571, 0.00315901,0.0132696,0.0164287
0.57,0.05 ,0.98081, 0.00315998,0.0160298,0.0191898
0.58,0.05 ,0.976679, 0.00316096,0.0201596,0.0233205
0.59,0.05 ,0.970202, 0.00316195,0.0266356,0.0297976
0.6,0.05 ,0.959891, 0.00316294,0.0369462,0.0401092
0.61,0.05 ,0.944425, 0.00316394,0.0524102,0.0555741
0.62,0.05 ,0.924107, 0.00316495,0.0727281,0.075893
0.63,0.05 ,0.90073, 0.00316596,0.0961039,0.0992698
0.64,0.05 ,0.876013, 0.00316698,0.12082,0.123987
0.65,0.05 ,0.850992, 0.003168,0.14584,0.149008
0.66,0.05 ,0.826208, 0.00316903,0.170623,0.173792
0.67,0.05 ,0.801933, 0.00317007,0.194897,0.198067
0.68,0.05 ,0.778302, 0.00317111,0.218527,0.221698
0.69,0.05 ,0.755376, 0.00317216,0.241452,0.244624
0.7,0.05 ,0.733179, 0.00317321,0.263647,0.266821
0.71,0.05 ,0.711714, 0.00317427,0.285111,0.288286
0.72,0.05 ,0.690971, 0.00317534,0.305854,0.309029
0.73,0.05 ,0.670932, 0.00317641,0.325892,0.329068
0.74,0.05 ,0.651577, 0.00317749,0.345246,0.348423
0.75,0.05 ,0.632883, 0.00317858,0.363938,0.367117
0.76,0.05 ,0.614828, 0.00317968,0.381993,0.385172
0.77,0.05 ,0.597386, 0.00318078,0.399433,0.402614
0.78,0.05 ,0.580535, 0.00318189,0.416283,0.419465
0.79,0.05 ,0.564251, 0.003183,0.432566,0.435749
0.8,0.05 ,0.548513, 0.00318412,0.448303,0.451487
0.81,0.05 ,0.533298, 0.00318525,0.463517,0.466702
0.82,0.05 ,0.518585, 0.00318639,0.478228,0.481415
0.83,0.05 ,0.504356, 0.00318753,0.492457,0.495644
0.84,0.05 ,0.49059, 0.00318868,0.506222,0.50941
0.85,0.05 ,0.477269, 0.00318984,0.519541,0.522731
0.86,0.05 ,0.464376, 0.003191,0.532433,0.535624
0.87,0.05 ,0.451894, 0.00319218,0.544914,0.548106
0.88,0.05 ,0.439807, 0.00319335,0.556999,0.560193
0.89,0.05 ,0.4281, 0.00319454,0.568705,0.5719
0.9,0.05 ,0.416758, 0.00319574,0.580046,0.583242
0.91,0.05 ,0.405768, 0.00319694,0.591035,0.594232
0.92,0.05 ,0.395116, 0.00319815,0.601686,0.604884
0.93,0.05 ,0.384789, 0.00319937,0.612011,0.615211
0.94,0.05 ,0.374776, 0.00320059,0.622023,0.625224
0.95,0.05 ,0.365064, 0.00320183,0.631734,0.634936
0.96,0.05 ,0.355644, 0.00320307,0.641153,0.644356
0.97,0.05 ,0.346503, 0.00320432,0.650293,0.653497
0.98,0.05 ,0.337632, 0.00320558,0.659162,0.662368
0.99,0.05 ,0.329022, 0.00320684,0.667771,0.670978
1,0.05 ,0.320663, 0.00320812,0.676129,0.679337
0,0.06 ,0.994812, 0.00311288,0.00207515,0.00518803
0.01,0.06 ,0.994793, 0.0031136,0.00209335,0.00520695
0.02,0.06 ,0.994774, 0.00311432,0.00211212,0.00522644
0.03,0.06 ,0.994753, 0.00311504,0.0021315,0.00524654
0.04,0.06 ,0.994733, 0.00311577,0.0021515,0.00526728
0.05,0.06 ,0.994711, 0.00311651,0.00217218,0.00528868
0.06,0.06 ,0.994689, 0.00311724,0.00219355,0.00531079
0.07,0.06 ,0.994666, 0.00311798,0.00221566,0.00533365
0.08,0.06 ,0.994643, 0.00311873,0.00223856,0.00535729
0.09,0.06 ,0.994618, 0.00311947,0.00226228,0.00538176
0.1,0.06 ,0.994593, 0.00312023,0.00228688,0.00540711
0.11,0.06 ,0.994567, 0.00312098,0.00231241,0.00543339
0.12,0.06 ,0.994539, 0.00312174,0.00233892,0.00546066
0.13,0.06 ,0.994511, 0.0031225,0.00236647,0.00548898
0.14,0.06 ,0.994482, 0.00312327,0.00239514,0.00551841
0.15,0.06 ,0.994451, 0.00312404,0.00242499,0.00554903
0.16,0.06 ,0.994419, 0.00312482,0.0024561,0.00558092
0.17,0.06 ,0.994386, 0.0031256,0.00248856,0.00561416
0.18,0.06 ,0.994351, 0.00312638,0.00252247,0.00564885
0.19,0.06 ,0.994315, 0.00312717,0.00255791,0.00568509
0.2,0.06 ,0.994277, 0.00312797,0.00259502,0.00572299
0.21,0.06 ,0.994237, 0.00312876,0.00263391,0.00576267
0.22,0.06 ,0.994196, 0.00312956,0.00267472,0.00580429
0.23,0.06 ,0.994152, 0.00313037,0.0027176,0.00584797
0.24,0.06 ,0.994106, 0.00313118,0.00276273,0.00589391
0.25,0.06 ,0.994058, 0.00313199,0.00281028,0.00594227
0.26,0.06 ,0.994007, 0.00313281,0.00286046,0.00599327
0.27,0.06 ,0.993953, 0.00313363,0.00291351,0.00604715
0.28,0.06 ,0.993896, 0.00313446,0.0029697,0.00610416
0.29,0.06 ,0.993835, 0.00313529,0.00302931,0.0061646
0.3,0.06 ,0.993771, 0.00313613,0.00309267,0.0062288
0.31,0.06 ,0.993703, 0.00313697,0.00316017,0.00629714
0.32,0.06 ,0.99363, 0.00313782,0.00323224,0.00637005
0.33,0.06 ,0.993552, 0.00313867,0.00330935,0.00644802
0.34,0.06 ,0.993468, 0.00313952,0.00339209,0.00653162
0.35,0.06 ,0.993379, 0.00314038,0.0034811,0.00662148
0.36,0.06 ,0.993282, 0.00314125,0.00357713,0.00671838
0.37,0.06 ,0.993177, 0.00314212,0.00368108,0.0068232
0.38,0.06 ,0.993063, 0.00314299,0.00379397,0.00693696
0.39,0.06 ,0.992939, 0.00314387,0.00391703,0.0070609
0.4,0.06 ,0.992804, 0.00314476,0.00405172,0.00719648
0.41,0.06 ,0.992655, 0.00314565,0.00419979,0.00734544
0.42,0.06 ,0.99249, 0.00314654,0.00436337,0.00750991
0.43,0.06 ,0.992308, 0.00314744,0.00454504,0.00769248
0.44,0.06 ,0.992104, 0.00314835,0.00474801,0.00789635
0.45,0.06 ,0.991874, 0.00314926,0.00497626,0.00812552
0.46,0.06 ,0.991615, 0.00315017,0.00523486,0.00838503
0.47,0.06 ,0.991319, 0.00315109,0.00553028,0.00868137
0.48,0.06 ,0.990977, 0.00315202,0.00587097,0.00902299
0.49,0.06 ,0.990579, 0.00315295,0.00626816,0.00942111
0.5,0.06 ,0.990109, 0.00315389,0.00673701,0.0098909
0.51,0.06 ,0.989547, 0.00315483,0.00729858,0.0104534
0.52,0.06 ,0.988861, 0.00315578,0.00798283,0.0111386
0.53,0.06 ,0.98801, 0.00315673,0.00883373,0.0119905
0.54,0.06 ,0.986924, 0.00315769,0.00991818,0.0130759
0.55,0.06 ,0.985499, 0.00315865,0.0113422,0.0145008
0.56,0.06 ,0.983559, 0.00315962,0.0132813,0.0164409
0.57,0.06 ,0.980799, 0.0031606,0.0160406,0.0192012
0.58,0.06 ,0.97667, 0.00316158,0.0201689,0.0233305
0.59,0.06 ,0.970195, 0.00316257,0.0266423,0.0298049
0.6,0.06 ,0.959887, 0.00316356,0.0369488,0.0401124
0.61,0.06 ,0.944427, 0.00316456,0.0524078,0.0555723
0.62,0.06 ,0.924113, 0.00316556,0.0727215,0.0758871
0.63,0.06 ,0.900739, 0.00316658,0.0960948,0.0992613
0.64,0.06 ,0.876023, 0.00316759,0.12081,0.123977
0.65,0.06 ,0.851002, 0.00316862,0.145829,0.148998
0.66,0.06 ,0.826219, 0.00316965,0.170612,0.173781
0.67,0.06 ,0.801944, 0.00317068,0.194885,0.198056
0.68,0.06 ,0.778313, 0.00317172,0.218515,0.221687
0.69,0.06 ,0.755387, 0.00317277,0.24144,0.244613
0.7,0.06 ,0.733191, 0.00317383,0.263636,0.266809
0.71,0.06 ,0.711725, 0.00317489,0.2851,0.288275
0.72,0.06 ,0.690982, 0.00317596,0.305843,0.309018
0.73,0.06 ,0.670942, 0.00317703,0.325881,0.329058
0.74,0.06 ,0.651587, 0.00317811,0.345235,0.348413
0.75,0.06 ,0.632894, 0.0031792,0.363927,0.367106
0.76,0.06 ,0.614838, 0.00318029,0.381982,0.385162
0.77,0.06 ,0.597396, 0.00318139,0.399423,0.402604
0.78,0.06 ,0.580545, 0.0031825,0.416273,0.419455
0.79,0.06 ,0.564261, 0.00318362,0.432555,0.435739
0.8,0.06 ,0.548522, 0.00318474,0.448293,0.451478
0.81,0.06 ,0.533307, 0.00318587,0.463507,0.466693
0.82,0.06 ,0.518595, 0.003187,0.478218,0.481405
0.83,0.06 ,0.504365, 0.00318815,0.492447,0.495635
0.84,0.06 ,0.490599, 0.0031893,0.506212,0.509401
0.85,0.06 ,0.477278, 0.00319045,0.519532,0.522722
0.86,0.06 ,0.464385, 0.00319162,0.532424,0.535615
0.87,0.06 ,0.451903, 0.00319279,0.544905,0.548097
0.88,0.06 ,0.439816, 0.00319397,0.55699,0.560184
0.89,0.06 ,0.428109, 0.00319516,0.568696,0.571891
0.9,0.06 ,0.416767, 0.00319635,0.580037,0.583233
0.91,0.06 ,0.405776, 0.00319755,0.591026,0.594224
0.92,0.06 ,0.395124, 0.00319877,0.601677,0.604876
0.93,0.06 ,0.384797, 0.00319998,0.612003,0.615203
0.94,0.06 ,0.374784, 0.00320121,0.622015,0.625216
0.95,0.06 ,0.365072, 0.00320244,0.631726,0.634928
0.96,0.06 ,0.355651, 0.00320369,0.641145,0.644349
0.97,0.06 ,0.34651, 0.00320494,0.650285,0.65349
0.98,0.06 ,0.337639, 0.00320619,0.659154,0.662361
0.99,0.06 ,0.329029, 0.00320746,0.667763,0.670971
1,0.06 ,0.32067, 0.00320873,0.676121,0.67933
0,0.07 ,0.994798, 0.0031135,0.00208894,0.00520244
0.01,0.07 ,0.994779, 0.00311422,0.00210714,0.00522136
0.02,0.07 ,0.994759, 0.00311494,0.00212592,0.00524086
0.03,0.07 ,0.994739, 0.00311566,0.00214529,0.00526096
0.04,0.07 ,0.994718, 0.00311639,0.0021653,0.00528169
0.05,0.07 ,0.994697, 0.00311713,0.00218597,0.00530309
0.06,0.07 ,0.994675, 0.00311786,0.00220734,0.0053252
0.07,0.07 ,0.994652, 0.0031186,0.00222946,0.00534806
0.08,0.07 ,0.994628, 0.00311935,0.00225235,0.0053717
0.09,0.07 ,0.994604, 0.00312009,0.00227607,0.00539617
0.1,0.07 ,0.994578, 0.00312085,0.00230067,0.00542152
0.11,0.07 ,0.994552, 0.0031216,0.0023262,0.0054478
0.12,0.07 ,0.994525, 0.00312236,0.00235271,0.00547507
0.13,0.07 ,0.994497, 0.00312313,0.00238026,0.00550338
0.14,0.07 ,0.994467, 0.00312389,0.00240892,0.00553282
0.15,0.07 ,0.994437, 0.00312466,0.00243877,0.00556344
0.16,0.07 ,0.994405, 0.00312544,0.00246989,0.00559533
0.17,0.07 ,0.994371, 0.00312622,0.00250235,0.00562857
0.18,0.07 ,0.994337, 0.003127,0.00253625,0.00566325
0.19,0.07 ,0.994301, 0.00312779,0.0025717,0.00569949
0.2,0.07 ,0.994263, 0.00312859,0.0026088,0.00573739
0.21,0.07 ,0.994223, 0.00312938,0.00264769,0.00577708
0.22,0.07 ,0.994181, 0.00313018,0.0026885,0.00581869
0.23,0.07 ,0.994138, 0.00313099,0.00273138,0.00586237
0.24,0.07 ,0.994092, 0.0031318,0.0027765,0.0059083
0.25,0.07 ,0.994043, 0.00313261,0.00282405,0.00595667
0.26,0.07 ,0.993992, 0.00313343,0.00287424,0.00600767
0.27,0.07 ,0.993938, 0.00313425,0.00292729,0.00606154
0.28,0.07 ,0.993881, 0.00313508,0.00298347,0.00611855
0.29,0.07 ,0.993821, 0.00313591,0.00304307,0.00617899
0.3,0.07 ,0.993757, 0.00313675,0.00310644,0.00624319
0.31,0.07 ,0.993688, 0.00313759,0.00317393,0.00631153
0.32,0.07 ,0.993616, 0.00313844,0.003246,0.00638443
0.33,0.07 ,0.993538, 0.00313929,0.00332311,0.0064624
0.34,0.07 ,0.993454, 0.00314014,0.00340584,0.00654599
0.35,0.07 ,0.993364, 0.003141,0.00349485,0.00663585
0.36,0.07 ,0.993267, 0.00314187,0.00359088,0.00673275
0.37,0.07 ,0.993162, 0.00314274,0.00369482,0.00683756
0.38,0.07 ,0.993049, 0.00314361,0.0038077,0.00695132
0.39,0.07 ,0.992925, 0.00314449,0.00393075,0.00707525
0.4,0.07 ,0.992789, 0.00314538,0.00406544,0.00721082
0.41,0.07 ,0.99264, 0.00314627,0.0042135,0.00735977
0.42,0.07 ,0.992476, 0.00314716,0.00437707,0.00752423
0.43,0.07 ,0.992293, 0.00314806,0.00455872,0.00770679
0.44,0.07 ,0.992089, 0.00314897,0.00476167,0.00791064
0.45,0.07 ,0.99186, 0.00314988,0.00498991,0.00813978
0.46,0.07 ,0.991601, 0.00315079,0.00524848,0.00839927
0.47,0.07 ,0.991304, 0.00315171,0.00554387,0.00869558
0.48,0.07 ,0.990963, 0.00315264,0.00588453,0.00903717
0.49,0.07 ,0.990565, 0.00315357,0.00628167,0.00943524
0.5,0.07 ,0.990095, 0.00315451,0.00675046,0.00990496
0.51,0.07 ,0.989533, 0.00315545,0.00731195,0.0104674
0.52,0.07 ,0.988848, 0.0031564,0.00799608,0.0111525
0.53,0.07 ,0.987996, 0.00315735,0.00884683,0.0120042
0.54,0.07 ,0.986911, 0.00315831,0.00993105,0.0130894
