Betamv, Betapv,V,Rs,Rv,P
0,0 ,0.907128, 0.0908718,0.002,0.0928718
0.01,0 ,0.906124, 0.0912389,0.00263669,0.0938756
0.02,0 ,0.905089, 0.0916106,0.00330079,0.0949113
0.03,0 ,0.90402, 0.0919867,0.00399366,0.0959804
0.04,0 ,0.902916, 0.0923675,0.00471671,0.0970842
0.05,0 ,0.901776, 0.0927529,0.00547146,0.0982243
0.06,0 ,0.900598, 0.0931429,0.00625948,0.0994024
0.07,0 ,0.89938, 0.0935378,0.00708247,0.10062
0.08,0 ,0.89812, 0.0939374,0.00794221,0.10188
0.09,0 ,0.896818, 0.0943419,0.00884059,0.103182
0.1,0 ,0.895469, 0.0947513,0.00977962,0.104531
0.11,0 ,0.894073, 0.0951655,0.0107614,0.105927
0.12,0 ,0.892627, 0.0955848,0.0117883,0.107373
0.13,0 ,0.891128, 0.0960091,0.0128625,0.108872
0.14,0 ,0.889575, 0.0964384,0.0139868,0.110425
0.15,0 ,0.887964, 0.0968728,0.0151637,0.112036
0.16,0 ,0.886292, 0.0973123,0.0163961,0.113708
0.17,0 ,0.884556, 0.0977569,0.0176871,0.115444
0.18,0 ,0.882753, 0.0982068,0.0190399,0.117247
0.19,0 ,0.88088, 0.0986618,0.020458,0.11912
0.2,0 ,0.878933, 0.0991221,0.0219449,0.121067
0.21,0 ,0.876908, 0.0995876,0.0235047,0.123092
0.22,0 ,0.8748, 0.100058,0.0251414,0.1252
0.23,0 ,0.872606, 0.100534,0.0268595,0.127394
0.24,0 ,0.870321, 0.101016,0.0286635,0.129679
0.25,0 ,0.867939, 0.101502,0.0305585,0.132061
0.26,0 ,0.865456, 0.101994,0.0325497,0.134544
0.27,0 ,0.862866, 0.102492,0.0346427,0.137134
0.28,0 ,0.860163, 0.102994,0.0368435,0.139837
0.29,0 ,0.85734, 0.103502,0.0391583,0.14266
0.3,0 ,0.854391, 0.104015,0.0415938,0.145609
0.31,0 ,0.85131, 0.104533,0.0441571,0.14869
0.32,0 ,0.848088, 0.105056,0.0468556,0.151912
0.33,0 ,0.844718, 0.105585,0.0496972,0.155282
0.34,0 ,0.841191, 0.106119,0.05269,0.158809
0.35,0 ,0.8375, 0.106657,0.0558429,0.1625
0.36,0 ,0.833634, 0.107201,0.0591648,0.166366
0.37,0 ,0.829585, 0.10775,0.0626652,0.170415
0.38,0 ,0.825343, 0.108304,0.0663538,0.174657
0.39,0 ,0.820897, 0.108862,0.0702409,0.179103
0.4,0 ,0.816238, 0.109425,0.0743368,0.183762
0.41,0 ,0.811355, 0.109993,0.0786521,0.188645
0.42,0 ,0.806237, 0.110566,0.0831975,0.193763
0.43,0 ,0.800874, 0.111143,0.0879837,0.199126
0.44,0 ,0.795255, 0.111724,0.0930213,0.204745
0.45,0 ,0.78937, 0.11231,0.0983206,0.21063
0.46,0 ,0.783209, 0.1129,0.103891,0.216791
0.47,0 ,0.776764, 0.113494,0.109743,0.223236
0.48,0 ,0.770025, 0.114091,0.115883,0.229975
0.49,0 ,0.762987, 0.114693,0.12232,0.237013
0.5,0 ,0.755644, 0.115298,0.129057,0.244356
0.51,0 ,0.747992, 0.115907,0.136101,0.252008
0.52,0 ,0.740029, 0.116519,0.143452,0.259971
0.53,0 ,0.731755, 0.117135,0.15111,0.268245
0.54,0 ,0.723174, 0.117754,0.159073,0.276826
0.55,0 ,0.71429, 0.118375,0.167334,0.28571
0.56,0 ,0.705113, 0.119,0.175887,0.294887
0.57,0 ,0.695654, 0.119627,0.184719,0.304346
0.58,0 ,0.685925, 0.120257,0.193818,0.314075
0.59,0 ,0.675944, 0.120889,0.203167,0.324056
0.6,0 ,0.665731, 0.121523,0.212746,0.334269
0.61,0 ,0.655305, 0.12216,0.222535,0.344695
0.62,0 ,0.644691, 0.122798,0.232511,0.355309
0.63,0 ,0.633912, 0.123439,0.242649,0.366088
0.64,0 ,0.622996, 0.124081,0.252924,0.377004
0.65,0 ,0.611967, 0.124724,0.263309,0.388033
0.66,0 ,0.600852, 0.125369,0.273779,0.399148
0.67,0 ,0.589678, 0.126015,0.284307,0.410322
0.68,0 ,0.57847, 0.126662,0.294868,0.42153
0.69,0 ,0.567252, 0.12731,0.305437,0.432748
0.7,0 ,0.556049, 0.127959,0.315991,0.443951
0.71,0 ,0.544883, 0.128609,0.326508,0.455117
0.72,0 ,0.533774, 0.129259,0.336967,0.466226
0.73,0 ,0.52274, 0.12991,0.34735,0.47726
0.74,0 ,0.5118, 0.130561,0.357639,0.4882
0.75,0 ,0.500968, 0.131212,0.367819,0.499032
0.76,0 ,0.490259, 0.131864,0.377877,0.509741
0.77,0 ,0.479684, 0.132515,0.3878,0.520316
0.78,0 ,0.469255, 0.133167,0.397578,0.530745
0.79,0 ,0.458979, 0.133818,0.407203,0.541021
0.8,0 ,0.448865, 0.134469,0.416666,0.551135
0.81,0 ,0.43892, 0.135119,0.425961,0.56108
0.82,0 ,0.429147, 0.135769,0.435083,0.570853
0.83,0 ,0.419552, 0.136419,0.444029,0.580448
0.84,0 ,0.410137, 0.137068,0.452795,0.589863
0.85,0 ,0.400904, 0.137716,0.46138,0.599096
0.86,0 ,0.391856, 0.138363,0.469781,0.608144
0.87,0 ,0.382992, 0.13901,0.477998,0.617008
0.88,0 ,0.374313, 0.139655,0.486032,0.625687
0.89,0 ,0.365818, 0.1403,0.493883,0.634182
0.9,0 ,0.357506, 0.140943,0.501551,0.642494
0.91,0 ,0.349376, 0.141585,0.509039,0.650624
0.92,0 ,0.341426, 0.142226,0.516347,0.658574
0.93,0 ,0.333655, 0.142866,0.523479,0.666345
0.94,0 ,0.326059, 0.143505,0.530436,0.673941
0.95,0 ,0.318636, 0.144142,0.537222,0.681364
0.96,0 ,0.311385, 0.144778,0.543838,0.688615
0.97,0 ,0.3043, 0.145412,0.550288,0.6957
0.98,0 ,0.297381, 0.146045,0.556574,0.702619
0.99,0 ,0.290624, 0.146676,0.5627,0.709376
1,0 ,0.284025, 0.147306,0.568669,0.715975
0,0.01 ,0.906563, 0.0910968,0.00234044,0.0934372
0.01,0.01 ,0.905561, 0.091463,0.00297629,0.0944393
0.02,0.01 ,0.904527, 0.0918338,0.00363951,0.0954733
0.03,0.01 ,0.90346, 0.092209,0.00433144,0.0965405
0.04,0.01 ,0.902358, 0.0925889,0.0050535,0.0976424
0.05,0.01 ,0.901219, 0.0929734,0.0058072,0.0987806
0.06,0.01 ,0.900043, 0.0933626,0.00659412,0.0999567
0.07,0.01 ,0.898828, 0.0937565,0.00741594,0.101172
0.08,0.01 ,0.89757, 0.0941552,0.00827444,0.10243
0.09,0.01 ,0.89627, 0.0945587,0.00917151,0.10373
0.1,0.01 ,0.894924, 0.0949671,0.0101092,0.105076
0.11,0.01 ,0.89353, 0.0953804,0.0110895,0.10647
0.12,0.01 ,0.892087, 0.0957986,0.0121148,0.107913
0.13,0.01 ,0.890591, 0.0962219,0.0131874,0.109409
0.14,0.01 ,0.88904, 0.0966502,0.0143098,0.11096
0.15,0.01 ,0.887432, 0.0970835,0.0154849,0.112568
0.16,0.01 ,0.885763, 0.097522,0.0167153,0.114237
0.17,0.01 ,0.88403, 0.0979656,0.0180042,0.11597
0.18,0.01 ,0.882231, 0.0984143,0.0193547,0.117769
0.19,0.01 ,0.880361, 0.0988683,0.0207704,0.119639
0.2,0.01 ,0.878418, 0.0993274,0.0222549,0.121582
0.21,0.01 ,0.876396, 0.0997918,0.0238119,0.123604
0.22,0.01 ,0.874293, 0.100261,0.0254457,0.125707
0.23,0.01 ,0.872103, 0.100736,0.0271607,0.127897
0.24,0.01 ,0.869822, 0.101217,0.0289614,0.130178
0.25,0.01 ,0.867445, 0.101702,0.0308529,0.132555
0.26,0.01 ,0.864967, 0.102193,0.0328403,0.135033
0.27,0.01 ,0.862382, 0.102689,0.0349293,0.137618
0.28,0.01 ,0.859684, 0.10319,0.0371258,0.140316
0.29,0.01 ,0.856867, 0.103697,0.0394361,0.143133
0.3,0.01 ,0.853925, 0.104208,0.0418667,0.146075
0.31,0.01 ,0.85085, 0.104725,0.0444248,0.14915
0.32,0.01 ,0.847635, 0.105247,0.0471177,0.152365
0.33,0.01 ,0.844272, 0.105775,0.0499533,0.155728
0.34,0.01 ,0.840753, 0.106307,0.0529398,0.159247
0.35,0.01 ,0.83707, 0.106845,0.0560858,0.16293
0.36,0.01 ,0.833213, 0.107387,0.0594004,0.166787
0.37,0.01 ,0.829173, 0.107934,0.062893,0.170827
0.38,0.01 ,0.82494, 0.108487,0.0665734,0.17506
0.39,0.01 ,0.820504, 0.109044,0.0704516,0.179496
0.4,0.01 ,0.815856, 0.109606,0.0745381,0.184144
0.41,0.01 ,0.810984, 0.110172,0.0788434,0.189016
0.42,0.01 ,0.805878, 0.110744,0.0833781,0.194122
0.43,0.01 ,0.800528, 0.111319,0.088153,0.199472
0.44,0.01 ,0.794922, 0.111899,0.0931787,0.205078
0.45,0.01 ,0.789051, 0.112483,0.0984653,0.210949
0.46,0.01 ,0.782905, 0.113072,0.104023,0.217095
0.47,0.01 ,0.776475, 0.113664,0.10986,0.223525
0.48,0.01 ,0.769753, 0.114261,0.115986,0.230247
0.49,0.01 ,0.762732, 0.114861,0.122407,0.237268
0.5,0.01 ,0.755406, 0.115465,0.129129,0.244594
0.51,0.01 ,0.747772, 0.116072,0.136156,0.252228
0.52,0.01 ,0.739827, 0.116683,0.14349,0.260173
0.53,0.01 ,0.731572, 0.117297,0.15113,0.268428
0.54,0.01 ,0.72301, 0.117915,0.159075,0.27699
0.55,0.01 ,0.714147, 0.118535,0.167318,0.285853
0.56,0.01 ,0.704989, 0.119158,0.175853,0.295011
0.57,0.01 ,0.695549, 0.119784,0.184667,0.304451
0.58,0.01 ,0.68584, 0.120412,0.193747,0.31416
0.59,0.01 ,0.675879, 0.121043,0.203078,0.324121
0.6,0.01 ,0.665685, 0.121676,0.212639,0.334315
0.61,0.01 ,0.655278, 0.122311,0.222411,0.344722
0.62,0.01 ,0.644682, 0.122948,0.23237,0.355318
0.63,0.01 ,0.633921, 0.123587,0.242492,0.366079
0.64,0.01 ,0.623021, 0.124228,0.252751,0.376979
0.65,0.01 ,0.612008, 0.12487,0.263122,0.387992
0.66,0.01 ,0.600909, 0.125514,0.273578,0.399091
0.67,0.01 ,0.589749, 0.126158,0.284093,0.410251
0.68,0.01 ,0.578554, 0.126804,0.294642,0.421446
0.69,0.01 ,0.567349, 0.127451,0.305199,0.432651
0.7,0.01 ,0.556158, 0.128099,0.315743,0.443842
0.71,0.01 ,0.545002, 0.128747,0.326251,0.454998
0.72,0.01 ,0.533902, 0.129396,0.336701,0.466098
0.73,0.01 ,0.522878, 0.130046,0.347076,0.477122
0.74,0.01 ,0.511946, 0.130696,0.357359,0.488054
0.75,0.01 ,0.501121, 0.131346,0.367533,0.498879
0.76,0.01 ,0.490418, 0.131996,0.377586,0.509582
0.77,0.01 ,0.479849, 0.132646,0.387504,0.520151
0.78,0.01 ,0.469425, 0.133297,0.397279,0.530575
0.79,0.01 ,0.459153, 0.133947,0.4069,0.540847
0.8,0.01 ,0.449043, 0.134596,0.41636,0.550957
0.81,0.01 ,0.439101, 0.135246,0.425653,0.560899
0.82,0.01 ,0.429331, 0.135895,0.434774,0.570669
0.83,0.01 ,0.419738, 0.136543,0.443719,0.580262
0.84,0.01 ,0.410325, 0.137191,0.452485,0.589675
0.85,0.01 ,0.401094, 0.137838,0.461069,0.598906
0.86,0.01 ,0.392046, 0.138484,0.46947,0.607954
0.87,0.01 ,0.383183, 0.139129,0.477688,0.616817
0.88,0.01 ,0.374504, 0.139774,0.485722,0.625496
0.89,0.01 ,0.366009, 0.140417,0.493573,0.633991
0.9,0.01 ,0.357698, 0.14106,0.501243,0.642302
0.91,0.01 ,0.349567, 0.141701,0.508732,0.650433
0.92,0.01 ,0.341617, 0.142341,0.516042,0.658383
0.93,0.01 ,0.333845, 0.14298,0.523175,0.666155
0.94,0.01 ,0.326248, 0.143617,0.530134,0.673752
0.95,0.01 ,0.318825, 0.144254,0.536922,0.681175
0.96,0.01 ,0.311572, 0.144888,0.54354,0.688428
0.97,0.01 ,0.304486, 0.145522,0.549992,0.695514
0.98,0.01 ,0.297566, 0.146154,0.556281,0.702434
0.99,0.01 ,0.290807, 0.146784,0.562409,0.709193
1,0.01 ,0.284206, 0.147413,0.568381,0.715794
0,0.02 ,0.90598, 0.0913251,0.00269482,0.0940199
0.01,0.02 ,0.90498, 0.0916905,0.00332979,0.0950203
0.02,0.02 ,0.903948, 0.0920604,0.00399209,0.0960525
0.03,0.02 ,0.902882, 0.0924348,0.00468305,0.0971178
0.04,0.02 ,0.901782, 0.0928137,0.00540409,0.0982178
0.05,0.02 ,0.900646, 0.0931973,0.00615671,0.099354
0.06,0.02 ,0.899472, 0.0935855,0.00694248,0.100528
0.07,0.02 ,0.898258, 0.0939785,0.0077631,0.101742
0.08,0.02 ,0.897003, 0.0943762,0.00862032,0.102997
0.09,0.02 ,0.895705, 0.0947788,0.00951604,0.104295
0.1,0.02 ,0.894362, 0.0951862,0.0104523,0.105638
0.11,0.02 ,0.89297, 0.0955985,0.0114311,0.10703
0.12,0.02 ,0.89153, 0.0960157,0.0124547,0.10847
0.13,0.02 ,0.890036, 0.096438,0.0135256,0.109964
0.14,0.02 ,0.888489, 0.0968652,0.0146463,0.111511
0.15,0.02 ,0.886883, 0.0972975,0.0158194,0.113117
0.16,0.02 ,0.885217, 0.0977349,0.0170478,0.114783
0.17,0.02 ,0.883488, 0.0981774,0.0183345,0.116512
0.18,0.02 ,0.881692, 0.098625,0.0196828,0.118308
0.19,0.02 ,0.879826, 0.0990779,0.021096,0.120174
0.2,0.02 ,0.877886, 0.0995359,0.0225778,0.122114
0.21,0.02 ,0.875869, 0.0999991,0.0241321,0.124131
0.22,0.02 ,0.873769, 0.100468,0.0257629,0.126231
0.23,0.02 ,0.871584, 0.100941,0.0274747,0.128416
0.24,0.02 ,0.869308, 0.10142,0.0292721,0.130692
0.25,0.02 ,0.866936, 0.101905,0.0311599,0.133064
0.26,0.02 ,0.864462, 0.102394,0.0331435,0.135538
0.27,0.02 ,0.861883, 0.102889,0.0352284,0.138117
0.28,0.02 ,0.859191, 0.103389,0.0374206,0.140809
0.29,0.02 ,0.85638, 0.103894,0.0397261,0.14362
0.3,0.02 ,0.853444, 0.104405,0.0421518,0.146556
0.31,0.02 ,0.850375, 0.10492,0.0447045,0.149625
0.32,0.02 ,0.847167, 0.105441,0.0473917,0.152833
0.33,0.02 ,0.843812, 0.105967,0.0502212,0.156188
0.34,0.02 ,0.840301, 0.106498,0.0532012,0.159699
0.35,0.02 ,0.836625, 0.107034,0.0563402,0.163375
0.36,0.02 ,0.832777, 0.107576,0.0596474,0.167223
0.37,0.02 ,0.828746, 0.108122,0.0631321,0.171254
0.38,0.02 ,0.824523, 0.108673,0.066804,0.175477
0.39,0.02 ,0.820098, 0.109228,0.0706732,0.179902
0.4,0.02 ,0.815461, 0.109789,0.07475,0.184539
0.41,0.02 ,0.810601, 0.110354,0.079045,0.189399
0.42,0.02 ,0.805507, 0.110924,0.0835689,0.194493
0.43,0.02 ,0.80017, 0.111498,0.0883323,0.19983
0.44,0.02 ,0.794578, 0.112077,0.0933457,0.205422
0.45,0.02 ,0.788721, 0.112659,0.0986194,0.211279
0.46,0.02 ,0.78259, 0.113246,0.104163,0.21741
0.47,0.02 ,0.776176, 0.113838,0.109986,0.223824
0.48,0.02 ,0.76947, 0.114433,0.116097,0.23053
0.49,0.02 ,0.762466, 0.115031,0.122502,0.237534
0.5,0.02 ,0.755158, 0.115634,0.129208,0.244842
0.51,0.02 ,0.747542, 0.11624,0.136218,0.252458
0.52,0.02 ,0.739616, 0.116849,0.143534,0.260384
0.53,0.02 ,0.731381, 0.117462,0.151157,0.268619
0.54,0.02 ,0.722839, 0.118078,0.159083,0.277161
0.55,0.02 ,0.713995, 0.118697,0.167308,0.286005
0.56,0.02 ,0.704858, 0.119319,0.175823,0.295142
0.57,0.02 ,0.695438, 0.119943,0.184619,0.304562
0.58,0.02 ,0.68575, 0.12057,0.19368,0.31425
0.59,0.02 ,0.675808, 0.121199,0.202992,0.324192
0.6,0.02 ,0.665634, 0.121831,0.212535,0.334366
0.61,0.02 ,0.655246, 0.122465,0.222289,0.344754
0.62,0.02 ,0.644669, 0.123101,0.232231,0.355331
0.63,0.02 ,0.633926, 0.123738,0.242336,0.366074
0.64,0.02 ,0.623044, 0.124377,0.252579,0.376956
0.65,0.02 ,0.612047, 0.125018,0.262935,0.387953
0.66,0.02 ,0.600963, 0.12566,0.273376,0.399037
0.67,0.02 ,0.589818, 0.126304,0.283878,0.410182
0.68,0.02 ,0.578637, 0.126948,0.294414,0.421363
0.69,0.02 ,0.567445, 0.127594,0.304961,0.432555
0.7,0.02 ,0.556266, 0.12824,0.315494,0.443734
0.71,0.02 ,0.545121, 0.128888,0.325991,0.454879
0.72,0.02 ,0.534031, 0.129535,0.336433,0.465969
0.73,0.02 ,0.523016, 0.130184,0.346801,0.476984
0.74,0.02 ,0.512092, 0.130832,0.357076,0.487908
0.75,0.02 ,0.501275, 0.131481,0.367244,0.498725
0.76,0.02 ,0.490579, 0.13213,0.377291,0.509421
0.77,0.02 ,0.480015, 0.132779,0.387205,0.519985
0.78,0.02 ,0.469596, 0.133428,0.396976,0.530404
0.79,0.02 ,0.459329, 0.134077,0.406594,0.540671
0.8,0.02 ,0.449223, 0.134726,0.416051,0.550777
0.81,0.02 ,0.439284, 0.135374,0.425342,0.560716
0.82,0.02 ,0.429517, 0.136022,0.434461,0.570483
0.83,0.02 ,0.419926, 0.136669,0.443405,0.580074
0.84,0.02 ,0.410515, 0.137315,0.45217,0.589485
0.85,0.02 ,0.401286, 0.137961,0.460753,0.598714
0.86,0.02 ,0.392239, 0.138606,0.469154,0.607761
0.87,0.02 ,0.383377, 0.139251,0.477372,0.616623
0.88,0.02 ,0.374699, 0.139894,0.485407,0.625301
0.89,0.02 ,0.366204, 0.140536,0.49326,0.633796
0.9,0.02 ,0.357892, 0.141178,0.50093,0.642108
0.91,0.02 ,0.349762, 0.141818,0.50842,0.650238
0.92,0.02 ,0.341811, 0.142457,0.515732,0.658189
0.93,0.02 ,0.334038, 0.143095,0.522867,0.665962
0.94,0.02 ,0.32644, 0.143731,0.529828,0.67356
0.95,0.02 ,0.319016, 0.144367,0.536617,0.680984
0.96,0.02 ,0.311762, 0.145,0.543238,0.688238
0.97,0.02 ,0.304675, 0.145633,0.549692,0.695325
0.98,0.02 ,0.297753, 0.146264,0.555983,0.702247
0.99,0.02 ,0.290993, 0.146893,0.562114,0.709007
1,0.02 ,0.284391, 0.147521,0.568088,0.715609
0,0.03 ,0.905379, 0.091557,0.00306381,0.0946208
0.01,0.03 ,0.904381, 0.0919215,0.00369787,0.0956194
0.02,0.03 ,0.90335, 0.0922905,0.00435921,0.0966497
0.03,0.03 ,0.902287, 0.0926639,0.00504917,0.0977131
0.04,0.03 ,0.901189, 0.093042,0.00576915,0.0988111
0.05,0.03 ,0.900055, 0.0934246,0.00652065,0.0999453
0.06,0.03 ,0.898883, 0.0938119,0.00730524,0.101117
0.07,0.03 ,0.897671, 0.0942039,0.00812461,0.102329
0.08,0.03 ,0.896419, 0.0946007,0.00898051,0.103581
0.09,0.03 ,0.895123, 0.0950022,0.00987484,0.104877
0.1,0.03 ,0.893782, 0.0954086,0.0108096,0.106218
0.11,0.03 ,0.892393, 0.0958199,0.0117868,0.107607
0.12,0.03 ,0.890955, 0.0962361,0.0128088,0.109045
0.13,0.03 ,0.889465, 0.0966573,0.013878,0.110535
0.14,0.03 ,0.88792, 0.0970835,0.0149968,0.11208
0.15,0.03 ,0.886317, 0.0975147,0.0161679,0.113683
0.16,0.03 ,0.884655, 0.097951,0.0173942,0.115345
0.17,0.03 ,0.882929, 0.0983924,0.0186787,0.117071
0.18,0.03 ,0.881137, 0.0988389,0.0200246,0.118863
0.19,0.03 ,0.879274, 0.0992906,0.0214353,0.120726
0.2,0.03 ,0.877338, 0.0997475,0.0229144,0.122662
0.21,0.03 ,0.875325, 0.10021,0.0244658,0.124675
0.22,0.03 ,0.87323, 0.100677,0.0260936,0.12677
0.23,0.03 ,0.871048, 0.101149,0.0278022,0.128952
0.24,0.03 ,0.868777, 0.101627,0.0295961,0.131223
0.25,0.03 ,0.86641, 0.10211,0.0314802,0.13359
0.26,0.03 ,0.863942, 0.102598,0.0334599,0.136058
0.27,0.03 ,0.861367, 0.103092,0.0355406,0.138633
0.28,0.03 ,0.858681, 0.103591,0.0377283,0.141319
0.29,0.03 ,0.855876, 0.104095,0.040029,0.144124
0.3,0.03 ,0.852947, 0.104604,0.0424496,0.147053
0.31,0.03 ,0.849885, 0.105118,0.0449968,0.150115
0.32,0.03 ,0.846684, 0.105638,0.0476782,0.153316
0.33,0.03 ,0.843336, 0.106162,0.0505014,0.156664
0.34,0.03 ,0.839833, 0.106692,0.0534748,0.160167
0.35,0.03 ,0.836166, 0.107227,0.0566067,0.163834
0.36,0.03 ,0.832327, 0.107767,0.0599063,0.167673
0.37,0.03 ,0.828306, 0.108312,0.0633828,0.171694
0.38,0.03 ,0.824093, 0.108861,0.067046,0.175907
0.39,0.03 ,0.819679, 0.109415,0.070906,0.180321
0.4,0.03 ,0.815052, 0.109975,0.074973,0.184948
0.41,0.03 ,0.810204, 0.110538,0.0792576,0.189796
0.42,0.03 ,0.805123, 0.111107,0.0837703,0.194877
0.43,0.03 ,0.799799, 0.111679,0.0885219,0.200201
0.44,0.03 ,0.794221, 0.112257,0.0935227,0.205779
0.45,0.03 ,0.788379, 0.112838,0.0987832,0.211621
0.46,0.03 ,0.782263, 0.113424,0.104313,0.217737
0.47,0.03 ,0.775865, 0.114013,0.110122,0.224135
0.48,0.03 ,0.769176, 0.114607,0.116217,0.230824
0.49,0.03 ,0.76219, 0.115204,0.122606,0.23781
0.5,0.03 ,0.7549, 0.115805,0.129295,0.2451
0.51,0.03 ,0.747303, 0.11641,0.136288,0.252697
0.52,0.03 ,0.739396, 0.117018,0.143586,0.260604
0.53,0.03 ,0.73118, 0.117629,0.15119,0.26882
0.54,0.03 ,0.722658, 0.118244,0.159098,0.277342
0.55,0.03 ,0.713835, 0.118861,0.167304,0.286165
0.56,0.03 ,0.704719, 0.119481,0.1758,0.295281
0.57,0.03 ,0.69532, 0.120104,0.184576,0.30468
0.58,0.03 ,0.685652, 0.12073,0.193618,0.314348
0.59,0.03 ,0.675732, 0.121358,0.20291,0.324268
0.6,0.03 ,0.665577, 0.121988,0.212435,0.334423
0.61,0.03 ,0.655209, 0.122621,0.22217,0.344791
0.62,0.03 ,0.644651, 0.123255,0.232094,0.355349
0.63,0.03 ,0.633927, 0.123891,0.242182,0.366073
0.64,0.03 ,0.623062, 0.124529,0.252408,0.376938
0.65,0.03 ,0.612083, 0.125168,0.262748,0.387917
0.66,0.03 ,0.601015, 0.125809,0.273175,0.398985
0.67,0.03 ,0.589886, 0.126451,0.283663,0.410114
0.68,0.03 ,0.578719, 0.127095,0.294186,0.421281
0.69,0.03 ,0.56754, 0.127739,0.304721,0.43246
0.7,0.03 ,0.556373, 0.128384,0.315243,0.443627
0.71,0.03 ,0.54524, 0.12903,0.325731,0.45476
0.72,0.03 ,0.53416, 0.129676,0.336163,0.46584
0.73,0.03 ,0.523154, 0.130323,0.346523,0.476846
0.74,0.03 ,0.512239, 0.130971,0.356791,0.487761
0.75,0.03 ,0.501429, 0.131618,0.366952,0.498571
0.76,0.03 ,0.49074, 0.132266,0.376994,0.50926
0.77,0.03 ,0.480183, 0.132914,0.386903,0.519817
0.78,0.03 ,0.469769, 0.133562,0.396669,0.530231
0.79,0.03 ,0.459507, 0.134209,0.406284,0.540493
0.8,0.03 ,0.449405, 0.134857,0.415738,0.550595
0.81,0.03 ,0.439469, 0.135504,0.425027,0.560531
0.82,0.03 ,0.429705, 0.13615,0.434144,0.570295
0.83,0.03 ,0.420117, 0.136796,0.443087,0.579883
0.84,0.03 ,0.410708, 0.137442,0.45185,0.589292
0.85,0.03 ,0.40148, 0.138086,0.460433,0.59852
0.86,0.03 ,0.392435, 0.13873,0.468834,0.607565
0.87,0.03 ,0.383574, 0.139374,0.477053,0.616426
0.88,0.03 ,0.374896, 0.140016,0.485088,0.625104
0.89,0.03 ,0.366402, 0.140657,0.492941,0.633598
0.9,0.03 ,0.35809, 0.141297,0.500613,0.64191
0.91,0.03 ,0.349959, 0.141937,0.508104,0.650041
0.92,0.03 ,0.342008, 0.142575,0.515418,0.657992
0.93,0.03 ,0.334234, 0.143211,0.522554,0.665766
0.94,0.03 ,0.326636, 0.143847,0.529517,0.673364
0.95,0.03 ,0.31921, 0.144481,0.536308,0.68079
0.96,0.03 ,0.311955, 0.145114,0.542931,0.688045
0.97,0.03 ,0.304867, 0.145745,0.549387,0.695133
0.98,0.03 ,0.297944, 0.146375,0.555681,0.702056
0.99,0.03 ,0.291182, 0.147004,0.561814,0.708818
1,0.03 ,0.284578, 0.147631,0.567791,0.715422
0,0.04 ,0.904759, 0.0917924,0.00344811,0.0952406
0.01,0.04 ,0.903763, 0.092156,0.00408123,0.0962373
0.02,0.04 ,0.902734, 0.0925241,0.00474158,0.0972657
0.03,0.04 ,0.901673, 0.0928967,0.0054305,0.0983271
0.04,0.04 ,0.900577, 0.0932737,0.00614938,0.0994231
0.05,0.04 ,0.899445, 0.0936554,0.00689972,0.100555
0.06,0.04 ,0.898275, 0.0940418,0.00768309,0.101725
0.07,0.04 ,0.897066, 0.0944328,0.00850116,0.102934
0.08,0.04 ,0.895816, 0.0948286,0.00935571,0.104184
0.09,0.04 ,0.894522, 0.0952291,0.0102486,0.105478
0.1,0.04 ,0.893184, 0.0956345,0.0111818,0.106816
0.11,0.04 ,0.891798, 0.0960447,0.0121574,0.108202
0.12,0.04 ,0.890362, 0.0964599,0.0131778,0.109638
0.13,0.04 ,0.888875, 0.09688,0.0142451,0.111125
0.14,0.04 ,0.887333, 0.0973051,0.015362,0.112667
0.15,0.04 ,0.885734, 0.0977352,0.0165311,0.114266
0.16,0.04 ,0.884074, 0.0981704,0.0177552,0.115926
0.17,0.04 ,0.882352, 0.0986106,0.0190374,0.117648
0.18,0.04 ,0.880563, 0.099056,0.0203808,0.119437
0.19,0.04 ,0.878704, 0.0995066,0.021789,0.121296
0.2,0.04 ,0.876772, 0.0999623,0.0232653,0.123228
0.21,0.04 ,0.874763, 0.100423,0.0248138,0.125237
0.22,0.04 ,0.872672, 0.100889,0.0264385,0.127328
0.23,0.04 ,0.870496, 0.101361,0.0281437,0.129504
0.24,0.04 ,0.868229, 0.101837,0.0299341,0.131771
0.25,0.04 ,0.865867, 0.102319,0.0318145,0.134133
0.26,0.04 ,0.863404, 0.102806,0.0337901,0.136596
0.27,0.04 ,0.860835, 0.103298,0.0358665,0.139165
0.28,0.04 ,0.858155, 0.103796,0.0380496,0.141845
0.29,0.04 ,0.855356, 0.104298,0.0403454,0.144644
0.3,0.04 ,0.852433, 0.104806,0.0427607,0.147567
0.31,0.04 ,0.849378, 0.105319,0.0453024,0.150622
0.32,0.04 ,0.846185, 0.105837,0.0479778,0.153815
0.33,0.04 ,0.842845, 0.106361,0.0507947,0.157155
0.34,0.04 ,0.83935, 0.106889,0.0537612,0.16065
0.35,0.04 ,0.835692, 0.107423,0.0568858,0.164308
0.36,0.04 ,0.831861, 0.107961,0.0601776,0.168139
0.37,0.04 ,0.82785, 0.108504,0.0636458,0.17215
0.38,0.04 ,0.823647, 0.109052,0.0673002,0.176353
0.39,0.04 ,0.819244, 0.109605,0.0711507,0.180756
0.4,0.04 ,0.814629, 0.110163,0.0752077,0.185371
0.41,0.04 ,0.809793, 0.110725,0.0794815,0.190207
0.42,0.04 ,0.804725, 0.111292,0.0839829,0.195275
0.43,0.04 ,0.799414, 0.111864,0.0887223,0.200586
0.44,0.04 ,0.79385, 0.112439,0.0937104,0.20615
0.45,0.04 ,0.788023, 0.113019,0.0989574,0.211977
0.46,0.04 ,0.781923, 0.113603,0.104473,0.218077
0.47,0.04 ,0.775542, 0.114192,0.110266,0.224458
0.48,0.04 ,0.76887, 0.114784,0.116346,0.23113
0.49,0.04 ,0.761902, 0.11538,0.122719,0.238098
0.5,0.04 ,0.75463, 0.115979,0.12939,0.24537
0.51,0.04 ,0.747052, 0.116582,0.136365,0.252948
0.52,0.04 ,0.739166, 0.117189,0.143645,0.260834
0.53,0.04 ,0.73097, 0.117799,0.151231,0.26903
0.54,0.04 ,0.722469, 0.118412,0.159119,0.277531
0.55,0.04 ,0.713667, 0.119028,0.167305,0.286333
0.56,0.04 ,0.704572, 0.119647,0.175781,0.295428
0.57,0.04 ,0.695194, 0.120268,0.184537,0.304806
0.58,0.04 ,0.685548, 0.120892,0.19356,0.314452
0.59,0.04 ,0.675648, 0.121519,0.202833,0.324352
0.6,0.04 ,0.665515, 0.122148,0.212338,0.334485
0.61,0.04 ,0.655167, 0.122779,0.222054,0.344833
0.62,0.04 ,0.644629, 0.123411,0.231959,0.355371
0.63,0.04 ,0.633924, 0.124046,0.24203,0.366076
0.64,0.04 ,0.623078, 0.124683,0.252239,0.376922
0.65,0.04 ,0.612116, 0.125321,0.262563,0.387884
0.66,0.04 ,0.601065, 0.12596,0.272975,0.398935
0.67,0.04 ,0.589951, 0.126601,0.283448,0.410049
0.68,0.04 ,0.578799, 0.127243,0.293958,0.421201
0.69,0.04 ,0.567634, 0.127886,0.30448,0.432366
0.7,0.04 ,0.55648, 0.128529,0.314991,0.44352
0.71,0.04 ,0.545358, 0.129174,0.325468,0.454642
0.72,0.04 ,0.534289, 0.129819,0.335892,0.465711
0.73,0.04 ,0.523293, 0.130465,0.346242,0.476707
0.74,0.04 ,0.512386, 0.131111,0.356503,0.487614
0.75,0.04 ,0.501585, 0.131757,0.366658,0.498415
0.76,0.04 ,0.490903, 0.132404,0.376694,0.509097
0.77,0.04 ,0.480352, 0.13305,0.386598,0.519648
0.78,0.04 ,0.469944, 0.133697,0.39636,0.530056
0.79,0.04 ,0.459687, 0.134343,0.40597,0.540313
0.8,0.04 ,0.449589, 0.134989,0.415422,0.550411
0.81,0.04 ,0.439657, 0.135635,0.424708,0.560343
0.82,0.04 ,0.429896, 0.13628,0.433823,0.570104
0.83,0.04 ,0.420311, 0.136925,0.442764,0.579689
0.84,0.04 ,0.410904, 0.13757,0.451527,0.589096
0.85,0.04 ,0.401677, 0.138213,0.460109,0.598323
0.86,0.04 ,0.392634, 0.138856,0.46851,0.607366
0.87,0.04 ,0.383773, 0.139498,0.476729,0.616227
0.88,0.04 ,0.375096, 0.140139,0.484765,0.624904
0.89,0.04 ,0.366602, 0.140779,0.492618,0.633398
0.9,0.04 ,0.35829, 0.141419,0.500291,0.64171
0.91,0.04 ,0.350159, 0.142057,0.507784,0.649841
0.92,0.04 ,0.342208, 0.142694,0.515099,0.657792
0.93,0.04 ,0.334434, 0.143329,0.522237,0.665566
0.94,0.04 ,0.326834, 0.143964,0.529202,0.673166
0.95,0.04 ,0.319408, 0.144597,0.535995,0.680592
0.96,0.04 ,0.312152, 0.145229,0.542619,0.687848
0.97,0.04 ,0.305063, 0.145859,0.549078,0.694937
0.98,0.04 ,0.298138, 0.146488,0.555374,0.701862
0.99,0.04 ,0.291374, 0.147116,0.56151,0.708626
1,0.04 ,0.284769, 0.147742,0.567489,0.715231
0,0.05 ,0.90412, 0.0920315,0.00384849,0.09588
0.01,0.05 ,0.903125, 0.0923942,0.00448063,0.0968749
0.02,0.05 ,0.902099, 0.0927614,0.00513995,0.0979013
0.03,0.05 ,0.901039, 0.093133,0.00582778,0.0989607
0.04,0.05 ,0.899945, 0.0935091,0.00654552,0.100055
0.05,0.05 ,0.898816, 0.0938898,0.00729466,0.101184
0.06,0.05 ,0.897648, 0.0942752,0.00807677,0.102352
0.07,0.05 ,0.896441, 0.0946652,0.0088935,0.103559
0.08,0.05 ,0.895193, 0.0950599,0.00974664,0.104807
0.09,0.05 ,0.893903, 0.0954595,0.010638,0.106097
0.1,0.05 ,0.892567, 0.0958638,0.0115697,0.107433
0.11,0.05 ,0.891183, 0.096273,0.0125437,0.108817
0.12,0.05 ,0.889751, 0.0966871,0.0135622,0.110249
0.13,0.05 ,0.888266, 0.0971061,0.0146277,0.111734
0.14,0.05 ,0.886727, 0.0975301,0.0157426,0.113273
0.15,0.05 ,0.885131, 0.0979591,0.0169096,0.114869
0.16,0.05 ,0.883475, 0.0983931,0.0181315,0.116525
0.17,0.05 ,0.881756, 0.0988322,0.0194113,0.118244
0.18,0.05 ,0.879971, 0.0992765,0.0207523,0.120029
0.19,0.05 ,0.878116, 0.0997258,0.0221577,0.121884
0.2,0.05 ,0.876188, 0.10018,0.0236313,0.123812
0.21,0.05 ,0.874183, 0.10064,0.0251768,0.125817
0.22,0.05 ,0.872097, 0.101105,0.0267982,0.127903
0.23,0.05 ,0.869925, 0.101575,0.0285,0.130075
0.24,0.05 ,0.867663, 0.10205,0.0302868,0.132337
0.25,0.05 ,0.865306, 0.102531,0.0321633,0.134694
0.26,0.05 ,0.862849, 0.103016,0.0341348,0.137151
0.27,0.05 ,0.860286, 0.103507,0.0362068,0.139714
0.28,0.05 ,0.857611, 0.104004,0.0383851,0.142389
0.29,0.05 ,0.854819, 0.104505,0.040676,0.145181
0.3,0.05 ,0.851903, 0.105011,0.0430859,0.148097
0.31,0.05 ,0.848855, 0.105523,0.0456219,0.151145
0.32,0.05 ,0.845669, 0.10604,0.0482911,0.154331
0.33,0.05 ,0.842337, 0.106562,0.0511015,0.157663
0.34,0.05 ,0.83885, 0.107089,0.054061,0.16115
0.35,0.05 ,0.835201, 0.107621,0.0571782,0.164799
0.36,0.05 ,0.83138, 0.108158,0.060462,0.16862
0.37,0.05 ,0.827378, 0.1087,0.0639218,0.172622
0.38,0.05 ,0.823186, 0.109247,0.0675671,0.176814
0.39,0.05 ,0.818794, 0.109798,0.0714079,0.181206
0.4,0.05 ,0.814191, 0.110354,0.0754546,0.185809
0.41,0.05 ,0.809367, 0.110915,0.0797175,0.190633
0.42,0.05 ,0.804312, 0.111481,0.0842072,0.195688
0.43,0.05 ,0.799015, 0.112051,0.0889343,0.200985
0.44,0.05 ,0.793466, 0.112625,0.0939093,0.206534
0.45,0.05 ,0.787654, 0.113203,0.0991424,0.212346
0.46,0.05 ,0.781571, 0.113786,0.104643,0.218429
0.47,0.05 ,0.775206, 0.114373,0.110421,0.224794
0.48,0.05 ,0.768552, 0.114963,0.116485,0.231448
0.49,0.05 ,0.761602, 0.115558,0.122841,0.238398
0.5,0.05 ,0.754349, 0.116156,0.129495,0.245651
0.51,0.05 ,0.746791, 0.116757,0.136452,0.253209
0.52,0.05 ,0.738925, 0.117362,0.143713,0.261075
0.53,0.05 ,0.73075, 0.117971,0.151279,0.26925
0.54,0.05 ,0.72227, 0.118582,0.159147,0.27773
0.55,0.05 ,0.71349, 0.119197,0.167313,0.28651
0.56,0.05 ,0.704417, 0.119814,0.175769,0.295583
0.57,0.05 ,0.695061, 0.120434,0.184505,0.304939
0.58,0.05 ,0.685436, 0.121057,0.193507,0.314564
0.59,0.05 ,0.675559, 0.121682,0.20276,0.324441
0.6,0.05 ,0.665446, 0.122309,0.212245,0.334554
0.61,0.05 ,0.65512, 0.122939,0.221942,0.34488
0.62,0.05 ,0.644602, 0.12357,0.231828,0.355398
0.63,0.05 ,0.633917, 0.124203,0.24188,0.366083
0.64,0.05 ,0.623089, 0.124838,0.252072,0.376911
0.65,0.05 ,0.612146, 0.125475,0.262379,0.387854
0.66,0.05 ,0.601112, 0.126113,0.272775,0.398888
0.67,0.05 ,0.590014, 0.126752,0.283234,0.409986
0.68,0.05 ,0.578877, 0.127393,0.29373,0.421123
0.69,0.05 ,0.567726, 0.128034,0.304239,0.432274
0.7,0.05 ,0.556585, 0.128677,0.314738,0.443415
0.71,0.05 ,0.545475, 0.12932,0.325205,0.454525
0.72,0.05 ,0.534418, 0.129964,0.335618,0.465582
0.73,0.05 ,0.523432, 0.130608,0.34596,0.476568
0.74,0.05 ,0.512534, 0.131253,0.356213,0.487466
0.75,0.05 ,0.501741, 0.131898,0.366361,0.498259
0.76,0.05 ,0.491067, 0.132543,0.37639,0.508933
0.77,0.05 ,0.480523, 0.133188,0.386289,0.519477
0.78,0.05 ,0.47012, 0.133834,0.396046,0.52988
0.79,0.05 ,0.459868, 0.134479,0.405653,0.540132
0.8,0.05 ,0.449775, 0.135124,0.415102,0.550225
0.81,0.05 ,0.439847, 0.135768,0.424385,0.560153
0.82,0.05 ,0.430089, 0.136412,0.433498,0.569911
0.83,0.05 ,0.420506, 0.137056,0.442438,0.579494
0.84,0.05 ,0.411102, 0.137699,0.451199,0.588898
0.85,0.05 ,0.401877, 0.138342,0.459781,0.598123
0.86,0.05 ,0.392835, 0.138983,0.468182,0.607165
0.87,0.05 ,0.383976, 0.139624,0.4764,0.616024
0.88,0.05 ,0.375299, 0.140264,0.484437,0.624701
0.89,0.05 ,0.366806, 0.140903,0.492291,0.633194
0.9,0.05 ,0.358494, 0.141541,0.499965,0.641506
0.91,0.05 ,0.350363, 0.142178,0.507459,0.649637
0.92,0.05 ,0.342411, 0.142814,0.514775,0.657589
0.93,0.05 ,0.334636, 0.143449,0.521915,0.665364
0.94,0.05 ,0.327036, 0.144082,0.528881,0.672964
0.95,0.05 ,0.319609, 0.144715,0.535677,0.680391
0.96,0.05 ,0.312351, 0.145345,0.542303,0.687649
0.97,0.05 ,0.305261, 0.145975,0.548764,0.694739
0.98,0.05 ,0.298335, 0.146603,0.555062,0.701665
0.99,0.05 ,0.29157, 0.147229,0.561201,0.70843
1,0.05 ,0.284963, 0.147854,0.567182,0.715037
0,0.06 ,0.90346, 0.0922744,0.00426574,0.0965401
0.01,0.06 ,0.902467, 0.0926361,0.00489686,0.097533
0.02,0.06 ,0.901443, 0.0930023,0.00555511,0.0985574
0.03,0.06 ,0.900385, 0.0933729,0.00624181,0.0996148
0.04,0.06 ,0.899294, 0.0937481,0.00695837,0.100706
0.05,0.06 ,0.898166, 0.0941278,0.00770626,0.101834
0.06,0.06 ,0.897001, 0.0945122,0.00848705,0.102999
0.07,0.06 ,0.895796, 0.0949012,0.00930241,0.104204
0.08,0.06 ,0.894551, 0.0952949,0.0101541,0.105449
0.09,0.06 ,0.893263, 0.0956934,0.0110439,0.106737
0.1,0.06 ,0.891929, 0.0960966,0.011974,0.108071
0.11,0.06 ,0.890549, 0.0965048,0.0129462,0.109451
0.12,0.06 ,0.889119, 0.0969177,0.0139629,0.110881
0.13,0.06 ,0.887638, 0.0973357,0.0150265,0.112362
0.14,0.06 ,0.886102, 0.0977585,0.0161394,0.113898
0.15,0.06 ,0.884509, 0.0981864,0.0173042,0.115491
0.16,0.06 ,0.882857, 0.0986193,0.0185238,0.117143
0.17,0.06 ,0.881142, 0.0990572,0.0198012,0.118858
0.18,0.06 ,0.87936, 0.0995003,0.0211396,0.12064
0.19,0.06 ,0.877509, 0.0999484,0.0225423,0.122491
0.2,0.06 ,0.875585, 0.100402,0.024013,0.124415
0.21,0.06 ,0.873584, 0.10086,0.0255554,0.126416
0.22,0.06 ,0.871503, 0.101324,0.0271736,0.128497
0.23,0.06 ,0.869336, 0.101793,0.0288719,0.130664
0.24,0.06 ,0.867079, 0.102267,0.0306548,0.132921
0.25,0.06 ,0.864727, 0.102746,0.0325274,0.135273
0.26,0.06 ,0.862275, 0.10323,0.0344947,0.137725
0.27,0.06 ,0.859718, 0.10372,0.0365622,0.140282
0.28,0.06 ,0.85705, 0.104215,0.0387357,0.14295
0.29,0.06 ,0.854264, 0.104715,0.0410214,0.145736
0.3,0.06 ,0.851354, 0.10522,0.0434258,0.148646
0.31,0.06 ,0.848314, 0.10573,0.0459559,0.151686
0.32,0.06 ,0.845135, 0.106246,0.0486189,0.154865
0.33,0.06 ,0.841811, 0.106766,0.0514226,0.158189
0.34,0.06 ,0.838333, 0.107292,0.0543749,0.161667
0.35,0.06 ,0.834693, 0.107822,0.0574845,0.165307
0.36,0.06 ,0.830882, 0.108358,0.0607602,0.169118
0.37,0.06 ,0.82689, 0.108898,0.0642112,0.17311
0.38,0.06 ,0.822709, 0.109444,0.0678473,0.177291
0.39,0.06 ,0.818328, 0.109994,0.0716782,0.181672
0.4,0.06 ,0.813737, 0.110548,0.0757144,0.186263
0.41,0.06 ,0.808926, 0.111108,0.079966,0.191074
0.42,0.06 ,0.803884, 0.111672,0.0844438,0.196116
0.43,0.06 ,0.798602, 0.11224,0.0891583,0.201398
0.44,0.06 ,0.793067, 0.112813,0.0941199,0.206933
0.45,0.06 ,0.787271, 0.11339,0.0993388,0.212729
0.46,0.06 ,0.781204, 0.113971,0.104825,0.218796
0.47,0.06 ,0.774857, 0.114556,0.110587,0.225143
0.48,0.06 ,0.768221, 0.115145,0.116634,0.231779
0.49,0.06 ,0.761289, 0.115738,0.122973,0.238711
0.5,0.06 ,0.754056, 0.116335,0.129609,0.245944
0.51,0.06 ,0.746518, 0.116935,0.136547,0.253482
0.52,0.06 ,0.738673, 0.117538,0.143789,0.261327
0.53,0.06 ,0.73052, 0.118145,0.151335,0.26948
0.54,0.06 ,0.722062, 0.118755,0.159183,0.277938
0.55,0.06 ,0.713303, 0.119368,0.167329,0.286697
0.56,0.06 ,0.704252, 0.119984,0.175764,0.295748
0.57,0.06 ,0.694919, 0.120603,0.184478,0.305081
0.58,0.06 ,0.685317, 0.121224,0.193459,0.314683
0.59,0.06 ,0.675462, 0.121847,0.202691,0.324538
0.6,0.06 ,0.665371, 0.122473,0.212156,0.334629
0.61,0.06 ,0.655066, 0.123101,0.221833,0.344934
0.62,0.06 ,0.644569, 0.123731,0.2317,0.355431
0.63,0.06 ,0.633905, 0.124363,0.241733,0.366095
0.64,0.06 ,0.623097, 0.124996,0.251907,0.376903
0.65,0.06 ,0.612172, 0.125632,0.262197,0.387828
0.66,0.06 ,0.601155, 0.126268,0.272576,0.398845
0.67,0.06 ,0.590074, 0.126906,0.28302,0.409926
0.68,0.06 ,0.578953, 0.127545,0.293502,0.421047
0.69,0.06 ,0.567817, 0.128185,0.303998,0.432183
0.7,0.06 ,0.556689, 0.128826,0.314484,0.443311
0.71,0.06 ,0.545592, 0.129468,0.32494,0.454408
0.72,0.06 ,0.534546, 0.13011,0.335343,0.465454
0.73,0.06 ,0.523571, 0.130753,0.345676,0.476429
0.74,0.06 ,0.512683, 0.131397,0.35592,0.487317
0.75,0.06 ,0.501898, 0.132041,0.366061,0.498102
0.76,0.06 ,0.491231, 0.132684,0.376084,0.508769
0.77,0.06 ,0.480694, 0.133328,0.385977,0.519306
0.78,0.06 ,0.470298, 0.133972,0.39573,0.529702
0.79,0.06 ,0.460051, 0.134616,0.405333,0.539949
0.8,0.06 ,0.449963, 0.13526,0.414777,0.550037
0.81,0.06 ,0.440039, 0.135903,0.424058,0.559961
0.82,0.06 ,0.430284, 0.136546,0.433169,0.569716
0.83,0.06 ,0.420705, 0.137189,0.442107,0.579295
0.84,0.06 ,0.411302, 0.137831,0.450867,0.588698
0.85,0.06 ,0.40208, 0.138472,0.459448,0.59792
0.86,0.06 ,0.393039, 0.139112,0.467849,0.606961
0.87,0.06 ,0.384181, 0.139752,0.476067,0.615819
0.88,0.06 ,0.375505, 0.140391,0.484104,0.624495
0.89,0.06 ,0.367012, 0.141029,0.491959,0.632988
0.9,0.06 ,0.3587, 0.141666,0.499634,0.6413
0.91,0.06 ,0.350569, 0.142302,0.507129,0.649431
0.92,0.06 ,0.342617, 0.142936,0.514446,0.657383
0.93,0.06 ,0.334842, 0.14357,0.521588,0.665158
0.94,0.06 ,0.327241, 0.144202,0.528557,0.672759
0.95,0.06 ,0.319813, 0.144833,0.535354,0.680187
0.96,0.06 ,0.312554, 0.145463,0.541983,0.687446
0.97,0.06 ,0.305463, 0.146092,0.548446,0.694537
0.98,0.06 ,0.298535, 0.146719,0.554746,0.701465
0.99,0.06 ,0.291769, 0.147344,0.560887,0.708231
1,0.06 ,0.28516, 0.147968,0.566871,0.71484
0,0.07 ,0.902778, 0.092521,0.00470071,0.0972217
0.01,0.07 ,0.901787, 0.0928818,0.00533077,0.0982125
0.02,0.07 ,0.900765, 0.093247,0.0059879,0.0992349
0.03,0.07 ,0.89971, 0.0936167,0.00667343,0.10029
0.04,0.07 ,0.89862, 0.0939908,0.00738876,0.10138
0.05,0.07 ,0.897495, 0.0943696,0.00813535,0.102505
0.06,0.07 ,0.896332, 0.0947529,0.00891479,0.103668
0.07,0.07 ,0.89513, 0.0951409,0.00972871,0.10487
0.08,0.07 ,0.893888, 0.0955335,0.0105789,0.106112
0.09,0.07 ,0.892602, 0.0959309,0.0114671,0.107398
0.1,0.07 ,0.891271, 0.0963331,0.0123955,0.108729
0.11,0.07 ,0.889894, 0.0967401,0.013366,0.110106
0.12,0.07 ,0.888467, 0.097152,0.0143808,0.111533
0.13,0.07 ,0.886989, 0.0975688,0.0154424,0.113011
0.14,0.07 ,0.885456, 0.0979905,0.0165531,0.114544
0.15,0.07 ,0.883867, 0.0984172,0.0177158,0.116133
0.16,0.07 ,0.882218, 0.0988489,0.018933,0.117782
0.17,0.07 ,0.880506, 0.0992857,0.0202079,0.119494
0.18,0.07 ,0.878729, 0.0997275,0.0215437,0.121271
0.19,0.07 ,0.876882, 0.100174,0.0229436,0.123118
0.2,0.07 ,0.874962, 0.100627,0.0244112,0.125038
0.21,0.07 ,0.872966, 0.101084,0.0259504,0.127034
0.22,0.07 ,0.870889, 0.101546,0.0275652,0.129111
0.23,0.07 ,0.868726, 0.102014,0.0292599,0.131274
0.24,0.07 ,0.866475, 0.102486,0.0310391,0.133525
0.25,0.07 ,0.864128, 0.102964,0.0329076,0.135872
0.26,0.07 ,0.861682, 0.103447,0.0348705,0.138318
0.27,0.07 ,0.859131, 0.103936,0.0369333,0.140869
0.28,0.07 ,0.856469, 0.104429,0.0391019,0.143531
0.29,0.07 ,0.85369, 0.104928,0.0413824,0.14631
0.3,0.07 ,0.850787, 0.105431,0.0437812,0.149213
0.31,0.07 ,0.847754, 0.10594,0.0463052,0.152246
0.32,0.07 ,0.844584, 0.106454,0.0489618,0.155416
0.33,0.07 ,0.841268, 0.106973,0.0517586,0.158732
0.34,0.07 ,0.837799, 0.107498,0.0547037,0.162201
0.35,0.07 ,0.834168, 0.108027,0.0578055,0.165832
0.36,0.07 ,0.830366, 0.108561,0.0610728,0.169634
0.37,0.07 ,0.826385, 0.1091,0.0645149,0.173615
0.38,0.07 ,0.822215, 0.109644,0.0681415,0.177785
0.39,0.07 ,0.817845, 0.110192,0.0719623,0.182155
0.4,0.07 ,0.813267, 0.110745,0.0759877,0.186733
0.41,0.07 ,0.808469, 0.111303,0.0802279,0.191531
0.42,0.07 ,0.803441, 0.111866,0.0846934,0.196559
0.43,0.07 ,0.798172, 0.112433,0.089395,0.201828
0.44,0.07 ,0.792653, 0.113004,0.0943428,0.207347
0.45,0.07 ,0.786874, 0.113579,0.0995473,0.213126
0.46,0.07 ,0.780823, 0.114159,0.105018,0.219177
0.47,0.07 ,0.774493, 0.114742,0.110764,0.225507
0.48,0.07 ,0.767876, 0.11533,0.116794,0.232124
0.49,0.07 ,0.760964, 0.115921,0.123115,0.239036
0.5,0.07 ,0.753751, 0.116516,0.129733,0.246249
0.51,0.07 ,0.746233, 0.117115,0.136652,0.253767
0.52,0.07 ,0.738409, 0.117717,0.143874,0.261591
0.53,0.07 ,0.730278, 0.118322,0.1514,0.269722
0.54,0.07 ,0.721842, 0.118931,0.159227,0.278158
0.55,0.07 ,0.713107, 0.119542,0.167351,0.286893
0.56,0.07 ,0.704079, 0.120156,0.175765,0.295921
0.57,0.07 ,0.694769, 0.120773,0.184458,0.305231
0.58,0.07 ,0.68519, 0.121393,0.193418,0.31481
0.59,0.07 ,0.675357, 0.122015,0.202628,0.324643
0.6,0.07 ,0.665289, 0.122639,0.212072,0.334711
0.61,0.07 ,0.655007, 0.123266,0.221728,0.344993
0.62,0.07 ,0.644531, 0.123894,0.231574,0.355469
0.63,0.07 ,0.633887, 0.124525,0.241588,0.366113
0.64,0.07 ,0.623099, 0.125157,0.251744,0.376901
0.65,0.07 ,0.612194, 0.12579,0.262016,0.387806
0.66,0.07 ,0.601196, 0.126426,0.272379,0.398804
0.67,0.07 ,0.590132, 0.127062,0.282806,0.409868
0.68,0.07 ,0.579027, 0.1277,0.293273,0.420973
0.69,0.07 ,0.567906, 0.128338,0.303756,0.432094
0.7,0.07 ,0.556792, 0.128978,0.31423,0.443208
0.71,0.07 ,0.545708, 0.129618,0.324674,0.454292
0.72,0.07 ,0.534674, 0.130259,0.335067,0.465326
0.73,0.07 ,0.523709, 0.130901,0.34539,0.476291
0.74,0.07 ,0.512831, 0.131543,0.355626,0.487169
0.75,0.07 ,0.502056, 0.132185,0.365759,0.497944
0.76,0.07 ,0.491397, 0.132828,0.375775,0.508603
0.77,0.07 ,0.480867, 0.13347,0.385663,0.519133
0.78,0.07 ,0.470477, 0.134113,0.39541,0.529523
0.79,0.07 ,0.460236, 0.134756,0.405008,0.539764
0.8,0.07 ,0.450152, 0.135398,0.41445,0.549848
0.81,0.07 ,0.440233, 0.13604,0.423727,0.559767
0.82,0.07 ,0.430482, 0.136682,0.432836,0.569518
0.83,0.07 ,0.420905, 0.137323,0.441772,0.579095
0.84,0.07 ,0.411505, 0.137964,0.450531,0.588495
0.85,0.07 ,0.402285, 0.138604,0.459111,0.597715
0.86,0.07 ,0.393246, 0.139243,0.467511,0.606754
0.87,0.07 ,0.384389, 0.139882,0.47573,0.615611
0.88,0.07 ,0.375714, 0.140519,0.483767,0.624286
0.89,0.07 ,0.367222, 0.141156,0.491622,0.632778
0.9,0.07 ,0.35891, 0.141792,0.499298,0.64109
0.91,0.07 ,0.350779, 0.142427,0.506794,0.649221
0.92,0.07 ,0.342826, 0.14306,0.514113,0.657174
0.93,0.07 ,0.335051, 0.143693,0.521257,0.664949
0.94,0.07 ,0.327449, 0.144324,0.528227,0.672551
0.95,0.07 ,0.32002, 0.144954,0.535026,0.67998
0.96,0.07 ,0.31276, 0.145583,0.541657,0.68724
0.97,0.07 ,0.305668, 0.14621,0.548122,0.694332
0.98,0.07 ,0.298739, 0.146836,0.554425,0.701261
0.99,0.07 ,0.291971, 0.14746,0.560569,0.708029
1,0.07 ,0.285361, 0.148083,0.566556,0.714639
0,0.08 ,0.902074, 0.0927715,0.00515429,0.0979258
0.01,0.08 ,0.901085, 0.0931313,0.00578325,0.0989145
0.02,0.08 ,0.900065, 0.0934955,0.00643922,0.0999347
0.03,0.08 ,0.899012, 0.0938642,0.00712353,0.100988
0.04,0.08 ,0.897925, 0.0942374,0.00783757,0.102075
0.05,0.08 ,0.896802, 0.0946151,0.00858282,0.103198
0.06,0.08 ,0.895642, 0.0949973,0.00936084,0.104358
0.07,0.08 ,0.894442, 0.0953843,0.0101733,0.105558
0.08,0.08 ,0.893202, 0.0957759,0.0110219,0.106798
