Betamv, Betapv,V,Rs,Rv,P
0,0 ,0.971195, 0.0268052,0.002,0.0288052
0.01,0 ,0.970792, 0.0268944,0.00231378,0.0292082
0.02,0 ,0.970376, 0.0269843,0.00263987,0.0296242
0.03,0 ,0.969946, 0.027075,0.00297891,0.030054
0.04,0 ,0.969502, 0.0271665,0.00333158,0.0304981
0.05,0 ,0.969043, 0.0272588,0.00369859,0.0309573
0.06,0 ,0.968567, 0.0273518,0.00408072,0.0314325
0.07,0 ,0.968076, 0.0274456,0.00447878,0.0319244
0.08,0 ,0.967566, 0.0275402,0.00489367,0.0324339
0.09,0 ,0.967038, 0.0276357,0.00532633,0.032962
0.1,0 ,0.96649, 0.0277319,0.00577777,0.0335097
0.11,0 ,0.965922, 0.027829,0.00624908,0.0340781
0.12,0 ,0.965332, 0.0279269,0.00674144,0.0346684
0.13,0 ,0.964718, 0.0280257,0.00725611,0.0352818
0.14,0 ,0.96408, 0.0281253,0.00779444,0.0359198
0.15,0 ,0.963416, 0.0282258,0.00835791,0.0365837
0.16,0 ,0.962725, 0.0283271,0.0089481,0.0372752
0.17,0 ,0.962004, 0.0284294,0.00956672,0.0379961
0.18,0 ,0.961252, 0.0285325,0.0102156,0.0387482
0.19,0 ,0.960467, 0.0286365,0.0108969,0.0395334
0.2,0 ,0.959646, 0.0287414,0.0116126,0.0403541
0.21,0 ,0.958787, 0.0288473,0.0123653,0.0412126
0.22,0 ,0.957889, 0.0289541,0.0131574,0.0421115
0.23,0 ,0.956946, 0.0290618,0.0139919,0.0430536
0.24,0 ,0.955958, 0.0291704,0.0148718,0.0440422
0.25,0 ,0.95492, 0.02928,0.0158005,0.0450805
0.26,0 ,0.953828, 0.0293906,0.0167817,0.0461723
0.27,0 ,0.952678, 0.0295021,0.0178196,0.0473217
0.28,0 ,0.951467, 0.0296146,0.0189186,0.0485332
0.29,0 ,0.950188, 0.0297281,0.0200837,0.0498118
0.3,0 ,0.948837, 0.0298426,0.0213203,0.0511629
0.31,0 ,0.947407, 0.0299581,0.0226346,0.0525926
0.32,0 ,0.945892, 0.0300746,0.0240331,0.0541077
0.33,0 ,0.944285, 0.0301921,0.0255234,0.0557155
0.34,0 ,0.942576, 0.0303106,0.0271136,0.0574243
0.35,0 ,0.940757, 0.0304302,0.0288131,0.0592433
0.36,0 ,0.938817, 0.0305509,0.0306319,0.0611828
0.37,0 ,0.936746, 0.0306726,0.0325816,0.0632542
0.38,0 ,0.93453, 0.0307953,0.034675,0.0654703
0.39,0 ,0.932155, 0.0309191,0.0369263,0.0678454
0.4,0 ,0.929605, 0.031044,0.0393515,0.0703955
0.41,0 ,0.926861, 0.03117,0.0419685,0.0731385
0.42,0 ,0.923906, 0.0312971,0.0447974,0.0760945
0.43,0 ,0.920714, 0.0314252,0.0478606,0.0792859
0.44,0 ,0.917262, 0.0315545,0.0511832,0.0827377
0.45,0 ,0.913522, 0.0316849,0.0547929,0.0864778
0.46,0 ,0.909463, 0.0318164,0.0587208,0.0905371
0.47,0 ,0.90505, 0.031949,0.0630009,0.0949498
0.48,0 ,0.900247, 0.0320827,0.0676706,0.0997533
0.49,0 ,0.895012, 0.0322176,0.0727705,0.104988
0.5,0 ,0.889303, 0.0323536,0.0783438,0.110697
0.51,0 ,0.883073, 0.0324908,0.084436,0.116927
0.52,0 ,0.876277, 0.0326291,0.0910938,0.123723
0.53,0 ,0.868868, 0.0327685,0.0983634,0.131132
0.54,0 ,0.860802, 0.0329091,0.106288,0.139198
0.55,0 ,0.852041, 0.0330509,0.114908,0.147959
0.56,0 ,0.842555, 0.0331938,0.124252,0.157445
0.57,0 ,0.832323, 0.0333379,0.13434,0.167677
0.58,0 ,0.82134, 0.0334831,0.145176,0.17866
0.59,0 ,0.80962, 0.0336295,0.156751,0.19038
0.6,0 ,0.79719, 0.0337771,0.169033,0.20281
0.61,0 ,0.784099, 0.0339258,0.181975,0.215901
0.62,0 ,0.77041, 0.0340758,0.195514,0.22959
0.63,0 ,0.756198, 0.0342268,0.209575,0.243802
0.64,0 ,0.741548, 0.0343791,0.224073,0.258452
0.65,0 ,0.726551, 0.0345325,0.238917,0.273449
0.66,0 ,0.711294, 0.0346871,0.254018,0.288706
0.67,0 ,0.695867, 0.0348428,0.269291,0.304133
0.68,0 ,0.680348, 0.0349997,0.284652,0.319652
0.69,0 ,0.664812, 0.0351578,0.30003,0.335188
0.7,0 ,0.649324, 0.035317,0.315358,0.350676
0.71,0 ,0.633941, 0.0354774,0.330582,0.366059
0.72,0 ,0.618709, 0.035639,0.345652,0.381291
0.73,0 ,0.60367, 0.0358016,0.360529,0.39633
0.74,0 ,0.588854, 0.0359655,0.37518,0.411146
0.75,0 ,0.57429, 0.0361304,0.38958,0.42571
0.76,0 ,0.559996, 0.0362965,0.403708,0.440004
0.77,0 ,0.545989, 0.0364637,0.417548,0.454011
0.78,0 ,0.532279, 0.036632,0.431089,0.467721
0.79,0 ,0.518876, 0.0368015,0.444323,0.481124
0.8,0 ,0.505782, 0.036972,0.457246,0.494218
0.81,0 ,0.493002, 0.0371437,0.469854,0.506998
0.82,0 ,0.480536, 0.0373164,0.482148,0.519464
0.83,0 ,0.468382, 0.0374903,0.494128,0.531618
0.84,0 ,0.456538, 0.0376652,0.505797,0.543462
0.85,0 ,0.445, 0.0378412,0.517159,0.555
0.86,0 ,0.433763, 0.0380182,0.528219,0.566237
0.87,0 ,0.422823, 0.0381963,0.53898,0.577177
0.88,0 ,0.412174, 0.0383754,0.54945,0.587826
0.89,0 ,0.40181, 0.0385556,0.559634,0.59819
0.9,0 ,0.391725, 0.0387368,0.569539,0.608275
0.91,0 ,0.381911, 0.038919,0.57917,0.618089
0.92,0 ,0.372362, 0.0391022,0.588535,0.627638
0.93,0 ,0.363072, 0.0392864,0.597641,0.636928
0.94,0 ,0.354034, 0.0394716,0.606494,0.645966
0.95,0 ,0.345241, 0.0396578,0.615101,0.654759
0.96,0 ,0.336686, 0.0398449,0.623469,0.663314
0.97,0 ,0.328362, 0.040033,0.631605,0.671638
0.98,0 ,0.320264, 0.040222,0.639514,0.679736
0.99,0 ,0.312384, 0.040412,0.647204,0.687616
1,0 ,0.304716, 0.0406029,0.654681,0.695284
0,0.01 ,0.971183, 0.0268058,0.00201138,0.0288172
0.01,0.01 ,0.97078, 0.026895,0.00232516,0.0292201
0.02,0.01 ,0.970364, 0.0269849,0.00265124,0.0296362
0.03,0.01 ,0.969934, 0.0270756,0.00299028,0.0300659
0.04,0.01 ,0.96949, 0.0271671,0.00334294,0.03051
0.05,0.01 ,0.969031, 0.0272593,0.00370994,0.0309693
0.06,0.01 ,0.968556, 0.0273524,0.00409206,0.0314444
0.07,0.01 ,0.968064, 0.0274462,0.00449012,0.0319363
0.08,0.01 ,0.967554, 0.0275408,0.004905,0.0324458
0.09,0.01 ,0.967026, 0.0276362,0.00533764,0.0329739
0.1,0.01 ,0.966478, 0.0277325,0.00578907,0.0335216
0.11,0.01 ,0.96591, 0.0278296,0.00626037,0.0340899
0.12,0.01 ,0.96532, 0.0279275,0.00675272,0.0346802
0.13,0.01 ,0.964706, 0.0280262,0.00726737,0.0352936
0.14,0.01 ,0.964068, 0.0281259,0.00780569,0.0359315
0.15,0.01 ,0.963405, 0.0282263,0.00836914,0.0365955
0.16,0.01 ,0.962713, 0.0283277,0.00895932,0.037287
0.17,0.01 ,0.961992, 0.0284299,0.00957793,0.0380078
0.18,0.01 ,0.96124, 0.028533,0.0102268,0.0387599
0.19,0.01 ,0.960455, 0.028637,0.0109081,0.0395451
0.2,0.01 ,0.959634, 0.028742,0.0116238,0.0403658
0.21,0.01 ,0.958776, 0.0288478,0.0123764,0.0412242
0.22,0.01 ,0.957877, 0.0289546,0.0131685,0.0421231
0.23,0.01 ,0.956935, 0.0290623,0.0140029,0.0430652
0.24,0.01 ,0.955946, 0.0291709,0.0148828,0.0440537
0.25,0.01 ,0.954908, 0.0292805,0.0158115,0.045092
0.26,0.01 ,0.953816, 0.0293911,0.0167927,0.0461837
0.27,0.01 ,0.952667, 0.0295026,0.0178305,0.0473331
0.28,0.01 ,0.951455, 0.0296151,0.0189295,0.0485446
0.29,0.01 ,0.950177, 0.0297286,0.0200945,0.0498231
0.3,0.01 ,0.948826, 0.0298431,0.0213311,0.0511742
0.31,0.01 ,0.947396, 0.0299585,0.0226453,0.0526038
0.32,0.01 ,0.945881, 0.030075,0.0240438,0.0541188
0.33,0.01 ,0.944273, 0.0301926,0.025534,0.0557265
0.34,0.01 ,0.942565, 0.0303111,0.0271242,0.0574353
0.35,0.01 ,0.940746, 0.0304307,0.0288235,0.0592542
0.36,0.01 ,0.938806, 0.0305513,0.0306423,0.0611936
0.37,0.01 ,0.936735, 0.030673,0.0325919,0.0632649
0.38,0.01 ,0.934519, 0.0307958,0.0346851,0.0654809
0.39,0.01 ,0.932144, 0.0309196,0.0369363,0.0678559
0.4,0.01 ,0.929594, 0.0310445,0.0393614,0.0704058
0.41,0.01 ,0.926851, 0.0311704,0.0419783,0.0731487
0.42,0.01 ,0.923895, 0.0312975,0.044807,0.0761045
0.43,0.01 ,0.920704, 0.0314257,0.04787,0.0792957
0.44,0.01 ,0.917253, 0.0315549,0.0511924,0.0827473
0.45,0.01 ,0.913513, 0.0316853,0.0548018,0.0864871
0.46,0.01 ,0.909454, 0.0318168,0.0587294,0.0905462
0.47,0.01 ,0.905041, 0.0319494,0.0630092,0.0949586
0.48,0.01 ,0.900238, 0.0320831,0.0676786,0.0997618
0.49,0.01 ,0.895004, 0.032218,0.0727781,0.104996
0.5,0.01 ,0.889295, 0.032354,0.078351,0.110705
0.51,0.01 ,0.883066, 0.0324911,0.0844428,0.116934
0.52,0.01 ,0.87627, 0.0326294,0.0911001,0.12373
0.53,0.01 ,0.868862, 0.0327689,0.0983691,0.131138
0.54,0.01 ,0.860797, 0.0329095,0.106294,0.139203
0.55,0.01 ,0.852037, 0.0330512,0.114912,0.147963
0.56,0.01 ,0.842551, 0.0331941,0.124255,0.157449
0.57,0.01 ,0.832319, 0.0333382,0.134343,0.167681
0.58,0.01 ,0.821338, 0.0334835,0.145179,0.178662
0.59,0.01 ,0.809618, 0.0336299,0.156752,0.190382
0.6,0.01 ,0.797189, 0.0337774,0.169033,0.202811
0.61,0.01 ,0.784099, 0.0339262,0.181975,0.215901
0.62,0.01 ,0.77041, 0.0340761,0.195513,0.22959
0.63,0.01 ,0.756199, 0.0342272,0.209574,0.243801
0.64,0.01 ,0.74155, 0.0343794,0.22407,0.25845
0.65,0.01 ,0.726553, 0.0345328,0.238914,0.273447
0.66,0.01 ,0.711298, 0.0346874,0.254015,0.288702
0.67,0.01 ,0.69587, 0.0348431,0.269287,0.30413
0.68,0.01 ,0.680352, 0.035,0.284648,0.319648
0.69,0.01 ,0.664817, 0.0351581,0.300025,0.335183
0.7,0.01 ,0.649329, 0.0353173,0.315353,0.350671
0.71,0.01 ,0.633946, 0.0354777,0.330576,0.366054
0.72,0.01 ,0.618715, 0.0356392,0.345646,0.381285
0.73,0.01 ,0.603675, 0.0358019,0.360523,0.396325
0.74,0.01 ,0.58886, 0.0359657,0.375174,0.41114
0.75,0.01 ,0.574295, 0.0361306,0.389574,0.425705
0.76,0.01 ,0.560002, 0.0362967,0.403701,0.439998
0.77,0.01 ,0.545995, 0.0364639,0.417541,0.454005
0.78,0.01 ,0.532285, 0.0366323,0.431082,0.467715
0.79,0.01 ,0.518882, 0.0368017,0.444317,0.481118
0.8,0.01 ,0.505789, 0.0369722,0.457239,0.494211
0.81,0.01 ,0.493009, 0.0371439,0.469848,0.506991
0.82,0.01 ,0.480542, 0.0373166,0.482141,0.519458
0.83,0.01 ,0.468388, 0.0374905,0.494121,0.531612
0.84,0.01 ,0.456544, 0.0376654,0.505791,0.543456
0.85,0.01 ,0.445006, 0.0378413,0.517153,0.554994
0.86,0.01 ,0.433769, 0.0380184,0.528212,0.566231
0.87,0.01 ,0.422829, 0.0381965,0.538974,0.577171
0.88,0.01 ,0.41218, 0.0383756,0.549444,0.58782
0.89,0.01 ,0.401816, 0.0385557,0.559628,0.598184
0.9,0.01 ,0.391731, 0.0387369,0.569532,0.608269
0.91,0.01 ,0.381917, 0.0389191,0.579164,0.618083
0.92,0.01 ,0.372368, 0.0391023,0.588529,0.627632
0.93,0.01 ,0.363078, 0.0392865,0.597635,0.636922
0.94,0.01 ,0.35404, 0.0394717,0.606488,0.64596
0.95,0.01 ,0.345246, 0.0396579,0.615096,0.654754
0.96,0.01 ,0.336691, 0.039845,0.623464,0.663309
0.97,0.01 ,0.328368, 0.0400331,0.631599,0.671632
0.98,0.01 ,0.320269, 0.0402221,0.639509,0.679731
0.99,0.01 ,0.312389, 0.040412,0.647199,0.687611
1,0.01 ,0.304722, 0.0406029,0.654675,0.695278
0,0.02 ,0.971171, 0.0268064,0.00202306,0.0288294
0.01,0.02 ,0.970768, 0.0268956,0.00233682,0.0292324
0.02,0.02 ,0.970352, 0.0269855,0.0026629,0.0296484
0.03,0.02 ,0.969922, 0.0270762,0.00300193,0.0300781
0.04,0.02 ,0.969478, 0.0271677,0.00335458,0.0305222
0.05,0.02 ,0.969019, 0.0272599,0.00372158,0.0309815
0.06,0.02 ,0.968543, 0.0273529,0.00410369,0.0314566
0.07,0.02 ,0.968052, 0.0274467,0.00450174,0.0319485
0.08,0.02 ,0.967542, 0.0275414,0.00491661,0.032458
0.09,0.02 ,0.967014, 0.0276368,0.00534924,0.032986
0.1,0.02 ,0.966466, 0.027733,0.00580066,0.0335337
0.11,0.02 ,0.965898, 0.0278301,0.00627195,0.0341021
0.12,0.02 ,0.965308, 0.027928,0.00676428,0.0346923
0.13,0.02 ,0.964694, 0.0280268,0.00727892,0.0353057
0.14,0.02 ,0.964056, 0.0281264,0.00781723,0.0359436
0.15,0.02 ,0.963392, 0.0282269,0.00838066,0.0366075
0.16,0.02 ,0.962701, 0.0283282,0.00897082,0.037299
0.17,0.02 ,0.96198, 0.0284304,0.00958941,0.0380199
0.18,0.02 ,0.961228, 0.0285336,0.0102383,0.0387719
0.19,0.02 ,0.960443, 0.0286376,0.0109195,0.0395571
0.2,0.02 ,0.959622, 0.0287425,0.0116352,0.0403777
0.21,0.02 ,0.958764, 0.0288483,0.0123878,0.0412361
0.22,0.02 ,0.957865, 0.0289551,0.0131799,0.042135
0.23,0.02 ,0.956923, 0.0290628,0.0140143,0.0430771
0.24,0.02 ,0.955934, 0.0291714,0.0148941,0.0440655
0.25,0.02 ,0.954896, 0.029281,0.0158227,0.0451038
0.26,0.02 ,0.953805, 0.0293916,0.0168039,0.0461955
0.27,0.02 ,0.952655, 0.0295031,0.0178417,0.0473448
0.28,0.02 ,0.951444, 0.0296156,0.0189407,0.0485562
0.29,0.02 ,0.950165, 0.0297291,0.0201056,0.0498347
0.3,0.02 ,0.948814, 0.0298435,0.0213422,0.0511857
0.31,0.02 ,0.947385, 0.029959,0.0226563,0.0526153
0.32,0.02 ,0.94587, 0.0300755,0.0240547,0.0541302
0.33,0.02 ,0.944262, 0.030193,0.0255449,0.0557379
0.34,0.02 ,0.942553, 0.0303116,0.027135,0.0574465
0.35,0.02 ,0.940735, 0.0304312,0.0288342,0.0592654
0.36,0.02 ,0.938795, 0.0305518,0.0306529,0.0612047
0.37,0.02 ,0.936724, 0.0306735,0.0326024,0.0632759
0.38,0.02 ,0.934508, 0.0307962,0.0346956,0.0654918
0.39,0.02 ,0.932133, 0.03092,0.0369466,0.0678666
0.4,0.02 ,0.929584, 0.0310449,0.0393715,0.0704164
0.41,0.02 ,0.926841, 0.0311709,0.0419883,0.0731591
0.42,0.02 ,0.923885, 0.0312979,0.0448168,0.0761148
0.43,0.02 ,0.920694, 0.0314261,0.0478797,0.0793058
0.44,0.02 ,0.917243, 0.0315553,0.0512018,0.0827571
0.45,0.02 ,0.913503, 0.0316857,0.054811,0.0864967
0.46,0.02 ,0.909444, 0.0318172,0.0587383,0.0905555
0.47,0.02 ,0.905032, 0.0319498,0.0630179,0.0949677
0.48,0.02 ,0.90023, 0.0320835,0.0676869,0.0997704
0.49,0.02 ,0.894996, 0.0322184,0.072786,0.105004
0.5,0.02 ,0.889287, 0.0323544,0.0783585,0.110713
0.51,0.02 ,0.883059, 0.0324915,0.0844498,0.116941
0.52,0.02 ,0.876264, 0.0326298,0.0911066,0.123736
0.53,0.02 ,0.868856, 0.0327693,0.098375,0.131144
0.54,0.02 ,0.860791, 0.0329099,0.106299,0.139209
0.55,0.02 ,0.852032, 0.0330516,0.114917,0.147968
0.56,0.02 ,0.842546, 0.0331945,0.124259,0.157454
0.57,0.02 ,0.832316, 0.0333386,0.134346,0.167684
0.58,0.02 ,0.821335, 0.0334838,0.145181,0.178665
0.59,0.02 ,0.809616, 0.0336302,0.156754,0.190384
0.6,0.02 ,0.797188, 0.0337778,0.169034,0.202812
0.61,0.02 ,0.784099, 0.0339265,0.181975,0.215901
0.62,0.02 ,0.770411, 0.0340764,0.195513,0.229589
0.63,0.02 ,0.756201, 0.0342275,0.209572,0.243799
0.64,0.02 ,0.741552, 0.0343797,0.224068,0.258448
0.65,0.02 ,0.726556, 0.0345331,0.238911,0.273444
0.66,0.02 ,0.711301, 0.0346877,0.254011,0.288699
0.67,0.02 ,0.695874, 0.0348434,0.269283,0.304126
0.68,0.02 ,0.680356, 0.0350003,0.284643,0.319644
0.69,0.02 ,0.664821, 0.0351584,0.30002,0.335179
0.7,0.02 ,0.649334, 0.0353176,0.315348,0.350666
0.71,0.02 ,0.633951, 0.035478,0.330571,0.366049
0.72,0.02 ,0.61872, 0.0356395,0.345641,0.38128
0.73,0.02 ,0.603681, 0.0358021,0.360517,0.396319
0.74,0.02 ,0.588866, 0.0359659,0.375168,0.411134
0.75,0.02 ,0.574301, 0.0361309,0.389568,0.425699
0.76,0.02 ,0.560008, 0.036297,0.403695,0.439992
0.77,0.02 ,0.546001, 0.0364642,0.417535,0.453999
0.78,0.02 ,0.532291, 0.0366325,0.431076,0.467709
0.79,0.02 ,0.518888, 0.0368019,0.44431,0.481112
0.8,0.02 ,0.505795, 0.0369725,0.457233,0.494205
0.81,0.02 ,0.493015, 0.0371441,0.469841,0.506985
0.82,0.02 ,0.480548, 0.0373168,0.482135,0.519452
0.83,0.02 ,0.468394, 0.0374906,0.494115,0.531606
0.84,0.02 ,0.45655, 0.0376655,0.505784,0.54345
0.85,0.02 ,0.445012, 0.0378415,0.517147,0.554988
0.86,0.02 ,0.433775, 0.0380185,0.528206,0.566225
0.87,0.02 ,0.422836, 0.0381966,0.538968,0.577164
0.88,0.02 ,0.412187, 0.0383757,0.549438,0.587813
0.89,0.02 ,0.401822, 0.0385559,0.559622,0.598178
0.9,0.02 ,0.391737, 0.0387371,0.569526,0.608263
0.91,0.02 ,0.381923, 0.0389193,0.579158,0.618077
0.92,0.02 ,0.372374, 0.0391025,0.588523,0.627626
0.93,0.02 ,0.363084, 0.0392866,0.597629,0.636916
0.94,0.02 ,0.354046, 0.0394718,0.606483,0.645954
0.95,0.02 ,0.345252, 0.039658,0.61509,0.654748
0.96,0.02 ,0.336697, 0.0398451,0.623458,0.663303
0.97,0.02 ,0.328373, 0.0400332,0.631594,0.671627
0.98,0.02 ,0.320275, 0.0402222,0.639503,0.679725
0.99,0.02 ,0.312395, 0.0404121,0.647193,0.687605
1,0.02 ,0.304727, 0.040603,0.65467,0.695273
0,0.03 ,0.971158, 0.026807,0.00203503,0.028842
0.01,0.03 ,0.970755, 0.0268961,0.00234879,0.0292449
0.02,0.03 ,0.970339, 0.0269861,0.00267486,0.0296609
0.03,0.03 ,0.969909, 0.0270768,0.00301388,0.0300907
0.04,0.03 ,0.969465, 0.0271682,0.00336653,0.0305348
0.05,0.03 ,0.969006, 0.0272605,0.00373351,0.030994
0.06,0.03 ,0.968531, 0.0273535,0.00411562,0.0314691
0.07,0.03 ,0.968039, 0.0274473,0.00451366,0.031961
0.08,0.03 ,0.96753, 0.0275419,0.00492852,0.0324704
0.09,0.03 ,0.967001, 0.0276374,0.00536114,0.0329985
0.1,0.03 ,0.966454, 0.0277336,0.00581255,0.0335462
0.11,0.03 ,0.965885, 0.0278307,0.00628383,0.0341145
0.12,0.03 ,0.965295, 0.0279286,0.00677615,0.0347047
0.13,0.03 ,0.964682, 0.0280273,0.00729077,0.0353181
0.14,0.03 ,0.964044, 0.028127,0.00782906,0.035956
0.15,0.03 ,0.96338, 0.0282274,0.00839248,0.0366199
0.16,0.03 ,0.962689, 0.0283288,0.00898262,0.0373114
0.17,0.03 ,0.961968, 0.028431,0.0096012,0.0380322
0.18,0.03 ,0.961216, 0.0285341,0.0102501,0.0387842
0.19,0.03 ,0.960431, 0.0286381,0.0109312,0.0395694
0.2,0.03 ,0.95961, 0.028743,0.0116469,0.04039
0.21,0.03 ,0.958752, 0.0288489,0.0123995,0.0412484
0.22,0.03 ,0.957853, 0.0289556,0.0131915,0.0421472
0.23,0.03 ,0.956911, 0.0290633,0.0140259,0.0430892
0.24,0.03 ,0.955922, 0.0291719,0.0149057,0.0440777
0.25,0.03 ,0.954884, 0.0292815,0.0158343,0.0451159
0.26,0.03 ,0.953792, 0.0293921,0.0168155,0.0462075
0.27,0.03 ,0.952643, 0.0295036,0.0178532,0.0473568
0.28,0.03 ,0.951432, 0.0296161,0.0189521,0.0485682
0.29,0.03 ,0.950153, 0.0297296,0.0201171,0.0498466
0.3,0.03 ,0.948802, 0.029844,0.0213535,0.0511976
0.31,0.03 ,0.947373, 0.0299595,0.0226676,0.0526271
0.32,0.03 ,0.945858, 0.030076,0.024066,0.054142
0.33,0.03 ,0.94425, 0.0301935,0.025556,0.0557495
0.34,0.03 ,0.942542, 0.0303121,0.027146,0.0574581
0.35,0.03 ,0.940723, 0.0304316,0.0288452,0.0592769
0.36,0.03 ,0.938784, 0.0305523,0.0306638,0.0612161
0.37,0.03 ,0.936713, 0.0306739,0.0326132,0.0632872
0.38,0.03 ,0.934497, 0.0307967,0.0347063,0.0655029
0.39,0.03 ,0.932122, 0.0309205,0.0369572,0.0678776
0.4,0.03 ,0.929573, 0.0310454,0.039382,0.0704273
0.41,0.03 ,0.92683, 0.0311713,0.0419985,0.0731699
0.42,0.03 ,0.923875, 0.0312984,0.0448269,0.0761253
0.43,0.03 ,0.920684, 0.0314265,0.0478896,0.0793161
0.44,0.03 ,0.917233, 0.0315558,0.0512115,0.0827672
0.45,0.03 ,0.913493, 0.0316861,0.0548205,0.0865066
0.46,0.03 ,0.909435, 0.0318176,0.0587475,0.0905651
0.47,0.03 ,0.905023, 0.0319502,0.0630267,0.0949769
0.48,0.03 ,0.900221, 0.0320839,0.0676954,0.0997794
0.49,0.03 ,0.894987, 0.0322188,0.0727941,0.105013
0.5,0.03 ,0.889279, 0.0323548,0.0783662,0.110721
0.51,0.03 ,0.883051, 0.0324919,0.084457,0.116949
0.52,0.03 ,0.876257, 0.0326302,0.0911132,0.123743
0.53,0.03 ,0.868849, 0.0327696,0.0983811,0.131151
0.54,0.03 ,0.860786, 0.0329102,0.106304,0.139214
0.55,0.03 ,0.852027, 0.033052,0.114921,0.147973
0.56,0.03 ,0.842542, 0.0331949,0.124263,0.157458
0.57,0.03 ,0.832312, 0.0333389,0.134349,0.167688
0.58,0.03 ,0.821332, 0.0334842,0.145183,0.178668
0.59,0.03 ,0.809614, 0.0336306,0.156755,0.190386
0.6,0.03 ,0.797187, 0.0337781,0.169035,0.202813
0.61,0.03 ,0.784099, 0.0339268,0.181974,0.215901
0.62,0.03 ,0.770412, 0.0340767,0.195512,0.229588
0.63,0.03 ,0.756202, 0.0342278,0.20957,0.243798
0.64,0.03 ,0.741554, 0.03438,0.224066,0.258446
0.65,0.03 ,0.726559, 0.0345334,0.238908,0.273441
0.66,0.03 ,0.711304, 0.034688,0.254008,0.288696
0.67,0.03 ,0.695878, 0.0348437,0.269278,0.304122
0.68,0.03 ,0.680361, 0.0350006,0.284639,0.319639
0.69,0.03 ,0.664826, 0.0351587,0.300015,0.335174
0.7,0.03 ,0.649339, 0.0353179,0.315343,0.350661
0.71,0.03 ,0.633956, 0.0354782,0.330565,0.366044
0.72,0.03 ,0.618726, 0.0356397,0.345635,0.381274
0.73,0.03 ,0.603686, 0.0358024,0.360511,0.396314
0.74,0.03 ,0.588872, 0.0359662,0.375162,0.411128
0.75,0.03 ,0.574307, 0.0361311,0.389561,0.425693
0.76,0.03 ,0.560014, 0.0362972,0.403689,0.439986
0.77,0.03 ,0.546007, 0.0364644,0.417529,0.453993
0.78,0.03 ,0.532298, 0.0366327,0.43107,0.467702
0.79,0.03 ,0.518894, 0.0368021,0.444304,0.481106
0.8,0.03 ,0.505801, 0.0369727,0.457226,0.494199
0.81,0.03 ,0.493021, 0.0371443,0.469834,0.506979
0.82,0.03 ,0.480555, 0.037317,0.482128,0.519445
0.83,0.03 ,0.468401, 0.0374908,0.494108,0.531599
0.84,0.03 ,0.456556, 0.0376657,0.505778,0.543444
0.85,0.03 ,0.445018, 0.0378417,0.51714,0.554982
0.86,0.03 ,0.433782, 0.0380187,0.5282,0.566218
0.87,0.03 ,0.422842, 0.0381968,0.538961,0.577158
0.88,0.03 ,0.412193, 0.0383759,0.549431,0.587807
0.89,0.03 ,0.401828, 0.038556,0.559615,0.598172
0.9,0.03 ,0.391743, 0.0387372,0.56952,0.608257
0.91,0.03 ,0.381929, 0.0389194,0.579152,0.618071
0.92,0.03 ,0.37238, 0.0391026,0.588517,0.62762
0.93,0.03 ,0.36309, 0.0392868,0.597623,0.63691
0.94,0.03 ,0.354052, 0.0394719,0.606477,0.645948
0.95,0.03 ,0.345258, 0.0396581,0.615084,0.654742
0.96,0.03 ,0.336703, 0.0398452,0.623452,0.663297
0.97,0.03 ,0.328379, 0.0400332,0.631588,0.671621
0.98,0.03 ,0.32028, 0.0402222,0.639498,0.67972
0.99,0.03 ,0.3124, 0.0404122,0.647188,0.6876
1,0.03 ,0.304733, 0.040603,0.654664,0.695267
0,0.04 ,0.971145, 0.0268076,0.00204732,0.0288549
0.01,0.04 ,0.970742, 0.0268967,0.00236107,0.0292578
0.02,0.04 ,0.970326, 0.0269867,0.00268714,0.0296738
0.03,0.04 ,0.969896, 0.0270774,0.00302615,0.0301035
0.04,0.04 ,0.969452, 0.0271688,0.00337879,0.0305476
0.05,0.04 ,0.968993, 0.0272611,0.00374577,0.0310068
0.06,0.04 ,0.968518, 0.0273541,0.00412786,0.0314819
0.07,0.04 ,0.968026, 0.0274479,0.00452589,0.0319738
0.08,0.04 ,0.967517, 0.0275425,0.00494074,0.0324832
0.09,0.04 ,0.966989, 0.0276379,0.00537335,0.0330113
0.1,0.04 ,0.966441, 0.0277342,0.00582475,0.0335589
0.11,0.04 ,0.965873, 0.0278312,0.00629602,0.0341273
0.12,0.04 ,0.965283, 0.0279292,0.00678832,0.0347175
0.13,0.04 ,0.964669, 0.0280279,0.00730293,0.0353308
0.14,0.04 ,0.964031, 0.0281275,0.00784121,0.0359687
0.15,0.04 ,0.963367, 0.028228,0.00840461,0.0366326
0.16,0.04 ,0.962676, 0.0283293,0.00899474,0.0373241
0.17,0.04 ,0.961955, 0.0284315,0.00961329,0.0380448
0.18,0.04 ,0.961203, 0.0285346,0.0102621,0.0387968
0.19,0.04 ,0.960418, 0.0286387,0.0109433,0.0395819
0.2,0.04 ,0.959597, 0.0287436,0.011659,0.0404025
0.21,0.04 ,0.958739, 0.0288494,0.0124115,0.0412609
0.22,0.04 ,0.95784, 0.0289561,0.0132035,0.0421597
0.23,0.04 ,0.956898, 0.0290638,0.0140379,0.0431017
0.24,0.04 ,0.95591, 0.0291725,0.0149176,0.0440901
0.25,0.04 ,0.954872, 0.029282,0.0158462,0.0451283
0.26,0.04 ,0.95378, 0.0293926,0.0168273,0.0462199
0.27,0.04 ,0.952631, 0.0295041,0.017865,0.0473691
0.28,0.04 ,0.95142, 0.0296166,0.0189639,0.0485805
0.29,0.04 ,0.950141, 0.0297301,0.0201288,0.0498588
0.3,0.04 ,0.94879, 0.0298445,0.0213652,0.0512097
0.31,0.04 ,0.947361, 0.02996,0.0226792,0.0526392
0.32,0.04 ,0.945846, 0.0300765,0.0240775,0.054154
0.33,0.04 ,0.944239, 0.030194,0.0255675,0.0557615
0.34,0.04 ,0.94253, 0.0303125,0.0271574,0.05747
0.35,0.04 ,0.940711, 0.0304321,0.0288565,0.0592886
0.36,0.04 ,0.938772, 0.0305527,0.030675,0.0612278
0.37,0.04 ,0.936701, 0.0306744,0.0326243,0.0632987
0.38,0.04 ,0.934486, 0.0307971,0.0347172,0.0655144
0.39,0.04 ,0.932111, 0.0309209,0.036968,0.067889
0.4,0.04 ,0.929562, 0.0310458,0.0393927,0.0704385
0.41,0.04 ,0.926819, 0.0311718,0.0420091,0.0731809
0.42,0.04 ,0.923864, 0.0312988,0.0448373,0.0761361
0.43,0.04 ,0.920673, 0.031427,0.0478997,0.0793267
0.44,0.04 ,0.917222, 0.0315562,0.0512214,0.0827776
0.45,0.04 ,0.913483, 0.0316866,0.0548302,0.0865167
0.46,0.04 ,0.909425, 0.031818,0.0587569,0.090575
0.47,0.04 ,0.905014, 0.0319506,0.0630358,0.0949864
0.48,0.04 ,0.900211, 0.0320844,0.0677042,0.0997885
0.49,0.04 ,0.894978, 0.0322192,0.0728025,0.105022
0.5,0.04 ,0.889271, 0.0323552,0.0783741,0.110729
0.51,0.04 ,0.883043, 0.0324923,0.0844644,0.116957
0.52,0.04 ,0.876249, 0.0326306,0.0911201,0.123751
0.53,0.04 ,0.868843, 0.03277,0.0983873,0.131157
0.54,0.04 ,0.86078, 0.0329106,0.10631,0.13922
0.55,0.04 ,0.852021, 0.0330523,0.114926,0.147979
0.56,0.04 ,0.842537, 0.0331952,0.124267,0.157463
0.57,0.04 ,0.832309, 0.0333393,0.134352,0.167691
0.58,0.04 ,0.82133, 0.0334845,0.145186,0.17867
0.59,0.04 ,0.809612, 0.0336309,0.156757,0.190388
0.6,0.04 ,0.797186, 0.0337785,0.169035,0.202814
0.61,0.04 ,0.784098, 0.0339272,0.181974,0.215902
0.62,0.04 ,0.770412, 0.0340771,0.195511,0.229588
0.63,0.04 ,0.756203, 0.0342281,0.209569,0.243797
0.64,0.04 ,0.741556, 0.0343803,0.224063,0.258444
0.65,0.04 ,0.726561, 0.0345337,0.238905,0.273439
0.66,0.04 ,0.711307, 0.0346883,0.254004,0.288693
0.67,0.04 ,0.695882, 0.034844,0.269274,0.304118
0.68,0.04 ,0.680365, 0.0350009,0.284634,0.319635
0.69,0.04 ,0.664831, 0.0351589,0.30001,0.335169
0.7,0.04 ,0.649344, 0.0353181,0.315338,0.350656
0.71,0.04 ,0.633962, 0.0354785,0.33056,0.366038
0.72,0.04 ,0.618731, 0.03564,0.345629,0.381269
0.73,0.04 ,0.603692, 0.0358027,0.360505,0.396308
0.74,0.04 ,0.588878, 0.0359664,0.375156,0.411122
0.75,0.04 ,0.574314, 0.0361314,0.389555,0.425686
0.76,0.04 ,0.56002, 0.0362974,0.403682,0.43998
0.77,0.04 ,0.546013, 0.0364646,0.417522,0.453987
0.78,0.04 ,0.532304, 0.0366329,0.431063,0.467696
0.79,0.04 ,0.518901, 0.0368023,0.444297,0.481099
0.8,0.04 ,0.505808, 0.0369729,0.457219,0.494192
0.81,0.04 ,0.493028, 0.0371445,0.469828,0.506972
0.82,0.04 ,0.480561, 0.0373172,0.482121,0.519439
0.83,0.04 ,0.468407, 0.037491,0.494102,0.531593
0.84,0.04 ,0.456563, 0.0376659,0.505771,0.543437
0.85,0.04 ,0.445025, 0.0378418,0.517134,0.554975
0.86,0.04 ,0.433788, 0.0380189,0.528193,0.566212
0.87,0.04 ,0.422848, 0.0381969,0.538955,0.577152
0.88,0.04 ,0.412199, 0.038376,0.549425,0.587801
0.89,0.04 ,0.401835, 0.0385562,0.559609,0.598165
0.9,0.04 ,0.391749, 0.0387373,0.569514,0.608251
0.91,0.04 ,0.381935, 0.0389195,0.579145,0.618065
0.92,0.04 ,0.372386, 0.0391027,0.588511,0.627614
0.93,0.04 ,0.363096, 0.0392869,0.597617,0.636904
0.94,0.04 ,0.354058, 0.039472,0.60647,0.645942
0.95,0.04 ,0.345264, 0.0396582,0.615078,0.654736
0.96,0.04 ,0.336708, 0.0398453,0.623446,0.663292
0.97,0.04 ,0.328385, 0.0400333,0.631582,0.671615
0.98,0.04 ,0.320286, 0.0402223,0.639492,0.679714
0.99,0.04 ,0.312406, 0.0404122,0.647182,0.687594
1,0.04 ,0.304738, 0.0406031,0.654659,0.695262
0,0.05 ,0.971132, 0.0268082,0.00205994,0.0288681
0.01,0.05 ,0.970729, 0.0268973,0.00237368,0.029271
0.02,0.05 ,0.970313, 0.0269873,0.00269974,0.029687
0.03,0.05 ,0.969883, 0.027078,0.00303875,0.0301167
0.04,0.05 ,0.969439, 0.0271694,0.00339138,0.0305608
0.05,0.05 ,0.96898, 0.0272616,0.00375835,0.03102
0.06,0.05 ,0.968505, 0.0273547,0.00414043,0.0314951
0.07,0.05 ,0.968013, 0.0274485,0.00453845,0.0319869
0.08,0.05 ,0.967504, 0.0275431,0.00495329,0.0324964
0.09,0.05 ,0.966976, 0.0276385,0.00538589,0.0330244
0.1,0.05 ,0.966428, 0.0277347,0.00583728,0.033572
0.11,0.05 ,0.96586, 0.0278318,0.00630853,0.0341403
0.12,0.05 ,0.965269, 0.0279297,0.00680083,0.0347305
0.13,0.05 ,0.964656, 0.0280285,0.00731542,0.0353439
0.14,0.05 ,0.964018, 0.0281281,0.00785368,0.0359817
0.15,0.05 ,0.963354, 0.0282285,0.00841707,0.0366456
0.16,0.05 ,0.962663, 0.0283299,0.00900717,0.037337
0.17,0.05 ,0.961942, 0.0284321,0.00962571,0.0380578
0.18,0.05 ,0.96119, 0.0285352,0.0102745,0.0388097
0.19,0.05 ,0.960405, 0.0286392,0.0109557,0.0395949
0.2,0.05 ,0.959585, 0.0287441,0.0116713,0.0404154
0.21,0.05 ,0.958726, 0.0288499,0.0124238,0.0412738
0.22,0.05 ,0.957827, 0.0289567,0.0132158,0.0421725
0.23,0.05 ,0.956885, 0.0290644,0.0140501,0.0431145
0.24,0.05 ,0.955897, 0.029173,0.0149299,0.0441029
0.25,0.05 ,0.954859, 0.0292826,0.0158584,0.045141
0.26,0.05 ,0.953767, 0.0293931,0.0168395,0.0462326
0.27,0.05 ,0.952618, 0.0295046,0.0178772,0.0473818
0.28,0.05 ,0.951407, 0.0296171,0.0189759,0.048593
0.29,0.05 ,0.950129, 0.0297306,0.0201408,0.0498714
0.3,0.05 ,0.948778, 0.029845,0.0213772,0.0512222
0.31,0.05 ,0.947348, 0.0299605,0.0226911,0.0526516
0.32,0.05 ,0.945834, 0.030077,0.0240893,0.0541663
0.33,0.05 ,0.944226, 0.0301945,0.0255793,0.0557737
0.34,0.05 ,0.942518, 0.030313,0.0271691,0.0574822
0.35,0.05 ,0.940699, 0.0304326,0.0288681,0.0593007
0.36,0.05 ,0.93876, 0.0305532,0.0306865,0.0612397
0.37,0.05 ,0.936689, 0.0306749,0.0326357,0.0633106
0.38,0.05 ,0.934474, 0.0307976,0.0347285,0.0655261
0.39,0.05 ,0.932099, 0.0309214,0.0369792,0.0679006
0.4,0.05 ,0.92955, 0.0310463,0.0394037,0.07045
0.41,0.05 ,0.926808, 0.0311722,0.0420199,0.0731922
0.42,0.05 ,0.923853, 0.0312993,0.044848,0.0761472
0.43,0.05 ,0.920662, 0.0314274,0.0479102,0.0793376
0.44,0.05 ,0.917212, 0.0315566,0.0512316,0.0827883
0.45,0.05 ,0.913473, 0.031687,0.0548401,0.0865271
0.46,0.05 ,0.909415, 0.0318185,0.0587666,0.0905851
0.47,0.05 ,0.905004, 0.0319511,0.0630452,0.0949962
0.48,0.05 ,0.900202, 0.0320848,0.0677132,0.0997979
0.49,0.05 ,0.894969, 0.0322196,0.0728111,0.105031
0.5,0.05 ,0.889262, 0.0323556,0.0783822,0.110738
0.51,0.05 ,0.883035, 0.0324927,0.0844721,0.116965
0.52,0.05 ,0.876242, 0.032631,0.0911272,0.123758
0.53,0.05 ,0.868836, 0.0327704,0.0983938,0.131164
0.54,0.05 ,0.860773, 0.032911,0.106316,0.139227
0.55,0.05 ,0.852016, 0.0330527,0.114931,0.147984
0.56,0.05 ,0.842533, 0.0331956,0.124272,0.157467
0.57,0.05 ,0.832305, 0.0333397,0.134356,0.167695
0.58,0.05 ,0.821327, 0.0334849,0.145188,0.178673
0.59,0.05 ,0.80961, 0.0336313,0.156758,0.19039
0.6,0.05 ,0.797185, 0.0337788,0.169036,0.202815
0.61,0.05 ,0.784098, 0.0339275,0.181974,0.215902
0.62,0.05 ,0.770413, 0.0340774,0.19551,0.229587
0.63,0.05 ,0.756204, 0.0342284,0.209567,0.243796
0.64,0.05 ,0.741558, 0.0343807,0.224061,0.258442
0.65,0.05 ,0.726564, 0.0345341,0.238902,0.273436
0.66,0.05 ,0.711311, 0.0346886,0.254001,0.288689
0.67,0.05 ,0.695885, 0.0348443,0.26927,0.304115
0.68,0.05 ,0.680369, 0.0350012,0.28463,0.319631
0.69,0.05 ,0.664836, 0.0351592,0.300005,0.335164
0.7,0.05 ,0.649349, 0.0353184,0.315332,0.350651
0.71,0.05 ,0.633967, 0.0354788,0.330554,0.366033
0.72,0.05 ,0.618737, 0.0356403,0.345623,0.381263
0.73,0.05 ,0.603698, 0.0358029,0.360499,0.396302
0.74,0.05 ,0.588884, 0.0359667,0.375149,0.411116
0.75,0.05 ,0.57432, 0.0361316,0.389549,0.42568
0.76,0.05 ,0.560027, 0.0362977,0.403676,0.439973
0.77,0.05 ,0.54602, 0.0364648,0.417515,0.45398
0.78,0.05 ,0.532311, 0.0366331,0.431056,0.467689
0.79,0.05 ,0.518907, 0.0368026,0.44429,0.481093
0.8,0.05 ,0.505814, 0.0369731,0.457213,0.494186
0.81,0.05 ,0.493034, 0.0371447,0.469821,0.506966
0.82,0.05 ,0.480568, 0.0373174,0.482115,0.519432
0.83,0.05 ,0.468414, 0.0374912,0.494095,0.531586
0.84,0.05 ,0.456569, 0.0376661,0.505764,0.543431
0.85,0.05 ,0.445031, 0.037842,0.517127,0.554969
0.86,0.05 ,0.433795, 0.038019,0.528186,0.566205
0.87,0.05 ,0.422855, 0.0381971,0.538948,0.577145
0.88,0.05 ,0.412206, 0.0383762,0.549418,0.587794
0.89,0.05 ,0.401841, 0.0385563,0.559602,0.598159
0.9,0.05 ,0.391755, 0.0387375,0.569507,0.608245
0.91,0.05 ,0.381941, 0.0389196,0.579139,0.618059
0.92,0.05 ,0.372393, 0.0391028,0.588505,0.627607
0.93,0.05 ,0.363102, 0.039287,0.597611,0.636898
0.94,0.05 ,0.354064, 0.0394721,0.606464,0.645936
0.95,0.05 ,0.34527, 0.0396583,0.615072,0.65473
0.96,0.05 ,0.336715, 0.0398453,0.62344,0.663285
0.97,0.05 ,0.328391, 0.0400334,0.631576,0.671609
0.98,0.05 ,0.320292, 0.0402224,0.639486,0.679708
0.99,0.05 ,0.312412, 0.0404123,0.647176,0.687588
1,0.05 ,0.304744, 0.0406031,0.654653,0.695256
0,0.06 ,0.971118, 0.0268088,0.0020729,0.0288817
0.01,0.06 ,0.970715, 0.0268979,0.00238664,0.0292846
0.02,0.06 ,0.970299, 0.0269879,0.00271269,0.0297005
0.03,0.06 ,0.96987, 0.0270785,0.00305169,0.0301302
0.04,0.06 ,0.969426, 0.02717,0.00340431,0.0305743
0.05,0.06 ,0.968966, 0.0272622,0.00377127,0.0310335
0.06,0.06 ,0.968491, 0.0273552,0.00415334,0.0315086
0.07,0.06 ,0.968, 0.0274491,0.00455135,0.0320004
0.08,0.06 ,0.96749, 0.0275437,0.00496618,0.0325098
0.09,0.06 ,0.966962, 0.0276391,0.00539878,0.0330379
0.1,0.06 ,0.966415, 0.0277353,0.00585015,0.0335855
0.11,0.06 ,0.965846, 0.0278324,0.00632139,0.0341538
0.12,0.06 ,0.965256, 0.0279303,0.00681367,0.034744
0.13,0.06 ,0.964643, 0.028029,0.00732825,0.0353573
0.14,0.06 ,0.964005, 0.0281286,0.00786649,0.0359951
0.15,0.06 ,0.963341, 0.0282291,0.00842986,0.036659
0.16,0.06 ,0.96265, 0.0283304,0.00901995,0.0373504
0.17,0.06 ,0.961929, 0.0284326,0.00963847,0.0380711
0.18,0.06 ,0.961177, 0.0285357,0.0102873,0.038823
0.19,0.06 ,0.960392, 0.0286397,0.0109684,0.0396081
0.2,0.06 ,0.959571, 0.0287446,0.011684,0.0404286
0.21,0.06 ,0.958713, 0.0288505,0.0124365,0.041287
0.22,0.06 ,0.957814, 0.0289572,0.0132285,0.0421857
0.23,0.06 ,0.956872, 0.0290649,0.0140627,0.0431276
0.24,0.06 ,0.955884, 0.0291735,0.0149424,0.044116
0.25,0.06 ,0.954846, 0.0292831,0.0158709,0.045154
0.26,0.06 ,0.953754, 0.0293936,0.016852,0.0462456
0.27,0.06 ,0.952605, 0.0295051,0.0178896,0.0473947
0.28,0.06 ,0.951394, 0.0296176,0.0189883,0.048606
0.29,0.06 ,0.950116, 0.0297311,0.0201531,0.0498842
0.3,0.06 ,0.948765, 0.0298455,0.0213895,0.051235
0.31,0.06 ,0.947336, 0.029961,0.0227034,0.0526644
0.32,0.06 ,0.945821, 0.0300775,0.0241015,0.054179
0.33,0.06 ,0.944214, 0.030195,0.0255914,0.0557863
0.34,0.06 ,0.942505, 0.0303135,0.0271811,0.0574947
0.35,0.06 ,0.940687, 0.0304331,0.0288801,0.0593132
0.36,0.06 ,0.938748, 0.0305537,0.0306984,0.0612521
0.37,0.06 ,0.936677, 0.0306753,0.0326475,0.0633228
0.38,0.06 ,0.934462, 0.0307981,0.0347401,0.0655382
0.39,0.06 ,0.932087, 0.0309219,0.0369907,0.0679125
0.4,0.06 ,0.929538, 0.0310467,0.039415,0.0704617
0.41,0.06 ,0.926796, 0.0311727,0.0420311,0.0732038
0.42,0.06 ,0.923841, 0.0312997,0.0448589,0.0761587
0.43,0.06 ,0.920651, 0.0314278,0.047921,0.0793488
0.44,0.06 ,0.917201, 0.0315571,0.0512422,0.0827993
0.45,0.06 ,0.913462, 0.0316874,0.0548504,0.0865378
0.46,0.06 ,0.909405, 0.0318189,0.0587766,0.0905955
0.47,0.06 ,0.904994, 0.0319515,0.0630548,0.0950063
0.48,0.06 ,0.900192, 0.0320852,0.0677224,0.0998076
0.49,0.06 ,0.89496, 0.03222,0.0728199,0.10504
0.5,0.06 ,0.889253, 0.032356,0.0783906,0.110747
0.51,0.06 ,0.883027, 0.0324931,0.0844799,0.116973
0.52,0.06 ,0.876234, 0.0326314,0.0911345,0.123766
0.53,0.06 ,0.868829, 0.0327708,0.0984005,0.131171
0.54,0.06 ,0.860767, 0.0329114,0.106322,0.139233
0.55,0.06 ,0.85201, 0.0330531,0.114937,0.14799
0.56,0.06 ,0.842528, 0.033196,0.124276,0.157472
0.57,0.06 ,0.832301, 0.03334,0.134359,0.167699
0.58,0.06 ,0.821324, 0.0334852,0.145191,0.178676
0.59,0.06 ,0.809608, 0.0336316,0.15676,0.190392
0.6,0.06 ,0.797184, 0.0337792,0.169037,0.202816
0.61,0.06 ,0.784098, 0.0339279,0.181974,0.215902
0.62,0.06 ,0.770413, 0.0340777,0.195509,0.229587
0.63,0.06 ,0.756206, 0.0342288,0.209565,0.243794
0.64,0.06 ,0.74156, 0.034381,0.224059,0.25844
0.65,0.06 ,0.726567, 0.0345344,0.238899,0.273433
0.66,0.06 ,0.711314, 0.0346889,0.253997,0.288686
0.67,0.06 ,0.695889, 0.0348446,0.269266,0.304111
0.68,0.06 ,0.680374, 0.0350015,0.284625,0.319626
0.69,0.06 ,0.66484, 0.0351595,0.3,0.33516
0.7,0.06 ,0.649355, 0.0353187,0.315327,0.350645
0.71,0.06 ,0.633973, 0.035479,0.330548,0.366027
0.72,0.06 ,0.618743, 0.0356405,0.345617,0.381257
0.73,0.06 ,0.603704, 0.0358032,0.360493,0.396296
0.74,0.06 ,0.58889, 0.0359669,0.375143,0.41111
0.75,0.06 ,0.574326, 0.0361319,0.389542,0.425674
0.76,0.06 ,0.560033, 0.0362979,0.403669,0.439967
0.77,0.06 ,0.546026, 0.0364651,0.417509,0.453974
0.78,0.06 ,0.532317, 0.0366334,0.431049,0.467683
0.79,0.06 ,0.518914, 0.0368028,0.444283,0.481086
0.8,0.06 ,0.505821, 0.0369733,0.457206,0.494179
0.81,0.06 ,0.493041, 0.0371449,0.469814,0.506959
0.82,0.06 ,0.480575, 0.0373176,0.482108,0.519425
0.83,0.06 ,0.468421, 0.0374914,0.494088,0.531579
0.84,0.06 ,0.456576, 0.0376663,0.505758,0.543424
0.85,0.06 ,0.445038, 0.0378422,0.51712,0.554962
0.86,0.06 ,0.433801, 0.0380192,0.528179,0.566199
0.87,0.06 ,0.422861, 0.0381972,0.538941,0.577139
0.88,0.06 ,0.412212, 0.0383763,0.549411,0.587788
0.89,0.06 ,0.401848, 0.0385564,0.559596,0.598152
0.9,0.06 ,0.391762, 0.0387376,0.569501,0.608238
0.91,0.06 ,0.381948, 0.0389198,0.579132,0.618052
0.92,0.06 ,0.372399, 0.0391029,0.588498,0.627601
0.93,0.06 ,0.363109, 0.0392871,0.597604,0.636891
0.94,0.06 ,0.35407, 0.0394722,0.606458,0.64593
0.95,0.06 ,0.345276, 0.0396583,0.615065,0.654724
0.96,0.06 ,0.336721, 0.0398454,0.623434,0.663279
0.97,0.06 ,0.328397, 0.0400335,0.63157,0.671603
0.98,0.06 ,0.320298, 0.0402224,0.63948,0.679702
0.99,0.06 ,0.312418, 0.0404124,0.64717,0.687582
1,0.06 ,0.30475, 0.0406032,0.654647,0.69525
0,0.07 ,0.971104, 0.0268094,0.00208622,0.0288956
0.01,0.07 ,0.970702, 0.0268985,0.00239995,0.0292985
0.02,0.07 ,0.970286, 0.0269885,0.002726,0.0297145
0.03,0.07 ,0.969856, 0.0270791,0.00306499,0.0301441
0.04,0.07 ,0.969412, 0.0271706,0.0034176,0.0305882
0.05,0.07 ,0.968953, 0.0272628,0.00378455,0.0310474
0.06,0.07 ,0.968478, 0.0273558,0.00416661,0.0315225
0.07,0.07 ,0.967986, 0.0274496,0.00456461,0.0320143
0.08,0.07 ,0.967476, 0.0275443,0.00497943,0.0325237
0.09,0.07 ,0.966948, 0.0276397,0.00541201,0.0330517
0.1,0.07 ,0.966401, 0.0277359,0.00586337,0.0335993
0.11,0.07 ,0.965832, 0.027833,0.0063346,0.0341676
0.12,0.07 ,0.965242, 0.0279309,0.00682687,0.0347577
0.13,0.07 ,0.964629, 0.0280296,0.00734143,0.035371
0.14,0.07 ,0.963991, 0.0281292,0.00787966,0.0360089
0.15,0.07 ,0.963327, 0.0282297,0.00844302,0.0366727
0.16,0.07 ,0.962636, 0.028331,0.00903308,0.0373641
0.17,0.07 ,0.961915, 0.0284332,0.00965158,0.0380848
0.18,0.07 ,0.961163, 0.0285363,0.0103004,0.0388367
0.19,0.07 ,0.960378, 0.0286403,0.0109815,0.0396218
0.2,0.07 ,0.959558, 0.0287452,0.011697,0.0404422
0.21,0.07 ,0.958699, 0.028851,0.0124495,0.0413005
0.22,0.07 ,0.957801, 0.0289578,0.0132414,0.0421992
0.23,0.07 ,0.956859, 0.0290654,0.0140757,0.0431411
0.24,0.07 ,0.955871, 0.0291741,0.0149554,0.0441294
0.25,0.07 ,0.954833, 0.0292836,0.0158838,0.0451675
0.26,0.07 ,0.953741, 0.0293942,0.0168648,0.046259
0.27,0.07 ,0.952592, 0.0295057,0.0179024,0.0474081
0.28,0.07 ,0.951381, 0.0296181,0.0190011,0.0486192
0.29,0.07 ,0.950103, 0.0297316,0.0201658,0.0498974
0.3,0.07 ,0.948752, 0.0298461,0.0214021,0.0512482
0.31,0.07 ,0.947323, 0.0299615,0.0227159,0.0526775
0.32,0.07 ,0.945808, 0.030078,0.024114,0.054192
0.33,0.07 ,0.944201, 0.0301955,0.0256038,0.0557993
0.34,0.07 ,0.942492, 0.030314,0.0271935,0.0575075
0.35,0.07 ,0.940674, 0.0304336,0.0288923,0.0593259
0.36,0.07 ,0.938735, 0.0305542,0.0307105,0.0612647
0.37,0.07 ,0.936665, 0.0306758,0.0326595,0.0633354
0.38,0.07 ,0.934449, 0.0307985,0.0347521,0.0655506
0.39,0.07 ,0.932075, 0.0309223,0.0370024,0.0679248
0.4,0.07 ,0.929526, 0.0310472,0.0394267,0.0704738
0.41,0.07 ,0.926784, 0.0311731,0.0420426,0.0732157
0.42,0.07 ,0.92383, 0.0313002,0.0448702,0.0761704
0.43,0.07 ,0.92064, 0.0314283,0.047932,0.0793603
0.44,0.07 ,0.917189, 0.0315575,0.051253,0.0828105
0.45,0.07 ,0.913451, 0.0316879,0.054861,0.0865488
0.46,0.07 ,0.909394, 0.0318193,0.0587868,0.0906062
0.47,0.07 ,0.904983, 0.0319519,0.0630647,0.0950166
0.48,0.07 ,0.900182, 0.0320856,0.067732,0.0998176
0.49,0.07 ,0.89495, 0.0322204,0.0728291,0.10505
0.5,0.07 ,0.889244, 0.0323564,0.0783993,0.110756
0.51,0.07 ,0.883018, 0.0324935,0.084488,0.116982
0.52,0.07 ,0.876226, 0.0326318,0.091142,0.123774
0.53,0.07 ,0.868821, 0.0327712,0.0984073,0.131179
0.54,0.07 ,0.86076, 0.0329118,0.106328,0.13924
0.55,0.07 ,0.852005, 0.0330535,0.114942,0.147995
0.56,0.07 ,0.842523, 0.0331964,0.124281,0.157477
0.57,0.07 ,0.832297, 0.0333404,0.134363,0.167703
0.58,0.07 ,0.82132, 0.0334856,0.145194,0.17868
0.59,0.07 ,0.809606, 0.033632,0.156762,0.190394
0.6,0.07 ,0.797182, 0.0337795,0.169038,0.202818
0.61,0.07 ,0.784097, 0.0339282,0.181975,0.215903
0.62,0.07 ,0.770414, 0.0340781,0.195508,0.229586
0.63,0.07 ,0.756207, 0.0342291,0.209564,0.243793
0.64,0.07 ,0.741563, 0.0343813,0.224056,0.258437
0.65,0.07 ,0.726569, 0.0345347,0.238896,0.273431
0.66,0.07 ,0.711318, 0.0346892,0.253993,0.288682
0.67,0.07 ,0.695893, 0.0348449,0.269262,0.304107
0.68,0.07 ,0.680378, 0.0350018,0.28462,0.319622
0.69,0.07 ,0.664845, 0.0351598,0.299995,0.335155
0.7,0.07 ,0.64936, 0.035319,0.315321,0.35064
0.71,0.07 ,0.633978, 0.0354793,0.330542,0.366022
0.72,0.07 ,0.618749, 0.0356408,0.345611,0.381251
0.73,0.07 ,0.60371, 0.0358034,0.360486,0.39629
0.74,0.07 ,0.588896, 0.0359672,0.375136,0.411104
0.75,0.07 ,0.574333, 0.0361321,0.389535,0.425667
0.76,0.07 ,0.56004, 0.0362981,0.403662,0.43996
0.77,0.07 ,0.546033, 0.0364653,0.417502,0.453967
0.78,0.07 ,0.532324, 0.0366336,0.431042,0.467676
0.79,0.07 ,0.518921, 0.036803,0.444276,0.481079
0.8,0.07 ,0.505828, 0.0369735,0.457199,0.494172
0.81,0.07 ,0.493048, 0.0371451,0.469807,0.506952
0.82,0.07 ,0.480582, 0.0373178,0.4821,0.519418
0.83,0.07 ,0.468428, 0.0374916,0.494081,0.531572
0.84,0.07 ,0.456583, 0.0376664,0.50575,0.543417
0.85,0.07 ,0.445045, 0.0378424,0.517113,0.554955
0.86,0.07 ,0.433808, 0.0380193,0.528172,0.566192
0.87,0.07 ,0.422868, 0.0381974,0.538934,0.577132
