Betamv, Betapv,V,Rs,Rv,P
0,0 ,0.978768, 0.0192321,0.002,0.0212321
0.01,0 ,0.978749, 0.0192328,0.00201799,0.0212508
0.02,0 ,0.97873, 0.0192335,0.00203654,0.02127
0.03,0 ,0.97871, 0.0192341,0.00205568,0.0212898
0.04,0 ,0.97869, 0.0192348,0.00207543,0.0213102
0.05,0 ,0.978669, 0.0192355,0.00209582,0.0213313
0.06,0 ,0.978647, 0.0192362,0.0021169,0.0213531
0.07,0 ,0.978624, 0.0192368,0.00213869,0.0213755
0.08,0 ,0.978601, 0.0192375,0.00216124,0.0213988
0.09,0 ,0.978577, 0.0192382,0.00218459,0.0214228
0.1,0 ,0.978552, 0.0192389,0.00220878,0.0214477
0.11,0 ,0.978527, 0.0192396,0.00223387,0.0214735
0.12,0 ,0.9785, 0.0192403,0.00225991,0.0215002
0.13,0 ,0.978472, 0.019241,0.00228695,0.021528
0.14,0 ,0.978443, 0.0192417,0.00231506,0.0215568
0.15,0 ,0.978413, 0.0192424,0.00234431,0.0215868
0.16,0 ,0.978382, 0.0192432,0.00237477,0.0216179
0.17,0 ,0.97835, 0.0192439,0.00240652,0.0216504
0.18,0 ,0.978316, 0.0192446,0.00243965,0.0216843
0.19,0 ,0.97828, 0.0192453,0.00247426,0.0217196
0.2,0 ,0.978243, 0.0192461,0.00251045,0.0217565
0.21,0 ,0.978205, 0.0192468,0.00254833,0.0217951
0.22,0 ,0.978164, 0.0192475,0.00258803,0.0218356
0.23,0 ,0.978122, 0.0192483,0.0026297,0.021878
0.24,0 ,0.978077, 0.019249,0.00267349,0.0219225
0.25,0 ,0.978031, 0.0192498,0.00271957,0.0219694
0.26,0 ,0.977981, 0.0192505,0.00276814,0.0220187
0.27,0 ,0.977929, 0.0192513,0.00281939,0.0220707
0.28,0 ,0.977874, 0.0192521,0.00287359,0.0221256
0.29,0 ,0.977816, 0.0192528,0.00293098,0.0221838
0.3,0 ,0.977755, 0.0192536,0.00299188,0.0222455
0.31,0 ,0.977689, 0.0192544,0.00305662,0.022311
0.32,0 ,0.977619, 0.0192552,0.0031256,0.0223808
0.33,0 ,0.977545, 0.0192559,0.00319924,0.0224552
0.34,0 ,0.977465, 0.0192567,0.00327805,0.0225348
0.35,0 ,0.97738, 0.0192575,0.00336261,0.0226201
0.36,0 ,0.977288, 0.0192583,0.00345358,0.0227119
0.37,0 ,0.977189, 0.0192591,0.00355175,0.0228109
0.38,0 ,0.977082, 0.0192599,0.003658,0.0229179
0.39,0 ,0.976966, 0.0192607,0.00377341,0.0230342
0.4,0 ,0.976839, 0.0192616,0.00389921,0.0231608
0.41,0 ,0.976701, 0.0192624,0.00403692,0.0232993
0.42,0 ,0.976548, 0.0192632,0.00418831,0.0234515
0.43,0 ,0.97638, 0.019264,0.00435556,0.0236196
0.44,0 ,0.976194, 0.0192649,0.00454131,0.0238062
0.45,0 ,0.975985, 0.0192657,0.00474883,0.0240145
0.46,0 ,0.975751, 0.0192666,0.0049822,0.0242488
0.47,0 ,0.975486, 0.0192674,0.00524659,0.024514
0.48,0 ,0.975183, 0.0192683,0.00554861,0.0248169
0.49,0 ,0.974834, 0.0192691,0.00589689,0.025166
0.5,0 ,0.974427, 0.01927,0.00630285,0.0255728
0.51,0 ,0.973947, 0.0192709,0.00678197,0.0260528
0.52,0 ,0.973373, 0.0192717,0.00735566,0.0266274
0.53,0 ,0.972673, 0.0192726,0.00805437,0.027327
0.54,0 ,0.971804, 0.0192735,0.00892272,0.0281962
0.55,0 ,0.970697, 0.0192744,0.0100284,0.0293028
0.56,0 ,0.969246, 0.0192753,0.0114782,0.0307535
0.57,0 ,0.967276, 0.0192762,0.0134483,0.0327245
0.58,0 ,0.964481, 0.0192771,0.0162418,0.0355189
0.59,0 ,0.960325, 0.019278,0.0203969,0.0396749
0.6,0 ,0.95387, 0.0192789,0.0268512,0.0461301
0.61,0 ,0.943728, 0.0192798,0.0369917,0.0562715
0.62,0 ,0.928716, 0.0192807,0.0520029,0.0712837
0.63,0 ,0.90913, 0.0192817,0.0715879,0.0908696
0.64,0 ,0.886618, 0.0192826,0.0940992,0.113382
0.65,0 ,0.86278, 0.0192836,0.117936,0.13722
0.66,0 ,0.838606, 0.0192845,0.142109,0.161394
0.67,0 ,0.814624, 0.0192855,0.16609,0.185376
0.68,0 ,0.791104, 0.0192864,0.189609,0.208896
0.69,0 ,0.768182, 0.0192874,0.21253,0.231818
0.7,0 ,0.745924, 0.0192884,0.234788,0.254076
0.71,0 ,0.724355, 0.0192893,0.256356,0.275645
0.72,0 ,0.703481, 0.0192903,0.277229,0.296519
0.73,0 ,0.683294, 0.0192913,0.297415,0.316706
0.74,0 ,0.66378, 0.0192923,0.316928,0.33622
0.75,0 ,0.64492, 0.0192933,0.335787,0.35508
0.76,0 ,0.626693, 0.0192943,0.354012,0.373307
0.77,0 ,0.609079, 0.0192953,0.371626,0.390921
0.78,0 ,0.592054, 0.0192963,0.38865,0.407946
0.79,0 ,0.575596, 0.0192974,0.405106,0.424404
0.8,0 ,0.559685, 0.0192984,0.421017,0.440315
0.81,0 ,0.544298, 0.0192994,0.436402,0.455702
0.82,0 ,0.529416, 0.0193005,0.451283,0.470584
0.83,0 ,0.515019, 0.0193015,0.46568,0.484981
0.84,0 ,0.501087, 0.0193026,0.47961,0.498913
0.85,0 ,0.487603, 0.0193037,0.493093,0.512397
0.86,0 ,0.47455, 0.0193047,0.506145,0.52545
0.87,0 ,0.46191, 0.0193058,0.518784,0.53809
0.88,0 ,0.449667, 0.0193069,0.531026,0.550333
0.89,0 ,0.437808, 0.019308,0.542884,0.562192
0.9,0 ,0.426315, 0.0193091,0.554375,0.573685
0.91,0 ,0.415177, 0.0193102,0.565512,0.584823
0.92,0 ,0.40438, 0.0193113,0.576309,0.59562
0.93,0 ,0.393911, 0.0193124,0.586777,0.606089
0.94,0 ,0.383757, 0.0193135,0.596929,0.616243
0.95,0 ,0.373908, 0.0193147,0.606778,0.626092
0.96,0 ,0.364351, 0.0193158,0.616333,0.635649
0.97,0 ,0.355078, 0.019317,0.625605,0.644922
0.98,0 ,0.346076, 0.0193181,0.634605,0.653924
0.99,0 ,0.337338, 0.0193193,0.643343,0.662662
1,0 ,0.328853, 0.0193204,0.651827,0.671147
0,0.01 ,0.978542, 0.0192797,0.00217863,0.0214583
0.01,0.01 ,0.978523, 0.0192804,0.00219662,0.021477
0.02,0.01 ,0.978504, 0.019281,0.00221517,0.0214962
0.03,0.01 ,0.978484, 0.0192817,0.0022343,0.021516
0.04,0.01 ,0.978464, 0.0192824,0.00225404,0.0215364
0.05,0.01 ,0.978443, 0.0192831,0.00227443,0.0215575
0.06,0.01 ,0.978421, 0.0192837,0.0022955,0.0215792
0.07,0.01 ,0.978398, 0.0192844,0.00231729,0.0216017
0.08,0.01 ,0.978375, 0.0192851,0.00233983,0.0216249
0.09,0.01 ,0.978351, 0.0192858,0.00236317,0.021649
0.1,0.01 ,0.978326, 0.0192865,0.00238736,0.0216739
0.11,0.01 ,0.9783, 0.0192872,0.00241244,0.0216996
0.12,0.01 ,0.978274, 0.0192879,0.00243847,0.0217264
0.13,0.01 ,0.978246, 0.0192886,0.00246551,0.0217541
0.14,0.01 ,0.978217, 0.0192893,0.00249361,0.0217829
0.15,0.01 ,0.978187, 0.01929,0.00252285,0.0218129
0.16,0.01 ,0.978156, 0.0192907,0.0025533,0.021844
0.17,0.01 ,0.978124, 0.0192915,0.00258504,0.0218765
0.18,0.01 ,0.97809, 0.0192922,0.00261816,0.0219103
0.19,0.01 ,0.978054, 0.0192929,0.00265275,0.0219457
0.2,0.01 ,0.978017, 0.0192936,0.00268892,0.0219826
0.21,0.01 ,0.977979, 0.0192944,0.00272679,0.0220212
0.22,0.01 ,0.977938, 0.0192951,0.00276648,0.0220616
0.23,0.01 ,0.977896, 0.0192959,0.00280814,0.022104
0.24,0.01 ,0.977851, 0.0192966,0.00285191,0.0221485
0.25,0.01 ,0.977805, 0.0192974,0.00289797,0.0221953
0.26,0.01 ,0.977755, 0.0192981,0.00294651,0.0222446
0.27,0.01 ,0.977703, 0.0192989,0.00299774,0.0222966
0.28,0.01 ,0.977648, 0.0192996,0.00305191,0.0223515
0.29,0.01 ,0.97759, 0.0193004,0.00310928,0.0224097
0.3,0.01 ,0.977529, 0.0193012,0.00317014,0.0224713
0.31,0.01 ,0.977463, 0.0193019,0.00323485,0.0225368
0.32,0.01 ,0.977393, 0.0193027,0.00330378,0.0226065
0.33,0.01 ,0.977319, 0.0193035,0.00337738,0.0226809
0.34,0.01 ,0.97724, 0.0193043,0.00345614,0.0227604
0.35,0.01 ,0.977154, 0.0193051,0.00354064,0.0228457
0.36,0.01 ,0.977063, 0.0193059,0.00363155,0.0229374
0.37,0.01 ,0.976964, 0.0193067,0.00372964,0.0230363
0.38,0.01 ,0.976857, 0.0193075,0.00383581,0.0231433
0.39,0.01 ,0.976741, 0.0193083,0.00395112,0.0232594
0.4,0.01 ,0.976614, 0.0193091,0.00407682,0.0233859
0.41,0.01 ,0.976476, 0.0193099,0.00421439,0.0235243
0.42,0.01 ,0.976324, 0.0193108,0.00436563,0.0236764
0.43,0.01 ,0.976156, 0.0193116,0.0045327,0.0238443
0.44,0.01 ,0.975969, 0.0193124,0.00471823,0.0240307
0.45,0.01 ,0.975761, 0.0193133,0.0049255,0.0242388
0.46,0.01 ,0.975527, 0.0193141,0.00515856,0.0244727
0.47,0.01 ,0.975262, 0.019315,0.00542257,0.0247375
0.48,0.01 ,0.97496, 0.0193158,0.00572412,0.0250399
0.49,0.01 ,0.974612, 0.0193167,0.00607179,0.0253885
0.5,0.01 ,0.974205, 0.0193175,0.00647699,0.0257945
0.51,0.01 ,0.973726, 0.0193184,0.00695512,0.0262735
0.52,0.01 ,0.973153, 0.0193193,0.00752749,0.0268468
0.53,0.01 ,0.972455, 0.0193202,0.00822441,0.0275446
0.54,0.01 ,0.971589, 0.019321,0.00909025,0.0284113
0.55,0.01 ,0.970486, 0.0193219,0.0101923,0.0295142
0.56,0.01 ,0.969041, 0.0193228,0.0116367,0.0309595
0.57,0.01 ,0.967078, 0.0193237,0.0135982,0.0329219
0.58,0.01 ,0.964298, 0.0193246,0.0163775,0.0357021
0.59,0.01 ,0.960166, 0.0193255,0.0205083,0.0398338
0.6,0.01 ,0.953753, 0.0193264,0.0269207,0.0462472
0.61,0.01 ,0.943676, 0.0193274,0.036996,0.0563234
0.62,0.01 ,0.928742, 0.0193283,0.0519289,0.0712571
0.63,0.01 ,0.909222, 0.0193292,0.0714481,0.0907774
0.64,0.01 ,0.886752, 0.0193301,0.0939178,0.113248
0.65,0.01 ,0.862937, 0.0193311,0.117732,0.137063
0.66,0.01 ,0.838776, 0.019332,0.141892,0.161224
0.67,0.01 ,0.8148, 0.019333,0.165867,0.1852
0.68,0.01 ,0.791283, 0.0193339,0.189383,0.208717
0.69,0.01 ,0.768362, 0.0193349,0.212303,0.231638
0.7,0.01 ,0.746103, 0.0193359,0.234561,0.253897
0.71,0.01 ,0.724533, 0.0193369,0.25613,0.275467
0.72,0.01 ,0.703657, 0.0193378,0.277005,0.296343
0.73,0.01 ,0.683468, 0.0193388,0.297193,0.316532
0.74,0.01 ,0.663952, 0.0193398,0.316708,0.336048
0.75,0.01 ,0.64509, 0.0193408,0.335569,0.35491
0.76,0.01 ,0.626861, 0.0193418,0.353797,0.373139
0.77,0.01 ,0.609244, 0.0193428,0.371413,0.390756
0.78,0.01 ,0.592217, 0.0193439,0.388439,0.407783
0.79,0.01 ,0.575757, 0.0193449,0.404898,0.424243
0.8,0.01 ,0.559843, 0.0193459,0.420811,0.440157
0.81,0.01 ,0.544454, 0.019347,0.436199,0.455546
0.82,0.01 ,0.52957, 0.019348,0.451082,0.47043
0.83,0.01 ,0.51517, 0.019349,0.465481,0.48483
0.84,0.01 ,0.501236, 0.0193501,0.479414,0.498764
0.85,0.01 ,0.48775, 0.0193512,0.492899,0.51225
0.86,0.01 ,0.474694, 0.0193522,0.505954,0.525306
0.87,0.01 ,0.462052, 0.0193533,0.518595,0.537948
0.88,0.01 ,0.449807, 0.0193544,0.530838,0.550193
0.89,0.01 ,0.437945, 0.0193555,0.542699,0.562055
0.9,0.01 ,0.426451, 0.0193566,0.554192,0.573549
0.91,0.01 ,0.415311, 0.0193577,0.565331,0.584689
0.92,0.01 ,0.404512, 0.0193588,0.57613,0.595488
0.93,0.01 ,0.39404, 0.0193599,0.5866,0.60596
0.94,0.01 ,0.383885, 0.019361,0.596754,0.616115
0.95,0.01 ,0.374033, 0.0193622,0.606605,0.625967
0.96,0.01 ,0.364475, 0.0193633,0.616162,0.635525
0.97,0.01 ,0.355199, 0.0193645,0.625436,0.644801
0.98,0.01 ,0.346196, 0.0193656,0.634438,0.653804
0.99,0.01 ,0.337456, 0.0193668,0.643177,0.662544
1,0.01 ,0.328969, 0.0193679,0.651663,0.671031
0,0.02 ,0.978309, 0.0193276,0.0023635,0.0216911
0.01,0.02 ,0.97829, 0.0193283,0.00238148,0.0217098
0.02,0.02 ,0.978271, 0.0193289,0.00240002,0.021729
0.03,0.02 ,0.978251, 0.0193296,0.00241915,0.0217488
0.04,0.02 ,0.978231, 0.0193303,0.00243889,0.0217692
0.05,0.02 ,0.97821, 0.019331,0.00245927,0.0217902
0.06,0.02 ,0.978188, 0.0193316,0.00248034,0.021812
0.07,0.02 ,0.978166, 0.0193323,0.00250212,0.0218344
0.08,0.02 ,0.978142, 0.019333,0.00252465,0.0218577
0.09,0.02 ,0.978118, 0.0193337,0.00254799,0.0218817
0.1,0.02 ,0.978093, 0.0193344,0.00257217,0.0219066
0.11,0.02 ,0.978068, 0.0193351,0.00259724,0.0219323
0.12,0.02 ,0.978041, 0.0193358,0.00262327,0.0219591
0.13,0.02 ,0.978013, 0.0193365,0.00265029,0.0219868
0.14,0.02 ,0.977984, 0.0193372,0.00267839,0.0220156
0.15,0.02 ,0.977954, 0.0193379,0.00270762,0.0220455
0.16,0.02 ,0.977923, 0.0193386,0.00273806,0.0220767
0.17,0.02 ,0.977891, 0.0193393,0.00276979,0.0221091
0.18,0.02 ,0.977857, 0.0193401,0.00280289,0.022143
0.19,0.02 ,0.977822, 0.0193408,0.00283747,0.0221783
0.2,0.02 ,0.977785, 0.0193415,0.00287363,0.0222152
0.21,0.02 ,0.977746, 0.0193423,0.00291149,0.0222537
0.22,0.02 ,0.977706, 0.019343,0.00295116,0.0222942
0.23,0.02 ,0.977663, 0.0193437,0.0029928,0.0223365
0.24,0.02 ,0.977619, 0.0193445,0.00303655,0.022381
0.25,0.02 ,0.977572, 0.0193452,0.00308259,0.0224278
0.26,0.02 ,0.977523, 0.019346,0.00313111,0.0224771
0.27,0.02 ,0.977471, 0.0193467,0.00318232,0.0225291
0.28,0.02 ,0.977416, 0.0193475,0.00323646,0.022584
0.29,0.02 ,0.977358, 0.0193483,0.00329379,0.0226421
0.3,0.02 ,0.977296, 0.019349,0.00335463,0.0227037
0.31,0.02 ,0.977231, 0.0193498,0.0034193,0.0227691
0.32,0.02 ,0.977161, 0.0193506,0.00348819,0.0228388
0.33,0.02 ,0.977087, 0.0193514,0.00356174,0.0229131
0.34,0.02 ,0.977007, 0.0193522,0.00364045,0.0229926
0.35,0.02 ,0.976922, 0.019353,0.00372489,0.0230779
0.36,0.02 ,0.976831, 0.0193538,0.00381574,0.0231695
0.37,0.02 ,0.976732, 0.0193546,0.00391375,0.0232683
0.38,0.02 ,0.976625, 0.0193554,0.00401984,0.0233752
0.39,0.02 ,0.976509, 0.0193562,0.00413505,0.0234912
0.4,0.02 ,0.976382, 0.019357,0.00426063,0.0236176
0.41,0.02 ,0.976244, 0.0193578,0.00439807,0.0237559
0.42,0.02 ,0.976092, 0.0193586,0.00454915,0.0239078
0.43,0.02 ,0.975925, 0.0193595,0.00471604,0.0240755
0.44,0.02 ,0.975738, 0.0193603,0.00490135,0.0242616
0.45,0.02 ,0.975531, 0.0193611,0.00510835,0.0244695
0.46,0.02 ,0.975297, 0.019362,0.0053411,0.0247031
0.47,0.02 ,0.975032, 0.0193628,0.00560471,0.0249675
0.48,0.02 ,0.974731, 0.0193637,0.00590577,0.0252694
0.49,0.02 ,0.974383, 0.0193645,0.00625284,0.0256174
0.5,0.02 ,0.973977, 0.0193654,0.00665726,0.0260227
0.51,0.02 ,0.973499, 0.0193663,0.00713436,0.0265006
0.52,0.02 ,0.972927, 0.0193671,0.00770539,0.0270725
0.53,0.02 ,0.972232, 0.019368,0.00840047,0.0277685
0.54,0.02 ,0.971367, 0.0193689,0.00926375,0.0286326
0.55,0.02 ,0.970268, 0.0193698,0.0103621,0.0297319
0.56,0.02 ,0.968828, 0.0193707,0.0118009,0.0311716
0.57,0.02 ,0.966875, 0.0193716,0.0137536,0.0331252
0.58,0.02 ,0.964109, 0.0193725,0.0165185,0.0358909
0.59,0.02 ,0.960002, 0.0193734,0.0206245,0.0399978
0.6,0.02 ,0.953631, 0.0193743,0.0269942,0.0463685
0.61,0.02 ,0.943622, 0.0193752,0.0370027,0.0563779
0.62,0.02 ,0.928769, 0.0193761,0.0518549,0.0712311
0.63,0.02 ,0.909316, 0.0193771,0.0713063,0.0906834
0.64,0.02 ,0.886889, 0.019378,0.0937329,0.113111
0.65,0.02 ,0.863098, 0.0193789,0.117523,0.136902
0.66,0.02 ,0.838949, 0.0193799,0.141671,0.161051
0.67,0.02 ,0.81498, 0.0193808,0.165639,0.18502
0.68,0.02 ,0.791466, 0.0193818,0.189152,0.208534
0.69,0.02 ,0.768546, 0.0193828,0.212071,0.231454
0.7,0.02 ,0.746287, 0.0193837,0.234329,0.253713
0.71,0.02 ,0.724716, 0.0193847,0.255899,0.275284
0.72,0.02 ,0.703839, 0.0193857,0.276776,0.296161
0.73,0.02 ,0.683648, 0.0193867,0.296966,0.316352
0.74,0.02 ,0.664129, 0.0193877,0.316483,0.335871
0.75,0.02 ,0.645265, 0.0193887,0.335346,0.354735
0.76,0.02 ,0.627034, 0.0193897,0.353576,0.372966
0.77,0.02 ,0.609415, 0.0193907,0.371195,0.390585
0.78,0.02 ,0.592385, 0.0193917,0.388224,0.407615
0.79,0.02 ,0.575923, 0.0193927,0.404685,0.424077
0.8,0.02 ,0.560006, 0.0193937,0.4206,0.439994
0.81,0.02 ,0.544615, 0.0193948,0.43599,0.455385
0.82,0.02 ,0.529728, 0.0193958,0.450876,0.470272
0.83,0.02 ,0.515326, 0.0193969,0.465277,0.484674
0.84,0.02 ,0.501389, 0.0193979,0.479213,0.498611
0.85,0.02 ,0.487901, 0.019399,0.4927,0.512099
0.86,0.02 ,0.474843, 0.0194001,0.505757,0.525157
0.87,0.02 ,0.462198, 0.0194011,0.518401,0.537802
0.88,0.02 ,0.449951, 0.0194022,0.530646,0.550049
0.89,0.02 ,0.438087, 0.0194033,0.54251,0.561913
0.9,0.02 ,0.426591, 0.0194044,0.554005,0.573409
0.91,0.02 ,0.415448, 0.0194055,0.565146,0.584552
0.92,0.02 ,0.404647, 0.0194066,0.575947,0.595353
0.93,0.02 ,0.394173, 0.0194077,0.586419,0.605827
0.94,0.02 ,0.384016, 0.0194088,0.596575,0.615984
0.95,0.02 ,0.374162, 0.01941,0.606428,0.625838
0.96,0.02 ,0.364602, 0.0194111,0.615987,0.635398
0.97,0.02 ,0.355325, 0.0194123,0.625263,0.644675
0.98,0.02 ,0.34632, 0.0194134,0.634267,0.65368
0.99,0.02 ,0.337577, 0.0194146,0.643008,0.662423
1,0.02 ,0.329089, 0.0194157,0.651496,0.670911
0,0.03 ,0.978069, 0.0193758,0.0025549,0.0219307
0.01,0.03 ,0.978051, 0.0193765,0.00257288,0.0219494
0.02,0.03 ,0.978031, 0.0193772,0.00259141,0.0219686
0.03,0.03 ,0.978012, 0.0193778,0.00261053,0.0219884
0.04,0.03 ,0.977991, 0.0193785,0.00263027,0.0220088
0.05,0.03 ,0.97797, 0.0193792,0.00265064,0.0220298
0.06,0.03 ,0.977948, 0.0193799,0.0026717,0.0220516
0.07,0.03 ,0.977926, 0.0193805,0.00269348,0.022074
0.08,0.03 ,0.977903, 0.0193812,0.00271601,0.0220972
0.09,0.03 ,0.977879, 0.0193819,0.00273933,0.0221212
0.1,0.03 ,0.977854, 0.0193826,0.00276351,0.0221461
0.11,0.03 ,0.977828, 0.0193833,0.00278857,0.0221719
0.12,0.03 ,0.977801, 0.019384,0.00281459,0.0221986
0.13,0.03 ,0.977774, 0.0193847,0.00284161,0.0222263
0.14,0.03 ,0.977745, 0.0193854,0.00286969,0.0222551
0.15,0.03 ,0.977715, 0.0193861,0.00289891,0.022285
0.16,0.03 ,0.977684, 0.0193868,0.00292934,0.0223162
0.17,0.03 ,0.977651, 0.0193875,0.00296106,0.0223486
0.18,0.03 ,0.977618, 0.0193883,0.00299415,0.0223824
0.19,0.03 ,0.977582, 0.019389,0.00302872,0.0224177
0.2,0.03 ,0.977545, 0.0193897,0.00306486,0.0224546
0.21,0.03 ,0.977507, 0.0193905,0.0031027,0.0224932
0.22,0.03 ,0.977466, 0.0193912,0.00314236,0.0225336
0.23,0.03 ,0.977424, 0.0193919,0.00318398,0.0225759
0.24,0.03 ,0.97738, 0.0193927,0.00322771,0.0226204
0.25,0.03 ,0.977333, 0.0193934,0.00327373,0.0226672
0.26,0.03 ,0.977284, 0.0193942,0.00332223,0.0227164
0.27,0.03 ,0.977232, 0.0193949,0.00337341,0.0227684
0.28,0.03 ,0.977177, 0.0193957,0.00342752,0.0228232
0.29,0.03 ,0.977119, 0.0193965,0.00348483,0.0228813
0.3,0.03 ,0.977057, 0.0193972,0.00354563,0.0229429
0.31,0.03 ,0.976992, 0.019398,0.00361026,0.0230083
0.32,0.03 ,0.976922, 0.0193988,0.00367911,0.0230779
0.33,0.03 ,0.976848, 0.0193996,0.00375261,0.0231522
0.34,0.03 ,0.976768, 0.0194004,0.00383127,0.0232316
0.35,0.03 ,0.976683, 0.0194012,0.00391566,0.0233168
0.36,0.03 ,0.976592, 0.0194019,0.00400643,0.0234084
0.37,0.03 ,0.976493, 0.0194027,0.00410437,0.0235071
0.38,0.03 ,0.976386, 0.0194036,0.00421037,0.0236139
0.39,0.03 ,0.97627, 0.0194044,0.00432547,0.0237298
0.4,0.03 ,0.976144, 0.0194052,0.00445094,0.0238561
0.41,0.03 ,0.976006, 0.019406,0.00458824,0.0239942
0.42,0.03 ,0.975854, 0.0194068,0.00473917,0.024146
0.43,0.03 ,0.975686, 0.0194076,0.00490586,0.0243135
0.44,0.03 ,0.975501, 0.0194085,0.00509095,0.0244994
0.45,0.03 ,0.975293, 0.0194093,0.00529768,0.024707
0.46,0.03 ,0.97506, 0.0194102,0.0055301,0.0249403
0.47,0.03 ,0.974796, 0.019411,0.00579331,0.0252043
0.48,0.03 ,0.974494, 0.0194119,0.00609388,0.0255057
0.49,0.03 ,0.974147, 0.0194127,0.00644032,0.025853
0.5,0.03 ,0.973742, 0.0194136,0.00684394,0.0262575
0.51,0.03 ,0.973266, 0.0194144,0.00732,0.0267344
0.52,0.03 ,0.972695, 0.0194153,0.00788964,0.0273049
0.53,0.03 ,0.972001, 0.0194162,0.00858285,0.027999
0.54,0.03 ,0.971139, 0.0194171,0.0094435,0.0288606
0.55,0.03 ,0.970044, 0.0194179,0.010538,0.029956
0.56,0.03 ,0.96861, 0.0194188,0.0119711,0.03139
0.57,0.03 ,0.966665, 0.0194197,0.0139149,0.0333346
0.58,0.03 ,0.963914, 0.0194206,0.016665,0.0360856
0.59,0.03 ,0.959833, 0.0194215,0.0207457,0.0401672
0.6,0.03 ,0.953506, 0.0194225,0.0270718,0.0464942
0.61,0.03 ,0.943565, 0.0194234,0.0370119,0.0564353
0.62,0.03 ,0.928794, 0.0194243,0.0517813,0.0712056
0.63,0.03 ,0.909412, 0.0194252,0.0711624,0.0905876
0.64,0.03 ,0.887029, 0.0194262,0.0935443,0.11297
0.65,0.03 ,0.863264, 0.0194271,0.117309,0.136736
0.66,0.03 ,0.839128, 0.019428,0.141444,0.160872
0.67,0.03 ,0.815166, 0.019429,0.165405,0.184834
0.68,0.03 ,0.791655, 0.0194299,0.188915,0.208345
0.69,0.03 ,0.768736, 0.0194309,0.211833,0.231264
0.7,0.03 ,0.746477, 0.0194319,0.234091,0.253523
0.71,0.03 ,0.724904, 0.0194329,0.255663,0.275096
0.72,0.03 ,0.704025, 0.0194338,0.276541,0.295975
0.73,0.03 ,0.683833, 0.0194348,0.296732,0.316167
0.74,0.03 ,0.664312, 0.0194358,0.316252,0.335688
0.75,0.03 ,0.645445, 0.0194368,0.335118,0.354555
0.76,0.03 ,0.627212, 0.0194378,0.35335,0.372788
0.77,0.03 ,0.60959, 0.0194388,0.370971,0.39041
0.78,0.03 ,0.592558, 0.0194398,0.388003,0.407442
0.79,0.03 ,0.576093, 0.0194409,0.404466,0.423907
0.8,0.03 ,0.560174, 0.0194419,0.420384,0.439826
0.81,0.03 ,0.54478, 0.0194429,0.435777,0.45522
0.82,0.03 ,0.529891, 0.019444,0.450665,0.470109
0.83,0.03 ,0.515486, 0.019445,0.465069,0.484514
0.84,0.03 ,0.501547, 0.0194461,0.479007,0.498453
0.85,0.03 ,0.488056, 0.0194471,0.492497,0.511944
0.86,0.03 ,0.474996, 0.0194482,0.505556,0.525004
0.87,0.03 ,0.462349, 0.0194493,0.518202,0.537651
0.88,0.03 ,0.4501, 0.0194503,0.53045,0.5499
0.89,0.03 ,0.438233, 0.0194514,0.542316,0.561767
0.9,0.03 ,0.426734, 0.0194525,0.553813,0.573266
0.91,0.03 ,0.41559, 0.0194536,0.564956,0.58441
0.92,0.03 ,0.404786, 0.0194547,0.575759,0.595214
0.93,0.03 ,0.394311, 0.0194559,0.586234,0.605689
0.94,0.03 ,0.384151, 0.019457,0.596392,0.615849
0.95,0.03 ,0.374295, 0.0194581,0.606246,0.625705
0.96,0.03 ,0.364733, 0.0194592,0.615807,0.635267
0.97,0.03 ,0.355454, 0.0194604,0.625086,0.644546
0.98,0.03 ,0.346447, 0.0194615,0.634092,0.653553
0.99,0.03 ,0.337703, 0.0194627,0.642835,0.662297
1,0.03 ,0.329212, 0.0194639,0.651324,0.670788
0,0.04 ,0.977822, 0.0194244,0.00275314,0.0221775
0.01,0.04 ,0.977804, 0.019425,0.00277112,0.0221961
0.02,0.04 ,0.977785, 0.0194257,0.00278965,0.0222153
0.03,0.04 ,0.977765, 0.0194264,0.00280876,0.0222351
0.04,0.04 ,0.977744, 0.019427,0.00282849,0.0222555
0.05,0.04 ,0.977723, 0.0194277,0.00284886,0.0222766
0.06,0.04 ,0.977702, 0.0194284,0.00286991,0.0222983
0.07,0.04 ,0.977679, 0.0194291,0.00289168,0.0223207
0.08,0.04 ,0.977656, 0.0194297,0.0029142,0.022344
0.09,0.04 ,0.977632, 0.0194304,0.00293752,0.022368
0.1,0.04 ,0.977607, 0.0194311,0.00296169,0.0223928
0.11,0.04 ,0.977581, 0.0194318,0.00298675,0.0224186
0.12,0.04 ,0.977555, 0.0194325,0.00301275,0.0224453
0.13,0.04 ,0.977527, 0.0194332,0.00303976,0.022473
0.14,0.04 ,0.977498, 0.0194339,0.00306784,0.0225018
0.15,0.04 ,0.977468, 0.0194346,0.00309705,0.0225317
0.16,0.04 ,0.977437, 0.0194354,0.00312746,0.0225628
0.17,0.04 ,0.977405, 0.0194361,0.00315917,0.0225952
0.18,0.04 ,0.977371, 0.0194368,0.00319225,0.022629
0.19,0.04 ,0.977336, 0.0194375,0.00322681,0.0226643
0.2,0.04 ,0.977299, 0.0194382,0.00326294,0.0227012
0.21,0.04 ,0.97726, 0.019439,0.00330076,0.0227397
0.22,0.04 ,0.97722, 0.0194397,0.0033404,0.0227801
0.23,0.04 ,0.977178, 0.0194405,0.003382,0.0228225
0.24,0.04 ,0.977133, 0.0194412,0.00342571,0.0228669
0.25,0.04 ,0.977086, 0.0194419,0.00347171,0.0229137
0.26,0.04 ,0.977037, 0.0194427,0.00352018,0.0229629
0.27,0.04 ,0.976985, 0.0194435,0.00357134,0.0230148
0.28,0.04 ,0.97693, 0.0194442,0.00362542,0.0230696
0.29,0.04 ,0.976872, 0.019445,0.0036827,0.0231277
0.3,0.04 ,0.976811, 0.0194458,0.00374346,0.0231892
0.31,0.04 ,0.976745, 0.0194465,0.00380806,0.0232546
0.32,0.04 ,0.976676, 0.0194473,0.00387686,0.0233242
0.33,0.04 ,0.976602, 0.0194481,0.00395032,0.0233984
0.34,0.04 ,0.976522, 0.0194489,0.00402892,0.0234778
0.35,0.04 ,0.976437, 0.0194497,0.00411324,0.0235629
0.36,0.04 ,0.976346, 0.0194505,0.00420395,0.0236544
0.37,0.04 ,0.976247, 0.0194513,0.00430181,0.0237531
0.38,0.04 ,0.97614, 0.0194521,0.00440772,0.0238598
0.39,0.04 ,0.976024, 0.0194529,0.00452272,0.0239756
0.4,0.04 ,0.975898, 0.0194537,0.00464806,0.0241017
0.41,0.04 ,0.97576, 0.0194545,0.00478523,0.0242397
0.42,0.04 ,0.975609, 0.0194553,0.00493599,0.0243913
0.43,0.04 ,0.975441, 0.0194561,0.00510249,0.0245586
0.44,0.04 ,0.975256, 0.019457,0.00528735,0.0247443
0.45,0.04 ,0.975048, 0.0194578,0.0054938,0.0249516
0.46,0.04 ,0.974815, 0.0194586,0.00572588,0.0251845
0.47,0.04 ,0.974552, 0.0194595,0.00598869,0.0254482
0.48,0.04 ,0.974251, 0.0194603,0.00628874,0.0257491
0.49,0.04 ,0.973904, 0.0194612,0.00663454,0.0260957
0.5,0.04 ,0.973501, 0.0194621,0.00703734,0.0264994
0.51,0.04 ,0.973025, 0.0194629,0.00751234,0.0269753
0.52,0.04 ,0.972456, 0.0194638,0.00808056,0.0275444
0.53,0.04 ,0.971763, 0.0194647,0.00877185,0.0282365
0.54,0.04 ,0.970905, 0.0194655,0.00962981,0.0290954
0.55,0.04 ,0.969813, 0.0194664,0.0107205,0.0301869
0.56,0.04 ,0.968385, 0.0194673,0.0121477,0.031615
0.57,0.04 ,0.966449, 0.0194682,0.0140823,0.0335505
0.58,0.04 ,0.963714, 0.0194691,0.0168173,0.0362865
0.59,0.04 ,0.959658, 0.01947,0.0208722,0.0403422
0.6,0.04 ,0.953375, 0.0194709,0.0271537,0.0466247
0.61,0.04 ,0.943504, 0.0194719,0.0370239,0.0564957
0.62,0.04 ,0.928819, 0.0194728,0.0517079,0.0711807
0.63,0.04 ,0.90951, 0.0194737,0.0710164,0.0904901
0.64,0.04 ,0.887173, 0.0194746,0.0933518,0.112826
0.65,0.04 ,0.863434, 0.0194756,0.117091,0.136566
0.66,0.04 ,0.839312, 0.0194765,0.141211,0.160688
0.67,0.04 ,0.815357, 0.0194775,0.165166,0.184643
0.68,0.04 ,0.791849, 0.0194784,0.188672,0.208151
0.69,0.04 ,0.768932, 0.0194794,0.211589,0.231068
0.7,0.04 ,0.746672, 0.0194803,0.233848,0.253328
0.71,0.04 ,0.725099, 0.0194813,0.25542,0.274901
0.72,0.04 ,0.704218, 0.0194823,0.2763,0.295782
0.73,0.04 ,0.684023, 0.0194833,0.296494,0.315977
0.74,0.04 ,0.6645, 0.0194843,0.316016,0.3355
0.75,0.04 ,0.645631, 0.0194853,0.334884,0.354369
0.76,0.04 ,0.627395, 0.0194863,0.353119,0.372605
0.77,0.04 ,0.609771, 0.0194873,0.370742,0.390229
0.78,0.04 ,0.592736, 0.0194883,0.387776,0.407264
0.79,0.04 ,0.576268, 0.0194893,0.404243,0.423732
0.8,0.04 ,0.560347, 0.0194903,0.420163,0.439653
0.81,0.04 ,0.54495, 0.0194914,0.435558,0.45505
0.82,0.04 ,0.530058, 0.0194924,0.450449,0.469942
0.83,0.04 ,0.515651, 0.0194935,0.464856,0.484349
0.84,0.04 ,0.50171, 0.0194945,0.478796,0.49829
0.85,0.04 ,0.488216, 0.0194956,0.492288,0.511784
0.86,0.04 ,0.475153, 0.0194966,0.50535,0.524847
0.87,0.04 ,0.462504, 0.0194977,0.517998,0.537496
0.88,0.04 ,0.450252, 0.0194988,0.530249,0.549748
0.89,0.04 ,0.438383, 0.0194999,0.542117,0.561617
0.9,0.04 ,0.426882, 0.019501,0.553617,0.573118
0.91,0.04 ,0.415736, 0.0195021,0.564762,0.584264
0.92,0.04 ,0.40493, 0.0195032,0.575567,0.59507
0.93,0.04 ,0.394452, 0.0195043,0.586044,0.605548
0.94,0.04 ,0.38429, 0.0195054,0.596205,0.61571
0.95,0.04 ,0.374432, 0.0195065,0.606061,0.625568
0.96,0.04 ,0.364868, 0.0195077,0.615624,0.635132
0.97,0.04 ,0.355587, 0.0195088,0.624904,0.644413
0.98,0.04 ,0.346578, 0.01951,0.633912,0.653422
0.99,0.04 ,0.337831, 0.0195111,0.642657,0.662169
1,0.04 ,0.329339, 0.0195123,0.651149,0.670661
0,0.05 ,0.977568, 0.0194732,0.00295856,0.0224318
0.01,0.05 ,0.97755, 0.0194739,0.00297653,0.0224504
0.02,0.05 ,0.97753, 0.0194745,0.00299506,0.0224696
0.03,0.05 ,0.977511, 0.0194752,0.00301417,0.0224894
0.04,0.05 ,0.97749, 0.0194759,0.00303389,0.0225098
0.05,0.05 ,0.977469, 0.0194766,0.00305425,0.0225308
0.06,0.05 ,0.977447, 0.0194772,0.0030753,0.0225525
0.07,0.05 ,0.977425, 0.0194779,0.00309706,0.022575
0.08,0.05 ,0.977402, 0.0194786,0.00311957,0.0225982
0.09,0.05 ,0.977378, 0.0194793,0.00314289,0.0226222
0.1,0.05 ,0.977353, 0.01948,0.00316705,0.022647
0.11,0.05 ,0.977327, 0.0194807,0.0031921,0.0226728
0.12,0.05 ,0.977301, 0.0194814,0.00321809,0.0226995
0.13,0.05 ,0.977273, 0.0194821,0.00324509,0.0227272
0.14,0.05 ,0.977244, 0.0194828,0.00327316,0.0227559
0.15,0.05 ,0.977214, 0.0194835,0.00330236,0.0227858
0.16,0.05 ,0.977183, 0.0194842,0.00333276,0.022817
0.17,0.05 ,0.977151, 0.0194849,0.00336446,0.0228494
0.18,0.05 ,0.977117, 0.0194856,0.00339752,0.0228832
0.19,0.05 ,0.977082, 0.0194864,0.00343206,0.0229184
0.2,0.05 ,0.977045, 0.0194871,0.00346818,0.0229553
0.21,0.05 ,0.977006, 0.0194878,0.00350599,0.0229938
0.22,0.05 ,0.976966, 0.0194886,0.00354561,0.0230342
0.23,0.05 ,0.976924, 0.0194893,0.00358719,0.0230765
0.24,0.05 ,0.976879, 0.01949,0.00363088,0.0231209
0.25,0.05 ,0.976832, 0.0194908,0.00367686,0.0231676
0.26,0.05 ,0.976783, 0.0194915,0.0037253,0.0232168
0.27,0.05 ,0.976731, 0.0194923,0.00377644,0.0232687
0.28,0.05 ,0.976676, 0.0194931,0.00383049,0.0233235
0.29,0.05 ,0.976618, 0.0194938,0.00388773,0.0233815
0.3,0.05 ,0.976557, 0.0194946,0.00394846,0.023443
0.31,0.05 ,0.976492, 0.0194954,0.00401301,0.0235084
0.32,0.05 ,0.976422, 0.0194961,0.00408178,0.0235779
0.33,0.05 ,0.976348, 0.0194969,0.00415518,0.0236521
0.34,0.05 ,0.976269, 0.0194977,0.00423373,0.0237314
0.35,0.05 ,0.976184, 0.0194985,0.00431799,0.0238165
0.36,0.05 ,0.976092, 0.0194993,0.00440862,0.0239079
0.37,0.05 ,0.975994, 0.0195001,0.0045064,0.0240065
0.38,0.05 ,0.975887, 0.0195009,0.00461221,0.0241131
0.39,0.05 ,0.975771, 0.0195017,0.00472711,0.0242288
0.4,0.05 ,0.975645, 0.0195025,0.00485233,0.0243548
0.41,0.05 ,0.975507, 0.0195033,0.00498935,0.0244927
0.42,0.05 ,0.975356, 0.0195041,0.00513994,0.0246441
0.43,0.05 ,0.975189, 0.019505,0.00530625,0.0248112
0.44,0.05 ,0.975003, 0.0195058,0.00549087,0.0249967
0.45,0.05 ,0.974796, 0.0195066,0.00569704,0.0252037
0.46,0.05 ,0.974564, 0.0195075,0.00592878,0.0254362
0.47,0.05 ,0.974301, 0.0195083,0.00619116,0.0256995
0.48,0.05 ,0.974, 0.0195092,0.00649069,0.0259998
0.49,0.05 ,0.973654, 0.01951,0.00683583,0.0263458
0.5,0.05 ,0.973251, 0.0195109,0.00723779,0.0267487
0.51,0.05 ,0.972777, 0.0195117,0.00771169,0.0272234
0.52,0.05 ,0.972209, 0.0195126,0.00827847,0.0277911
0.53,0.05 ,0.971519, 0.0195135,0.00896778,0.0284813
0.54,0.05 ,0.970663, 0.0195144,0.00982299,0.0293373
0.55,0.05 ,0.969575, 0.0195152,0.0109097,0.0304249
0.56,0.05 ,0.968153, 0.0195161,0.012331,0.0318471
0.57,0.05 ,0.966227, 0.019517,0.0142562,0.0337732
0.58,0.05 ,0.963506, 0.0195179,0.0169758,0.0364937
0.59,0.05 ,0.959477, 0.0195188,0.0210043,0.0405231
0.6,0.05 ,0.95324, 0.0195197,0.0272403,0.04676
0.61,0.05 ,0.94344, 0.0195207,0.0370388,0.0565594
0.62,0.05 ,0.928843, 0.0195216,0.051635,0.0711566
0.63,0.05 ,0.909609, 0.0195225,0.0708682,0.0903907
0.64,0.05 ,0.887321, 0.0195234,0.0931553,0.112679
0.65,0.05 ,0.863608, 0.0195244,0.116867,0.136392
0.66,0.05 ,0.839501, 0.0195253,0.140973,0.160499
0.67,0.05 ,0.815554, 0.0195263,0.16492,0.184446
0.68,0.05 ,0.79205, 0.0195272,0.188423,0.20795
0.69,0.05 ,0.769133, 0.0195282,0.211339,0.230867
0.7,0.05 ,0.746873, 0.0195291,0.233598,0.253127
0.71,0.05 ,0.725298, 0.0195301,0.255171,0.274702
0.72,0.05 ,0.704416, 0.0195311,0.276053,0.295584
0.73,0.05 ,0.684219, 0.0195321,0.296249,0.315781
0.74,0.05 ,0.664694, 0.0195331,0.315773,0.335306
0.75,0.05 ,0.645822, 0.0195341,0.334644,0.354178
0.76,0.05 ,0.627584, 0.0195351,0.352881,0.372416
0.77,0.05 ,0.609957, 0.0195361,0.370507,0.390043
0.78,0.05 ,0.592919, 0.0195371,0.387544,0.407081
0.79,0.05 ,0.576449, 0.0195381,0.404013,0.423551
0.8,0.05 ,0.560525, 0.0195391,0.419936,0.439475
0.81,0.05 ,0.545125, 0.0195402,0.435334,0.454875
0.82,0.05 ,0.530231, 0.0195412,0.450228,0.469769
0.83,0.05 ,0.515821, 0.0195422,0.464637,0.484179
0.84,0.05 ,0.501877, 0.0195433,0.47858,0.498123
0.85,0.05 ,0.488381, 0.0195443,0.492075,0.511619
0.86,0.05 ,0.475315, 0.0195454,0.505139,0.524685
0.87,0.05 ,0.462664, 0.0195465,0.51779,0.537336
0.88,0.05 ,0.45041, 0.0195476,0.530043,0.54959
0.89,0.05 ,0.438538, 0.0195486,0.541913,0.561462
0.9,0.05 ,0.427035, 0.0195497,0.553415,0.572965
0.91,0.05 ,0.415886, 0.0195508,0.564563,0.584114
0.92,0.05 ,0.405078, 0.0195519,0.575371,0.594922
0.93,0.05 ,0.394597, 0.0195531,0.58585,0.605403
0.94,0.05 ,0.384433, 0.0195542,0.596012,0.615567
0.95,0.05 ,0.374574, 0.0195553,0.605871,0.625426
0.96,0.05 ,0.365007, 0.0195564,0.615436,0.634993
0.97,0.05 ,0.355724, 0.0195576,0.624719,0.644276
0.98,0.05 ,0.346712, 0.0195587,0.633729,0.653288
0.99,0.05 ,0.337964, 0.0195599,0.642476,0.662036
1,0.05 ,0.32947, 0.019561,0.650969,0.67053
0,0.06 ,0.977306, 0.0195224,0.00317152,0.0226939
0.01,0.06 ,0.977287, 0.0195231,0.00318949,0.0227126
0.02,0.06 ,0.977268, 0.0195237,0.00320801,0.0227317
0.03,0.06 ,0.977248, 0.0195244,0.00322711,0.0227515
0.04,0.06 ,0.977228, 0.0195251,0.00324682,0.0227719
0.05,0.06 ,0.977207, 0.0195257,0.00326718,0.0227929
0.06,0.06 ,0.977185, 0.0195264,0.00328822,0.0228146
0.07,0.06 ,0.977163, 0.0195271,0.00330997,0.0228371
0.08,0.06 ,0.97714, 0.0195278,0.00333248,0.0228603
0.09,0.06 ,0.977116, 0.0195285,0.00335579,0.0228842
0.1,0.06 ,0.977091, 0.0195291,0.00337994,0.0229091
0.11,0.06 ,0.977065, 0.0195298,0.00340498,0.0229348
0.12,0.06 ,0.977038, 0.0195305,0.00343096,0.0229615
0.13,0.06 ,0.977011, 0.0195312,0.00345795,0.0229892
0.14,0.06 ,0.976982, 0.0195319,0.00348601,0.023018
0.15,0.06 ,0.976952, 0.0195327,0.0035152,0.0230478
0.16,0.06 ,0.976921, 0.0195334,0.00354559,0.023079
0.17,0.06 ,0.976889, 0.0195341,0.00357727,0.0231114
0.18,0.06 ,0.976855, 0.0195348,0.00361033,0.0231451
0.19,0.06 ,0.97682, 0.0195355,0.00364485,0.0231804
0.2,0.06 ,0.976783, 0.0195362,0.00368095,0.0232172
0.21,0.06 ,0.976744, 0.019537,0.00371874,0.0232557
0.22,0.06 ,0.976704, 0.0195377,0.00375835,0.0232961
0.23,0.06 ,0.976662, 0.0195385,0.00379991,0.0233384
0.24,0.06 ,0.976617, 0.0195392,0.00384358,0.0233828
0.25,0.06 ,0.976571, 0.0195399,0.00388953,0.0234295
0.26,0.06 ,0.976521, 0.0195407,0.00393795,0.0234786
0.27,0.06 ,0.976469, 0.0195414,0.00398906,0.0235305
0.28,0.06 ,0.976415, 0.0195422,0.00404308,0.0235853
0.29,0.06 ,0.976357, 0.019543,0.00410029,0.0236433
0.3,0.06 ,0.976295, 0.0195437,0.00416098,0.0237047
0.31,0.06 ,0.97623, 0.0195445,0.00422549,0.02377
0.32,0.06 ,0.976161, 0.0195453,0.00429421,0.0238395
0.33,0.06 ,0.976086, 0.0195461,0.00436756,0.0239136
0.34,0.06 ,0.976007, 0.0195468,0.00444605,0.0239929
0.35,0.06 ,0.975922, 0.0195476,0.00453025,0.0240779
0.36,0.06 ,0.975831, 0.0195484,0.00462081,0.0241692
0.37,0.06 ,0.975732, 0.0195492,0.0047185,0.0242677
0.38,0.06 ,0.975626, 0.01955,0.00482422,0.0243742
0.39,0.06 ,0.97551, 0.0195508,0.00493901,0.0244898
0.4,0.06 ,0.975384, 0.0195516,0.0050641,0.0246157
0.41,0.06 ,0.975247, 0.0195525,0.00520098,0.0247534
0.42,0.06 ,0.975095, 0.0195533,0.00535139,0.0249047
0.43,0.06 ,0.974928, 0.0195541,0.00551749,0.0250716
0.44,0.06 ,0.974743, 0.0195549,0.00570187,0.0252568
0.45,0.06 ,0.974536, 0.0195558,0.00590775,0.0254635
0.46,0.06 ,0.974304, 0.0195566,0.00613913,0.0256957
0.47,0.06 ,0.974041, 0.0195574,0.00640108,0.0259585
0.48,0.06 ,0.973742, 0.0195583,0.00670008,0.0262584
0.49,0.06 ,0.973396, 0.0195591,0.00704454,0.0266037
0.5,0.06 ,0.972994, 0.01956,0.00744564,0.0270056
0.51,0.06 ,0.972521, 0.0195609,0.00791843,0.0274793
0.52,0.06 ,0.971955, 0.0195617,0.00848372,0.0280455
0.53,0.06 ,0.971266, 0.0195626,0.00917101,0.0287336
0.54,0.06 ,0.970413, 0.0195635,0.0100234,0.0295869
0.55,0.06 ,0.96933, 0.0195644,0.011106,0.0306704
0.56,0.06 ,0.967914, 0.0195653,0.0125212,0.0320864
0.57,0.06 ,0.965997, 0.0195661,0.0144368,0.034003
0.58,0.06 ,0.963292, 0.019567,0.0171407,0.0367078
0.59,0.06 ,0.95929, 0.019568,0.0211422,0.0407102
0.6,0.06 ,0.953099, 0.0195689,0.0273318,0.0469006
0.61,0.06 ,0.943373, 0.0195698,0.0370568,0.0566266
0.62,0.06 ,0.928866, 0.0195707,0.0515627,0.0711334
0.63,0.06 ,0.90971, 0.0195716,0.0707179,0.0902895
0.64,0.06 ,0.887473, 0.0195725,0.0929548,0.112527
0.65,0.06 ,0.863788, 0.0195735,0.116639,0.136212
0.66,0.06 ,0.839696, 0.0195744,0.140729,0.160304
0.67,0.06 ,0.815756, 0.0195754,0.164668,0.184244
0.68,0.06 ,0.792256, 0.0195763,0.188168,0.207744
0.69,0.06 ,0.76934, 0.0195773,0.211082,0.23066
0.7,0.06 ,0.74708, 0.0195782,0.233342,0.25292
0.71,0.06 ,0.725505, 0.0195792,0.254916,0.274495
0.72,0.06 ,0.70462, 0.0195802,0.275799,0.29538
0.73,0.06 ,0.684421, 0.0195812,0.295997,0.315579
0.74,0.06 ,0.664894, 0.0195822,0.315524,0.335106
0.75,0.06 ,0.64602, 0.0195832,0.334397,0.35398
0.76,0.06 ,0.627778, 0.0195842,0.352638,0.372222
0.77,0.06 ,0.610148, 0.0195852,0.370266,0.389852
0.78,0.06 ,0.593108, 0.0195862,0.387306,0.406892
0.79,0.06 ,0.576635, 0.0195872,0.403778,0.423365
0.8,0.06 ,0.560708, 0.0195882,0.419704,0.439292
0.81,0.06 ,0.545306, 0.0195893,0.435105,0.454694
0.82,0.06 ,0.530409, 0.0195903,0.450001,0.469591
0.83,0.06 ,0.515996, 0.0195913,0.464412,0.484004
0.84,0.06 ,0.50205, 0.0195924,0.478358,0.49795
0.85,0.06 ,0.488551, 0.0195934,0.491856,0.511449
0.86,0.06 ,0.475483, 0.0195945,0.504923,0.524517
0.87,0.06 ,0.462828, 0.0195956,0.517576,0.537172
0.88,0.06 ,0.450572, 0.0195967,0.529832,0.549428
0.89,0.06 ,0.438698, 0.0195977,0.541704,0.561302
0.9,0.06 ,0.427192, 0.0195988,0.553209,0.572808
0.91,0.06 ,0.416041, 0.0195999,0.564359,0.583959
0.92,0.06 ,0.40523, 0.019601,0.575169,0.59477
0.93,0.06 ,0.394748, 0.0196021,0.58565,0.605252
0.94,0.06 ,0.384581, 0.0196033,0.595816,0.615419
0.95,0.06 ,0.374719, 0.0196044,0.605676,0.625281
0.96,0.06 ,0.365151, 0.0196055,0.615244,0.634849
0.97,0.06 ,0.355865, 0.0196067,0.624529,0.644135
0.98,0.06 ,0.346851, 0.0196078,0.633541,0.653149
0.99,0.06 ,0.338101, 0.019609,0.64229,0.661899
1,0.06 ,0.329604, 0.0196101,0.650786,0.670396
0,0.07 ,0.977036, 0.0195719,0.0033924,0.0229643
0.01,0.07 ,0.977017, 0.0195726,0.00341035,0.0229829
0.02,0.07 ,0.976998, 0.0195732,0.00342887,0.0230021
0.03,0.07 ,0.976978, 0.0195739,0.00344796,0.0230219
0.04,0.07 ,0.976958, 0.0195746,0.00346767,0.0230422
0.05,0.07 ,0.976937, 0.0195752,0.00348802,0.0230633
0.06,0.07 ,0.976915, 0.0195759,0.00350905,0.023085
0.07,0.07 ,0.976893, 0.0195766,0.0035308,0.0231074
0.08,0.07 ,0.976869, 0.0195773,0.0035533,0.0231306
0.09,0.07 ,0.976845, 0.019578,0.0035766,0.0231546
0.1,0.07 ,0.976821, 0.0195786,0.00360074,0.0231794
0.11,0.07 ,0.976795, 0.0195793,0.00362577,0.0232051
0.12,0.07 ,0.976768, 0.01958,0.00365175,0.0232318
0.13,0.07 ,0.976741, 0.0195807,0.00367872,0.0232595
0.14,0.07 ,0.976712, 0.0195814,0.00370677,0.0232882
0.15,0.07 ,0.976682, 0.0195821,0.00373594,0.0233181
0.16,0.07 ,0.976651, 0.0195829,0.00376633,0.0233492
0.17,0.07 ,0.976618, 0.0195836,0.00379799,0.0233816
0.18,0.07 ,0.976585, 0.0195843,0.00383104,0.0234153
0.19,0.07 ,0.976549, 0.019585,0.00386555,0.0234506
0.2,0.07 ,0.976513, 0.0195857,0.00390163,0.0234874
0.21,0.07 ,0.976474, 0.0195865,0.0039394,0.0235259
0.22,0.07 ,0.976434, 0.0195872,0.00397899,0.0235662
0.23,0.07 ,0.976392, 0.0195879,0.00402053,0.0236085
0.24,0.07 ,0.976347, 0.0195887,0.00406418,0.0236529
0.25,0.07 ,0.9763, 0.0195894,0.00411011,0.0236995
0.26,0.07 ,0.976251, 0.0195902,0.0041585,0.0237487
0.27,0.07 ,0.976199, 0.0195909,0.00420958,0.0238005
0.28,0.07 ,0.976145, 0.0195917,0.00426357,0.0238553
0.29,0.07 ,0.976087, 0.0195924,0.00432074,0.0239132
0.3,0.07 ,0.976025, 0.0195932,0.0043814,0.0239746
0.31,0.07 ,0.97596, 0.019594,0.00444587,0.0240399
0.32,0.07 ,0.975891, 0.0195948,0.00451453,0.0241093
0.33,0.07 ,0.975817, 0.0195955,0.00458783,0.0241834
0.34,0.07 ,0.975737, 0.0195963,0.00466626,0.0242626
0.35,0.07 ,0.975652, 0.0195971,0.00475039,0.0243475
0.36,0.07 ,0.975561, 0.0195979,0.00484088,0.0244388
0.37,0.07 ,0.975463, 0.0195987,0.00493849,0.0245372
0.38,0.07 ,0.975356, 0.0195995,0.00504411,0.0246436
0.39,0.07 ,0.975241, 0.0196003,0.00515878,0.0247591
0.4,0.07 ,0.975115, 0.0196011,0.00528375,0.0248849
0.41,0.07 ,0.974978, 0.0196019,0.00542047,0.0250224
0.42,0.07 ,0.974827, 0.0196027,0.00557071,0.0251735
0.43,0.07 ,0.97466, 0.0196036,0.0057366,0.0253402
0.44,0.07 ,0.974475, 0.0196044,0.00592073,0.0255251
0.45,0.07 ,0.974268, 0.0196052,0.00612631,0.0257315
0.46,0.07 ,0.974037, 0.0196061,0.00635733,0.0259634
0.47,0.07 ,0.973774, 0.0196069,0.00661884,0.0262257
0.48,0.07 ,0.973475, 0.0196078,0.00691728,0.026525
0.49,0.07 ,0.97313, 0.0196086,0.00726105,0.0268697
0.5,0.07 ,0.972729, 0.0196095,0.00766127,0.0272707
0.51,0.07 ,0.972257, 0.0196103,0.00813291,0.0277432
0.52,0.07 ,0.971692, 0.0196112,0.00869667,0.0283079
0.53,0.07 ,0.971006, 0.0196121,0.0093819,0.028994
0.54,0.07 ,0.970156, 0.0196129,0.0102314,0.0298443
0.55,0.07 ,0.969076, 0.0196138,0.0113098,0.0309236
0.56,0.07 ,0.967667, 0.0196147,0.0127188,0.0323335
0.57,0.07 ,0.96576, 0.0196156,0.0146246,0.0342402
0.58,0.07 ,0.963071, 0.0196165,0.0173124,0.0369289
0.59,0.07 ,0.959096, 0.0196174,0.0212864,0.0409038
0.6,0.07 ,0.952953, 0.0196183,0.0274284,0.0470467
0.61,0.07 ,0.943302, 0.0196192,0.0370783,0.0566975
0.62,0.07 ,0.928889, 0.0196201,0.051491,0.0711111
0.63,0.07 ,0.909813, 0.0196211,0.0705654,0.0901865
0.64,0.07 ,0.887628, 0.019622,0.09275,0.112372
0.65,0.07 ,0.863973, 0.0196229,0.116404,0.136027
0.66,0.07 ,0.839897, 0.0196239,0.140479,0.160103
0.67,0.07 ,0.815965, 0.0196248,0.16441,0.184035
0.68,0.07 ,0.792468, 0.0196258,0.187906,0.207532
0.69,0.07 ,0.769554, 0.0196267,0.210819,0.230446
0.7,0.07 ,0.747294, 0.0196277,0.233079,0.252706
0.71,0.07 ,0.725717, 0.0196287,0.254654,0.274283
0.72,0.07 ,0.704831, 0.0196296,0.275539,0.295169
0.73,0.07 ,0.68463, 0.0196306,0.29574,0.31537
0.74,0.07 ,0.6651, 0.0196316,0.315269,0.3349
0.75,0.07 ,0.646223, 0.0196326,0.334144,0.353777
0.76,0.07 ,0.627979, 0.0196336,0.352387,0.372021
0.77,0.07 ,0.610346, 0.0196346,0.370019,0.389654
