Betamv, Betapv,V,Rs,Rv,P
0,0 ,0.971206, 0.0267937,0.002,0.0287937
0.01,0 ,0.971108, 0.0268098,0.00208231,0.0288921
0.02,0 ,0.971006, 0.0268259,0.00216758,0.0289935
0.03,0 ,0.970902, 0.0268423,0.00225597,0.0290982
0.04,0 ,0.970794, 0.0268587,0.00234764,0.0292064
0.05,0 ,0.970682, 0.0268753,0.00244276,0.0293181
0.06,0 ,0.970566, 0.0268921,0.00254151,0.0294336
0.07,0 ,0.970447, 0.026909,0.00264411,0.0295531
0.08,0 ,0.970323, 0.026926,0.00275076,0.0296768
0.09,0 ,0.970195, 0.0269432,0.0028617,0.0298049
0.1,0 ,0.970062, 0.0269606,0.00297717,0.0299377
0.11,0 ,0.969924, 0.0269781,0.00309744,0.0300755
0.12,0 ,0.969781, 0.0269957,0.00322279,0.0302185
0.13,0 ,0.969633, 0.0270136,0.00335355,0.0303671
0.14,0 ,0.969478, 0.0270315,0.00349004,0.0305216
0.15,0 ,0.969318, 0.0270497,0.00363263,0.0306823
0.16,0 ,0.96915, 0.027068,0.00378172,0.0308497
0.17,0 ,0.968976, 0.0270865,0.00393774,0.0310242
0.18,0 ,0.968794, 0.0271051,0.00410116,0.0312063
0.19,0 ,0.968604, 0.0271239,0.0042725,0.0313964
0.2,0 ,0.968405, 0.0271429,0.0044523,0.0315952
0.21,0 ,0.968197, 0.0271621,0.00464119,0.0318033
0.22,0 ,0.967979, 0.0271814,0.00483984,0.0320213
0.23,0 ,0.96775, 0.027201,0.00504899,0.03225
0.24,0 ,0.96751, 0.0272207,0.00526945,0.0324902
0.25,0 ,0.967257, 0.0272406,0.00550213,0.0327427
0.26,0 ,0.966991, 0.0272607,0.00574803,0.0330087
0.27,0 ,0.966711, 0.027281,0.00600826,0.0332893
0.28,0 ,0.966414, 0.0273015,0.00628404,0.0335856
0.29,0 ,0.966101, 0.0273222,0.00657677,0.033899
0.3,0 ,0.965769, 0.0273431,0.00688799,0.0342311
0.31,0 ,0.965416, 0.0273642,0.00721942,0.0345836
0.32,0 ,0.965041, 0.0273855,0.00757303,0.0349585
0.33,0 ,0.964642, 0.027407,0.00795102,0.0353581
0.34,0 ,0.964215, 0.0274288,0.00835591,0.0357847
0.35,0 ,0.963759, 0.0274507,0.00879056,0.0362413
0.36,0 ,0.963269, 0.0274729,0.00925823,0.0367311
0.37,0 ,0.962742, 0.0274953,0.00976268,0.037258
0.38,0 ,0.962174, 0.027518,0.0103082,0.0378262
0.39,0 ,0.961559, 0.0275408,0.0109,0.0384408
0.4,0 ,0.960892, 0.0275639,0.0115437,0.0391076
0.41,0 ,0.960166, 0.0275873,0.0122463,0.0398336
0.42,0 ,0.959373, 0.0276109,0.0130159,0.0406267
0.43,0 ,0.958503, 0.0276347,0.013862,0.0414967
0.44,0 ,0.957545, 0.0276588,0.0147961,0.0424549
0.45,0 ,0.956485, 0.0276831,0.015832,0.0435152
0.46,0 ,0.955306, 0.0277077,0.0169863,0.044694
0.47,0 ,0.953988, 0.0277326,0.0182793,0.0460119
0.48,0 ,0.952507, 0.0277577,0.0197358,0.0474934
0.49,0 ,0.95083, 0.0277831,0.0213865,0.0491696
0.5,0 ,0.948921, 0.0278088,0.0232698,0.0510786
0.51,0 ,0.946732, 0.0278347,0.0254337,0.0532684
0.52,0 ,0.9442, 0.0278609,0.027939,0.0557999
0.53,0 ,0.94125, 0.0278874,0.0308623,0.0587498
0.54,0 ,0.937784, 0.0279143,0.0343013,0.0622156
0.55,0 ,0.933679, 0.0279414,0.0383792,0.0663206
0.56,0 ,0.928781, 0.0279688,0.0432498,0.0712186
0.57,0 ,0.922903, 0.0279965,0.0491005,0.0770969
0.58,0 ,0.915827, 0.0280245,0.056149,0.0841735
0.59,0 ,0.907318, 0.0280528,0.064629,0.0926818
0.6,0 ,0.897161, 0.0280815,0.0747576,0.102839
0.61,0 ,0.885203, 0.0281105,0.0866863,0.114797
0.62,0 ,0.871413, 0.0281398,0.100447,0.128587
0.63,0 ,0.855906, 0.0281694,0.115924,0.144094
0.64,0 ,0.838932, 0.0281994,0.132868,0.161068
0.65,0 ,0.820822, 0.0282297,0.150948,0.179178
0.66,0 ,0.801923, 0.0282604,0.169817,0.198077
0.67,0 ,0.782552, 0.0282914,0.189157,0.217448
0.68,0 ,0.762974, 0.0283228,0.208703,0.237026
0.69,0 ,0.743397, 0.0283545,0.228249,0.256603
0.7,0 ,0.723973, 0.0283866,0.24764,0.276027
0.71,0 ,0.704816, 0.0284191,0.266765,0.295184
0.72,0 ,0.686003, 0.028452,0.285545,0.313997
0.73,0 ,0.66759, 0.0284852,0.303925,0.33241
0.74,0 ,0.649611, 0.0285188,0.32187,0.350389
0.75,0 ,0.632089, 0.0285529,0.339358,0.367911
0.76,0 ,0.615034, 0.0285873,0.356379,0.384966
0.77,0 ,0.598452, 0.0286221,0.372926,0.401548
0.78,0 ,0.582341, 0.0286574,0.389002,0.417659
0.79,0 ,0.566697, 0.028693,0.40461,0.433303
0.8,0 ,0.551513, 0.0287291,0.419758,0.448487
0.81,0 ,0.53678, 0.0287656,0.434455,0.46322
0.82,0 ,0.522487, 0.0288025,0.448711,0.477513
0.83,0 ,0.508622, 0.0288398,0.462538,0.491378
0.84,0 ,0.495174, 0.0288776,0.475949,0.504826
0.85,0 ,0.48213, 0.0289159,0.488954,0.51787
0.86,0 ,0.469478, 0.0289545,0.501567,0.530522
0.87,0 ,0.457206, 0.0289937,0.5138,0.542794
0.88,0 ,0.445302, 0.0290333,0.525665,0.554698
0.89,0 ,0.433753, 0.0290733,0.537174,0.566247
0.9,0 ,0.422548, 0.0291138,0.548339,0.577452
0.91,0 ,0.411674, 0.0291548,0.559171,0.588326
0.92,0 ,0.401122, 0.0291963,0.569681,0.598878
0.93,0 ,0.390881, 0.0292382,0.579881,0.609119
0.94,0 ,0.380938, 0.0292806,0.589781,0.619062
0.95,0 ,0.371286, 0.0293235,0.599391,0.628714
0.96,0 ,0.361913, 0.0293669,0.60872,0.638087
0.97,0 ,0.352811, 0.0294108,0.617778,0.647189
0.98,0 ,0.34397, 0.0294552,0.626575,0.65603
0.99,0 ,0.335381, 0.0295001,0.635119,0.664619
1,0 ,0.327036, 0.0295455,0.643418,0.672964
0,0.01 ,0.970937, 0.0268654,0.00219715,0.0290626
0.01,0.01 ,0.970839, 0.0268815,0.00227943,0.0291609
0.02,0.01 ,0.970738, 0.0268977,0.00236467,0.0292623
0.03,0.01 ,0.970633, 0.026914,0.00245302,0.029367
0.04,0.01 ,0.970525, 0.0269304,0.00254466,0.0294751
0.05,0.01 ,0.970413, 0.026947,0.00263974,0.0295867
0.06,0.01 ,0.970298, 0.0269637,0.00273846,0.0297022
0.07,0.01 ,0.970178, 0.0269806,0.00284102,0.0298216
0.08,0.01 ,0.970055, 0.0269977,0.00294763,0.0299453
0.09,0.01 ,0.969927, 0.0270148,0.00305852,0.0300734
0.1,0.01 ,0.969794, 0.0270322,0.00317394,0.0302061
0.11,0.01 ,0.969656, 0.0270497,0.00329415,0.0303438
0.12,0.01 ,0.969513, 0.0270673,0.00341945,0.0304867
0.13,0.01 ,0.969365, 0.0270851,0.00355015,0.0306352
0.14,0.01 ,0.96921, 0.0271031,0.00368658,0.0307896
0.15,0.01 ,0.96905, 0.0271212,0.0038291,0.0309503
0.16,0.01 ,0.968882, 0.0271395,0.00397812,0.0311176
0.17,0.01 ,0.968708, 0.0271579,0.00413407,0.031292
0.18,0.01 ,0.968526, 0.0271766,0.0042974,0.031474
0.19,0.01 ,0.968336, 0.0271954,0.00446865,0.031664
0.2,0.01 ,0.968137, 0.0272144,0.00464836,0.0318627
0.21,0.01 ,0.967929, 0.0272335,0.00483714,0.0320706
0.22,0.01 ,0.967711, 0.0272528,0.00503568,0.0322885
0.23,0.01 ,0.967483, 0.0272724,0.00524471,0.0325171
0.24,0.01 ,0.967243, 0.0272921,0.00546504,0.0327571
0.25,0.01 ,0.96699, 0.027312,0.00569758,0.0330095
0.26,0.01 ,0.966725, 0.027332,0.00594332,0.0332754
0.27,0.01 ,0.966444, 0.0273523,0.00620337,0.0335557
0.28,0.01 ,0.966148, 0.0273728,0.00647897,0.0338518
0.29,0.01 ,0.965835, 0.0273935,0.00677149,0.034165
0.3,0.01 ,0.965503, 0.0274143,0.00708248,0.0344968
0.31,0.01 ,0.965151, 0.0274354,0.00741366,0.0348491
0.32,0.01 ,0.964776, 0.0274567,0.00776698,0.0352237
0.33,0.01 ,0.964377, 0.0274782,0.00814467,0.0356229
0.34,0.01 ,0.963951, 0.0274999,0.00854921,0.0360492
0.35,0.01 ,0.963495, 0.0275219,0.00898346,0.0365053
0.36,0.01 ,0.963005, 0.027544,0.00945069,0.0369947
0.37,0.01 ,0.962479, 0.0275664,0.00995464,0.0375211
0.38,0.01 ,0.961911, 0.027589,0.0104996,0.0380887
0.39,0.01 ,0.961297, 0.0276119,0.0110907,0.0387026
0.4,0.01 ,0.960631, 0.027635,0.0117337,0.0393687
0.41,0.01 ,0.959906, 0.0276583,0.0124355,0.0400938
0.42,0.01 ,0.959114, 0.0276818,0.0132041,0.0408859
0.43,0.01 ,0.958245, 0.0277056,0.0140491,0.0417547
0.44,0.01 ,0.957288, 0.0277297,0.0149819,0.0427116
0.45,0.01 ,0.95623, 0.027754,0.0160162,0.0437703
0.46,0.01 ,0.955053, 0.0277786,0.0171687,0.0449473
0.47,0.01 ,0.953737, 0.0278034,0.0184595,0.0462629
0.48,0.01 ,0.952258, 0.0278285,0.0199133,0.0477418
0.49,0.01 ,0.950585, 0.0278539,0.0215609,0.0494148
0.5,0.01 ,0.94868, 0.0278795,0.0234403,0.0513198
0.51,0.01 ,0.946495, 0.0279054,0.0255995,0.0535049
0.52,0.01 ,0.94397, 0.0279316,0.0280988,0.0560304
0.53,0.01 ,0.941027, 0.0279581,0.0310147,0.0589729
0.54,0.01 ,0.937571, 0.0279849,0.0344444,0.0624293
0.55,0.01 ,0.933478, 0.028012,0.0385105,0.0665225
0.56,0.01 ,0.928594, 0.0280394,0.0433662,0.0714056
0.57,0.01 ,0.922735, 0.028067,0.0491981,0.0772651
0.58,0.01 ,0.915682, 0.028095,0.0562232,0.0843183
0.59,0.01 ,0.907202, 0.0281233,0.0646749,0.0927982
0.6,0.01 ,0.897078, 0.028152,0.0747705,0.102922
0.61,0.01 ,0.885156, 0.0281809,0.0866627,0.114844
0.62,0.01 ,0.871404, 0.0282102,0.100386,0.128596
0.63,0.01 ,0.855934, 0.0282398,0.115827,0.144066
0.64,0.01 ,0.838993, 0.0282697,0.132737,0.161007
0.65,0.01 ,0.82091, 0.0283,0.15079,0.17909
0.66,0.01 ,0.802034, 0.0283306,0.169636,0.197966
0.67,0.01 ,0.782681, 0.0283616,0.188958,0.217319
0.68,0.01 ,0.763117, 0.028393,0.20849,0.236883
0.69,0.01 ,0.743549, 0.0284247,0.228026,0.256451
0.7,0.01 ,0.724133, 0.0284567,0.24741,0.275867
0.71,0.01 ,0.704981, 0.0284892,0.26653,0.295019
0.72,0.01 ,0.686172, 0.028522,0.285306,0.313828
0.73,0.01 ,0.667762, 0.0285552,0.303683,0.332238
0.74,0.01 ,0.649784, 0.0285888,0.321627,0.350216
0.75,0.01 ,0.632262, 0.0286228,0.339115,0.367738
0.76,0.01 ,0.615208, 0.0286572,0.356135,0.384792
0.77,0.01 ,0.598625, 0.0286919,0.372683,0.401375
0.78,0.01 ,0.582513, 0.0287271,0.38876,0.417487
0.79,0.01 ,0.566869, 0.0287627,0.404369,0.433131
0.8,0.01 ,0.551683, 0.0287988,0.419518,0.448317
0.81,0.01 ,0.536948, 0.0288352,0.434216,0.463052
0.82,0.01 ,0.522653, 0.0288721,0.448474,0.477347
0.83,0.01 ,0.508787, 0.0289094,0.462304,0.491213
0.84,0.01 ,0.495337, 0.0289471,0.475716,0.504663
0.85,0.01 ,0.482291, 0.0289853,0.488723,0.517709
0.86,0.01 ,0.469638, 0.0290239,0.501338,0.530362
0.87,0.01 ,0.457364, 0.029063,0.513573,0.542636
0.88,0.01 ,0.445457, 0.0291025,0.52544,0.554543
0.89,0.01 ,0.433906, 0.0291425,0.536951,0.566094
0.9,0.01 ,0.422699, 0.029183,0.548118,0.577301
0.91,0.01 ,0.411824, 0.0292239,0.558952,0.588176
0.92,0.01 ,0.40127, 0.0292653,0.569465,0.59873
0.93,0.01 ,0.391026, 0.0293072,0.579667,0.608974
0.94,0.01 ,0.381082, 0.0293496,0.589568,0.618918
0.95,0.01 ,0.371427, 0.0293924,0.59918,0.628573
0.96,0.01 ,0.362053, 0.0294357,0.608512,0.637947
0.97,0.01 ,0.352948, 0.0294796,0.617572,0.647052
0.98,0.01 ,0.344105, 0.0295239,0.626371,0.655895
0.99,0.01 ,0.335515, 0.0295687,0.634917,0.664485
1,0.01 ,0.327168, 0.029614,0.643218,0.672832
0,0.02 ,0.970661, 0.0269379,0.00240153,0.0293394
0.01,0.02 ,0.970562, 0.0269539,0.00248377,0.0294377
0.02,0.02 ,0.970461, 0.0269701,0.00256898,0.0295391
0.03,0.02 ,0.970356, 0.0269864,0.0026573,0.0296437
0.04,0.02 ,0.970248, 0.0270028,0.0027489,0.0297517
0.05,0.02 ,0.970137, 0.0270194,0.00284394,0.0298633
0.06,0.02 ,0.970021, 0.0270361,0.00294262,0.0299787
0.07,0.02 ,0.969902, 0.027053,0.00304514,0.0300981
0.08,0.02 ,0.969778, 0.02707,0.0031517,0.0302217
0.09,0.02 ,0.96965, 0.0270872,0.00326254,0.0303497
0.1,0.02 ,0.969518, 0.0271045,0.00337791,0.0304824
0.11,0.02 ,0.96938, 0.0271219,0.00349808,0.03062
0.12,0.02 ,0.969237, 0.0271396,0.00362332,0.0307629
0.13,0.02 ,0.969089, 0.0271574,0.00375395,0.0309113
0.14,0.02 ,0.968934, 0.0271753,0.00389032,0.0310656
0.15,0.02 ,0.968774, 0.0271934,0.00403278,0.0312262
0.16,0.02 ,0.968607, 0.0272117,0.00418172,0.0313934
0.17,0.02 ,0.968432, 0.0272301,0.00433759,0.0315677
0.18,0.02 ,0.96825, 0.0272487,0.00450084,0.0317496
0.19,0.02 ,0.96806, 0.0272675,0.00467199,0.0319395
0.2,0.02 ,0.967862, 0.0272865,0.0048516,0.0321381
0.21,0.02 ,0.967654, 0.0273056,0.00504028,0.0323459
0.22,0.02 ,0.967436, 0.0273249,0.0052387,0.0325636
0.23,0.02 ,0.967208, 0.0273444,0.0054476,0.0327921
0.24,0.02 ,0.966968, 0.0273641,0.0056678,0.0330319
0.25,0.02 ,0.966716, 0.027384,0.00590019,0.0332842
0.26,0.02 ,0.96645, 0.0274041,0.00614577,0.0335498
0.27,0.02 ,0.96617, 0.0274243,0.00640565,0.03383
0.28,0.02 ,0.965874, 0.0274448,0.00668105,0.0341258
0.29,0.02 ,0.965561, 0.0274654,0.00697336,0.0344388
0.3,0.02 ,0.96523, 0.0274863,0.00728411,0.0347704
0.31,0.02 ,0.964878, 0.0275074,0.00761503,0.0351224
0.32,0.02 ,0.964503, 0.0275286,0.00796807,0.0354967
0.33,0.02 ,0.964104, 0.0275501,0.00834543,0.0358955
0.34,0.02 ,0.963679, 0.0275718,0.00874962,0.0363214
0.35,0.02 ,0.963223, 0.0275937,0.00918347,0.0367772
0.36,0.02 ,0.962734, 0.0276159,0.00965025,0.0372661
0.37,0.02 ,0.962208, 0.0276382,0.0101537,0.0377919
0.38,0.02 ,0.961641, 0.0276608,0.0106981,0.0383589
0.39,0.02 ,0.961028, 0.0276836,0.0112885,0.0389722
0.4,0.02 ,0.960363, 0.0277067,0.0119308,0.0396375
0.41,0.02 ,0.959638, 0.02773,0.0126317,0.0403617
0.42,0.02 ,0.958847, 0.0277535,0.0133993,0.0411528
0.43,0.02 ,0.95798, 0.0277773,0.0142431,0.0420204
0.44,0.02 ,0.957024, 0.0278013,0.0151746,0.0429759
0.45,0.02 ,0.955967, 0.0278256,0.0162074,0.044033
0.46,0.02 ,0.954792, 0.0278502,0.0173579,0.0452081
0.47,0.02 ,0.953479, 0.027875,0.0186465,0.0465214
0.48,0.02 ,0.952002, 0.0279,0.0200976,0.0479976
0.49,0.02 ,0.950333, 0.0279254,0.0217419,0.0496673
0.5,0.02 ,0.948432, 0.027951,0.0236174,0.0515684
0.51,0.02 ,0.946251, 0.0279769,0.0257717,0.0537485
0.52,0.02 ,0.943732, 0.0280031,0.0282649,0.056268
0.53,0.02 ,0.940797, 0.0280295,0.0311733,0.0592028
0.54,0.02 ,0.93735, 0.0280563,0.0345934,0.0626497
0.55,0.02 ,0.933269, 0.0280833,0.0386475,0.0667308
0.56,0.02 ,0.928401, 0.0281107,0.0434879,0.0715985
0.57,0.02 ,0.922561, 0.0281383,0.0493005,0.0774388
0.58,0.02 ,0.915532, 0.0281663,0.0563017,0.084468
0.59,0.02 ,0.907081, 0.0281945,0.0647244,0.0929189
0.6,0.02 ,0.896991, 0.0282231,0.0747861,0.103009
0.61,0.02 ,0.885107, 0.028252,0.0866408,0.114893
0.62,0.02 ,0.871394, 0.0282813,0.100325,0.128606
0.63,0.02 ,0.855961, 0.0283108,0.115728,0.144039
0.64,0.02 ,0.839054, 0.0283407,0.132605,0.160946
0.65,0.02 ,0.821, 0.028371,0.150629,0.179
0.66,0.02 ,0.802147, 0.0284016,0.169451,0.197853
0.67,0.02 ,0.782812, 0.0284325,0.188755,0.217188
0.68,0.02 ,0.763263, 0.0284638,0.208274,0.236737
0.69,0.02 ,0.743705, 0.0284955,0.227799,0.256295
0.7,0.02 ,0.724297, 0.0285275,0.247175,0.275703
0.71,0.02 ,0.705151, 0.0285599,0.26629,0.294849
0.72,0.02 ,0.686346, 0.0285927,0.285061,0.313654
0.73,0.02 ,0.667938, 0.0286259,0.303436,0.332062
0.74,0.02 ,0.649962, 0.0286594,0.321379,0.350038
0.75,0.02 ,0.632441, 0.0286934,0.338866,0.367559
0.76,0.02 ,0.615386, 0.0287277,0.355886,0.384614
0.77,0.02 ,0.598803, 0.0287624,0.372435,0.401197
0.78,0.02 ,0.58269, 0.0287976,0.388512,0.41731
0.79,0.02 ,0.567045, 0.0288331,0.404122,0.432955
0.8,0.02 ,0.551858, 0.0288691,0.419273,0.448142
0.81,0.02 ,0.537122, 0.0289055,0.433973,0.462878
0.82,0.02 ,0.522825, 0.0289423,0.448233,0.477175
0.83,0.02 ,0.508957, 0.0289796,0.462064,0.491043
0.84,0.02 ,0.495505, 0.0290173,0.475478,0.504495
0.85,0.02 ,0.482458, 0.0290554,0.488487,0.517542
0.86,0.02 ,0.469802, 0.029094,0.501104,0.530198
0.87,0.02 ,0.457526, 0.029133,0.513341,0.542474
0.88,0.02 ,0.445617, 0.0291725,0.52521,0.554383
0.89,0.02 ,0.434064, 0.0292124,0.536723,0.565936
0.9,0.02 ,0.422855, 0.0292529,0.547892,0.577145
0.91,0.02 ,0.411978, 0.0292937,0.558729,0.588022
0.92,0.02 ,0.401422, 0.0293351,0.569243,0.598578
0.93,0.02 ,0.391176, 0.0293769,0.579447,0.608824
0.94,0.02 ,0.381229, 0.0294192,0.589351,0.618771
0.95,0.02 ,0.371573, 0.029462,0.598965,0.628427
0.96,0.02 ,0.362196, 0.0295052,0.608299,0.637804
0.97,0.02 ,0.35309, 0.029549,0.617361,0.64691
0.98,0.02 ,0.344245, 0.0295933,0.626162,0.655755
0.99,0.02 ,0.335652, 0.029638,0.63471,0.664348
1,0.02 ,0.327303, 0.0296833,0.643013,0.672697
0,0.03 ,0.970375, 0.0270111,0.00261348,0.0296246
0.01,0.03 ,0.970277, 0.0270271,0.0026957,0.0297228
0.02,0.03 ,0.970176, 0.0270432,0.00278087,0.0298241
0.03,0.03 ,0.970071, 0.0270595,0.00286915,0.0299287
0.04,0.03 ,0.969963, 0.0270759,0.00296071,0.0300366
0.05,0.03 ,0.969852, 0.0270925,0.00305571,0.0301482
0.06,0.03 ,0.969736, 0.0271092,0.00315435,0.0302636
0.07,0.03 ,0.969617, 0.0271261,0.00325682,0.0303829
0.08,0.03 ,0.969494, 0.0271431,0.00336334,0.0305064
0.09,0.03 ,0.969366, 0.0271602,0.00347413,0.0306343
0.1,0.03 ,0.969233, 0.0271775,0.00358945,0.030767
0.11,0.03 ,0.969095, 0.027195,0.00370956,0.0309045
0.12,0.03 ,0.968953, 0.0272126,0.00383474,0.0310473
0.13,0.03 ,0.968804, 0.0272303,0.00396531,0.0311957
0.14,0.03 ,0.96865, 0.0272483,0.00410161,0.0313499
0.15,0.03 ,0.96849, 0.0272664,0.004244,0.0315104
0.16,0.03 ,0.968323, 0.0272846,0.00439287,0.0316775
0.17,0.03 ,0.968148, 0.027303,0.00454865,0.0318517
0.18,0.03 ,0.967967, 0.0273216,0.00471182,0.0320335
0.19,0.03 ,0.967777, 0.0273404,0.00488287,0.0322233
0.2,0.03 ,0.967578, 0.0273594,0.00506238,0.0324217
0.21,0.03 ,0.967371, 0.0273785,0.00525095,0.0326294
0.22,0.03 ,0.967153, 0.0273978,0.00544925,0.032847
0.23,0.03 ,0.966925, 0.0274173,0.00565803,0.0330753
0.24,0.03 ,0.966685, 0.0274369,0.00587808,0.033315
0.25,0.03 ,0.966433, 0.0274568,0.00611032,0.0335671
0.26,0.03 ,0.966167, 0.0274768,0.00635574,0.0338326
0.27,0.03 ,0.965888, 0.0274971,0.00661543,0.0341125
0.28,0.03 ,0.965592, 0.0275175,0.00689064,0.0344081
0.29,0.03 ,0.965279, 0.0275381,0.00718273,0.0347209
0.3,0.03 ,0.964948, 0.027559,0.00749324,0.0350522
0.31,0.03 ,0.964596, 0.02758,0.00782389,0.0354039
0.32,0.03 ,0.964222, 0.0276013,0.00817664,0.0357779
0.33,0.03 ,0.963824, 0.0276227,0.00855367,0.0361764
0.34,0.03 ,0.963398, 0.0276444,0.00895748,0.0366019
0.35,0.03 ,0.962943, 0.0276663,0.00939092,0.0370572
0.36,0.03 ,0.962454, 0.0276884,0.00985724,0.0375456
0.37,0.03 ,0.961929, 0.0277107,0.0103602,0.0380709
0.38,0.03 ,0.961363, 0.0277333,0.010904,0.0386373
0.39,0.03 ,0.96075, 0.0277561,0.0114937,0.0392498
0.4,0.03 ,0.960086, 0.0277791,0.0121352,0.0399143
0.41,0.03 ,0.959362, 0.0278024,0.0128352,0.0406376
0.42,0.03 ,0.958572, 0.0278259,0.0136018,0.0414277
0.43,0.03 ,0.957706, 0.0278497,0.0144445,0.0422941
0.44,0.03 ,0.956752, 0.0278737,0.0153745,0.0432482
0.45,0.03 ,0.955696, 0.0278979,0.0164057,0.0443036
0.46,0.03 ,0.954523, 0.0279225,0.0175543,0.0454768
0.47,0.03 ,0.953212, 0.0279472,0.0188406,0.0467878
0.48,0.03 ,0.951739, 0.0279723,0.020289,0.0482612
0.49,0.03 ,0.950072, 0.0279976,0.0219299,0.0499275
0.5,0.03 ,0.948175, 0.0280232,0.0238013,0.0518245
0.51,0.03 ,0.946, 0.028049,0.0259506,0.0539997
0.52,0.03 ,0.943487, 0.0280752,0.0284376,0.0565128
0.53,0.03 ,0.94056, 0.0281016,0.0313383,0.0594399
0.54,0.03 ,0.937123, 0.0281283,0.0347487,0.062877
0.55,0.03 ,0.933054, 0.0281553,0.0387903,0.0669457
0.56,0.03 ,0.928202, 0.0281827,0.0436151,0.0717978
0.57,0.03 ,0.922382, 0.0282103,0.0494081,0.0776183
0.58,0.03 ,0.915377, 0.0282382,0.0563848,0.084623
0.59,0.03 ,0.906956, 0.0282664,0.0647776,0.0930441
0.6,0.03 ,0.8969, 0.028295,0.0748046,0.1031
0.61,0.03 ,0.885055, 0.0283239,0.0866207,0.114945
0.62,0.03 ,0.871382, 0.0283531,0.100265,0.128618
0.63,0.03 ,0.855988, 0.0283826,0.11563,0.144012
0.64,0.03 ,0.839116, 0.0284125,0.132472,0.160884
0.65,0.03 ,0.821092, 0.0284427,0.150465,0.178908
0.66,0.03 ,0.802263, 0.0284732,0.169264,0.197737
0.67,0.03 ,0.782948, 0.0285042,0.188548,0.217052
0.68,0.03 ,0.763412, 0.0285354,0.208052,0.236588
0.69,0.03 ,0.743866, 0.028567,0.227567,0.256134
0.7,0.03 ,0.724466, 0.028599,0.246935,0.275534
0.71,0.03 ,0.705325, 0.0286314,0.266044,0.294675
0.72,0.03 ,0.686524, 0.0286641,0.284812,0.313476
0.73,0.03 ,0.668119, 0.0286973,0.303184,0.331881
0.74,0.03 ,0.650144, 0.0287308,0.321125,0.349856
0.75,0.03 ,0.632624, 0.0287647,0.338611,0.367376
0.76,0.03 ,0.615569, 0.0287989,0.355632,0.384431
0.77,0.03 ,0.598986, 0.0288336,0.372181,0.401014
0.78,0.03 ,0.582873, 0.0288687,0.388259,0.417127
0.79,0.03 ,0.567226, 0.0289043,0.40387,0.432774
0.8,0.03 ,0.552038, 0.0289402,0.419022,0.447962
0.81,0.03 ,0.5373, 0.0289765,0.433723,0.4627
0.82,0.03 ,0.523002, 0.0290133,0.447985,0.476998
0.83,0.03 ,0.509132, 0.0290505,0.461818,0.490868
0.84,0.03 ,0.495678, 0.0290881,0.475234,0.504322
0.85,0.03 ,0.482628, 0.0291262,0.488245,0.517372
0.86,0.03 ,0.469971, 0.0291647,0.500864,0.530029
0.87,0.03 ,0.457693, 0.0292037,0.513104,0.542307
0.88,0.03 ,0.445782, 0.0292431,0.524975,0.554218
0.89,0.03 ,0.434227, 0.029283,0.53649,0.565773
0.9,0.03 ,0.423015, 0.0293234,0.547661,0.576985
0.91,0.03 ,0.412136, 0.0293642,0.5585,0.587864
0.92,0.03 ,0.401578, 0.0294055,0.569017,0.598422
0.93,0.03 ,0.39133, 0.0294472,0.579223,0.60867
0.94,0.03 ,0.381381, 0.0294895,0.589129,0.618619
0.95,0.03 ,0.371723, 0.0295322,0.598745,0.628277
0.96,0.03 ,0.362344, 0.0295754,0.608081,0.637656
0.97,0.03 ,0.353235, 0.0296191,0.617146,0.646765
0.98,0.03 ,0.344388, 0.0296633,0.625949,0.655612
0.99,0.03 ,0.335793, 0.029708,0.634499,0.664207
1,0.03 ,0.327443, 0.0297532,0.642804,0.672557
0,0.04 ,0.970082, 0.027085,0.00283338,0.0299184
0.01,0.04 ,0.969983, 0.027101,0.00291556,0.0300165
0.02,0.04 ,0.969882, 0.0271171,0.0030007,0.0301178
0.03,0.04 ,0.969778, 0.0271334,0.00308895,0.0302223
0.04,0.04 ,0.96967, 0.0271498,0.00318046,0.0303302
0.05,0.04 ,0.969558, 0.0271663,0.00327543,0.0304418
0.06,0.04 ,0.969443, 0.027183,0.00337402,0.030557
0.07,0.04 ,0.969324, 0.0271999,0.00347644,0.0306763
0.08,0.04 ,0.9692, 0.0272168,0.00358291,0.0307998
0.09,0.04 ,0.969072, 0.027234,0.00369365,0.0309276
0.1,0.04 ,0.96894, 0.0272513,0.00380892,0.0310602
0.11,0.04 ,0.968802, 0.0272687,0.00392897,0.0311977
0.12,0.04 ,0.96866, 0.0272863,0.00405409,0.0313404
0.13,0.04 ,0.968511, 0.0273041,0.0041846,0.0314887
0.14,0.04 ,0.968357, 0.027322,0.00432083,0.0316428
0.15,0.04 ,0.968197, 0.02734,0.00446314,0.0318032
0.16,0.04 ,0.96803, 0.0273583,0.00461193,0.0319702
0.17,0.04 ,0.967856, 0.0273767,0.00476763,0.0321443
0.18,0.04 ,0.967674, 0.0273953,0.0049307,0.032326
0.19,0.04 ,0.967484, 0.027414,0.00510166,0.0325157
0.2,0.04 ,0.967286, 0.0274329,0.00528107,0.032714
0.21,0.04 ,0.967078, 0.027452,0.00546952,0.0329216
0.22,0.04 ,0.966861, 0.0274713,0.0056677,0.033139
0.23,0.04 ,0.966633, 0.0274908,0.00587634,0.0333671
0.24,0.04 ,0.966393, 0.0275104,0.00609626,0.0336067
0.25,0.04 ,0.966141, 0.0275303,0.00632834,0.0338586
0.26,0.04 ,0.965876, 0.0275503,0.00657358,0.0341239
0.27,0.04 ,0.965596, 0.0275705,0.00683309,0.0344036
0.28,0.04 ,0.965301, 0.0275909,0.0071081,0.034699
0.29,0.04 ,0.964988, 0.0276115,0.00739996,0.0350115
0.3,0.04 ,0.964657, 0.0276324,0.00771022,0.0353426
0.31,0.04 ,0.964306, 0.0276534,0.0080406,0.035694
0.32,0.04 ,0.963932, 0.0276746,0.00839304,0.0360676
0.33,0.04 ,0.963534, 0.027696,0.00876974,0.0364658
0.34,0.04 ,0.963109, 0.0277177,0.00917317,0.0368909
0.35,0.04 ,0.962654, 0.0277396,0.00960619,0.0373458
0.36,0.04 ,0.962166, 0.0277617,0.010072,0.0378337
0.37,0.04 ,0.961642, 0.027784,0.0105744,0.0383584
0.38,0.04 ,0.961076, 0.0278065,0.0111177,0.0389242
0.39,0.04 ,0.960464, 0.0278293,0.0117067,0.039536
0.4,0.04 ,0.9598, 0.0278523,0.0123474,0.0401997
0.41,0.04 ,0.959078, 0.0278755,0.0130465,0.040922
0.42,0.04 ,0.958289, 0.027899,0.013812,0.0417111
0.43,0.04 ,0.957424, 0.0279228,0.0146535,0.0425762
0.44,0.04 ,0.956471, 0.0279467,0.0155821,0.0435289
0.45,0.04 ,0.955417, 0.027971,0.0166116,0.0445826
0.46,0.04 ,0.954246, 0.0279955,0.0177583,0.0457538
0.47,0.04 ,0.952938, 0.0280202,0.0190422,0.0470624
0.48,0.04 ,0.951467, 0.0280452,0.0204877,0.048533
0.49,0.04 ,0.949804, 0.0280705,0.0221253,0.0501958
0.5,0.04 ,0.947911, 0.0280961,0.0239925,0.0520886
0.51,0.04 ,0.945741, 0.0281219,0.0261367,0.0542586
0.52,0.04 ,0.943235, 0.028148,0.0286174,0.0567654
0.53,0.04 ,0.940316, 0.0281744,0.03151,0.0596845
0.54,0.04 ,0.936888, 0.0282011,0.0349104,0.0631115
0.55,0.04 ,0.932832, 0.0282281,0.0389395,0.0671676
0.56,0.04 ,0.927996, 0.0282554,0.0437482,0.0720036
0.57,0.04 ,0.922196, 0.028283,0.049521,0.0778039
0.58,0.04 ,0.915217, 0.0283108,0.0564726,0.0847834
0.59,0.04 ,0.906826, 0.0283391,0.0648349,0.0931739
0.6,0.04 ,0.896806, 0.0283676,0.0748261,0.103194
0.61,0.04 ,0.885001, 0.0283964,0.0866026,0.114999
0.62,0.04 ,0.871369, 0.0284256,0.100206,0.128631
0.63,0.04 ,0.856015, 0.0284551,0.11553,0.143985
0.64,0.04 ,0.839179, 0.0284849,0.132336,0.160821
0.65,0.04 ,0.821186, 0.0285151,0.150299,0.178814
0.66,0.04 ,0.802382, 0.0285456,0.169073,0.197618
0.67,0.04 ,0.783086, 0.0285765,0.188338,0.216914
0.68,0.04 ,0.763566, 0.0286077,0.207827,0.236434
0.69,0.04 ,0.744031, 0.0286393,0.22733,0.255969
0.7,0.04 ,0.724639, 0.0286712,0.24669,0.275361
0.71,0.04 ,0.705504, 0.0287036,0.265792,0.294496
0.72,0.04 ,0.686708, 0.0287363,0.284556,0.313292
0.73,0.04 ,0.668305, 0.0287693,0.302926,0.331695
0.74,0.04 ,0.650332, 0.0288028,0.320865,0.349668
0.75,0.04 ,0.632812, 0.0288366,0.338351,0.367188
0.76,0.04 ,0.615758, 0.0288709,0.355371,0.384242
0.77,0.04 ,0.599174, 0.0289055,0.37192,0.400826
0.78,0.04 ,0.58306, 0.0289406,0.387999,0.41694
0.79,0.04 ,0.567412, 0.0289761,0.403612,0.432588
0.8,0.04 ,0.552223, 0.0290119,0.418765,0.447777
0.81,0.04 ,0.537483, 0.0290482,0.433468,0.462517
0.82,0.04 ,0.523183, 0.029085,0.447732,0.476817
0.83,0.04 ,0.509311, 0.0291221,0.461567,0.490689
0.84,0.04 ,0.495856, 0.0291597,0.474985,0.504144
0.85,0.04 ,0.482804, 0.0291977,0.487998,0.517196
0.86,0.04 ,0.470144, 0.0292362,0.500619,0.529856
0.87,0.04 ,0.457864, 0.0292751,0.512861,0.542136
0.88,0.04 ,0.445952, 0.0293145,0.524734,0.554048
0.89,0.04 ,0.434394, 0.0293543,0.536252,0.565606
0.9,0.04 ,0.42318, 0.0293946,0.547425,0.57682
0.91,0.04 ,0.412299, 0.0294354,0.558266,0.587701
0.92,0.04 ,0.401738, 0.0294766,0.568785,0.598262
0.93,0.04 ,0.391488, 0.0295183,0.578994,0.608512
0.94,0.04 ,0.381538, 0.0295605,0.588902,0.618462
0.95,0.04 ,0.371877, 0.0296031,0.59852,0.628123
0.96,0.04 ,0.362496, 0.0296463,0.607858,0.637504
0.97,0.04 ,0.353385, 0.0296899,0.616925,0.646615
0.98,0.04 ,0.344536, 0.0297341,0.62573,0.655464
0.99,0.04 ,0.335939, 0.0297787,0.634282,0.664061
1,0.04 ,0.327586, 0.0298238,0.64259,0.672414
0,0.05 ,0.969779, 0.0271596,0.00306163,0.0302213
0.01,0.05 ,0.969681, 0.0271756,0.00314377,0.0303194
0.02,0.05 ,0.969579, 0.0271917,0.00322887,0.0304206
0.03,0.05 ,0.969475, 0.027208,0.00331708,0.0305251
0.04,0.05 ,0.969367, 0.0272244,0.00340855,0.0306329
0.05,0.05 ,0.969256, 0.0272409,0.00350347,0.0307444
0.06,0.05 ,0.96914, 0.0272576,0.00360202,0.0308596
0.07,0.05 ,0.969021, 0.0272744,0.0037044,0.0309788
0.08,0.05 ,0.968898, 0.0272914,0.00381081,0.0311022
0.09,0.05 ,0.96877, 0.0273085,0.0039215,0.03123
0.1,0.05 ,0.968638, 0.0273258,0.00403671,0.0313625
0.11,0.05 ,0.9685, 0.0273432,0.0041567,0.0314999
0.12,0.05 ,0.968357, 0.0273608,0.00428176,0.0316425
0.13,0.05 ,0.968209, 0.0273785,0.0044122,0.0317907
0.14,0.05 ,0.968055, 0.0273964,0.00454835,0.0319448
0.15,0.05 ,0.967895, 0.0274145,0.00469059,0.0321051
0.16,0.05 ,0.967728, 0.0274327,0.0048393,0.032272
0.17,0.05 ,0.967554, 0.0274511,0.00499491,0.032446
0.18,0.05 ,0.967372, 0.0274696,0.00515789,0.0326275
0.19,0.05 ,0.967183, 0.0274884,0.00532875,0.0328171
0.2,0.05 ,0.966985, 0.0275073,0.00550805,0.0330153
0.21,0.05 ,0.966777, 0.0275264,0.00569639,0.0332227
0.22,0.05 ,0.96656, 0.0275456,0.00589444,0.0334401
0.23,0.05 ,0.966332, 0.0275651,0.00610295,0.033668
0.24,0.05 ,0.966093, 0.0275847,0.00632271,0.0339074
0.25,0.05 ,0.965841, 0.0276045,0.00655463,0.0341591
0.26,0.05 ,0.965576, 0.0276245,0.0067997,0.0344242
0.27,0.05 ,0.965296, 0.0276447,0.00705902,0.0347037
0.28,0.05 ,0.965001, 0.0276651,0.00733381,0.0349989
0.29,0.05 ,0.964689, 0.0276857,0.00762544,0.0353111
0.3,0.05 ,0.964358, 0.0277065,0.00793545,0.0356419
0.31,0.05 ,0.964007, 0.0277275,0.00826555,0.035993
0.32,0.05 ,0.963634, 0.0277487,0.00861768,0.0363664
0.33,0.05 ,0.963236, 0.0277701,0.00899403,0.0367641
0.34,0.05 ,0.962811, 0.0277917,0.00939708,0.0371888
0.35,0.05 ,0.962357, 0.0278136,0.00982966,0.0376433
0.36,0.05 ,0.961869, 0.0278357,0.010295,0.0381307
0.37,0.05 ,0.961345, 0.027858,0.0107969,0.0386548
0.38,0.05 ,0.96078, 0.0278805,0.0113395,0.0392199
0.39,0.05 ,0.960169, 0.0279032,0.0119278,0.039831
0.4,0.05 ,0.959506, 0.0279262,0.0125677,0.0404939
0.41,0.05 ,0.958785, 0.0279494,0.0132659,0.0412153
0.42,0.05 ,0.957997, 0.0279729,0.0140303,0.0420032
0.43,0.05 ,0.957133, 0.0279966,0.0148705,0.0428671
0.44,0.05 ,0.956182, 0.0280205,0.0157977,0.0438183
0.45,0.05 ,0.95513, 0.0280448,0.0168255,0.0448702
0.46,0.05 ,0.953961, 0.0280692,0.0179702,0.0460394
0.47,0.05 ,0.952654, 0.0280939,0.0192516,0.0473456
0.48,0.05 ,0.951187, 0.0281189,0.0206943,0.0488132
0.49,0.05 ,0.949527, 0.0281442,0.0223284,0.0504725
0.5,0.05 ,0.947639, 0.0281697,0.0241913,0.052361
0.51,0.05 ,0.945474, 0.0281955,0.0263302,0.0545257
0.52,0.05 ,0.942974, 0.0282216,0.0288044,0.057026
0.53,0.05 ,0.940063, 0.028248,0.0316889,0.0599369
0.54,0.05 ,0.936646, 0.0282746,0.0350791,0.0633537
0.55,0.05 ,0.932603, 0.0283016,0.0390952,0.0673967
0.56,0.05 ,0.927784, 0.0283288,0.0438875,0.0722163
0.57,0.05 ,0.922004, 0.0283564,0.0496396,0.0779959
0.58,0.05 ,0.91505, 0.0283842,0.0565654,0.0849496
0.59,0.05 ,0.906691, 0.0284124,0.0648964,0.0933088
0.6,0.05 ,0.896708, 0.0284409,0.074851,0.103292
0.61,0.05 ,0.884944, 0.0284697,0.0865867,0.115056
0.62,0.05 ,0.871354, 0.0284988,0.100147,0.128646
0.63,0.05 ,0.856041, 0.0285283,0.115431,0.143959
0.64,0.05 ,0.839242, 0.0285581,0.1322,0.160758
0.65,0.05 ,0.821281, 0.0285882,0.150131,0.178719
0.66,0.05 ,0.802503, 0.0286187,0.168878,0.197497
0.67,0.05 ,0.783228, 0.0286495,0.188123,0.216772
0.68,0.05 ,0.763723, 0.0286807,0.207596,0.236277
0.69,0.05 ,0.7442, 0.0287123,0.227088,0.2558
0.7,0.05 ,0.724817, 0.0287442,0.246439,0.275183
0.71,0.05 ,0.705688, 0.0287764,0.265535,0.294312
0.72,0.05 ,0.686896, 0.0288091,0.284295,0.313104
0.73,0.05 ,0.668496, 0.0288421,0.302662,0.331504
0.74,0.05 ,0.650525, 0.0288755,0.320599,0.349475
0.75,0.05 ,0.633006, 0.0289093,0.338084,0.366994
0.76,0.05 ,0.615952, 0.0289435,0.355104,0.384048
0.77,0.05 ,0.599368, 0.0289782,0.371654,0.400632
0.78,0.05 ,0.583253, 0.0290132,0.387734,0.416747
0.79,0.05 ,0.567604, 0.0290486,0.403347,0.432396
0.8,0.05 ,0.552413, 0.0290844,0.418502,0.447587
0.81,0.05 ,0.537672, 0.0291206,0.433207,0.462328
0.82,0.05 ,0.52337, 0.0291573,0.447472,0.47663
0.83,0.05 ,0.509496, 0.0291944,0.461309,0.490504
0.84,0.05 ,0.496039, 0.029232,0.474729,0.503961
0.85,0.05 ,0.482985, 0.0292699,0.487745,0.517015
0.86,0.05 ,0.470323, 0.0293083,0.500368,0.529677
0.87,0.05 ,0.458041, 0.0293472,0.512612,0.541959
0.88,0.05 ,0.446126, 0.0293865,0.524488,0.553874
0.89,0.05 ,0.434566, 0.0294263,0.536007,0.565434
0.9,0.05 ,0.42335, 0.0294665,0.547183,0.57665
0.91,0.05 ,0.412466, 0.0295072,0.558026,0.587534
0.92,0.05 ,0.401904, 0.0295484,0.568548,0.598096
0.93,0.05 ,0.391651, 0.02959,0.578759,0.608349
0.94,0.05 ,0.381698, 0.0296322,0.58867,0.618302
0.95,0.05 ,0.372035, 0.0296748,0.59829,0.627965
0.96,0.05 ,0.362652, 0.0297178,0.60763,0.637348
0.97,0.05 ,0.353539, 0.0297614,0.616699,0.646461
0.98,0.05 ,0.344688, 0.0298055,0.625507,0.655312
0.99,0.05 ,0.336089, 0.0298501,0.634061,0.663911
1,0.05 ,0.327734, 0.0298951,0.642371,0.672266
0,0.06 ,0.969466, 0.0272351,0.00329863,0.0305337
0.01,0.06 ,0.969368, 0.027251,0.00338074,0.0306318
0.02,0.06 ,0.969267, 0.0272671,0.0034658,0.0307329
0.03,0.06 ,0.969163, 0.0272834,0.00355396,0.0308373
0.04,0.06 ,0.969055, 0.0272997,0.0036454,0.0309451
0.05,0.06 ,0.968943, 0.0273163,0.00374027,0.0310565
0.06,0.06 ,0.968828, 0.0273329,0.00383877,0.0311717
0.07,0.06 ,0.968709, 0.0273497,0.0039411,0.0312908
0.08,0.06 ,0.968586, 0.0273667,0.00404746,0.0314141
0.09,0.06 ,0.968458, 0.0273838,0.00415809,0.0315419
0.1,0.06 ,0.968326, 0.027401,0.00427324,0.0316743
0.11,0.06 ,0.968188, 0.0274184,0.00439317,0.0318116
0.12,0.06 ,0.968046, 0.027436,0.00451816,0.0319542
0.13,0.06 ,0.967898, 0.0274537,0.00464853,0.0321023
0.14,0.06 ,0.967744, 0.0274716,0.00478461,0.0322562
0.15,0.06 ,0.967584, 0.0274896,0.00492677,0.0324164
0.16,0.06 ,0.967417, 0.0275078,0.0050754,0.0325832
0.17,0.06 ,0.967243, 0.0275262,0.00523092,0.0327571
0.18,0.06 ,0.967061, 0.0275448,0.0053938,0.0329386
0.19,0.06 ,0.966872, 0.0275635,0.00556456,0.033128
0.2,0.06 ,0.966674, 0.0275824,0.00574374,0.0333261
0.21,0.06 ,0.966467, 0.0276014,0.00593196,0.0335334
0.22,0.06 ,0.966249, 0.0276207,0.00612988,0.0337506
0.23,0.06 ,0.966022, 0.0276401,0.00633825,0.0339783
0.24,0.06 ,0.965782, 0.0276597,0.00655786,0.0342176
0.25,0.06 ,0.965531, 0.0276795,0.00678961,0.0344691
0.26,0.06 ,0.965266, 0.0276995,0.0070345,0.034734
0.27,0.06 ,0.964987, 0.0277197,0.00729362,0.0350133
0.28,0.06 ,0.964692, 0.02774,0.0075682,0.0353082
0.29,0.06 ,0.96438, 0.0277606,0.00785959,0.0356202
0.3,0.06 ,0.964049, 0.0277814,0.00816934,0.0359507
0.31,0.06 ,0.963698, 0.0278024,0.00849915,0.0363015
0.32,0.06 ,0.963326, 0.0278235,0.00885096,0.0366745
0.33,0.06 ,0.962928, 0.0278449,0.00922695,0.0370719
0.34,0.06 ,0.962504, 0.0278665,0.0096296,0.0374961
0.35,0.06 ,0.96205, 0.0278884,0.0100617,0.0379501
0.36,0.06 ,0.961563, 0.0279104,0.0105266,0.038437
0.37,0.06 ,0.961039, 0.0279327,0.0110279,0.0389605
0.38,0.06 ,0.960475, 0.0279552,0.0115698,0.039525
0.39,0.06 ,0.959865, 0.0279779,0.0121575,0.0401354
0.4,0.06 ,0.959203, 0.0280008,0.0127965,0.0407974
0.41,0.06 ,0.958482, 0.028024,0.0134937,0.0415178
0.42,0.06 ,0.957695, 0.0280475,0.0142571,0.0423046
0.43,0.06 ,0.956833, 0.0280712,0.015096,0.0431672
0.44,0.06 ,0.955883, 0.0280951,0.0160217,0.0441168
0.45,0.06 ,0.954833, 0.0281193,0.0170478,0.045167
0.46,0.06 ,0.953666, 0.0281437,0.0181903,0.046334
0.47,0.06 ,0.952362, 0.0281684,0.0194693,0.0476377
0.48,0.06 ,0.950898, 0.0281934,0.0209091,0.0491024
0.49,0.06 ,0.949242, 0.0282186,0.0225395,0.0507581
0.5,0.06 ,0.947358, 0.0282441,0.0243981,0.0526422
0.51,0.06 ,0.945199, 0.0282698,0.0265317,0.0548015
0.52,0.06 ,0.942705, 0.0282959,0.0289992,0.0572951
0.53,0.06 ,0.939802, 0.0283222,0.0318753,0.0601976
0.54,0.06 ,0.936396, 0.0283489,0.035255,0.0636038
0.55,0.06 ,0.932366, 0.0283758,0.0392578,0.0676336
0.56,0.06 ,0.927564, 0.028403,0.0440333,0.0724363
0.57,0.06 ,0.921805, 0.0284305,0.0497641,0.0781947
0.58,0.06 ,0.914878, 0.0284583,0.0566635,0.0851219
0.59,0.06 ,0.906551, 0.0284865,0.0649624,0.0934488
0.6,0.06 ,0.896606, 0.0285149,0.0748793,0.103394
0.61,0.06 ,0.884883, 0.0285437,0.0865732,0.115117
0.62,0.06 ,0.871337, 0.0285728,0.10009,0.128663
0.63,0.06 ,0.856066, 0.0286022,0.115331,0.143934
0.64,0.06 ,0.839306, 0.028632,0.132062,0.160694
0.65,0.06 ,0.821378, 0.0286621,0.14996,0.178622
0.66,0.06 ,0.802627, 0.0286925,0.16868,0.197373
0.67,0.06 ,0.783373, 0.0287233,0.187904,0.216627
0.68,0.06 ,0.763885, 0.0287544,0.207361,0.236115
0.69,0.06 ,0.744374, 0.0287859,0.22684,0.255626
0.7,0.06 ,0.725, 0.0288178,0.246183,0.275
0.71,0.06 ,0.705878, 0.02885,0.265272,0.294122
0.72,0.06 ,0.68709, 0.0288827,0.284027,0.31291
0.73,0.06 ,0.668693, 0.0289156,0.302391,0.331307
0.74,0.06 ,0.650724, 0.028949,0.320327,0.349276
0.75,0.06 ,0.633206, 0.0289828,0.337811,0.366794
0.76,0.06 ,0.616152, 0.0290169,0.354831,0.383848
0.77,0.06 ,0.599567, 0.0290515,0.371381,0.400433
0.78,0.06 ,0.583452, 0.0290864,0.387462,0.416548
0.79,0.06 ,0.567802, 0.0291218,0.403077,0.432198
0.8,0.06 ,0.552609, 0.0291576,0.418233,0.447391
0.81,0.06 ,0.537867, 0.0291938,0.43294,0.462133
0.82,0.06 ,0.523563, 0.0292304,0.447207,0.476437
0.83,0.06 ,0.509687, 0.0292675,0.461045,0.490313
0.84,0.06 ,0.496227, 0.0293049,0.474468,0.503773
0.85,0.06 ,0.483172, 0.0293429,0.487486,0.516828
0.86,0.06 ,0.470508, 0.0293812,0.500111,0.529492
0.87,0.06 ,0.458223, 0.02942,0.512357,0.541777
0.88,0.06 ,0.446306, 0.0294593,0.524235,0.553694
0.89,0.06 ,0.434744, 0.029499,0.535757,0.565256
0.9,0.06 ,0.423525, 0.0295392,0.546936,0.576475
0.91,0.06 ,0.412639, 0.0295798,0.557781,0.587361
0.92,0.06 ,0.402074, 0.0296209,0.568305,0.597926
0.93,0.06 ,0.391819, 0.0296625,0.578518,0.608181
0.94,0.06 ,0.381864, 0.0297046,0.588431,0.618136
0.95,0.06 ,0.372199, 0.0297471,0.598054,0.627801
0.96,0.06 ,0.362813, 0.0297901,0.607397,0.637187
0.97,0.06 ,0.353698, 0.0298336,0.616468,0.646302
0.98,0.06 ,0.344844, 0.0298776,0.625278,0.655156
0.99,0.06 ,0.336243, 0.0299221,0.633835,0.663757
1,0.06 ,0.327886, 0.0299671,0.642147,0.672114
0,0.07 ,0.969144, 0.0273112,0.00354485,0.0308561
0.01,0.07 ,0.969046, 0.0273272,0.00362692,0.0309541
0.02,0.07 ,0.968945, 0.0273433,0.00371193,0.0310552
0.03,0.07 ,0.96884, 0.0273595,0.00380006,0.0311596
0.04,0.07 ,0.968733, 0.0273759,0.00389144,0.0312673
0.05,0.07 ,0.968621, 0.0273924,0.00398627,0.0313786
0.06,0.07 ,0.968506, 0.027409,0.00408472,0.0314937
0.07,0.07 ,0.968387, 0.0274258,0.00418699,0.0316128
0.08,0.07 ,0.968264, 0.0274427,0.0042933,0.031736
0.09,0.07 ,0.968136, 0.0274598,0.00440388,0.0318637
0.1,0.07 ,0.968004, 0.0274771,0.00451896,0.031996
0.11,0.07 ,0.967867, 0.0274944,0.00463883,0.0321333
0.12,0.07 ,0.967724, 0.027512,0.00476375,0.0322757
0.13,0.07 ,0.967576, 0.0275297,0.00489405,0.0324237
0.14,0.07 ,0.967422, 0.0275476,0.00503005,0.0325776
0.15,0.07 ,0.967262, 0.0275656,0.00517213,0.0327377
0.16,0.07 ,0.967096, 0.0275838,0.00532066,0.0329044
0.17,0.07 ,0.966922, 0.0276021,0.00547609,0.0330782
0.18,0.07 ,0.96674, 0.0276206,0.00563887,0.0332595
0.19,0.07 ,0.966551, 0.0276393,0.00580952,0.0334489
0.2,0.07 ,0.966353, 0.0276582,0.00598859,0.0336468
0.21,0.07 ,0.966146, 0.0276773,0.00617668,0.0338539
0.22,0.07 ,0.965929, 0.0276965,0.00637447,0.034071
0.23,0.07 ,0.965701, 0.0277159,0.00658269,0.0342986
0.24,0.07 ,0.965462, 0.0277355,0.00680215,0.0345376
0.25,0.07 ,0.965211, 0.0277552,0.00703373,0.034789
0.26,0.07 ,0.964946, 0.0277752,0.00727843,0.0350536
0.27,0.07 ,0.964667, 0.0277954,0.00753735,0.0353327
0.28,0.07 ,0.964373, 0.0278157,0.0078117,0.0356274
0.29,0.07 ,0.964061, 0.0278363,0.00810285,0.0359391
0.3,0.07 ,0.963731, 0.027857,0.00841233,0.0362693
0.31,0.07 ,0.96338, 0.027878,0.00874184,0.0366198
0.32,0.07 ,0.963008, 0.0278991,0.00909332,0.0369925
0.33,0.07 ,0.962611, 0.0279205,0.00946895,0.0373894
0.34,0.07 ,0.962187, 0.0279421,0.00987119,0.0378133
0.35,0.07 ,0.961733, 0.0279639,0.0103029,0.0382668
0.36,0.07 ,0.961247, 0.0279859,0.0107672,0.0387531
0.37,0.07 ,0.960724, 0.0280081,0.0112679,0.0392761
0.38,0.07 ,0.96016, 0.0280306,0.0118092,0.0398399
0.39,0.07 ,0.959551, 0.0280533,0.0123961,0.0404494
0.4,0.07 ,0.958889, 0.0280762,0.0130343,0.0411106
0.41,0.07 ,0.95817, 0.0280994,0.0137305,0.04183
0.42,0.07 ,0.957384, 0.0281228,0.0144928,0.0426156
0.43,0.07 ,0.956523, 0.0281465,0.0153304,0.0434769
0.44,0.07 ,0.955575, 0.0281704,0.0162546,0.044425
0.45,0.07 ,0.954527, 0.0281945,0.0172788,0.0454733
0.46,0.07 ,0.953362, 0.0282189,0.0184193,0.0466382
0.47,0.07 ,0.952061, 0.0282436,0.0196957,0.0479393
0.48,0.07 ,0.950599, 0.0282685,0.0211324,0.0494009
0.49,0.07 ,0.948947, 0.0282937,0.0227592,0.0510529
0.5,0.07 ,0.947067, 0.0283192,0.0246133,0.0529325
0.51,0.07 ,0.944914, 0.0283449,0.0267413,0.0550863
0.52,0.07 ,0.942427, 0.028371,0.029202,0.0575729
0.53,0.07 ,0.939533, 0.0283973,0.0320696,0.0604669
0.54,0.07 ,0.936138, 0.0284239,0.0354385,0.0638624
0.55,0.07 ,0.932122, 0.0284507,0.0394277,0.0678784
0.56,0.07 ,0.927336, 0.0284779,0.044186,0.0726639
0.57,0.07 ,0.9216, 0.0285054,0.0498951,0.0784005
0.58,0.07 ,0.914699, 0.0285332,0.0567673,0.0853005
0.59,0.07 ,0.906406, 0.0285613,0.0650331,0.0935944
0.6,0.07 ,0.896499, 0.0285897,0.0749114,0.103501
0.61,0.07 ,0.884819, 0.0286184,0.0865622,0.115181
0.62,0.07 ,0.871318, 0.0286475,0.100034,0.128682
0.63,0.07 ,0.856092, 0.0286769,0.115232,0.143908
0.64,0.07 ,0.839371, 0.0287066,0.131922,0.160629
0.65,0.07 ,0.821477, 0.0287367,0.149786,0.178523
0.66,0.07 ,0.802754, 0.0287671,0.168479,0.197246
0.67,0.07 ,0.783522, 0.0287978,0.18768,0.216478
0.68,0.07 ,0.764051, 0.0288289,0.20712,0.235949
0.69,0.07 ,0.744553, 0.0288604,0.226587,0.255447
0.7,0.07 ,0.725188, 0.0288922,0.24592,0.274812
0.71,0.07 ,0.706072, 0.0289244,0.265003,0.293928
0.72,0.07 ,0.68729, 0.028957,0.283753,0.31271
0.73,0.07 ,0.668896, 0.0289899,0.302114,0.331104
0.74,0.07 ,0.650929, 0.0290232,0.320048,0.349071
0.75,0.07 ,0.633412, 0.0290569,0.337531,0.366588
0.76,0.07 ,0.616358, 0.029091,0.354551,0.383642
0.77,0.07 ,0.599773, 0.0291256,0.371101,0.400227
0.78,0.07 ,0.583657, 0.0291605,0.387183,0.416343
0.79,0.07 ,0.568005, 0.0291958,0.402799,0.431995
0.8,0.07 ,0.552812, 0.0292315,0.417957,0.447188
0.81,0.07 ,0.538067, 0.0292676,0.432665,0.461933
