Betamv, Betapv,V,Rs,Rv,P
0,0 ,0.97074, 0.0272603,0.002,0.0292603
0.01,0 ,0.970422, 0.0273115,0.00226661,0.0295782
0.02,0 ,0.970094, 0.027363,0.00254308,0.0299061
0.03,0 ,0.969755, 0.0274148,0.00282991,0.0302447
0.04,0 ,0.969406, 0.0274668,0.00312762,0.0305944
0.05,0 ,0.969044, 0.0275191,0.00343679,0.0309559
0.06,0 ,0.96867, 0.0275716,0.00375802,0.0313297
0.07,0 ,0.968284, 0.0276245,0.00409195,0.0317164
0.08,0 ,0.967883, 0.0276776,0.00443928,0.0321169
0.09,0 ,0.967468, 0.027731,0.00480076,0.0325317
0.1,0 ,0.967038, 0.0277846,0.00517718,0.0329618
0.11,0 ,0.966592, 0.0278386,0.00556941,0.033408
0.12,0 ,0.966129, 0.0278928,0.00597836,0.0338712
0.13,0 ,0.965648, 0.0279473,0.00640503,0.0343524
0.14,0 ,0.965147, 0.0280021,0.0068505,0.0348526
0.15,0 ,0.964627, 0.0280572,0.00731592,0.0353731
0.16,0 ,0.964085, 0.0281126,0.00780255,0.0359151
0.17,0 ,0.96352, 0.0281683,0.00831175,0.03648
0.18,0 ,0.962931, 0.0282242,0.008845,0.0370692
0.19,0 ,0.962316, 0.0282805,0.00940389,0.0376844
0.2,0 ,0.961673, 0.028337,0.00999017,0.0383272
0.21,0 ,0.961, 0.0283939,0.0106057,0.0389996
0.22,0 ,0.960296, 0.028451,0.0112527,0.0397037
0.23,0 ,0.959558, 0.0285084,0.0119332,0.0404417
0.24,0 ,0.958784, 0.0285662,0.0126499,0.0412161
0.25,0 ,0.95797, 0.0286242,0.0134055,0.0420297
0.26,0 ,0.957115, 0.0286826,0.0142028,0.0428855
0.27,0 ,0.956213, 0.0287413,0.0150454,0.0437867
0.28,0 ,0.955263, 0.0288003,0.0159367,0.044737
0.29,0 ,0.95426, 0.0288595,0.0168809,0.0457404
0.3,0 ,0.953199, 0.0289191,0.0178823,0.0468015
0.31,0 ,0.952075, 0.0289791,0.0189461,0.0479251
0.32,0 ,0.950883, 0.0290393,0.0200776,0.0491169
0.33,0 ,0.949617, 0.0290999,0.0212831,0.0503829
0.34,0 ,0.94827, 0.0291607,0.0225694,0.0517301
0.35,0 ,0.946834, 0.0292219,0.0239443,0.0531663
0.36,0 ,0.9453, 0.0292834,0.0254165,0.0546999
0.37,0 ,0.943659, 0.0293453,0.0269957,0.056341
0.38,0 ,0.9419, 0.0294075,0.0286928,0.0581003
0.39,0 ,0.94001, 0.02947,0.0305204,0.0599904
0.4,0 ,0.937975, 0.0295328,0.0324926,0.0620254
0.41,0 ,0.935779, 0.029596,0.0346251,0.0642211
0.42,0 ,0.933404, 0.0296595,0.0369363,0.0665958
0.43,0 ,0.93083, 0.0297233,0.0394466,0.06917
0.44,0 ,0.928033, 0.0297875,0.0421796,0.0719671
0.45,0 ,0.924986, 0.029852,0.0451617,0.0750137
0.46,0 ,0.92166, 0.0299169,0.0484233,0.0783402
0.47,0 ,0.918019, 0.0299821,0.0519986,0.0819807
0.48,0 ,0.914026, 0.0300476,0.0559262,0.0859739
0.49,0 ,0.909637, 0.0301135,0.0602496,0.0903631
0.5,0 ,0.904803, 0.0301798,0.0650169,0.0951966
0.51,0 ,0.899473, 0.0302463,0.0702811,0.100527
0.52,0 ,0.893587, 0.0303133,0.0760997,0.106413
0.53,0 ,0.887086, 0.0303806,0.082533,0.112914
0.54,0 ,0.879909, 0.0304483,0.0896431,0.120091
0.55,0 ,0.871993, 0.0305163,0.0974904,0.128007
0.56,0 ,0.863285, 0.0305846,0.10613,0.136715
0.57,0 ,0.853739, 0.0306534,0.115608,0.146261
0.58,0 ,0.843324, 0.0307225,0.125954,0.156676
0.59,0 ,0.83203, 0.0307919,0.137178,0.16797
0.6,0 ,0.819871, 0.0308618,0.149267,0.180129
0.61,0 ,0.806886, 0.030932,0.162182,0.193114
0.62,0 ,0.79314, 0.0310025,0.175857,0.20686
0.63,0 ,0.778719, 0.0310735,0.190207,0.221281
0.64,0 ,0.763725, 0.0311448,0.20513,0.236275
0.65,0 ,0.748269, 0.0312165,0.220514,0.251731
0.66,0 ,0.732464, 0.0312885,0.236247,0.267536
0.67,0 ,0.716421, 0.031361,0.252218,0.283579
0.68,0 ,0.700241, 0.0314338,0.268325,0.299759
0.69,0 ,0.684018, 0.031507,0.284475,0.315982
0.7,0 ,0.667832, 0.0315806,0.300588,0.332168
0.71,0 ,0.651751, 0.0316546,0.316595,0.348249
0.72,0 ,0.635832, 0.0317289,0.332439,0.364168
0.73,0 ,0.620122, 0.0318037,0.348074,0.379878
0.74,0 ,0.604658, 0.0318788,0.363463,0.395342
0.75,0 ,0.589469, 0.0319543,0.378576,0.410531
0.76,0 ,0.574578, 0.0320303,0.393392,0.425422
0.77,0 ,0.56, 0.0321066,0.407893,0.44
0.78,0 ,0.545747, 0.0321833,0.42207,0.454253
0.79,0 ,0.531826, 0.0322604,0.435913,0.468174
0.8,0 ,0.518242, 0.0323379,0.44942,0.481758
0.81,0 ,0.504996, 0.0324158,0.462588,0.495004
0.82,0 ,0.492087, 0.0324941,0.475419,0.507913
0.83,0 ,0.479513, 0.0325728,0.487914,0.520487
0.84,0 ,0.46727, 0.032652,0.500078,0.53273
0.85,0 ,0.455353, 0.0327315,0.511915,0.544647
0.86,0 ,0.443757, 0.0328114,0.523431,0.556243
0.87,0 ,0.432476, 0.0328918,0.534632,0.567524
0.88,0 ,0.421502, 0.0329725,0.545526,0.578498
0.89,0 ,0.410828, 0.0330537,0.556118,0.589172
0.9,0 ,0.400448, 0.0331353,0.566417,0.599552
0.91,0 ,0.390353, 0.0332173,0.57643,0.609647
0.92,0 ,0.380536, 0.0332997,0.586164,0.619464
0.93,0 ,0.37099, 0.0333825,0.595627,0.62901
0.94,0 ,0.361707, 0.0334657,0.604827,0.638293
0.95,0 ,0.35268, 0.0335494,0.613771,0.64732
0.96,0 ,0.3439, 0.0336335,0.622466,0.6561
0.97,0 ,0.335362, 0.033718,0.63092,0.664638
0.98,0 ,0.327058, 0.0338029,0.639139,0.672942
0.99,0 ,0.318981, 0.0338883,0.647131,0.681019
1,0 ,0.311124, 0.0339741,0.654902,0.688876
0,0.01 ,0.97068, 0.0272695,0.00205017,0.0293197
0.01,0.01 ,0.970363, 0.0273207,0.00231676,0.0296375
0.02,0.01 ,0.970035, 0.0273722,0.0025932,0.0299654
0.03,0.01 ,0.969696, 0.027424,0.00288001,0.030304
0.04,0.01 ,0.969346, 0.027476,0.0031777,0.0306537
0.05,0.01 ,0.968985, 0.0275283,0.00348684,0.0310151
0.06,0.01 ,0.968611, 0.0275808,0.00380803,0.0313888
0.07,0.01 ,0.968224, 0.0276336,0.00414194,0.0317756
0.08,0.01 ,0.967824, 0.0276867,0.00448924,0.032176
0.09,0.01 ,0.967409, 0.0277401,0.00485069,0.0325908
0.1,0.01 ,0.966979, 0.0277938,0.00522707,0.0330209
0.11,0.01 ,0.966533, 0.0278477,0.00561926,0.033467
0.12,0.01 ,0.96607, 0.027902,0.00602817,0.0339301
0.13,0.01 ,0.965589, 0.0279565,0.0064548,0.0344113
0.14,0.01 ,0.965089, 0.0280113,0.00690022,0.0349115
0.15,0.01 ,0.964568, 0.0280663,0.00736559,0.0354319
0.16,0.01 ,0.964026, 0.0281217,0.00785217,0.0359739
0.17,0.01 ,0.963461, 0.0281774,0.00836131,0.0365387
0.18,0.01 ,0.962872, 0.0282333,0.00889449,0.0371278
0.19,0.01 ,0.962257, 0.0282896,0.00945332,0.0377429
0.2,0.01 ,0.961614, 0.0283461,0.0100395,0.0383856
0.21,0.01 ,0.960942, 0.028403,0.010655,0.039058
0.22,0.01 ,0.960238, 0.0284601,0.0113019,0.039762
0.23,0.01 ,0.9595, 0.0285175,0.0119823,0.0404999
0.24,0.01 ,0.958726, 0.0285753,0.0126989,0.0412742
0.25,0.01 ,0.957912, 0.0286333,0.0134544,0.0420877
0.26,0.01 ,0.957057, 0.0286917,0.0142516,0.0429433
0.27,0.01 ,0.956156, 0.0287503,0.015094,0.0438444
0.28,0.01 ,0.955205, 0.0288093,0.0159852,0.0447945
0.29,0.01 ,0.954202, 0.0288686,0.0169292,0.0457978
0.3,0.01 ,0.953141, 0.0289282,0.0179305,0.0468587
0.31,0.01 ,0.952018, 0.0289881,0.0189941,0.0479822
0.32,0.01 ,0.950826, 0.0290483,0.0201254,0.0491737
0.33,0.01 ,0.94956, 0.0291089,0.0213306,0.0504395
0.34,0.01 ,0.948214, 0.0291698,0.0226167,0.0517865
0.35,0.01 ,0.946778, 0.0292309,0.0239914,0.0532223
0.36,0.01 ,0.945244, 0.0292925,0.0254632,0.0547557
0.37,0.01 ,0.943604, 0.0293543,0.0270421,0.0563964
0.38,0.01 ,0.941845, 0.0294165,0.0287388,0.0581553
0.39,0.01 ,0.939955, 0.029479,0.030566,0.060045
0.4,0.01 ,0.937921, 0.0295418,0.0325377,0.0620795
0.41,0.01 ,0.935725, 0.029605,0.0346697,0.0642747
0.42,0.01 ,0.933351, 0.0296685,0.0369803,0.0666487
0.43,0.01 ,0.930778, 0.0297323,0.0394899,0.0692222
0.44,0.01 ,0.927982, 0.0297965,0.042222,0.0720185
0.45,0.01 ,0.924936, 0.029861,0.0452033,0.0750643
0.46,0.01 ,0.92161, 0.0299258,0.0484639,0.0783897
0.47,0.01 ,0.917971, 0.029991,0.052038,0.082029
0.48,0.01 ,0.913979, 0.0300566,0.0559643,0.0860208
0.49,0.01 ,0.909592, 0.0301224,0.0602861,0.0904085
0.5,0.01 ,0.90476, 0.0301887,0.0650516,0.0952403
0.51,0.01 ,0.899431, 0.0302553,0.0703139,0.100569
0.52,0.01 ,0.893548, 0.0303222,0.0761301,0.106452
0.53,0.01 ,0.88705, 0.0303895,0.0825609,0.11295
0.54,0.01 ,0.879875, 0.0304571,0.0896681,0.120125
0.55,0.01 ,0.871963, 0.0305252,0.0975121,0.128037
0.56,0.01 ,0.863258, 0.0305935,0.106148,0.136742
0.57,0.01 ,0.853716, 0.0306623,0.115622,0.146284
0.58,0.01 ,0.843305, 0.0307313,0.125964,0.156695
0.59,0.01 ,0.832015, 0.0308008,0.137184,0.167985
0.6,0.01 ,0.819861, 0.0308706,0.149269,0.180139
0.61,0.01 ,0.80688, 0.0309408,0.162179,0.19312
0.62,0.01 ,0.793139, 0.0310114,0.17585,0.206861
0.63,0.01 ,0.778722, 0.0310823,0.190196,0.221278
0.64,0.01 ,0.763732, 0.0311536,0.205115,0.236268
0.65,0.01 ,0.748279, 0.0312253,0.220495,0.251721
0.66,0.01 ,0.732478, 0.0312973,0.236225,0.267522
0.67,0.01 ,0.716437, 0.0313698,0.252193,0.283563
0.68,0.01 ,0.70026, 0.0314426,0.268297,0.29974
0.69,0.01 ,0.684039, 0.0315158,0.284445,0.315961
0.7,0.01 ,0.667855, 0.0315894,0.300556,0.332145
0.71,0.01 ,0.651775, 0.0316633,0.316562,0.348225
0.72,0.01 ,0.635858, 0.0317377,0.332405,0.364142
0.73,0.01 ,0.620149, 0.0318124,0.348039,0.379851
0.74,0.01 ,0.604686, 0.0318876,0.363427,0.395314
0.75,0.01 ,0.589498, 0.0319631,0.378539,0.410502
0.76,0.01 ,0.574607, 0.032039,0.393354,0.425393
0.77,0.01 ,0.560029, 0.0321153,0.407856,0.439971
0.78,0.01 ,0.545776, 0.032192,0.422032,0.454224
0.79,0.01 ,0.531856, 0.0322691,0.435875,0.468144
0.8,0.01 ,0.518272, 0.0323466,0.449381,0.481728
0.81,0.01 ,0.505026, 0.0324245,0.46255,0.494974
0.82,0.01 ,0.492117, 0.0325028,0.47538,0.507883
0.83,0.01 ,0.479543, 0.0325815,0.487876,0.520457
0.84,0.01 ,0.4673, 0.0326606,0.500039,0.5327
0.85,0.01 ,0.455383, 0.0327401,0.511877,0.544617
0.86,0.01 ,0.443787, 0.0328201,0.523393,0.556213
0.87,0.01 ,0.432505, 0.0329004,0.534594,0.567495
0.88,0.01 ,0.421531, 0.0329811,0.545488,0.578469
0.89,0.01 ,0.410857, 0.0330623,0.556081,0.589143
0.9,0.01 ,0.400476, 0.0331439,0.56638,0.599524
0.91,0.01 ,0.390381, 0.0332259,0.576393,0.609619
0.92,0.01 ,0.380564, 0.0333083,0.586127,0.619436
0.93,0.01 ,0.371018, 0.0333911,0.595591,0.628982
0.94,0.01 ,0.361735, 0.0334743,0.604791,0.638265
0.95,0.01 ,0.352707, 0.033558,0.613735,0.647293
0.96,0.01 ,0.343927, 0.0336421,0.62243,0.656073
0.97,0.01 ,0.335389, 0.0337266,0.630884,0.664611
0.98,0.01 ,0.327084, 0.0338115,0.639104,0.672916
0.99,0.01 ,0.319007, 0.0338968,0.647096,0.680993
1,0.01 ,0.31115, 0.0339826,0.654868,0.68885
0,0.02 ,0.970619, 0.0272788,0.00210191,0.0293807
0.01,0.02 ,0.970302, 0.02733,0.00236848,0.0296985
0.02,0.02 ,0.969974, 0.0273815,0.00264491,0.0300264
0.03,0.02 ,0.969635, 0.0274332,0.00293168,0.0303649
0.04,0.02 ,0.969285, 0.0274852,0.00322935,0.0307146
0.05,0.02 ,0.968924, 0.0275375,0.00353846,0.0310759
0.06,0.02 ,0.96855, 0.02759,0.00385963,0.0314497
0.07,0.02 ,0.968164, 0.0276429,0.0041935,0.0318364
0.08,0.02 ,0.967763, 0.027696,0.00454077,0.0322367
0.09,0.02 ,0.967348, 0.0277493,0.00490218,0.0326515
0.1,0.02 ,0.966918, 0.027803,0.00527853,0.0330815
0.11,0.02 ,0.966472, 0.0278569,0.00567068,0.0335276
0.12,0.02 ,0.966009, 0.0279112,0.00607954,0.0339907
0.13,0.02 ,0.965528, 0.0279657,0.00650613,0.0344718
0.14,0.02 ,0.965028, 0.0280204,0.0069515,0.0349719
0.15,0.02 ,0.964508, 0.0280755,0.00741682,0.0354923
0.16,0.02 ,0.963966, 0.0281309,0.00790334,0.0360342
0.17,0.02 ,0.963401, 0.0281865,0.00841243,0.036599
0.18,0.02 ,0.962812, 0.0282425,0.00894555,0.037188
0.19,0.02 ,0.962197, 0.0282987,0.0095043,0.037803
0.2,0.02 ,0.961554, 0.0283553,0.0100904,0.0384457
0.21,0.02 ,0.960882, 0.0284121,0.0107059,0.039118
0.22,0.02 ,0.960178, 0.0284692,0.0113526,0.0398219
0.23,0.02 ,0.95944, 0.0285267,0.012033,0.0405597
0.24,0.02 ,0.958666, 0.0285844,0.0127495,0.0413339
0.25,0.02 ,0.957853, 0.0286425,0.0135048,0.0421473
0.26,0.02 ,0.956997, 0.0287008,0.0143019,0.0430028
0.27,0.02 ,0.956096, 0.0287595,0.0151442,0.0439037
0.28,0.02 ,0.955146, 0.0288184,0.0160353,0.0448537
0.29,0.02 ,0.954143, 0.0288777,0.0169791,0.0458568
0.3,0.02 ,0.953082, 0.0289373,0.0179802,0.0469175
0.31,0.02 ,0.951959, 0.0289972,0.0190436,0.0480408
0.32,0.02 ,0.950768, 0.0290574,0.0201747,0.0492321
0.33,0.02 ,0.949502, 0.029118,0.0213797,0.0504977
0.34,0.02 ,0.948156, 0.0291788,0.0226656,0.0518444
0.35,0.02 ,0.94672, 0.02924,0.0240399,0.05328
0.36,0.02 ,0.945187, 0.0293015,0.0255115,0.054813
0.37,0.02 ,0.943547, 0.0293634,0.02709,0.0564533
0.38,0.02 ,0.941788, 0.0294255,0.0287863,0.0582119
0.39,0.02 ,0.939899, 0.029488,0.0306131,0.0601011
0.4,0.02 ,0.937865, 0.0295508,0.0325842,0.0621351
0.41,0.02 ,0.93567, 0.029614,0.0347157,0.0643297
0.42,0.02 ,0.933297, 0.0296775,0.0370256,0.0667031
0.43,0.02 ,0.930724, 0.0297413,0.0395346,0.0692759
0.44,0.02 ,0.927929, 0.0298055,0.0422659,0.0720714
0.45,0.02 ,0.924884, 0.02987,0.0452462,0.0751162
0.46,0.02 ,0.921559, 0.0299348,0.0485057,0.0784406
0.47,0.02 ,0.917921, 0.03,0.0520786,0.0820787
0.48,0.02 ,0.913931, 0.0300655,0.0560036,0.0860691
0.49,0.02 ,0.909545, 0.0301314,0.0603238,0.0904552
0.5,0.02 ,0.904715, 0.0301977,0.0650875,0.0952852
0.51,0.02 ,0.899388, 0.0302642,0.0703477,0.100612
0.52,0.02 ,0.893507, 0.0303312,0.0761617,0.106493
0.53,0.02 ,0.887012, 0.0303985,0.0825898,0.112988
0.54,0.02 ,0.87984, 0.0304661,0.089694,0.12016
0.55,0.02 ,0.871931, 0.0305341,0.0975347,0.128069
0.56,0.02 ,0.86323, 0.0306025,0.106167,0.13677
0.57,0.02 ,0.853692, 0.0306712,0.115637,0.146308
0.58,0.02 ,0.843285, 0.0307403,0.125975,0.156715
0.59,0.02 ,0.832, 0.0308097,0.13719,0.168
0.6,0.02 ,0.81985, 0.0308795,0.149271,0.18015
0.61,0.02 ,0.806874, 0.0309497,0.162176,0.193126
0.62,0.02 ,0.793137, 0.0310203,0.175843,0.206863
0.63,0.02 ,0.778725, 0.0310912,0.190184,0.221275
0.64,0.02 ,0.763739, 0.0311625,0.205099,0.236261
0.65,0.02 ,0.74829, 0.0312342,0.220476,0.25171
0.66,0.02 ,0.732491, 0.0313062,0.236203,0.267509
0.67,0.02 ,0.716454, 0.0313786,0.252168,0.283546
0.68,0.02 ,0.700279, 0.0314514,0.268269,0.299721
0.69,0.02 ,0.68406, 0.0315246,0.284415,0.31594
0.7,0.02 ,0.667878, 0.0315982,0.300524,0.332122
0.71,0.02 ,0.6518, 0.0316722,0.316528,0.3482
0.72,0.02 ,0.635884, 0.0317465,0.33237,0.364116
0.73,0.02 ,0.620176, 0.0318212,0.348003,0.379824
0.74,0.02 ,0.604714, 0.0318964,0.36339,0.395286
0.75,0.02 ,0.589527, 0.0319719,0.378502,0.410473
0.76,0.02 ,0.574636, 0.0320478,0.393316,0.425364
0.77,0.02 ,0.560059, 0.0321241,0.407817,0.439941
0.78,0.02 ,0.545807, 0.0322008,0.421992,0.454193
0.79,0.02 ,0.531887, 0.0322779,0.435836,0.468113
0.8,0.02 ,0.518303, 0.0323553,0.449342,0.481697
0.81,0.02 ,0.505057, 0.0324332,0.46251,0.494943
0.82,0.02 ,0.492148, 0.0325115,0.475341,0.507852
0.83,0.02 ,0.479574, 0.0325902,0.487836,0.520426
0.84,0.02 ,0.467331, 0.0326693,0.5,0.532669
0.85,0.02 ,0.455414, 0.0327488,0.511837,0.544586
0.86,0.02 ,0.443817, 0.0328288,0.523354,0.556183
0.87,0.02 ,0.432535, 0.0329091,0.534556,0.567465
0.88,0.02 ,0.421561, 0.0329898,0.545449,0.578439
0.89,0.02 ,0.410887, 0.033071,0.556042,0.589113
0.9,0.02 ,0.400506, 0.0331525,0.566342,0.599494
0.91,0.02 ,0.390411, 0.0332345,0.576355,0.609589
0.92,0.02 ,0.380593, 0.0333169,0.58609,0.619407
0.93,0.02 ,0.371047, 0.0333997,0.595554,0.628953
0.94,0.02 ,0.361763, 0.0334829,0.604754,0.638237
0.95,0.02 ,0.352735, 0.0335666,0.613698,0.647265
0.96,0.02 ,0.343955, 0.0336507,0.622394,0.656045
0.97,0.02 ,0.335416, 0.0337351,0.630848,0.664584
0.98,0.02 ,0.327112, 0.0338201,0.639068,0.672888
0.99,0.02 ,0.319034, 0.0339054,0.647061,0.680966
1,0.02 ,0.311176, 0.0339912,0.654833,0.688824
0,0.03 ,0.970557, 0.0272881,0.00215531,0.0294434
0.01,0.03 ,0.970239, 0.0273393,0.00242186,0.0297612
0.02,0.03 ,0.969911, 0.0273908,0.00269826,0.030089
0.03,0.03 ,0.969572, 0.0274425,0.00298501,0.0304275
0.04,0.03 ,0.969223, 0.0274945,0.00328265,0.0307772
0.05,0.03 ,0.968861, 0.0275468,0.00359173,0.0311385
0.06,0.03 ,0.968488, 0.0275993,0.00391287,0.0315122
0.07,0.03 ,0.968101, 0.0276521,0.00424671,0.0318989
0.08,0.03 ,0.967701, 0.0277052,0.00459395,0.0322992
0.09,0.03 ,0.967286, 0.0277586,0.00495532,0.0327139
0.1,0.03 ,0.966856, 0.0278123,0.00533163,0.0331439
0.11,0.03 ,0.96641, 0.0278662,0.00572374,0.0335899
0.12,0.03 ,0.965947, 0.0279204,0.00613256,0.034053
0.13,0.03 ,0.965466, 0.0279749,0.0065591,0.034534
0.14,0.03 ,0.964966, 0.0280297,0.00700442,0.0350341
0.15,0.03 ,0.964446, 0.0280848,0.00746969,0.0355545
0.16,0.03 ,0.963904, 0.0281401,0.00795616,0.0360963
0.17,0.03 ,0.963339, 0.0281958,0.00846518,0.036661
0.18,0.03 ,0.96275, 0.0282517,0.00899823,0.03725
0.19,0.03 ,0.962135, 0.028308,0.00955692,0.0378649
0.2,0.03 ,0.961493, 0.0283645,0.010143,0.0385075
0.21,0.03 ,0.96082, 0.0284213,0.0107583,0.0391796
0.22,0.03 ,0.960117, 0.0284784,0.011405,0.0398834
0.23,0.03 ,0.959379, 0.0285359,0.0120853,0.0406212
0.24,0.03 ,0.958605, 0.0285936,0.0128017,0.0413953
0.25,0.03 ,0.957791, 0.0286516,0.0135569,0.0422085
0.26,0.03 ,0.956936, 0.02871,0.0143539,0.0430639
0.27,0.03 ,0.956035, 0.0287686,0.015196,0.0439647
0.28,0.03 ,0.955085, 0.0288276,0.0160869,0.0449145
0.29,0.03 ,0.954083, 0.0288869,0.0170306,0.0459175
0.3,0.03 ,0.953022, 0.0289465,0.0180316,0.046978
0.31,0.03 ,0.951899, 0.0290064,0.0190947,0.0481011
0.32,0.03 ,0.950708, 0.0290666,0.0202256,0.0492922
0.33,0.03 ,0.949442, 0.0291271,0.0214304,0.0505575
0.34,0.03 ,0.948096, 0.029188,0.022716,0.051904
0.35,0.03 ,0.946661, 0.0292492,0.0240901,0.0533392
0.36,0.03 ,0.945128, 0.0293107,0.0255613,0.0548719
0.37,0.03 ,0.943488, 0.0293725,0.0271394,0.0565119
0.38,0.03 ,0.94173, 0.0294346,0.0288354,0.05827
0.39,0.03 ,0.939841, 0.0294971,0.0306617,0.0601588
0.4,0.03 ,0.937808, 0.0295599,0.0326323,0.0621923
0.41,0.03 ,0.935614, 0.0296231,0.0347632,0.0643863
0.42,0.03 ,0.933241, 0.0296866,0.0370725,0.0667591
0.43,0.03 ,0.930669, 0.0297504,0.0395807,0.0693311
0.44,0.03 ,0.927874, 0.0298145,0.0423112,0.0721258
0.45,0.03 ,0.92483, 0.029879,0.0452906,0.0751696
0.46,0.03 ,0.921507, 0.0299439,0.048549,0.0784929
0.47,0.03 ,0.91787, 0.0300091,0.0521207,0.0821298
0.48,0.03 ,0.913881, 0.0300746,0.0560442,0.0861188
0.49,0.03 ,0.909497, 0.0301405,0.0603628,0.0905033
0.5,0.03 ,0.904669, 0.0302067,0.0651247,0.0953314
0.51,0.03 ,0.899344, 0.0302733,0.0703828,0.100656
0.52,0.03 ,0.893465, 0.0303402,0.0761944,0.106535
0.53,0.03 ,0.886973, 0.0304075,0.0826198,0.113027
0.54,0.03 ,0.879804, 0.0304751,0.089721,0.120196
0.55,0.03 ,0.871899, 0.0305431,0.0975583,0.128101
0.56,0.03 ,0.863202, 0.0306115,0.106187,0.136798
0.57,0.03 ,0.853667, 0.0306802,0.115653,0.146333
0.58,0.03 ,0.843265, 0.0307492,0.125986,0.156735
0.59,0.03 ,0.831984, 0.0308187,0.137197,0.168016
0.6,0.03 ,0.819839, 0.0308885,0.149273,0.180161
0.61,0.03 ,0.806868, 0.0309587,0.162174,0.193132
0.62,0.03 ,0.793135, 0.0310292,0.175835,0.206865
0.63,0.03 ,0.778727, 0.0311001,0.190173,0.221273
0.64,0.03 ,0.763745, 0.0311714,0.205083,0.236255
0.65,0.03 ,0.7483, 0.0312431,0.220457,0.2517
0.66,0.03 ,0.732505, 0.0313151,0.23618,0.267495
0.67,0.03 ,0.71647, 0.0313875,0.252142,0.28353
0.68,0.03 ,0.700299, 0.0314603,0.268241,0.299701
0.69,0.03 ,0.684082, 0.0315335,0.284384,0.315918
0.7,0.03 ,0.667902, 0.0316071,0.300491,0.332098
0.71,0.03 ,0.651825, 0.031681,0.316494,0.348175
0.72,0.03 ,0.63591, 0.0317554,0.332334,0.36409
0.73,0.03 ,0.620204, 0.0318301,0.347966,0.379796
0.74,0.03 ,0.604743, 0.0319052,0.363352,0.395257
0.75,0.03 ,0.589556, 0.0319807,0.378463,0.410444
0.76,0.03 ,0.574666, 0.0320566,0.393277,0.425334
0.77,0.03 ,0.56009, 0.0321329,0.407777,0.43991
0.78,0.03 ,0.545838, 0.0322096,0.421953,0.454162
0.79,0.03 ,0.531918, 0.0322867,0.435796,0.468082
0.8,0.03 ,0.518334, 0.0323642,0.449302,0.481666
0.81,0.03 ,0.505088, 0.032442,0.46247,0.494912
0.82,0.03 ,0.492179, 0.0325203,0.475301,0.507821
0.83,0.03 ,0.479605, 0.032599,0.487796,0.520395
0.84,0.03 ,0.467362, 0.0326781,0.49996,0.532638
0.85,0.03 ,0.455445, 0.0327576,0.511798,0.544555
0.86,0.03 ,0.443848, 0.0328375,0.523314,0.556152
0.87,0.03 ,0.432566, 0.0329178,0.534516,0.567434
0.88,0.03 ,0.421592, 0.0329986,0.54541,0.578408
0.89,0.03 ,0.410917, 0.0330797,0.556003,0.589083
0.9,0.03 ,0.400536, 0.0331612,0.566303,0.599464
0.91,0.03 ,0.39044, 0.0332432,0.576316,0.60956
0.92,0.03 ,0.380623, 0.0333256,0.586051,0.619377
0.93,0.03 ,0.371076, 0.0334084,0.595516,0.628924
0.94,0.03 ,0.361792, 0.0334916,0.604716,0.638208
0.95,0.03 ,0.352764, 0.0335753,0.613661,0.647236
0.96,0.03 ,0.343984, 0.0336593,0.622357,0.656016
0.97,0.03 ,0.335444, 0.0337438,0.630812,0.664556
0.98,0.03 ,0.327139, 0.0338287,0.639032,0.672861
0.99,0.03 ,0.319061, 0.033914,0.647025,0.680939
1,0.03 ,0.311203, 0.0339998,0.654797,0.688797
0,0.04 ,0.970492, 0.0272975,0.00221044,0.0295079
0.01,0.04 ,0.970174, 0.0273487,0.00247696,0.0298256
0.02,0.04 ,0.969847, 0.0274001,0.00275334,0.0301535
0.03,0.04 ,0.969508, 0.0274519,0.00304007,0.0304919
0.04,0.04 ,0.969158, 0.0275039,0.00333767,0.0308415
0.05,0.04 ,0.968797, 0.0275561,0.00364673,0.0312029
0.06,0.04 ,0.968423, 0.0276087,0.00396784,0.0315765
0.07,0.04 ,0.968037, 0.0276615,0.00430164,0.0319631
0.08,0.04 ,0.967637, 0.0277146,0.00464884,0.0323634
0.09,0.04 ,0.967222, 0.0277679,0.00501018,0.0327781
0.1,0.04 ,0.966792, 0.0278216,0.00538645,0.033208
0.11,0.04 ,0.966346, 0.0278755,0.00577852,0.033654
0.12,0.04 ,0.965883, 0.0279297,0.0061873,0.034117
0.13,0.04 ,0.965402, 0.0279842,0.00661379,0.034598
0.14,0.04 ,0.964902, 0.028039,0.00705906,0.0350981
0.15,0.04 ,0.964382, 0.0280941,0.00752427,0.0356183
0.16,0.04 ,0.96384, 0.0281494,0.00801068,0.0361601
0.17,0.04 ,0.963275, 0.0282051,0.00851964,0.0367247
0.18,0.04 ,0.962686, 0.028261,0.00905263,0.0373136
0.19,0.04 ,0.962072, 0.0283172,0.00961124,0.0379285
0.2,0.04 ,0.961429, 0.0283738,0.0101972,0.038571
0.21,0.04 ,0.960757, 0.0284306,0.0108125,0.0392431
0.22,0.04 ,0.960053, 0.0284877,0.0114591,0.0399468
0.23,0.04 ,0.959316, 0.0285451,0.0121392,0.0406844
0.24,0.04 ,0.958542, 0.0286029,0.0128555,0.0414584
0.25,0.04 ,0.957728, 0.0286609,0.0136106,0.0422715
0.26,0.04 ,0.956873, 0.0287192,0.0144075,0.0431267
0.27,0.04 ,0.955973, 0.0287779,0.0152495,0.0440274
0.28,0.04 ,0.955023, 0.0288368,0.0161403,0.0449771
0.29,0.04 ,0.95402, 0.0288961,0.0170838,0.0459799
0.3,0.04 ,0.95296, 0.0289557,0.0180846,0.0470402
0.31,0.04 ,0.951837, 0.0290156,0.0191475,0.0481631
0.32,0.04 ,0.950646, 0.0290758,0.0202782,0.049354
0.33,0.04 ,0.949381, 0.0291363,0.0214828,0.0506191
0.34,0.04 ,0.948035, 0.0291972,0.0227681,0.0519652
0.35,0.04 ,0.9466, 0.0292583,0.0241418,0.0534002
0.36,0.04 ,0.945067, 0.0293198,0.0256127,0.0549326
0.37,0.04 ,0.943428, 0.0293817,0.0271905,0.0565721
0.38,0.04 ,0.94167, 0.0294438,0.0288861,0.0583299
0.39,0.04 ,0.939782, 0.0295063,0.0307119,0.0602182
0.4,0.04 ,0.937749, 0.0295691,0.032682,0.0622511
0.41,0.04 ,0.935555, 0.0296322,0.0348123,0.0644446
0.42,0.04 ,0.933183, 0.0296957,0.037121,0.0668167
0.43,0.04 ,0.930612, 0.0297595,0.0396284,0.0693879
0.44,0.04 ,0.927818, 0.0298237,0.0423581,0.0721817
0.45,0.04 ,0.924775, 0.0298882,0.0453365,0.0752247
0.46,0.04 ,0.921453, 0.029953,0.0485938,0.0785468
0.47,0.04 ,0.917818, 0.0300182,0.0521642,0.0821824
0.48,0.04 ,0.91383, 0.0300837,0.0560863,0.08617
0.49,0.04 ,0.909447, 0.0301496,0.0604033,0.0905528
0.5,0.04 ,0.904621, 0.0302158,0.0651633,0.0953791
0.51,0.04 ,0.899298, 0.0302824,0.0704192,0.100702
0.52,0.04 ,0.893422, 0.0303493,0.0762283,0.106578
0.53,0.04 ,0.886932, 0.0304165,0.082651,0.113068
0.54,0.04 ,0.879767, 0.0304842,0.089749,0.120233
0.55,0.04 ,0.871865, 0.0305522,0.0975828,0.128135
0.56,0.04 ,0.863172, 0.0306205,0.106208,0.136828
0.57,0.04 ,0.853641, 0.0306892,0.115669,0.146359
0.58,0.04 ,0.843244, 0.0307583,0.125998,0.156756
0.59,0.04 ,0.831968, 0.0308277,0.137204,0.168032
0.6,0.04 ,0.819827, 0.0308975,0.149275,0.180173
0.61,0.04 ,0.806861, 0.0309677,0.162171,0.193139
0.62,0.04 ,0.793133, 0.0310382,0.175829,0.206867
0.63,0.04 ,0.77873, 0.0311091,0.190161,0.22127
0.64,0.04 ,0.763752, 0.0311804,0.205068,0.236248
0.65,0.04 ,0.74831, 0.0312521,0.220437,0.25169
0.66,0.04 ,0.732519, 0.0313241,0.236157,0.267481
0.67,0.04 ,0.716488, 0.0313965,0.252116,0.283512
0.68,0.04 ,0.700319, 0.0314693,0.268212,0.299681
0.69,0.04 ,0.684104, 0.0315425,0.284353,0.315896
0.7,0.04 ,0.667926, 0.031616,0.300458,0.332074
0.71,0.04 ,0.651851, 0.03169,0.316459,0.348149
0.72,0.04 ,0.635938, 0.0317643,0.332298,0.364062
0.73,0.04 ,0.620232, 0.031839,0.347929,0.379768
0.74,0.04 ,0.604772, 0.0319141,0.363314,0.395228
0.75,0.04 ,0.589586, 0.0319896,0.378424,0.410414
0.76,0.04 ,0.574697, 0.0320655,0.393237,0.425303
0.77,0.04 ,0.560121, 0.0321418,0.407737,0.439879
0.78,0.04 ,0.545869, 0.0322185,0.421912,0.454131
0.79,0.04 ,0.53195, 0.0322955,0.435755,0.46805
0.8,0.04 ,0.518366, 0.032373,0.449261,0.481634
0.81,0.04 ,0.50512, 0.0324509,0.462429,0.49488
0.82,0.04 ,0.492211, 0.0325292,0.475259,0.507789
0.83,0.04 ,0.479637, 0.0326078,0.487755,0.520363
0.84,0.04 ,0.467394, 0.0326869,0.499919,0.532606
0.85,0.04 ,0.455477, 0.0327664,0.511757,0.544523
0.86,0.04 ,0.44388, 0.0328463,0.523273,0.55612
0.87,0.04 ,0.432598, 0.0329266,0.534476,0.567402
0.88,0.04 ,0.421623, 0.0330073,0.54537,0.578377
0.89,0.04 ,0.410948, 0.0330885,0.555963,0.589052
0.9,0.04 ,0.400567, 0.03317,0.566263,0.599433
0.91,0.04 ,0.390471, 0.033252,0.576277,0.609529
0.92,0.04 ,0.380653, 0.0333343,0.586012,0.619347
0.93,0.04 ,0.371106, 0.0334171,0.595477,0.628894
0.94,0.04 ,0.361822, 0.0335003,0.604678,0.638178
0.95,0.04 ,0.352793, 0.033584,0.613623,0.647207
0.96,0.04 ,0.344013, 0.033668,0.622319,0.655987
0.97,0.04 ,0.335473, 0.0337525,0.630774,0.664527
0.98,0.04 ,0.327168, 0.0338374,0.638995,0.672832
0.99,0.04 ,0.319089, 0.0339227,0.646988,0.680911
1,0.04 ,0.311231, 0.0340085,0.654761,0.688769
0,0.05 ,0.970426, 0.0273069,0.00226739,0.0295743
0.01,0.05 ,0.970108, 0.0273581,0.00253388,0.029892
0.02,0.05 ,0.96978, 0.0274096,0.00281023,0.0302198
0.03,0.05 ,0.969442, 0.0274613,0.00309693,0.0305582
0.04,0.05 ,0.969092, 0.0275133,0.00339451,0.0309078
0.05,0.05 ,0.968731, 0.0275655,0.00370354,0.0312691
0.06,0.05 ,0.968357, 0.0276181,0.00402461,0.0316427
0.07,0.05 ,0.967971, 0.0276709,0.00435838,0.0320293
0.08,0.05 ,0.96757, 0.027724,0.00470555,0.0324295
0.09,0.05 ,0.967156, 0.0277773,0.00506685,0.0328442
0.1,0.05 ,0.966726, 0.027831,0.00544308,0.0332741
0.11,0.05 ,0.96628, 0.0278849,0.0058351,0.03372
0.12,0.05 ,0.965817, 0.0279391,0.00624383,0.0341829
0.13,0.05 ,0.965336, 0.0279936,0.00667028,0.0346639
0.14,0.05 ,0.964836, 0.0280484,0.0071155,0.0351639
0.15,0.05 ,0.964316, 0.0281034,0.00758065,0.0356841
0.16,0.05 ,0.963774, 0.0281588,0.008067,0.0362258
0.17,0.05 ,0.96321, 0.0282144,0.0085759,0.0367903
0.18,0.05 ,0.962621, 0.0282703,0.00910882,0.0373792
0.19,0.05 ,0.962006, 0.0283266,0.00966736,0.0379939
0.2,0.05 ,0.961364, 0.0283831,0.0102533,0.0386364
0.21,0.05 ,0.960692, 0.0284399,0.0108684,0.0393083
0.22,0.05 ,0.959988, 0.028497,0.0115149,0.0400119
0.23,0.05 ,0.959251, 0.0285545,0.012195,0.0407495
0.24,0.05 ,0.958477, 0.0286122,0.0129112,0.0415233
0.25,0.05 ,0.957664, 0.0286702,0.0136661,0.0423363
0.26,0.05 ,0.956809, 0.0287285,0.0144629,0.0431914
0.27,0.05 ,0.955908, 0.0287872,0.0153048,0.0440919
0.28,0.05 ,0.954959, 0.0288461,0.0161954,0.0450415
0.29,0.05 ,0.953956, 0.0289054,0.0171387,0.0460441
0.3,0.05 ,0.952896, 0.028965,0.0181393,0.0471043
0.31,0.05 ,0.951773, 0.0290249,0.0192021,0.0482269
0.32,0.05 ,0.950582, 0.0290851,0.0203325,0.0494176
0.33,0.05 ,0.949318, 0.0291456,0.0215368,0.0506824
0.34,0.05 ,0.947972, 0.0292064,0.0228219,0.0520283
0.35,0.05 ,0.946537, 0.0292676,0.0241953,0.0534629
0.36,0.05 ,0.945005, 0.0293291,0.0256659,0.054995
0.37,0.05 ,0.943366, 0.0293909,0.0272433,0.0566342
0.38,0.05 ,0.941609, 0.029453,0.0289384,0.0583915
0.39,0.05 ,0.939721, 0.0295155,0.0307638,0.0602793
0.4,0.05 ,0.937688, 0.0295783,0.0327334,0.0623117
0.41,0.05 ,0.935495, 0.0296415,0.0348631,0.0645046
0.42,0.05 ,0.933124, 0.0297049,0.037171,0.066876
0.43,0.05 ,0.930554, 0.0297687,0.0396777,0.0694465
0.44,0.05 ,0.927761, 0.0298329,0.0424065,0.0722394
0.45,0.05 ,0.924719, 0.0298974,0.0453839,0.0752813
0.46,0.05 ,0.921398, 0.0299622,0.0486401,0.0786023
0.47,0.05 ,0.917763, 0.0300274,0.0522093,0.0822366
0.48,0.05 ,0.913777, 0.0300929,0.0561299,0.0862227
0.49,0.05 ,0.909396, 0.0301587,0.0604451,0.0906039
0.5,0.05 ,0.904572, 0.0302249,0.0652032,0.0954281
0.51,0.05 ,0.899252, 0.0302915,0.070457,0.100748
0.52,0.05 ,0.893378, 0.0303584,0.0762635,0.106622
0.53,0.05 ,0.886891, 0.0304257,0.0826833,0.113109
0.54,0.05 ,0.879729, 0.0304933,0.0897781,0.120271
0.55,0.05 ,0.87183, 0.0305613,0.0976084,0.12817
0.56,0.05 ,0.863141, 0.0306296,0.106229,0.136859
0.57,0.05 ,0.853615, 0.0306983,0.115687,0.146385
0.58,0.05 ,0.843222, 0.0307674,0.126011,0.156778
0.59,0.05 ,0.831951, 0.0308368,0.137212,0.168049
0.6,0.05 ,0.819815, 0.0309066,0.149278,0.180185
0.61,0.05 ,0.806854, 0.0309768,0.162169,0.193146
0.62,0.05 ,0.793131, 0.0310473,0.175822,0.206869
0.63,0.05 ,0.778732, 0.0311182,0.19015,0.221268
0.64,0.05 ,0.763758, 0.0311895,0.205052,0.236242
0.65,0.05 ,0.748321, 0.0312611,0.220418,0.251679
0.66,0.05 ,0.732533, 0.0313331,0.236134,0.267467
0.67,0.05 ,0.716505, 0.0314055,0.252089,0.283495
0.68,0.05 ,0.700339, 0.0314783,0.268183,0.299661
0.69,0.05 ,0.684127, 0.0315515,0.284321,0.315873
0.7,0.05 ,0.667951, 0.031625,0.300424,0.332049
0.71,0.05 ,0.651878, 0.031699,0.316423,0.348122
0.72,0.05 ,0.635966, 0.0317733,0.332261,0.364034
0.73,0.05 ,0.620262, 0.031848,0.34789,0.379738
0.74,0.05 ,0.604802, 0.0319231,0.363275,0.395198
0.75,0.05 ,0.589617, 0.0319986,0.378384,0.410383
0.76,0.05 ,0.574729, 0.0320745,0.393197,0.425271
0.77,0.05 ,0.560153, 0.0321507,0.407696,0.439847
0.78,0.05 ,0.545902, 0.0322274,0.421871,0.454098
0.79,0.05 ,0.531982, 0.0323045,0.435713,0.468018
0.8,0.05 ,0.518399, 0.0323819,0.449219,0.481601
0.81,0.05 ,0.505153, 0.0324598,0.462387,0.494847
0.82,0.05 ,0.492244, 0.0325381,0.475218,0.507756
0.83,0.05 ,0.47967, 0.0326167,0.487713,0.52033
0.84,0.05 ,0.467427, 0.0326958,0.499877,0.532573
0.85,0.05 ,0.45551, 0.0327753,0.511715,0.54449
0.86,0.05 ,0.443913, 0.0328552,0.523232,0.556087
0.87,0.05 ,0.43263, 0.0329355,0.534434,0.56737
0.88,0.05 ,0.421655, 0.0330162,0.545329,0.578345
0.89,0.05 ,0.41098, 0.0330973,0.555922,0.58902
0.9,0.05 ,0.400599, 0.0331788,0.566223,0.599401
0.91,0.05 ,0.390502, 0.0332608,0.576237,0.609498
0.92,0.05 ,0.380684, 0.0333432,0.585973,0.619316
0.93,0.05 ,0.371137, 0.0334259,0.595437,0.628863
0.94,0.05 ,0.361852, 0.0335091,0.604639,0.638148
0.95,0.05 ,0.352823, 0.0335928,0.613584,0.647177
0.96,0.05 ,0.344042, 0.0336768,0.622281,0.655958
0.97,0.05 ,0.335503, 0.0337613,0.630736,0.664497
0.98,0.05 ,0.327197, 0.0338461,0.638957,0.672803
0.99,0.05 ,0.319118, 0.0339314,0.646951,0.680882
1,0.05 ,0.311259, 0.0340172,0.654723,0.688741
0,0.06 ,0.970357, 0.0273164,0.00232623,0.0296426
0.01,0.06 ,0.97004, 0.0273676,0.0025927,0.0299603
0.02,0.06 ,0.969712, 0.027419,0.00286903,0.0302881
0.03,0.06 ,0.969374, 0.0274708,0.0031557,0.0306265
0.04,0.06 ,0.969024, 0.0275228,0.00345325,0.030976
0.05,0.06 ,0.968663, 0.027575,0.00376224,0.0313373
0.06,0.06 ,0.968289, 0.0276275,0.00408328,0.0317108
0.07,0.06 ,0.967903, 0.0276803,0.00441702,0.0320974
0.08,0.06 ,0.967502, 0.0277334,0.00476415,0.0324976
0.09,0.06 ,0.967088, 0.0277868,0.00512541,0.0329122
0.1,0.06 ,0.966658, 0.0278404,0.0055016,0.033342
0.11,0.06 ,0.966212, 0.0278943,0.00589357,0.0337879
0.12,0.06 ,0.965749, 0.0279485,0.00630226,0.0342508
0.13,0.06 ,0.965268, 0.028003,0.00672865,0.0347317
0.14,0.06 ,0.964768, 0.0280578,0.00717382,0.0352316
0.15,0.06 ,0.964248, 0.0281128,0.00763892,0.0357518
0.16,0.06 ,0.963707, 0.0281682,0.0081252,0.0362934
0.17,0.06 ,0.963142, 0.0282238,0.00863403,0.0368579
0.18,0.06 ,0.962553, 0.0282798,0.00916688,0.0374466
0.19,0.06 ,0.961939, 0.028336,0.00972535,0.0380613
0.2,0.06 ,0.961296, 0.0283925,0.0103112,0.0387037
0.21,0.06 ,0.960624, 0.0284493,0.0109262,0.0393755
0.22,0.06 ,0.959921, 0.0285064,0.0115726,0.0400791
0.23,0.06 ,0.959184, 0.0285638,0.0122526,0.0408165
0.24,0.06 ,0.95841, 0.0286215,0.0129687,0.0415902
0.25,0.06 ,0.957597, 0.0286796,0.0137235,0.0424031
0.26,0.06 ,0.956742, 0.0287379,0.0145202,0.0432581
0.27,0.06 ,0.955842, 0.0287965,0.0153619,0.0441584
0.28,0.06 ,0.954892, 0.0288555,0.0162523,0.0451078
0.29,0.06 ,0.95389, 0.0289147,0.0171955,0.0461102
0.3,0.06 ,0.95283, 0.0289743,0.0181959,0.0471702
0.31,0.06 ,0.951707, 0.0290342,0.0192585,0.0482926
0.32,0.06 ,0.950517, 0.0290944,0.0203887,0.0494831
0.33,0.06 ,0.949252, 0.0291549,0.0215927,0.0507476
0.34,0.06 ,0.947907, 0.0292157,0.0228775,0.0520932
0.35,0.06 ,0.946472, 0.0292769,0.0242507,0.0535276
0.36,0.06 ,0.944941, 0.0293384,0.0257209,0.0550593
0.37,0.06 ,0.943302, 0.0294002,0.0272978,0.056698
0.38,0.06 ,0.941545, 0.0294623,0.0289926,0.0584549
0.39,0.06 ,0.939658, 0.0295248,0.0308175,0.0603423
0.4,0.06 ,0.937626, 0.0295876,0.0327865,0.0623741
0.41,0.06 ,0.935434, 0.0296507,0.0349156,0.0645663
0.42,0.06 ,0.933063, 0.0297142,0.0372229,0.066937
0.43,0.06 ,0.930493, 0.029778,0.0397288,0.0695068
0.44,0.06 ,0.927701, 0.0298421,0.0424567,0.0722988
0.45,0.06 ,0.92466, 0.0299066,0.0454331,0.0753397
0.46,0.06 ,0.92134, 0.0299714,0.0486881,0.0786595
0.47,0.06 ,0.917708, 0.0300366,0.0522559,0.0822925
0.48,0.06 ,0.913723, 0.0301021,0.056175,0.0862771
0.49,0.06 ,0.909344, 0.0301679,0.0604885,0.0906565
0.5,0.06 ,0.904521, 0.0302342,0.0652446,0.0954788
0.51,0.06 ,0.899203, 0.0303007,0.0704961,0.100797
0.52,0.06 ,0.893332, 0.0303676,0.0763001,0.106668
0.53,0.06 ,0.886848, 0.0304349,0.082717,0.113152
0.54,0.06 ,0.879689, 0.0305025,0.0898085,0.120311
0.55,0.06 ,0.871794, 0.0305705,0.097635,0.128206
0.56,0.06 ,0.863109, 0.0306388,0.106252,0.136891
0.57,0.06 ,0.853588, 0.0307075,0.115705,0.146412
0.58,0.06 ,0.843199, 0.0307765,0.126024,0.156801
0.59,0.06 ,0.831933, 0.030846,0.137221,0.168067
0.6,0.06 ,0.819802, 0.0309157,0.149282,0.180198
0.61,0.06 ,0.806846, 0.0309859,0.162168,0.193154
0.62,0.06 ,0.793128, 0.0310564,0.175815,0.206872
0.63,0.06 ,0.778734, 0.0311273,0.190139,0.221266
0.64,0.06 ,0.763765, 0.0311986,0.205036,0.236235
0.65,0.06 ,0.748332, 0.0312702,0.220398,0.251668
0.66,0.06 ,0.732548, 0.0313422,0.23611,0.267452
0.67,0.06 ,0.716523, 0.0314146,0.252063,0.283477
0.68,0.06 ,0.70036, 0.0314874,0.268153,0.29964
0.69,0.06 ,0.68415, 0.0315606,0.284289,0.31585
0.7,0.06 ,0.667976, 0.0316341,0.30039,0.332024
0.71,0.06 ,0.651905, 0.031708,0.316387,0.348095
0.72,0.06 ,0.635994, 0.0317823,0.332223,0.364006
0.73,0.06 ,0.620291, 0.031857,0.347852,0.379709
0.74,0.06 ,0.604833, 0.0319321,0.363235,0.395167
0.75,0.06 ,0.589649, 0.0320076,0.378343,0.410351
0.76,0.06 ,0.574761, 0.0320835,0.393155,0.425239
0.77,0.06 ,0.560186, 0.0321597,0.407654,0.439814
0.78,0.06 ,0.545935, 0.0322364,0.421828,0.454065
0.79,0.06 ,0.532016, 0.0323134,0.435671,0.467984
0.8,0.06 ,0.518433, 0.0323909,0.449176,0.481567
0.81,0.06 ,0.505187, 0.0324688,0.462344,0.494813
0.82,0.06 ,0.492278, 0.032547,0.475175,0.507722
0.83,0.06 ,0.479704, 0.0326257,0.48767,0.520296
0.84,0.06 ,0.467461, 0.0327047,0.499835,0.532539
0.85,0.06 ,0.455543, 0.0327842,0.511673,0.544457
0.86,0.06 ,0.443946, 0.0328641,0.52319,0.556054
0.87,0.06 ,0.432663, 0.0329444,0.534392,0.567337
0.88,0.06 ,0.421688, 0.0330251,0.545287,0.578312
0.89,0.06 ,0.411013, 0.0331062,0.555881,0.588987
0.9,0.06 ,0.400631, 0.0331877,0.566181,0.599369
0.91,0.06 ,0.390535, 0.0332697,0.576196,0.609465
0.92,0.06 ,0.380716, 0.033352,0.585932,0.619284
0.93,0.06 ,0.371168, 0.0334348,0.595397,0.628832
0.94,0.06 ,0.361883, 0.033518,0.604599,0.638117
0.95,0.06 ,0.352854, 0.0336016,0.613544,0.647146
0.96,0.06 ,0.344073, 0.0336856,0.622242,0.655927
0.97,0.06 ,0.335533, 0.0337701,0.630697,0.664467
0.98,0.06 ,0.327227, 0.0338549,0.638919,0.672773
0.99,0.06 ,0.319147, 0.0339402,0.646912,0.680853
1,0.06 ,0.311288, 0.034026,0.654686,0.688712
0,0.07 ,0.970287, 0.027326,0.00238708,0.029713
0.01,0.07 ,0.969969, 0.0273771,0.00265352,0.0300307
0.02,0.07 ,0.969642, 0.0274286,0.00292982,0.0303584
0.03,0.07 ,0.969303, 0.0274803,0.00321646,0.0306968
0.04,0.07 ,0.968954, 0.0275323,0.00351398,0.0310463
0.05,0.07 ,0.968593, 0.0275845,0.00382294,0.0314075
0.06,0.07 ,0.968219, 0.0276371,0.00414394,0.031781
0.07,0.07 ,0.967832, 0.0276899,0.00447765,0.0321675
0.08,0.07 ,0.967432, 0.0277429,0.00482473,0.0325677
0.09,0.07 ,0.967018, 0.0277963,0.00518595,0.0329823
0.1,0.07 ,0.966588, 0.0278499,0.0055621,0.033412
0.11,0.07 ,0.966142, 0.0279038,0.00595403,0.0338579
0.12,0.07 ,0.965679, 0.027958,0.00636267,0.0343207
0.13,0.07 ,0.965198, 0.0280125,0.00678901,0.0348015
0.14,0.07 ,0.964699, 0.0280673,0.00723412,0.0353014
0.15,0.07 ,0.964179, 0.0281223,0.00769916,0.0358215
0.16,0.07 ,0.963637, 0.0281777,0.00818538,0.036363
0.17,0.07 ,0.963073, 0.0282333,0.00869414,0.0369274
0.18,0.07 ,0.962484, 0.0282892,0.00922692,0.0375161
0.19,0.07 ,0.961869, 0.0283454,0.0097853,0.0381307
0.2,0.07 ,0.961227, 0.0284019,0.010371,0.038773
0.21,0.07 ,0.960555, 0.0284588,0.010986,0.0394448
0.22,0.07 ,0.959852, 0.0285159,0.0116323,0.0401482
0.23,0.07 ,0.959115, 0.0285733,0.0123122,0.0408855
0.24,0.07 ,0.958341, 0.028631,0.0130281,0.0416591
0.25,0.07 ,0.957528, 0.028689,0.0137829,0.0424719
0.26,0.07 ,0.956673, 0.0287473,0.0145794,0.0433267
0.27,0.07 ,0.955773, 0.0288059,0.0154209,0.0442269
0.28,0.07 ,0.954824, 0.0288649,0.0163112,0.0451761
0.29,0.07 ,0.953822, 0.0289241,0.0172542,0.0461784
0.3,0.07 ,0.952762, 0.0289837,0.0182544,0.0472381
0.31,0.07 ,0.95164, 0.0290436,0.0193168,0.0483603
0.32,0.07 ,0.950449, 0.0291038,0.0204468,0.0495505
0.33,0.07 ,0.949185, 0.0291643,0.0216506,0.0508148
0.34,0.07 ,0.94784, 0.0292251,0.022935,0.0521601
0.35,0.07 ,0.946406, 0.0292863,0.0243079,0.0535941
0.36,0.07 ,0.944875, 0.0293477,0.0257777,0.0551255
0.37,0.07 ,0.943236, 0.0294096,0.0273543,0.0567639
0.38,0.07 ,0.94148, 0.0294717,0.0290486,0.0585203
0.39,0.07 ,0.939593, 0.0295341,0.030873,0.0604071
0.4,0.07 ,0.937562, 0.0295969,0.0328415,0.0624384
0.41,0.07 ,0.93537, 0.0296601,0.0349699,0.06463
0.42,0.07 ,0.933, 0.0297235,0.0372765,0.067
0.43,0.07 ,0.930431, 0.0297873,0.0397816,0.0695689
0.44,0.07 ,0.92764, 0.0298514,0.0425086,0.07236
0.45,0.07 ,0.9246, 0.0299159,0.0454839,0.0753998
0.46,0.07 ,0.921281, 0.0299807,0.0487378,0.0787185
0.47,0.07 ,0.91765, 0.0300459,0.0523042,0.0823501
0.48,0.07 ,0.913667, 0.0301114,0.0562217,0.0863331
0.49,0.07 ,0.909289, 0.0301772,0.0605335,0.0907107
0.5,0.07 ,0.904469, 0.0302434,0.0652876,0.095531
0.51,0.07 ,0.899153, 0.03031,0.0705367,0.100847
0.52,0.07 ,0.893285, 0.0303769,0.0763381,0.106715
0.53,0.07 ,0.886804, 0.0304441,0.082752,0.113196
0.54,0.07 ,0.879648, 0.0305117,0.0898401,0.120352
0.55,0.07 ,0.871757, 0.0305797,0.0976629,0.128243
0.56,0.07 ,0.863076, 0.030648,0.106276,0.136924
0.57,0.07 ,0.853559, 0.0307167,0.115724,0.146441
0.58,0.07 ,0.843176, 0.0307857,0.126039,0.156824
0.59,0.07 ,0.831915, 0.0308552,0.13723,0.168085
0.6,0.07 ,0.819789, 0.0309249,0.149286,0.180211
0.61,0.07 ,0.806838, 0.0309951,0.162167,0.193162
0.62,0.07 ,0.793125, 0.0310656,0.175809,0.206875
0.63,0.07 ,0.778736, 0.0311365,0.190127,0.221264
0.64,0.07 ,0.763772, 0.0312077,0.20502,0.236228
0.65,0.07 ,0.748343, 0.0312794,0.220378,0.251657
0.66,0.07 ,0.732563, 0.0313514,0.236086,0.267437
0.67,0.07 ,0.716541, 0.0314238,0.252035,0.283459
0.68,0.07 ,0.700381, 0.0314965,0.268123,0.299619
0.69,0.07 ,0.684174, 0.0315697,0.284256,0.315826
0.7,0.07 ,0.668002, 0.0316432,0.300355,0.331998
0.71,0.07 ,0.651933, 0.0317171,0.31635,0.348067
0.72,0.07 ,0.636024, 0.0317914,0.332185,0.363976
0.73,0.07 ,0.620322, 0.0318661,0.347812,0.379678
0.74,0.07 ,0.604865, 0.0319412,0.363194,0.395135
0.75,0.07 ,0.589682, 0.0320167,0.378302,0.410318
0.76,0.07 ,0.574794, 0.0320925,0.393113,0.425206
0.77,0.07 ,0.56022, 0.0321688,0.407611,0.43978
0.78,0.07 ,0.545969, 0.0322454,0.421785,0.454031
0.79,0.07 ,0.53205, 0.0323225,0.435627,0.46795
0.8,0.07 ,0.518467, 0.0323999,0.449133,0.481533
0.81,0.07 ,0.505222, 0.0324778,0.462301,0.494778
0.82,0.07 ,0.492313, 0.032556,0.475131,0.507687
0.83,0.07 ,0.479739, 0.0326347,0.487627,0.520261
0.84,0.07 ,0.467495, 0.0327137,0.499791,0.532505
0.85,0.07 ,0.455578, 0.0327932,0.511629,0.544422
0.86,0.07 ,0.44398, 0.0328731,0.523146,0.55602
0.87,0.07 ,0.432697, 0.0329534,0.534349,0.567303
