Betamv, Betapv,V,Rs,Rv,P
0,0 ,0.976661, 0.0213392,0.002,0.0233392
0.01,0 ,0.976642, 0.0213401,0.00201772,0.0233578
0.02,0 ,0.976623, 0.0213409,0.00203598,0.0233769
0.03,0 ,0.976603, 0.0213418,0.0020548,0.0233966
0.04,0 ,0.976583, 0.0213426,0.00207422,0.0234168
0.05,0 ,0.976562, 0.0213435,0.00209425,0.0234377
0.06,0 ,0.976541, 0.0213444,0.00211495,0.0234593
0.07,0 ,0.976518, 0.0213452,0.00213633,0.0234816
0.08,0 ,0.976495, 0.0213461,0.00215845,0.0235046
0.09,0 ,0.976472, 0.021347,0.00218133,0.0235284
0.1,0 ,0.976447, 0.0213479,0.00220503,0.023553
0.11,0 ,0.976422, 0.0213488,0.00222958,0.0235784
0.12,0 ,0.976395, 0.0213498,0.00225505,0.0236048
0.13,0 ,0.976368, 0.0213507,0.00228148,0.0236322
0.14,0 ,0.976339, 0.0213516,0.00230894,0.0236606
0.15,0 ,0.97631, 0.0213526,0.00233749,0.0236901
0.16,0 ,0.976279, 0.0213535,0.00236719,0.0237207
0.17,0 ,0.976247, 0.0213545,0.00239814,0.0237526
0.18,0 ,0.976214, 0.0213554,0.0024304,0.0237858
0.19,0 ,0.97618, 0.0213564,0.00246407,0.0238205
0.2,0 ,0.976143, 0.0213574,0.00249926,0.0238567
0.21,0 ,0.976106, 0.0213584,0.00253606,0.0238945
0.22,0 ,0.976066, 0.0213594,0.00257461,0.023934
0.23,0 ,0.976025, 0.0213604,0.00261503,0.0239754
0.24,0 ,0.975981, 0.0213614,0.00265746,0.0240189
0.25,0 ,0.975935, 0.0213625,0.00270209,0.0240645
0.26,0 ,0.975887, 0.0213635,0.00274907,0.0241126
0.27,0 ,0.975837, 0.0213645,0.00279862,0.0241632
0.28,0 ,0.975783, 0.0213656,0.00285096,0.0242166
0.29,0 ,0.975727, 0.0213667,0.00290634,0.024273
0.3,0 ,0.975667, 0.0213677,0.00296504,0.0243328
0.31,0 ,0.975604, 0.0213688,0.0030274,0.0243962
0.32,0 ,0.975536, 0.0213699,0.00309376,0.0244637
0.33,0 ,0.975464, 0.021371,0.00316454,0.0245356
0.34,0 ,0.975388, 0.0213721,0.00324022,0.0246124
0.35,0 ,0.975305, 0.0213733,0.00332134,0.0246946
0.36,0 ,0.975217, 0.0213744,0.00340852,0.0247829
0.37,0 ,0.975122, 0.0213756,0.00350248,0.024878
0.38,0 ,0.975019, 0.0213767,0.00360408,0.0249808
0.39,0 ,0.974908, 0.0213779,0.00371431,0.0250922
0.4,0 ,0.974787, 0.0213791,0.00383433,0.0252134
0.41,0 ,0.974654, 0.0213803,0.00396555,0.0253458
0.42,0 ,0.974509, 0.0213815,0.00410963,0.0254911
0.43,0 ,0.974349, 0.0213827,0.0042686,0.0256513
0.44,0 ,0.974171, 0.0213839,0.00444492,0.0258289
0.45,0 ,0.973973, 0.0213852,0.00464164,0.0260268
0.46,0 ,0.973751, 0.0213864,0.00486254,0.026249
0.47,0 ,0.9735, 0.0213877,0.00511241,0.0265001
0.48,0 ,0.973214, 0.021389,0.00539738,0.0267864
0.49,0 ,0.972884, 0.0213903,0.00572541,0.0271157
0.5,0 ,0.972501, 0.0213916,0.00610705,0.0274987
0.51,0 ,0.972051, 0.021393,0.00655652,0.0279495
0.52,0 ,0.971512, 0.0213943,0.00709349,0.0284878
0.53,0 ,0.970859, 0.0213956,0.00774581,0.0291415
0.54,0 ,0.970049, 0.021397,0.00855419,0.0299512
0.55,0 ,0.969021, 0.0213984,0.0095802,0.0309786
0.56,0 ,0.967679, 0.0213998,0.0109207,0.0323205
0.57,0 ,0.965864, 0.0214012,0.012735,0.0341363
0.58,0 ,0.9633, 0.0214027,0.0152976,0.0367003
0.59,0 ,0.959497, 0.0214041,0.0190989,0.0405031
0.6,0 ,0.953581, 0.0214056,0.0250129,0.0464185
0.61,0 ,0.944184, 0.0214071,0.0344086,0.0558156
0.62,0 ,0.929954, 0.0214086,0.048637,0.0700456
0.63,0 ,0.910921, 0.0214101,0.0676684,0.0890785
0.64,0 ,0.888683, 0.0214116,0.0899049,0.111316
0.65,0 ,0.864949, 0.0214132,0.113638,0.135051
0.66,0 ,0.840797, 0.0214148,0.137788,0.159203
0.67,0 ,0.816801, 0.0214164,0.161783,0.183199
0.68,0 ,0.79325, 0.021418,0.185332,0.20675
0.69,0 ,0.770291, 0.0214196,0.208289,0.229709
0.7,0 ,0.747993, 0.0214213,0.230586,0.252007
0.71,0 ,0.726384, 0.0214229,0.252193,0.273616
0.72,0 ,0.70547, 0.0214246,0.273105,0.29453
0.73,0 ,0.685245, 0.0214264,0.293329,0.314755
0.74,0 ,0.665694, 0.0214281,0.312878,0.334306
0.75,0 ,0.646798, 0.0214299,0.331772,0.353202
0.76,0 ,0.628537, 0.0214317,0.350032,0.371463
0.77,0 ,0.610889, 0.0214335,0.367678,0.389111
0.78,0 ,0.593831, 0.0214353,0.384733,0.406169
0.79,0 ,0.577343, 0.0214372,0.40122,0.422657
0.8,0 ,0.561401, 0.021439,0.41716,0.438599
0.81,0 ,0.545985, 0.021441,0.432574,0.454015
0.82,0 ,0.531075, 0.0214429,0.447482,0.468925
0.83,0 ,0.51665, 0.0214449,0.461905,0.48335
0.84,0 ,0.502692, 0.0214468,0.475861,0.497308
0.85,0 ,0.489182, 0.0214489,0.489369,0.510818
0.86,0 ,0.476103, 0.0214509,0.502446,0.523897
0.87,0 ,0.463439, 0.021453,0.515108,0.536561
0.88,0 ,0.451173, 0.0214551,0.527372,0.548827
0.89,0 ,0.43929, 0.0214572,0.539253,0.56071
0.9,0 ,0.427775, 0.0214594,0.550765,0.572225
0.91,0 ,0.416615, 0.0214616,0.561923,0.583385
0.92,0 ,0.405796, 0.0214638,0.57274,0.594204
0.93,0 ,0.395306, 0.0214661,0.583228,0.604694
0.94,0 ,0.385132, 0.0214684,0.593399,0.614868
0.95,0 ,0.375263, 0.0214707,0.603266,0.624737
0.96,0 ,0.365688, 0.0214731,0.612839,0.634312
0.97,0 ,0.356395, 0.0214755,0.62213,0.643605
0.98,0 ,0.347375, 0.0214779,0.631147,0.652625
0.99,0 ,0.338619, 0.0214804,0.639901,0.661381
1,0 ,0.330116, 0.0214829,0.648401,0.669884
0,0.01 ,0.976387, 0.0214131,0.00220016,0.0236133
0.01,0.01 ,0.976368, 0.021414,0.00221788,0.0236319
0.02,0.01 ,0.976349, 0.0214148,0.00223613,0.023651
0.03,0.01 ,0.976329, 0.0214157,0.00225495,0.0236706
0.04,0.01 ,0.976309, 0.0214165,0.00227436,0.0236909
0.05,0.01 ,0.976288, 0.0214174,0.00229439,0.0237118
0.06,0.01 ,0.976267, 0.0214183,0.00231508,0.0237334
0.07,0.01 ,0.976244, 0.0214192,0.00233645,0.0237556
0.08,0.01 ,0.976221, 0.02142,0.00235856,0.0237786
0.09,0.01 ,0.976198, 0.0214209,0.00238144,0.0238024
0.1,0.01 ,0.976173, 0.0214218,0.00240512,0.023827
0.11,0.01 ,0.976148, 0.0214227,0.00242967,0.0238524
0.12,0.01 ,0.976121, 0.0214237,0.00245513,0.0238788
0.13,0.01 ,0.976094, 0.0214246,0.00248155,0.0239061
0.14,0.01 ,0.976065, 0.0214255,0.002509,0.0239345
0.15,0.01 ,0.976036, 0.0214265,0.00253753,0.023964
0.16,0.01 ,0.976005, 0.0214274,0.00256723,0.0239946
0.17,0.01 ,0.975973, 0.0214284,0.00259816,0.0240265
0.18,0.01 ,0.97594, 0.0214293,0.00263041,0.0240597
0.19,0.01 ,0.975906, 0.0214303,0.00266407,0.0240944
0.2,0.01 ,0.975869, 0.0214313,0.00269924,0.0241305
0.21,0.01 ,0.975832, 0.0214323,0.00273603,0.0241683
0.22,0.01 ,0.975792, 0.0214333,0.00277456,0.0242078
0.23,0.01 ,0.975751, 0.0214343,0.00281495,0.0242492
0.24,0.01 ,0.975707, 0.0214353,0.00285737,0.0242927
0.25,0.01 ,0.975662, 0.0214363,0.00290197,0.0243383
0.26,0.01 ,0.975614, 0.0214374,0.00294893,0.0243863
0.27,0.01 ,0.975563, 0.0214384,0.00299845,0.0244369
0.28,0.01 ,0.97551, 0.0214395,0.00305076,0.0244902
0.29,0.01 ,0.975453, 0.0214405,0.00310611,0.0245466
0.3,0.01 ,0.975394, 0.0214416,0.00316478,0.0246064
0.31,0.01 ,0.97533, 0.0214427,0.00322709,0.0246698
0.32,0.01 ,0.975263, 0.0214438,0.0032934,0.0247372
0.33,0.01 ,0.975191, 0.0214449,0.00336414,0.024809
0.34,0.01 ,0.975114, 0.021446,0.00343976,0.0248858
0.35,0.01 ,0.975032, 0.0214471,0.00352081,0.0249679
0.36,0.01 ,0.974944, 0.0214483,0.00360792,0.0250562
0.37,0.01 ,0.974849, 0.0214494,0.00370181,0.0251512
0.38,0.01 ,0.974746, 0.0214506,0.00380331,0.0252539
0.39,0.01 ,0.974635, 0.0214517,0.00391343,0.0253652
0.4,0.01 ,0.974514, 0.0214529,0.00403333,0.0254862
0.41,0.01 ,0.974381, 0.0214541,0.0041644,0.0256185
0.42,0.01 ,0.974236, 0.0214553,0.00430831,0.0257636
0.43,0.01 ,0.974076, 0.0214565,0.00446708,0.0259236
0.44,0.01 ,0.973899, 0.0214578,0.00464316,0.0261009
0.45,0.01 ,0.973701, 0.021459,0.00483959,0.0262986
0.46,0.01 ,0.97348, 0.0214603,0.00506015,0.0265204
0.47,0.01 ,0.973229, 0.0214615,0.00530959,0.0267711
0.48,0.01 ,0.972943, 0.0214628,0.00559403,0.0270568
0.49,0.01 ,0.972614, 0.0214641,0.0059214,0.0273855
0.5,0.01 ,0.972232, 0.0214654,0.00630219,0.0277676
0.51,0.01 ,0.971783, 0.0214667,0.00675056,0.0282173
0.52,0.01 ,0.971246, 0.0214681,0.00728607,0.0287542
0.53,0.01 ,0.970594, 0.0214694,0.00793641,0.0294058
0.54,0.01 ,0.969787, 0.0214708,0.00874202,0.0302128
0.55,0.01 ,0.968764, 0.0214722,0.00976403,0.0312362
0.56,0.01 ,0.967428, 0.0214736,0.0110985,0.0325721
0.57,0.01 ,0.965622, 0.021475,0.0129035,0.0343785
0.58,0.01 ,0.963073, 0.0214764,0.0154505,0.036927
0.59,0.01 ,0.959297, 0.0214779,0.0192251,0.040703
0.6,0.01 ,0.953428, 0.0214794,0.0250923,0.0465717
0.61,0.01 ,0.944107, 0.0214808,0.0344122,0.055893
0.62,0.01 ,0.929973, 0.0214823,0.0485443,0.0700266
0.63,0.01 ,0.911025, 0.0214839,0.067491,0.0889749
0.64,0.01 ,0.888841, 0.0214854,0.089673,0.111158
0.65,0.01 ,0.865137, 0.0214869,0.113376,0.134863
0.66,0.01 ,0.841002, 0.0214885,0.13751,0.158998
0.67,0.01 ,0.817013, 0.0214901,0.161496,0.182987
0.68,0.01 ,0.793467, 0.0214917,0.185042,0.206533
0.69,0.01 ,0.770509, 0.0214933,0.207998,0.229491
0.7,0.01 ,0.74821, 0.021495,0.230295,0.25179
0.71,0.01 ,0.7266, 0.0214967,0.251903,0.2734
0.72,0.01 ,0.705684, 0.0214984,0.272817,0.294316
0.73,0.01 ,0.685457, 0.0215001,0.293043,0.314543
0.74,0.01 ,0.665903, 0.0215018,0.312595,0.334097
0.75,0.01 ,0.647004, 0.0215036,0.331492,0.352996
0.76,0.01 ,0.628741, 0.0215054,0.349754,0.371259
0.77,0.01 ,0.61109, 0.0215072,0.367403,0.38891
0.78,0.01 ,0.594029, 0.021509,0.384462,0.405971
0.79,0.01 ,0.577538, 0.0215109,0.400951,0.422462
0.8,0.01 ,0.561593, 0.0215127,0.416894,0.438407
0.81,0.01 ,0.546175, 0.0215146,0.432311,0.453825
0.82,0.01 ,0.531261, 0.0215166,0.447222,0.468739
0.83,0.01 ,0.516834, 0.0215185,0.461648,0.483166
0.84,0.01 ,0.502873, 0.0215205,0.475607,0.497127
0.85,0.01 ,0.48936, 0.0215225,0.489117,0.51064
0.86,0.01 ,0.476279, 0.0215246,0.502197,0.523721
0.87,0.01 ,0.463611, 0.0215266,0.514862,0.536389
0.88,0.01 ,0.451343, 0.0215287,0.527129,0.548657
0.89,0.01 ,0.439457, 0.0215309,0.539012,0.560543
0.9,0.01 ,0.42794, 0.021533,0.550527,0.57206
0.91,0.01 ,0.416777, 0.0215352,0.561687,0.583223
0.92,0.01 ,0.405956, 0.0215374,0.572506,0.594044
0.93,0.01 ,0.395463, 0.0215397,0.582997,0.604537
0.94,0.01 ,0.385287, 0.021542,0.593171,0.614713
0.95,0.01 ,0.375416, 0.0215443,0.60304,0.624584
0.96,0.01 ,0.365838, 0.0215467,0.612616,0.634162
0.97,0.01 ,0.356543, 0.0215491,0.621908,0.643457
0.98,0.01 ,0.347521, 0.0215515,0.630928,0.652479
0.99,0.01 ,0.338762, 0.021554,0.639684,0.661238
1,0.01 ,0.330257, 0.0215565,0.648187,0.669743
0,0.02 ,0.976104, 0.0214878,0.00240772,0.0238955
0.01,0.02 ,0.976086, 0.0214887,0.00242543,0.0239141
0.02,0.02 ,0.976067, 0.0214895,0.00244368,0.0239332
0.03,0.02 ,0.976047, 0.0214903,0.00246249,0.0239528
0.04,0.02 ,0.976027, 0.0214912,0.00248189,0.0239731
0.05,0.02 ,0.976006, 0.0214921,0.00250192,0.023994
0.06,0.02 ,0.975984, 0.0214929,0.0025226,0.0240155
0.07,0.02 ,0.975962, 0.0214938,0.00254397,0.0240378
0.08,0.02 ,0.975939, 0.0214947,0.00256607,0.0240608
0.09,0.02 ,0.975915, 0.0214956,0.00258893,0.0240845
0.1,0.02 ,0.975891, 0.0214965,0.00261261,0.0241091
0.11,0.02 ,0.975865, 0.0214974,0.00263715,0.0241346
0.12,0.02 ,0.975839, 0.0214983,0.0026626,0.0241609
0.13,0.02 ,0.975812, 0.0214992,0.00268901,0.0241882
0.14,0.02 ,0.975783, 0.0215002,0.00271645,0.0242166
0.15,0.02 ,0.975754, 0.0215011,0.00274497,0.0242461
0.16,0.02 ,0.975723, 0.021502,0.00277466,0.0242767
0.17,0.02 ,0.975691, 0.021503,0.00280558,0.0243086
0.18,0.02 ,0.975658, 0.021504,0.00283781,0.0243418
0.19,0.02 ,0.975624, 0.0215049,0.00287146,0.0243764
0.2,0.02 ,0.975587, 0.0215059,0.00290661,0.0244125
0.21,0.02 ,0.97555, 0.0215069,0.00294338,0.0244503
0.22,0.02 ,0.97551, 0.0215079,0.00298189,0.0244898
0.23,0.02 ,0.975469, 0.0215089,0.00302227,0.0245312
0.24,0.02 ,0.975425, 0.0215099,0.00306467,0.0245746
0.25,0.02 ,0.97538, 0.0215109,0.00310924,0.0246202
0.26,0.02 ,0.975332, 0.021512,0.00315617,0.0246681
0.27,0.02 ,0.975281, 0.021513,0.00320567,0.0247187
0.28,0.02 ,0.975228, 0.0215141,0.00325795,0.024772
0.29,0.02 ,0.975172, 0.0215151,0.00331326,0.0248284
0.3,0.02 ,0.975112, 0.0215162,0.00337189,0.0248881
0.31,0.02 ,0.975049, 0.0215173,0.00343416,0.0249514
0.32,0.02 ,0.974981, 0.0215184,0.00350043,0.0250188
0.33,0.02 ,0.974909, 0.0215195,0.00357111,0.0250906
0.34,0.02 ,0.974833, 0.0215206,0.00364668,0.0251673
0.35,0.02 ,0.974751, 0.0215217,0.00372767,0.0252494
0.36,0.02 ,0.974662, 0.0215228,0.0038147,0.0253375
0.37,0.02 ,0.974568, 0.021524,0.0039085,0.0254325
0.38,0.02 ,0.974465, 0.0215251,0.00400991,0.0255351
0.39,0.02 ,0.974354, 0.0215263,0.00411992,0.0256462
0.4,0.02 ,0.974233, 0.0215275,0.00423969,0.0257672
0.41,0.02 ,0.974101, 0.0215287,0.00437061,0.0258993
0.42,0.02 ,0.973956, 0.0215299,0.00451435,0.0260442
0.43,0.02 ,0.973796, 0.0215311,0.00467291,0.026204
0.44,0.02 ,0.973619, 0.0215323,0.00484875,0.0263811
0.45,0.02 ,0.973422, 0.0215336,0.00504488,0.0265785
0.46,0.02 ,0.9732, 0.0215348,0.00526508,0.0267999
0.47,0.02 ,0.97295, 0.0215361,0.00551409,0.0270502
0.48,0.02 ,0.972665, 0.0215374,0.00579799,0.0273354
0.49,0.02 ,0.972337, 0.0215387,0.00612468,0.0276633
0.5,0.02 ,0.971955, 0.02154,0.0065046,0.0280446
0.51,0.02 ,0.971507, 0.0215413,0.00695184,0.0284931
0.52,0.02 ,0.970972, 0.0215426,0.00748585,0.0290285
0.53,0.02 ,0.970322, 0.021544,0.00813416,0.0296781
0.54,0.02 ,0.969518, 0.0215453,0.00893695,0.0304823
0.55,0.02 ,0.968498, 0.0215467,0.00995487,0.0315016
0.56,0.02 ,0.967169, 0.0215481,0.0112833,0.0328314
0.57,0.02 ,0.965372, 0.0215495,0.0130786,0.0346281
0.58,0.02 ,0.962839, 0.021551,0.0156098,0.0371608
0.59,0.02 ,0.95909, 0.0215524,0.0193572,0.0409096
0.6,0.02 ,0.953269, 0.0215539,0.0251766,0.0467305
0.61,0.02 ,0.944025, 0.0215553,0.034419,0.0559744
0.62,0.02 ,0.929991, 0.0215568,0.0484522,0.070009
0.63,0.02 ,0.91113, 0.0215584,0.0673113,0.0888696
0.64,0.02 ,0.889003, 0.0215599,0.0894366,0.110996
0.65,0.02 ,0.865331, 0.0215614,0.113108,0.134669
0.66,0.02 ,0.841212, 0.021563,0.137225,0.158788
0.67,0.02 ,0.817232, 0.0215646,0.161203,0.182768
0.68,0.02 ,0.793689, 0.0215662,0.184744,0.206311
0.69,0.02 ,0.770733, 0.0215678,0.207699,0.229267
0.7,0.02 ,0.748434, 0.0215695,0.229996,0.251566
0.71,0.02 ,0.726823, 0.0215711,0.251606,0.273177
0.72,0.02 ,0.705905, 0.0215728,0.272522,0.294095
0.73,0.02 ,0.685675, 0.0215745,0.29275,0.314325
0.74,0.02 ,0.666119, 0.0215763,0.312305,0.333881
0.75,0.02 ,0.647217, 0.021578,0.331205,0.352783
0.76,0.02 ,0.62895, 0.0215798,0.34947,0.37105
0.77,0.02 ,0.611297, 0.0215816,0.367122,0.388703
0.78,0.02 ,0.594233, 0.0215834,0.384183,0.405767
0.79,0.02 ,0.577739, 0.0215853,0.400676,0.422261
0.8,0.02 ,0.561791, 0.0215872,0.416622,0.438209
0.81,0.02 ,0.54637, 0.0215891,0.432041,0.45363
0.82,0.02 ,0.531453, 0.021591,0.446956,0.468547
0.83,0.02 ,0.517023, 0.0215929,0.461384,0.482977
0.84,0.02 ,0.503059, 0.0215949,0.475346,0.496941
0.85,0.02 ,0.489543, 0.0215969,0.48886,0.510457
0.86,0.02 ,0.476459, 0.021599,0.501942,0.523541
0.87,0.02 ,0.463789, 0.021601,0.51461,0.536211
0.88,0.02 ,0.451518, 0.0216031,0.526879,0.548482
0.89,0.02 ,0.439629, 0.0216053,0.538766,0.560371
0.9,0.02 ,0.428109, 0.0216074,0.550283,0.571891
0.91,0.02 ,0.416944, 0.0216096,0.561446,0.583056
0.92,0.02 ,0.40612, 0.0216118,0.572268,0.59388
0.93,0.02 ,0.395625, 0.0216141,0.582761,0.604375
0.94,0.02 ,0.385446, 0.0216163,0.592937,0.614554
0.95,0.02 ,0.375573, 0.0216187,0.602809,0.624427
0.96,0.02 ,0.365992, 0.021621,0.612387,0.634008
0.97,0.02 ,0.356695, 0.0216234,0.621682,0.643305
0.98,0.02 ,0.347671, 0.0216258,0.630703,0.652329
0.99,0.02 ,0.33891, 0.0216283,0.639462,0.66109
1,0.02 ,0.330402, 0.0216308,0.647967,0.669598
0,0.03 ,0.975814, 0.0215632,0.00262304,0.0241863
0.01,0.03 ,0.975795, 0.0215641,0.00264075,0.0242048
0.02,0.03 ,0.975776, 0.0215649,0.00265899,0.0242239
0.03,0.03 ,0.975756, 0.0215658,0.00267779,0.0242436
0.04,0.03 ,0.975736, 0.0215666,0.00269719,0.0242638
0.05,0.03 ,0.975715, 0.0215675,0.0027172,0.0242847
0.06,0.03 ,0.975694, 0.0215684,0.00273788,0.0243062
0.07,0.03 ,0.975672, 0.0215692,0.00275924,0.0243285
0.08,0.03 ,0.975649, 0.0215701,0.00278133,0.0243514
0.09,0.03 ,0.975625, 0.021571,0.00280419,0.0243752
0.1,0.03 ,0.9756, 0.0215719,0.00282786,0.0243998
0.11,0.03 ,0.975575, 0.0215728,0.00285239,0.0244252
0.12,0.03 ,0.975548, 0.0215737,0.00287783,0.0244515
0.13,0.03 ,0.975521, 0.0215746,0.00290423,0.0244789
0.14,0.03 ,0.975493, 0.0215756,0.00293165,0.0245072
0.15,0.03 ,0.975463, 0.0215765,0.00296017,0.0245367
0.16,0.03 ,0.975433, 0.0215774,0.00298984,0.0245673
0.17,0.03 ,0.975401, 0.0215784,0.00302074,0.0245991
0.18,0.03 ,0.975368, 0.0215794,0.00305297,0.0246323
0.19,0.03 ,0.975333, 0.0215803,0.0030866,0.0246669
0.2,0.03 ,0.975297, 0.0215813,0.00312173,0.024703
0.21,0.03 ,0.975259, 0.0215823,0.00315849,0.0247408
0.22,0.03 ,0.97522, 0.0215833,0.00319698,0.0247803
0.23,0.03 ,0.975178, 0.0215843,0.00323733,0.0248216
0.24,0.03 ,0.975135, 0.0215853,0.00327971,0.024865
0.25,0.03 ,0.975089, 0.0215863,0.00332426,0.0249106
0.26,0.03 ,0.975041, 0.0215873,0.00337117,0.0249585
0.27,0.03 ,0.974991, 0.0215884,0.00342063,0.025009
0.28,0.03 ,0.974938, 0.0215894,0.00347288,0.0250623
0.29,0.03 ,0.974881, 0.0215905,0.00352815,0.0251186
0.3,0.03 ,0.974822, 0.0215916,0.00358675,0.0251783
0.31,0.03 ,0.974758, 0.0215926,0.00364898,0.0252416
0.32,0.03 ,0.974691, 0.0215937,0.0037152,0.0253089
0.33,0.03 ,0.974619, 0.0215948,0.00378583,0.0253807
0.34,0.03 ,0.974543, 0.0215959,0.00386133,0.0254573
0.35,0.03 ,0.974461, 0.0215971,0.00394225,0.0255393
0.36,0.03 ,0.974373, 0.0215982,0.00402921,0.0256274
0.37,0.03 ,0.974278, 0.0215993,0.00412292,0.0257222
0.38,0.03 ,0.974175, 0.0216005,0.00422423,0.0258247
0.39,0.03 ,0.974064, 0.0216016,0.00433413,0.0259358
0.4,0.03 ,0.973943, 0.0216028,0.00445377,0.0260566
0.41,0.03 ,0.973811, 0.021604,0.00458454,0.0261885
0.42,0.03 ,0.973667, 0.0216052,0.00472809,0.0263333
0.43,0.03 ,0.973507, 0.0216064,0.00488645,0.0264929
0.44,0.03 ,0.97333, 0.0216076,0.00506203,0.0266697
0.45,0.03 ,0.973133, 0.0216089,0.00525786,0.0268667
0.46,0.03 ,0.972912, 0.0216101,0.0054777,0.0270878
0.47,0.03 ,0.972662, 0.0216114,0.00572626,0.0273377
0.48,0.03 ,0.972378, 0.0216127,0.0060096,0.0276223
0.49,0.03 ,0.97205, 0.021614,0.00633559,0.0279496
0.5,0.03 ,0.97167, 0.0216153,0.00671463,0.0283299
0.51,0.03 ,0.971223, 0.0216166,0.00716072,0.0287773
0.52,0.03 ,0.970689, 0.0216179,0.0076932,0.0293111
0.53,0.03 ,0.970041, 0.0216193,0.00833943,0.0299587
0.54,0.03 ,0.96924, 0.0216206,0.00913931,0.0307599
0.55,0.03 ,0.968225, 0.021622,0.0101531,0.0317751
0.56,0.03 ,0.966901, 0.0216234,0.0114752,0.0330986
0.57,0.03 ,0.965114, 0.0216248,0.0132607,0.0348855
0.58,0.03 ,0.962598, 0.0216262,0.0157758,0.0374021
0.59,0.03 ,0.958877, 0.0216277,0.0194954,0.0411231
0.6,0.03 ,0.953105, 0.0216291,0.0252662,0.0468953
0.61,0.03 ,0.94394, 0.0216306,0.0344294,0.05606
0.62,0.03 ,0.930007, 0.0216321,0.0483608,0.0699929
0.63,0.03 ,0.911237, 0.0216336,0.0671292,0.0887628
0.64,0.03 ,0.889169, 0.0216351,0.0891955,0.110831
0.65,0.03 ,0.86553, 0.0216367,0.112834,0.13447
0.66,0.03 ,0.841428, 0.0216382,0.136934,0.158572
0.67,0.03 ,0.817457, 0.0216398,0.160903,0.182543
0.68,0.03 ,0.793919, 0.0216414,0.18444,0.206081
0.69,0.03 ,0.770964, 0.0216431,0.207393,0.229036
0.7,0.03 ,0.748664, 0.0216447,0.229691,0.251336
0.71,0.03 ,0.727052, 0.0216464,0.251302,0.272948
0.72,0.03 ,0.706132, 0.021648,0.27222,0.293868
0.73,0.03 ,0.6859, 0.0216498,0.29245,0.3141
0.74,0.03 ,0.666341, 0.0216515,0.312008,0.333659
0.75,0.03 ,0.647436, 0.0216532,0.33091,0.352564
0.76,0.03 ,0.629167, 0.021655,0.349178,0.370833
0.77,0.03 ,0.61151, 0.0216568,0.366833,0.38849
0.78,0.03 ,0.594443, 0.0216586,0.383898,0.405557
0.79,0.03 ,0.577946, 0.0216605,0.400394,0.422054
0.8,0.03 ,0.561995, 0.0216623,0.416342,0.438005
0.81,0.03 ,0.54657, 0.0216642,0.431765,0.45343
0.82,0.03 ,0.531651, 0.0216662,0.446683,0.468349
0.83,0.03 ,0.517217, 0.0216681,0.461114,0.482783
0.84,0.03 ,0.503251, 0.0216701,0.475079,0.496749
0.85,0.03 ,0.489732, 0.0216721,0.488596,0.510268
0.86,0.03 ,0.476645, 0.0216741,0.501681,0.523355
0.87,0.03 ,0.463972, 0.0216762,0.514352,0.536028
0.88,0.03 ,0.451698, 0.0216783,0.526624,0.548302
0.89,0.03 ,0.439807, 0.0216804,0.538513,0.560193
0.9,0.03 ,0.428284, 0.0216825,0.550033,0.571716
0.91,0.03 ,0.417116, 0.0216847,0.561199,0.582884
0.92,0.03 ,0.40629, 0.0216869,0.572023,0.59371
0.93,0.03 ,0.395792, 0.0216892,0.582519,0.604208
0.94,0.03 ,0.385611, 0.0216915,0.592698,0.614389
0.95,0.03 ,0.375734, 0.0216938,0.602572,0.624266
0.96,0.03 ,0.366152, 0.0216961,0.612152,0.633848
0.97,0.03 ,0.356852, 0.0216985,0.62145,0.643148
0.98,0.03 ,0.347825, 0.0217009,0.630474,0.652175
0.99,0.03 ,0.339062, 0.0217034,0.639235,0.660938
1,0.03 ,0.330552, 0.0217059,0.647742,0.669448
0,0.04 ,0.975514, 0.0216394,0.0028465,0.0244859
0.01,0.04 ,0.975496, 0.0216403,0.0028642,0.0245045
0.02,0.04 ,0.975476, 0.0216411,0.00288243,0.0245235
0.03,0.04 ,0.975457, 0.021642,0.00290123,0.0245432
0.04,0.04 ,0.975437, 0.0216428,0.00292062,0.0245634
0.05,0.04 ,0.975416, 0.0216437,0.00294063,0.0245843
0.06,0.04 ,0.975394, 0.0216445,0.00296129,0.0246058
0.07,0.04 ,0.975372, 0.0216454,0.00298265,0.0246281
0.08,0.04 ,0.975349, 0.0216463,0.00300473,0.024651
0.09,0.04 ,0.975325, 0.0216472,0.00302758,0.0246748
0.1,0.04 ,0.975301, 0.0216481,0.00305124,0.0246993
0.11,0.04 ,0.975275, 0.021649,0.00307576,0.0247247
0.12,0.04 ,0.975249, 0.0216499,0.00310119,0.0247511
0.13,0.04 ,0.975222, 0.0216508,0.00312758,0.0247784
0.14,0.04 ,0.975193, 0.0216517,0.00315499,0.0248067
0.15,0.04 ,0.975164, 0.0216527,0.00318349,0.0248362
0.16,0.04 ,0.975133, 0.0216536,0.00321315,0.0248668
0.17,0.04 ,0.975101, 0.0216546,0.00324404,0.0248986
0.18,0.04 ,0.975068, 0.0216555,0.00327625,0.0249318
0.19,0.04 ,0.975034, 0.0216565,0.00330986,0.0249663
0.2,0.04 ,0.974998, 0.0216575,0.00334499,0.0250024
0.21,0.04 ,0.97496, 0.0216584,0.00338172,0.0250402
0.22,0.04 ,0.97492, 0.0216594,0.00342019,0.0250796
0.23,0.04 ,0.974879, 0.0216604,0.00346053,0.025121
0.24,0.04 ,0.974836, 0.0216614,0.00350288,0.0251643
0.25,0.04 ,0.97479, 0.0216625,0.0035474,0.0252099
0.26,0.04 ,0.974742, 0.0216635,0.00359428,0.0252578
0.27,0.04 ,0.974692, 0.0216645,0.00364372,0.0253082
0.28,0.04 ,0.974639, 0.0216656,0.00369593,0.0253615
0.29,0.04 ,0.974582, 0.0216666,0.00375117,0.0254178
0.3,0.04 ,0.974523, 0.0216677,0.00380973,0.0254774
0.31,0.04 ,0.974459, 0.0216688,0.00387191,0.0255407
0.32,0.04 ,0.974392, 0.0216698,0.00393808,0.0256079
0.33,0.04 ,0.97432, 0.0216709,0.00400866,0.0256796
0.34,0.04 ,0.974244, 0.021672,0.0040841,0.0257562
0.35,0.04 ,0.974162, 0.0216732,0.00416495,0.0258381
0.36,0.04 ,0.974074, 0.0216743,0.00425183,0.0259261
0.37,0.04 ,0.973979, 0.0216754,0.00434546,0.0260209
0.38,0.04 ,0.973877, 0.0216766,0.00444666,0.0261232
0.39,0.04 ,0.973766, 0.0216777,0.00455644,0.0262342
0.4,0.04 ,0.973645, 0.0216789,0.00467595,0.0263549
0.41,0.04 ,0.973513, 0.0216801,0.00480656,0.0264867
0.42,0.04 ,0.973369, 0.0216813,0.00494993,0.0266312
0.43,0.04 ,0.973209, 0.0216825,0.00510807,0.0267906
0.44,0.04 ,0.973033, 0.0216837,0.0052834,0.0269671
0.45,0.04 ,0.972836, 0.021685,0.00547892,0.0271639
0.46,0.04 ,0.972615, 0.0216862,0.00569838,0.0273846
0.47,0.04 ,0.972366, 0.0216875,0.00594648,0.027634
0.48,0.04 ,0.972082, 0.0216887,0.00622925,0.027918
0.49,0.04 ,0.971755, 0.02169,0.00655453,0.0282446
0.5,0.04 ,0.971376, 0.0216913,0.00693265,0.028624
0.51,0.04 ,0.97093, 0.0216927,0.00737756,0.0290702
0.52,0.04 ,0.970398, 0.021694,0.00790847,0.0296025
0.53,0.04 ,0.969752, 0.0216953,0.00855258,0.0302479
0.54,0.04 ,0.968954, 0.0216967,0.00934949,0.0310462
0.55,0.04 ,0.967943, 0.0216981,0.010359,0.032057
0.56,0.04 ,0.966626, 0.0216994,0.0116747,0.0333741
0.57,0.04 ,0.964849, 0.0217009,0.0134502,0.035151
0.58,0.04 ,0.962349, 0.0217023,0.0159488,0.0376511
0.59,0.04 ,0.958656, 0.0217037,0.0196401,0.0413438
0.6,0.04 ,0.952934, 0.0217052,0.0253612,0.0470664
0.61,0.04 ,0.94385, 0.0217066,0.0344435,0.0561501
0.62,0.04 ,0.930021, 0.0217081,0.0482703,0.0699784
0.63,0.04 ,0.911345, 0.0217096,0.0669447,0.0886543
0.64,0.04 ,0.889339, 0.0217112,0.0889496,0.110661
0.65,0.04 ,0.865734, 0.0217127,0.112553,0.134266
0.66,0.04 ,0.841651, 0.0217143,0.136635,0.158349
0.67,0.04 ,0.817689, 0.0217158,0.160595,0.182311
0.68,0.04 ,0.794155, 0.0217174,0.184128,0.205845
0.69,0.04 ,0.771201, 0.0217191,0.20708,0.228799
0.7,0.04 ,0.748902, 0.0217207,0.229377,0.251098
0.71,0.04 ,0.727288, 0.0217223,0.25099,0.272712
0.72,0.04 ,0.706366, 0.021724,0.27191,0.293634
0.73,0.04 ,0.686132, 0.0217257,0.292143,0.313868
0.74,0.04 ,0.66657, 0.0217275,0.311703,0.33343
0.75,0.04 ,0.647662, 0.0217292,0.330608,0.352338
0.76,0.04 ,0.62939, 0.021731,0.348879,0.37061
0.77,0.04 ,0.61173, 0.0217328,0.366538,0.38827
0.78,0.04 ,0.59466, 0.0217346,0.383605,0.40534
0.79,0.04 ,0.578159, 0.0217364,0.400104,0.421841
0.8,0.04 ,0.562205, 0.0217383,0.416056,0.437795
0.81,0.04 ,0.546777, 0.0217402,0.431482,0.453223
0.82,0.04 ,0.531855, 0.0217421,0.446403,0.468145
0.83,0.04 ,0.517418, 0.021744,0.460838,0.482582
0.84,0.04 ,0.503448, 0.021746,0.474806,0.496552
0.85,0.04 ,0.489927, 0.021748,0.488325,0.510073
0.86,0.04 ,0.476837, 0.02175,0.501413,0.523163
0.87,0.04 ,0.464161, 0.0217521,0.514087,0.535839
0.88,0.04 ,0.451884, 0.0217542,0.526362,0.548116
0.89,0.04 ,0.43999, 0.0217563,0.538254,0.56001
0.9,0.04 ,0.428464, 0.0217584,0.549777,0.571536
0.91,0.04 ,0.417294, 0.0217606,0.560946,0.582706
0.92,0.04 ,0.406465, 0.0217628,0.571773,0.593535
0.93,0.04 ,0.395964, 0.021765,0.582271,0.604036
0.94,0.04 ,0.38578, 0.0217673,0.592453,0.61422
0.95,0.04 ,0.375901, 0.0217696,0.602329,0.624099
0.96,0.04 ,0.366316, 0.021772,0.611912,0.633684
0.97,0.04 ,0.357014, 0.0217743,0.621212,0.642986
0.98,0.04 ,0.347984, 0.0217768,0.630239,0.652016
0.99,0.04 ,0.339219, 0.0217792,0.639002,0.660781
1,0.04 ,0.330707, 0.0217817,0.647512,0.669293
0,0.05 ,0.975205, 0.0217164,0.00307851,0.0247949
0.01,0.05 ,0.975187, 0.0217173,0.0030962,0.0248135
0.02,0.05 ,0.975167, 0.0217181,0.00311443,0.0248325
0.03,0.05 ,0.975148, 0.0217189,0.00313322,0.0248522
0.04,0.05 ,0.975128, 0.0217198,0.0031526,0.0248724
0.05,0.05 ,0.975107, 0.0217206,0.0031726,0.0248932
0.06,0.05 ,0.975085, 0.0217215,0.00319326,0.0249148
0.07,0.05 ,0.975063, 0.0217224,0.0032146,0.024937
0.08,0.05 ,0.97504, 0.0217233,0.00323668,0.0249599
0.09,0.05 ,0.975016, 0.0217241,0.00325952,0.0249837
0.1,0.05 ,0.974992, 0.021725,0.00328317,0.0250082
0.11,0.05 ,0.974966, 0.0217259,0.00330768,0.0250336
0.12,0.05 ,0.97494, 0.0217268,0.00333309,0.0250599
0.13,0.05 ,0.974913, 0.0217278,0.00335947,0.0250872
0.14,0.05 ,0.974884, 0.0217287,0.00338687,0.0251156
0.15,0.05 ,0.974855, 0.0217296,0.00341536,0.025145
0.16,0.05 ,0.974824, 0.0217306,0.00344501,0.0251756
0.17,0.05 ,0.974793, 0.0217315,0.00347588,0.0252074
0.18,0.05 ,0.974759, 0.0217325,0.00350808,0.0252405
0.19,0.05 ,0.974725, 0.0217334,0.00354167,0.0252751
0.2,0.05 ,0.974689, 0.0217344,0.00357678,0.0253112
0.21,0.05 ,0.974651, 0.0217354,0.00361349,0.0253489
0.22,0.05 ,0.974612, 0.0217364,0.00365194,0.0253883
0.23,0.05 ,0.97457, 0.0217374,0.00369226,0.0254296
0.24,0.05 ,0.974527, 0.0217384,0.00373458,0.0254729
0.25,0.05 ,0.974482, 0.0217394,0.00377908,0.0255185
0.26,0.05 ,0.974434, 0.0217404,0.00382593,0.0255663
0.27,0.05 ,0.974383, 0.0217414,0.00387534,0.0256168
0.28,0.05 ,0.97433, 0.0217425,0.00392752,0.02567
0.29,0.05 ,0.974274, 0.0217435,0.00398272,0.0257263
0.3,0.05 ,0.974214, 0.0217446,0.00404124,0.0257858
0.31,0.05 ,0.974151, 0.0217457,0.00410337,0.025849
0.32,0.05 ,0.974084, 0.0217467,0.0041695,0.0259162
0.33,0.05 ,0.974012, 0.0217478,0.00424001,0.0259879
0.34,0.05 ,0.973936, 0.0217489,0.00431539,0.0260643
0.35,0.05 ,0.973854, 0.0217501,0.00439617,0.0261462
0.36,0.05 ,0.973766, 0.0217512,0.00448297,0.0262342
0.37,0.05 ,0.973671, 0.0217523,0.0045765,0.0263288
0.38,0.05 ,0.973569, 0.0217535,0.00467761,0.0264311
0.39,0.05 ,0.973458, 0.0217546,0.00478726,0.0265419
0.4,0.05 ,0.973338, 0.0217558,0.00490663,0.0266624
0.41,0.05 ,0.973206, 0.021757,0.00503708,0.0267941
0.42,0.05 ,0.973062, 0.0217582,0.00518027,0.0269384
0.43,0.05 ,0.972902, 0.0217594,0.00533818,0.0270976
0.44,0.05 ,0.972726, 0.0217606,0.00551324,0.0272738
0.45,0.05 ,0.97253, 0.0217618,0.00570845,0.0274703
0.46,0.05 ,0.972309, 0.0217631,0.00592752,0.0276906
0.47,0.05 ,0.972061, 0.0217643,0.00617515,0.0279395
0.48,0.05 ,0.971777, 0.0217656,0.00645735,0.0282229
0.49,0.05 ,0.971451, 0.0217669,0.00678189,0.0285488
0.5,0.05 ,0.971073, 0.0217682,0.00715908,0.0289273
0.51,0.05 ,0.970628, 0.0217695,0.00760277,0.0293723
0.52,0.05 ,0.970097, 0.0217708,0.00813208,0.0299029
0.53,0.05 ,0.969454, 0.0217722,0.008774,0.0305462
0.54,0.05 ,0.968659, 0.0217735,0.00956788,0.0313414
0.55,0.05 ,0.967652, 0.0217749,0.010573,0.0323479
0.56,0.05 ,0.966342, 0.0217763,0.0118822,0.0336584
0.57,0.05 ,0.964575, 0.0217777,0.0136474,0.0354251
0.58,0.05 ,0.962092, 0.0217791,0.0161293,0.0379084
0.59,0.05 ,0.958428, 0.0217805,0.0197916,0.0415721
0.6,0.05 ,0.952756, 0.021782,0.0254622,0.0472441
0.61,0.05 ,0.943755, 0.0217834,0.0344616,0.0562451
0.62,0.05 ,0.930034, 0.0217849,0.0481807,0.0699657
0.63,0.05 ,0.911455, 0.0217864,0.0667578,0.0885442
0.64,0.05 ,0.889513, 0.0217879,0.0886988,0.110487
0.65,0.05 ,0.865944, 0.0217895,0.112267,0.134056
0.66,0.05 ,0.84188, 0.021791,0.136329,0.15812
0.67,0.05 ,0.817928, 0.0217926,0.16028,0.182072
0.68,0.05 ,0.794398, 0.0217942,0.183808,0.205602
0.69,0.05 ,0.771446, 0.0217958,0.206758,0.228554
0.7,0.05 ,0.749147, 0.0217975,0.229056,0.250853
0.71,0.05 ,0.727531, 0.0217991,0.25067,0.272469
0.72,0.05 ,0.706608, 0.0218008,0.271591,0.293392
0.73,0.05 ,0.68637, 0.0218025,0.291827,0.31363
0.74,0.05 ,0.666806, 0.0218042,0.31139,0.333194
0.75,0.05 ,0.647895, 0.0218059,0.330299,0.352105
0.76,0.05 ,0.62962, 0.0218077,0.348573,0.37038
0.77,0.05 ,0.611956, 0.0218095,0.366234,0.388044
0.78,0.05 ,0.594883, 0.0218113,0.383305,0.405117
0.79,0.05 ,0.578379, 0.0218131,0.399808,0.421621
0.8,0.05 ,0.562422, 0.021815,0.415763,0.437578
0.81,0.05 ,0.546991, 0.0218169,0.431192,0.453009
0.82,0.05 ,0.532065, 0.0218188,0.446116,0.467935
0.83,0.05 ,0.517625, 0.0218207,0.460554,0.482375
0.84,0.05 ,0.503652, 0.0218227,0.474525,0.496348
0.85,0.05 ,0.490128, 0.0218247,0.488048,0.509872
0.86,0.05 ,0.477034, 0.0218267,0.501139,0.522966
0.87,0.05 ,0.464355, 0.0218288,0.513816,0.535645
0.88,0.05 ,0.452075, 0.0218308,0.526094,0.547925
0.89,0.05 ,0.440178, 0.0218329,0.537989,0.559822
0.9,0.05 ,0.42865, 0.0218351,0.549515,0.57135
0.91,0.05 ,0.417477, 0.0218373,0.560686,0.582523
0.92,0.05 ,0.406645, 0.0218395,0.571516,0.593355
0.93,0.05 ,0.396141, 0.0218417,0.582017,0.603859
0.94,0.05 ,0.385955, 0.021844,0.592201,0.614045
0.95,0.05 ,0.376073, 0.0218463,0.602081,0.623927
0.96,0.05 ,0.366485, 0.0218486,0.611666,0.633515
0.97,0.05 ,0.35718, 0.021851,0.620969,0.64282
0.98,0.05 ,0.348149, 0.0218534,0.629998,0.651851
0.99,0.05 ,0.33938, 0.0218558,0.638764,0.66062
1,0.05 ,0.330866, 0.0218583,0.647276,0.669134
0,0.06 ,0.974886, 0.0217942,0.0033195,0.0251137
0.01,0.06 ,0.974868, 0.021795,0.00333718,0.0251322
0.02,0.06 ,0.974849, 0.0217959,0.0033554,0.0251513
0.03,0.06 ,0.974829, 0.0217967,0.00337418,0.0251709
0.04,0.06 ,0.974809, 0.0217975,0.00339355,0.0251911
0.05,0.06 ,0.974788, 0.0217984,0.00341355,0.025212
0.06,0.06 ,0.974767, 0.0217993,0.0034342,0.0252335
0.07,0.06 ,0.974744, 0.0218001,0.00345553,0.0252557
0.08,0.06 ,0.974721, 0.021801,0.0034776,0.0252786
0.09,0.06 ,0.974698, 0.0218019,0.00350043,0.0253023
0.1,0.06 ,0.974673, 0.0218028,0.00352407,0.0253269
0.11,0.06 ,0.974648, 0.0218037,0.00354857,0.0253522
0.12,0.06 ,0.974621, 0.0218046,0.00357397,0.0253786
0.13,0.06 ,0.974594, 0.0218055,0.00360034,0.0254058
0.14,0.06 ,0.974566, 0.0218064,0.00362773,0.0254342
0.15,0.06 ,0.974536, 0.0218073,0.00365621,0.0254636
0.16,0.06 ,0.974506, 0.0218083,0.00368584,0.0254941
0.17,0.06 ,0.974474, 0.0218092,0.0037167,0.0255259
0.18,0.06 ,0.974441, 0.0218102,0.00374887,0.0255591
0.19,0.06 ,0.974406, 0.0218111,0.00378245,0.0255936
0.2,0.06 ,0.97437, 0.0218121,0.00381754,0.0256296
0.21,0.06 ,0.974333, 0.0218131,0.00385423,0.0256673
0.22,0.06 ,0.974293, 0.0218141,0.00389266,0.0257067
0.23,0.06 ,0.974252, 0.0218151,0.00393296,0.025748
0.24,0.06 ,0.974209, 0.0218161,0.00397526,0.0257913
0.25,0.06 ,0.974163, 0.0218171,0.00401973,0.0258368
0.26,0.06 ,0.974115, 0.0218181,0.00406655,0.0258847
0.27,0.06 ,0.974065, 0.0218191,0.00411592,0.0259351
0.28,0.06 ,0.974012, 0.0218202,0.00416807,0.0259882
0.29,0.06 ,0.973956, 0.0218212,0.00422323,0.0260445
0.3,0.06 ,0.973896, 0.0218223,0.00428171,0.026104
0.31,0.06 ,0.973833, 0.0218234,0.0043438,0.0261672
0.32,0.06 ,0.973766, 0.0218244,0.00440987,0.0262343
0.33,0.06 ,0.973694, 0.0218255,0.00448033,0.0263059
0.34,0.06 ,0.973618, 0.0218266,0.00455564,0.0263823
0.35,0.06 ,0.973536, 0.0218277,0.00463635,0.0264641
0.36,0.06 ,0.973448, 0.0218289,0.00472306,0.0265519
0.37,0.06 ,0.973354, 0.02183,0.0048165,0.0266465
0.38,0.06 ,0.973251, 0.0218311,0.0049175,0.0267486
0.39,0.06 ,0.973141, 0.0218323,0.00502703,0.0268593
0.4,0.06 ,0.97302, 0.0218335,0.00514625,0.0269797
0.41,0.06 ,0.972889, 0.0218346,0.00527654,0.0271112
0.42,0.06 ,0.972745, 0.0218358,0.00541953,0.0272554
0.43,0.06 ,0.972586, 0.021837,0.00557721,0.0274142
0.44,0.06 ,0.97241, 0.0218382,0.00575201,0.0275903
0.45,0.06 ,0.972214, 0.0218395,0.00594689,0.0277864
0.46,0.06 ,0.971994, 0.0218407,0.00616556,0.0280063
0.47,0.06 ,0.971745, 0.021842,0.00641271,0.0282547
0.48,0.06 ,0.971462, 0.0218432,0.00669431,0.0285375
0.49,0.06 ,0.971137, 0.0218445,0.0070181,0.0288626
0.5,0.06 ,0.97076, 0.0218458,0.00739433,0.0292401
0.51,0.06 ,0.970316, 0.0218471,0.00783678,0.0296839
0.52,0.06 ,0.969787, 0.0218484,0.00836444,0.0302129
0.53,0.06 ,0.969146, 0.0218498,0.00900413,0.0308539
0.54,0.06 ,0.968354, 0.0218511,0.0097949,0.031646
0.55,0.06 ,0.967352, 0.0218525,0.0107955,0.032648
0.56,0.06 ,0.966048, 0.0218539,0.012098,0.0339519
0.57,0.06 ,0.964292, 0.0218553,0.0138528,0.0357081
0.58,0.06 ,0.961826, 0.0218567,0.0163175,0.0381742
0.59,0.06 ,0.958192, 0.0218581,0.0199503,0.0418085
0.6,0.06 ,0.952571, 0.0218596,0.0255693,0.0474288
0.61,0.06 ,0.943655, 0.021861,0.0344841,0.0563451
0.62,0.06 ,0.930045, 0.0218625,0.0480925,0.069955
0.63,0.06 ,0.911567, 0.021864,0.0665686,0.0884326
0.64,0.06 ,0.889691, 0.0218655,0.0884429,0.110308
0.65,0.06 ,0.86616, 0.0218671,0.111973,0.13384
0.66,0.06 ,0.842115, 0.0218686,0.136016,0.157885
0.67,0.06 ,0.818174, 0.0218702,0.159956,0.181826
0.68,0.06 ,0.794649, 0.0218718,0.183479,0.205351
0.69,0.06 ,0.771699, 0.0218734,0.206428,0.228301
0.7,0.06 ,0.749399, 0.021875,0.228726,0.250601
0.71,0.06 ,0.727782, 0.0218767,0.250341,0.272218
0.72,0.06 ,0.706857, 0.0218783,0.271265,0.293143
0.73,0.06 ,0.686617, 0.02188,0.291503,0.313383
0.74,0.06 ,0.667049, 0.0218817,0.311069,0.332951
0.75,0.06 ,0.648136, 0.0218835,0.329981,0.351864
0.76,0.06 ,0.629857, 0.0218852,0.348258,0.370143
0.77,0.06 ,0.61219, 0.021887,0.365923,0.38781
0.78,0.06 ,0.595114, 0.0218888,0.382997,0.404886
0.79,0.06 ,0.578606, 0.0218907,0.399503,0.421394
0.8,0.06 ,0.562646, 0.0218925,0.415462,0.437354
0.81,0.06 ,0.547211, 0.0218944,0.430894,0.452789
0.82,0.06 ,0.532282, 0.0218963,0.445822,0.467718
0.83,0.06 ,0.517839, 0.0218982,0.460263,0.482161
0.84,0.06 ,0.503862, 0.0219002,0.474237,0.496138
0.85,0.06 ,0.490335, 0.0219022,0.487763,0.509665
0.86,0.06 ,0.477238, 0.0219042,0.500858,0.522762
0.87,0.06 ,0.464556, 0.0219062,0.513537,0.535444
0.88,0.06 ,0.452273, 0.0219083,0.525819,0.547727
0.89,0.06 ,0.440373, 0.0219104,0.537717,0.559627
0.9,0.06 ,0.428842, 0.0219125,0.549246,0.571158
0.91,0.06 ,0.417665, 0.0219147,0.56042,0.582335
0.92,0.06 ,0.40683, 0.0219169,0.571253,0.59317
0.93,0.06 ,0.396324, 0.0219191,0.581757,0.603676
0.94,0.06 ,0.386135, 0.0219214,0.591944,0.613865
0.95,0.06 ,0.37625, 0.0219237,0.601826,0.62375
0.96,0.06 ,0.36666, 0.021926,0.611414,0.63334
0.97,0.06 ,0.357352, 0.0219284,0.620719,0.642648
0.98,0.06 ,0.348318, 0.0219308,0.629751,0.651682
0.99,0.06 ,0.339547, 0.0219332,0.63852,0.660453
1,0.06 ,0.33103, 0.0219357,0.647034,0.66897
0,0.07 ,0.974557, 0.0218728,0.00356993,0.0254427
0.01,0.07 ,0.974539, 0.0218736,0.0035876,0.0254612
0.02,0.07 ,0.97452, 0.0218744,0.00360582,0.0254802
0.03,0.07 ,0.9745, 0.0218753,0.00362459,0.0254999
0.04,0.07 ,0.97448, 0.0218761,0.00364395,0.0255201
0.05,0.07 ,0.974459, 0.021877,0.00366394,0.0255409
0.06,0.07 ,0.974438, 0.0218778,0.00368458,0.0255624
0.07,0.07 ,0.974415, 0.0218787,0.00370591,0.0255846
0.08,0.07 ,0.974392, 0.0218796,0.00372796,0.0256075
0.09,0.07 ,0.974369, 0.0218804,0.00375078,0.0256312
0.1,0.07 ,0.974344, 0.0218813,0.00377441,0.0256557
0.11,0.07 ,0.974319, 0.0218822,0.0037989,0.0256811
0.12,0.07 ,0.974293, 0.0218831,0.00382429,0.0257074
0.13,0.07 ,0.974265, 0.021884,0.00385065,0.0257347
0.14,0.07 ,0.974237, 0.021885,0.00387802,0.025763
0.15,0.07 ,0.974208, 0.0218859,0.00390648,0.0257924
0.16,0.07 ,0.974177, 0.0218868,0.0039361,0.0258229
0.17,0.07 ,0.974145, 0.0218878,0.00396695,0.0258547
0.18,0.07 ,0.974112, 0.0218887,0.0039991,0.0258878
0.19,0.07 ,0.974078, 0.0218897,0.00403267,0.0259223
0.2,0.07 ,0.974042, 0.0218906,0.00406773,0.0259584
0.21,0.07 ,0.974004, 0.0218916,0.00410441,0.025996
0.22,0.07 ,0.973965, 0.0218926,0.00414281,0.0260354
0.23,0.07 ,0.973923, 0.0218936,0.00418308,0.0260767
0.24,0.07 ,0.97388, 0.0218946,0.00422536,0.0261199
0.25,0.07 ,0.973835, 0.0218956,0.0042698,0.0261654
0.26,0.07 ,0.973787, 0.0218966,0.0043166,0.0262132
0.27,0.07 ,0.973736, 0.0218976,0.00436593,0.0262636
0.28,0.07 ,0.973683, 0.0218987,0.00441804,0.0263167
0.29,0.07 ,0.973627, 0.0218997,0.00447317,0.0263729
0.3,0.07 ,0.973568, 0.0219008,0.0045316,0.0264324
0.31,0.07 ,0.973505, 0.0219019,0.00459364,0.0264955
0.32,0.07 ,0.973437, 0.0219029,0.00465966,0.0265626
0.33,0.07 ,0.973366, 0.021904,0.00473006,0.0266341
0.34,0.07 ,0.97329, 0.0219051,0.0048053,0.0267104
0.35,0.07 ,0.973208, 0.0219062,0.00488593,0.0267922
0.36,0.07 ,0.97312, 0.0219073,0.00497256,0.0268799
0.37,0.07 ,0.973026, 0.0219085,0.0050659,0.0269744
0.38,0.07 ,0.972924, 0.0219096,0.00516679,0.0270764
0.39,0.07 ,0.972813, 0.0219108,0.0052762,0.027187
0.4,0.07 ,0.972693, 0.0219119,0.00539527,0.0273072
0.41,0.07 ,0.972562, 0.0219131,0.00552539,0.0274385
0.42,0.07 ,0.972418, 0.0219143,0.00566818,0.0275825
0.43,0.07 ,0.972259, 0.0219155,0.00582563,0.0277411
0.44,0.07 ,0.972083, 0.0219167,0.00600014,0.0279168
0.45,0.07 ,0.971887, 0.0219179,0.00619469,0.0281126
0.46,0.07 ,0.971668, 0.0219192,0.00641296,0.0283321
0.47,0.07 ,0.97142, 0.0219204,0.00665961,0.02858
0.48,0.07 ,0.971138, 0.0219217,0.00694059,0.0288623
0.49,0.07 ,0.970813, 0.021923,0.00726361,0.0291866
0.5,0.07 ,0.970437, 0.0219242,0.00763886,0.0295631
0.51,0.07 ,0.969994, 0.0219255,0.00808004,0.0300056
0.52,0.07 ,0.969467, 0.0219269,0.00860601,0.0305329
0.53,0.07 ,0.968828, 0.0219282,0.00924341,0.0311716
0.54,0.07 ,0.968039, 0.0219295,0.010031,0.0319605
0.55,0.07 ,0.967042, 0.0219309,0.011027,0.0329579
0.56,0.07 ,0.965745, 0.0219323,0.0123227,0.0342549
0.57,0.07 ,0.964, 0.0219337,0.0140668,0.0360005
0.58,0.07 ,0.961551, 0.0219351,0.0165139,0.038449
0.59,0.07 ,0.957947, 0.0219365,0.0201167,0.0420532
0.6,0.07 ,0.952379, 0.021938,0.025683,0.0476209
0.61,0.07 ,0.943549, 0.0219394,0.0345112,0.0564507
0.62,0.07 ,0.930053, 0.0219409,0.0480056,0.0699465
0.63,0.07 ,0.91168, 0.0219424,0.066377,0.0883194
0.64,0.07 ,0.889874, 0.0219439,0.0881817,0.110126
0.65,0.07 ,0.866381, 0.0219454,0.111673,0.133618
0.66,0.07 ,0.842358, 0.021947,0.135695,0.157642
0.67,0.07 ,0.818427, 0.0219485,0.159624,0.181573
0.68,0.07 ,0.794908, 0.0219501,0.183142,0.205092
0.69,0.07 ,0.771959, 0.0219517,0.206089,0.228041
0.7,0.07 ,0.74966, 0.0219534,0.228387,0.25034
0.71,0.07 ,0.728041, 0.021955,0.250004,0.271959
0.72,0.07 ,0.707114, 0.0219567,0.27093,0.292886
0.73,0.07 ,0.686871, 0.0219584,0.29117,0.313129
0.74,0.07 ,0.667301, 0.0219601,0.310739,0.332699
0.75,0.07 ,0.648384, 0.0219618,0.329654,0.351616
0.76,0.07 ,0.630102, 0.0219636,0.347935,0.369898
0.77,0.07 ,0.612431, 0.0219653,0.365603,0.387569
