Betamv, Betapv,V,Rs,Rv,P
0,0 ,0.989651, 0.00834913,0.002,0.0103491
0.01,0 ,0.98956, 0.00836054,0.0020795,0.01044
0.02,0 ,0.989466, 0.00837201,0.00216183,0.0105338
0.03,0 ,0.989369, 0.00838355,0.00224714,0.0106307
0.04,0 ,0.989269, 0.00839515,0.00233559,0.0107307
0.05,0 ,0.989166, 0.00840681,0.00242735,0.0108342
0.06,0 ,0.989059, 0.00841853,0.00252259,0.0109411
0.07,0 ,0.988948, 0.00843032,0.00262152,0.0110518
0.08,0 ,0.988833, 0.00844218,0.00272433,0.0111665
0.09,0 ,0.988715, 0.0084541,0.00283126,0.0112854
0.1,0 ,0.988591, 0.00846609,0.00294254,0.0114086
0.11,0 ,0.988463, 0.00847814,0.00305843,0.0115366
0.12,0 ,0.988331, 0.00849026,0.00317922,0.0116695
0.13,0 ,0.988192, 0.00850245,0.00330522,0.0118077
0.14,0 ,0.988049, 0.0085147,0.00343674,0.0119514
0.15,0 ,0.987899, 0.00852702,0.00357415,0.0121012
0.16,0 ,0.987743, 0.00853942,0.00371784,0.0122573
0.17,0 ,0.98758, 0.00855188,0.00386823,0.0124201
0.18,0 ,0.98741, 0.00856441,0.00402579,0.0125902
0.19,0 ,0.987232, 0.00857701,0.00419103,0.012768
0.2,0 ,0.987046, 0.00858968,0.0043645,0.0129542
0.21,0 ,0.986851, 0.00860243,0.00454681,0.0131492
0.22,0 ,0.986646, 0.00861524,0.00473864,0.0133539
0.23,0 ,0.986431, 0.00862813,0.00494072,0.0135688
0.24,0 ,0.986205, 0.0086411,0.00515387,0.013795
0.25,0 ,0.985967, 0.00865413,0.00537901,0.0140331
0.26,0 ,0.985716, 0.00866724,0.00561713,0.0142844
0.27,0 ,0.98545, 0.00868043,0.00586938,0.0145498
0.28,0 ,0.985169, 0.00869369,0.00613699,0.0148307
0.29,0 ,0.984872, 0.00870702,0.00642139,0.0151284
0.3,0 ,0.984555, 0.00872044,0.00672416,0.0154446
0.31,0 ,0.984219, 0.00873393,0.00704709,0.015781
0.32,0 ,0.98386, 0.0087475,0.00739219,0.0161397
0.33,0 ,0.983477, 0.00876114,0.00776178,0.0165229
0.34,0 ,0.983067, 0.00877487,0.00815848,0.0169333
0.35,0 ,0.982626, 0.00878867,0.0085853,0.017374
0.36,0 ,0.982152, 0.00880256,0.0090457,0.0178483
0.37,0 ,0.98164, 0.00881653,0.00954371,0.0183602
0.38,0 ,0.981085, 0.00883057,0.010084,0.0189145
0.39,0 ,0.980483, 0.0088447,0.0106719,0.0195166
0.4,0 ,0.979827, 0.00885891,0.011314,0.0201729
0.41,0 ,0.979109, 0.00887321,0.0120178,0.020891
0.42,0 ,0.97832, 0.00888759,0.0127923,0.0216799
0.43,0 ,0.97745, 0.00890205,0.0136482,0.0225503
0.44,0 ,0.976485, 0.0089166,0.0145987,0.0235153
0.45,0 ,0.975409, 0.00893124,0.0156597,0.0245909
0.46,0 ,0.974204, 0.00894596,0.0168504,0.0257964
0.47,0 ,0.972844, 0.00896077,0.0181951,0.0271559
0.48,0 ,0.971301, 0.00897566,0.0197237,0.0286994
0.49,0 ,0.969535, 0.00899065,0.021474,0.0304646
0.5,0 ,0.9675, 0.00900572,0.0234939,0.0324996
0.51,0 ,0.965134, 0.00902089,0.0258448,0.0348657
0.52,0 ,0.962358, 0.00903614,0.0286057,0.0376419
0.53,0 ,0.95907, 0.00905149,0.031879,0.0409305
0.54,0 ,0.955136, 0.00906692,0.0357968,0.0448637
0.55,0 ,0.950389, 0.00908245,0.0405288,0.0496112
0.56,0 ,0.944614, 0.00909808,0.0462879,0.055386
0.57,0 ,0.937556, 0.0091138,0.0533302,0.062444
0.58,0 ,0.92893, 0.00912961,0.0619404,0.07107
0.59,0 ,0.918462, 0.00914552,0.0723925,0.081538
0.6,0 ,0.905956, 0.00916152,0.0848828,0.0940443
0.61,0 ,0.891368, 0.00917762,0.0994547,0.108632
0.62,0 ,0.874848, 0.00919382,0.115958,0.125152
0.63,0 ,0.856717, 0.00921012,0.134073,0.143283
0.64,0 ,0.837382, 0.00922652,0.153391,0.162618
0.65,0 ,0.817258, 0.00924301,0.173499,0.182742
0.66,0 ,0.796705, 0.00925961,0.194035,0.203295
0.67,0 ,0.776012, 0.00927631,0.214711,0.223988
0.68,0 ,0.755395, 0.00929311,0.235312,0.244605
0.69,0 ,0.73501, 0.00931001,0.25568,0.26499
0.7,0 ,0.714965, 0.00932702,0.275708,0.285035
0.71,0 ,0.695333, 0.00934413,0.295323,0.304667
0.72,0 ,0.676163, 0.00936135,0.314476,0.323837
0.73,0 ,0.657484, 0.00937868,0.333137,0.342516
0.74,0 ,0.639313, 0.00939611,0.351291,0.360687
0.75,0 ,0.621657, 0.00941365,0.36893,0.378343
0.76,0 ,0.604515, 0.00943129,0.386054,0.395485
0.77,0 ,0.587883, 0.00944905,0.402668,0.412117
0.78,0 ,0.571753, 0.00946692,0.41878,0.428247
0.79,0 ,0.556115, 0.0094849,0.4344,0.443885
0.8,0 ,0.540957, 0.00950299,0.44954,0.459043
0.81,0 ,0.526266, 0.00952119,0.464213,0.473734
0.82,0 ,0.512028, 0.0095395,0.478432,0.487972
0.83,0 ,0.49823, 0.00955794,0.492212,0.50177
0.84,0 ,0.484858, 0.00957648,0.505566,0.515142
0.85,0 ,0.471897, 0.00959514,0.518508,0.528103
0.86,0 ,0.459334, 0.00961392,0.531052,0.540666
0.87,0 ,0.447156, 0.00963282,0.543211,0.552844
0.88,0 ,0.43535, 0.00965184,0.554998,0.56465
0.89,0 ,0.423902, 0.00967097,0.566427,0.576098
0.9,0 ,0.4128, 0.00969023,0.577509,0.5872
0.91,0 ,0.402033, 0.00970961,0.588258,0.597967
0.92,0 ,0.391588, 0.0097291,0.598683,0.608412
0.93,0 ,0.381454, 0.00974873,0.608797,0.618546
0.94,0 ,0.371621, 0.00976847,0.618611,0.628379
0.95,0 ,0.362077, 0.00978835,0.628134,0.637923
0.96,0 ,0.352814, 0.00980834,0.637378,0.647186
0.97,0 ,0.343821, 0.00982847,0.646351,0.656179
0.98,0 ,0.335088, 0.00984872,0.655063,0.664912
0.99,0 ,0.326608, 0.0098691,0.663523,0.673392
1,0 ,0.318372, 0.00988961,0.671739,0.681628
0,0.01 ,0.989639, 0.00834971,0.00201166,0.0103614
0.01,0.01 ,0.989548, 0.00836112,0.00209116,0.0104523
0.02,0.01 ,0.989454, 0.0083726,0.00217349,0.0105461
0.03,0.01 ,0.989357, 0.00838413,0.0022588,0.0106429
0.04,0.01 ,0.989257, 0.00839573,0.00234725,0.010743
0.05,0.01 ,0.989154, 0.00840739,0.00243901,0.0108464
0.06,0.01 ,0.989047, 0.00841912,0.00253425,0.0109534
0.07,0.01 ,0.988936, 0.00843091,0.00263317,0.0110641
0.08,0.01 ,0.988821, 0.00844276,0.00273598,0.0111787
0.09,0.01 ,0.988702, 0.00845468,0.00284291,0.0112976
0.1,0.01 ,0.988579, 0.00846667,0.00295419,0.0114209
0.11,0.01 ,0.988451, 0.00847872,0.00307008,0.0115488
0.12,0.01 ,0.988318, 0.00849084,0.00319087,0.0116817
0.13,0.01 ,0.98818, 0.00850303,0.00331685,0.0118199
0.14,0.01 ,0.988036, 0.00851528,0.00344837,0.0119637
0.15,0.01 ,0.987887, 0.00852761,0.00358578,0.0121134
0.16,0.01 ,0.987731, 0.00854,0.00372947,0.0122695
0.17,0.01 ,0.987568, 0.00855246,0.00387986,0.0124323
0.18,0.01 ,0.987398, 0.00856499,0.00403742,0.0126024
0.19,0.01 ,0.98722, 0.00857759,0.00420265,0.0127802
0.2,0.01 ,0.987034, 0.00859027,0.00437612,0.0129664
0.21,0.01 ,0.986839, 0.00860301,0.00455842,0.0131614
0.22,0.01 ,0.986634, 0.00861583,0.00475024,0.0133661
0.23,0.01 ,0.986419, 0.00862871,0.00495232,0.013581
0.24,0.01 ,0.986193, 0.00864168,0.00516546,0.0138071
0.25,0.01 ,0.985955, 0.00865471,0.00539059,0.0140453
0.26,0.01 ,0.985703, 0.00866782,0.00562871,0.0142965
0.27,0.01 ,0.985438, 0.00868101,0.00588095,0.014562
0.28,0.01 ,0.985157, 0.00869427,0.00614856,0.0148428
0.29,0.01 ,0.984859, 0.0087076,0.00643295,0.0151406
0.3,0.01 ,0.984543, 0.00872102,0.00673571,0.0154567
0.31,0.01 ,0.984207, 0.00873451,0.00705862,0.0157931
0.32,0.01 ,0.983848, 0.00874808,0.00740371,0.0161518
0.33,0.01 ,0.983465, 0.00876172,0.00777328,0.016535
0.34,0.01 ,0.983055, 0.00877545,0.00816996,0.0169454
0.35,0.01 ,0.982614, 0.00878925,0.00859676,0.017386
0.36,0.01 ,0.98214, 0.00880314,0.00905715,0.0178603
0.37,0.01 ,0.981628, 0.0088171,0.00955513,0.0183722
0.38,0.01 ,0.981073, 0.00883115,0.0100954,0.0189265
0.39,0.01 ,0.980471, 0.00884528,0.0106833,0.0195286
0.4,0.01 ,0.979815, 0.00885949,0.0113254,0.0201849
0.41,0.01 ,0.979097, 0.00887379,0.0120291,0.0209029
0.42,0.01 ,0.978308, 0.00888817,0.0128035,0.0216917
0.43,0.01 ,0.977438, 0.00890263,0.0136594,0.0225621
0.44,0.01 ,0.976473, 0.00891718,0.0146099,0.023527
0.45,0.01 ,0.975397, 0.00893181,0.0156707,0.0246025
0.46,0.01 ,0.974192, 0.00894653,0.0168614,0.0258079
0.47,0.01 ,0.972833, 0.00896134,0.0182059,0.0271673
0.48,0.01 ,0.971289, 0.00897624,0.0197344,0.0287106
0.49,0.01 ,0.969524, 0.00899122,0.0214845,0.0304757
0.5,0.01 ,0.967489, 0.0090063,0.0235042,0.0325105
0.51,0.01 ,0.965124, 0.00902146,0.0258548,0.0348763
0.52,0.01 ,0.962348, 0.00903671,0.0286155,0.0376522
0.53,0.01 ,0.95906, 0.00905206,0.0318883,0.0409404
0.54,0.01 ,0.955127, 0.0090675,0.0358056,0.0448731
0.55,0.01 ,0.95038, 0.00908303,0.0405369,0.0496199
0.56,0.01 ,0.944606, 0.00909865,0.0462951,0.0553938
0.57,0.01 ,0.937549, 0.00911437,0.0533363,0.0624507
0.58,0.01 ,0.928925, 0.00913018,0.0619451,0.0710753
0.59,0.01 ,0.918458, 0.00914609,0.0723956,0.0815417
0.6,0.01 ,0.905954, 0.00916209,0.0848841,0.0940461
0.61,0.01 ,0.891368, 0.00917819,0.0994541,0.108632
0.62,0.01 ,0.87485, 0.00919439,0.115955,0.12515
0.63,0.01 ,0.85672, 0.00921069,0.134069,0.14328
0.64,0.01 ,0.837387, 0.00922709,0.153386,0.162613
0.65,0.01 ,0.817264, 0.00924358,0.173493,0.182736
0.66,0.01 ,0.796712, 0.00926018,0.194028,0.203288
0.67,0.01 ,0.776019, 0.00927688,0.214704,0.223981
0.68,0.01 ,0.755403, 0.00929368,0.235304,0.244597
0.69,0.01 ,0.735018, 0.00931058,0.255672,0.264982
0.7,0.01 ,0.714972, 0.00932759,0.2757,0.285028
0.71,0.01 ,0.695341, 0.0093447,0.295314,0.304659
0.72,0.01 ,0.676171, 0.00936192,0.314467,0.323829
0.73,0.01 ,0.657493, 0.00937924,0.333128,0.342507
0.74,0.01 ,0.639322, 0.00939667,0.351282,0.360678
0.75,0.01 ,0.621665, 0.00941421,0.368921,0.378335
0.76,0.01 ,0.604523, 0.00943186,0.386045,0.395477
0.77,0.01 ,0.587891, 0.00944962,0.402659,0.412109
0.78,0.01 ,0.571761, 0.00946748,0.418771,0.428239
0.79,0.01 ,0.556123, 0.00948546,0.434391,0.443877
0.8,0.01 ,0.540965, 0.00950355,0.449532,0.459035
0.81,0.01 ,0.526273, 0.00952175,0.464205,0.473727
0.82,0.01 ,0.512036, 0.00954007,0.478424,0.487964
0.83,0.01 ,0.498237, 0.0095585,0.492204,0.501763
0.84,0.01 ,0.484865, 0.00957704,0.505558,0.515135
0.85,0.01 ,0.471904, 0.00959571,0.5185,0.528096
0.86,0.01 ,0.459342, 0.00961449,0.531044,0.540658
0.87,0.01 ,0.447164, 0.00963338,0.543203,0.552836
0.88,0.01 ,0.435357, 0.0096524,0.554991,0.564643
0.89,0.01 ,0.423909, 0.00967153,0.566419,0.576091
0.9,0.01 ,0.412807, 0.00969079,0.577502,0.587193
0.91,0.01 ,0.40204, 0.00971017,0.58825,0.59796
0.92,0.01 ,0.391594, 0.00972966,0.598676,0.608406
0.93,0.01 ,0.381461, 0.00974929,0.60879,0.618539
0.94,0.01 ,0.371627, 0.00976903,0.618604,0.628373
0.95,0.01 ,0.362084, 0.00978891,0.628127,0.637916
0.96,0.01 ,0.35282, 0.0098089,0.637371,0.64718
0.97,0.01 ,0.343827, 0.00982903,0.646344,0.656173
0.98,0.01 ,0.335095, 0.00984928,0.655056,0.664905
0.99,0.01 ,0.326614, 0.00986966,0.663516,0.673386
1,0.01 ,0.318378, 0.00989017,0.671732,0.681622
0,0.02 ,0.989626, 0.0083503,0.00202363,0.0103739
0.01,0.02 ,0.989535, 0.00836171,0.00210313,0.0104648
0.02,0.02 ,0.989441, 0.00837319,0.00218546,0.0105586
0.03,0.02 ,0.989345, 0.00838472,0.00227077,0.0106555
0.04,0.02 ,0.989244, 0.00839632,0.00235921,0.0107555
0.05,0.02 ,0.989141, 0.00840798,0.00245097,0.0108589
0.06,0.02 ,0.989034, 0.00841971,0.00254621,0.0109659
0.07,0.02 ,0.988923, 0.0084315,0.00264513,0.0110766
0.08,0.02 ,0.988809, 0.00844335,0.00274794,0.0111913
0.09,0.02 ,0.98869, 0.00845527,0.00285486,0.0113101
0.1,0.02 ,0.988567, 0.00846726,0.00296614,0.0114334
0.11,0.02 ,0.988439, 0.00847931,0.00308203,0.0115613
0.12,0.02 ,0.988306, 0.00849143,0.00320281,0.0116942
0.13,0.02 ,0.988168, 0.00850362,0.0033288,0.0118324
0.14,0.02 ,0.988024, 0.00851587,0.00346032,0.0119762
0.15,0.02 ,0.987874, 0.00852819,0.00359772,0.0121259
0.16,0.02 ,0.987718, 0.00854058,0.0037414,0.012282
0.17,0.02 ,0.987555, 0.00855305,0.00389179,0.0124448
0.18,0.02 ,0.987385, 0.00856558,0.00404935,0.0126149
0.19,0.02 ,0.987207, 0.00857818,0.00421458,0.0127928
0.2,0.02 ,0.987021, 0.00859085,0.00438804,0.0129789
0.21,0.02 ,0.986826, 0.00860359,0.00457034,0.0131739
0.22,0.02 ,0.986621, 0.00861641,0.00476215,0.0133786
0.23,0.02 ,0.986406, 0.0086293,0.00496422,0.0135935
0.24,0.02 ,0.98618, 0.00864226,0.00517736,0.0138196
0.25,0.02 ,0.985942, 0.0086553,0.00540248,0.0140578
0.26,0.02 ,0.985691, 0.00866841,0.0056406,0.014309
0.27,0.02 ,0.985426, 0.00868159,0.00589283,0.0145744
0.28,0.02 ,0.985145, 0.00869485,0.00616043,0.0148553
0.29,0.02 ,0.984847, 0.00870819,0.00644481,0.015153
0.3,0.02 ,0.984531, 0.0087216,0.00674755,0.0154692
0.31,0.02 ,0.984194, 0.00873509,0.00707045,0.0158055
0.32,0.02 ,0.983836, 0.00874866,0.00741553,0.0161642
0.33,0.02 ,0.983453, 0.00876231,0.00778509,0.0165474
0.34,0.02 ,0.983042, 0.00877603,0.00818175,0.0169578
0.35,0.02 ,0.982602, 0.00878983,0.00860854,0.0173984
0.36,0.02 ,0.982127, 0.00880372,0.0090689,0.0178726
0.37,0.02 ,0.981615, 0.00881769,0.00956686,0.0183845
0.38,0.02 ,0.981061, 0.00883173,0.0101071,0.0189388
0.39,0.02 ,0.980459, 0.00884586,0.010695,0.0195408
0.4,0.02 ,0.979803, 0.00886007,0.011337,0.0201971
0.41,0.02 ,0.979085, 0.00887437,0.0120407,0.020915
0.42,0.02 ,0.978296, 0.00888875,0.012815,0.0217038
0.43,0.02 ,0.977426, 0.00890321,0.0136709,0.0225741
0.44,0.02 ,0.976461, 0.00891776,0.0146213,0.023539
0.45,0.02 ,0.975386, 0.00893239,0.015682,0.0246144
0.46,0.02 ,0.97418, 0.00894711,0.0168726,0.0258197
0.47,0.02 ,0.972821, 0.00896192,0.0182171,0.027179
0.48,0.02 ,0.971278, 0.00897682,0.0197454,0.0287222
0.49,0.02 ,0.969513, 0.0089918,0.0214953,0.0304871
0.5,0.02 ,0.967478, 0.00900687,0.0235148,0.0325217
0.51,0.02 ,0.965113, 0.00902204,0.0258652,0.0348872
0.52,0.02 ,0.962337, 0.00903729,0.0286255,0.0376628
0.53,0.02 ,0.959049, 0.00905264,0.0318979,0.0409505
0.54,0.02 ,0.955117, 0.00906807,0.0358146,0.0448827
0.55,0.02 ,0.950371, 0.0090836,0.0405452,0.0496288
0.56,0.02 ,0.944598, 0.00909923,0.0463025,0.0554018
0.57,0.02 ,0.937542, 0.00911494,0.0533426,0.0624575
0.58,0.02 ,0.928919, 0.00913076,0.06195,0.0710808
0.59,0.02 ,0.918455, 0.00914666,0.0723988,0.0815455
0.6,0.02 ,0.905952, 0.00916267,0.0848854,0.094048
0.61,0.02 ,0.891368, 0.00917877,0.0994535,0.108632
0.62,0.02 ,0.874852, 0.00919497,0.115953,0.125148
0.63,0.02 ,0.856724, 0.00921126,0.134065,0.143276
0.64,0.02 ,0.837392, 0.00922766,0.153381,0.162608
0.65,0.02 ,0.817269, 0.00924416,0.173486,0.182731
0.66,0.02 ,0.796718, 0.00926075,0.194021,0.203282
0.67,0.02 ,0.776027, 0.00927745,0.214696,0.223973
0.68,0.02 ,0.75541, 0.00929425,0.235295,0.24459
0.69,0.02 ,0.735026, 0.00931115,0.255663,0.264974
0.7,0.02 ,0.714981, 0.00932816,0.275691,0.285019
0.71,0.02 ,0.695349, 0.00934527,0.295305,0.304651
0.72,0.02 ,0.67618, 0.00936249,0.314458,0.32382
0.73,0.02 ,0.657501, 0.00937981,0.333119,0.342499
0.74,0.02 ,0.63933, 0.00939724,0.351273,0.36067
0.75,0.02 ,0.621673, 0.00941478,0.368912,0.378327
0.76,0.02 ,0.604531, 0.00943243,0.386036,0.395469
0.77,0.02 ,0.587899, 0.00945019,0.40265,0.412101
0.78,0.02 ,0.571769, 0.00946805,0.418763,0.428231
0.79,0.02 ,0.556131, 0.00948603,0.434383,0.443869
0.8,0.02 ,0.540973, 0.00950412,0.449523,0.459027
0.81,0.02 ,0.526281, 0.00952232,0.464196,0.473719
0.82,0.02 ,0.512044, 0.00954064,0.478416,0.487956
0.83,0.02 ,0.498245, 0.00955907,0.492196,0.501755
0.84,0.02 ,0.484873, 0.00957761,0.50555,0.515127
0.85,0.02 ,0.471912, 0.00959627,0.518492,0.528088
0.86,0.02 ,0.459349, 0.00961505,0.531036,0.540651
0.87,0.02 ,0.447171, 0.00963395,0.543195,0.552829
0.88,0.02 ,0.435364, 0.00965296,0.554983,0.564636
0.89,0.02 ,0.423916, 0.0096721,0.566412,0.576084
0.9,0.02 ,0.412814, 0.00969135,0.577494,0.587186
0.91,0.02 ,0.402047, 0.00971073,0.588243,0.597953
0.92,0.02 ,0.391601, 0.00973023,0.598668,0.608399
0.93,0.02 ,0.381467, 0.00974985,0.608783,0.618533
0.94,0.02 ,0.371634, 0.0097696,0.618597,0.628366
0.95,0.02 ,0.36209, 0.00978947,0.62812,0.63791
0.96,0.02 ,0.352827, 0.00980946,0.637364,0.647173
0.97,0.02 ,0.343833, 0.00982959,0.646337,0.656167
0.98,0.02 ,0.335101, 0.00984984,0.655049,0.664899
0.99,0.02 ,0.326621, 0.00987022,0.663509,0.673379
1,0.02 ,0.318384, 0.00989073,0.671725,0.681616
0,0.03 ,0.989613, 0.00835089,0.00203592,0.0103868
0.01,0.03 ,0.989522, 0.00836231,0.00211542,0.0104777
0.02,0.03 ,0.989428, 0.00837378,0.00219774,0.0105715
0.03,0.03 ,0.989332, 0.00838531,0.00228305,0.0106684
0.04,0.03 ,0.989232, 0.00839691,0.0023715,0.0107684
0.05,0.03 ,0.989128, 0.00840857,0.00246325,0.0108718
0.06,0.03 ,0.989021, 0.0084203,0.00255849,0.0109788
0.07,0.03 ,0.988911, 0.00843209,0.00265741,0.0110895
0.08,0.03 ,0.988796, 0.00844394,0.00276022,0.0112042
0.09,0.03 ,0.988677, 0.00845586,0.00286714,0.011323
0.1,0.03 ,0.988554, 0.00846785,0.00297841,0.0114463
0.11,0.03 ,0.988426, 0.0084799,0.0030943,0.0115742
0.12,0.03 ,0.988293, 0.00849202,0.00321508,0.0117071
0.13,0.03 ,0.988155, 0.00850421,0.00334107,0.0118453
0.14,0.03 ,0.988011, 0.00851646,0.00347258,0.011989
0.15,0.03 ,0.987861, 0.00852878,0.00360998,0.0121388
0.16,0.03 ,0.987705, 0.00854117,0.00375366,0.0122948
0.17,0.03 ,0.987542, 0.00855364,0.00390405,0.0124577
0.18,0.03 ,0.987372, 0.00856617,0.0040616,0.0126278
0.19,0.03 ,0.987194, 0.00857877,0.00422682,0.0128056
0.2,0.03 ,0.987008, 0.00859144,0.00440028,0.0129917
0.21,0.03 ,0.986813, 0.00860418,0.00458257,0.0131868
0.22,0.03 ,0.986609, 0.008617,0.00477438,0.0133914
0.23,0.03 ,0.986394, 0.00862989,0.00497645,0.0136063
0.24,0.03 ,0.986168, 0.00864285,0.00518958,0.0138324
0.25,0.03 ,0.985929, 0.00865589,0.0054147,0.0140706
0.26,0.03 ,0.985678, 0.00866899,0.0056528,0.0143218
0.27,0.03 ,0.985413, 0.00868218,0.00590502,0.0145872
0.28,0.03 ,0.985132, 0.00869544,0.00617261,0.0148681
0.29,0.03 ,0.984834, 0.00870878,0.00645698,0.0151658
0.3,0.03 ,0.984518, 0.00872219,0.00675972,0.0154819
0.31,0.03 ,0.984182, 0.00873568,0.00708261,0.0158183
0.32,0.03 ,0.983823, 0.00874925,0.00742767,0.0161769
0.33,0.03 ,0.98344, 0.00876289,0.00779721,0.0165601
0.34,0.03 ,0.98303, 0.00877662,0.00819386,0.0169705
0.35,0.03 ,0.982589, 0.00879042,0.00862062,0.017411
0.36,0.03 ,0.982115, 0.0088043,0.00908097,0.0178853
0.37,0.03 ,0.981603, 0.00881827,0.0095789,0.0183972
0.38,0.03 ,0.981049, 0.00883232,0.0101191,0.0189514
0.39,0.03 ,0.980447, 0.00884645,0.010707,0.0195534
0.4,0.03 ,0.97979, 0.00886066,0.0113489,0.0202096
0.41,0.03 ,0.979072, 0.00887495,0.0120526,0.0209275
0.42,0.03 ,0.978284, 0.00888933,0.0128269,0.0217162
0.43,0.03 ,0.977414, 0.00890379,0.0136827,0.0225865
0.44,0.03 ,0.976449, 0.00891834,0.014633,0.0235514
0.45,0.03 ,0.975373, 0.00893298,0.0156937,0.0246267
0.46,0.03 ,0.974168, 0.0089477,0.0168842,0.0258319
0.47,0.03 ,0.972809, 0.0089625,0.0182285,0.027191
0.48,0.03 ,0.971266, 0.0089774,0.0197567,0.0287341
0.49,0.03 ,0.969501, 0.00899238,0.0215064,0.0304988
0.5,0.03 ,0.967467, 0.00900746,0.0235257,0.0325332
0.51,0.03 ,0.965102, 0.00902262,0.0258758,0.0348984
0.52,0.03 ,0.962326, 0.00903787,0.0286358,0.0376736
0.53,0.03 ,0.959039, 0.00905322,0.0319077,0.040961
0.54,0.03 ,0.955107, 0.00906866,0.0358239,0.0448926
0.55,0.03 ,0.950362, 0.00908418,0.0405538,0.049638
0.56,0.03 ,0.94459, 0.00909981,0.0463102,0.05541
0.57,0.03 ,0.937535, 0.00911552,0.0533491,0.0624646
0.58,0.03 ,0.928914, 0.00913134,0.061955,0.0710864
0.59,0.03 ,0.918451, 0.00914724,0.0724021,0.0815494
0.6,0.03 ,0.90595, 0.00916325,0.0848868,0.09405
0.61,0.03 ,0.891368, 0.00917935,0.0994529,0.108632
0.62,0.03 ,0.874854, 0.00919554,0.115951,0.125146
0.63,0.03 ,0.856727, 0.00921184,0.134061,0.143273
0.64,0.03 ,0.837397, 0.00922824,0.153375,0.162603
0.65,0.03 ,0.817275, 0.00924473,0.17348,0.182725
0.66,0.03 ,0.796725, 0.00926133,0.194014,0.203275
0.67,0.03 ,0.776034, 0.00927803,0.214688,0.223966
0.68,0.03 ,0.755418, 0.00929483,0.235287,0.244582
0.69,0.03 ,0.735034, 0.00931173,0.255655,0.264966
0.7,0.03 ,0.714989, 0.00932874,0.275682,0.285011
0.71,0.03 ,0.695358, 0.00934585,0.295296,0.304642
0.72,0.03 ,0.676188, 0.00936307,0.314449,0.323812
0.73,0.03 ,0.65751, 0.00938039,0.33311,0.34249
0.74,0.03 ,0.639339, 0.00939782,0.351264,0.360661
0.75,0.03 ,0.621682, 0.00941536,0.368903,0.378318
0.76,0.03 ,0.60454, 0.009433,0.386027,0.39546
0.77,0.03 ,0.587908, 0.00945076,0.402641,0.412092
0.78,0.03 ,0.571778, 0.00946862,0.418754,0.428222
0.79,0.03 ,0.556139, 0.0094866,0.434374,0.443861
0.8,0.03 ,0.540981, 0.00950469,0.449514,0.459019
0.81,0.03 ,0.52629, 0.00952289,0.464188,0.47371
0.82,0.03 ,0.512052, 0.00954121,0.478407,0.487948
0.83,0.03 ,0.498253, 0.00955964,0.492187,0.501747
0.84,0.03 ,0.48488, 0.00957818,0.505541,0.51512
0.85,0.03 ,0.47192, 0.00959684,0.518484,0.52808
0.86,0.03 ,0.459357, 0.00961562,0.531028,0.540643
0.87,0.03 ,0.447179, 0.00963452,0.543187,0.552821
0.88,0.03 ,0.435372, 0.00965353,0.554975,0.564628
0.89,0.03 ,0.423924, 0.00967266,0.566404,0.576076
0.9,0.03 ,0.412822, 0.00969192,0.577487,0.587178
0.91,0.03 ,0.402054, 0.0097113,0.588235,0.597946
0.92,0.03 ,0.391608, 0.00973079,0.598661,0.608392
0.93,0.03 ,0.381474, 0.00975042,0.608775,0.618526
0.94,0.03 ,0.371641, 0.00977016,0.618589,0.628359
0.95,0.03 ,0.362097, 0.00979003,0.628113,0.637903
0.96,0.03 ,0.352833, 0.00981003,0.637357,0.647167
0.97,0.03 ,0.34384, 0.00983015,0.64633,0.65616
0.98,0.03 ,0.335107, 0.0098504,0.655042,0.664893
0.99,0.03 ,0.326627, 0.00987078,0.663502,0.673373
1,0.03 ,0.31839, 0.00989129,0.671719,0.68161
0,0.04 ,0.9896, 0.00835149,0.00204855,0.0104
0.01,0.04 ,0.989509, 0.0083629,0.00212804,0.0104909
0.02,0.04 ,0.989415, 0.00837437,0.00221037,0.0105847
0.03,0.04 ,0.989318, 0.00838591,0.00229568,0.0106816
0.04,0.04 ,0.989218, 0.00839751,0.00238412,0.0107816
0.05,0.04 ,0.989115, 0.00840917,0.00247587,0.010885
0.06,0.04 ,0.989008, 0.00842089,0.00257111,0.010992
0.07,0.04 ,0.988897, 0.00843268,0.00267003,0.0111027
0.08,0.04 ,0.988783, 0.00844454,0.00277283,0.0112174
0.09,0.04 ,0.988664, 0.00845646,0.00287975,0.0113362
0.1,0.04 ,0.988541, 0.00846844,0.00299102,0.0114595
0.11,0.04 ,0.988413, 0.00848049,0.00310691,0.0115874
0.12,0.04 ,0.98828, 0.00849261,0.00322769,0.0117203
0.13,0.04 ,0.988142, 0.0085048,0.00335367,0.0118585
0.14,0.04 ,0.987998, 0.00851705,0.00348518,0.0120022
0.15,0.04 ,0.987848, 0.00852938,0.00362258,0.012152
0.16,0.04 ,0.987692, 0.00854177,0.00376626,0.012308
0.17,0.04 ,0.987529, 0.00855423,0.00391664,0.0124709
0.18,0.04 ,0.987359, 0.00856676,0.00407418,0.0126409
0.19,0.04 ,0.987181, 0.00857936,0.0042394,0.0128188
0.2,0.04 ,0.986995, 0.00859203,0.00441286,0.0130049
0.21,0.04 ,0.9868, 0.00860478,0.00459515,0.0131999
0.22,0.04 ,0.986595, 0.00861759,0.00478695,0.0134045
0.23,0.04 ,0.986381, 0.00863048,0.00498901,0.0136195
0.24,0.04 ,0.986154, 0.00864344,0.00520214,0.0138456
0.25,0.04 ,0.985916, 0.00865648,0.00542724,0.0140837
0.26,0.04 ,0.985665, 0.00866959,0.00566534,0.0143349
0.27,0.04 ,0.9854, 0.00868277,0.00591755,0.0146003
0.28,0.04 ,0.985119, 0.00869603,0.00618514,0.0148812
0.29,0.04 ,0.984821, 0.00870937,0.0064695,0.0151789
0.3,0.04 ,0.984505, 0.00872278,0.00677222,0.015495
0.31,0.04 ,0.984169, 0.00873627,0.00709509,0.0158314
0.32,0.04 ,0.98381, 0.00874984,0.00744014,0.01619
0.33,0.04 ,0.983427, 0.00876348,0.00780967,0.0165732
0.34,0.04 ,0.983016, 0.00877721,0.0082063,0.0169835
0.35,0.04 ,0.982576, 0.00879101,0.00863305,0.0174241
0.36,0.04 ,0.982102, 0.00880489,0.00909337,0.0178983
0.37,0.04 ,0.98159, 0.00881886,0.00959128,0.0184101
0.38,0.04 ,0.981036, 0.00883291,0.0101314,0.0189643
0.39,0.04 ,0.980434, 0.00884703,0.0107193,0.0195663
0.4,0.04 ,0.979778, 0.00886124,0.0113612,0.0202225
0.41,0.04 ,0.97906, 0.00887554,0.0120648,0.0209403
0.42,0.04 ,0.978271, 0.00888992,0.0128391,0.021729
0.43,0.04 ,0.977401, 0.00890438,0.0136948,0.0225992
0.44,0.04 ,0.976436, 0.00891893,0.0146451,0.023564
0.45,0.04 ,0.975361, 0.00893356,0.0157057,0.0246392
0.46,0.04 ,0.974156, 0.00894828,0.016896,0.0258443
0.47,0.04 ,0.972797, 0.00896309,0.0182403,0.0272033
0.48,0.04 ,0.971254, 0.00897798,0.0197683,0.0287463
0.49,0.04 ,0.969489, 0.00899297,0.0215179,0.0305108
0.5,0.04 ,0.967455, 0.00900804,0.0235369,0.032545
0.51,0.04 ,0.96509, 0.0090232,0.0258867,0.0349099
0.52,0.04 ,0.962315, 0.00903846,0.0286463,0.0376848
0.53,0.04 ,0.959028, 0.0090538,0.0319179,0.0409717
0.54,0.04 ,0.955097, 0.00906924,0.0358335,0.0449027
0.55,0.04 ,0.950353, 0.00908477,0.0405626,0.0496474
0.56,0.04 ,0.944582, 0.00910039,0.0463181,0.0554185
0.57,0.04 ,0.937528, 0.00911611,0.0533557,0.0624718
0.58,0.04 ,0.928908, 0.00913192,0.0619602,0.0710922
0.59,0.04 ,0.918447, 0.00914783,0.0724055,0.0815534
0.6,0.04 ,0.905948, 0.00916383,0.0848882,0.0940521
0.61,0.04 ,0.891368, 0.00917993,0.0994524,0.108632
0.62,0.04 ,0.874856, 0.00919613,0.115948,0.125144
0.63,0.04 ,0.856731, 0.00921242,0.134057,0.143269
0.64,0.04 ,0.837402, 0.00922882,0.15337,0.162598
0.65,0.04 ,0.817282, 0.00924531,0.173473,0.182718
0.66,0.04 ,0.796732, 0.00926191,0.194006,0.203268
0.67,0.04 ,0.776042, 0.00927861,0.21468,0.223958
0.68,0.04 ,0.755426, 0.00929541,0.235278,0.244574
0.69,0.04 ,0.735042, 0.00931231,0.255646,0.264958
0.7,0.04 ,0.714997, 0.00932932,0.275673,0.285003
0.71,0.04 ,0.695366, 0.00934643,0.295287,0.304634
0.72,0.04 ,0.676197, 0.00936364,0.31444,0.323803
0.73,0.04 ,0.657518, 0.00938097,0.333101,0.342482
0.74,0.04 ,0.639347, 0.0093984,0.351254,0.360653
0.75,0.04 ,0.621691, 0.00941593,0.368893,0.378309
0.76,0.04 ,0.604549, 0.00943358,0.386018,0.395451
0.77,0.04 ,0.587916, 0.00945133,0.402632,0.412084
0.78,0.04 ,0.571786, 0.0094692,0.418744,0.428214
0.79,0.04 ,0.556148, 0.00948718,0.434365,0.443852
0.8,0.04 ,0.540989, 0.00950526,0.449505,0.459011
0.81,0.04 ,0.526298, 0.00952347,0.464179,0.473702
0.82,0.04 ,0.51206, 0.00954178,0.478398,0.48794
0.83,0.04 ,0.498261, 0.00956021,0.492178,0.501739
0.84,0.04 ,0.484889, 0.00957875,0.505533,0.515111
0.85,0.04 ,0.471928, 0.00959741,0.518475,0.528072
0.86,0.04 ,0.459365, 0.00961619,0.531019,0.540635
0.87,0.04 ,0.447186, 0.00963509,0.543179,0.552814
0.88,0.04 ,0.435379, 0.0096541,0.554967,0.564621
0.89,0.04 ,0.423931, 0.00967324,0.566396,0.576069
0.9,0.04 ,0.412829, 0.00969249,0.577479,0.587171
0.91,0.04 ,0.402061, 0.00971187,0.588227,0.597939
0.92,0.04 ,0.391616, 0.00973136,0.598653,0.608384
0.93,0.04 ,0.381481, 0.00975098,0.608768,0.618519
0.94,0.04 ,0.371648, 0.00977073,0.618582,0.628352
0.95,0.04 ,0.362104, 0.0097906,0.628106,0.637896
0.96,0.04 ,0.35284, 0.0098106,0.637349,0.64716
0.97,0.04 ,0.343847, 0.00983072,0.646323,0.656153
0.98,0.04 ,0.335114, 0.00985097,0.655035,0.664886
0.99,0.04 ,0.326634, 0.00987135,0.663495,0.673366
1,0.04 ,0.318396, 0.00989186,0.671712,0.681604
0,0.05 ,0.989586, 0.00835209,0.00206153,0.0104136
0.01,0.05 ,0.989495, 0.0083635,0.00214102,0.0105045
0.02,0.05 ,0.989402, 0.00837497,0.00222335,0.0105983
0.03,0.05 ,0.989305, 0.00838651,0.00230865,0.0106952
0.04,0.05 ,0.989205, 0.00839811,0.0023971,0.0107952
0.05,0.05 ,0.989101, 0.00840977,0.00248885,0.0108986
0.06,0.05 ,0.988994, 0.00842149,0.00258408,0.0110056
0.07,0.05 ,0.988884, 0.00843328,0.002683,0.0111163
0.08,0.05 ,0.988769, 0.00844514,0.0027858,0.0112309
0.09,0.05 ,0.98865, 0.00845706,0.00289272,0.0113498
0.1,0.05 ,0.988527, 0.00846904,0.00300399,0.011473
0.11,0.05 ,0.988399, 0.00848109,0.00311987,0.011601
0.12,0.05 ,0.988266, 0.00849321,0.00324065,0.0117339
0.13,0.05 ,0.988128, 0.0085054,0.00336663,0.011872
0.14,0.05 ,0.987984, 0.00851765,0.00349813,0.0120158
0.15,0.05 ,0.987834, 0.00852997,0.00363553,0.0121655
0.16,0.05 ,0.987678, 0.00854236,0.0037792,0.0123216
0.17,0.05 ,0.987516, 0.00855482,0.00392958,0.0124844
0.18,0.05 ,0.987346, 0.00856736,0.00408712,0.0126545
0.19,0.05 ,0.987168, 0.00857996,0.00425234,0.0128323
0.2,0.05 ,0.986982, 0.00859263,0.00442578,0.0130184
0.21,0.05 ,0.986787, 0.00860537,0.00460807,0.0132134
0.22,0.05 ,0.986582, 0.00861819,0.00479987,0.0134181
0.23,0.05 ,0.986367, 0.00863107,0.00500192,0.013633
0.24,0.05 ,0.986141, 0.00864404,0.00521504,0.0138591
0.25,0.05 ,0.985903, 0.00865707,0.00544014,0.0140972
0.26,0.05 ,0.985652, 0.00867018,0.00567823,0.0143484
0.27,0.05 ,0.985386, 0.00868336,0.00593044,0.0146138
0.28,0.05 ,0.985105, 0.00869662,0.00619801,0.0148946
0.29,0.05 ,0.984808, 0.00870996,0.00648236,0.0151923
0.3,0.05 ,0.984492, 0.00872337,0.00678507,0.0155084
0.31,0.05 ,0.984155, 0.00873686,0.00710793,0.0158448
0.32,0.05 ,0.983797, 0.00875043,0.00745297,0.0162034
0.33,0.05 ,0.983413, 0.00876407,0.00782248,0.0165866
0.34,0.05 ,0.983003, 0.0087778,0.00821909,0.0169969
0.35,0.05 ,0.982563, 0.0087916,0.00864581,0.0174374
0.36,0.05 ,0.982088, 0.00880549,0.00910611,0.0179116
0.37,0.05 ,0.981577, 0.00881945,0.009604,0.0184234
0.38,0.05 ,0.981022, 0.0088335,0.0101441,0.0189776
0.39,0.05 ,0.98042, 0.00884763,0.0107319,0.0195796
0.4,0.05 ,0.979764, 0.00886184,0.0113738,0.0202357
0.41,0.05 ,0.979046, 0.00887613,0.0120774,0.0209535
0.42,0.05 ,0.978258, 0.00889051,0.0128516,0.0217421
0.43,0.05 ,0.977388, 0.00890497,0.0137073,0.0226123
0.44,0.05 ,0.976423, 0.00891952,0.0146575,0.023577
0.45,0.05 ,0.975348, 0.00893415,0.015718,0.0246521
0.46,0.05 ,0.974143, 0.00894887,0.0169082,0.0258571
0.47,0.05 ,0.972784, 0.00896368,0.0182523,0.027216
0.48,0.05 ,0.971241, 0.00897857,0.0197802,0.0287588
0.49,0.05 ,0.969477, 0.00899356,0.0215296,0.0305232
0.5,0.05 ,0.967443, 0.00900863,0.0235484,0.0325571
0.51,0.05 ,0.965078, 0.00902379,0.025898,0.0349218
0.52,0.05 ,0.962304, 0.00903905,0.0286572,0.0376963
0.53,0.05 ,0.959017, 0.00905439,0.0319283,0.0409827
0.54,0.05 ,0.955087, 0.00906983,0.0358433,0.0449131
0.55,0.05 ,0.950343, 0.00908536,0.0405717,0.0496571
0.56,0.05 ,0.944573, 0.00910098,0.0463262,0.0554271
0.57,0.05 ,0.937521, 0.00911669,0.0533626,0.0624793
0.58,0.05 ,0.928902, 0.0091325,0.0619656,0.0710981
0.59,0.05 ,0.918443, 0.00914841,0.0724091,0.0815575
0.6,0.05 ,0.905946, 0.00916441,0.0848898,0.0940542
0.61,0.05 ,0.891368, 0.00918051,0.0994518,0.108632
0.62,0.05 ,0.874858, 0.00919671,0.115946,0.125142
0.63,0.05 ,0.856735, 0.00921301,0.134052,0.143265
0.64,0.05 ,0.837407, 0.0092294,0.153364,0.162593
0.65,0.05 ,0.817288, 0.0092459,0.173466,0.182712
0.66,0.05 ,0.796739, 0.00926249,0.193998,0.203261
0.67,0.05 ,0.776049, 0.00927919,0.214672,0.223951
0.68,0.05 ,0.755434, 0.00929599,0.23527,0.244566
0.69,0.05 ,0.73505, 0.00931289,0.255637,0.26495
0.7,0.05 ,0.715006, 0.0093299,0.275664,0.284994
0.71,0.05 ,0.695375, 0.00934701,0.295278,0.304625
0.72,0.05 ,0.676206, 0.00936422,0.31443,0.323794
0.73,0.05 ,0.657527, 0.00938155,0.333091,0.342473
0.74,0.05 ,0.639356, 0.00939898,0.351245,0.360644
0.75,0.05 ,0.6217, 0.00941651,0.368884,0.3783
0.76,0.05 ,0.604558, 0.00943416,0.386008,0.395442
0.77,0.05 ,0.587925, 0.00945191,0.402623,0.412075
0.78,0.05 ,0.571795, 0.00946978,0.418735,0.428205
0.79,0.05 ,0.556157, 0.00948775,0.434355,0.443843
0.8,0.05 ,0.540998, 0.00950584,0.449496,0.459002
0.81,0.05 ,0.526306, 0.00952404,0.464169,0.473694
0.82,0.05 ,0.512068, 0.00954236,0.478389,0.487932
0.83,0.05 ,0.49827, 0.00956079,0.49217,0.50173
0.84,0.05 ,0.484897, 0.00957933,0.505524,0.515103
0.85,0.05 ,0.471936, 0.00959799,0.518466,0.528064
0.86,0.05 ,0.459373, 0.00961677,0.531011,0.540627
0.87,0.05 ,0.447194, 0.00963566,0.54317,0.552806
0.88,0.05 ,0.435387, 0.00965468,0.554958,0.564613
0.89,0.05 ,0.423939, 0.00967381,0.566387,0.576061
0.9,0.05 ,0.412837, 0.00969306,0.57747,0.587163
0.91,0.05 ,0.402069, 0.00971244,0.588219,0.597931
0.92,0.05 ,0.391623, 0.00973194,0.598645,0.608377
0.93,0.05 ,0.381489, 0.00975156,0.60876,0.618511
0.94,0.05 ,0.371655, 0.0097713,0.618574,0.628345
0.95,0.05 ,0.362111, 0.00979117,0.628098,0.637889
0.96,0.05 ,0.352847, 0.00981117,0.637342,0.647153
0.97,0.05 ,0.343853, 0.00983129,0.646315,0.656147
0.98,0.05 ,0.335121, 0.00985154,0.655028,0.664879
0.99,0.05 ,0.32664, 0.00987192,0.663488,0.67336
1,0.05 ,0.318403, 0.00989243,0.671705,0.681597
0,0.06 ,0.989572, 0.00835269,0.00207488,0.0104276
0.01,0.06 ,0.989482, 0.0083641,0.00215437,0.0105185
0.02,0.06 ,0.989388, 0.00837558,0.0022367,0.0106123
0.03,0.06 ,0.989291, 0.00838711,0.002322,0.0107091
0.04,0.06 ,0.989191, 0.00839871,0.00241044,0.0108091
0.05,0.06 ,0.989087, 0.00841037,0.00250219,0.0109126
0.06,0.06 ,0.98898, 0.00842209,0.00259742,0.0110195
0.07,0.06 ,0.98887, 0.00843388,0.00269634,0.0111302
0.08,0.06 ,0.988755, 0.00844574,0.00279914,0.0112449
0.09,0.06 ,0.988636, 0.00845766,0.00290605,0.0113637
0.1,0.06 ,0.988513, 0.00846964,0.00301732,0.011487
0.11,0.06 ,0.988385, 0.00848169,0.0031332,0.0116149
0.12,0.06 ,0.988252, 0.00849381,0.00325397,0.0117478
0.13,0.06 ,0.988114, 0.008506,0.00337995,0.0118859
0.14,0.06 ,0.98797, 0.00851825,0.00351145,0.0120297
0.15,0.06 ,0.987821, 0.00853057,0.00364884,0.0121794
0.16,0.06 ,0.987665, 0.00854296,0.00379251,0.0123355
0.17,0.06 ,0.987502, 0.00855542,0.00394289,0.0124983
0.18,0.06 ,0.987332, 0.00856796,0.00410043,0.0126684
0.19,0.06 ,0.987154, 0.00858056,0.00426564,0.0128462
0.2,0.06 ,0.986968, 0.00859323,0.00443908,0.0130323
0.21,0.06 ,0.986773, 0.00860597,0.00462136,0.0132273
0.22,0.06 ,0.986568, 0.00861879,0.00481315,0.0134319
0.23,0.06 ,0.986353, 0.00863167,0.0050152,0.0136469
0.24,0.06 ,0.986127, 0.00864463,0.00522831,0.0138729
0.25,0.06 ,0.985889, 0.00865767,0.00545341,0.0141111
0.26,0.06 ,0.985638, 0.00867078,0.00569149,0.0143623
0.27,0.06 ,0.985372, 0.00868396,0.00594368,0.0146276
0.28,0.06 ,0.985092, 0.00869722,0.00621125,0.0149085
0.29,0.06 ,0.984794, 0.00871056,0.00649559,0.0152061
0.3,0.06 ,0.984478, 0.00872397,0.00679829,0.0155223
0.31,0.06 ,0.984141, 0.00873746,0.00712113,0.0158586
0.32,0.06 ,0.983783, 0.00875103,0.00746616,0.0162172
0.33,0.06 ,0.9834, 0.00876467,0.00783565,0.0166003
0.34,0.06 ,0.982989, 0.00877839,0.00823224,0.0170106
0.35,0.06 ,0.982549, 0.0087922,0.00865895,0.0174511
0.36,0.06 ,0.982075, 0.00880608,0.00911922,0.0179253
0.37,0.06 ,0.981563, 0.00882005,0.00961708,0.0184371
0.38,0.06 ,0.981009, 0.00883409,0.0101572,0.0189913
0.39,0.06 ,0.980407, 0.00884822,0.0107449,0.0195932
0.4,0.06 ,0.979751, 0.00886243,0.0113868,0.0202492
0.41,0.06 ,0.979033, 0.00887672,0.0120903,0.020967
0.42,0.06 ,0.978244, 0.0088911,0.0128645,0.0217556
0.43,0.06 ,0.977374, 0.00890556,0.0137201,0.0226257
0.44,0.06 ,0.97641, 0.00892011,0.0146702,0.0235903
0.45,0.06 ,0.975335, 0.00893475,0.0157306,0.0246654
0.46,0.06 ,0.97413, 0.00894947,0.0169208,0.0258703
0.47,0.06 ,0.972771, 0.00896427,0.0182648,0.027229
0.48,0.06 ,0.971228, 0.00897917,0.0197925,0.0287717
0.49,0.06 ,0.969464, 0.00899415,0.0215417,0.0305359
0.5,0.06 ,0.96743, 0.00900922,0.0235603,0.0325695
0.51,0.06 ,0.965066, 0.00902438,0.0259095,0.0349339
0.52,0.06 ,0.962292, 0.00903964,0.0286684,0.037708
0.53,0.06 ,0.959006, 0.00905498,0.031939,0.040994
0.54,0.06 ,0.955076, 0.00907042,0.0358534,0.0449239
0.55,0.06 ,0.950333, 0.00908595,0.0405811,0.049667
0.56,0.06 ,0.944564, 0.00910157,0.0463345,0.0554361
0.57,0.06 ,0.937513, 0.00911728,0.0533697,0.062487
0.58,0.06 ,0.928896, 0.00913309,0.0619711,0.0711042
0.59,0.06 ,0.918438, 0.009149,0.0724127,0.0815617
0.6,0.06 ,0.905944, 0.009165,0.0848914,0.0940564
0.61,0.06 ,0.891368, 0.0091811,0.0994513,0.108632
0.62,0.06 ,0.87486, 0.0091973,0.115943,0.12514
0.63,0.06 ,0.856738, 0.0092136,0.134048,0.143262
0.64,0.06 ,0.837412, 0.00922999,0.153358,0.162588
0.65,0.06 ,0.817294, 0.00924648,0.173459,0.182706
0.66,0.06 ,0.796746, 0.00926308,0.19399,0.203254
0.67,0.06 ,0.776057, 0.00927978,0.214663,0.223943
0.68,0.06 ,0.755443, 0.00929658,0.235261,0.244557
0.69,0.06 ,0.735059, 0.00931348,0.255627,0.264941
0.7,0.06 ,0.715015, 0.00933048,0.275654,0.284985
0.71,0.06 ,0.695384, 0.00934759,0.295268,0.304616
0.72,0.06 ,0.676215, 0.00936481,0.31442,0.323785
0.73,0.06 ,0.657537, 0.00938213,0.333081,0.342463
0.74,0.06 ,0.639366, 0.00939956,0.351235,0.360634
0.75,0.06 ,0.621709, 0.0094171,0.368874,0.378291
0.76,0.06 ,0.604567, 0.00943474,0.385999,0.395433
0.77,0.06 ,0.587935, 0.0094525,0.402613,0.412065
0.78,0.06 ,0.571804, 0.00947036,0.418725,0.428196
0.79,0.06 ,0.556166, 0.00948834,0.434346,0.443834
0.8,0.06 ,0.541007, 0.00950642,0.449487,0.458993
0.81,0.06 ,0.526315, 0.00952463,0.46416,0.473685
0.82,0.06 ,0.512077, 0.00954294,0.47838,0.487923
0.83,0.06 ,0.498278, 0.00956137,0.49216,0.501722
0.84,0.06 ,0.484905, 0.00957991,0.505515,0.515095
0.85,0.06 ,0.471944, 0.00959857,0.518457,0.528056
0.86,0.06 ,0.459381, 0.00961735,0.531002,0.540619
0.87,0.06 ,0.447202, 0.00963624,0.543161,0.552798
0.88,0.06 ,0.435395, 0.00965526,0.55495,0.564605
0.89,0.06 ,0.423947, 0.00967439,0.566379,0.576053
0.9,0.06 ,0.412844, 0.00969364,0.577462,0.587156
0.91,0.06 ,0.402076, 0.00971302,0.588211,0.597924
0.92,0.06 ,0.391631, 0.00973251,0.598637,0.608369
0.93,0.06 ,0.381496, 0.00975213,0.608752,0.618504
0.94,0.06 ,0.371662, 0.00977188,0.618566,0.628338
0.95,0.06 ,0.362118, 0.00979175,0.62809,0.637882
0.96,0.06 ,0.352854, 0.00981174,0.637334,0.647146
0.97,0.06 ,0.34386, 0.00983186,0.646308,0.65614
0.98,0.06 ,0.335128, 0.00985211,0.65502,0.664872
0.99,0.06 ,0.326647, 0.00987249,0.66348,0.673353
1,0.06 ,0.31841, 0.009893,0.671697,0.68159
0,0.07 ,0.989558, 0.0083533,0.00208862,0.0104419
0.01,0.07 ,0.989467, 0.00836471,0.00216811,0.0105328
0.02,0.07 ,0.989373, 0.00837618,0.00225043,0.0106266
0.03,0.07 ,0.989277, 0.00838772,0.00233573,0.0107235
0.04,0.07 ,0.989177, 0.00839931,0.00242417,0.0108235
0.05,0.07 ,0.989073, 0.00841097,0.00251592,0.0109269
0.06,0.07 ,0.988966, 0.0084227,0.00261115,0.0110339
0.07,0.07 ,0.988855, 0.00843449,0.00271006,0.0111446
0.08,0.07 ,0.988741, 0.00844634,0.00281286,0.0112592
0.09,0.07 ,0.988622, 0.00845826,0.00291978,0.011378
0.1,0.07 ,0.988499, 0.00847025,0.00303104,0.0115013
0.11,0.07 ,0.988371, 0.0084823,0.00314692,0.0116292
0.12,0.07 ,0.988238, 0.00849442,0.00326769,0.0117621
0.13,0.07 ,0.9881, 0.0085066,0.00339366,0.0119003
0.14,0.07 ,0.987956, 0.00851886,0.00352516,0.012044
0.15,0.07 ,0.987806, 0.00853118,0.00366255,0.0121937
0.16,0.07 ,0.98765, 0.00854357,0.00380622,0.0123498
0.17,0.07 ,0.987487, 0.00855603,0.00395658,0.0125126
0.18,0.07 ,0.987317, 0.00856856,0.00411412,0.0126827
0.19,0.07 ,0.98714, 0.00858116,0.00427933,0.0128605
0.2,0.07 ,0.986953, 0.00859383,0.00445276,0.0130466
0.21,0.07 ,0.986758, 0.00860657,0.00463504,0.0132416
0.22,0.07 ,0.986554, 0.00861939,0.00482683,0.0134462
0.23,0.07 ,0.986339, 0.00863228,0.00502886,0.0136611
0.24,0.07 ,0.986113, 0.00864524,0.00524197,0.0138872
0.25,0.07 ,0.985875, 0.00865827,0.00546706,0.0141253
0.26,0.07 ,0.985623, 0.00867138,0.00570513,0.0143765
0.27,0.07 ,0.985358, 0.00868456,0.00595732,0.0146419
0.28,0.07 ,0.985077, 0.00869782,0.00622487,0.0149227
0.29,0.07 ,0.98478, 0.00871116,0.0065092,0.0152204
0.3,0.07 ,0.984464, 0.00872457,0.00681189,0.0155365
0.31,0.07 ,0.984127, 0.00873806,0.00713472,0.0158728
0.32,0.07 ,0.983769, 0.00875163,0.00747973,0.0162314
0.33,0.07 ,0.983386, 0.00876527,0.00784921,0.0166145
0.34,0.07 ,0.982975, 0.00877899,0.00824578,0.0170248
0.35,0.07 ,0.982535, 0.0087928,0.00867246,0.0174653
0.36,0.07 ,0.982061, 0.00880668,0.00913271,0.0179394
0.37,0.07 ,0.981549, 0.00882065,0.00963054,0.0184512
0.38,0.07 ,0.980995, 0.00883469,0.0101706,0.0190053
0.39,0.07 ,0.980393, 0.00884882,0.0107583,0.0196072
0.4,0.07 ,0.979737, 0.00886303,0.0114002,0.0202632
0.41,0.07 ,0.979019, 0.00887732,0.0121036,0.020981
0.42,0.07 ,0.978231, 0.0088917,0.0128777,0.0217694
0.43,0.07 ,0.977361, 0.00890616,0.0137333,0.0226395
0.44,0.07 ,0.976396, 0.00892071,0.0146833,0.023604
0.45,0.07 ,0.975321, 0.00893534,0.0157436,0.024679
0.46,0.07 ,0.974116, 0.00895006,0.0169337,0.0258838
0.47,0.07 ,0.972758, 0.00896487,0.0182776,0.0272424
0.48,0.07 ,0.971215, 0.00897976,0.0198051,0.0287849
0.49,0.07 ,0.969451, 0.00899475,0.0215542,0.0305489
0.5,0.07 ,0.967418, 0.00900982,0.0235725,0.0325823
0.51,0.07 ,0.965054, 0.00902498,0.0259215,0.0349464
0.52,0.07 ,0.96228, 0.00904023,0.0286799,0.0377202
0.53,0.07 ,0.958994, 0.00905558,0.0319501,0.0410056
0.54,0.07 ,0.955065, 0.00907101,0.0358639,0.0449349
0.55,0.07 ,0.950323, 0.00908654,0.0405907,0.0496772
0.56,0.07 ,0.944555, 0.00910216,0.0463431,0.0554453
0.57,0.07 ,0.937505, 0.00911788,0.053377,0.0624949
0.58,0.07 ,0.928889, 0.00913369,0.0619768,0.0711105
0.59,0.07 ,0.918434, 0.00914959,0.0724166,0.0815661
0.6,0.07 ,0.905941, 0.0091656,0.084893,0.0940586
0.61,0.07 ,0.891368, 0.00918169,0.0994508,0.108632
0.62,0.07 ,0.874862, 0.00919789,0.11594,0.125138
0.63,0.07 ,0.856742, 0.00921419,0.134044,0.143258
0.64,0.07 ,0.837417, 0.00923058,0.153352,0.162583
0.65,0.07 ,0.817301, 0.00924708,0.173452,0.182699
