Betapv,Betamv,V,Rs,Rv,P
0,0 ,0.995672, 0.00232834,0.002,0.00432834
0,0.01 ,0.995607, 0.00232867,0.0020643,0.00439297
0,0.02 ,0.995537, 0.002329,0.00213447,0.00446347
0,0.03 ,0.995459, 0.00232933,0.00221135,0.00454069
0,0.04 ,0.995374, 0.00232968,0.00229598,0.00462565
0,0.05 ,0.99528, 0.00233002,0.00238959,0.00471962
0,0.06 ,0.995176, 0.00233037,0.00249373,0.0048241
0,0.07 ,0.995059, 0.00233073,0.00261028,0.00494101
0,0.08 ,0.994927, 0.00233109,0.00274164,0.00507272
0,0.09 ,0.994778, 0.00233145,0.00289083,0.00522228
0,0.1 ,0.994606, 0.00233182,0.00306178,0.00539361
0,0.11 ,0.994408, 0.0023322,0.00325967,0.00559187
0,0.12 ,0.994176, 0.00233258,0.00349142,0.00582401
0,0.13 ,0.9939, 0.00233297,0.00376659,0.00609955
0,0.14 ,0.993568, 0.00233336,0.00409864,0.006432
0,0.15 ,0.993159, 0.00233376,0.00450724,0.006841
0,0.16 ,0.992644, 0.00233416,0.00502226,0.00735643
0,0.17 ,0.991974, 0.00233457,0.00569123,0.00802581
0,0.18 ,0.99107, 0.00233499,0.00659454,0.00892953
0,0.19 ,0.989786, 0.00233541,0.00787904,0.0102145
0,0.2 ,0.987822, 0.00233584,0.00984203,0.0121779
0,0.21 ,0.984489, 0.00233628,0.0131752,0.0155115
0,0.22 ,0.977847, 0.00233672,0.0198161,0.0221529
0,0.23 ,0.961512, 0.00233717,0.0361505,0.0384877
0,0.24 ,0.92185, 0.00233762,0.075812,0.0781496
0,0.25 ,0.862768, 0.00233809,0.134894,0.137232
0,0.26 ,0.800897, 0.00233856,0.196765,0.199103
0,0.27 ,0.742251, 0.00233904,0.25541,0.257749
0,0.28 ,0.688045, 0.00233953,0.309616,0.311955
0,0.29 ,0.638298, 0.00234002,0.359362,0.361702
0,0.3 ,0.592725, 0.00234053,0.404935,0.407275
0,0.31 ,0.550966, 0.00234104,0.446693,0.449034
0,0.32 ,0.512664, 0.00234156,0.484994,0.487336
0,0.33 ,0.477487, 0.00234209,0.520171,0.522513
0,0.34 ,0.445133, 0.00234263,0.552524,0.554867
0,0.35 ,0.415332, 0.00234318,0.582325,0.584668
0,0.36 ,0.387842, 0.00234374,0.609814,0.612158
0,0.37 ,0.362448, 0.00234431,0.635208,0.637552
0,0.38 ,0.338958, 0.00234489,0.658697,0.661042
0,0.39 ,0.317202, 0.00234549,0.680452,0.682798
0,0.4 ,0.297027, 0.00234609,0.700627,0.702973
0,0.41 ,0.278296, 0.0023467,0.719357,0.721704
0,0.42 ,0.260887, 0.00234733,0.736766,0.739113
0,0.43 ,0.244689, 0.00234797,0.752964,0.755311
0,0.44 ,0.229602, 0.00234862,0.768049,0.770398
0,0.45 ,0.215538, 0.00234928,0.782112,0.784462
0,0.46 ,0.202416, 0.00234996,0.795234,0.797584
0,0.47 ,0.190162, 0.00235065,0.807487,0.809838
0,0.48 ,0.17871, 0.00235135,0.818939,0.82129
0,0.49 ,0.167999, 0.00235207,0.829649,0.832001
0,0.5 ,0.157974, 0.0023528,0.839673,0.842026
0,0.51 ,0.148586, 0.00235355,0.849061,0.851414
0,0.52 ,0.139787, 0.00235432,0.857859,0.860213
0,0.53 ,0.131537, 0.0023551,0.866108,0.868463
0,0.54 ,0.123796, 0.0023559,0.873848,0.876204
0,0.55 ,0.11653, 0.00235671,0.881113,0.88347
0,0.56 ,0.109706, 0.00235754,0.887937,0.890294
0,0.57 ,0.103294, 0.0023584,0.894348,0.896706
0,0.58 ,0.0972665, 0.00235927,0.900374,0.902733
0,0.59 ,0.0915985, 0.00236015,0.906041,0.908401
0,0.6 ,0.0862664, 0.00236106,0.911372,0.913734
0,0.61 ,0.0812486, 0.00236199,0.916389,0.918751
0,0.62 ,0.0765248, 0.00236294,0.921112,0.923475
0,0.63 ,0.0720767, 0.00236392,0.925559,0.927923
0,0.64 ,0.0678869, 0.00236491,0.929748,0.932113
0,0.65 ,0.0639394, 0.00236593,0.933695,0.936061
0,0.66 ,0.0602193, 0.00236697,0.937414,0.939781
0,0.67 ,0.0567128, 0.00236803,0.940919,0.943287
0,0.68 ,0.053407, 0.00236912,0.944224,0.946593
0,0.69 ,0.0502899, 0.00237023,0.94734,0.94971
0,0.7 ,0.0473502, 0.00237137,0.950278,0.95265
0,0.71 ,0.0445774, 0.00237254,0.95305,0.955423
0,0.72 ,0.0419619, 0.00237373,0.955664,0.958038
0,0.73 ,0.0394944, 0.00237495,0.958131,0.960506
0,0.74 ,0.0371664, 0.00237619,0.960457,0.962834
0,0.75 ,0.0349698, 0.00237747,0.962653,0.96503
0,0.76 ,0.0328972, 0.00237877,0.964724,0.967103
0,0.77 ,0.0309414, 0.00238011,0.966678,0.969059
0,0.78 ,0.029096, 0.00238147,0.968523,0.970904
0,0.79 ,0.0273545, 0.00238286,0.970263,0.972645
0,0.8 ,0.0257114, 0.00238429,0.971904,0.974289
0,0.81 ,0.0241609, 0.00238574,0.973453,0.975839
0,0.82 ,0.0226981, 0.00238723,0.974915,0.977302
0,0.83 ,0.021318, 0.00238875,0.976293,0.978682
0,0.84 ,0.020016, 0.0023903,0.977594,0.979984
0,0.85 ,0.018788, 0.00239189,0.97882,0.981212
0,0.86 ,0.0176297, 0.0023935,0.979977,0.98237
0,0.87 ,0.0165373, 0.00239516,0.981068,0.983463
0,0.88 ,0.0155074, 0.00239685,0.982096,0.984493
0,0.89 ,0.0145364, 0.00239857,0.983065,0.985464
0,0.9 ,0.0136211, 0.00240033,0.983979,0.986379
0,0.91 ,0.0127585, 0.00240212,0.984839,0.987241
0,0.92 ,0.0119458, 0.00240395,0.98565,0.988054
0,0.93 ,0.0111802, 0.00240582,0.986414,0.98882
0,0.94 ,0.0104591, 0.00240772,0.987133,0.989541
0,0.95 ,0.00978021, 0.00240966,0.98781,0.99022
0,0.96 ,0.00914113, 0.00241163,0.988447,0.990859
0,0.97 ,0.00853972, 0.00241365,0.989047,0.99146
0,0.98 ,0.00797393, 0.0024157,0.98961,0.992026
0,0.99 ,0.00744181, 0.00241779,0.99014,0.992558
0,1 ,0.00694153, 0.00241992,0.990639,0.993058
0.01,0 ,0.995633, 0.00232859,0.00203853,0.00436712
0.01,0.01 ,0.995568, 0.00232892,0.00210283,0.00443175
0.01,0.02 ,0.995498, 0.00232925,0.002173,0.00450225
0.01,0.03 ,0.995421, 0.00232959,0.00224988,0.00457946
0.01,0.04 ,0.995336, 0.00232993,0.0023345,0.00466443
0.01,0.05 ,0.995242, 0.00233027,0.00242811,0.00475838
0.01,0.06 ,0.995137, 0.00233063,0.00253224,0.00486286
0.01,0.07 ,0.99502, 0.00233098,0.00264879,0.00497977
0.01,0.08 ,0.994889, 0.00233134,0.00278013,0.00511147
0.01,0.09 ,0.994739, 0.00233171,0.00292931,0.00526102
0.01,0.1 ,0.994568, 0.00233208,0.00310026,0.00543233
0.01,0.11 ,0.994369, 0.00233245,0.00329812,0.00563058
0.01,0.12 ,0.994137, 0.00233283,0.00352986,0.00586269
0.01,0.13 ,0.993862, 0.00233322,0.00380499,0.00613821
0.01,0.14 ,0.993529, 0.00233361,0.004137,0.00647061
0.01,0.15 ,0.99312, 0.00233401,0.00454555,0.00687956
0.01,0.16 ,0.992605, 0.00233441,0.00506048,0.0073949
0.01,0.17 ,0.991936, 0.00233482,0.00572932,0.00806415
0.01,0.18 ,0.991032, 0.00233524,0.00663241,0.00896765
0.01,0.19 ,0.989748, 0.00233566,0.00791654,0.0102522
0.01,0.2 ,0.987785, 0.00233609,0.00987879,0.0122149
0.01,0.21 ,0.984453, 0.00233653,0.0132103,0.0155468
0.01,0.22 ,0.977816, 0.00233697,0.0198466,0.0221836
0.01,0.23 ,0.961496, 0.00233742,0.0361662,0.0385036
0.01,0.24 ,0.921862, 0.00233788,0.0758,0.0781378
0.01,0.25 ,0.862794, 0.00233834,0.134868,0.137206
0.01,0.26 ,0.800926, 0.00233881,0.196735,0.199074
0.01,0.27 ,0.742281, 0.00233929,0.255379,0.257719
0.01,0.28 ,0.688074, 0.00233978,0.309586,0.311926
0.01,0.29 ,0.638327, 0.00234028,0.359333,0.361673
0.01,0.3 ,0.592752, 0.00234078,0.404907,0.407248
0.01,0.31 ,0.550992, 0.00234129,0.446666,0.449008
0.01,0.32 ,0.51269, 0.00234182,0.484968,0.48731
0.01,0.33 ,0.477512, 0.00234235,0.520146,0.522488
0.01,0.34 ,0.445157, 0.00234289,0.5525,0.554843
0.01,0.35 ,0.415355, 0.00234344,0.582302,0.584645
0.01,0.36 ,0.387863, 0.002344,0.609793,0.612137
0.01,0.37 ,0.362469, 0.00234457,0.635187,0.637531
0.01,0.38 ,0.338978, 0.00234515,0.658676,0.661022
0.01,0.39 ,0.317222, 0.00234574,0.680433,0.682778
0.01,0.4 ,0.297046, 0.00234634,0.700608,0.702954
0.01,0.41 ,0.278314, 0.00234695,0.719339,0.721686
0.01,0.42 ,0.260904, 0.00234758,0.736748,0.739096
0.01,0.43 ,0.244705, 0.00234822,0.752947,0.755295
0.01,0.44 ,0.229618, 0.00234887,0.768033,0.770382
0.01,0.45 ,0.215554, 0.00234953,0.782097,0.784446
0.01,0.46 ,0.202431, 0.00235021,0.795219,0.797569
0.01,0.47 ,0.190176, 0.0023509,0.807473,0.809824
0.01,0.48 ,0.178724, 0.0023516,0.818925,0.821276
0.01,0.49 ,0.168012, 0.00235232,0.829636,0.831988
0.01,0.5 ,0.157987, 0.00235305,0.83966,0.842013
0.01,0.51 ,0.148598, 0.0023538,0.849049,0.851402
0.01,0.52 ,0.139799, 0.00235457,0.857847,0.860201
0.01,0.53 ,0.131548, 0.00235535,0.866097,0.868452
0.01,0.54 ,0.123807, 0.00235615,0.873837,0.876193
0.01,0.55 ,0.11654, 0.00235696,0.881103,0.88346
0.01,0.56 ,0.109716, 0.0023578,0.887926,0.890284
0.01,0.57 ,0.103303, 0.00235865,0.894338,0.896697
0.01,0.58 ,0.0972758, 0.00235952,0.900365,0.902724
0.01,0.59 ,0.0916075, 0.00236041,0.906032,0.908393
0.01,0.6 ,0.086275, 0.00236132,0.911364,0.913725
0.01,0.61 ,0.0812568, 0.00236225,0.916381,0.918743
0.01,0.62 ,0.0765328, 0.0023632,0.921104,0.923467
0.01,0.63 ,0.0720843, 0.00236417,0.925551,0.927916
0.01,0.64 ,0.0678942, 0.00236516,0.929741,0.932106
0.01,0.65 ,0.0639464, 0.00236618,0.933687,0.936054
0.01,0.66 ,0.0602261, 0.00236722,0.937407,0.939774
0.01,0.67 ,0.0567194, 0.00236828,0.940912,0.943281
0.01,0.68 ,0.0534133, 0.00236937,0.944217,0.946587
0.01,0.69 ,0.0502959, 0.00237049,0.947334,0.949704
0.01,0.7 ,0.047356, 0.00237162,0.950272,0.952644
0.01,0.71 ,0.044583, 0.00237279,0.953044,0.955417
0.01,0.72 ,0.0419673, 0.00237398,0.955659,0.958033
0.01,0.73 ,0.0394996, 0.0023752,0.958125,0.9605
0.01,0.74 ,0.0371713, 0.00237645,0.960452,0.962829
0.01,0.75 ,0.0349746, 0.00237772,0.962648,0.965025
0.01,0.76 ,0.0329017, 0.00237902,0.964719,0.967098
0.01,0.77 ,0.0309458, 0.00238036,0.966674,0.969054
0.01,0.78 ,0.0291002, 0.00238172,0.968518,0.9709
0.01,0.79 ,0.0273586, 0.00238311,0.970258,0.972641
0.01,0.8 ,0.0257152, 0.00238454,0.9719,0.974285
0.01,0.81 ,0.0241646, 0.00238599,0.973449,0.975835
0.01,0.82 ,0.0227016, 0.00238748,0.974911,0.977298
0.01,0.83 ,0.0213214, 0.002389,0.97629,0.978679
0.01,0.84 ,0.0200193, 0.00239055,0.97759,0.979981
0.01,0.85 ,0.0187911, 0.00239214,0.978817,0.981209
0.01,0.86 ,0.0176326, 0.00239375,0.979974,0.982367
0.01,0.87 ,0.0165402, 0.00239541,0.981064,0.98346
0.01,0.88 ,0.0155101, 0.0023971,0.982093,0.98449
0.01,0.89 ,0.014539, 0.00239882,0.983062,0.985461
0.01,0.9 ,0.0136236, 0.00240058,0.983976,0.986376
0.01,0.91 ,0.0127609, 0.00240237,0.984837,0.987239
0.01,0.92 ,0.0119481, 0.0024042,0.985648,0.988052
0.01,0.93 ,0.0111823, 0.00240606,0.986412,0.988818
0.01,0.94 ,0.0104612, 0.00240797,0.987131,0.989539
0.01,0.95 ,0.00978218, 0.00240991,0.987808,0.990218
0.01,0.96 ,0.009143, 0.00241188,0.988445,0.990857
0.01,0.97 ,0.00854151, 0.0024139,0.989045,0.991458
0.01,0.98 ,0.00797563, 0.00241595,0.989608,0.992024
0.01,0.99 ,0.00744343, 0.00241804,0.990139,0.992557
0.01,1 ,0.00694307, 0.00242016,0.990637,0.993057
0.02,0 ,0.995592, 0.00232885,0.00207949,0.00440834
0.02,0.01 ,0.995527, 0.00232917,0.00214379,0.00447296
0.02,0.02 ,0.995457, 0.00232951,0.00221395,0.00454346
0.02,0.03 ,0.995379, 0.00232984,0.00229083,0.00462067
0.02,0.04 ,0.995294, 0.00233018,0.00237544,0.00470563
0.02,0.05 ,0.9952, 0.00233053,0.00246905,0.00479958
0.02,0.06 ,0.995096, 0.00233088,0.00257317,0.00490405
0.02,0.07 ,0.994979, 0.00233124,0.00268971,0.00502095
0.02,0.08 ,0.994847, 0.0023316,0.00282105,0.00515265
0.02,0.09 ,0.994698, 0.00233196,0.00297022,0.00530218
0.02,0.1 ,0.994527, 0.00233233,0.00314115,0.00547348
0.02,0.11 ,0.994328, 0.00233271,0.003339,0.00567171
0.02,0.12 ,0.994096, 0.00233309,0.00357071,0.0059038
0.02,0.13 ,0.993821, 0.00233348,0.00384581,0.00617929
0.02,0.14 ,0.993488, 0.00233387,0.00417778,0.00651164
0.02,0.15 ,0.993079, 0.00233427,0.00458626,0.00692053
0.02,0.16 ,0.992564, 0.00233467,0.00510111,0.00743578
0.02,0.17 ,0.991895, 0.00233508,0.00576981,0.00810489
0.02,0.18 ,0.990992, 0.0023355,0.00667267,0.00900816
0.02,0.19 ,0.989708, 0.00233592,0.00795639,0.0102923
0.02,0.2 ,0.987746, 0.00233635,0.00991787,0.0122542
0.02,0.21 ,0.984416, 0.00233678,0.0132476,0.0155844
0.02,0.22 ,0.977784, 0.00233723,0.0198791,0.0222163
0.02,0.23 ,0.961479, 0.00233768,0.0361829,0.0385206
0.02,0.24 ,0.921875, 0.00233813,0.0757872,0.0781254
0.02,0.25 ,0.862821, 0.0023386,0.13484,0.137179
0.02,0.26 ,0.800957, 0.00233907,0.196704,0.199043
0.02,0.27 ,0.742313, 0.00233955,0.255347,0.257687
0.02,0.28 ,0.688105, 0.00234004,0.309555,0.311895
0.02,0.29 ,0.638357, 0.00234053,0.359302,0.361643
0.02,0.3 ,0.592782, 0.00234104,0.404877,0.407218
0.02,0.31 ,0.55102, 0.00234155,0.446638,0.44898
0.02,0.32 ,0.512717, 0.00234207,0.484941,0.487283
0.02,0.33 ,0.477538, 0.0023426,0.52012,0.522462
0.02,0.34 ,0.445182, 0.00234314,0.552475,0.554818
0.02,0.35 ,0.415379, 0.00234369,0.582278,0.584621
0.02,0.36 ,0.387887, 0.00234425,0.609769,0.612113
0.02,0.37 ,0.362491, 0.00234482,0.635164,0.637509
0.02,0.38 ,0.339, 0.0023454,0.658655,0.661
0.02,0.39 ,0.317242, 0.00234599,0.680412,0.682758
0.02,0.4 ,0.297066, 0.0023466,0.700588,0.702934
0.02,0.41 ,0.278333, 0.00234721,0.71932,0.721667
0.02,0.42 ,0.260922, 0.00234784,0.73673,0.739078
0.02,0.43 ,0.244723, 0.00234847,0.752929,0.755277
0.02,0.44 ,0.229635, 0.00234912,0.768016,0.770365
0.02,0.45 ,0.21557, 0.00234979,0.78208,0.78443
0.02,0.46 ,0.202446, 0.00235046,0.795203,0.797554
0.02,0.47 ,0.190191, 0.00235115,0.807458,0.809809
0.02,0.48 ,0.178738, 0.00235186,0.81891,0.821262
0.02,0.49 ,0.168026, 0.00235258,0.829622,0.831974
0.02,0.5 ,0.158, 0.00235331,0.839646,0.842
0.02,0.51 ,0.148611, 0.00235406,0.849035,0.851389
0.02,0.52 ,0.139811, 0.00235482,0.857834,0.860189
0.02,0.53 ,0.13156, 0.0023556,0.866085,0.86844
0.02,0.54 ,0.123818, 0.0023564,0.873825,0.876182
0.02,0.55 ,0.116551, 0.00235722,0.881091,0.883449
0.02,0.56 ,0.109726, 0.00235805,0.887915,0.890274
0.02,0.57 ,0.103314, 0.0023589,0.894327,0.896686
0.02,0.58 ,0.0972857, 0.00235977,0.900355,0.902714
0.02,0.59 ,0.091617, 0.00236066,0.906022,0.908383
0.02,0.6 ,0.0862842, 0.00236157,0.911354,0.913716
0.02,0.61 ,0.0812656, 0.0023625,0.916372,0.918734
0.02,0.62 ,0.0765412, 0.00236345,0.921095,0.923459
0.02,0.63 ,0.0720925, 0.00236442,0.925543,0.927908
0.02,0.64 ,0.067902, 0.00236542,0.929733,0.932098
0.02,0.65 ,0.0639539, 0.00236643,0.93368,0.936046
0.02,0.66 ,0.0602333, 0.00236747,0.937399,0.939767
0.02,0.67 ,0.0567263, 0.00236854,0.940905,0.943274
0.02,0.68 ,0.05342, 0.00236963,0.94421,0.94658
0.02,0.69 ,0.0503023, 0.00237074,0.947327,0.949698
0.02,0.7 ,0.0473621, 0.00237188,0.950266,0.952638
0.02,0.71 ,0.0445889, 0.00237304,0.953038,0.955411
0.02,0.72 ,0.041973, 0.00237423,0.955653,0.958027
0.02,0.73 ,0.039505, 0.00237545,0.95812,0.960495
0.02,0.74 ,0.0371766, 0.0023767,0.960447,0.962823
0.02,0.75 ,0.0349796, 0.00237797,0.962642,0.96502
0.02,0.76 ,0.0329066, 0.00237928,0.964714,0.967093
0.02,0.77 ,0.0309504, 0.00238061,0.966669,0.96905
0.02,0.78 ,0.0291046, 0.00238197,0.968513,0.970895
0.02,0.79 ,0.0273628, 0.00238337,0.970254,0.972637
0.02,0.8 ,0.0257193, 0.00238479,0.971896,0.974281
0.02,0.81 ,0.0241686, 0.00238624,0.973445,0.975831
0.02,0.82 ,0.0227054, 0.00238773,0.974907,0.977295
0.02,0.83 ,0.021325, 0.00238925,0.976286,0.978675
0.02,0.84 ,0.0200227, 0.0023908,0.977586,0.979977
0.02,0.85 ,0.0187943, 0.00239239,0.978813,0.981206
0.02,0.86 ,0.0176358, 0.00239401,0.97997,0.982364
0.02,0.87 ,0.0165432, 0.00239566,0.981061,0.983457
0.02,0.88 ,0.015513, 0.00239735,0.98209,0.984487
0.02,0.89 ,0.0145417, 0.00239907,0.983059,0.985458
0.02,0.9 ,0.0136262, 0.00240083,0.983973,0.986374
0.02,0.91 ,0.0127634, 0.00240262,0.984834,0.987237
0.02,0.92 ,0.0119505, 0.00240445,0.985645,0.98805
0.02,0.93 ,0.0111846, 0.00240632,0.986409,0.988815
0.02,0.94 ,0.0104634, 0.00240822,0.987128,0.989537
0.02,0.95 ,0.00978425, 0.00241016,0.987806,0.990216
0.02,0.96 ,0.00914498, 0.00241213,0.988443,0.990855
0.02,0.97 ,0.00854339, 0.00241415,0.989042,0.991457
0.02,0.98 ,0.00797742, 0.0024162,0.989606,0.992023
0.02,0.99 ,0.00744514, 0.00241829,0.990137,0.992555
0.02,1 ,0.00694469, 0.00242042,0.990635,0.993055
0.03,0 ,0.995548, 0.0023291,0.00212312,0.00445222
0.03,0.01 ,0.995483, 0.00232943,0.00218741,0.00451684
0.03,0.02 ,0.995413, 0.00232977,0.00225757,0.00458733
0.03,0.03 ,0.995335, 0.0023301,0.00233444,0.00466454
0.03,0.04 ,0.995251, 0.00233044,0.00241905,0.0047495
0.03,0.05 ,0.995157, 0.00233079,0.00251265,0.00484344
0.03,0.06 ,0.995052, 0.00233114,0.00261677,0.00494791
0.03,0.07 ,0.994935, 0.0023315,0.0027333,0.0050648
0.03,0.08 ,0.994804, 0.00233186,0.00286463,0.00519649
0.03,0.09 ,0.994654, 0.00233222,0.00301379,0.00534601
0.03,0.1 ,0.994483, 0.00233259,0.0031847,0.0055173
0.03,0.11 ,0.994284, 0.00233297,0.00338254,0.0057155
0.03,0.12 ,0.994052, 0.00233335,0.00361422,0.00594757
0.03,0.13 ,0.993777, 0.00233374,0.00388929,0.00622302
0.03,0.14 ,0.993445, 0.00233413,0.00422121,0.00655534
0.03,0.15 ,0.993036, 0.00233453,0.00462963,0.00696416
0.03,0.16 ,0.992521, 0.00233493,0.00514438,0.00747931
0.03,0.17 ,0.991852, 0.00233534,0.00581293,0.00814827
0.03,0.18 ,0.990949, 0.00233576,0.00671555,0.00905131
0.03,0.19 ,0.989665, 0.00233618,0.00799886,0.010335
0.03,0.2 ,0.987704, 0.00233661,0.00995951,0.0122961
0.03,0.21 ,0.984376, 0.00233704,0.0132874,0.0156244
0.03,0.22 ,0.977749, 0.00233749,0.0199137,0.0222512
0.03,0.23 ,0.961461, 0.00233794,0.0362008,0.0385387
0.03,0.24 ,0.921888, 0.00233839,0.0757738,0.0781122
0.03,0.25 ,0.86285, 0.00233886,0.134811,0.13715
0.03,0.26 ,0.80099, 0.00233933,0.19667,0.19901
0.03,0.27 ,0.742347, 0.00233981,0.255313,0.257653
0.03,0.28 ,0.688139, 0.0023403,0.309521,0.311861
0.03,0.29 ,0.638389, 0.00234079,0.35927,0.361611
0.03,0.3 ,0.592813, 0.00234129,0.404846,0.407187
0.03,0.31 ,0.55105, 0.00234181,0.446608,0.44895
0.03,0.32 ,0.512746, 0.00234233,0.484912,0.487254
0.03,0.33 ,0.477565, 0.00234286,0.520092,0.522435
0.03,0.34 ,0.445208, 0.0023434,0.552448,0.554792
0.03,0.35 ,0.415404, 0.00234395,0.582252,0.584596
0.03,0.36 ,0.387911, 0.00234451,0.609744,0.612089
0.03,0.37 ,0.362514, 0.00234508,0.635141,0.637486
0.03,0.38 ,0.339022, 0.00234566,0.658632,0.660978
0.03,0.39 ,0.317264, 0.00234625,0.68039,0.682736
0.03,0.4 ,0.297087, 0.00234685,0.700567,0.702913
0.03,0.41 ,0.278353, 0.00234747,0.719299,0.721647
0.03,0.42 ,0.260942, 0.00234809,0.73671,0.739058
0.03,0.43 ,0.244741, 0.00234873,0.75291,0.755259
0.03,0.44 ,0.229653, 0.00234938,0.767998,0.770347
0.03,0.45 ,0.215587, 0.00235005,0.782063,0.784413
0.03,0.46 ,0.202463, 0.00235072,0.795186,0.797537
0.03,0.47 ,0.190207, 0.00235141,0.807441,0.809793
0.03,0.48 ,0.178753, 0.00235212,0.818895,0.821247
0.03,0.49 ,0.168041, 0.00235283,0.829606,0.831959
0.03,0.5 ,0.158014, 0.00235357,0.839632,0.841986
0.03,0.51 ,0.148624, 0.00235432,0.849021,0.851376
0.03,0.52 ,0.139824, 0.00235508,0.857821,0.860176
0.03,0.53 ,0.131573, 0.00235586,0.866072,0.868427
0.03,0.54 ,0.123831, 0.00235666,0.873813,0.876169
0.03,0.55 ,0.116563, 0.00235748,0.881079,0.883437
0.03,0.56 ,0.109738, 0.00235831,0.887904,0.890262
0.03,0.57 ,0.103325, 0.00235916,0.894316,0.896675
0.03,0.58 ,0.0972961, 0.00236003,0.900344,0.902704
0.03,0.59 ,0.091627, 0.00236092,0.906012,0.908373
0.03,0.6 ,0.0862938, 0.00236183,0.911344,0.913706
0.03,0.61 ,0.0812749, 0.00236276,0.916362,0.918725
0.03,0.62 ,0.0765502, 0.00236371,0.921086,0.92345
0.03,0.63 ,0.0721011, 0.00236468,0.925534,0.927899
0.03,0.64 ,0.0679103, 0.00236568,0.929724,0.93209
0.03,0.65 ,0.0639619, 0.00236669,0.933671,0.936038
0.03,0.66 ,0.060241, 0.00236773,0.937391,0.939759
0.03,0.67 ,0.0567336, 0.0023688,0.940898,0.943266
0.03,0.68 ,0.053427, 0.00236988,0.944203,0.946573
0.03,0.69 ,0.0503091, 0.002371,0.94732,0.949691
0.03,0.7 ,0.0473687, 0.00237214,0.950259,0.952631
0.03,0.71 ,0.0445952, 0.0023733,0.953031,0.955405
0.03,0.72 ,0.041979, 0.00237449,0.955647,0.958021
0.03,0.73 ,0.0395108, 0.00237571,0.958113,0.960489
0.03,0.74 ,0.0371821, 0.00237696,0.960441,0.962818
0.03,0.75 ,0.0349849, 0.00237823,0.962637,0.965015
0.03,0.76 ,0.0329117, 0.00237953,0.964709,0.967088
0.03,0.77 ,0.0309553, 0.00238087,0.966664,0.969045
0.03,0.78 ,0.0291093, 0.00238223,0.968508,0.970891
0.03,0.79 ,0.0273673, 0.00238362,0.970249,0.972633
0.03,0.8 ,0.0257236, 0.00238505,0.971891,0.974276
0.03,0.81 ,0.0241727, 0.0023865,0.973441,0.975827
0.03,0.82 ,0.0227093, 0.00238799,0.974903,0.977291
0.03,0.83 ,0.0213288, 0.00238951,0.976282,0.978671
0.03,0.84 ,0.0200264, 0.00239106,0.977583,0.979974
0.03,0.85 ,0.0187978, 0.00239264,0.97881,0.981202
0.03,0.86 ,0.0176391, 0.00239426,0.979967,0.982361
0.03,0.87 ,0.0165464, 0.00239592,0.981058,0.983454
0.03,0.88 ,0.015516, 0.0023976,0.982086,0.984484
0.03,0.89 ,0.0145446, 0.00239933,0.983056,0.985455
0.03,0.9 ,0.013629, 0.00240108,0.98397,0.986371
0.03,0.91 ,0.012766, 0.00240288,0.984831,0.987234
0.03,0.92 ,0.011953, 0.00240471,0.985642,0.988047
0.03,0.93 ,0.011187, 0.00240657,0.986406,0.988813
0.03,0.94 ,0.0104657, 0.00240847,0.987126,0.989534
0.03,0.95 ,0.00978644, 0.00241041,0.987803,0.990214
0.03,0.96 ,0.00914706, 0.00241239,0.988441,0.990853
0.03,0.97 ,0.00854537, 0.0024144,0.98904,0.991455
0.03,0.98 ,0.00797931, 0.00241645,0.989604,0.992021
0.03,0.99 ,0.00744694, 0.00241854,0.990135,0.992553
0.03,1 ,0.0069464, 0.00242067,0.990633,0.993054
0.04,0 ,0.995501, 0.00232937,0.00216968,0.00449905
0.04,0.01 ,0.995436, 0.0023297,0.00223398,0.00456367
0.04,0.02 ,0.995366, 0.00233003,0.00230413,0.00463416
0.04,0.03 ,0.995289, 0.00233036,0.002381,0.00471136
0.04,0.04 ,0.995204, 0.00233071,0.00246561,0.00479631
0.04,0.05 ,0.99511, 0.00233105,0.0025592,0.00489025
0.04,0.06 ,0.995005, 0.0023314,0.00266331,0.00499471
0.04,0.07 ,0.994888, 0.00233176,0.00277983,0.00511159
0.04,0.08 ,0.994757, 0.00233212,0.00291115,0.00524327
0.04,0.09 ,0.994607, 0.00233248,0.0030603,0.00539278
0.04,0.1 ,0.994436, 0.00233285,0.0032312,0.00556405
0.04,0.11 ,0.994238, 0.00233323,0.00342901,0.00576224
0.04,0.12 ,0.994006, 0.00233361,0.00366067,0.00599428
0.04,0.13 ,0.99373, 0.002334,0.0039357,0.0062697
0.04,0.14 ,0.993398, 0.00233439,0.00426757,0.00660196
0.04,0.15 ,0.992989, 0.00233479,0.00467593,0.00701071
0.04,0.16 ,0.992474, 0.00233519,0.00519057,0.00752576
0.04,0.17 ,0.991805, 0.0023356,0.00585897,0.00819457
0.04,0.18 ,0.990903, 0.00233602,0.00676134,0.00909735
0.04,0.19 ,0.989619, 0.00233644,0.00804419,0.0103806
0.04,0.2 ,0.987659, 0.00233687,0.010004,0.0123408
0.04,0.21 ,0.984333, 0.00233731,0.0133299,0.0156672
0.04,0.22 ,0.977712, 0.00233775,0.0199507,0.0222884
0.04,0.23 ,0.961442, 0.0023382,0.03622,0.0385582
0.04,0.24 ,0.921902, 0.00233865,0.0757596,0.0780982
0.04,0.25 ,0.862881, 0.00233912,0.13478,0.137119
0.04,0.26 ,0.801026, 0.00233959,0.196635,0.198974
0.04,0.27 ,0.742383, 0.00234007,0.255277,0.257617
0.04,0.28 ,0.688174, 0.00234056,0.309486,0.311826
0.04,0.29 ,0.638424, 0.00234105,0.359235,0.361576
0.04,0.3 ,0.592846, 0.00234156,0.404813,0.407154
0.04,0.31 ,0.551082, 0.00234207,0.446576,0.448918
0.04,0.32 ,0.512776, 0.00234259,0.484881,0.487224
0.04,0.33 ,0.477595, 0.00234312,0.520062,0.522405
0.04,0.34 ,0.445237, 0.00234366,0.55242,0.554763
0.04,0.35 ,0.415431, 0.00234421,0.582224,0.584569
0.04,0.36 ,0.387937, 0.00234477,0.609718,0.612063
0.04,0.37 ,0.36254, 0.00234534,0.635115,0.63746
0.04,0.38 ,0.339047, 0.00234592,0.658608,0.660953
0.04,0.39 ,0.317287, 0.00234651,0.680366,0.682713
0.04,0.4 ,0.297109, 0.00234712,0.700544,0.702891
0.04,0.41 ,0.278375, 0.00234773,0.719278,0.721625
0.04,0.42 ,0.260962, 0.00234836,0.736689,0.739038
0.04,0.43 ,0.244761, 0.00234899,0.75289,0.755239
0.04,0.44 ,0.229672, 0.00234964,0.767978,0.770328
0.04,0.45 ,0.215605, 0.00235031,0.782044,0.784395
0.04,0.46 ,0.202481, 0.00235098,0.795168,0.797519
0.04,0.47 ,0.190224, 0.00235167,0.807424,0.809776
0.04,0.48 ,0.17877, 0.00235238,0.818878,0.82123
0.04,0.49 ,0.168056, 0.0023531,0.82959,0.831944
0.04,0.5 ,0.15803, 0.00235383,0.839617,0.84197
0.04,0.51 ,0.148639, 0.00235458,0.849007,0.851361
0.04,0.52 ,0.139838, 0.00235534,0.857806,0.860162
0.04,0.53 ,0.131586, 0.00235612,0.866058,0.868414
0.04,0.54 ,0.123844, 0.00235692,0.8738,0.876156
0.04,0.55 ,0.116576, 0.00235774,0.881067,0.883424
0.04,0.56 ,0.10975, 0.00235857,0.887892,0.89025
0.04,0.57 ,0.103336, 0.00235942,0.894304,0.896664
0.04,0.58 ,0.0973072, 0.00236029,0.900332,0.902693
0.04,0.59 ,0.0916377, 0.00236118,0.906001,0.908362
0.04,0.6 ,0.0863041, 0.00236209,0.911334,0.913696
0.04,0.61 ,0.0812848, 0.00236302,0.916352,0.918715
0.04,0.62 ,0.0765597, 0.00236397,0.921076,0.92344
0.04,0.63 ,0.0721102, 0.00236494,0.925525,0.92789
0.04,0.64 ,0.0679191, 0.00236594,0.929715,0.932081
0.04,0.65 ,0.0639704, 0.00236695,0.933663,0.93603
0.04,0.66 ,0.0602491, 0.00236799,0.937383,0.939751
0.04,0.67 ,0.0567414, 0.00236906,0.940889,0.943259
0.04,0.68 ,0.0534345, 0.00237014,0.944195,0.946565
0.04,0.69 ,0.0503163, 0.00237126,0.947312,0.949684
0.04,0.7 ,0.0473756, 0.0023724,0.950252,0.952624
0.04,0.71 ,0.0446019, 0.00237356,0.953025,0.955398
0.04,0.72 ,0.0419853, 0.00237475,0.95564,0.958015
0.04,0.73 ,0.0395169, 0.00237597,0.958107,0.960483
0.04,0.74 ,0.037188, 0.00237722,0.960435,0.962812
0.04,0.75 ,0.0349905, 0.00237849,0.962631,0.965009
0.04,0.76 ,0.0329171, 0.00237979,0.964703,0.967083
0.04,0.77 ,0.0309605, 0.00238113,0.966658,0.969039
0.04,0.78 ,0.0291143, 0.00238249,0.968503,0.970886
0.04,0.79 ,0.0273721, 0.00238388,0.970244,0.972628
0.04,0.8 ,0.0257282, 0.00238531,0.971887,0.974272
0.04,0.81 ,0.024177, 0.00238676,0.973436,0.975823
0.04,0.82 ,0.0227135, 0.00238825,0.974898,0.977286
0.04,0.83 ,0.0213328, 0.00238977,0.976277,0.978667
0.04,0.84 ,0.0200302, 0.00239132,0.977578,0.97997
0.04,0.85 ,0.0188015, 0.0023929,0.978806,0.981199
0.04,0.86 ,0.0176426, 0.00239452,0.979963,0.982357
0.04,0.87 ,0.0165497, 0.00239618,0.981054,0.98345
0.04,0.88 ,0.0155192, 0.00239786,0.982083,0.984481
0.04,0.89 ,0.0145477, 0.00239958,0.983053,0.985452
0.04,0.9 ,0.0136319, 0.00240134,0.983967,0.986368
0.04,0.91 ,0.0127688, 0.00240314,0.984828,0.987231
0.04,0.92 ,0.0119556, 0.00240496,0.985639,0.988044
0.04,0.93 ,0.0111896, 0.00240683,0.986404,0.98881
0.04,0.94 ,0.0104681, 0.00240873,0.987123,0.989532
0.04,0.95 ,0.00978874, 0.00241067,0.987801,0.990211
0.04,0.96 ,0.00914926, 0.00241265,0.988438,0.990851
0.04,0.97 ,0.00854746, 0.00241466,0.989038,0.991453
0.04,0.98 ,0.0079813, 0.00241671,0.989602,0.992019
0.04,0.99 ,0.00744883, 0.0024188,0.990132,0.992551
0.04,1 ,0.0069482, 0.00242093,0.990631,0.993052
0.05,0 ,0.995451, 0.00232963,0.00221951,0.00454915
0.05,0.01 ,0.995386, 0.00232996,0.0022838,0.00461376
0.05,0.02 ,0.995316, 0.00233029,0.00235395,0.00468424
0.05,0.03 ,0.995239, 0.00233063,0.00243081,0.00476144
0.05,0.04 ,0.995154, 0.00233097,0.00251542,0.00484639
0.05,0.05 ,0.99506, 0.00233132,0.00260901,0.00494032
0.05,0.06 ,0.994955, 0.00233167,0.00271311,0.00504478
0.05,0.07 ,0.994838, 0.00233202,0.00282962,0.00516165
0.05,0.08 ,0.994707, 0.00233238,0.00296093,0.00529331
0.05,0.09 ,0.994557, 0.00233275,0.00311006,0.00544281
0.05,0.1 ,0.994386, 0.00233312,0.00328095,0.00561406
0.05,0.11 ,0.994188, 0.00233349,0.00347874,0.00581223
0.05,0.12 ,0.993956, 0.00233388,0.00371037,0.00604424
0.05,0.13 ,0.99368, 0.00233426,0.00398536,0.00631962
0.05,0.14 ,0.993348, 0.00233465,0.00431718,0.00665184
0.05,0.15 ,0.992939, 0.00233505,0.00472546,0.00706051
0.05,0.16 ,0.992425, 0.00233546,0.00524,0.00757546
0.05,0.17 ,0.991756, 0.00233587,0.00590823,0.0082441
0.05,0.18 ,0.990853, 0.00233628,0.00681033,0.00914661
0.05,0.19 ,0.989571, 0.00233671,0.00809271,0.0104294
0.05,0.2 ,0.987611, 0.00233713,0.0100516,0.0123887
0.05,0.21 ,0.984287, 0.00233757,0.0133753,0.0157129
0.05,0.22 ,0.977672, 0.00233801,0.0199903,0.0223283
0.05,0.23 ,0.961421, 0.00233846,0.0362407,0.0385791
0.05,0.24 ,0.921917, 0.00233892,0.0757445,0.0780834
0.05,0.25 ,0.862915, 0.00233938,0.134746,0.137085
0.05,0.26 ,0.801064, 0.00233986,0.196596,0.198936
0.05,0.27 ,0.742421, 0.00234033,0.255239,0.257579
0.05,0.28 ,0.688212, 0.00234082,0.309447,0.311788
0.05,0.29 ,0.63846, 0.00234132,0.359198,0.36154
0.05,0.3 ,0.592881, 0.00234182,0.404777,0.407119
0.05,0.31 ,0.551116, 0.00234233,0.446541,0.448884
0.05,0.32 ,0.512809, 0.00234286,0.484848,0.487191
0.05,0.33 ,0.477626, 0.00234339,0.52003,0.522374
0.05,0.34 ,0.445267, 0.00234393,0.552389,0.554733
0.05,0.35 ,0.41546, 0.00234448,0.582195,0.58454
0.05,0.36 ,0.387965, 0.00234504,0.60969,0.612035
0.05,0.37 ,0.362566, 0.00234561,0.635088,0.637434
0.05,0.38 ,0.339072, 0.00234619,0.658581,0.660928
0.05,0.39 ,0.317312, 0.00234678,0.680341,0.682688
0.05,0.4 ,0.297133, 0.00234738,0.70052,0.702867
0.05,0.41 ,0.278398, 0.002348,0.719254,0.721602
0.05,0.42 ,0.260984, 0.00234862,0.736667,0.739016
0.05,0.43 ,0.244782, 0.00234926,0.752869,0.755218
0.05,0.44 ,0.229692, 0.00234991,0.767958,0.770308
0.05,0.45 ,0.215625, 0.00235057,0.782024,0.784375
0.05,0.46 ,0.2025, 0.00235125,0.795149,0.7975
0.05,0.47 ,0.190242, 0.00235194,0.807406,0.809758
0.05,0.48 ,0.178787, 0.00235264,0.81886,0.821213
0.05,0.49 ,0.168073, 0.00235336,0.829573,0.831927
0.05,0.5 ,0.158046, 0.00235409,0.8396,0.841954
0.05,0.51 ,0.148654, 0.00235484,0.848991,0.851346
0.05,0.52 ,0.139853, 0.00235561,0.857791,0.860147
0.05,0.53 ,0.1316, 0.00235639,0.866043,0.8684
0.05,0.54 ,0.123857, 0.00235719,0.873785,0.876143
0.05,0.55 ,0.116589, 0.002358,0.881053,0.883411
0.05,0.56 ,0.109763, 0.00235883,0.887879,0.890237
0.05,0.57 ,0.103348, 0.00235969,0.894292,0.896652
0.05,0.58 ,0.0973191, 0.00236056,0.90032,0.902681
0.05,0.59 ,0.0916491, 0.00236144,0.905989,0.908351
0.05,0.6 ,0.0863151, 0.00236235,0.911323,0.913685
0.05,0.61 ,0.0812953, 0.00236328,0.916341,0.918705
0.05,0.62 ,0.0765698, 0.00236423,0.921066,0.92343
0.05,0.63 ,0.0721199, 0.00236521,0.925515,0.92788
0.05,0.64 ,0.0679285, 0.0023662,0.929705,0.932072
0.05,0.65 ,0.0639793, 0.00236722,0.933653,0.936021
0.05,0.66 ,0.0602577, 0.00236826,0.937374,0.939742
0.05,0.67 ,0.0567497, 0.00236932,0.940881,0.94325
0.05,0.68 ,0.0534425, 0.00237041,0.944187,0.946558
0.05,0.69 ,0.050324, 0.00237152,0.947305,0.949676
0.05,0.7 ,0.0473829, 0.00237266,0.950244,0.952617
0.05,0.71 ,0.0446089, 0.00237382,0.953017,0.955391
0.05,0.72 ,0.0419921, 0.00237502,0.955633,0.958008
0.05,0.73 ,0.0395234, 0.00237623,0.9581,0.960477
0.05,0.74 ,0.0371942, 0.00237748,0.960428,0.962806
0.05,0.75 ,0.0349965, 0.00237875,0.962625,0.965003
0.05,0.76 ,0.0329228, 0.00238006,0.964697,0.967077
0.05,0.77 ,0.030966, 0.00238139,0.966653,0.969034
0.05,0.78 ,0.0291195, 0.00238275,0.968498,0.97088
0.05,0.79 ,0.0273771, 0.00238414,0.970239,0.972623
0.05,0.8 ,0.025733, 0.00238557,0.971881,0.974267
0.05,0.81 ,0.0241817, 0.00238702,0.973431,0.975818
0.05,0.82 ,0.022718, 0.00238851,0.974894,0.977282
0.05,0.83 ,0.021337, 0.00239003,0.976273,0.978663
0.05,0.84 ,0.0200342, 0.00239158,0.977574,0.979966
0.05,0.85 ,0.0188054, 0.00239317,0.978801,0.981195
0.05,0.86 ,0.0176463, 0.00239478,0.979959,0.982354
0.05,0.87 ,0.0165533, 0.00239644,0.98105,0.983447
0.05,0.88 ,0.0155226, 0.00239812,0.982079,0.984477
0.05,0.89 ,0.0145509, 0.00239985,0.983049,0.985449
0.05,0.9 ,0.013635, 0.0024016,0.983963,0.986365
0.05,0.91 ,0.0127718, 0.0024034,0.984825,0.987228
0.05,0.92 ,0.0119584, 0.00240523,0.985636,0.988042
0.05,0.93 ,0.0111922, 0.00240709,0.986401,0.988808
0.05,0.94 ,0.0104706, 0.00240899,0.98712,0.989529
0.05,0.95 ,0.00979117, 0.00241093,0.987798,0.990209
0.05,0.96 ,0.00915158, 0.00241291,0.988436,0.990848
0.05,0.97 ,0.00854967, 0.00241492,0.989035,0.99145
0.05,0.98 ,0.0079834, 0.00241697,0.9896,0.992017
0.05,0.99 ,0.00745082, 0.00241906,0.99013,0.992549
0.05,1 ,0.0069501, 0.00242119,0.990629,0.99305
0.06,0 ,0.995397, 0.0023299,0.00227297,0.00460287
0.06,0.01 ,0.995333, 0.00233023,0.00233725,0.00466748
0.06,0.02 ,0.995262, 0.00233056,0.00240739,0.00473796
0.06,0.03 ,0.995185, 0.0023309,0.00248425,0.00481515
0.06,0.04 ,0.9951, 0.00233124,0.00256885,0.00490009
0.06,0.05 ,0.995006, 0.00233159,0.00266243,0.00499402
0.06,0.06 ,0.994902, 0.00233194,0.00276653,0.00509846
0.06,0.07 ,0.994785, 0.00233229,0.00288303,0.00521532
0.06,0.08 ,0.994653, 0.00233265,0.00301433,0.00534698
0.06,0.09 ,0.994504, 0.00233302,0.00316345,0.00549646
0.06,0.1 ,0.994332, 0.00233339,0.00333431,0.0056677
0.06,0.11 ,0.994134, 0.00233376,0.00353208,0.00586584
0.06,0.12 ,0.993902, 0.00233414,0.00376368,0.00609782
0.06,0.13 ,0.993627, 0.00233453,0.00403863,0.00637316
0.06,0.14 ,0.993295, 0.00233492,0.0043704,0.00670532
0.06,0.15 ,0.992886, 0.00233532,0.0047786,0.00711392
0.06,0.16 ,0.992371, 0.00233573,0.00529303,0.00762875
0.06,0.17 ,0.991703, 0.00233614,0.00596108,0.00829722
0.06,0.18 ,0.990801, 0.00233655,0.00686289,0.00919944
0.06,0.19 ,0.989518, 0.00233697,0.00814476,0.0104817
0.06,0.2 ,0.98756, 0.0023374,0.0101026,0.01244
0.06,0.21 ,0.984238, 0.00233784,0.0134241,0.015762
0.06,0.22 ,0.977629, 0.00233828,0.0200329,0.0223712
0.06,0.23 ,0.961398, 0.00233873,0.036263,0.0386017
0.06,0.24 ,0.921932, 0.00233919,0.0757284,0.0780676
0.06,0.25 ,0.86295, 0.00233965,0.13471,0.13705
0.06,0.26 ,0.801104, 0.00234012,0.196556,0.198896
0.06,0.27 ,0.742462, 0.0023406,0.255197,0.257538
0.06,0.28 ,0.688252, 0.00234109,0.309407,0.311748
0.06,0.29 ,0.6385, 0.00234159,0.359159,0.3615
0.06,0.3 ,0.592919, 0.00234209,0.404739,0.407081
0.06,0.31 ,0.551153, 0.0023426,0.446504,0.448847
0.06,0.32 ,0.512844, 0.00234312,0.484813,0.487156
0.06,0.33 ,0.47766, 0.00234366,0.519996,0.52234
0.06,0.34 ,0.445299, 0.0023442,0.552356,0.554701
0.06,0.35 ,0.415492, 0.00234475,0.582164,0.584508
0.06,0.36 ,0.387995, 0.00234531,0.60966,0.612005
0.06,0.37 ,0.362595, 0.00234588,0.635059,0.637405
0.06,0.38 ,0.3391, 0.00234646,0.658554,0.6609
0.06,0.39 ,0.317339, 0.00234705,0.680314,0.682661
0.06,0.4 ,0.297158, 0.00234765,0.700494,0.702842
0.06,0.41 ,0.278422, 0.00234826,0.71923,0.721578
0.06,0.42 ,0.261008, 0.00234889,0.736643,0.738992
0.06,0.43 ,0.244805, 0.00234953,0.752846,0.755195
0.06,0.44 ,0.229714, 0.00235018,0.767936,0.770286
0.06,0.45 ,0.215646, 0.00235084,0.782003,0.784354
0.06,0.46 ,0.20252, 0.00235152,0.795129,0.79748
0.06,0.47 ,0.190262, 0.00235221,0.807386,0.809738
0.06,0.48 ,0.178806, 0.00235291,0.818841,0.821194
0.06,0.49 ,0.168091, 0.00235363,0.829555,0.831909
0.06,0.5 ,0.158063, 0.00235436,0.839583,0.841937
0.06,0.51 ,0.148671, 0.00235511,0.848974,0.851329
0.06,0.52 ,0.139869, 0.00235588,0.857775,0.860131
0.06,0.53 ,0.131616, 0.00235666,0.866028,0.868384
0.06,0.54 ,0.123872, 0.00235745,0.87377,0.876128
0.06,0.55 ,0.116603, 0.00235827,0.881039,0.883397
0.06,0.56 ,0.109776, 0.0023591,0.887865,0.890224
0.06,0.57 ,0.103362, 0.00235995,0.894278,0.896638
0.06,0.58 ,0.0973317, 0.00236082,0.900307,0.902668
0.06,0.59 ,0.0916612, 0.00236171,0.905977,0.908339
0.06,0.6 ,0.0863267, 0.00236262,0.911311,0.913673
0.06,0.61 ,0.0813066, 0.00236355,0.91633,0.918693
0.06,0.62 ,0.0765806, 0.0023645,0.921055,0.923419
0.06,0.63 ,0.0721303, 0.00236547,0.925504,0.92787
0.06,0.64 ,0.0679384, 0.00236647,0.929695,0.932062
0.06,0.65 ,0.0639889, 0.00236748,0.933644,0.936011
0.06,0.66 ,0.0602669, 0.00236852,0.937365,0.939733
0.06,0.67 ,0.0567586, 0.00236959,0.940872,0.943241
0.06,0.68 ,0.053451, 0.00237068,0.944178,0.946549
0.06,0.69 ,0.0503321, 0.00237179,0.947296,0.949668
0.06,0.7 ,0.0473907, 0.00237293,0.950236,0.952609
0.06,0.71 ,0.0446164, 0.00237409,0.953009,0.955384
0.06,0.72 ,0.0419993, 0.00237528,0.955625,0.958001
0.06,0.73 ,0.0395303, 0.0023765,0.958093,0.96047
0.06,0.74 ,0.0372008, 0.00237775,0.960421,0.962799
0.06,0.75 ,0.0350029, 0.00237902,0.962618,0.964997
0.06,0.76 ,0.0329289, 0.00238032,0.964691,0.967071
0.06,0.77 ,0.0309718, 0.00238166,0.966647,0.969028
0.06,0.78 ,0.0291251, 0.00238302,0.968492,0.970875
0.06,0.79 ,0.0273825, 0.00238441,0.970233,0.972618
0.06,0.8 ,0.0257381, 0.00238583,0.971876,0.974262
0.06,0.81 ,0.0241866, 0.00238729,0.973426,0.975813
0.06,0.82 ,0.0227227, 0.00238878,0.974889,0.977277
0.06,0.83 ,0.0213415, 0.00239029,0.976268,0.978659
0.06,0.84 ,0.0200385, 0.00239185,0.97757,0.979961
0.06,0.85 ,0.0188095, 0.00239343,0.978797,0.981191
0.06,0.86 ,0.0176502, 0.00239505,0.979955,0.98235
0.06,0.87 ,0.016557, 0.0023967,0.981046,0.983443
0.06,0.88 ,0.0155262, 0.00239839,0.982075,0.984474
0.06,0.89 ,0.0145543, 0.00240011,0.983046,0.985446
0.06,0.9 ,0.0136382, 0.00240187,0.98396,0.986362
0.06,0.91 ,0.0127749, 0.00240366,0.984821,0.987225
0.06,0.92 ,0.0119614, 0.00240549,0.985633,0.988039
0.06,0.93 ,0.0111951, 0.00240735,0.986398,0.988805
0.06,0.94 ,0.0104733, 0.00240926,0.987117,0.989527
0.06,0.95 ,0.00979374, 0.00241119,0.987795,0.990206
0.06,0.96 ,0.00915402, 0.00241317,0.988433,0.990846
0.06,0.97 ,0.008552, 0.00241518,0.989033,0.991448
0.06,0.98 ,0.00798562, 0.00241723,0.989597,0.992014
0.06,0.99 ,0.00745293, 0.00241932,0.990128,0.992547
0.06,1 ,0.0069521, 0.00242145,0.990626,0.993048
0.07,0 ,0.995339, 0.00233017,0.00233046,0.00466063
0.07,0.01 ,0.995275, 0.0023305,0.00239474,0.00472524
0.07,0.02 ,0.995204, 0.00233083,0.00246488,0.00479571
0.07,0.03 ,0.995127, 0.00233117,0.00254173,0.0048729
0.07,0.04 ,0.995042, 0.00233151,0.00262632,0.00495784
0.07,0.05 ,0.994948, 0.00233186,0.0027199,0.00505176
0.07,0.06 ,0.994844, 0.00233221,0.00282398,0.00515619
0.07,0.07 ,0.994727, 0.00233256,0.00294048,0.00527304
0.07,0.08 ,0.994595, 0.00233292,0.00307176,0.00540469
0.07,0.09 ,0.994446, 0.00233329,0.00322087,0.00555416
0.07,0.1 ,0.994275, 0.00233366,0.00339171,0.00572537
0.07,0.11 ,0.994077, 0.00233404,0.00358945,0.00592349
0.07,0.12 ,0.993845, 0.00233442,0.00382102,0.00615544
0.07,0.13 ,0.993569, 0.0023348,0.00409593,0.00643074
0.07,0.14 ,0.993237, 0.0023352,0.00442764,0.00676283
0.07,0.15 ,0.992829, 0.00233559,0.00483576,0.00717135
0.07,0.16 ,0.992314, 0.002336,0.00535006,0.00768606
0.07,0.17 ,0.991646, 0.00233641,0.00601793,0.00835434
0.07,0.18 ,0.990744, 0.00233682,0.00691943,0.00925626
0.07,0.19 ,0.989462, 0.00233725,0.00820076,0.010538
0.07,0.2 ,0.987505, 0.00233768,0.0101576,0.0124952
0.07,0.21 ,0.984185, 0.00233811,0.0134767,0.0158148
0.07,0.22 ,0.977583, 0.00233855,0.0200787,0.0224173
0.07,0.23 ,0.961374, 0.002339,0.0362871,0.0386261
0.07,0.24 ,0.921949, 0.00233946,0.0757113,0.0780508
0.07,0.25 ,0.862988, 0.00233992,0.134672,0.137012
0.07,0.26 ,0.801148, 0.0023404,0.196512,0.198852
0.07,0.27 ,0.742507, 0.00234088,0.255153,0.257493
0.07,0.28 ,0.688296, 0.00234136,0.309363,0.311704
0.07,0.29 ,0.638542, 0.00234186,0.359116,0.361458
0.07,0.3 ,0.59296, 0.00234236,0.404698,0.40704
0.07,0.31 ,0.551192, 0.00234288,0.446465,0.448808
0.07,0.32 ,0.512882, 0.0023434,0.484775,0.487118
0.07,0.33 ,0.477696, 0.00234393,0.51996,0.522304
0.07,0.34 ,0.445334, 0.00234447,0.552321,0.554666
0.07,0.35 ,0.415525, 0.00234502,0.58213,0.584475
0.07,0.36 ,0.388027, 0.00234558,0.609627,0.611973
0.07,0.37 ,0.362626, 0.00234615,0.635028,0.637374
0.07,0.38 ,0.33913, 0.00234673,0.658524,0.66087
0.07,0.39 ,0.317367, 0.00234732,0.680286,0.682633
0.07,0.4 ,0.297186, 0.00234792,0.700466,0.702814
0.07,0.41 ,0.278449, 0.00234853,0.719203,0.721551
0.07,0.42 ,0.261033, 0.00234916,0.736618,0.738967
0.07,0.43 ,0.244829, 0.0023498,0.752821,0.755171
0.07,0.44 ,0.229737, 0.00235045,0.767912,0.770263
0.07,0.45 ,0.215669, 0.00235111,0.78198,0.784331
0.07,0.46 ,0.202541, 0.00235179,0.795107,0.797459
0.07,0.47 ,0.190283, 0.00235248,0.807365,0.809717
0.07,0.48 ,0.178826, 0.00235318,0.818821,0.821174
0.07,0.49 ,0.16811, 0.0023539,0.829536,0.83189
0.07,0.5 ,0.158081, 0.00235463,0.839564,0.841919
0.07,0.51 ,0.148689, 0.00235538,0.848956,0.851311
0.07,0.52 ,0.139886, 0.00235615,0.857758,0.860114
0.07,0.53 ,0.131632, 0.00235693,0.866011,0.868368
0.07,0.54 ,0.123888, 0.00235773,0.873754,0.876112
0.07,0.55 ,0.116618, 0.00235854,0.881023,0.883382
0.07,0.56 ,0.109791, 0.00235937,0.88785,0.890209
0.07,0.57 ,0.103376, 0.00236022,0.894264,0.896624
0.07,0.58 ,0.0973452, 0.00236109,0.900294,0.902655
0.07,0.59 ,0.0916742, 0.00236198,0.905964,0.908326
0.07,0.6 ,0.0863392, 0.00236289,0.911298,0.913661
0.07,0.61 ,0.0813185, 0.00236382,0.916318,0.918681
0.07,0.62 ,0.0765921, 0.00236477,0.921043,0.923408
0.07,0.63 ,0.0721414, 0.00236574,0.925493,0.927859
0.07,0.64 ,0.067949, 0.00236674,0.929684,0.932051
0.07,0.65 ,0.0639991, 0.00236775,0.933633,0.936001
0.07,0.66 ,0.0602767, 0.00236879,0.937354,0.939723
0.07,0.67 ,0.056768, 0.00236986,0.940862,0.943232
0.07,0.68 ,0.05346, 0.00237095,0.944169,0.94654
0.07,0.69 ,0.0503408, 0.00237206,0.947287,0.949659
0.07,0.7 ,0.0473991, 0.0023732,0.950228,0.952601
