Betapv,Betamv,V,Rs,Rv,P
0,0 ,0.993165, 0.00483495,0.002,0.00683495
0,0.01 ,0.993089, 0.00483786,0.00207301,0.00691087
0,0.02 ,0.99301, 0.00484079,0.00214969,0.00699048
0,0.03 ,0.992926, 0.00484374,0.00223033,0.00707407
0,0.04 ,0.992838, 0.00484671,0.00231524,0.00716195
0,0.05 ,0.992746, 0.0048497,0.00240475,0.00725445
0,0.06 ,0.992648, 0.00485272,0.00249924,0.00735196
0,0.07 ,0.992545, 0.00485576,0.00259914,0.00745489
0,0.08 ,0.992436, 0.00485882,0.0027049,0.00756372
0,0.09 ,0.992321, 0.00486191,0.00281706,0.00767897
0,0.1 ,0.992199, 0.00486501,0.00293621,0.00780122
0,0.11 ,0.992069, 0.00486815,0.003063,0.00793114
0,0.12 ,0.991931, 0.0048713,0.00319818,0.00806949
0,0.13 ,0.991783, 0.00487448,0.00334261,0.00821709
0,0.14 ,0.991625, 0.00487769,0.00349724,0.00837494
0,0.15 ,0.991456, 0.00488092,0.0036632,0.00854412
0,0.16 ,0.991274, 0.00488418,0.00384173,0.00872591
0,0.17 ,0.991078, 0.00488746,0.00403432,0.00892178
0,0.18 ,0.990867, 0.00489077,0.00424266,0.00913342
0,0.19 ,0.990637, 0.0048941,0.00446874,0.00936284
0,0.2 ,0.990388, 0.00489746,0.00471489,0.00961235
0,0.21 ,0.990115, 0.00490085,0.00498387,0.00988472
0,0.22 ,0.989817, 0.00490426,0.00527897,0.0101832
0,0.23 ,0.989488, 0.0049077,0.00560412,0.0105118
0,0.24 ,0.989125, 0.00491117,0.0059641,0.0108753
0,0.25 ,0.988721, 0.00491467,0.00636472,0.0112794
0,0.26 ,0.988269, 0.0049182,0.00681316,0.0117314
0,0.27 ,0.98776, 0.00492176,0.00731837,0.0122401
0,0.28 ,0.987183, 0.00492534,0.00789166,0.012817
0,0.29 ,0.986524, 0.00492896,0.00854749,0.0134765
0,0.3 ,0.985763, 0.0049326,0.00930466,0.0142373
0,0.31 ,0.984876, 0.00493628,0.010188,0.0151243
0,0.32 ,0.983829, 0.00493998,0.0112309,0.0161709
0,0.33 ,0.982577, 0.00494372,0.0124794,0.0174231
0,0.34 ,0.981054, 0.00494749,0.0139982,0.0189457
0,0.35 ,0.979168, 0.00495129,0.0158808,0.0208321
0,0.36 ,0.976779, 0.00495513,0.0182663,0.0232214
0,0.37 ,0.973673, 0.004959,0.0213679,0.0263269
0,0.38 ,0.969516, 0.0049629,0.0255211,0.0304839
0,0.39 ,0.96377, 0.00496683,0.0312636,0.0362304
0,0.4 ,0.955584, 0.0049708,0.0394455,0.0444163
0,0.41 ,0.943729, 0.00497481,0.0512967,0.0562715
0,0.42 ,0.926846, 0.00497884,0.0681756,0.0731545
0,0.43 ,0.904304, 0.00498292,0.0907127,0.0956956
0,0.44 ,0.876969, 0.00498703,0.118044,0.123031
0,0.45 ,0.846675, 0.00499118,0.148334,0.153325
0,0.46 ,0.81514, 0.00499537,0.179865,0.18486
0,0.47 ,0.783516, 0.00499959,0.211485,0.216484
0,0.48 ,0.752465, 0.00500385,0.242531,0.247535
0,0.49 ,0.72234, 0.00500815,0.272652,0.27766
0,0.5 ,0.693316, 0.00501249,0.301672,0.306684
0,0.51 ,0.665465, 0.00501687,0.329518,0.334535
0,0.52 ,0.638805, 0.00502129,0.356174,0.361195
0,0.53 ,0.613321, 0.00502575,0.381653,0.386679
0,0.54 ,0.588981, 0.00503026,0.405989,0.411019
0,0.55 ,0.565743, 0.0050348,0.429222,0.434257
0,0.56 ,0.543559, 0.00503939,0.451402,0.456441
0,0.57 ,0.522381, 0.00504402,0.472575,0.477619
0,0.58 ,0.50216, 0.00504869,0.492791,0.49784
0,0.59 ,0.482849, 0.00505341,0.512098,0.517151
0,0.6 ,0.464401, 0.00505818,0.530541,0.535599
0,0.61 ,0.446771, 0.00506299,0.548166,0.553229
0,0.62 ,0.429918, 0.00506785,0.565014,0.570082
0,0.63 ,0.413801, 0.00507275,0.581126,0.586199
0,0.64 ,0.398382, 0.0050777,0.59654,0.601618
0,0.65 ,0.383626, 0.0050827,0.611291,0.616374
0,0.66 ,0.369499, 0.00508775,0.625413,0.630501
0,0.67 ,0.355968, 0.00509285,0.638939,0.644032
0,0.68 ,0.343005, 0.005098,0.651898,0.656995
0,0.69 ,0.330579, 0.0051032,0.664318,0.669421
0,0.7 ,0.318666, 0.00510845,0.676226,0.681334
0,0.71 ,0.307239, 0.00511375,0.687647,0.692761
0,0.72 ,0.296275, 0.00511911,0.698606,0.703725
0,0.73 ,0.285752, 0.00512452,0.709123,0.714248
0,0.74 ,0.275649, 0.00512999,0.719221,0.724351
0,0.75 ,0.265945, 0.00513551,0.728919,0.734055
0,0.76 ,0.256623, 0.00514108,0.738236,0.743377
0,0.77 ,0.247664, 0.00514672,0.747189,0.752336
0,0.78 ,0.239052, 0.00515241,0.755796,0.760948
0,0.79 ,0.23077, 0.00515816,0.764072,0.76923
0,0.8 ,0.222805, 0.00516397,0.772031,0.777195
0,0.81 ,0.215142, 0.00516984,0.779689,0.784858
0,0.82 ,0.207767, 0.00517576,0.787058,0.792233
0,0.83 ,0.200667, 0.00518175,0.794151,0.799333
0,0.84 ,0.193832, 0.00518781,0.80098,0.806168
0,0.85 ,0.187249, 0.00519392,0.807557,0.812751
0,0.86 ,0.180908, 0.0052001,0.813892,0.819092
0,0.87 ,0.174798, 0.00520634,0.819996,0.825202
0,0.88 ,0.16891, 0.00521265,0.825878,0.83109
0,0.89 ,0.163234, 0.00521902,0.831547,0.836766
0,0.9 ,0.157762, 0.00522546,0.837013,0.842238
0,0.91 ,0.152485, 0.00523197,0.842283,0.847515
0,0.92 ,0.147395, 0.00523854,0.847367,0.852605
0,0.93 ,0.142485, 0.00524518,0.85227,0.857515
0,0.94 ,0.137748, 0.0052519,0.857001,0.862252
0,0.95 ,0.133176, 0.00525868,0.861565,0.866824
0,0.96 ,0.128763, 0.00526553,0.865971,0.871237
0,0.97 ,0.124504, 0.00527246,0.870224,0.875496
0,0.98 ,0.120391, 0.00527945,0.87433,0.879609
0,0.99 ,0.116419, 0.00528652,0.878294,0.883581
0,1 ,0.112584, 0.00529367,0.882122,0.887416
0.01,0 ,0.993132, 0.00483592,0.0020317,0.00686762
0.01,0.01 ,0.993056, 0.00483883,0.00210471,0.00694354
0.01,0.02 ,0.992977, 0.00484175,0.00218139,0.00702315
0.01,0.03 ,0.992893, 0.0048447,0.00226203,0.00710674
0.01,0.04 ,0.992805, 0.00484768,0.00234693,0.00719461
0.01,0.05 ,0.992713, 0.00485067,0.00243644,0.00728711
0.01,0.06 ,0.992615, 0.00485369,0.00253093,0.00738461
0.01,0.07 ,0.992512, 0.00485673,0.00263082,0.00748754
0.01,0.08 ,0.992404, 0.00485979,0.00273658,0.00759637
0.01,0.09 ,0.992288, 0.00486287,0.00284874,0.00771161
0.01,0.1 ,0.992166, 0.00486598,0.00296788,0.00783386
0.01,0.11 ,0.992036, 0.00486911,0.00309466,0.00796377
0.01,0.12 ,0.991898, 0.00487227,0.00322984,0.00810211
0.01,0.13 ,0.99175, 0.00487545,0.00337426,0.00824971
0.01,0.14 ,0.991592, 0.00487866,0.00352889,0.00840754
0.01,0.15 ,0.991423, 0.00488189,0.00369483,0.00857671
0.01,0.16 ,0.991242, 0.00488514,0.00387335,0.00875849
0.01,0.17 ,0.991046, 0.00488843,0.00406592,0.00895435
0.01,0.18 ,0.990834, 0.00489173,0.00427425,0.00916598
0.01,0.19 ,0.990605, 0.00489507,0.00450031,0.00939538
0.01,0.2 ,0.990355, 0.00489843,0.00474645,0.00964487
0.01,0.21 ,0.990083, 0.00490181,0.00501541,0.00991722
0.01,0.22 ,0.989784, 0.00490523,0.00531048,0.0102157
0.01,0.23 ,0.989456, 0.00490867,0.00563561,0.0105443
0.01,0.24 ,0.989092, 0.00491214,0.00599555,0.0109077
0.01,0.25 ,0.988688, 0.00491564,0.00639612,0.0113118
0.01,0.26 ,0.988236, 0.00491916,0.00684451,0.0117637
0.01,0.27 ,0.987728, 0.00492272,0.00734966,0.0122724
0.01,0.28 ,0.987151, 0.00492631,0.00792287,0.0128492
0.01,0.29 ,0.986491, 0.00492992,0.00857861,0.0135085
0.01,0.3 ,0.985731, 0.00493357,0.00933566,0.0142692
0.01,0.31 ,0.984844, 0.00493724,0.0102188,0.0151561
0.01,0.32 ,0.983797, 0.00494095,0.0112616,0.0162025
0.01,0.33 ,0.982546, 0.00494469,0.0125098,0.0174545
0.01,0.34 ,0.981023, 0.00494846,0.0140282,0.0189766
0.01,0.35 ,0.979137, 0.00495226,0.0159103,0.0208625
0.01,0.36 ,0.976749, 0.00495609,0.0182951,0.0232511
0.01,0.37 ,0.973645, 0.00495996,0.0213955,0.0263555
0.01,0.38 ,0.969489, 0.00496386,0.025547,0.0305109
0.01,0.39 ,0.963745, 0.0049678,0.0312869,0.0362547
0.01,0.4 ,0.955564, 0.00497176,0.0394647,0.0444364
0.01,0.41 ,0.943715, 0.00497577,0.0513095,0.0562852
0.01,0.42 ,0.92684, 0.00497981,0.0681799,0.0731597
0.01,0.43 ,0.904308, 0.00498388,0.0907078,0.0956917
0.01,0.44 ,0.87698, 0.004988,0.118032,0.12302
0.01,0.45 ,0.846692, 0.00499214,0.148316,0.153308
0.01,0.46 ,0.81516, 0.00499633,0.179844,0.18484
0.01,0.47 ,0.783537, 0.00500055,0.211462,0.216463
0.01,0.48 ,0.752487, 0.00500481,0.242508,0.247513
0.01,0.49 ,0.722363, 0.00500911,0.272628,0.277637
0.01,0.5 ,0.693339, 0.00501345,0.301648,0.306661
0.01,0.51 ,0.665488, 0.00501783,0.329494,0.334512
0.01,0.52 ,0.638828, 0.00502225,0.35615,0.361172
0.01,0.53 ,0.613344, 0.00502671,0.381629,0.386656
0.01,0.54 ,0.589003, 0.00503122,0.405965,0.410997
0.01,0.55 ,0.565765, 0.00503576,0.4292,0.434235
0.01,0.56 ,0.54358, 0.00504035,0.451379,0.45642
0.01,0.57 ,0.522402, 0.00504498,0.472553,0.477598
0.01,0.58 ,0.502181, 0.00504966,0.492769,0.497819
0.01,0.59 ,0.482869, 0.00505437,0.512076,0.517131
0.01,0.6 ,0.464421, 0.00505914,0.53052,0.535579
0.01,0.61 ,0.446791, 0.00506395,0.548145,0.553209
0.01,0.62 ,0.429937, 0.00506881,0.564994,0.570063
0.01,0.63 ,0.41382, 0.00507371,0.581107,0.58618
0.01,0.64 ,0.398401, 0.00507866,0.596521,0.601599
0.01,0.65 ,0.383644, 0.00508366,0.611272,0.616356
0.01,0.66 ,0.369516, 0.00508871,0.625395,0.630484
0.01,0.67 ,0.355985, 0.00509381,0.638921,0.644015
0.01,0.68 ,0.343021, 0.00509896,0.65188,0.656979
0.01,0.69 ,0.330596, 0.00510416,0.6643,0.669404
0.01,0.7 ,0.318682, 0.00510941,0.676209,0.681318
0.01,0.71 ,0.307255, 0.00511471,0.687631,0.692745
0.01,0.72 ,0.29629, 0.00512007,0.698589,0.70371
0.01,0.73 ,0.285767, 0.00512548,0.709107,0.714233
0.01,0.74 ,0.275663, 0.00513094,0.719206,0.724337
0.01,0.75 ,0.26596, 0.00513647,0.728904,0.73404
0.01,0.76 ,0.256637, 0.00514204,0.738221,0.743363
0.01,0.77 ,0.247678, 0.00514768,0.747175,0.752322
0.01,0.78 ,0.239065, 0.00515337,0.755782,0.760935
0.01,0.79 ,0.230784, 0.00515912,0.764057,0.769216
0.01,0.8 ,0.222818, 0.00516492,0.772017,0.777182
0.01,0.81 ,0.215154, 0.00517079,0.779675,0.784846
0.01,0.82 ,0.207779, 0.00517672,0.787044,0.792221
0.01,0.83 ,0.20068, 0.00518271,0.794138,0.79932
0.01,0.84 ,0.193844, 0.00518876,0.800967,0.806156
0.01,0.85 ,0.187261, 0.00519488,0.807544,0.812739
0.01,0.86 ,0.180919, 0.00520105,0.81388,0.819081
0.01,0.87 ,0.174809, 0.0052073,0.819984,0.825191
0.01,0.88 ,0.168921, 0.0052136,0.825866,0.831079
0.01,0.89 ,0.163244, 0.00521998,0.831536,0.836756
0.01,0.9 ,0.157772, 0.00522641,0.837002,0.842228
0.01,0.91 ,0.152495, 0.00523292,0.842272,0.847505
0.01,0.92 ,0.147405, 0.00523949,0.847356,0.852595
0.01,0.93 ,0.142495, 0.00524614,0.852259,0.857505
0.01,0.94 ,0.137757, 0.00525285,0.85699,0.862243
0.01,0.95 ,0.133185, 0.00525963,0.861555,0.866815
0.01,0.96 ,0.128773, 0.00526648,0.865961,0.871227
0.01,0.97 ,0.124513, 0.00527341,0.870214,0.875487
0.01,0.98 ,0.1204, 0.00528041,0.87432,0.8796
0.01,0.99 ,0.116428, 0.00528747,0.878284,0.883572
0.01,1 ,0.112592, 0.00529462,0.882113,0.887408
0.02,0 ,0.993099, 0.00483689,0.00206451,0.00690141
0.02,0.01 ,0.993023, 0.0048398,0.00213752,0.00697732
0.02,0.02 ,0.992943, 0.00484273,0.0022142,0.00705692
0.02,0.03 ,0.992859, 0.00484568,0.00229483,0.00714051
0.02,0.04 ,0.992772, 0.00484865,0.00237973,0.00722838
0.02,0.05 ,0.992679, 0.00485164,0.00246923,0.00732088
0.02,0.06 ,0.992582, 0.00485466,0.00256372,0.00741838
0.02,0.07 ,0.992479, 0.0048577,0.0026636,0.0075213
0.02,0.08 ,0.99237, 0.00486076,0.00276936,0.00763012
0.02,0.09 ,0.992255, 0.00486385,0.00288151,0.00774536
0.02,0.1 ,0.992132, 0.00486695,0.00300065,0.0078676
0.02,0.11 ,0.992002, 0.00487009,0.00312743,0.00799751
0.02,0.12 ,0.991864, 0.00487324,0.0032626,0.00813584
0.02,0.13 ,0.991717, 0.00487642,0.00340701,0.00828343
0.02,0.14 ,0.991559, 0.00487963,0.00356163,0.00844126
0.02,0.15 ,0.99139, 0.00488286,0.00372756,0.00861042
0.02,0.16 ,0.991208, 0.00488612,0.00390607,0.00879219
0.02,0.17 ,0.991012, 0.0048894,0.00409863,0.00898803
0.02,0.18 ,0.9908, 0.00489271,0.00430694,0.00919965
0.02,0.19 ,0.990571, 0.00489604,0.00453299,0.00942903
0.02,0.2 ,0.990321, 0.0048994,0.00477911,0.0096785
0.02,0.21 ,0.990049, 0.00490279,0.00504804,0.00995083
0.02,0.22 ,0.989751, 0.0049062,0.00534309,0.0102493
0.02,0.23 ,0.989422, 0.00490964,0.00566819,0.0105778
0.02,0.24 ,0.989059, 0.00491311,0.00602809,0.0109412
0.02,0.25 ,0.988655, 0.00491661,0.00642862,0.0113452
0.02,0.26 ,0.988203, 0.00492014,0.00687695,0.0117971
0.02,0.27 ,0.987694, 0.00492369,0.00738204,0.0123057
0.02,0.28 ,0.987118, 0.00492728,0.00795518,0.0128825
0.02,0.29 ,0.986458, 0.00493089,0.00861082,0.0135417
0.02,0.3 ,0.985698, 0.00493454,0.00936774,0.0143023
0.02,0.31 ,0.984811, 0.00493821,0.0102508,0.015189
0.02,0.32 ,0.983765, 0.00494192,0.0112933,0.0162352
0.02,0.33 ,0.982513, 0.00494566,0.0125412,0.0174869
0.02,0.34 ,0.980991, 0.00494943,0.0140592,0.0190087
0.02,0.35 ,0.979106, 0.00495323,0.0159408,0.020894
0.02,0.36 ,0.976718, 0.00495706,0.0183248,0.0232819
0.02,0.37 ,0.973615, 0.00496093,0.0214241,0.0263851
0.02,0.38 ,0.969461, 0.00496483,0.0255739,0.0305388
0.02,0.39 ,0.96372, 0.00496877,0.0313111,0.0362798
0.02,0.4 ,0.955543, 0.00497274,0.0394846,0.0444573
0.02,0.41 ,0.9437, 0.00497674,0.0513228,0.0562995
0.02,0.42 ,0.926835, 0.00498078,0.0681844,0.0731652
0.02,0.43 ,0.904312, 0.00498485,0.0907029,0.0956877
0.02,0.44 ,0.876992, 0.00498897,0.118019,0.123008
0.02,0.45 ,0.846709, 0.00499311,0.148298,0.153291
0.02,0.46 ,0.81518, 0.0049973,0.179823,0.18482
0.02,0.47 ,0.783559, 0.00500152,0.211439,0.216441
0.02,0.48 ,0.752511, 0.00500578,0.242484,0.247489
0.02,0.49 ,0.722387, 0.00501008,0.272603,0.277613
0.02,0.5 ,0.693363, 0.00501442,0.301623,0.306637
0.02,0.51 ,0.665512, 0.0050188,0.32947,0.334488
0.02,0.52 ,0.638851, 0.00502322,0.356125,0.361149
0.02,0.53 ,0.613367, 0.00502768,0.381605,0.386633
0.02,0.54 ,0.589026, 0.00503219,0.405941,0.410974
0.02,0.55 ,0.565787, 0.00503673,0.429176,0.434213
0.02,0.56 ,0.543603, 0.00504132,0.451356,0.456397
0.02,0.57 ,0.522424, 0.00504595,0.47253,0.477576
0.02,0.58 ,0.502202, 0.00505062,0.492747,0.497798
0.02,0.59 ,0.48289, 0.00505534,0.512054,0.51711
0.02,0.6 ,0.464441, 0.00506011,0.530499,0.535559
0.02,0.61 ,0.446811, 0.00506492,0.548124,0.553189
0.02,0.62 ,0.429957, 0.00506977,0.564974,0.570043
0.02,0.63 ,0.413839, 0.00507468,0.581086,0.586161
0.02,0.64 ,0.398419, 0.00507963,0.596501,0.601581
0.02,0.65 ,0.383663, 0.00508463,0.611253,0.616337
0.02,0.66 ,0.369534, 0.00508968,0.625376,0.630466
0.02,0.67 ,0.356003, 0.00509477,0.638902,0.643997
0.02,0.68 ,0.343039, 0.00509992,0.651861,0.656961
0.02,0.69 ,0.330613, 0.00510512,0.664282,0.669387
0.02,0.7 ,0.318698, 0.00511037,0.676191,0.681302
0.02,0.71 ,0.307271, 0.00511568,0.687614,0.692729
0.02,0.72 ,0.296306, 0.00512103,0.698573,0.703694
0.02,0.73 ,0.285783, 0.00512644,0.709091,0.714217
0.02,0.74 ,0.275679, 0.00513191,0.719189,0.724321
0.02,0.75 ,0.265974, 0.00513743,0.728888,0.734026
0.02,0.76 ,0.256651, 0.00514301,0.738206,0.743349
0.02,0.77 ,0.247692, 0.00514864,0.747159,0.752308
0.02,0.78 ,0.239079, 0.00515433,0.755767,0.760921
0.02,0.79 ,0.230797, 0.00516008,0.764043,0.769203
0.02,0.8 ,0.222831, 0.00516589,0.772003,0.777169
0.02,0.81 ,0.215167, 0.00517175,0.779661,0.784833
0.02,0.82 ,0.207792, 0.00517768,0.787031,0.792208
0.02,0.83 ,0.200692, 0.00518367,0.794124,0.799308
0.02,0.84 ,0.193856, 0.00518972,0.800954,0.806144
0.02,0.85 ,0.187273, 0.00519584,0.807531,0.812727
0.02,0.86 ,0.180931, 0.00520202,0.813867,0.819069
0.02,0.87 ,0.174821, 0.00520826,0.819971,0.825179
0.02,0.88 ,0.168932, 0.00521456,0.825854,0.831068
0.02,0.89 ,0.163256, 0.00522094,0.831524,0.836744
0.02,0.9 ,0.157783, 0.00522737,0.83699,0.842217
0.02,0.91 ,0.152505, 0.00523388,0.842261,0.847495
0.02,0.92 ,0.147415, 0.00524045,0.847344,0.852585
0.02,0.93 ,0.142505, 0.0052471,0.852248,0.857495
0.02,0.94 ,0.137767, 0.00525381,0.856979,0.862233
0.02,0.95 ,0.133195, 0.00526059,0.861544,0.866805
0.02,0.96 ,0.128782, 0.00526744,0.865951,0.871218
0.02,0.97 ,0.124522, 0.00527437,0.870204,0.875478
0.02,0.98 ,0.120409, 0.00528136,0.87431,0.879591
0.02,0.99 ,0.116437, 0.00528843,0.878274,0.883563
0.02,1 ,0.112601, 0.00529557,0.882103,0.887399
0.03,0 ,0.993064, 0.00483787,0.00209848,0.00693636
0.03,0.01 ,0.992988, 0.00484078,0.00217149,0.00701227
0.03,0.02 ,0.992908, 0.00484371,0.00224816,0.00709187
0.03,0.03 ,0.992825, 0.00484666,0.0023288,0.00717545
0.03,0.04 ,0.992737, 0.00484963,0.00241369,0.00726332
0.03,0.05 ,0.992644, 0.00485262,0.00250319,0.00735581
0.03,0.06 ,0.992547, 0.00485564,0.00259767,0.00745331
0.03,0.07 ,0.992444, 0.00485868,0.00269755,0.00755623
0.03,0.08 ,0.992335, 0.00486174,0.00280331,0.00766505
0.03,0.09 ,0.99222, 0.00486483,0.00291545,0.00778028
0.03,0.1 ,0.992097, 0.00486793,0.00303458,0.00790251
0.03,0.11 ,0.991968, 0.00487107,0.00316135,0.00803242
0.03,0.12 ,0.991829, 0.00487422,0.00329652,0.00817074
0.03,0.13 ,0.991682, 0.0048774,0.00344092,0.00831832
0.03,0.14 ,0.991524, 0.00488061,0.00359553,0.00847614
0.03,0.15 ,0.991355, 0.00488384,0.00376145,0.00864529
0.03,0.16 ,0.991173, 0.0048871,0.00393995,0.00882705
0.03,0.17 ,0.990977, 0.00489038,0.0041325,0.00902288
0.03,0.18 ,0.990766, 0.00489368,0.0043408,0.00923448
0.03,0.19 ,0.990536, 0.00489702,0.00456683,0.00946384
0.03,0.2 ,0.990287, 0.00490038,0.00481292,0.0097133
0.03,0.21 ,0.990014, 0.00490377,0.00508184,0.0099856
0.03,0.22 ,0.989716, 0.00490718,0.00537686,0.010284
0.03,0.23 ,0.989387, 0.00491062,0.00570192,0.0106125
0.03,0.24 ,0.989024, 0.00491409,0.00606179,0.0109759
0.03,0.25 ,0.98862, 0.00491759,0.00646227,0.0113799
0.03,0.26 ,0.988168, 0.00492112,0.00691055,0.0118317
0.03,0.27 ,0.98766, 0.00492467,0.00741557,0.0123402
0.03,0.28 ,0.987083, 0.00492826,0.00798863,0.0129169
0.03,0.29 ,0.986424, 0.00493187,0.00864416,0.013576
0.03,0.3 ,0.985664, 0.00493552,0.00940096,0.0143365
0.03,0.31 ,0.984777, 0.00493919,0.0102838,0.015223
0.03,0.32 ,0.983731, 0.0049429,0.0113261,0.016269
0.03,0.33 ,0.98248, 0.00494664,0.0125738,0.0175204
0.03,0.34 ,0.980958, 0.0049504,0.0140914,0.0190418
0.03,0.35 ,0.979073, 0.00495421,0.0159724,0.0209266
0.03,0.36 ,0.976686, 0.00495804,0.0183556,0.0233137
0.03,0.37 ,0.973584, 0.00496191,0.0214538,0.0264157
0.03,0.38 ,0.969432, 0.00496581,0.0256018,0.0305676
0.03,0.39 ,0.963694, 0.00496974,0.0313362,0.0363059
0.03,0.4 ,0.955521, 0.00497371,0.0395052,0.0444789
0.03,0.41 ,0.943686, 0.00497772,0.0513366,0.0563143
0.03,0.42 ,0.926829, 0.00498176,0.0681892,0.0731709
0.03,0.43 ,0.904316, 0.00498583,0.0906978,0.0956837
0.03,0.44 ,0.877004, 0.00498994,0.118006,0.122996
0.03,0.45 ,0.846726, 0.00499409,0.14828,0.153274
0.03,0.46 ,0.815201, 0.00499827,0.179801,0.184799
0.03,0.47 ,0.783582, 0.0050025,0.211415,0.216418
0.03,0.48 ,0.752535, 0.00500676,0.242459,0.247465
0.03,0.49 ,0.722411, 0.00501106,0.272578,0.277589
0.03,0.5 ,0.693387, 0.0050154,0.301597,0.306613
0.03,0.51 ,0.665536, 0.00501978,0.329444,0.334464
0.03,0.52 ,0.638876, 0.0050242,0.3561,0.361124
0.03,0.53 ,0.613391, 0.00502866,0.38158,0.386609
0.03,0.54 ,0.58905, 0.00503316,0.405917,0.41095
0.03,0.55 ,0.565811, 0.00503771,0.429152,0.434189
0.03,0.56 ,0.543626, 0.00504229,0.451332,0.456374
0.03,0.57 ,0.522446, 0.00504692,0.472507,0.477554
0.03,0.58 ,0.502225, 0.0050516,0.492724,0.497775
0.03,0.59 ,0.482912, 0.00505632,0.512032,0.517088
0.03,0.6 ,0.464462, 0.00506108,0.530477,0.535538
0.03,0.61 ,0.446831, 0.00506589,0.548103,0.553169
0.03,0.62 ,0.429977, 0.00507075,0.564952,0.570023
0.03,0.63 ,0.413859, 0.00507565,0.581066,0.586141
0.03,0.64 ,0.398439, 0.0050806,0.59648,0.601561
0.03,0.65 ,0.383682, 0.0050856,0.611233,0.616318
0.03,0.66 ,0.369553, 0.00509065,0.625356,0.630447
0.03,0.67 ,0.356021, 0.00509575,0.638883,0.643979
0.03,0.68 ,0.343056, 0.00510089,0.651843,0.656944
0.03,0.69 ,0.33063, 0.00510609,0.664264,0.66937
0.03,0.7 ,0.318715, 0.00511134,0.676173,0.681285
0.03,0.71 ,0.307288, 0.00511665,0.687596,0.692712
0.03,0.72 ,0.296323, 0.005122,0.698555,0.703677
0.03,0.73 ,0.285799, 0.00512741,0.709074,0.714201
0.03,0.74 ,0.275694, 0.00513288,0.719173,0.724306
0.03,0.75 ,0.26599, 0.0051384,0.728872,0.73401
0.03,0.76 ,0.256667, 0.00514398,0.738189,0.743333
0.03,0.77 ,0.247707, 0.00514961,0.747144,0.752293
0.03,0.78 ,0.239094, 0.0051553,0.755751,0.760906
0.03,0.79 ,0.230811, 0.00516105,0.764028,0.769189
0.03,0.8 ,0.222845, 0.00516686,0.771988,0.777155
0.03,0.81 ,0.215181, 0.00517272,0.779646,0.784819
0.03,0.82 ,0.207805, 0.00517865,0.787016,0.792195
0.03,0.83 ,0.200705, 0.00518464,0.79411,0.799295
0.03,0.84 ,0.193869, 0.00519069,0.80094,0.806131
0.03,0.85 ,0.187285, 0.00519681,0.807518,0.812715
0.03,0.86 ,0.180943, 0.00520298,0.813854,0.819057
0.03,0.87 ,0.174833, 0.00520922,0.819958,0.825167
0.03,0.88 ,0.168944, 0.00521553,0.825841,0.831056
0.03,0.89 ,0.163267, 0.0052219,0.831511,0.836733
0.03,0.9 ,0.157794, 0.00522834,0.836978,0.842206
0.03,0.91 ,0.152516, 0.00523485,0.842249,0.847484
0.03,0.92 ,0.147426, 0.00524142,0.847333,0.852574
0.03,0.93 ,0.142515, 0.00524806,0.852237,0.857485
0.03,0.94 ,0.137777, 0.00525477,0.856968,0.862223
0.03,0.95 ,0.133205, 0.00526155,0.861533,0.866795
0.03,0.96 ,0.128792, 0.00526841,0.86594,0.871208
0.03,0.97 ,0.124532, 0.00527533,0.870193,0.875468
0.03,0.98 ,0.120418, 0.00528233,0.874299,0.879582
0.03,0.99 ,0.116446, 0.00528939,0.878264,0.883554
0.03,1 ,0.11261, 0.00529654,0.882093,0.88739
0.04,0 ,0.993027, 0.00483886,0.00213368,0.00697254
0.04,0.01 ,0.992952, 0.00484177,0.00220668,0.00704845
0.04,0.02 ,0.992872, 0.0048447,0.00228336,0.00712805
0.04,0.03 ,0.992788, 0.00484765,0.00236398,0.00721163
0.04,0.04 ,0.992701, 0.00485062,0.00244888,0.00729949
0.04,0.05 ,0.992608, 0.00485361,0.00253837,0.00739198
0.04,0.06 ,0.992511, 0.00485663,0.00263285,0.00748948
0.04,0.07 ,0.992408, 0.00485967,0.00273273,0.00759239
0.04,0.08 ,0.992299, 0.00486273,0.00283847,0.0077012
0.04,0.09 ,0.992184, 0.00486581,0.00295061,0.00781643
0.04,0.1 ,0.992061, 0.00486892,0.00306974,0.00793866
0.04,0.11 ,0.991931, 0.00487205,0.0031965,0.00806856
0.04,0.12 ,0.991793, 0.00487521,0.00333166,0.00820687
0.04,0.13 ,0.991646, 0.00487839,0.00347605,0.00835445
0.04,0.14 ,0.991488, 0.0048816,0.00363066,0.00851225
0.04,0.15 ,0.991319, 0.00488483,0.00379657,0.00868139
0.04,0.16 ,0.991137, 0.00488808,0.00397506,0.00886314
0.04,0.17 ,0.990941, 0.00489136,0.00416759,0.00905895
0.04,0.18 ,0.990729, 0.00489467,0.00437587,0.00927054
0.04,0.19 ,0.9905, 0.004898,0.00460188,0.00949989
0.04,0.2 ,0.990251, 0.00490136,0.00484796,0.00974932
0.04,0.21 ,0.989978, 0.00490475,0.00511685,0.0100216
0.04,0.22 ,0.98968, 0.00490817,0.00541184,0.01032
0.04,0.23 ,0.989352, 0.00491161,0.00573687,0.0106485
0.04,0.24 ,0.988988, 0.00491508,0.0060967,0.0110118
0.04,0.25 ,0.988584, 0.00491857,0.00649714,0.0114157
0.04,0.26 ,0.988133, 0.0049221,0.00694536,0.0118675
0.04,0.27 ,0.987624, 0.00492566,0.00745031,0.012376
0.04,0.28 ,0.987047, 0.00492924,0.00802328,0.0129525
0.04,0.29 ,0.986388, 0.00493286,0.00867871,0.0136116
0.04,0.3 ,0.985628, 0.0049365,0.00943538,0.0143719
0.04,0.31 ,0.984742, 0.00494018,0.0103181,0.0152582
0.04,0.32 ,0.983696, 0.00494388,0.0113601,0.016304
0.04,0.33 ,0.982445, 0.00494762,0.0126075,0.0175551
0.04,0.34 ,0.980924, 0.00495139,0.0141247,0.0190761
0.04,0.35 ,0.97904, 0.00495519,0.0160052,0.0209604
0.04,0.36 ,0.976653, 0.00495902,0.0183876,0.0233466
0.04,0.37 ,0.973553, 0.00496289,0.0214846,0.0264474
0.04,0.38 ,0.969402, 0.00496679,0.0256307,0.0305975
0.04,0.39 ,0.963667, 0.00497073,0.0313622,0.0363329
0.04,0.4 ,0.955499, 0.0049747,0.0395266,0.0445013
0.04,0.41 ,0.94367, 0.0049787,0.051351,0.0563297
0.04,0.42 ,0.926823, 0.00498274,0.0681941,0.0731769
0.04,0.43 ,0.90432, 0.00498681,0.0906927,0.0956795
0.04,0.44 ,0.877017, 0.00499092,0.117992,0.122983
0.04,0.45 ,0.846745, 0.00499507,0.14826,0.153255
0.04,0.46 ,0.815223, 0.00499926,0.179778,0.184777
0.04,0.47 ,0.783606, 0.00500348,0.21139,0.216394
0.04,0.48 ,0.752559, 0.00500774,0.242433,0.247441
0.04,0.49 ,0.722437, 0.00501204,0.272551,0.277563
0.04,0.5 ,0.693413, 0.00501638,0.301571,0.306587
0.04,0.51 ,0.665562, 0.00502076,0.329418,0.334438
0.04,0.52 ,0.638901, 0.00502518,0.356074,0.361099
0.04,0.53 ,0.613416, 0.00502964,0.381554,0.386584
0.04,0.54 ,0.589075, 0.00503414,0.405891,0.410925
0.04,0.55 ,0.565835, 0.00503869,0.429127,0.434165
0.04,0.56 ,0.543649, 0.00504327,0.451307,0.456351
0.04,0.57 ,0.52247, 0.0050479,0.472482,0.47753
0.04,0.58 ,0.502247, 0.00505258,0.4927,0.497753
0.04,0.59 ,0.482934, 0.0050573,0.512008,0.517066
0.04,0.6 ,0.464484, 0.00506206,0.530454,0.535516
0.04,0.61 ,0.446853, 0.00506687,0.54808,0.553147
0.04,0.62 ,0.429998, 0.00507173,0.56493,0.570002
0.04,0.63 ,0.413879, 0.00507663,0.581044,0.586121
0.04,0.64 ,0.398459, 0.00508158,0.596459,0.601541
0.04,0.65 ,0.383701, 0.00508658,0.611212,0.616299
0.04,0.66 ,0.369573, 0.00509163,0.625336,0.630427
0.04,0.67 ,0.35604, 0.00509673,0.638863,0.64396
0.04,0.68 ,0.343075, 0.00510187,0.651823,0.656925
0.04,0.69 ,0.330648, 0.00510707,0.664245,0.669352
0.04,0.7 ,0.318733, 0.00511232,0.676154,0.681267
0.04,0.71 ,0.307305, 0.00511763,0.687577,0.692695
0.04,0.72 ,0.29634, 0.00512298,0.698537,0.70366
0.04,0.73 ,0.285815, 0.00512839,0.709056,0.714185
0.04,0.74 ,0.275711, 0.00513386,0.719155,0.724289
0.04,0.75 ,0.266006, 0.00513938,0.728855,0.733994
0.04,0.76 ,0.256682, 0.00514495,0.738173,0.743318
0.04,0.77 ,0.247722, 0.00515059,0.747127,0.752278
0.04,0.78 ,0.239108, 0.00515628,0.755735,0.760892
0.04,0.79 ,0.230826, 0.00516203,0.764012,0.769174
0.04,0.8 ,0.222859, 0.00516783,0.771973,0.777141
0.04,0.81 ,0.215195, 0.0051737,0.779631,0.784805
0.04,0.82 ,0.207819, 0.00517963,0.787002,0.792181
0.04,0.83 ,0.200719, 0.00518562,0.794096,0.799281
0.04,0.84 ,0.193882, 0.00519167,0.800926,0.806118
0.04,0.85 ,0.187298, 0.00519778,0.807504,0.812702
0.04,0.86 ,0.180956, 0.00520396,0.81384,0.819044
0.04,0.87 ,0.174845, 0.0052102,0.819945,0.825155
0.04,0.88 ,0.168956, 0.0052165,0.825828,0.831044
0.04,0.89 ,0.163279, 0.00522288,0.831498,0.836721
0.04,0.9 ,0.157806, 0.00522931,0.836965,0.842194
0.04,0.91 ,0.152528, 0.00523582,0.842237,0.847472
0.04,0.92 ,0.147437, 0.00524239,0.847321,0.852563
0.04,0.93 ,0.142526, 0.00524903,0.852225,0.857474
0.04,0.94 ,0.137788, 0.00525575,0.856956,0.862212
0.04,0.95 ,0.133215, 0.00526253,0.861522,0.866785
0.04,0.96 ,0.128802, 0.00526938,0.865929,0.871198
0.04,0.97 ,0.124542, 0.0052763,0.870182,0.875458
0.04,0.98 ,0.120428, 0.0052833,0.874289,0.879572
0.04,0.99 ,0.116456, 0.00529036,0.878254,0.883544
0.04,1 ,0.11262, 0.00529751,0.882083,0.88738
0.05,0 ,0.99299, 0.00483985,0.00217017,0.00701003
0.05,0.01 ,0.992914, 0.00484276,0.00224317,0.00708593
0.05,0.02 ,0.992834, 0.00484569,0.00231984,0.00716553
0.05,0.03 ,0.992751, 0.00484864,0.00240047,0.00724911
0.05,0.04 ,0.992663, 0.00485161,0.00248536,0.00733697
0.05,0.05 ,0.992571, 0.0048546,0.00257485,0.00742945
0.05,0.06 ,0.992473, 0.00485762,0.00266932,0.00752694
0.05,0.07 ,0.99237, 0.00486066,0.00276919,0.00762985
0.05,0.08 ,0.992261, 0.00486372,0.00287493,0.00773866
0.05,0.09 ,0.992146, 0.00486681,0.00298707,0.00785388
0.05,0.1 ,0.992024, 0.00486991,0.00310619,0.0079761
0.05,0.11 ,0.991894, 0.00487305,0.00323294,0.00810599
0.05,0.12 ,0.991756, 0.0048762,0.00336809,0.0082443
0.05,0.13 ,0.991608, 0.00487938,0.00351248,0.00839186
0.05,0.14 ,0.99145, 0.00488259,0.00366707,0.00854966
0.05,0.15 ,0.991281, 0.00488582,0.00383297,0.00871879
0.05,0.16 ,0.991099, 0.00488908,0.00401145,0.00890052
0.05,0.17 ,0.990904, 0.00489236,0.00420397,0.00909633
0.05,0.18 ,0.990692, 0.00489566,0.00441224,0.0093079
0.05,0.19 ,0.990463, 0.004899,0.00463823,0.00953723
0.05,0.2 ,0.990213, 0.00490236,0.00488428,0.00978664
0.05,0.21 ,0.989941, 0.00490574,0.00515315,0.0100589
0.05,0.22 ,0.989643, 0.00490916,0.00544811,0.0103573
0.05,0.23 ,0.989314, 0.0049126,0.00577311,0.0106857
0.05,0.24 ,0.988951, 0.00491607,0.0061329,0.011049
0.05,0.25 ,0.988547, 0.00491957,0.00653329,0.0114529
0.05,0.26 ,0.988095, 0.00492309,0.00698145,0.0119045
0.05,0.27 ,0.987587, 0.00492665,0.00748633,0.012413
0.05,0.28 ,0.987011, 0.00493023,0.00805922,0.0129894
0.05,0.29 ,0.986352, 0.00493385,0.00871454,0.0136484
0.05,0.3 ,0.985591, 0.00493749,0.00947106,0.0144086
0.05,0.31 ,0.984705, 0.00494117,0.0103536,0.0152947
0.05,0.32 ,0.98366, 0.00494487,0.0113954,0.0163403
0.05,0.33 ,0.982409, 0.00494861,0.0126425,0.0175911
0.05,0.34 ,0.980888, 0.00495238,0.0141593,0.0191117
0.05,0.35 ,0.979005, 0.00495618,0.0160391,0.0209953
0.05,0.36 ,0.976619, 0.00496002,0.0184207,0.0233807
0.05,0.37 ,0.97352, 0.00496388,0.0215165,0.0264803
0.05,0.38 ,0.969372, 0.00496778,0.0256607,0.0306285
0.05,0.39 ,0.963639, 0.00497172,0.0313892,0.0363609
0.05,0.4 ,0.955475, 0.00497569,0.0395488,0.0445245
0.05,0.41 ,0.943654, 0.00497969,0.051366,0.0563457
0.05,0.42 ,0.926817, 0.00498373,0.0681994,0.0731831
0.05,0.43 ,0.904325, 0.0049878,0.0906875,0.0956753
0.05,0.44 ,0.87703, 0.00499191,0.117978,0.12297
0.05,0.45 ,0.846764, 0.00499606,0.14824,0.153236
0.05,0.46 ,0.815245, 0.00500025,0.179754,0.184755
0.05,0.47 ,0.783631, 0.00500447,0.211365,0.216369
0.05,0.48 ,0.752585, 0.00500873,0.242406,0.247415
0.05,0.49 ,0.722463, 0.00501303,0.272524,0.277537
0.05,0.5 ,0.693439, 0.00501737,0.301544,0.306561
0.05,0.51 ,0.665588, 0.00502175,0.32939,0.334412
0.05,0.52 ,0.638927, 0.00502617,0.356047,0.361073
0.05,0.53 ,0.613442, 0.00503063,0.381527,0.386558
0.05,0.54 ,0.5891, 0.00503513,0.405865,0.4109
0.05,0.55 ,0.56586, 0.00503968,0.429101,0.43414
0.05,0.56 ,0.543674, 0.00504426,0.451282,0.456326
0.05,0.57 ,0.522494, 0.00504889,0.472457,0.477506
0.05,0.58 ,0.502271, 0.00505357,0.492675,0.497729
0.05,0.59 ,0.482958, 0.00505828,0.511984,0.517042
0.05,0.6 ,0.464507, 0.00506305,0.53043,0.535493
0.05,0.61 ,0.446875, 0.00506786,0.548057,0.553125
0.05,0.62 ,0.43002, 0.00507271,0.564907,0.56998
0.05,0.63 ,0.413901, 0.00507762,0.581022,0.586099
0.05,0.64 ,0.39848, 0.00508257,0.596437,0.60152
0.05,0.65 ,0.383722, 0.00508757,0.611191,0.616278
0.05,0.66 ,0.369593, 0.00509261,0.625315,0.630407
0.05,0.67 ,0.35606, 0.00509771,0.638842,0.64394
0.05,0.68 ,0.343094, 0.00510286,0.651803,0.656906
0.05,0.69 ,0.330667, 0.00510806,0.664225,0.669333
0.05,0.7 ,0.318752, 0.00511331,0.676135,0.681248
0.05,0.71 ,0.307323, 0.00511861,0.687558,0.692677
0.05,0.72 ,0.296357, 0.00512397,0.698519,0.703643
0.05,0.73 ,0.285833, 0.00512938,0.709038,0.714167
0.05,0.74 ,0.275727, 0.00513484,0.719138,0.724273
0.05,0.75 ,0.266022, 0.00514036,0.728837,0.733978
0.05,0.76 ,0.256698, 0.00514594,0.738156,0.743302
0.05,0.77 ,0.247738, 0.00515157,0.747111,0.752262
0.05,0.78 ,0.239124, 0.00515726,0.755719,0.760876
0.05,0.79 ,0.230841, 0.00516301,0.763996,0.769159
0.05,0.8 ,0.222874, 0.00516882,0.771957,0.777126
0.05,0.81 ,0.215209, 0.00517468,0.779616,0.784791
0.05,0.82 ,0.207833, 0.00518061,0.786986,0.792167
0.05,0.83 ,0.200732, 0.0051866,0.794081,0.799268
0.05,0.84 ,0.193896, 0.00519265,0.800912,0.806104
0.05,0.85 ,0.187311, 0.00519876,0.80749,0.812689
0.05,0.86 ,0.180969, 0.00520494,0.813826,0.819031
0.05,0.87 ,0.174858, 0.00521118,0.819931,0.825142
0.05,0.88 ,0.168968, 0.00521748,0.825814,0.831032
0.05,0.89 ,0.163291, 0.00522386,0.831485,0.836709
0.05,0.9 ,0.157818, 0.00523029,0.836952,0.842182
0.05,0.91 ,0.152539, 0.0052368,0.842224,0.847461
0.05,0.92 ,0.147449, 0.00524337,0.847308,0.852551
0.05,0.93 ,0.142537, 0.00525001,0.852213,0.857463
0.05,0.94 ,0.137799, 0.00525672,0.856944,0.862201
0.05,0.95 ,0.133226, 0.0052635,0.86151,0.866774
0.05,0.96 ,0.128813, 0.00527036,0.865917,0.871187
0.05,0.97 ,0.124552, 0.00527728,0.870171,0.875448
0.05,0.98 ,0.120438, 0.00528427,0.874278,0.879562
0.05,0.99 ,0.116466, 0.00529134,0.878243,0.883534
0.05,1 ,0.112629, 0.00529848,0.882072,0.887371
0.06,0 ,0.992951, 0.00484086,0.00220803,0.00704889
0.06,0.01 ,0.992875, 0.00484376,0.00228102,0.00712479
0.06,0.02 ,0.992796, 0.00484669,0.00235769,0.00720438
0.06,0.03 ,0.992712, 0.00484964,0.00243832,0.00728796
0.06,0.04 ,0.992624, 0.00485261,0.0025232,0.00737581
0.06,0.05 ,0.992532, 0.00485561,0.00261269,0.00746829
0.06,0.06 ,0.992434, 0.00485862,0.00270716,0.00756578
0.06,0.07 ,0.992331, 0.00486166,0.00280702,0.00766868
0.06,0.08 ,0.992223, 0.00486472,0.00291276,0.00777748
0.06,0.09 ,0.992107, 0.00486781,0.00302489,0.0078927
0.06,0.1 ,0.991985, 0.00487091,0.003144,0.00801491
0.06,0.11 ,0.991855, 0.00487405,0.00327075,0.0081448
0.06,0.12 ,0.991717, 0.0048772,0.00340589,0.00828309
0.06,0.13 ,0.991569, 0.00488038,0.00355027,0.00843065
0.06,0.14 ,0.991412, 0.00488359,0.00370485,0.00858844
0.06,0.15 ,0.991242, 0.00488682,0.00387074,0.00875756
0.06,0.16 ,0.991061, 0.00489008,0.00404921,0.00893928
0.06,0.17 ,0.990865, 0.00489336,0.00424171,0.00913507
0.06,0.18 ,0.990653, 0.00489666,0.00444996,0.00934662
0.06,0.19 ,0.990424, 0.0049,0.00467593,0.00957593
0.06,0.2 ,0.990175, 0.00490336,0.00492197,0.00982532
0.06,0.21 ,0.989902, 0.00490674,0.00519081,0.0100976
0.06,0.22 ,0.989604, 0.00491016,0.00548574,0.0103959
0.06,0.23 ,0.989276, 0.0049136,0.0058107,0.0107243
0.06,0.24 ,0.988912, 0.00491707,0.00617045,0.0110875
0.06,0.25 ,0.988509, 0.00492057,0.00657079,0.0114914
0.06,0.26 ,0.988057, 0.00492409,0.0070189,0.011943
0.06,0.27 ,0.987549, 0.00492765,0.00752371,0.0124514
0.06,0.28 ,0.986972, 0.00493123,0.0080965,0.0130277
0.06,0.29 ,0.986313, 0.00493485,0.00875171,0.0136866
0.06,0.3 ,0.985553, 0.00493849,0.00950809,0.0144466
0.06,0.31 ,0.984667, 0.00494217,0.0103904,0.0153326
0.06,0.32 ,0.983622, 0.00494587,0.011432,0.0163779
0.06,0.33 ,0.982372, 0.00494961,0.0126788,0.0176284
0.06,0.34 ,0.980851, 0.00495338,0.0141951,0.0191485
0.06,0.35 ,0.978968, 0.00495718,0.0160744,0.0210316
0.06,0.36 ,0.976584, 0.00496101,0.0184551,0.0234161
0.06,0.37 ,0.973486, 0.00496488,0.0215496,0.0265144
0.06,0.38 ,0.969339, 0.00496878,0.0256919,0.0306606
0.06,0.39 ,0.96361, 0.00497271,0.0314172,0.0363899
0.06,0.4 ,0.955451, 0.00497668,0.039572,0.0445486
0.06,0.41 ,0.943638, 0.00498069,0.0513816,0.0563623
0.06,0.42 ,0.92681, 0.00498473,0.0682049,0.0731896
0.06,0.43 ,0.904329, 0.0049888,0.0906821,0.0956709
0.06,0.44 ,0.877043, 0.00499291,0.117964,0.122957
0.06,0.45 ,0.846783, 0.00499706,0.14822,0.153217
0.06,0.46 ,0.815269, 0.00500124,0.17973,0.184731
0.06,0.47 ,0.783656, 0.00500547,0.211338,0.216344
0.06,0.48 ,0.752612, 0.00500973,0.242378,0.247388
0.06,0.49 ,0.72249, 0.00501403,0.272496,0.27751
0.06,0.5 ,0.693466, 0.00501837,0.301515,0.306534
0.06,0.51 ,0.665615, 0.00502274,0.329362,0.334385
0.06,0.52 ,0.638954, 0.00502716,0.356019,0.361046
0.06,0.53 ,0.613469, 0.00503162,0.3815,0.386531
0.06,0.54 ,0.589127, 0.00503613,0.405837,0.410873
0.06,0.55 ,0.565886, 0.00504067,0.429074,0.434114
0.06,0.56 ,0.543699, 0.00504526,0.451255,0.456301
0.06,0.57 ,0.522519, 0.00504989,0.472431,0.477481
0.06,0.58 ,0.502296, 0.00505456,0.49265,0.497704
0.06,0.59 ,0.482982, 0.00505928,0.511959,0.517018
0.06,0.6 ,0.464531, 0.00506404,0.530405,0.535469
0.06,0.61 ,0.446898, 0.00506885,0.548033,0.553102
0.06,0.62 ,0.430042, 0.00507371,0.564884,0.569958
0.06,0.63 ,0.413923, 0.00507861,0.580999,0.586077
0.06,0.64 ,0.398502, 0.00508356,0.596415,0.601498
0.06,0.65 ,0.383743, 0.00508856,0.611168,0.616257
0.06,0.66 ,0.369613, 0.00509361,0.625293,0.630387
0.06,0.67 ,0.35608, 0.0050987,0.638821,0.64392
0.06,0.68 ,0.343114, 0.00510385,0.651782,0.656886
0.06,0.69 ,0.330686, 0.00510905,0.664205,0.669314
0.06,0.7 ,0.318771, 0.0051143,0.676115,0.681229
0.06,0.71 ,0.307342, 0.0051196,0.687539,0.692658
0.06,0.72 ,0.296376, 0.00512496,0.698499,0.703624
0.06,0.73 ,0.28585, 0.00513037,0.709019,0.71415
0.06,0.74 ,0.275745, 0.00513583,0.719119,0.724255
0.06,0.75 ,0.266039, 0.00514135,0.728819,0.733961
0.06,0.76 ,0.256715, 0.00514693,0.738138,0.743285
0.06,0.77 ,0.247754, 0.00515256,0.747093,0.752246
0.06,0.78 ,0.23914, 0.00515825,0.755702,0.76086
0.06,0.79 ,0.230857, 0.005164,0.763979,0.769143
0.06,0.8 ,0.22289, 0.0051698,0.771941,0.77711
0.06,0.81 ,0.215224, 0.00517567,0.7796,0.784776
0.06,0.82 ,0.207848, 0.0051816,0.786971,0.792152
0.06,0.83 ,0.200747, 0.00518759,0.794066,0.799253
0.06,0.84 ,0.19391, 0.00519364,0.800897,0.80609
0.06,0.85 ,0.187325, 0.00519975,0.807475,0.812675
0.06,0.86 ,0.180982, 0.00520593,0.813812,0.819018
0.06,0.87 ,0.174871, 0.00521217,0.819917,0.825129
0.06,0.88 ,0.168981, 0.00521847,0.825801,0.831019
0.06,0.89 ,0.163304, 0.00522484,0.831472,0.836696
0.06,0.9 ,0.15783, 0.00523128,0.836939,0.84217
0.06,0.91 ,0.152551, 0.00523778,0.842211,0.847449
0.06,0.92 ,0.14746, 0.00524436,0.847295,0.85254
0.06,0.93 ,0.142549, 0.005251,0.8522,0.857451
0.06,0.94 ,0.13781, 0.00525771,0.856932,0.86219
0.06,0.95 ,0.133237, 0.00526449,0.861498,0.866763
0.06,0.96 ,0.128823, 0.00527134,0.865905,0.871177
0.06,0.97 ,0.124563, 0.00527826,0.870159,0.875437
0.06,0.98 ,0.120449, 0.00528526,0.874266,0.879551
0.06,0.99 ,0.116476, 0.00529232,0.878232,0.883524
0.06,1 ,0.112639, 0.00529947,0.882061,0.887361
0.07,0 ,0.992911, 0.00484186,0.00224734,0.0070892
0.07,0.01 ,0.992835, 0.00484477,0.00232033,0.0071651
0.07,0.02 ,0.992755, 0.0048477,0.00239699,0.00724469
0.07,0.03 ,0.992672, 0.00485065,0.00247761,0.00732826
0.07,0.04 ,0.992584, 0.00485362,0.00256249,0.00741611
0.07,0.05 ,0.992491, 0.00485661,0.00265197,0.00750859
0.07,0.06 ,0.992394, 0.00485963,0.00274644,0.00760606
0.07,0.07 ,0.992291, 0.00486267,0.0028463,0.00770897
0.07,0.08 ,0.992182, 0.00486573,0.00295203,0.00781776
0.07,0.09 ,0.992067, 0.00486881,0.00306415,0.00793297
0.07,0.1 ,0.991945, 0.00487192,0.00318326,0.00805518
0.07,0.11 ,0.991815, 0.00487505,0.00331,0.00818505
0.07,0.12 ,0.991677, 0.00487821,0.00344513,0.00832334
0.07,0.13 ,0.991529, 0.00488139,0.0035895,0.00847089
0.07,0.14 ,0.991371, 0.0048846,0.00374407,0.00862867
0.07,0.15 ,0.991202, 0.00488783,0.00390995,0.00879778
0.07,0.16 ,0.991021, 0.00489108,0.0040884,0.00897948
0.07,0.17 ,0.990825, 0.00489436,0.00428089,0.00917526
0.07,0.18 ,0.990613, 0.00489767,0.00448912,0.00938679
0.07,0.19 ,0.990384, 0.004901,0.00471508,0.00961608
0.07,0.2 ,0.990135, 0.00490436,0.00496109,0.00986545
0.07,0.21 ,0.989862, 0.00490775,0.00522991,0.0101377
0.07,0.22 ,0.989564, 0.00491116,0.00552481,0.010436
0.07,0.23 ,0.989236, 0.0049146,0.00584973,0.0107643
0.07,0.24 ,0.988872, 0.00491807,0.00620944,0.0111275
0.07,0.25 ,0.988469, 0.00492157,0.00660973,0.0115313
0.07,0.26 ,0.988017, 0.0049251,0.00705777,0.0119829
0.07,0.27 ,0.987509, 0.00492865,0.0075625,0.0124912
0.07,0.28 ,0.986933, 0.00493224,0.0081352,0.0130674
0.07,0.29 ,0.986274, 0.00493585,0.0087903,0.0137261
0.07,0.3 ,0.985514, 0.0049395,0.00954653,0.014486
0.07,0.31 ,0.984628, 0.00494317,0.0104287,0.0153718
0.07,0.32 ,0.983583, 0.00494688,0.01147,0.0164169
0.07,0.33 ,0.982333, 0.00495061,0.0127164,0.0176671
0.07,0.34 ,0.980813, 0.00495438,0.0142324,0.0191868
0.07,0.35 ,0.978931, 0.00495818,0.016111,0.0210692
0.07,0.36 ,0.976547, 0.00496202,0.0184908,0.0234529
0.07,0.37 ,0.97345, 0.00496588,0.021584,0.0265498
0.07,0.38 ,0.969306, 0.00496978,0.0257242,0.030694
0.07,0.39 ,0.96358, 0.00497372,0.0314464,0.0364201
0.07,0.4 ,0.955426, 0.00497769,0.039596,0.0445737
0.07,0.41 ,0.94362, 0.00498169,0.0513979,0.0563796
0.07,0.42 ,0.926804, 0.00498573,0.0682107,0.0731964
0.07,0.43 ,0.904334, 0.0049898,0.0906767,0.0956665
0.07,0.44 ,0.877057, 0.00499391,0.117949,0.122943
0.07,0.45 ,0.846803, 0.00499806,0.148199,0.153197
0.07,0.46 ,0.815293, 0.00500225,0.179705,0.184707
0.07,0.47 ,0.783683, 0.00500647,0.211311,0.216317
0.07,0.48 ,0.752639, 0.00501073,0.24235,0.247361
0.07,0.49 ,0.722518, 0.00501503,0.272467,0.277482
0.07,0.5 ,0.693495, 0.00501937,0.301486,0.306505
0.07,0.51 ,0.665644, 0.00502375,0.329333,0.334356
0.07,0.52 ,0.638982, 0.00502817,0.35599,0.361018
0.07,0.53 ,0.613496, 0.00503263,0.381471,0.386504
0.07,0.54 ,0.589154, 0.00503713,0.405809,0.410846
0.07,0.55 ,0.565913, 0.00504167,0.429046,0.434087
0.07,0.56 ,0.543726, 0.00504626,0.451228,0.456274
0.07,0.57 ,0.522545, 0.00505089,0.472404,0.477455
0.07,0.58 ,0.502321, 0.00505556,0.492623,0.497679
0.07,0.59 ,0.483006, 0.00506028,0.511933,0.516994
0.07,0.6 ,0.464555, 0.00506504,0.53038,0.535445
0.07,0.61 ,0.446922, 0.00506985,0.548008,0.553078
0.07,0.62 ,0.430066, 0.00507471,0.56486,0.569934
0.07,0.63 ,0.413946, 0.00507961,0.580975,0.586054
0.07,0.64 ,0.398524, 0.00508456,0.596391,0.601476
0.07,0.65 ,0.383765, 0.00508956,0.611145,0.616235
0.07,0.66 ,0.369635, 0.00509461,0.625271,0.630365
0.07,0.67 ,0.356101, 0.0050997,0.638799,0.643899
0.07,0.68 ,0.343135, 0.00510485,0.651761,0.656865
