Betapv,Betamv,V,Rs,Rv,P
0,0 ,0.994149, 0.00385095,0.002,0.00585095
0,0.01 ,0.994052, 0.00385318,0.00209504,0.00594822
0,0.02 ,0.993946, 0.00385544,0.00219891,0.00605435
0,0.03 ,0.993829, 0.00385773,0.00231289,0.00617062
0,0.04 ,0.993701, 0.00386005,0.00243852,0.00629857
0,0.05 ,0.99356, 0.00386241,0.00257769,0.00644009
0,0.06 ,0.993403, 0.00386479,0.00273268,0.00659748
0,0.07 ,0.993226, 0.00386721,0.00290636,0.00677358
0,0.08 ,0.993028, 0.00386966,0.00310231,0.00697197
0,0.09 ,0.992803, 0.00387215,0.00332506,0.00719721
0,0.1 ,0.992545, 0.00387467,0.00358049,0.00745516
0,0.11 ,0.992246, 0.00387723,0.00387633,0.00775356
0,0.12 ,0.991897, 0.00387982,0.00422293,0.00810275
0,0.13 ,0.991483, 0.00388246,0.00463447,0.00851692
0,0.14 ,0.990984, 0.00388513,0.00513093,0.00901606
0,0.15 ,0.990371, 0.00388784,0.00574136,0.00962919
0,0.16 ,0.9896, 0.00389059,0.00650957,0.0104002
0,0.17 ,0.988602, 0.00389338,0.00750479,0.0113982
0,0.18 ,0.987261, 0.00389621,0.00884279,0.012739
0,0.19 ,0.985369, 0.00389909,0.0107314,0.0146305
0,0.2 ,0.982518, 0.00390201,0.0135797,0.0174817
0,0.21 ,0.977803, 0.00390498,0.0182919,0.0221969
0,0.22 ,0.96894, 0.003908,0.0271518,0.0310598
0,0.23 ,0.949882, 0.00391106,0.0462072,0.0501183
0,0.24 ,0.911048, 0.00391417,0.0850379,0.0889521
0,0.25 ,0.855598, 0.00391733,0.140484,0.144402
0,0.26 ,0.79622, 0.00392055,0.19986,0.20378
0,0.27 ,0.739026, 0.00392381,0.25705,0.260974
0,0.28 ,0.685713, 0.00392713,0.31036,0.314287
0,0.29 ,0.636553, 0.00393051,0.359516,0.363447
0,0.3 ,0.591387, 0.00393394,0.404679,0.408613
0,0.31 ,0.549923, 0.00393744,0.446139,0.450077
0,0.32 ,0.511842, 0.00394099,0.484217,0.488158
0,0.33 ,0.476834, 0.00394461,0.519221,0.523166
0,0.34 ,0.444612, 0.00394828,0.551439,0.555388
0,0.35 ,0.414916, 0.00395203,0.581132,0.585084
0,0.36 ,0.387511, 0.00395584,0.608534,0.612489
0,0.37 ,0.362186, 0.00395972,0.633855,0.637814
0,0.38 ,0.338753, 0.00396367,0.657284,0.661247
0,0.39 ,0.317044, 0.00396769,0.678989,0.682956
0,0.4 ,0.296908, 0.00397179,0.699121,0.703092
0,0.41 ,0.278209, 0.00397596,0.717815,0.721791
0,0.42 ,0.260827, 0.00398022,0.735193,0.739173
0,0.43 ,0.244652, 0.00398455,0.751364,0.755348
0,0.44 ,0.229585, 0.00398897,0.766426,0.770415
0,0.45 ,0.215538, 0.00399347,0.780469,0.784462
0,0.46 ,0.202429, 0.00399806,0.793573,0.797571
0,0.47 ,0.190187, 0.00400274,0.80581,0.809813
0,0.48 ,0.178745, 0.00400751,0.817248,0.821255
0,0.49 ,0.168042, 0.00401238,0.827946,0.831958
0,0.5 ,0.158024, 0.00401734,0.837958,0.841976
0,0.51 ,0.148641, 0.00402241,0.847336,0.851359
0,0.52 ,0.139848, 0.00402757,0.856125,0.860152
0,0.53 ,0.131601, 0.00403284,0.864366,0.868399
0,0.54 ,0.123864, 0.00403822,0.872098,0.876136
0,0.55 ,0.1166, 0.00404371,0.879356,0.8834
0,0.56 ,0.109778, 0.00404931,0.886173,0.890222
0,0.57 ,0.103368, 0.00405503,0.892577,0.896632
0,0.58 ,0.0973414, 0.00406086,0.898598,0.902659
0,0.59 ,0.0916741, 0.00406681,0.904259,0.908326
0,0.6 ,0.0863423, 0.00407289,0.909585,0.913658
0,0.61 ,0.0813245, 0.00407909,0.914596,0.918675
0,0.62 ,0.0766006, 0.00408542,0.919314,0.923399
0,0.63 ,0.072152, 0.00409188,0.923756,0.927848
0,0.64 ,0.0679616, 0.00409847,0.92794,0.932038
0,0.65 ,0.0640133, 0.0041052,0.931882,0.935987
0,0.66 ,0.0602923, 0.00411206,0.935596,0.939708
0,0.67 ,0.0567848, 0.00411907,0.939096,0.943215
0,0.68 ,0.0534778, 0.00412621,0.942396,0.946522
0,0.69 ,0.0503594, 0.0041335,0.945507,0.949641
0,0.7 ,0.0474184, 0.00414094,0.948441,0.952582
0,0.71 ,0.0446443, 0.00414852,0.951207,0.955356
0,0.72 ,0.0420274, 0.00415626,0.953816,0.957973
0,0.73 ,0.0395584, 0.00416415,0.956277,0.960442
0,0.74 ,0.0372288, 0.00417219,0.958599,0.962771
0,0.75 ,0.0350307, 0.00418038,0.960789,0.964969
0,0.76 ,0.0329565, 0.00418874,0.962855,0.967043
0,0.77 ,0.0309992, 0.00419725,0.964804,0.969001
0,0.78 ,0.0291521, 0.00420593,0.966642,0.970848
0,0.79 ,0.0274091, 0.00421476,0.968376,0.972591
0,0.8 ,0.0257644, 0.00422377,0.970012,0.974236
0,0.81 ,0.0242124, 0.00423293,0.971555,0.975788
0,0.82 ,0.0227479, 0.00424226,0.97301,0.977252
0,0.83 ,0.0213662, 0.00425176,0.974382,0.978634
0,0.84 ,0.0200627, 0.00426143,0.975676,0.979937
0,0.85 ,0.0188331, 0.00427127,0.976896,0.981167
0,0.86 ,0.0176733, 0.00428128,0.978045,0.982327
0,0.87 ,0.0165794, 0.00429146,0.979129,0.983421
0,0.88 ,0.015548, 0.00430181,0.98015,0.984452
0,0.89 ,0.0145755, 0.00431233,0.981112,0.985425
0,0.9 ,0.0136588, 0.00432303,0.982018,0.986341
0,0.91 ,0.0127948, 0.0043339,0.982871,0.987205
0,0.92 ,0.0119806, 0.00434494,0.983674,0.988019
0,0.93 ,0.0112136, 0.00435616,0.98443,0.988786
0,0.94 ,0.0104912, 0.00436756,0.985141,0.989509
0,0.95 ,0.00981099, 0.00437912,0.98581,0.990189
0,0.96 ,0.00917061, 0.00439087,0.986439,0.990829
0,0.97 ,0.00856793, 0.00440279,0.987029,0.991432
0,0.98 ,0.0080009, 0.00441488,0.987584,0.991999
0,0.99 ,0.00746756, 0.00442715,0.988105,0.992532
0,1 ,0.00696609, 0.0044396,0.988594,0.993034
0.01,0 ,0.994089, 0.00385271,0.00205791,0.00591062
0.01,0.01 ,0.993992, 0.00385494,0.00215295,0.00600788
0.01,0.02 ,0.993886, 0.0038572,0.00225681,0.00611401
0.01,0.03 ,0.99377, 0.00385949,0.00237078,0.00623027
0.01,0.04 ,0.993642, 0.00386181,0.0024964,0.00635821
0.01,0.05 ,0.9935, 0.00386416,0.00263556,0.00649972
0.01,0.06 ,0.993343, 0.00386655,0.00279055,0.00665709
0.01,0.07 ,0.993167, 0.00386897,0.00296421,0.00683318
0.01,0.08 ,0.992968, 0.00387142,0.00316013,0.00703155
0.01,0.09 ,0.992743, 0.0038739,0.00338286,0.00725676
0.01,0.1 ,0.992485, 0.00387643,0.00363827,0.00751469
0.01,0.11 ,0.992187, 0.00387898,0.00393407,0.00781305
0.01,0.12 ,0.991838, 0.00388158,0.00428061,0.00816219
0.01,0.13 ,0.991424, 0.00388421,0.00469208,0.00857629
0.01,0.14 ,0.990925, 0.00388688,0.00518845,0.00907533
0.01,0.15 ,0.990312, 0.00388959,0.00579874,0.00968833
0.01,0.16 ,0.989541, 0.00389234,0.00656676,0.0104591
0.01,0.17 ,0.988543, 0.00389513,0.00756169,0.0114568
0.01,0.18 ,0.987203, 0.00389797,0.0088992,0.0127972
0.01,0.19 ,0.985312, 0.00390084,0.010787,0.0146878
0.01,0.2 ,0.982463, 0.00390377,0.0136337,0.0175374
0.01,0.21 ,0.977751, 0.00390673,0.0183425,0.0222492
0.01,0.22 ,0.968896, 0.00390975,0.0271939,0.0311036
0.01,0.23 ,0.94986, 0.00391281,0.0462273,0.0501401
0.01,0.24 ,0.911061, 0.00391592,0.0850228,0.0889387
0.01,0.25 ,0.855633, 0.00391908,0.140448,0.144367
0.01,0.26 ,0.796262, 0.0039223,0.199816,0.203738
0.01,0.27 ,0.73907, 0.00392556,0.257004,0.26093
0.01,0.28 ,0.685757, 0.00392889,0.310315,0.314243
0.01,0.29 ,0.636596, 0.00393226,0.359472,0.363404
0.01,0.3 ,0.591429, 0.0039357,0.404635,0.408571
0.01,0.31 ,0.549964, 0.00393919,0.446097,0.450036
0.01,0.32 ,0.511881, 0.00394274,0.484176,0.488119
0.01,0.33 ,0.476871, 0.00394636,0.519182,0.523129
0.01,0.34 ,0.444648, 0.00395003,0.551402,0.555352
0.01,0.35 ,0.414951, 0.00395378,0.581096,0.585049
0.01,0.36 ,0.387544, 0.00395759,0.608499,0.612456
0.01,0.37 ,0.362217, 0.00396147,0.633821,0.637783
0.01,0.38 ,0.338783, 0.00396542,0.657251,0.661217
0.01,0.39 ,0.317073, 0.00396944,0.678957,0.682927
0.01,0.4 ,0.296936, 0.00397354,0.699091,0.703064
0.01,0.41 ,0.278236, 0.00397771,0.717786,0.721764
0.01,0.42 ,0.260853, 0.00398196,0.735165,0.739147
0.01,0.43 ,0.244677, 0.0039863,0.751337,0.755323
0.01,0.44 ,0.229609, 0.00399071,0.7664,0.770391
0.01,0.45 ,0.215561, 0.00399521,0.780444,0.784439
0.01,0.46 ,0.202452, 0.0039998,0.793548,0.797548
0.01,0.47 ,0.190209, 0.00400448,0.805787,0.809791
0.01,0.48 ,0.178765, 0.00400926,0.817225,0.821235
0.01,0.49 ,0.168062, 0.00401412,0.827924,0.831938
0.01,0.5 ,0.158044, 0.00401909,0.837937,0.841956
0.01,0.51 ,0.14866, 0.00402415,0.847316,0.85134
0.01,0.52 ,0.139866, 0.00402932,0.856105,0.860134
0.01,0.53 ,0.131619, 0.00403459,0.864347,0.868381
0.01,0.54 ,0.123881, 0.00403996,0.87208,0.876119
0.01,0.55 ,0.116616, 0.00404545,0.879338,0.883384
0.01,0.56 ,0.109794, 0.00405105,0.886155,0.890206
0.01,0.57 ,0.103382, 0.00405677,0.892561,0.896618
0.01,0.58 ,0.0973556, 0.0040626,0.898582,0.902644
0.01,0.59 ,0.0916878, 0.00406855,0.904244,0.908312
0.01,0.6 ,0.0863555, 0.00407463,0.90957,0.913645
0.01,0.61 ,0.0813372, 0.00408083,0.914582,0.918663
0.01,0.62 ,0.0766127, 0.00408716,0.9193,0.923387
0.01,0.63 ,0.0721637, 0.00409362,0.923743,0.927836
0.01,0.64 ,0.0679728, 0.00410021,0.927927,0.932027
0.01,0.65 ,0.0640241, 0.00410693,0.931869,0.935976
0.01,0.66 ,0.0603027, 0.0041138,0.935583,0.939697
0.01,0.67 ,0.0567948, 0.0041208,0.939084,0.943205
0.01,0.68 ,0.0534874, 0.00412794,0.942385,0.946513
0.01,0.69 ,0.0503687, 0.00413523,0.945496,0.949631
0.01,0.7 ,0.0474273, 0.00414267,0.94843,0.952573
0.01,0.71 ,0.0446529, 0.00415025,0.951197,0.955347
0.01,0.72 ,0.0420356, 0.00415799,0.953806,0.957964
0.01,0.73 ,0.0395663, 0.00416587,0.956268,0.960434
0.01,0.74 ,0.0372364, 0.00417391,0.95859,0.962764
0.01,0.75 ,0.035038, 0.00418211,0.96078,0.964962
0.01,0.76 ,0.0329635, 0.00419046,0.962846,0.967037
0.01,0.77 ,0.0310059, 0.00419898,0.964795,0.968994
0.01,0.78 ,0.0291585, 0.00420765,0.966634,0.970841
0.01,0.79 ,0.0274153, 0.00421649,0.968368,0.972585
0.01,0.8 ,0.0257703, 0.00422549,0.970004,0.97423
0.01,0.81 ,0.024218, 0.00423465,0.971547,0.975782
0.01,0.82 ,0.0227533, 0.00424398,0.973003,0.977247
0.01,0.83 ,0.0213714, 0.00425348,0.974375,0.978629
0.01,0.84 ,0.0200677, 0.00426315,0.975669,0.979932
0.01,0.85 ,0.0188378, 0.00427298,0.976889,0.981162
0.01,0.86 ,0.0176778, 0.00428299,0.978039,0.982322
0.01,0.87 ,0.0165838, 0.00429317,0.979123,0.983416
0.01,0.88 ,0.0155521, 0.00430352,0.980144,0.984448
0.01,0.89 ,0.0145794, 0.00431404,0.981107,0.985421
0.01,0.9 ,0.0136625, 0.00432474,0.982013,0.986337
0.01,0.91 ,0.0127984, 0.00433561,0.982866,0.987202
0.01,0.92 ,0.0119841, 0.00434665,0.983669,0.988016
0.01,0.93 ,0.0112169, 0.00435787,0.984425,0.988783
0.01,0.94 ,0.0104944, 0.00436926,0.985136,0.989506
0.01,0.95 ,0.00981399, 0.00438083,0.985805,0.990186
0.01,0.96 ,0.00917347, 0.00439257,0.986434,0.990827
0.01,0.97 ,0.00857065, 0.00440449,0.987025,0.991429
0.01,0.98 ,0.00800349, 0.00441658,0.98758,0.991997
0.01,0.99 ,0.00747003, 0.00442885,0.988101,0.99253
0.01,1 ,0.00696843, 0.00444129,0.98859,0.993032
0.02,0 ,0.994026, 0.00385448,0.00211957,0.00597405
0.02,0.01 ,0.993929, 0.00385671,0.00221459,0.00607131
0.02,0.02 ,0.993823, 0.00385897,0.00231845,0.00617742
0.02,0.03 ,0.993706, 0.00386126,0.00243241,0.00629367
0.02,0.04 ,0.993578, 0.00386359,0.00255803,0.00642161
0.02,0.05 ,0.993437, 0.00386594,0.00269717,0.00656311
0.02,0.06 ,0.99328, 0.00386832,0.00285214,0.00672047
0.02,0.07 ,0.993103, 0.00387074,0.00302579,0.00689653
0.02,0.08 ,0.992905, 0.00387319,0.00322169,0.00709489
0.02,0.09 ,0.99268, 0.00387568,0.00344439,0.00732007
0.02,0.1 ,0.992422, 0.0038782,0.00369977,0.00757797
0.02,0.11 ,0.992124, 0.00388076,0.00399553,0.00787629
0.02,0.12 ,0.991775, 0.00388335,0.00434202,0.00822537
0.02,0.13 ,0.991361, 0.00388598,0.00475342,0.0086394
0.02,0.14 ,0.990862, 0.00388865,0.00524969,0.00913834
0.02,0.15 ,0.990249, 0.00389136,0.00585984,0.0097512
0.02,0.16 ,0.989478, 0.00389412,0.00662765,0.0105218
0.02,0.17 ,0.988481, 0.00389691,0.00762226,0.0115192
0.02,0.18 ,0.987141, 0.00389974,0.00895926,0.012859
0.02,0.19 ,0.985251, 0.00390262,0.0108462,0.0147488
0.02,0.2 ,0.982403, 0.00390554,0.0136912,0.0175967
0.02,0.21 ,0.977695, 0.00390851,0.0183964,0.0223049
0.02,0.22 ,0.96885, 0.00391152,0.0272387,0.0311503
0.02,0.23 ,0.949837, 0.00391458,0.0462489,0.0501634
0.02,0.24 ,0.911075, 0.0039177,0.085007,0.0889247
0.02,0.25 ,0.85567, 0.00392086,0.140409,0.14433
0.02,0.26 ,0.796306, 0.00392407,0.199769,0.203694
0.02,0.27 ,0.739117, 0.00392734,0.256956,0.260883
0.02,0.28 ,0.685803, 0.00393066,0.310266,0.314197
0.02,0.29 ,0.636642, 0.00393403,0.359424,0.363358
0.02,0.3 ,0.591473, 0.00393747,0.404589,0.408527
0.02,0.31 ,0.550006, 0.00394096,0.446053,0.449994
0.02,0.32 ,0.511922, 0.00394451,0.484133,0.488078
0.02,0.33 ,0.476911, 0.00394813,0.519141,0.523089
0.02,0.34 ,0.444686, 0.0039518,0.551362,0.555314
0.02,0.35 ,0.414987, 0.00395555,0.581057,0.585013
0.02,0.36 ,0.387579, 0.00395936,0.608462,0.612421
0.02,0.37 ,0.362251, 0.00396324,0.633786,0.637749
0.02,0.38 ,0.338816, 0.00396719,0.657217,0.661184
0.02,0.39 ,0.317104, 0.00397121,0.678924,0.682896
0.02,0.4 ,0.296966, 0.00397531,0.699059,0.703034
0.02,0.41 ,0.278265, 0.00397948,0.717755,0.721735
0.02,0.42 ,0.260881, 0.00398373,0.735135,0.739119
0.02,0.43 ,0.244704, 0.00398806,0.751308,0.755296
0.02,0.44 ,0.229635, 0.00399248,0.766373,0.770365
0.02,0.45 ,0.215586, 0.00399698,0.780417,0.784414
0.02,0.46 ,0.202476, 0.00400157,0.793523,0.797524
0.02,0.47 ,0.190232, 0.00400625,0.805762,0.809768
0.02,0.48 ,0.178788, 0.00401102,0.817201,0.821212
0.02,0.49 ,0.168083, 0.00401589,0.827901,0.831917
0.02,0.5 ,0.158064, 0.00402085,0.837915,0.841936
0.02,0.51 ,0.14868, 0.00402591,0.847294,0.85132
0.02,0.52 ,0.139885, 0.00403108,0.856084,0.860115
0.02,0.53 ,0.131637, 0.00403635,0.864327,0.868363
0.02,0.54 ,0.123898, 0.00404173,0.87206,0.876102
0.02,0.55 ,0.116633, 0.00404721,0.87932,0.883367
0.02,0.56 ,0.10981, 0.00405281,0.886137,0.89019
0.02,0.57 ,0.103398, 0.00405853,0.892543,0.896602
0.02,0.58 ,0.0973707, 0.00406436,0.898565,0.902629
0.02,0.59 ,0.0917023, 0.00407031,0.904227,0.908298
0.02,0.6 ,0.0863694, 0.00407639,0.909554,0.913631
0.02,0.61 ,0.0813506, 0.00408259,0.914567,0.918649
0.02,0.62 ,0.0766256, 0.00408892,0.919285,0.923374
0.02,0.63 ,0.0721761, 0.00409537,0.923729,0.927824
0.02,0.64 ,0.0679848, 0.00410196,0.927913,0.932015
0.02,0.65 ,0.0640356, 0.00410869,0.931856,0.935964
0.02,0.66 ,0.0603137, 0.00411555,0.935571,0.939686
0.02,0.67 ,0.0568054, 0.00412255,0.939072,0.943195
0.02,0.68 ,0.0534976, 0.0041297,0.942373,0.946502
0.02,0.69 ,0.0503785, 0.00413699,0.945485,0.949622
0.02,0.7 ,0.0474367, 0.00414442,0.948419,0.952563
0.02,0.71 ,0.0446619, 0.004152,0.951186,0.955338
0.02,0.72 ,0.0420442, 0.00415974,0.953796,0.957956
0.02,0.73 ,0.0395746, 0.00416762,0.956258,0.960425
0.02,0.74 ,0.0372444, 0.00417566,0.95858,0.962756
0.02,0.75 ,0.0350456, 0.00418386,0.960771,0.964954
0.02,0.76 ,0.0329708, 0.00419221,0.962837,0.967029
0.02,0.77 ,0.0310129, 0.00420072,0.964786,0.968987
0.02,0.78 ,0.0291653, 0.0042094,0.966625,0.970835
0.02,0.79 ,0.0274218, 0.00421823,0.96836,0.972578
0.02,0.8 ,0.0257765, 0.00422723,0.969996,0.974224
0.02,0.81 ,0.0242239, 0.00423639,0.97154,0.975776
0.02,0.82 ,0.022759, 0.00424572,0.972995,0.977241
0.02,0.83 ,0.0213769, 0.00425522,0.974368,0.978623
0.02,0.84 ,0.0200729, 0.00426489,0.975662,0.979927
0.02,0.85 ,0.0188428, 0.00427472,0.976882,0.981157
0.02,0.86 ,0.0176826, 0.00428473,0.978033,0.982317
0.02,0.87 ,0.0165883, 0.0042949,0.979117,0.983412
0.02,0.88 ,0.0155565, 0.00430525,0.980138,0.984444
0.02,0.89 ,0.0145836, 0.00431577,0.981101,0.985416
0.02,0.9 ,0.0136665, 0.00432647,0.982007,0.986333
0.02,0.91 ,0.0128022, 0.00433733,0.98286,0.987198
0.02,0.92 ,0.0119877, 0.00434838,0.983664,0.988012
0.02,0.93 ,0.0112204, 0.00435959,0.98442,0.98878
0.02,0.94 ,0.0104977, 0.00437098,0.985131,0.989502
0.02,0.95 ,0.00981714, 0.00438255,0.9858,0.990183
0.02,0.96 ,0.00917647, 0.00439429,0.986429,0.990824
0.02,0.97 ,0.00857351, 0.00440621,0.98702,0.991426
0.02,0.98 ,0.00800621, 0.0044183,0.987575,0.991994
0.02,0.99 ,0.00747261, 0.00443057,0.988097,0.992527
0.02,1 ,0.00697089, 0.00444301,0.988586,0.993029
0.03,0 ,0.993958, 0.00385628,0.00218533,0.00604161
0.03,0.01 ,0.993861, 0.00385851,0.00228035,0.00613886
0.03,0.02 ,0.993755, 0.00386077,0.0023842,0.00624497
0.03,0.03 ,0.993639, 0.00386306,0.00249815,0.00636122
0.03,0.04 ,0.993511, 0.00386538,0.00262376,0.00648914
0.03,0.05 ,0.993369, 0.00386774,0.00276289,0.00663063
0.03,0.06 ,0.993212, 0.00387012,0.00291785,0.00678797
0.03,0.07 ,0.993036, 0.00387254,0.00309148,0.00696402
0.03,0.08 ,0.992838, 0.00387499,0.00328736,0.00716235
0.03,0.09 ,0.992612, 0.00387748,0.00351003,0.00738751
0.03,0.1 ,0.992355, 0.00388,0.00376537,0.00764537
0.03,0.11 ,0.992056, 0.00388256,0.00406109,0.00794365
0.03,0.12 ,0.991707, 0.00388515,0.00440753,0.00829268
0.03,0.13 ,0.991293, 0.00388778,0.00481885,0.00870663
0.03,0.14 ,0.990795, 0.00389045,0.00531501,0.00920546
0.03,0.15 ,0.990182, 0.00389316,0.00592501,0.00981817
0.03,0.16 ,0.989411, 0.00389591,0.0066926,0.0105885
0.03,0.17 ,0.988414, 0.0038987,0.00768688,0.0115856
0.03,0.18 ,0.987075, 0.00390154,0.00902335,0.0129249
0.03,0.19 ,0.985186, 0.00390441,0.0109093,0.0148137
0.03,0.2 ,0.98234, 0.00390734,0.0137525,0.0176599
0.03,0.21 ,0.977636, 0.0039103,0.0184539,0.0223642
0.03,0.22 ,0.9688, 0.00391332,0.0272867,0.0312
0.03,0.23 ,0.949812, 0.00391638,0.0462721,0.0501884
0.03,0.24 ,0.91109, 0.00391949,0.0849904,0.0889098
0.03,0.25 ,0.855709, 0.00392265,0.140368,0.144291
0.03,0.26 ,0.796354, 0.00392587,0.19972,0.203646
0.03,0.27 ,0.739167, 0.00392913,0.256904,0.260833
0.03,0.28 ,0.685853, 0.00393245,0.310215,0.314147
0.03,0.29 ,0.63669, 0.00393583,0.359374,0.36331
0.03,0.3 ,0.59152, 0.00393926,0.404541,0.40848
0.03,0.31 ,0.550052, 0.00394275,0.446006,0.449948
0.03,0.32 ,0.511966, 0.00394631,0.484088,0.488034
0.03,0.33 ,0.476953, 0.00394992,0.519097,0.523047
0.03,0.34 ,0.444727, 0.0039536,0.55132,0.555273
0.03,0.35 ,0.415026, 0.00395734,0.581016,0.584974
0.03,0.36 ,0.387616, 0.00396115,0.608422,0.612384
0.03,0.37 ,0.362287, 0.00396503,0.633748,0.637713
0.03,0.38 ,0.33885, 0.00396898,0.657181,0.66115
0.03,0.39 ,0.317138, 0.003973,0.678889,0.682862
0.03,0.4 ,0.296998, 0.0039771,0.699025,0.703002
0.03,0.41 ,0.278296, 0.00398127,0.717723,0.721704
0.03,0.42 ,0.260911, 0.00398552,0.735104,0.739089
0.03,0.43 ,0.244732, 0.00398985,0.751278,0.755268
0.03,0.44 ,0.229662, 0.00399427,0.766343,0.770338
0.03,0.45 ,0.215612, 0.00399877,0.780389,0.784388
0.03,0.46 ,0.202501, 0.00400336,0.793496,0.797499
0.03,0.47 ,0.190256, 0.00400804,0.805736,0.809744
0.03,0.48 ,0.178811, 0.00401281,0.817176,0.821189
0.03,0.49 ,0.168106, 0.00401767,0.827876,0.831894
0.03,0.5 ,0.158086, 0.00402264,0.837892,0.841914
0.03,0.51 ,0.148701, 0.0040277,0.847272,0.851299
0.03,0.52 ,0.139905, 0.00403287,0.856062,0.860095
0.03,0.53 ,0.131656, 0.00403813,0.864306,0.868344
0.03,0.54 ,0.123917, 0.00404351,0.87204,0.876083
0.03,0.55 ,0.116651, 0.004049,0.8793,0.883349
0.03,0.56 ,0.109827, 0.0040546,0.886118,0.890173
0.03,0.57 ,0.103415, 0.00406031,0.892525,0.896585
0.03,0.58 ,0.0973867, 0.00406614,0.898547,0.902613
0.03,0.59 ,0.0917176, 0.00407209,0.90421,0.908282
0.03,0.6 ,0.0863842, 0.00407817,0.909538,0.913616
0.03,0.61 ,0.0813648, 0.00408437,0.914551,0.918635
0.03,0.62 ,0.0766393, 0.00409069,0.91927,0.923361
0.03,0.63 ,0.0721892, 0.00409715,0.923714,0.927811
0.03,0.64 ,0.0679974, 0.00410374,0.927899,0.932003
0.03,0.65 ,0.0640477, 0.00411047,0.931842,0.935952
0.03,0.66 ,0.0603254, 0.00411733,0.935557,0.939675
0.03,0.67 ,0.0568166, 0.00412433,0.939059,0.943183
0.03,0.68 ,0.0535084, 0.00413147,0.94236,0.946492
0.03,0.69 ,0.0503888, 0.00413876,0.945472,0.949611
0.03,0.7 ,0.0474467, 0.00414619,0.948407,0.952553
0.03,0.71 ,0.0446714, 0.00415378,0.951175,0.955329
0.03,0.72 ,0.0420534, 0.00416151,0.953785,0.957947
0.03,0.73 ,0.0395834, 0.00416939,0.956247,0.960417
0.03,0.74 ,0.0372528, 0.00417743,0.95857,0.962747
0.03,0.75 ,0.0350537, 0.00418563,0.960761,0.964946
0.03,0.76 ,0.0329786, 0.00419398,0.962827,0.967021
0.03,0.77 ,0.0310204, 0.00420249,0.964777,0.96898
0.03,0.78 ,0.0291724, 0.00421116,0.966616,0.970828
0.03,0.79 ,0.0274286, 0.00421999,0.968351,0.972571
0.03,0.8 ,0.025783, 0.00422899,0.969988,0.974217
0.03,0.81 ,0.0242302, 0.00423815,0.971532,0.97577
0.03,0.82 ,0.022765, 0.00424748,0.972987,0.977235
0.03,0.83 ,0.0213826, 0.00425698,0.97436,0.978617
0.03,0.84 ,0.0200784, 0.00426664,0.975655,0.979922
0.03,0.85 ,0.0188481, 0.00427648,0.976875,0.981152
0.03,0.86 ,0.0176876, 0.00428648,0.978026,0.982312
0.03,0.87 ,0.0165931, 0.00429666,0.97911,0.983407
0.03,0.88 ,0.0155611, 0.004307,0.980132,0.984439
0.03,0.89 ,0.014588, 0.00431752,0.981094,0.985412
0.03,0.9 ,0.0136707, 0.00432822,0.982001,0.986329
0.03,0.91 ,0.0128062, 0.00433908,0.982855,0.987194
0.03,0.92 ,0.0119915, 0.00435012,0.983658,0.988008
0.03,0.93 ,0.011224, 0.00436134,0.984415,0.988776
0.03,0.94 ,0.0105012, 0.00437273,0.985126,0.989499
0.03,0.95 ,0.00982045, 0.00438429,0.985795,0.99018
0.03,0.96 ,0.00917962, 0.00439603,0.986424,0.99082
0.03,0.97 ,0.00857651, 0.00440795,0.987016,0.991423
0.03,0.98 ,0.00800907, 0.00442004,0.987571,0.991991
0.03,0.99 ,0.00747534, 0.0044323,0.988092,0.992525
0.03,1 ,0.00697348, 0.00444474,0.988582,0.993027
0.04,0 ,0.993886, 0.0038581,0.00225564,0.00611374
0.04,0.01 ,0.993789, 0.00386033,0.00235065,0.00621098
0.04,0.02 ,0.993683, 0.00386259,0.00245449,0.00631708
0.04,0.03 ,0.993567, 0.00386488,0.00256843,0.00643332
0.04,0.04 ,0.993439, 0.0038672,0.00269403,0.00656123
0.04,0.05 ,0.993297, 0.00386956,0.00283315,0.0067027
0.04,0.06 ,0.99314, 0.00387194,0.00298809,0.00686003
0.04,0.07 ,0.992964, 0.00387436,0.0031617,0.00703606
0.04,0.08 ,0.992766, 0.00387681,0.00335756,0.00723437
0.04,0.09 ,0.99254, 0.0038793,0.0035802,0.0074595
0.04,0.1 ,0.992283, 0.00388182,0.00383551,0.00771733
0.04,0.11 ,0.991984, 0.00388437,0.00413118,0.00801556
0.04,0.12 ,0.991635, 0.00388697,0.00447755,0.00836452
0.04,0.13 ,0.991222, 0.0038896,0.00488879,0.00877839
0.04,0.14 ,0.990723, 0.00389227,0.00538485,0.00927712
0.04,0.15 ,0.99011, 0.00389498,0.00599469,0.00988967
0.04,0.16 ,0.98934, 0.00389773,0.00676205,0.0106598
0.04,0.17 ,0.988344, 0.00390052,0.00775598,0.0116565
0.04,0.18 ,0.987005, 0.00390336,0.00909187,0.0129952
0.04,0.19 ,0.985117, 0.00390623,0.0109768,0.0148831
0.04,0.2 ,0.982273, 0.00390915,0.0138182,0.0177273
0.04,0.21 ,0.977572, 0.00391212,0.0185154,0.0224276
0.04,0.22 ,0.968747, 0.00391514,0.0273381,0.0312533
0.04,0.23 ,0.949785, 0.0039182,0.0462971,0.0502153
0.04,0.24 ,0.911106, 0.00392131,0.0849729,0.0888942
0.04,0.25 ,0.855751, 0.00392447,0.140324,0.144249
0.04,0.26 ,0.796405, 0.00392768,0.199668,0.203595
0.04,0.27 ,0.73922, 0.00393095,0.256849,0.26078
0.04,0.28 ,0.685905, 0.00393427,0.31016,0.314095
0.04,0.29 ,0.636742, 0.00393764,0.359321,0.363258
0.04,0.3 ,0.59157, 0.00394108,0.404489,0.40843
0.04,0.31 ,0.5501, 0.00394457,0.445955,0.4499
0.04,0.32 ,0.512012, 0.00394812,0.484039,0.487988
0.04,0.33 ,0.476998, 0.00395173,0.51905,0.523002
0.04,0.34 ,0.44477, 0.00395541,0.551275,0.55523
0.04,0.35 ,0.415068, 0.00395915,0.580973,0.584932
0.04,0.36 ,0.387656, 0.00396296,0.608381,0.612344
0.04,0.37 ,0.362326, 0.00396684,0.633708,0.637674
0.04,0.38 ,0.338887, 0.00397079,0.657142,0.661113
0.04,0.39 ,0.317173, 0.00397481,0.678852,0.682827
0.04,0.4 ,0.297032, 0.00397891,0.698989,0.702968
0.04,0.41 ,0.278329, 0.00398308,0.717688,0.721671
0.04,0.42 ,0.260942, 0.00398733,0.73507,0.739058
0.04,0.43 ,0.244763, 0.00399167,0.751246,0.755237
0.04,0.44 ,0.229692, 0.00399608,0.766312,0.770308
0.04,0.45 ,0.21564, 0.00400058,0.780359,0.78436
0.04,0.46 ,0.202528, 0.00400517,0.793467,0.797472
0.04,0.47 ,0.190282, 0.00400985,0.805708,0.809718
0.04,0.48 ,0.178836, 0.00401462,0.817149,0.821164
0.04,0.49 ,0.16813, 0.00401948,0.827851,0.83187
0.04,0.5 ,0.158109, 0.00402445,0.837867,0.841891
0.04,0.51 ,0.148723, 0.00402951,0.847248,0.851277
0.04,0.52 ,0.139926, 0.00403467,0.856039,0.860074
0.04,0.53 ,0.131677, 0.00403994,0.864283,0.868323
0.04,0.54 ,0.123937, 0.00404532,0.872018,0.876063
0.04,0.55 ,0.11667, 0.0040508,0.879279,0.88333
0.04,0.56 ,0.109845, 0.0040564,0.886098,0.890155
0.04,0.57 ,0.103432, 0.00406212,0.892506,0.896568
0.04,0.58 ,0.0974036, 0.00406795,0.898528,0.902596
0.04,0.59 ,0.091734, 0.0040739,0.904192,0.908266
0.04,0.6 ,0.0863999, 0.00407997,0.90952,0.9136
0.04,0.61 ,0.0813799, 0.00408617,0.914534,0.91862
0.04,0.62 ,0.0766538, 0.0040925,0.919254,0.923346
0.04,0.63 ,0.0722032, 0.00409895,0.923698,0.927797
0.04,0.64 ,0.0680108, 0.00410554,0.927884,0.931989
0.04,0.65 ,0.0640606, 0.00411227,0.931827,0.935939
0.04,0.66 ,0.0603378, 0.00411913,0.935543,0.939662
0.04,0.67 ,0.0568285, 0.00412613,0.939045,0.943172
0.04,0.68 ,0.0535198, 0.00413327,0.942347,0.94648
0.04,0.69 ,0.0503998, 0.00414056,0.94546,0.9496
0.04,0.7 ,0.0474572, 0.00414799,0.948395,0.952543
0.04,0.71 ,0.0446815, 0.00415557,0.951163,0.955318
0.04,0.72 ,0.0420631, 0.0041633,0.953774,0.957937
0.04,0.73 ,0.0395927, 0.00417119,0.956236,0.960407
0.04,0.74 ,0.0372618, 0.00417922,0.958559,0.962738
0.04,0.75 ,0.0350623, 0.00418742,0.96075,0.964938
0.04,0.76 ,0.0329868, 0.00419577,0.962817,0.967013
0.04,0.77 ,0.0310283, 0.00420428,0.964767,0.968972
0.04,0.78 ,0.02918, 0.00421295,0.966607,0.97082
0.04,0.79 ,0.0274358, 0.00422178,0.968342,0.972564
0.04,0.8 ,0.02579, 0.00423078,0.969979,0.97421
0.04,0.81 ,0.0242369, 0.00423994,0.971523,0.975763
0.04,0.82 ,0.0227714, 0.00424927,0.972979,0.977229
0.04,0.83 ,0.0213887, 0.00425876,0.974353,0.978611
0.04,0.84 ,0.0200842, 0.00426842,0.975647,0.979916
0.04,0.85 ,0.0188537, 0.00427826,0.976868,0.981146
0.04,0.86 ,0.0176929, 0.00428826,0.978019,0.982307
0.04,0.87 ,0.0165982, 0.00429843,0.979103,0.983402
0.04,0.88 ,0.0155659, 0.00430878,0.980125,0.984434
0.04,0.89 ,0.0145927, 0.0043193,0.981088,0.985407
0.04,0.9 ,0.0136752, 0.00432999,0.981995,0.986325
0.04,0.91 ,0.0128104, 0.00434085,0.982849,0.98719
0.04,0.92 ,0.0119956, 0.00435189,0.983653,0.988004
0.04,0.93 ,0.0112279, 0.0043631,0.984409,0.988772
0.04,0.94 ,0.0105048, 0.00437449,0.985121,0.989495
0.04,0.95 ,0.00982394, 0.00438606,0.98579,0.990176
0.04,0.96 ,0.00918295, 0.00439779,0.986419,0.990817
0.04,0.97 ,0.00857968, 0.00440971,0.987011,0.99142
0.04,0.98 ,0.00801208, 0.0044218,0.987566,0.991988
0.04,0.99 ,0.0074782, 0.00443406,0.988088,0.992522
0.04,1 ,0.0069762, 0.0044465,0.988577,0.993024
0.05,0 ,0.993809, 0.00385995,0.00233097,0.00619092
0.05,0.01 ,0.993712, 0.00386218,0.00242598,0.00628816
0.05,0.02 ,0.993606, 0.00386444,0.00252981,0.00639425
0.05,0.03 ,0.99349, 0.00386673,0.00264374,0.00651047
0.05,0.04 ,0.993362, 0.00386905,0.00276933,0.00663837
0.05,0.05 ,0.99322, 0.0038714,0.00290843,0.00677983
0.05,0.06 ,0.993063, 0.00387378,0.00306335,0.00693714
0.05,0.07 ,0.992887, 0.0038762,0.00323695,0.00711315
0.05,0.08 ,0.992689, 0.00387865,0.00343278,0.00731143
0.05,0.09 ,0.992463, 0.00388114,0.00365539,0.00753653
0.05,0.1 ,0.992206, 0.00388366,0.00391066,0.00779432
0.05,0.11 ,0.991908, 0.00388622,0.00420628,0.0080925
0.05,0.12 ,0.991559, 0.00388881,0.00455259,0.0084414
0.05,0.13 ,0.991145, 0.00389144,0.00496374,0.00885519
0.05,0.14 ,0.990646, 0.00389411,0.00545968,0.00935379
0.05,0.15 ,0.990034, 0.00389682,0.00606935,0.00996618
0.05,0.16 ,0.989264, 0.00389957,0.00683647,0.010736
0.05,0.17 ,0.988268, 0.00390236,0.00783002,0.0117324
0.05,0.18 ,0.98693, 0.0039052,0.0091653,0.0130705
0.05,0.19 ,0.985043, 0.00390807,0.0110492,0.0149573
0.05,0.2 ,0.9822, 0.003911,0.0138886,0.0177995
0.05,0.21 ,0.977505, 0.00391396,0.0185815,0.0224954
0.05,0.22 ,0.96869, 0.00391698,0.0273934,0.0313103
0.05,0.23 ,0.949756, 0.00392004,0.0463242,0.0502442
0.05,0.24 ,0.911122, 0.00392315,0.0849546,0.0888777
0.05,0.25 ,0.855796, 0.00392631,0.140278,0.144204
0.05,0.26 ,0.796459, 0.00392952,0.199612,0.203541
0.05,0.27 ,0.739276, 0.00393279,0.256791,0.260724
0.05,0.28 ,0.685962, 0.00393611,0.310102,0.314038
0.05,0.29 ,0.636797, 0.00393948,0.359264,0.363203
0.05,0.3 ,0.591624, 0.00394292,0.404433,0.408376
0.05,0.31 ,0.550152, 0.00394641,0.445902,0.449848
0.05,0.32 ,0.512062, 0.00394996,0.483988,0.487938
0.05,0.33 ,0.477046, 0.00395357,0.519,0.522954
0.05,0.34 ,0.444816, 0.00395725,0.551227,0.555184
0.05,0.35 ,0.415112, 0.00396099,0.580927,0.584888
0.05,0.36 ,0.387699, 0.0039648,0.608336,0.612301
0.05,0.37 ,0.362367, 0.00396868,0.633665,0.637633
0.05,0.38 ,0.338927, 0.00397263,0.657101,0.661073
0.05,0.39 ,0.317211, 0.00397665,0.678812,0.682789
0.05,0.4 ,0.297069, 0.00398074,0.698951,0.702931
0.05,0.41 ,0.278364, 0.00398492,0.717651,0.721636
0.05,0.42 ,0.260976, 0.00398917,0.735035,0.739024
0.05,0.43 ,0.244795, 0.0039935,0.751212,0.755205
0.05,0.44 ,0.229723, 0.00399792,0.766279,0.770277
0.05,0.45 ,0.21567, 0.00400242,0.780327,0.78433
0.05,0.46 ,0.202557, 0.004007,0.793436,0.797443
0.05,0.47 ,0.19031, 0.00401168,0.805679,0.80969
0.05,0.48 ,0.178863, 0.00401645,0.817121,0.821137
0.05,0.49 ,0.168156, 0.00402132,0.827823,0.831844
0.05,0.5 ,0.158134, 0.00402628,0.83784,0.841866
0.05,0.51 ,0.148747, 0.00403134,0.847222,0.851253
0.05,0.52 ,0.139949, 0.0040365,0.856015,0.860051
0.05,0.53 ,0.131699, 0.00404177,0.86426,0.868301
0.05,0.54 ,0.123958, 0.00404715,0.871995,0.876042
0.05,0.55 ,0.11669, 0.00405263,0.879257,0.88331
0.05,0.56 ,0.109865, 0.00405823,0.886077,0.890135
0.05,0.57 ,0.103451, 0.00406394,0.892485,0.896549
0.05,0.58 ,0.0974217, 0.00406977,0.898509,0.902578
0.05,0.59 ,0.0917513, 0.00407572,0.904173,0.908249
0.05,0.6 ,0.0864166, 0.0040818,0.909502,0.913583
0.05,0.61 ,0.0813959, 0.00408799,0.914516,0.918604
0.05,0.62 ,0.0766692, 0.00409432,0.919236,0.923331
0.05,0.63 ,0.072218, 0.00410078,0.923681,0.927782
0.05,0.64 ,0.068025, 0.00410736,0.927868,0.931975
0.05,0.65 ,0.0640743, 0.00411409,0.931812,0.935926
0.05,0.66 ,0.0603509, 0.00412095,0.935528,0.939649
0.05,0.67 ,0.0568411, 0.00412795,0.939031,0.943159
0.05,0.68 ,0.0535319, 0.00413509,0.942333,0.946468
0.05,0.69 ,0.0504114, 0.00414238,0.945446,0.949589
0.05,0.7 ,0.0474684, 0.00414981,0.948382,0.952532
0.05,0.71 ,0.0446923, 0.00415739,0.95115,0.955308
0.05,0.72 ,0.0420734, 0.00416512,0.953762,0.957927
0.05,0.73 ,0.0396026, 0.004173,0.956224,0.960397
0.05,0.74 ,0.0372712, 0.00418104,0.958548,0.962729
0.05,0.75 ,0.0350714, 0.00418923,0.960739,0.964929
0.05,0.76 ,0.0329955, 0.00419758,0.962807,0.967004
0.05,0.77 ,0.0310366, 0.00420609,0.964757,0.968963
0.05,0.78 ,0.029188, 0.00421476,0.966597,0.970812
0.05,0.79 ,0.0274435, 0.00422359,0.968333,0.972557
0.05,0.8 ,0.0257973, 0.00423258,0.96997,0.974203
0.05,0.81 ,0.0242439, 0.00424174,0.971514,0.975756
0.05,0.82 ,0.0227781, 0.00425107,0.972971,0.977222
0.05,0.83 ,0.0213951, 0.00426056,0.974344,0.978605
0.05,0.84 ,0.0200904, 0.00427022,0.975639,0.97991
0.05,0.85 ,0.0188595, 0.00428006,0.97686,0.98114
0.05,0.86 ,0.0176985, 0.00429006,0.978011,0.982301
0.05,0.87 ,0.0166036, 0.00430023,0.979096,0.983396
0.05,0.88 ,0.0155711, 0.00431057,0.980118,0.984429
0.05,0.89 ,0.0145975, 0.00432109,0.981081,0.985402
0.05,0.9 ,0.0136798, 0.00433178,0.981988,0.98632
0.05,0.91 ,0.0128149, 0.00434264,0.982842,0.987185
0.05,0.92 ,0.0119998, 0.00435368,0.983647,0.988
0.05,0.93 ,0.0112319, 0.00436489,0.984403,0.988768
0.05,0.94 ,0.0105087, 0.00437628,0.985115,0.989491
0.05,0.95 ,0.00982761, 0.00438784,0.985785,0.990172
0.05,0.96 ,0.00918645, 0.00439958,0.986414,0.990814
0.05,0.97 ,0.00858301, 0.00441149,0.987006,0.991417
0.05,0.98 ,0.00801524, 0.00442358,0.987561,0.991985
0.05,0.99 ,0.00748121, 0.00443584,0.988083,0.992519
0.05,1 ,0.00697906, 0.00444828,0.988573,0.993021
0.06,0 ,0.993726, 0.00386181,0.0024119,0.00627372
0.06,0.01 ,0.993629, 0.00386404,0.0025069,0.00637094
0.06,0.02 ,0.993523, 0.0038663,0.00261072,0.00647702
0.06,0.03 ,0.993407, 0.00386859,0.00272464,0.00659323
0.06,0.04 ,0.993279, 0.00387091,0.00285021,0.00672112
0.06,0.05 ,0.993137, 0.00387327,0.0029893,0.00686256
0.06,0.06 ,0.99298, 0.00387565,0.0031442,0.00701985
0.06,0.07 ,0.992804, 0.00387807,0.00331777,0.00719584
0.06,0.08 ,0.992606, 0.00388052,0.00351358,0.0073941
0.06,0.09 ,0.992381, 0.00388301,0.00373616,0.00761917
0.06,0.1 ,0.992123, 0.00388553,0.00399138,0.00787691
0.06,0.11 ,0.991825, 0.00388808,0.00428695,0.00817504
0.06,0.12 ,0.991476, 0.00389068,0.00463319,0.00852387
0.06,0.13 ,0.991062, 0.00389331,0.00504425,0.00893756
0.06,0.14 ,0.990564, 0.00389598,0.00554006,0.00943604
0.06,0.15 ,0.989952, 0.00389869,0.00614956,0.0100482
0.06,0.16 ,0.989182, 0.00390144,0.00691641,0.0108179
0.06,0.17 ,0.988186, 0.00390423,0.00790956,0.0118138
0.06,0.18 ,0.986849, 0.00390706,0.0092442,0.0131513
0.06,0.19 ,0.984963, 0.00390994,0.011127,0.0150369
0.06,0.2 ,0.982123, 0.00391286,0.0139642,0.017877
0.06,0.21 ,0.977432, 0.00391583,0.0186525,0.0225683
0.06,0.22 ,0.968628, 0.00391884,0.0274528,0.0313717
0.06,0.23 ,0.949725, 0.0039219,0.0463535,0.0502754
0.06,0.24 ,0.91114, 0.00392501,0.0849353,0.0888603
0.06,0.25 ,0.855843, 0.00392817,0.140229,0.144157
0.06,0.26 ,0.796517, 0.00393139,0.199552,0.203483
0.06,0.27 ,0.739337, 0.00393465,0.256729,0.260663
0.06,0.28 ,0.686022, 0.00393797,0.31004,0.313978
0.06,0.29 ,0.636856, 0.00394135,0.359203,0.363144
0.06,0.3 ,0.591681, 0.00394478,0.404374,0.408319
0.06,0.31 ,0.550207, 0.00394827,0.445845,0.449793
0.06,0.32 ,0.512116, 0.00395182,0.483933,0.487884
0.06,0.33 ,0.477097, 0.00395543,0.518947,0.522903
0.06,0.34 ,0.444866, 0.00395911,0.551175,0.555134
0.06,0.35 ,0.41516, 0.00396285,0.580878,0.58484
0.06,0.36 ,0.387745, 0.00396666,0.608289,0.612255
0.06,0.37 ,0.362411, 0.00397054,0.633619,0.637589
0.06,0.38 ,0.338969, 0.00397449,0.657057,0.661031
0.06,0.39 ,0.317252, 0.00397851,0.67877,0.682748
0.06,0.4 ,0.297108, 0.0039826,0.69891,0.702892
0.06,0.41 ,0.278401, 0.00398678,0.717612,0.721599
0.06,0.42 ,0.261012, 0.00399103,0.734997,0.738988
0.06,0.43 ,0.24483, 0.00399536,0.751175,0.75517
0.06,0.44 ,0.229756, 0.00399977,0.766244,0.770244
0.06,0.45 ,0.215702, 0.00400427,0.780294,0.784298
0.06,0.46 ,0.202588, 0.00400886,0.793404,0.797412
0.06,0.47 ,0.190339, 0.00401354,0.805647,0.809661
0.06,0.48 ,0.178891, 0.00401831,0.817091,0.821109
0.06,0.49 ,0.168183, 0.00402317,0.827794,0.831817
0.06,0.5 ,0.15816, 0.00402813,0.837812,0.84184
0.06,0.51 ,0.148772, 0.00403319,0.847195,0.851228
0.06,0.52 ,0.139973, 0.00403836,0.855988,0.860027
0.06,0.53 ,0.131722, 0.00404362,0.864234,0.868278
0.06,0.54 ,0.12398, 0.004049,0.871971,0.87602
0.06,0.55 ,0.116712, 0.00405448,0.879233,0.883288
0.06,0.56 ,0.109886, 0.00406008,0.886054,0.890114
0.06,0.57 ,0.103471, 0.00406579,0.892463,0.896529
0.06,0.58 ,0.0974409, 0.00407162,0.898487,0.902559
0.06,0.59 ,0.0917698, 0.00407757,0.904153,0.90823
0.06,0.6 ,0.0864344, 0.00408365,0.909482,0.913566
0.06,0.61 ,0.081413, 0.00408984,0.914497,0.918587
0.06,0.62 ,0.0766857, 0.00409617,0.919218,0.923314
0.06,0.63 ,0.0722338, 0.00410262,0.923664,0.927766
0.06,0.64 ,0.0680402, 0.00410921,0.927851,0.93196
0.06,0.65 ,0.0640888, 0.00411593,0.931795,0.935911
0.06,0.66 ,0.0603649, 0.00412279,0.935512,0.939635
0.06,0.67 ,0.0568545, 0.00412979,0.939016,0.943145
0.06,0.68 ,0.0535448, 0.00413693,0.942318,0.946455
0.06,0.69 ,0.0504238, 0.00414422,0.945432,0.949576
0.06,0.7 ,0.0474802, 0.00415165,0.948368,0.95252
0.06,0.71 ,0.0447036, 0.00415923,0.951137,0.955296
0.06,0.72 ,0.0420843, 0.00416695,0.953749,0.957916
0.06,0.73 ,0.039613, 0.00417484,0.956212,0.960387
0.06,0.74 ,0.0372813, 0.00418287,0.958536,0.962719
0.06,0.75 ,0.035081, 0.00419106,0.960728,0.964919
0.06,0.76 ,0.0330047, 0.00419941,0.962796,0.966995
0.06,0.77 ,0.0310454, 0.00420792,0.964747,0.968955
0.06,0.78 ,0.0291964, 0.00421659,0.966587,0.970804
0.06,0.79 ,0.0274516, 0.00422542,0.968323,0.972548
0.06,0.8 ,0.025805, 0.00423441,0.969961,0.974195
0.06,0.81 ,0.0242513, 0.00424357,0.971505,0.975749
0.06,0.82 ,0.0227852, 0.00425289,0.972962,0.977215
0.06,0.83 ,0.0214019, 0.00426239,0.974336,0.978598
0.06,0.84 ,0.0200969, 0.00427205,0.975631,0.979903
0.06,0.85 ,0.0188657, 0.00428188,0.976852,0.981134
0.06,0.86 ,0.0177045, 0.00429188,0.978004,0.982296
0.06,0.87 ,0.0166093, 0.00430205,0.979089,0.983391
0.06,0.88 ,0.0155765, 0.00431239,0.980111,0.984424
0.06,0.89 ,0.0146027, 0.00432291,0.981074,0.985397
0.06,0.9 ,0.0136848, 0.00433359,0.981982,0.986315
0.06,0.91 ,0.0128196, 0.00434446,0.982836,0.98718
0.06,0.92 ,0.0120043, 0.00435549,0.98364,0.987996
0.06,0.93 ,0.0112362, 0.0043667,0.984397,0.988764
0.06,0.94 ,0.0105127, 0.00437809,0.985109,0.989487
0.06,0.95 ,0.00983149, 0.00438965,0.985779,0.990169
0.06,0.96 ,0.00919013, 0.00440138,0.986408,0.99081
0.06,0.97 ,0.00858651, 0.00441329,0.987,0.991413
0.06,0.98 ,0.00801858, 0.00442538,0.987556,0.991981
0.06,0.99 ,0.00748438, 0.00443764,0.988078,0.992516
0.06,1 ,0.00698208, 0.00445007,0.988568,0.993018
0.07,0 ,0.993637, 0.0038637,0.00249907,0.00636277
0.07,0.01 ,0.99354, 0.00386593,0.00259406,0.00645999
0.07,0.02 ,0.993434, 0.00386819,0.00269786,0.00656606
0.07,0.03 ,0.993318, 0.00387048,0.00281177,0.00668226
0.07,0.04 ,0.99319, 0.0038728,0.00293733,0.00681013
0.07,0.05 ,0.993048, 0.00387516,0.0030764,0.00695155
0.07,0.06 ,0.992891, 0.00387754,0.00323128,0.00710882
0.07,0.07 ,0.992715, 0.00387996,0.00340483,0.00728479
0.07,0.08 ,0.992517, 0.00388241,0.0036006,0.00748301
0.07,0.09 ,0.992292, 0.00388489,0.00382315,0.00770805
0.07,0.1 ,0.992034, 0.00388742,0.00407833,0.00796575
0.07,0.11 ,0.991736, 0.00388997,0.00437384,0.00826381
0.07,0.12 ,0.991387, 0.00389257,0.00472001,0.00861257
0.07,0.13 ,0.990974, 0.0038952,0.00513097,0.00902617
0.07,0.14 ,0.990475, 0.00389787,0.00562664,0.00952451
0.07,0.15 ,0.989863, 0.00390058,0.00623595,0.0101365
0.07,0.16 ,0.989094, 0.00390333,0.00700253,0.0109059
0.07,0.17 ,0.988099, 0.00390612,0.00799525,0.0119014
0.07,0.18 ,0.986762, 0.00390895,0.0093292,0.0132381
0.07,0.19 ,0.984877, 0.00391183,0.0112108,0.0151226
0.07,0.2 ,0.98204, 0.00391475,0.0140457,0.0179604
0.07,0.21 ,0.977353, 0.00391771,0.018729,0.0226468
0.07,0.22 ,0.968562, 0.00392073,0.027517,0.0314378
0.07,0.23 ,0.949691, 0.00392379,0.0463855,0.0503093
0.07,0.24 ,0.911158, 0.0039269,0.0849149,0.0888418
0.07,0.25 ,0.855894, 0.00393006,0.140176,0.144106
0.07,0.26 ,0.796579, 0.00393327,0.199488,0.203421
0.07,0.27 ,0.739402, 0.00393654,0.256662,0.260598
0.07,0.28 ,0.686087, 0.00393986,0.309973,0.313913
0.07,0.29 ,0.636919, 0.00394323,0.359137,0.363081
0.07,0.3 ,0.591743, 0.00394666,0.404311,0.408257
0.07,0.31 ,0.550267, 0.00395015,0.445783,0.449733
0.07,0.32 ,0.512173, 0.00395371,0.483873,0.487827
0.07,0.33 ,0.477153, 0.00395732,0.51889,0.522847
0.07,0.34 ,0.444919, 0.00396099,0.55112,0.555081
0.07,0.35 ,0.415211, 0.00396474,0.580825,0.584789
0.07,0.36 ,0.387794, 0.00396855,0.608238,0.612206
0.07,0.37 ,0.362458, 0.00397242,0.63357,0.637542
0.07,0.38 ,0.339014, 0.00397637,0.657009,0.660986
0.07,0.39 ,0.317295, 0.00398039,0.678724,0.682705
0.07,0.4 ,0.297149, 0.00398449,0.698866,0.702851
0.07,0.41 ,0.278442, 0.00398866,0.71757,0.721558
0.07,0.42 ,0.261051, 0.00399291,0.734957,0.738949
0.07,0.43 ,0.244867, 0.00399724,0.751136,0.755133
0.07,0.44 ,0.229792, 0.00400165,0.766207,0.770208
0.07,0.45 ,0.215736, 0.00400615,0.780257,0.784264
0.07,0.46 ,0.202621, 0.00401074,0.793369,0.797379
0.07,0.47 ,0.190371, 0.00401542,0.805614,0.809629
0.07,0.48 ,0.178922, 0.00402019,0.817058,0.821078
0.07,0.49 ,0.168212, 0.00402505,0.827763,0.831788
0.07,0.5 ,0.158188, 0.00403001,0.837782,0.841812
0.07,0.51 ,0.148799, 0.00403507,0.847166,0.851201
0.07,0.52 ,0.139999, 0.00404023,0.85596,0.860001
0.07,0.53 ,0.131747, 0.0040455,0.864207,0.868253
0.07,0.54 ,0.124004, 0.00405088,0.871945,0.875996
0.07,0.55 ,0.116735, 0.00405636,0.879208,0.883265
0.07,0.56 ,0.109908, 0.00406196,0.88603,0.890092
0.07,0.57 ,0.103493, 0.00406767,0.89244,0.896507
0.07,0.58 ,0.0974615, 0.0040735,0.898465,0.902539
0.07,0.59 ,0.0917896, 0.00407945,0.904131,0.90821
0.07,0.6 ,0.0864533, 0.00408552,0.909461,0.913547
0.07,0.61 ,0.0814312, 0.00409171,0.914477,0.918569
0.07,0.62 ,0.0767032, 0.00409804,0.919199,0.923297
0.07,0.63 ,0.0722506, 0.00410449,0.923645,0.927749
0.07,0.64 ,0.0680563, 0.00411108,0.927833,0.931944
0.07,0.65 ,0.0641043, 0.0041178,0.931778,0.935896
0.07,0.66 ,0.0603798, 0.00412466,0.935496,0.93962
0.07,0.67 ,0.0568688, 0.00413166,0.939,0.943131
0.07,0.68 ,0.0535585, 0.0041388,0.942303,0.946441
0.07,0.69 ,0.0504369, 0.00414608,0.945417,0.949563
0.07,0.7 ,0.0474928, 0.00415351,0.948354,0.952507
