Betapv,Betamv,V,Rs,Rv,P
0,0 ,0.904933, 0.0930669,0.002,0.0950669
0,0.01 ,0.902098, 0.0943627,0.00353952,0.0979022
0,0.02 ,0.899129, 0.0956854,0.00518543,0.100871
0,0.03 ,0.89602, 0.0970352,0.00694516,0.10398
0,0.04 ,0.892761, 0.0984126,0.0088267,0.107239
0,0.05 ,0.889344, 0.0998176,0.0108386,0.110656
0,0.06 ,0.885759, 0.101251,0.0129899,0.114241
0,0.07 ,0.881998, 0.102712,0.0152904,0.118002
0,0.08 ,0.878048, 0.104201,0.0177504,0.121952
0,0.09 ,0.8739, 0.105719,0.020381,0.1261
0,0.1 ,0.86954, 0.107266,0.0231939,0.13046
0,0.11 ,0.864958, 0.10884,0.0262015,0.135042
0,0.12 ,0.86014, 0.110443,0.029417,0.13986
0,0.13 ,0.855072, 0.112074,0.0328542,0.144928
0,0.14 ,0.84974, 0.113733,0.0365276,0.15026
0,0.15 ,0.844129, 0.115419,0.0404524,0.155871
0,0.16 ,0.838224, 0.117131,0.0446443,0.161776
0,0.17 ,0.83201, 0.11887,0.0491197,0.16799
0,0.18 ,0.82547, 0.120635,0.0538953,0.17453
0,0.19 ,0.818588, 0.122424,0.0589879,0.181412
0,0.2 ,0.811349, 0.124236,0.0644146,0.188651
0,0.21 ,0.803736, 0.126071,0.0701924,0.196264
0,0.22 ,0.795734, 0.127928,0.0763375,0.204266
0,0.23 ,0.78733, 0.129804,0.0828658,0.21267
0,0.24 ,0.778509, 0.131699,0.0897917,0.221491
0,0.25 ,0.76926, 0.133611,0.0971281,0.23074
0,0.26 ,0.759576, 0.135539,0.104886,0.240424
0,0.27 ,0.749448, 0.137479,0.113073,0.250552
0,0.28 ,0.738873, 0.139431,0.121695,0.261127
0,0.29 ,0.727854, 0.141393,0.130754,0.272146
0,0.3 ,0.716393, 0.143362,0.140245,0.283607
0,0.31 ,0.704501, 0.145336,0.150163,0.295499
0,0.32 ,0.692192, 0.147314,0.160494,0.307808
0,0.33 ,0.679486, 0.149293,0.171221,0.320514
0,0.34 ,0.666407, 0.151271,0.182322,0.333593
0,0.35 ,0.652986, 0.153247,0.193768,0.347014
0,0.36 ,0.639256, 0.155217,0.205527,0.360744
0,0.37 ,0.625258, 0.15718,0.217562,0.374742
0,0.38 ,0.611032, 0.159134,0.229833,0.388968
0,0.39 ,0.596625, 0.161078,0.242297,0.403375
0,0.4 ,0.582081, 0.16301,0.254909,0.417919
0,0.41 ,0.567449, 0.164928,0.267623,0.432551
0,0.42 ,0.552775, 0.16683,0.280394,0.447225
0,0.43 ,0.538106, 0.168717,0.293178,0.461894
0,0.44 ,0.523484, 0.170586,0.30593,0.476516
0,0.45 ,0.508952, 0.172437,0.318611,0.491048
0,0.46 ,0.494547, 0.174269,0.331184,0.505453
0,0.47 ,0.480305, 0.17608,0.343615,0.519695
0,0.48 ,0.466257, 0.177871,0.355872,0.533743
0,0.49 ,0.45243, 0.179641,0.367929,0.54757
0,0.5 ,0.438847, 0.18139,0.379762,0.561153
0,0.51 ,0.42553, 0.183117,0.391353,0.57447
0,0.52 ,0.412493, 0.184823,0.402684,0.587507
0,0.53 ,0.399751, 0.186506,0.413743,0.600249
0,0.54 ,0.387314, 0.188168,0.424518,0.612686
0,0.55 ,0.37519, 0.189807,0.435003,0.62481
0,0.56 ,0.363383, 0.191425,0.445192,0.636617
0,0.57 ,0.351896, 0.193021,0.455083,0.648104
0,0.58 ,0.340731, 0.194595,0.464673,0.659269
0,0.59 ,0.329887, 0.196148,0.473964,0.670113
0,0.6 ,0.319362, 0.19768,0.482957,0.680638
0,0.61 ,0.309153, 0.199192,0.491655,0.690847
0,0.62 ,0.299255, 0.200683,0.500062,0.700745
0,0.63 ,0.289664, 0.202153,0.508183,0.710336
0,0.64 ,0.280374, 0.203604,0.516022,0.719626
0,0.65 ,0.271378, 0.205035,0.523587,0.728622
0,0.66 ,0.26267, 0.206447,0.530883,0.73733
0,0.67 ,0.254242, 0.20784,0.537918,0.745758
0,0.68 ,0.246088, 0.209215,0.544697,0.753912
0,0.69 ,0.238201, 0.210572,0.551228,0.761799
0,0.7 ,0.230571, 0.21191,0.557518,0.769429
0,0.71 ,0.223193, 0.213232,0.563575,0.776807
0,0.72 ,0.216058, 0.214536,0.569406,0.783942
0,0.73 ,0.20916, 0.215823,0.575017,0.79084
0,0.74 ,0.20249, 0.217094,0.580416,0.79751
0,0.75 ,0.196041, 0.21835,0.58561,0.803959
0,0.76 ,0.189806, 0.219589,0.590605,0.810194
0,0.77 ,0.183779, 0.220813,0.595409,0.816221
0,0.78 ,0.177951, 0.222022,0.600027,0.822049
0,0.79 ,0.172317, 0.223216,0.604467,0.827683
0,0.8 ,0.16687, 0.224395,0.608735,0.83313
0,0.81 ,0.161603, 0.225561,0.612836,0.838397
0,0.82 ,0.156511, 0.226713,0.616776,0.843489
0,0.83 ,0.151587, 0.227851,0.620562,0.848413
0,0.84 ,0.146826, 0.228976,0.624198,0.853174
0,0.85 ,0.142222, 0.230087,0.627691,0.857778
0,0.86 ,0.13777, 0.231186,0.631044,0.86223
0,0.87 ,0.133463, 0.232273,0.634264,0.866537
0,0.88 ,0.129298, 0.233347,0.637354,0.870702
0,0.89 ,0.12527, 0.23441,0.640321,0.87473
0,0.9 ,0.121372, 0.23546,0.643167,0.878628
0,0.91 ,0.117602, 0.2365,0.645898,0.882398
0,0.92 ,0.113955, 0.237527,0.648518,0.886045
0,0.93 ,0.110426, 0.238544,0.65103,0.889574
0,0.94 ,0.107011, 0.23955,0.653438,0.892989
0,0.95 ,0.103707, 0.240546,0.655747,0.896293
0,0.96 ,0.100509, 0.241531,0.65796,0.899491
0,0.97 ,0.0974141, 0.242506,0.66008,0.902586
0,0.98 ,0.0944185, 0.24347,0.662111,0.905581
0,0.99 ,0.091519, 0.244425,0.664056,0.908481
0,1 ,0.0887121, 0.245371,0.665917,0.911288
0.01,0 ,0.904921, 0.0930679,0.00201068,0.0950786
0.01,0.01 ,0.902086, 0.0943638,0.00355017,0.0979139
0.01,0.02 ,0.899118, 0.0956864,0.00519604,0.100882
0.01,0.03 ,0.896008, 0.0970362,0.00695574,0.103992
0.01,0.04 ,0.892749, 0.0984135,0.00883723,0.107251
0.01,0.05 ,0.889332, 0.0998185,0.0108491,0.110668
0.01,0.06 ,0.885748, 0.101252,0.0130003,0.114252
0.01,0.07 ,0.881987, 0.102713,0.0153007,0.118013
0.01,0.08 ,0.878037, 0.104202,0.0177607,0.121963
0.01,0.09 ,0.873889, 0.10572,0.0203912,0.126111
0.01,0.1 ,0.86953, 0.107266,0.023204,0.13047
0.01,0.11 ,0.864947, 0.108841,0.0262116,0.135053
0.01,0.12 ,0.860129, 0.110444,0.029427,0.139871
0.01,0.13 ,0.855061, 0.112075,0.0328641,0.144939
0.01,0.14 ,0.849729, 0.113733,0.0365373,0.150271
0.01,0.15 ,0.844119, 0.115419,0.040462,0.155881
0.01,0.16 ,0.838214, 0.117132,0.0446538,0.161786
0.01,0.17 ,0.832, 0.118871,0.049129,0.168
0.01,0.18 ,0.82546, 0.120635,0.0539044,0.17454
0.01,0.19 ,0.818579, 0.122424,0.0589968,0.181421
0.01,0.2 ,0.81134, 0.124237,0.0644234,0.18866
0.01,0.21 ,0.803727, 0.126072,0.0702009,0.196273
0.01,0.22 ,0.795726, 0.127928,0.0763458,0.204274
0.01,0.23 ,0.787321, 0.129805,0.0828738,0.212679
0.01,0.24 ,0.778501, 0.1317,0.0897994,0.221499
0.01,0.25 ,0.769253, 0.133612,0.0971356,0.230747
0.01,0.26 ,0.759568, 0.135539,0.104893,0.240432
0.01,0.27 ,0.749441, 0.137479,0.11308,0.250559
0.01,0.28 ,0.738867, 0.139431,0.121702,0.261133
0.01,0.29 ,0.727847, 0.141393,0.13076,0.272153
0.01,0.3 ,0.716387, 0.143362,0.140251,0.283613
0.01,0.31 ,0.704496, 0.145336,0.150168,0.295504
0.01,0.32 ,0.692187, 0.147314,0.160499,0.307813
0.01,0.33 ,0.679481, 0.149293,0.171226,0.320519
0.01,0.34 ,0.666403, 0.151271,0.182326,0.333597
0.01,0.35 ,0.652982, 0.153246,0.193771,0.347018
0.01,0.36 ,0.639253, 0.155216,0.20553,0.360747
0.01,0.37 ,0.625256, 0.15718,0.217565,0.374744
0.01,0.38 ,0.61103, 0.159134,0.229836,0.38897
0.01,0.39 ,0.596623, 0.161078,0.242299,0.403377
0.01,0.4 ,0.58208, 0.163009,0.254911,0.41792
0.01,0.41 ,0.567448, 0.164927,0.267625,0.432552
0.01,0.42 ,0.552775, 0.16683,0.280395,0.447225
0.01,0.43 ,0.538106, 0.168717,0.293178,0.461894
0.01,0.44 ,0.523484, 0.170586,0.30593,0.476516
0.01,0.45 ,0.508952, 0.172436,0.318611,0.491048
0.01,0.46 ,0.494548, 0.174268,0.331184,0.505452
0.01,0.47 ,0.480307, 0.17608,0.343614,0.519693
0.01,0.48 ,0.466259, 0.177871,0.355871,0.533741
0.01,0.49 ,0.452432, 0.179641,0.367928,0.547568
0.01,0.5 ,0.438849, 0.18139,0.379761,0.561151
0.01,0.51 ,0.425532, 0.183117,0.391351,0.574468
0.01,0.52 ,0.412496, 0.184822,0.402682,0.587504
0.01,0.53 ,0.399754, 0.186506,0.413741,0.600246
0.01,0.54 ,0.387317, 0.188167,0.424516,0.612683
0.01,0.55 ,0.375193, 0.189806,0.435001,0.624807
0.01,0.56 ,0.363386, 0.191424,0.44519,0.636614
0.01,0.57 ,0.351899, 0.19302,0.455081,0.648101
0.01,0.58 ,0.340734, 0.194595,0.464671,0.659266
0.01,0.59 ,0.32989, 0.196148,0.473962,0.67011
0.01,0.6 ,0.319365, 0.19768,0.482955,0.680635
0.01,0.61 ,0.309156, 0.199191,0.491653,0.690844
0.01,0.62 ,0.299258, 0.200682,0.50006,0.700742
0.01,0.63 ,0.289667, 0.202152,0.50818,0.710333
0.01,0.64 ,0.280377, 0.203603,0.51602,0.719623
0.01,0.65 ,0.271381, 0.205034,0.523585,0.728619
0.01,0.66 ,0.262673, 0.206446,0.530881,0.737327
0.01,0.67 ,0.254245, 0.20784,0.537915,0.745755
0.01,0.68 ,0.246092, 0.209214,0.544694,0.753908
0.01,0.69 ,0.238204, 0.210571,0.551226,0.761796
0.01,0.7 ,0.230575, 0.21191,0.557516,0.769425
0.01,0.71 ,0.223196, 0.213231,0.563573,0.776804
0.01,0.72 ,0.216062, 0.214535,0.569403,0.783938
0.01,0.73 ,0.209163, 0.215823,0.575014,0.790837
0.01,0.74 ,0.202493, 0.217094,0.580413,0.797507
0.01,0.75 ,0.196044, 0.218349,0.585607,0.803956
0.01,0.76 ,0.189809, 0.219588,0.590603,0.810191
0.01,0.77 ,0.183782, 0.220812,0.595406,0.816218
0.01,0.78 ,0.177954, 0.222021,0.600025,0.822046
0.01,0.79 ,0.17232, 0.223215,0.604465,0.82768
0.01,0.8 ,0.166873, 0.224395,0.608733,0.833127
0.01,0.81 ,0.161606, 0.22556,0.612834,0.838394
0.01,0.82 ,0.156514, 0.226712,0.616774,0.843486
0.01,0.83 ,0.15159, 0.22785,0.62056,0.84841
0.01,0.84 ,0.146829, 0.228975,0.624196,0.853171
0.01,0.85 ,0.142225, 0.230087,0.627689,0.857775
0.01,0.86 ,0.137772, 0.231186,0.631042,0.862228
0.01,0.87 ,0.133466, 0.232272,0.634262,0.866534
0.01,0.88 ,0.129301, 0.233347,0.637353,0.870699
0.01,0.89 ,0.125272, 0.234409,0.640319,0.874728
0.01,0.9 ,0.121375, 0.23546,0.643165,0.878625
0.01,0.91 ,0.117605, 0.236499,0.645896,0.882395
0.01,0.92 ,0.113957, 0.237527,0.648516,0.886043
0.01,0.93 ,0.110428, 0.238543,0.651028,0.889572
0.01,0.94 ,0.107014, 0.23955,0.653437,0.892986
0.01,0.95 ,0.103709, 0.240545,0.655746,0.896291
0.01,0.96 ,0.100511, 0.24153,0.657959,0.899489
0.01,0.97 ,0.0974164, 0.242505,0.660079,0.902584
0.01,0.98 ,0.0944208, 0.24347,0.66211,0.905579
0.01,0.99 ,0.0915212, 0.244425,0.664054,0.908479
0.01,1 ,0.0887142, 0.24537,0.665916,0.911286
0.02,0 ,0.904909, 0.093069,0.00202161,0.0950906
0.02,0.01 ,0.902074, 0.0943648,0.00356106,0.0979259
0.02,0.02 ,0.899106, 0.0956874,0.0052069,0.100894
0.02,0.03 ,0.895996, 0.0970372,0.00696655,0.104004
0.02,0.04 ,0.892738, 0.0984145,0.00884801,0.107262
0.02,0.05 ,0.889321, 0.0998195,0.0108598,0.110679
0.02,0.06 ,0.885737, 0.101252,0.013011,0.114263
0.02,0.07 ,0.881975, 0.102714,0.0153113,0.118025
0.02,0.08 ,0.878026, 0.104203,0.0177712,0.121974
0.02,0.09 ,0.873877, 0.105721,0.0204017,0.126123
0.02,0.1 ,0.869518, 0.107267,0.0232144,0.130482
0.02,0.11 ,0.864936, 0.108842,0.0262219,0.135064
0.02,0.12 ,0.860118, 0.110445,0.0294372,0.139882
0.02,0.13 ,0.85505, 0.112075,0.0328741,0.14495
0.02,0.14 ,0.849719, 0.113734,0.0365473,0.150281
0.02,0.15 ,0.844108, 0.11542,0.0404718,0.155892
0.02,0.16 ,0.838204, 0.117133,0.0446635,0.161796
0.02,0.17 ,0.83199, 0.118871,0.0491386,0.16801
0.02,0.18 ,0.825451, 0.120636,0.0539137,0.174549
0.02,0.19 ,0.818569, 0.122425,0.059006,0.181431
0.02,0.2 ,0.811331, 0.124237,0.0644323,0.188669
0.02,0.21 ,0.803718, 0.126072,0.0702096,0.196282
0.02,0.22 ,0.795717, 0.127929,0.0763543,0.204283
0.02,0.23 ,0.787313, 0.129805,0.082882,0.212687
0.02,0.24 ,0.778493, 0.1317,0.0898074,0.221507
0.02,0.25 ,0.769245, 0.133612,0.0971432,0.230755
0.02,0.26 ,0.759561, 0.135539,0.1049,0.240439
0.02,0.27 ,0.749434, 0.137479,0.113087,0.250566
0.02,0.28 ,0.73886, 0.139431,0.121708,0.26114
0.02,0.29 ,0.727841, 0.141393,0.130766,0.272159
0.02,0.3 ,0.716381, 0.143362,0.140257,0.283619
0.02,0.31 ,0.70449, 0.145336,0.150173,0.29551
0.02,0.32 ,0.692182, 0.147314,0.160504,0.307818
0.02,0.33 ,0.679477, 0.149293,0.17123,0.320523
0.02,0.34 ,0.666399, 0.151271,0.18233,0.333601
0.02,0.35 ,0.652979, 0.153246,0.193775,0.347021
0.02,0.36 ,0.639251, 0.155216,0.205533,0.360749
0.02,0.37 ,0.625253, 0.157179,0.217568,0.374747
0.02,0.38 ,0.611028, 0.159134,0.229838,0.388972
0.02,0.39 ,0.596622, 0.161077,0.242301,0.403378
0.02,0.4 ,0.582079, 0.163009,0.254912,0.417921
0.02,0.41 ,0.567448, 0.164927,0.267626,0.432552
0.02,0.42 ,0.552775, 0.16683,0.280396,0.447225
0.02,0.43 ,0.538106, 0.168716,0.293178,0.461894
0.02,0.44 ,0.523485, 0.170585,0.30593,0.476515
0.02,0.45 ,0.508953, 0.172436,0.318611,0.491047
0.02,0.46 ,0.494549, 0.174268,0.331183,0.505451
0.02,0.47 ,0.480308, 0.176079,0.343613,0.519692
0.02,0.48 ,0.46626, 0.17787,0.35587,0.53374
0.02,0.49 ,0.452433, 0.17964,0.367926,0.547567
0.02,0.5 ,0.438851, 0.181389,0.37976,0.561149
0.02,0.51 ,0.425534, 0.183116,0.39135,0.574466
0.02,0.52 ,0.412498, 0.184822,0.402681,0.587502
0.02,0.53 ,0.399756, 0.186505,0.413739,0.600244
0.02,0.54 ,0.38732, 0.188166,0.424514,0.61268
0.02,0.55 ,0.375195, 0.189806,0.434999,0.624805
0.02,0.56 ,0.363388, 0.191423,0.445188,0.636612
0.02,0.57 ,0.351902, 0.193019,0.455078,0.648098
0.02,0.58 ,0.340737, 0.194594,0.464669,0.659263
0.02,0.59 ,0.329893, 0.196147,0.47396,0.670107
0.02,0.6 ,0.319369, 0.197679,0.482952,0.680631
0.02,0.61 ,0.309159, 0.19919,0.49165,0.690841
0.02,0.62 ,0.299262, 0.200681,0.500057,0.700738
0.02,0.63 ,0.28967, 0.202152,0.508178,0.71033
0.02,0.64 ,0.28038, 0.203602,0.516017,0.71962
0.02,0.65 ,0.271384, 0.205034,0.523582,0.728616
0.02,0.66 ,0.262676, 0.206446,0.530878,0.737324
0.02,0.67 ,0.254249, 0.207839,0.537913,0.745751
0.02,0.68 ,0.246095, 0.209214,0.544692,0.753905
0.02,0.69 ,0.238207, 0.21057,0.551223,0.761793
0.02,0.7 ,0.230578, 0.211909,0.557513,0.769422
0.02,0.71 ,0.2232, 0.21323,0.56357,0.7768
0.02,0.72 ,0.216065, 0.214534,0.569401,0.783935
0.02,0.73 ,0.209166, 0.215822,0.575012,0.790834
0.02,0.74 ,0.202496, 0.217093,0.580411,0.797504
0.02,0.75 ,0.196047, 0.218348,0.585605,0.803953
0.02,0.76 ,0.189812, 0.219587,0.5906,0.810188
0.02,0.77 ,0.183785, 0.220811,0.595404,0.816215
0.02,0.78 ,0.177957, 0.22202,0.600023,0.822043
0.02,0.79 ,0.172323, 0.223214,0.604463,0.827677
0.02,0.8 ,0.166876, 0.224394,0.60873,0.833124
0.02,0.81 ,0.161609, 0.225559,0.612832,0.838391
0.02,0.82 ,0.156517, 0.226711,0.616772,0.843483
0.02,0.83 ,0.151593, 0.227849,0.620558,0.848407
0.02,0.84 ,0.146832, 0.228974,0.624194,0.853168
0.02,0.85 ,0.142228, 0.230086,0.627687,0.857772
0.02,0.86 ,0.137775, 0.231185,0.63104,0.862225
0.02,0.87 ,0.133469, 0.232271,0.63426,0.866531
0.02,0.88 ,0.129303, 0.233346,0.637351,0.870697
0.02,0.89 ,0.125275, 0.234408,0.640317,0.874725
0.02,0.9 ,0.121378, 0.235459,0.643164,0.878622
0.02,0.91 ,0.117607, 0.236498,0.645895,0.882393
0.02,0.92 ,0.11396, 0.237526,0.648514,0.88604
0.02,0.93 ,0.110431, 0.238543,0.651027,0.889569
0.02,0.94 ,0.107016, 0.239549,0.653435,0.892984
0.02,0.95 ,0.103712, 0.240544,0.655744,0.896288
0.02,0.96 ,0.100514, 0.241529,0.657957,0.899486
0.02,0.97 ,0.0974187, 0.242504,0.660077,0.902581
0.02,0.98 ,0.094423, 0.243469,0.662108,0.905577
0.02,0.99 ,0.0915234, 0.244424,0.664053,0.908477
0.02,1 ,0.0887164, 0.245369,0.665914,0.911284
0.03,0 ,0.904897, 0.0930701,0.00203278,0.0951029
0.03,0.01 ,0.902062, 0.0943659,0.00357221,0.0979381
0.03,0.02 ,0.899094, 0.0956885,0.005218,0.100906
0.03,0.03 ,0.895984, 0.0970382,0.00697762,0.104016
0.03,0.04 ,0.892726, 0.0984155,0.00885903,0.107274
0.03,0.05 ,0.889309, 0.0998204,0.0108707,0.110691
0.03,0.06 ,0.885725, 0.101253,0.0130219,0.114275
0.03,0.07 ,0.881963, 0.102715,0.0153222,0.118037
0.03,0.08 ,0.878014, 0.104204,0.017782,0.121986
0.03,0.09 ,0.873866, 0.105722,0.0204124,0.126134
0.03,0.1 ,0.869507, 0.107268,0.023225,0.130493
0.03,0.11 ,0.864925, 0.108843,0.0262324,0.135075
0.03,0.12 ,0.860107, 0.110445,0.0294476,0.139893
0.03,0.13 ,0.855039, 0.112076,0.0328844,0.144961
0.03,0.14 ,0.849708, 0.113735,0.0365575,0.150292
0.03,0.15 ,0.844098, 0.11542,0.0404819,0.155902
0.03,0.16 ,0.838194, 0.117133,0.0446734,0.161806
0.03,0.17 ,0.83198, 0.118872,0.0491483,0.16802
0.03,0.18 ,0.825441, 0.120636,0.0539233,0.174559
0.03,0.19 ,0.81856, 0.122425,0.0590153,0.18144
0.03,0.2 ,0.811321, 0.124237,0.0644415,0.188679
0.03,0.21 ,0.803709, 0.126073,0.0702185,0.196291
0.03,0.22 ,0.795708, 0.127929,0.076363,0.204292
0.03,0.23 ,0.787304, 0.129805,0.0828904,0.212696
0.03,0.24 ,0.778484, 0.1317,0.0898155,0.221516
0.03,0.25 ,0.769237, 0.133612,0.097151,0.230763
0.03,0.26 ,0.759553, 0.135539,0.104908,0.240447
0.03,0.27 ,0.749426, 0.137479,0.113094,0.250574
0.03,0.28 ,0.738853, 0.139431,0.121715,0.261147
0.03,0.29 ,0.727835, 0.141393,0.130772,0.272165
0.03,0.3 ,0.716375, 0.143362,0.140263,0.283625
0.03,0.31 ,0.704485, 0.145336,0.150179,0.295515
0.03,0.32 ,0.692177, 0.147314,0.160509,0.307823
0.03,0.33 ,0.679472, 0.149293,0.171235,0.320528
0.03,0.34 ,0.666395, 0.151271,0.182334,0.333605
0.03,0.35 ,0.652975, 0.153246,0.193779,0.347025
0.03,0.36 ,0.639247, 0.155216,0.205537,0.360753
0.03,0.37 ,0.62525, 0.157179,0.217571,0.37475
0.03,0.38 ,0.611026, 0.159133,0.22984,0.388974
0.03,0.39 ,0.59662, 0.161077,0.242303,0.40338
0.03,0.4 ,0.582078, 0.163009,0.254914,0.417922
0.03,0.41 ,0.567447, 0.164926,0.267627,0.432553
0.03,0.42 ,0.552774, 0.166829,0.280397,0.447226
0.03,0.43 ,0.538106, 0.168716,0.293179,0.461894
0.03,0.44 ,0.523485, 0.170585,0.30593,0.476515
0.03,0.45 ,0.508954, 0.172436,0.318611,0.491046
0.03,0.46 ,0.49455, 0.174267,0.331183,0.50545
0.03,0.47 ,0.480309, 0.176079,0.343612,0.519691
0.03,0.48 ,0.466262, 0.17787,0.355869,0.533738
0.03,0.49 ,0.452435, 0.17964,0.367925,0.547565
0.03,0.5 ,0.438853, 0.181389,0.379758,0.561147
0.03,0.51 ,0.425536, 0.183116,0.391348,0.574464
0.03,0.52 ,0.4125, 0.184821,0.402679,0.5875
0.03,0.53 ,0.399759, 0.186504,0.413737,0.600241
0.03,0.54 ,0.387322, 0.188166,0.424512,0.612678
0.03,0.55 ,0.375198, 0.189805,0.434997,0.624802
0.03,0.56 ,0.363391, 0.191423,0.445186,0.636609
0.03,0.57 ,0.351905, 0.193019,0.455076,0.648095
0.03,0.58 ,0.34074, 0.194593,0.464666,0.65926
0.03,0.59 ,0.329897, 0.196146,0.473957,0.670103
0.03,0.6 ,0.319372, 0.197678,0.48295,0.680628
0.03,0.61 ,0.309163, 0.19919,0.491648,0.690837
0.03,0.62 ,0.299265, 0.20068,0.500055,0.700735
0.03,0.63 ,0.289674, 0.202151,0.508175,0.710326
0.03,0.64 ,0.280383, 0.203602,0.516015,0.719617
0.03,0.65 ,0.271387, 0.205033,0.52358,0.728613
0.03,0.66 ,0.262679, 0.206445,0.530876,0.737321
0.03,0.67 ,0.254252, 0.207838,0.53791,0.745748
0.03,0.68 ,0.246098, 0.209213,0.544689,0.753902
0.03,0.69 ,0.23821, 0.210569,0.55122,0.76179
0.03,0.7 ,0.230581, 0.211908,0.557511,0.769419
0.03,0.71 ,0.223203, 0.213229,0.563568,0.776797
0.03,0.72 ,0.216068, 0.214534,0.569398,0.783932
0.03,0.73 ,0.209169, 0.215821,0.57501,0.790831
0.03,0.74 ,0.202499, 0.217092,0.580409,0.797501
0.03,0.75 ,0.19605, 0.218347,0.585603,0.80395
0.03,0.76 ,0.189815, 0.219587,0.590598,0.810185
0.03,0.77 ,0.183788, 0.22081,0.595402,0.816212
0.03,0.78 ,0.17796, 0.222019,0.600021,0.82204
0.03,0.79 ,0.172326, 0.223213,0.604461,0.827674
0.03,0.8 ,0.166879, 0.224393,0.608728,0.833121
0.03,0.81 ,0.161612, 0.225559,0.612829,0.838388
0.03,0.82 ,0.15652, 0.22671,0.61677,0.84348
0.03,0.83 ,0.151596, 0.227848,0.620556,0.848404
0.03,0.84 ,0.146835, 0.228973,0.624192,0.853165
0.03,0.85 ,0.14223, 0.230085,0.627685,0.85777
0.03,0.86 ,0.137778, 0.231184,0.631038,0.862222
0.03,0.87 ,0.133471, 0.232271,0.634258,0.866529
0.03,0.88 ,0.129306, 0.233345,0.637349,0.870694
0.03,0.89 ,0.125277, 0.234407,0.640315,0.874723
0.03,0.9 ,0.12138, 0.235458,0.643162,0.87862
0.03,0.91 ,0.11761, 0.236497,0.645893,0.88239
0.03,0.92 ,0.113962, 0.237525,0.648513,0.886038
0.03,0.93 ,0.110433, 0.238542,0.651025,0.889567
0.03,0.94 ,0.107018, 0.239548,0.653434,0.892982
0.03,0.95 ,0.103714, 0.240543,0.655743,0.896286
0.03,0.96 ,0.100516, 0.241528,0.657956,0.899484
0.03,0.97 ,0.097421, 0.242503,0.660076,0.902579
0.03,0.98 ,0.0944253, 0.243468,0.662107,0.905575
0.03,0.99 ,0.0915256, 0.244423,0.664051,0.908474
0.03,1 ,0.0887186, 0.245368,0.665913,0.911281
0.04,0 ,0.904885, 0.0930712,0.00204422,0.0951154
0.04,0.01 ,0.902049, 0.0943669,0.00358361,0.0979506
0.04,0.02 ,0.899081, 0.0956895,0.00522937,0.100919
0.04,0.03 ,0.895972, 0.0970392,0.00698895,0.104028
0.04,0.04 ,0.892713, 0.0984164,0.0088703,0.107287
0.04,0.05 ,0.889297, 0.0998214,0.010882,0.110703
0.04,0.06 ,0.885713, 0.101254,0.0130331,0.114287
0.04,0.07 ,0.881951, 0.102715,0.0153333,0.118049
0.04,0.08 ,0.878002, 0.104205,0.017793,0.121998
0.04,0.09 ,0.873854, 0.105723,0.0204233,0.126146
0.04,0.1 ,0.869495, 0.107269,0.0232359,0.130505
0.04,0.11 ,0.864913, 0.108843,0.0262432,0.135087
0.04,0.12 ,0.860096, 0.110446,0.0294583,0.139904
0.04,0.13 ,0.855028, 0.112077,0.032895,0.144972
0.04,0.14 ,0.849697, 0.113735,0.0365679,0.150303
0.04,0.15 ,0.844087, 0.115421,0.0404922,0.155913
0.04,0.16 ,0.838183, 0.117134,0.0446835,0.161817
0.04,0.17 ,0.831969, 0.118872,0.0491583,0.168031
0.04,0.18 ,0.82543, 0.120637,0.0539331,0.17457
0.04,0.19 ,0.81855, 0.122425,0.0590249,0.18145
0.04,0.2 ,0.811311, 0.124238,0.0644508,0.188689
0.04,0.21 ,0.803699, 0.126073,0.0702277,0.196301
0.04,0.22 ,0.795699, 0.127929,0.0763718,0.204301
0.04,0.23 ,0.787295, 0.129806,0.0828991,0.212705
0.04,0.24 ,0.778476, 0.1317,0.0898238,0.221524
0.04,0.25 ,0.769229, 0.133612,0.097159,0.230771
0.04,0.26 ,0.759545, 0.135539,0.104915,0.240455
0.04,0.27 ,0.749419, 0.13748,0.113102,0.250581
0.04,0.28 ,0.738846, 0.139431,0.121722,0.261154
0.04,0.29 ,0.727828, 0.141393,0.130779,0.272172
0.04,0.3 ,0.716369, 0.143362,0.140269,0.283631
0.04,0.31 ,0.704479, 0.145336,0.150185,0.295521
0.04,0.32 ,0.692172, 0.147314,0.160514,0.307828
0.04,0.33 ,0.679468, 0.149293,0.17124,0.320532
0.04,0.34 ,0.666391, 0.151271,0.182338,0.333609
0.04,0.35 ,0.652972, 0.153246,0.193783,0.347028
0.04,0.36 ,0.639244, 0.155216,0.20554,0.360756
0.04,0.37 ,0.625248, 0.157179,0.217574,0.374752
0.04,0.38 ,0.611024, 0.159133,0.229843,0.388976
0.04,0.39 ,0.596618, 0.161077,0.242305,0.403382
0.04,0.4 ,0.582076, 0.163008,0.254915,0.417924
0.04,0.41 ,0.567446, 0.164926,0.267628,0.432554
0.04,0.42 ,0.552774, 0.166829,0.280397,0.447226
0.04,0.43 ,0.538106, 0.168715,0.293179,0.461894
0.04,0.44 ,0.523485, 0.170584,0.30593,0.476515
0.04,0.45 ,0.508955, 0.172435,0.31861,0.491045
0.04,0.46 ,0.494551, 0.174267,0.331182,0.505449
0.04,0.47 ,0.48031, 0.176078,0.343611,0.51969
0.04,0.48 ,0.466263, 0.177869,0.355868,0.533737
0.04,0.49 ,0.452437, 0.179639,0.367924,0.547563
0.04,0.5 ,0.438855, 0.181388,0.379757,0.561145
0.04,0.51 ,0.425538, 0.183115,0.391347,0.574462
0.04,0.52 ,0.412503, 0.18482,0.402677,0.587497
0.04,0.53 ,0.399761, 0.186504,0.413735,0.600239
0.04,0.54 ,0.387325, 0.188165,0.42451,0.612675
0.04,0.55 ,0.375201, 0.189805,0.434995,0.624799
0.04,0.56 ,0.363394, 0.191422,0.445184,0.636606
0.04,0.57 ,0.351908, 0.193018,0.455074,0.648092
0.04,0.58 ,0.340743, 0.194593,0.464664,0.659257
0.04,0.59 ,0.3299, 0.196146,0.473955,0.6701
0.04,0.6 ,0.319375, 0.197678,0.482947,0.680625
0.04,0.61 ,0.309166, 0.199189,0.491645,0.690834
0.04,0.62 ,0.299268, 0.20068,0.500052,0.700732
0.04,0.63 ,0.289677, 0.20215,0.508173,0.710323
0.04,0.64 ,0.280387, 0.203601,0.516012,0.719613
0.04,0.65 ,0.271391, 0.205032,0.523577,0.728609
0.04,0.66 ,0.262683, 0.206444,0.530873,0.737317
0.04,0.67 ,0.254255, 0.207837,0.537907,0.745745
0.04,0.68 ,0.246101, 0.209212,0.544687,0.753899
0.04,0.69 ,0.238214, 0.210569,0.551218,0.761786
0.04,0.7 ,0.230584, 0.211907,0.557508,0.769416
0.04,0.71 ,0.223206, 0.213229,0.563565,0.776794
0.04,0.72 ,0.216071, 0.214533,0.569396,0.783929
0.04,0.73 ,0.209173, 0.21582,0.575007,0.790827
0.04,0.74 ,0.202502, 0.217091,0.580406,0.797498
0.04,0.75 ,0.196053, 0.218346,0.5856,0.803947
0.04,0.76 ,0.189819, 0.219586,0.590596,0.810181
0.04,0.77 ,0.183791, 0.22081,0.5954,0.816209
0.04,0.78 ,0.177963, 0.222019,0.600018,0.822037
0.04,0.79 ,0.172329, 0.223213,0.604458,0.827671
0.04,0.8 ,0.166882, 0.224392,0.608726,0.833118
0.04,0.81 ,0.161615, 0.225558,0.612827,0.838385
0.04,0.82 ,0.156523, 0.226709,0.616768,0.843477
0.04,0.83 ,0.151599, 0.227848,0.620554,0.848401
0.04,0.84 ,0.146838, 0.228972,0.62419,0.853162
0.04,0.85 ,0.142233, 0.230084,0.627683,0.857767
0.04,0.86 ,0.137781, 0.231183,0.631036,0.862219
0.04,0.87 ,0.133474, 0.23227,0.634256,0.866526
0.04,0.88 ,0.129309, 0.233344,0.637347,0.870691
0.04,0.89 ,0.12528, 0.234406,0.640313,0.87472
0.04,0.9 ,0.121383, 0.235457,0.64316,0.878617
0.04,0.91 ,0.117613, 0.236496,0.645891,0.882387
0.04,0.92 ,0.113965, 0.237524,0.648511,0.886035
0.04,0.93 ,0.110436, 0.238541,0.651023,0.889564
0.04,0.94 ,0.107021, 0.239547,0.653432,0.892979
0.04,0.95 ,0.103716, 0.240542,0.655741,0.896284
0.04,0.96 ,0.100518, 0.241527,0.657954,0.899482
0.04,0.97 ,0.0974233, 0.242502,0.660074,0.902577
0.04,0.98 ,0.0944276, 0.243467,0.662105,0.905572
0.04,0.99 ,0.0915279, 0.244422,0.66405,0.908472
0.04,1 ,0.0887209, 0.245367,0.665912,0.911279
0.05,0 ,0.904872, 0.0930723,0.00205594,0.0951282
0.05,0.01 ,0.902037, 0.094368,0.00359529,0.0979633
0.05,0.02 ,0.899068, 0.0956906,0.00524101,0.100932
0.05,0.03 ,0.895959, 0.0970403,0.00700054,0.104041
0.05,0.04 ,0.892701, 0.0984175,0.00888185,0.107299
0.05,0.05 ,0.889284, 0.0998224,0.0108935,0.110716
0.05,0.06 ,0.8857, 0.101255,0.0130445,0.1143
0.05,0.07 ,0.881939, 0.102716,0.0153447,0.118061
0.05,0.08 ,0.87799, 0.104206,0.0178043,0.12201
0.05,0.09 ,0.873842, 0.105723,0.0204346,0.126158
0.05,0.1 ,0.869483, 0.10727,0.0232471,0.130517
0.05,0.11 ,0.864902, 0.108844,0.0262542,0.135098
0.05,0.12 ,0.860084, 0.110447,0.0294692,0.139916
0.05,0.13 ,0.855017, 0.112078,0.0329058,0.144983
0.05,0.14 ,0.849685, 0.113736,0.0365786,0.150315
0.05,0.15 ,0.844076, 0.115422,0.0405027,0.155924
0.05,0.16 ,0.838172, 0.117134,0.0446939,0.161828
0.05,0.17 ,0.831959, 0.118873,0.0491685,0.168041
0.05,0.18 ,0.82542, 0.120637,0.0539431,0.17458
0.05,0.19 ,0.818539, 0.122426,0.0590348,0.181461
0.05,0.2 ,0.811301, 0.124238,0.0644604,0.188699
0.05,0.21 ,0.80369, 0.126073,0.070237,0.19631
0.05,0.22 ,0.795689, 0.12793,0.076381,0.204311
0.05,0.23 ,0.787286, 0.129806,0.0829079,0.212714
0.05,0.24 ,0.778467, 0.131701,0.0898323,0.221533
0.05,0.25 ,0.76922, 0.133612,0.0971672,0.23078
0.05,0.26 ,0.759537, 0.135539,0.104923,0.240463
0.05,0.27 ,0.749411, 0.13748,0.113109,0.250589
0.05,0.28 ,0.738839, 0.139432,0.121729,0.261161
0.05,0.29 ,0.727822, 0.141393,0.130786,0.272178
0.05,0.3 ,0.716363, 0.143362,0.140275,0.283637
0.05,0.31 ,0.704473, 0.145336,0.150191,0.295527
0.05,0.32 ,0.692167, 0.147314,0.16052,0.307833
0.05,0.33 ,0.679463, 0.149293,0.171245,0.320537
0.05,0.34 ,0.666387, 0.151271,0.182343,0.333613
0.05,0.35 ,0.652968, 0.153245,0.193787,0.347032
0.05,0.36 ,0.639241, 0.155215,0.205544,0.360759
0.05,0.37 ,0.625245, 0.157178,0.217577,0.374755
0.05,0.38 ,0.611022, 0.159133,0.229846,0.388978
0.05,0.39 ,0.596616, 0.161076,0.242307,0.403384
0.05,0.4 ,0.582075, 0.163008,0.254917,0.417925
0.05,0.41 ,0.567445, 0.164926,0.267629,0.432555
0.05,0.42 ,0.552773, 0.166828,0.280398,0.447227
0.05,0.43 ,0.538106, 0.168715,0.29318,0.461894
0.05,0.44 ,0.523486, 0.170584,0.30593,0.476514
0.05,0.45 ,0.508955, 0.172435,0.31861,0.491045
0.05,0.46 ,0.494552, 0.174266,0.331182,0.505448
0.05,0.47 ,0.480312, 0.176078,0.343611,0.519688
0.05,0.48 ,0.466265, 0.177869,0.355867,0.533735
0.05,0.49 ,0.452439, 0.179639,0.367923,0.547561
0.05,0.5 ,0.438857, 0.181387,0.379755,0.561143
0.05,0.51 ,0.425541, 0.183114,0.391345,0.574459
0.05,0.52 ,0.412505, 0.18482,0.402675,0.587495
0.05,0.53 ,0.399764, 0.186503,0.413733,0.600236
0.05,0.54 ,0.387328, 0.188164,0.424508,0.612672
0.05,0.55 ,0.375204, 0.189804,0.434992,0.624796
0.05,0.56 ,0.363397, 0.191421,0.445181,0.636603
0.05,0.57 ,0.351911, 0.193017,0.455071,0.648089
0.05,0.58 ,0.340747, 0.194592,0.464662,0.659253
0.05,0.59 ,0.329903, 0.196145,0.473952,0.670097
0.05,0.6 ,0.319378, 0.197677,0.482945,0.680622
0.05,0.61 ,0.309169, 0.199188,0.491643,0.690831
0.05,0.62 ,0.299272, 0.200679,0.500049,0.700728
0.05,0.63 ,0.28968, 0.20215,0.50817,0.71032
0.05,0.64 ,0.28039, 0.2036,0.51601,0.71961
0.05,0.65 ,0.271394, 0.205031,0.523574,0.728606
0.05,0.66 ,0.262686, 0.206443,0.53087,0.737314
0.05,0.67 ,0.254259, 0.207837,0.537905,0.745741
0.05,0.68 ,0.246105, 0.209211,0.544684,0.753895
0.05,0.69 ,0.238217, 0.210568,0.551215,0.761783
0.05,0.7 ,0.230588, 0.211906,0.557506,0.769412
0.05,0.71 ,0.223209, 0.213228,0.563563,0.776791
0.05,0.72 ,0.216075, 0.214532,0.569393,0.783925
0.05,0.73 ,0.209176, 0.21582,0.575005,0.790824
0.05,0.74 ,0.202506, 0.217091,0.580404,0.797494
0.05,0.75 ,0.196057, 0.218346,0.585598,0.803943
0.05,0.76 ,0.189822, 0.219585,0.590593,0.810178
0.05,0.77 ,0.183794, 0.220809,0.595397,0.816206
0.05,0.78 ,0.177966, 0.222018,0.600016,0.822034
0.05,0.79 ,0.172332, 0.223212,0.604456,0.827668
0.05,0.8 ,0.166885, 0.224391,0.608724,0.833115
0.05,0.81 ,0.161618, 0.225557,0.612825,0.838382
0.05,0.82 ,0.156526, 0.226709,0.616766,0.843474
0.05,0.83 ,0.151602, 0.227847,0.620551,0.848398
0.05,0.84 ,0.14684, 0.228971,0.624188,0.85316
0.05,0.85 ,0.142236, 0.230083,0.627681,0.857764
0.05,0.86 ,0.137783, 0.231182,0.631034,0.862217
0.05,0.87 ,0.133477, 0.232269,0.634254,0.866523
0.05,0.88 ,0.129312, 0.233343,0.637345,0.870688
0.05,0.89 ,0.125283, 0.234406,0.640312,0.874717
0.05,0.9 ,0.121385, 0.235456,0.643158,0.878615
0.05,0.91 ,0.117615, 0.236495,0.645889,0.882385
0.05,0.92 ,0.113968, 0.237523,0.648509,0.886032
0.05,0.93 ,0.110438, 0.23854,0.651022,0.889562
0.05,0.94 ,0.107023, 0.239546,0.65343,0.892977
0.05,0.95 ,0.103719, 0.240542,0.65574,0.896281
0.05,0.96 ,0.100521, 0.241527,0.657953,0.899479
0.05,0.97 ,0.0974257, 0.242501,0.660073,0.902574
0.05,0.98 ,0.09443, 0.243466,0.662104,0.90557
0.05,0.99 ,0.0915302, 0.244421,0.664049,0.90847
0.05,1 ,0.0887232, 0.245367,0.66591,0.911277
0.06,0 ,0.904859, 0.0930734,0.00206793,0.0951414
0.06,0.01 ,0.902024, 0.0943691,0.00360725,0.0979764
0.06,0.02 ,0.899055, 0.0956917,0.00525293,0.100945
0.06,0.03 ,0.895946, 0.0970413,0.00701242,0.104054
0.06,0.04 ,0.892688, 0.0984185,0.00889368,0.107312
0.06,0.05 ,0.889271, 0.0998234,0.0109052,0.110729
0.06,0.06 ,0.885688, 0.101256,0.0130562,0.114312
0.06,0.07 ,0.881926, 0.102717,0.0153563,0.118074
0.06,0.08 ,0.877977, 0.104207,0.0178159,0.122023
0.06,0.09 ,0.87383, 0.105724,0.0204461,0.12617
0.06,0.1 ,0.869471, 0.10727,0.0232585,0.130529
0.06,0.11 ,0.86489, 0.108845,0.0262655,0.13511
0.06,0.12 ,0.860072, 0.110448,0.0294804,0.139928
0.06,0.13 ,0.855005, 0.112078,0.0329169,0.144995
0.06,0.14 ,0.849674, 0.113737,0.0365895,0.150326
0.06,0.15 ,0.844064, 0.115422,0.0405135,0.155936
0.06,0.16 ,0.838161, 0.117135,0.0447046,0.161839
0.06,0.17 ,0.831948, 0.118873,0.049179,0.168052
0.06,0.18 ,0.825409, 0.120638,0.0539534,0.174591
0.06,0.19 ,0.818529, 0.122426,0.0590448,0.181471
0.06,0.2 ,0.811291, 0.124239,0.0644703,0.188709
0.06,0.21 ,0.80368, 0.126074,0.0702466,0.19632
0.06,0.22 ,0.79568, 0.12793,0.0763903,0.20432
0.06,0.23 ,0.787277, 0.129806,0.082917,0.212723
0.06,0.24 ,0.778458, 0.131701,0.0898411,0.221542
0.06,0.25 ,0.769212, 0.133613,0.0971756,0.230788
0.06,0.26 ,0.759529, 0.135539,0.104931,0.240471
0.06,0.27 ,0.749404, 0.13748,0.113117,0.250596
0.06,0.28 ,0.738832, 0.139432,0.121737,0.261168
0.06,0.29 ,0.727815, 0.141393,0.130792,0.272185
0.06,0.3 ,0.716357, 0.143362,0.140282,0.283643
0.06,0.31 ,0.704467, 0.145336,0.150197,0.295533
0.06,0.32 ,0.692161, 0.147314,0.160525,0.307839
0.06,0.33 ,0.679458, 0.149293,0.17125,0.320542
0.06,0.34 ,0.666382, 0.15127,0.182348,0.333618
0.06,0.35 ,0.652964, 0.153245,0.193791,0.347036
0.06,0.36 ,0.639238, 0.155215,0.205547,0.360762
0.06,0.37 ,0.625242, 0.157178,0.21758,0.374758
0.06,0.38 ,0.611019, 0.159132,0.229848,0.388981
0.06,0.39 ,0.596615, 0.161076,0.24231,0.403385
0.06,0.4 ,0.582074, 0.163007,0.254919,0.417926
0.06,0.41 ,0.567444, 0.164925,0.267631,0.432556
0.06,0.42 ,0.552773, 0.166828,0.280399,0.447227
0.06,0.43 ,0.538105, 0.168714,0.29318,0.461895
0.06,0.44 ,0.523486, 0.170583,0.305931,0.476514
0.06,0.45 ,0.508956, 0.172434,0.31861,0.491044
0.06,0.46 ,0.494553, 0.174265,0.331181,0.505447
0.06,0.47 ,0.480313, 0.176077,0.34361,0.519687
0.06,0.48 ,0.466266, 0.177868,0.355866,0.533734
0.06,0.49 ,0.452441, 0.179638,0.367921,0.547559
0.06,0.5 ,0.438859, 0.181387,0.379754,0.561141
0.06,0.51 ,0.425543, 0.183114,0.391343,0.574457
0.06,0.52 ,0.412508, 0.184819,0.402673,0.587492
0.06,0.53 ,0.399767, 0.186502,0.413731,0.600233
0.06,0.54 ,0.387331, 0.188164,0.424506,0.612669
0.06,0.55 ,0.375207, 0.189803,0.43499,0.624793
0.06,0.56 ,0.3634, 0.191421,0.445179,0.6366
0.06,0.57 ,0.351914, 0.193017,0.455069,0.648086
0.06,0.58 ,0.34075, 0.194591,0.464659,0.65925
0.06,0.59 ,0.329906, 0.196144,0.47395,0.670094
0.06,0.6 ,0.319381, 0.197676,0.482942,0.680619
0.06,0.61 ,0.309172, 0.199188,0.49164,0.690828
0.06,0.62 ,0.299275, 0.200678,0.500047,0.700725
0.06,0.63 ,0.289684, 0.202149,0.508167,0.710316
0.06,0.64 ,0.280394, 0.2036,0.516007,0.719606
0.06,0.65 ,0.271398, 0.205031,0.523572,0.728602
0.06,0.66 ,0.26269, 0.206443,0.530868,0.73731
0.06,0.67 ,0.254262, 0.207836,0.537902,0.745738
0.06,0.68 ,0.246108, 0.20921,0.544681,0.753892
0.06,0.69 ,0.23822, 0.210567,0.551213,0.76178
0.06,0.7 ,0.230591, 0.211906,0.557503,0.769409
0.06,0.71 ,0.223213, 0.213227,0.56356,0.776787
0.06,0.72 ,0.216078, 0.214531,0.569391,0.783922
0.06,0.73 ,0.209179, 0.215819,0.575002,0.790821
0.06,0.74 ,0.202509, 0.21709,0.580401,0.797491
0.06,0.75 ,0.19606, 0.218345,0.585595,0.80394
0.06,0.76 ,0.189825, 0.219584,0.590591,0.810175
0.06,0.77 ,0.183797, 0.220808,0.595395,0.816203
0.06,0.78 ,0.17797, 0.222017,0.600014,0.82203
0.06,0.79 ,0.172335, 0.223211,0.604454,0.827665
0.06,0.8 ,0.166888, 0.224391,0.608721,0.833112
0.06,0.81 ,0.161621, 0.225556,0.612823,0.838379
0.06,0.82 ,0.156529, 0.226708,0.616763,0.843471
0.06,0.83 ,0.151605, 0.227846,0.620549,0.848395
0.06,0.84 ,0.146843, 0.228971,0.624186,0.853157
0.06,0.85 ,0.142239, 0.230082,0.627678,0.857761
0.06,0.86 ,0.137786, 0.231181,0.631032,0.862214
0.06,0.87 ,0.13348, 0.232268,0.634252,0.86652
0.06,0.88 ,0.129314, 0.233342,0.637343,0.870686
0.06,0.89 ,0.125285, 0.234405,0.64031,0.874715
0.06,0.9 ,0.121388, 0.235455,0.643156,0.878612
0.06,0.91 ,0.117618, 0.236495,0.645888,0.882382
0.06,0.92 ,0.11397, 0.237522,0.648507,0.88603
0.06,0.93 ,0.110441, 0.238539,0.65102,0.889559
0.06,0.94 ,0.107026, 0.239545,0.653429,0.892974
0.06,0.95 ,0.103721, 0.240541,0.655738,0.896279
0.06,0.96 ,0.100523, 0.241526,0.657951,0.899477
0.06,0.97 ,0.0974282, 0.242501,0.660071,0.902572
0.06,0.98 ,0.0944324, 0.243465,0.662102,0.905568
0.06,0.99 ,0.0915326, 0.24442,0.664047,0.908467
0.06,1 ,0.0887255, 0.245366,0.665909,0.911275
0.07,0 ,0.904845, 0.0930746,0.00208023,0.0951548
0.07,0.01 ,0.90201, 0.0943703,0.00361951,0.0979898
0.07,0.02 ,0.899042, 0.0956928,0.00526515,0.100958
0.07,0.03 ,0.895933, 0.0970424,0.00702459,0.104067
0.07,0.04 ,0.892675, 0.0984195,0.0089058,0.107325
0.07,0.05 ,0.889258, 0.0998244,0.0109173,0.110742
0.07,0.06 ,0.885675, 0.101257,0.0130682,0.114325
0.07,0.07 ,0.881914, 0.102718,0.0153683,0.118086
0.07,0.08 ,0.877965, 0.104208,0.0178278,0.122035
0.07,0.09 ,0.873817, 0.105725,0.0204578,0.126183
0.07,0.1 ,0.869459, 0.107271,0.0232701,0.130541
0.07,0.11 ,0.864877, 0.108846,0.0262771,0.135123
0.07,0.12 ,0.86006, 0.110448,0.0294919,0.13994
0.07,0.13 ,0.854993, 0.112079,0.0329282,0.145007
0.07,0.14 ,0.849662, 0.113737,0.0366008,0.150338
0.07,0.15 ,0.844052, 0.115423,0.0405246,0.155948
0.07,0.16 ,0.838149, 0.117135,0.0447155,0.161851
0.07,0.17 ,0.831936, 0.118874,0.0491897,0.168064
0.07,0.18 ,0.825398, 0.120638,0.0539639,0.174602
0.07,0.19 ,0.818518, 0.122427,0.0590552,0.181482
0.07,0.2 ,0.81128, 0.124239,0.0644804,0.18872
0.07,0.21 ,0.803669, 0.126074,0.0702565,0.196331
0.07,0.22 ,0.79567, 0.12793,0.0763999,0.20433
0.07,0.23 ,0.787267, 0.129806,0.0829262,0.212733
0.07,0.24 ,0.778449, 0.131701,0.0898501,0.221551
0.07,0.25 ,0.769203, 0.133613,0.0971843,0.230797
0.07,0.26 ,0.759521, 0.13554,0.10494,0.240479
0.07,0.27 ,0.749395, 0.13748,0.113125,0.250605
0.07,0.28 ,0.738824, 0.139432,0.121744,0.261176
0.07,0.29 ,0.727807, 0.141393,0.1308,0.272193
0.07,0.3 ,0.71635, 0.143362,0.140288,0.28365
0.07,0.31 ,0.704461, 0.145336,0.150203,0.295539
0.07,0.32 ,0.692156, 0.147314,0.160531,0.307844
0.07,0.33 ,0.679453, 0.149292,0.171255,0.320547
0.07,0.34 ,0.666378, 0.15127,0.182352,0.333622
0.07,0.35 ,0.65296, 0.153245,0.193795,0.34704
0.07,0.36 ,0.639234, 0.155215,0.205551,0.360766
0.07,0.37 ,0.625239, 0.157178,0.217583,0.374761
0.07,0.38 ,0.611017, 0.159132,0.229851,0.388983
0.07,0.39 ,0.596613, 0.161076,0.242312,0.403387
0.07,0.4 ,0.582072, 0.163007,0.254921,0.417928
0.07,0.41 ,0.567443, 0.164925,0.267632,0.432557
0.07,0.42 ,0.552772, 0.166827,0.2804,0.447228
0.07,0.43 ,0.538105, 0.168714,0.293181,0.461895
0.07,0.44 ,0.523486, 0.170583,0.305931,0.476514
0.07,0.45 ,0.508956, 0.172433,0.31861,0.491044
0.07,0.46 ,0.494554, 0.174265,0.331181,0.505446
0.07,0.47 ,0.480314, 0.176076,0.343609,0.519686
0.07,0.48 ,0.466268, 0.177867,0.355865,0.533732
0.07,0.49 ,0.452442, 0.179637,0.36792,0.547558
0.07,0.5 ,0.438862, 0.181386,0.379752,0.561138
0.07,0.51 ,0.425545, 0.183113,0.391342,0.574455
0.07,0.52 ,0.41251, 0.184818,0.402672,0.58749
0.07,0.53 ,0.399769, 0.186502,0.413729,0.600231
0.07,0.54 ,0.387333, 0.188163,0.424504,0.612667
0.07,0.55 ,0.37521, 0.189803,0.434988,0.62479
0.07,0.56 ,0.363403, 0.19142,0.445177,0.636597
0.07,0.57 ,0.351917, 0.193016,0.455067,0.648083
0.07,0.58 ,0.340753, 0.19459,0.464657,0.659247
0.07,0.59 ,0.329909, 0.196144,0.473947,0.670091
0.07,0.6 ,0.319385, 0.197676,0.48294,0.680615
0.07,0.61 ,0.309176, 0.199187,0.491637,0.690824
0.07,0.62 ,0.299278, 0.200678,0.500044,0.700722
0.07,0.63 ,0.289687, 0.202148,0.508165,0.710313
0.07,0.64 ,0.280397, 0.203599,0.516004,0.719603
0.07,0.65 ,0.271401, 0.20503,0.523569,0.728599
0.07,0.66 ,0.262693, 0.206442,0.530865,0.737307
0.07,0.67 ,0.254266, 0.207835,0.537899,0.745734
0.07,0.68 ,0.246112, 0.20921,0.544679,0.753888
0.07,0.69 ,0.238224, 0.210566,0.55121,0.761776
0.07,0.7 ,0.230595, 0.211905,0.557501,0.769405
0.07,0.71 ,0.223216, 0.213226,0.563558,0.776784
0.07,0.72 ,0.216081, 0.21453,0.569388,0.783919
0.07,0.73 ,0.209183, 0.215818,0.574999,0.790817
0.07,0.74 ,0.202512, 0.217089,0.580399,0.797488
0.07,0.75 ,0.196063, 0.218344,0.585593,0.803937
0.07,0.76 ,0.189828, 0.219583,0.590588,0.810172
0.07,0.77 ,0.1838, 0.220807,0.595392,0.8162
0.07,0.78 ,0.177973, 0.222016,0.600011,0.822027
0.07,0.79 ,0.172338, 0.22321,0.604451,0.827662
0.07,0.8 ,0.166891, 0.22439,0.608719,0.833109
0.07,0.81 ,0.161624, 0.225555,0.61282,0.838376
0.07,0.82 ,0.156532, 0.226707,0.616761,0.843468
0.07,0.83 ,0.151608, 0.227845,0.620547,0.848392
0.07,0.84 ,0.146846, 0.22897,0.624184,0.853154
0.07,0.85 ,0.142242, 0.230082,0.627676,0.857758
0.07,0.86 ,0.137789, 0.231181,0.63103,0.862211
0.07,0.87 ,0.133483, 0.232267,0.63425,0.866517
0.07,0.88 ,0.129317, 0.233342,0.637341,0.870683
0.07,0.89 ,0.125288, 0.234404,0.640308,0.874712
0.07,0.9 ,0.121391, 0.235455,0.643155,0.878609
0.07,0.91 ,0.117621, 0.236494,0.645886,0.882379
0.07,0.92 ,0.113973, 0.237522,0.648506,0.886027
0.07,0.93 ,0.110444, 0.238538,0.651018,0.889556
0.07,0.94 ,0.107029, 0.239544,0.653427,0.892971
0.07,0.95 ,0.103724, 0.24054,0.655736,0.896276
0.07,0.96 ,0.100526, 0.241525,0.657949,0.899474
0.07,0.97 ,0.0974306, 0.2425,0.66007,0.902569
0.07,0.98 ,0.0944348, 0.243465,0.662101,0.905565
0.07,0.99 ,0.091535, 0.244419,0.664046,0.908465
0.07,1 ,0.0887278, 0.245365,0.665907,0.911272
0.08,0 ,0.904831, 0.0930758,0.00209283,0.0951686
0.08,0.01 ,0.901997, 0.0943714,0.00363208,0.0980035
0.08,0.02 ,0.899028, 0.0956939,0.00527768,0.100972
0.08,0.03 ,0.895919, 0.0970435,0.00703707,0.104081
0.08,0.04 ,0.892661, 0.0984206,0.00891823,0.107339
0.08,0.05 ,0.889245, 0.0998254,0.0109297,0.110755
0.08,0.06 ,0.885661, 0.101258,0.0130805,0.114339
0.08,0.07 ,0.8819, 0.102719,0.0153805,0.1181
0.08,0.08 ,0.877952, 0.104208,0.01784,0.122048
0.08,0.09 ,0.873804, 0.105726,0.0204699,0.126196
0.08,0.1 ,0.869446, 0.107272,0.0232821,0.130554
0.08,0.11 ,0.864864, 0.108847,0.026289,0.135136
0.08,0.12 ,0.860047, 0.110449,0.0295036,0.139953
0.08,0.13 ,0.85498, 0.11208,0.0329399,0.14502
0.08,0.14 ,0.84965, 0.113738,0.0366123,0.15035
0.08,0.15 ,0.84404, 0.115424,0.0405359,0.15596
0.08,0.16 ,0.838137, 0.117136,0.0447267,0.161863
