Betapv,Betamv,V,Rs,Rv,P
0,0 ,0.994616, 0.00338395,0.002,0.00538395
0,0.01 ,0.99459, 0.00338728,0.00202255,0.00540983
0,0.02 ,0.994563, 0.00339067,0.00204599,0.00543666
0,0.03 ,0.994535, 0.00339413,0.00207038,0.0054645
0,0.04 ,0.994507, 0.00339766,0.00209578,0.00549344
0,0.05 ,0.994476, 0.00340127,0.00212227,0.00552353
0,0.06 ,0.994445, 0.00340495,0.00214992,0.00555487
0,0.07 ,0.994412, 0.00340872,0.00217883,0.00558755
0,0.08 ,0.994378, 0.00341257,0.00220909,0.00562166
0,0.09 ,0.994343, 0.00341651,0.00224081,0.00565732
0,0.1 ,0.994305, 0.00342054,0.00227412,0.00569467
0,0.11 ,0.994266, 0.00342467,0.00230916,0.00573383
0,0.12 ,0.994225, 0.0034289,0.00234607,0.00577497
0,0.13 ,0.994182, 0.00343323,0.00238503,0.00581826
0,0.14 ,0.994136, 0.00343768,0.00242624,0.00586392
0,0.15 ,0.994088, 0.00344224,0.00246992,0.00591216
0,0.16 ,0.994037, 0.00344692,0.00251634,0.00596326
0,0.17 ,0.993982, 0.00345173,0.00256578,0.00601751
0,0.18 ,0.993925, 0.00345667,0.00261859,0.00607526
0,0.19 ,0.993863, 0.00346175,0.00267517,0.00613692
0,0.2 ,0.993797, 0.00346698,0.00273599,0.00620297
0,0.21 ,0.993726, 0.00347236,0.0028016,0.00627396
0,0.22 ,0.993649, 0.00347791,0.00287265,0.00635056
0,0.23 ,0.993566, 0.00348364,0.00294992,0.00643356
0,0.24 ,0.993476, 0.00348955,0.00303438,0.00652393
0,0.25 ,0.993377, 0.00349565,0.00312718,0.00662283
0,0.26 ,0.993268, 0.00350197,0.00322975,0.00673172
0,0.27 ,0.993148, 0.00350851,0.0033439,0.00685241
0,0.28 ,0.993013, 0.00351528,0.00347191,0.00698719
0,0.29 ,0.992861, 0.00352231,0.00361671,0.00713902
0,0.3 ,0.992688, 0.00352961,0.00378217,0.00731177
0,0.31 ,0.992489, 0.0035372,0.00397345,0.00751065
0,0.32 ,0.992257, 0.0035451,0.00419765,0.00774275
0,0.33 ,0.991982, 0.00355334,0.00446476,0.00801811
0,0.34 ,0.991649, 0.00356195,0.00478935,0.0083513
0,0.35 ,0.991236, 0.00357095,0.00519345,0.00876441
0,0.36 ,0.990708, 0.00358039,0.00571211,0.0092925
0,0.37 ,0.990005, 0.00359029,0.00640437,0.00999466
0,0.38 ,0.989022, 0.00360071,0.00737757,0.0109783
0,0.39 ,0.987541, 0.0036117,0.00884696,0.0124587
0,0.4 ,0.985073, 0.0036233,0.0113033,0.0149266
0,0.41 ,0.980312, 0.0036356,0.0160523,0.0196879
0,0.42 ,0.969513, 0.00364866,0.0268378,0.0304865
0,0.43 ,0.946267, 0.00366258,0.0500677,0.0537302
0,0.44 ,0.912338, 0.00367746,0.0839839,0.0876614
0,0.45 ,0.875331, 0.00369341,0.120976,0.124669
0,0.46 ,0.838588, 0.00371058,0.157701,0.161412
0,0.47 ,0.803112, 0.00372913,0.193159,0.196888
0,0.48 ,0.769198, 0.00374925,0.227053,0.230802
0,0.49 ,0.736903, 0.00377114,0.259326,0.263097
0,0.5 ,0.7062, 0.00379507,0.290005,0.2938
0,0.51 ,0.677026, 0.00382129,0.319153,0.322974
0,0.52 ,0.649308, 0.00385009,0.346842,0.350692
0,0.53 ,0.622967, 0.0038818,0.373151,0.377033
0,0.54 ,0.597926, 0.00391674,0.398157,0.402074
0,0.55 ,0.574112, 0.00395525,0.421932,0.425888
0,0.56 ,0.551454, 0.00399767,0.444548,0.448546
0,0.57 ,0.529886, 0.00404434,0.466069,0.470114
0,0.58 ,0.509346, 0.00409559,0.486559,0.490654
0,0.59 ,0.489775, 0.00415172,0.506074,0.510225
0,0.6 ,0.471118, 0.00421304,0.524669,0.528882
0,0.61 ,0.453326, 0.0042798,0.542394,0.546674
0,0.62 ,0.436351, 0.00435225,0.559297,0.563649
0,0.63 ,0.420148, 0.00443061,0.575422,0.579852
0,0.64 ,0.404675, 0.00451506,0.59081,0.595325
0,0.65 ,0.389894, 0.00460575,0.6055,0.610106
0,0.66 ,0.375768, 0.0047028,0.619529,0.624232
0,0.67 ,0.362263, 0.00480632,0.632931,0.637737
0,0.68 ,0.349347, 0.00491636,0.645736,0.650653
0,0.69 ,0.33699, 0.00503298,0.657977,0.66301
0,0.7 ,0.325164, 0.00515618,0.66968,0.674836
0,0.71 ,0.313842, 0.00528594,0.680872,0.686158
0,0.72 ,0.302999, 0.00542225,0.691579,0.697001
0,0.73 ,0.292612, 0.00556505,0.701823,0.707388
0,0.74 ,0.282658, 0.00571427,0.711628,0.717342
0,0.75 ,0.273117, 0.00586982,0.721013,0.726883
0,0.76 ,0.263969, 0.0060316,0.729999,0.736031
0,0.77 ,0.255196, 0.0061995,0.738605,0.744804
0,0.78 ,0.246779, 0.0063734,0.746847,0.753221
0,0.79 ,0.238704, 0.00655315,0.754743,0.761296
0,0.8 ,0.230953, 0.00673861,0.762309,0.769047
0,0.81 ,0.223512, 0.00692964,0.769559,0.776488
0,0.82 ,0.216367, 0.00712607,0.776507,0.783633
0,0.83 ,0.209504, 0.00732775,0.783168,0.790496
0,0.84 ,0.202912, 0.0075345,0.789553,0.797088
0,0.85 ,0.196579, 0.00774618,0.795675,0.803421
0,0.86 ,0.190492, 0.00796259,0.801545,0.809508
0,0.87 ,0.184642, 0.00818358,0.807175,0.815358
0,0.88 ,0.179017, 0.00840898,0.812574,0.820983
0,0.89 ,0.17361, 0.00863861,0.817752,0.82639
0,0.9 ,0.168409, 0.0088723,0.822719,0.831591
0,0.91 ,0.163407, 0.00910989,0.827483,0.836593
0,0.92 ,0.158595, 0.00935121,0.832053,0.841405
0,0.93 ,0.153966, 0.00959609,0.836438,0.846034
0,0.94 ,0.149512, 0.00984437,0.840644,0.850488
0,0.95 ,0.145225, 0.0100959,0.844679,0.854775
0,0.96 ,0.141099, 0.0103505,0.84855,0.858901
0,0.97 ,0.137128, 0.0106081,0.852264,0.862872
0,0.98 ,0.133305, 0.0108684,0.855827,0.866695
0,0.99 ,0.129624, 0.0111314,0.859245,0.870376
0,1 ,0.12608, 0.0113968,0.862523,0.87392
0.01,0 ,0.994604, 0.00338548,0.00201088,0.00539636
0.01,0.01 ,0.994578, 0.00338881,0.00203343,0.00542224
0.01,0.02 ,0.994551, 0.0033922,0.00205687,0.00544907
0.01,0.03 ,0.994523, 0.00339566,0.00208125,0.00547691
0.01,0.04 ,0.994494, 0.00339919,0.00210665,0.00550584
0.01,0.05 ,0.994464, 0.0034028,0.00213314,0.00553594
0.01,0.06 ,0.994433, 0.00340648,0.00216079,0.00556728
0.01,0.07 ,0.9944, 0.00341025,0.0021897,0.00559995
0.01,0.08 ,0.994366, 0.0034141,0.00221996,0.00563406
0.01,0.09 ,0.99433, 0.00341804,0.00225169,0.00566973
0.01,0.1 ,0.994293, 0.00342207,0.002285,0.00570707
0.01,0.11 ,0.994254, 0.0034262,0.00232003,0.00574623
0.01,0.12 ,0.994213, 0.00343043,0.00235694,0.00578737
0.01,0.13 ,0.994169, 0.00343477,0.0023959,0.00583066
0.01,0.14 ,0.994124, 0.00343921,0.00243711,0.00587632
0.01,0.15 ,0.994075, 0.00344377,0.00248079,0.00592456
0.01,0.16 ,0.994024, 0.00344845,0.0025272,0.00597565
0.01,0.17 ,0.99397, 0.00345326,0.00257664,0.0060299
0.01,0.18 ,0.993912, 0.0034582,0.00262945,0.00608765
0.01,0.19 ,0.993851, 0.00346328,0.00268603,0.00614931
0.01,0.2 ,0.993785, 0.00346851,0.00274685,0.00621536
0.01,0.21 ,0.993714, 0.00347389,0.00281245,0.00628634
0.01,0.22 ,0.993637, 0.00347944,0.0028835,0.00636294
0.01,0.23 ,0.993554, 0.00348517,0.00296077,0.00644594
0.01,0.24 ,0.993464, 0.00349108,0.00304522,0.0065363
0.01,0.25 ,0.993365, 0.00349718,0.00313802,0.0066352
0.01,0.26 ,0.993256, 0.0035035,0.00324059,0.00674409
0.01,0.27 ,0.993135, 0.00351003,0.00335473,0.00686477
0.01,0.28 ,0.993, 0.00351681,0.00348273,0.00699954
0.01,0.29 ,0.992849, 0.00352384,0.00362752,0.00715136
0.01,0.3 ,0.992676, 0.00353113,0.00379297,0.0073241
0.01,0.31 ,0.992477, 0.00353872,0.00398424,0.00752296
0.01,0.32 ,0.992245, 0.00354663,0.00420842,0.00775505
0.01,0.33 ,0.99197, 0.00355487,0.00447551,0.00803038
0.01,0.34 ,0.991636, 0.00356348,0.00480006,0.00836353
0.01,0.35 ,0.991223, 0.00357248,0.00520412,0.0087766
0.01,0.36 ,0.990695, 0.00358191,0.0057227,0.00930462
0.01,0.37 ,0.989993, 0.00359182,0.00641485,0.0100067
0.01,0.38 ,0.98901, 0.00360224,0.00738786,0.0109901
0.01,0.39 ,0.98753, 0.00361322,0.0088569,0.0124701
0.01,0.4 ,0.985063, 0.00362483,0.0113125,0.0149373
0.01,0.41 ,0.980303, 0.00363712,0.0160596,0.0196967
0.01,0.42 ,0.969509, 0.00365019,0.0268401,0.0304902
0.01,0.43 ,0.946271, 0.0036641,0.050062,0.0537261
0.01,0.44 ,0.912346, 0.00367898,0.0839739,0.0876529
0.01,0.45 ,0.875341, 0.00369493,0.120964,0.124659
0.01,0.46 ,0.838598, 0.0037121,0.15769,0.161402
0.01,0.47 ,0.803123, 0.00373065,0.193147,0.196877
0.01,0.48 ,0.769208, 0.00375076,0.227041,0.230792
0.01,0.49 ,0.736913, 0.00377266,0.259314,0.263087
0.01,0.5 ,0.706209, 0.00379658,0.289994,0.293791
0.01,0.51 ,0.677036, 0.0038228,0.319141,0.322964
0.01,0.52 ,0.649317, 0.0038516,0.346831,0.350683
0.01,0.53 ,0.622976, 0.00388331,0.373141,0.377024
0.01,0.54 ,0.597935, 0.00391824,0.398146,0.402065
0.01,0.55 ,0.574121, 0.00395675,0.421922,0.425879
0.01,0.56 ,0.551463, 0.00399917,0.444538,0.448537
0.01,0.57 ,0.529895, 0.00404584,0.46606,0.470105
0.01,0.58 ,0.509354, 0.00409708,0.486549,0.490646
0.01,0.59 ,0.489783, 0.00415321,0.506064,0.510217
0.01,0.6 ,0.471126, 0.00421451,0.524659,0.528874
0.01,0.61 ,0.453334, 0.00428127,0.542385,0.546666
0.01,0.62 ,0.436358, 0.00435372,0.559288,0.563642
0.01,0.63 ,0.420155, 0.00443207,0.575413,0.579845
0.01,0.64 ,0.404682, 0.00451651,0.590801,0.595318
0.01,0.65 ,0.389901, 0.00460719,0.605492,0.610099
0.01,0.66 ,0.375775, 0.00470424,0.619521,0.624225
0.01,0.67 ,0.36227, 0.00480775,0.632923,0.63773
0.01,0.68 ,0.349354, 0.00491779,0.645729,0.650646
0.01,0.69 ,0.336996, 0.00503439,0.657969,0.663004
0.01,0.7 ,0.32517, 0.00515758,0.669672,0.67483
0.01,0.71 ,0.313848, 0.00528734,0.680865,0.686152
0.01,0.72 ,0.303005, 0.00542364,0.691572,0.696995
0.01,0.73 ,0.292617, 0.00556643,0.701816,0.707383
0.01,0.74 ,0.282663, 0.00571564,0.711621,0.717337
0.01,0.75 ,0.273122, 0.00587118,0.721006,0.726878
0.01,0.76 ,0.263974, 0.00603295,0.729993,0.736026
0.01,0.77 ,0.255201, 0.00620084,0.738598,0.744799
0.01,0.78 ,0.246785, 0.00637472,0.746841,0.753215
0.01,0.79 ,0.238709, 0.00655446,0.754737,0.761291
0.01,0.8 ,0.230957, 0.00673992,0.762303,0.769043
0.01,0.81 ,0.223516, 0.00693093,0.769553,0.776484
0.01,0.82 ,0.216371, 0.00712735,0.776501,0.783629
0.01,0.83 ,0.209509, 0.00732902,0.783162,0.790491
0.01,0.84 ,0.202917, 0.00753577,0.789548,0.797083
0.01,0.85 ,0.196583, 0.00774743,0.79567,0.803417
0.01,0.86 ,0.190496, 0.00796384,0.80154,0.809504
0.01,0.87 ,0.184646, 0.00818482,0.80717,0.815354
0.01,0.88 ,0.179021, 0.0084102,0.812569,0.820979
0.01,0.89 ,0.173613, 0.00863982,0.817747,0.826387
0.01,0.9 ,0.168413, 0.0088735,0.822714,0.831587
0.01,0.91 ,0.163411, 0.00911108,0.827478,0.836589
0.01,0.92 ,0.158599, 0.00935239,0.832049,0.841401
0.01,0.93 ,0.15397, 0.00959726,0.836433,0.84603
0.01,0.94 ,0.149515, 0.00984553,0.840639,0.850485
0.01,0.95 ,0.145228, 0.0100971,0.844674,0.854772
0.01,0.96 ,0.141103, 0.0103517,0.848546,0.858897
0.01,0.97 ,0.137131, 0.0106092,0.85226,0.862869
0.01,0.98 ,0.133308, 0.0108695,0.855823,0.866692
0.01,0.99 ,0.129627, 0.0111325,0.85924,0.870373
0.01,1 ,0.126083, 0.0113979,0.862519,0.873917
0.02,0 ,0.994591, 0.00338704,0.00202201,0.00540905
0.02,0.01 ,0.994565, 0.00339036,0.00204456,0.00543492
0.02,0.02 ,0.994538, 0.00339375,0.002068,0.00546175
0.02,0.03 ,0.99451, 0.00339721,0.00209239,0.0054896
0.02,0.04 ,0.994481, 0.00340074,0.00211779,0.00551853
0.02,0.05 ,0.994451, 0.00340435,0.00214427,0.00554862
0.02,0.06 ,0.99442, 0.00340804,0.00217192,0.00557996
0.02,0.07 ,0.994387, 0.0034118,0.00220083,0.00561263
0.02,0.08 ,0.994353, 0.00341566,0.00223109,0.00564675
0.02,0.09 ,0.994318, 0.0034196,0.00226281,0.00568241
0.02,0.1 ,0.99428, 0.00342363,0.00229612,0.00571975
0.02,0.11 ,0.994241, 0.00342776,0.00233115,0.00575891
0.02,0.12 ,0.9942, 0.00343199,0.00236806,0.00580005
0.02,0.13 ,0.994157, 0.00343632,0.00240702,0.00584334
0.02,0.14 ,0.994111, 0.00344076,0.00244823,0.00588899
0.02,0.15 ,0.994063, 0.00344532,0.00249191,0.00593723
0.02,0.16 ,0.994012, 0.00345,0.00253832,0.00598833
0.02,0.17 ,0.993957, 0.00345481,0.00258776,0.00604257
0.02,0.18 ,0.9939, 0.00345975,0.00264057,0.00610032
0.02,0.19 ,0.993838, 0.00346483,0.00269715,0.00616198
0.02,0.2 ,0.993772, 0.00347006,0.00275796,0.00622802
0.02,0.21 ,0.993701, 0.00347545,0.00282356,0.00629901
0.02,0.22 ,0.993624, 0.003481,0.00289461,0.0063756
0.02,0.23 ,0.993541, 0.00348672,0.00297188,0.0064586
0.02,0.24 ,0.993451, 0.00349263,0.00305633,0.00654895
0.02,0.25 ,0.993352, 0.00349873,0.00314911,0.00664785
0.02,0.26 ,0.993243, 0.00350505,0.00325168,0.00675673
0.02,0.27 ,0.993123, 0.00351159,0.00336582,0.0068774
0.02,0.28 ,0.992988, 0.00351836,0.00349381,0.00701217
0.02,0.29 ,0.992836, 0.00352539,0.00363859,0.00716398
0.02,0.3 ,0.992663, 0.00353268,0.00380403,0.00733671
0.02,0.31 ,0.992464, 0.00354027,0.00399528,0.00753556
0.02,0.32 ,0.992232, 0.00354818,0.00421944,0.00776762
0.02,0.33 ,0.991957, 0.00355642,0.00448651,0.00804293
0.02,0.34 ,0.991624, 0.00356503,0.00481102,0.00837605
0.02,0.35 ,0.991211, 0.00357403,0.00521503,0.00878906
0.02,0.36 ,0.990683, 0.00358346,0.00573355,0.00931701
0.02,0.37 ,0.989981, 0.00359337,0.00642558,0.0100189
0.02,0.38 ,0.988998, 0.00360378,0.0073984,0.0110022
0.02,0.39 ,0.987518, 0.00361477,0.00886709,0.0124819
0.02,0.4 ,0.985052, 0.00362637,0.0113219,0.0149482
0.02,0.41 ,0.980294, 0.00363867,0.0160671,0.0197057
0.02,0.42 ,0.969505, 0.00365173,0.0268424,0.0304941
0.02,0.43 ,0.946275, 0.00366565,0.0500561,0.0537218
0.02,0.44 ,0.912355, 0.00368052,0.0839637,0.0876442
0.02,0.45 ,0.875351, 0.00369647,0.120953,0.124649
0.02,0.46 ,0.838609, 0.00371364,0.157677,0.161391
0.02,0.47 ,0.803133, 0.00373219,0.193135,0.196867
0.02,0.48 ,0.769218, 0.0037523,0.227029,0.230782
0.02,0.49 ,0.736923, 0.0037742,0.259303,0.263077
0.02,0.5 ,0.70622, 0.00379812,0.289982,0.29378
0.02,0.51 ,0.677046, 0.00382433,0.31913,0.322954
0.02,0.52 ,0.649327, 0.00385313,0.34682,0.350673
0.02,0.53 ,0.622986, 0.00388484,0.37313,0.377014
0.02,0.54 ,0.597945, 0.00391977,0.398136,0.402055
0.02,0.55 ,0.57413, 0.00395827,0.421912,0.42587
0.02,0.56 ,0.551472, 0.00400069,0.444528,0.448528
0.02,0.57 ,0.529903, 0.00404735,0.46605,0.470097
0.02,0.58 ,0.509362, 0.00409859,0.486539,0.490638
0.02,0.59 ,0.489791, 0.00415471,0.506055,0.510209
0.02,0.6 ,0.471134, 0.00421601,0.52465,0.528866
0.02,0.61 ,0.453342, 0.00428276,0.542375,0.546658
0.02,0.62 ,0.436366, 0.0043552,0.559279,0.563634
0.02,0.63 ,0.420162, 0.00443355,0.575404,0.579838
0.02,0.64 ,0.404689, 0.00451798,0.590793,0.595311
0.02,0.65 ,0.389908, 0.00460865,0.605483,0.610092
0.02,0.66 ,0.375782, 0.0047057,0.619513,0.624218
0.02,0.67 ,0.362276, 0.0048092,0.632914,0.637724
0.02,0.68 ,0.34936, 0.00491923,0.645721,0.65064
0.02,0.69 ,0.337003, 0.00503582,0.657961,0.662997
0.02,0.7 ,0.325176, 0.005159,0.669665,0.674824
0.02,0.71 ,0.313854, 0.00528875,0.680857,0.686146
0.02,0.72 ,0.303011, 0.00542504,0.691564,0.696989
0.02,0.73 ,0.292623, 0.00556782,0.701809,0.707377
0.02,0.74 ,0.282669, 0.00571702,0.711614,0.717331
0.02,0.75 ,0.273128, 0.00587255,0.721,0.726872
0.02,0.76 ,0.26398, 0.00603432,0.729986,0.73602
0.02,0.77 ,0.255206, 0.0062022,0.738592,0.744794
0.02,0.78 ,0.24679, 0.00637607,0.746834,0.75321
0.02,0.79 ,0.238714, 0.0065558,0.754731,0.761286
0.02,0.8 ,0.230962, 0.00674124,0.762296,0.769038
0.02,0.81 ,0.223521, 0.00693224,0.769547,0.776479
0.02,0.82 ,0.216376, 0.00712866,0.776496,0.783624
0.02,0.83 ,0.209513, 0.00733031,0.783156,0.790487
0.02,0.84 ,0.202921, 0.00753705,0.789542,0.797079
0.02,0.85 ,0.196587, 0.0077487,0.795664,0.803413
0.02,0.86 ,0.1905, 0.0079651,0.801535,0.8095
0.02,0.87 ,0.18465, 0.00818607,0.807164,0.81535
0.02,0.88 ,0.179025, 0.00841144,0.812563,0.820975
0.02,0.89 ,0.173617, 0.00864105,0.817742,0.826383
0.02,0.9 ,0.168417, 0.00887472,0.822709,0.831583
0.02,0.91 ,0.163415, 0.00911229,0.827473,0.836585
0.02,0.92 ,0.158603, 0.00935358,0.832044,0.841397
0.02,0.93 ,0.153973, 0.00959844,0.836428,0.846027
0.02,0.94 ,0.149519, 0.00984671,0.840635,0.850481
0.02,0.95 ,0.145232, 0.0100982,0.84467,0.854768
0.02,0.96 ,0.141106, 0.0103528,0.848541,0.858894
0.02,0.97 ,0.137134, 0.0106103,0.852255,0.862866
0.02,0.98 ,0.133311, 0.0108707,0.855818,0.866689
0.02,0.99 ,0.12963, 0.0111336,0.859236,0.87037
0.02,1 ,0.126086, 0.0113991,0.862515,0.873914
0.03,0 ,0.994578, 0.00338861,0.00203341,0.00542203
0.03,0.01 ,0.994552, 0.00339194,0.00205596,0.0054479
0.03,0.02 ,0.994525, 0.00339533,0.0020794,0.00547473
0.03,0.03 ,0.994497, 0.00339879,0.00210379,0.00550257
0.03,0.04 ,0.994468, 0.00340232,0.00212919,0.00553151
0.03,0.05 ,0.994438, 0.00340593,0.00215567,0.0055616
0.03,0.06 ,0.994407, 0.00340961,0.00218332,0.00559293
0.03,0.07 ,0.994374, 0.00341338,0.00221223,0.00562561
0.03,0.08 ,0.99434, 0.00341723,0.00224249,0.00565972
0.03,0.09 ,0.994305, 0.00342117,0.00227421,0.00569538
0.03,0.1 ,0.994267, 0.0034252,0.00230752,0.00573272
0.03,0.11 ,0.994228, 0.00342933,0.00234255,0.00577188
0.03,0.12 ,0.994187, 0.00343356,0.00237946,0.00581302
0.03,0.13 ,0.994144, 0.00343789,0.00241842,0.00585631
0.03,0.14 ,0.994098, 0.00344234,0.00245962,0.00590196
0.03,0.15 ,0.99405, 0.0034469,0.0025033,0.0059502
0.03,0.16 ,0.993999, 0.00345158,0.00254971,0.00600129
0.03,0.17 ,0.993944, 0.00345638,0.00259915,0.00605553
0.03,0.18 ,0.993887, 0.00346132,0.00265196,0.00611328
0.03,0.19 ,0.993825, 0.00346641,0.00270853,0.00617494
0.03,0.2 ,0.993759, 0.00347163,0.00276934,0.00624098
0.03,0.21 ,0.993688, 0.00347702,0.00283494,0.00631196
0.03,0.22 ,0.993611, 0.00348257,0.00290598,0.00638855
0.03,0.23 ,0.993528, 0.00348829,0.00298325,0.00647154
0.03,0.24 ,0.993438, 0.0034942,0.00306769,0.0065619
0.03,0.25 ,0.993339, 0.00350031,0.00316048,0.00666079
0.03,0.26 ,0.99323, 0.00350662,0.00326304,0.00676966
0.03,0.27 ,0.99311, 0.00351316,0.00337717,0.00689033
0.03,0.28 ,0.992975, 0.00351993,0.00350515,0.00702509
0.03,0.29 ,0.992823, 0.00352696,0.00364993,0.00717689
0.03,0.3 ,0.99265, 0.00353426,0.00381535,0.00734961
0.03,0.31 ,0.992452, 0.00354185,0.00400659,0.00754844
0.03,0.32 ,0.99222, 0.00354975,0.00423073,0.00778048
0.03,0.33 ,0.991944, 0.00355799,0.00449777,0.00805576
0.03,0.34 ,0.991611, 0.0035666,0.00482225,0.00838885
0.03,0.35 ,0.991198, 0.0035756,0.00522621,0.00880181
0.03,0.36 ,0.99067, 0.00358503,0.00574465,0.00932969
0.03,0.37 ,0.989968, 0.00359494,0.00643657,0.0100315
0.03,0.38 ,0.988985, 0.00360535,0.0074092,0.0110145
0.03,0.39 ,0.987506, 0.00361634,0.00887752,0.0124939
0.03,0.4 ,0.985041, 0.00362794,0.0113315,0.0149595
0.03,0.41 ,0.980285, 0.00364024,0.0160747,0.019715
0.03,0.42 ,0.969501, 0.0036533,0.0268448,0.0304981
0.03,0.43 ,0.94628, 0.00366721,0.0500502,0.0537174
0.03,0.44 ,0.912364, 0.00368209,0.0839532,0.0876353
0.03,0.45 ,0.875361, 0.00369804,0.120941,0.124639
0.03,0.46 ,0.83862, 0.0037152,0.157665,0.16138
0.03,0.47 ,0.803144, 0.00373375,0.193122,0.196856
0.03,0.48 ,0.769229, 0.00375386,0.227017,0.230771
0.03,0.49 ,0.736934, 0.00377576,0.259291,0.263066
0.03,0.5 ,0.70623, 0.00379967,0.289971,0.29377
0.03,0.51 ,0.677056, 0.00382589,0.319118,0.322944
0.03,0.52 ,0.649337, 0.00385468,0.346809,0.350663
0.03,0.53 ,0.622995, 0.00388638,0.373118,0.377005
0.03,0.54 ,0.597954, 0.00392132,0.398125,0.402046
0.03,0.55 ,0.574139, 0.00395982,0.421901,0.425861
0.03,0.56 ,0.551481, 0.00400223,0.444517,0.448519
0.03,0.57 ,0.529912, 0.00404888,0.466039,0.470088
0.03,0.58 ,0.509371, 0.00410011,0.486529,0.490629
0.03,0.59 ,0.489799, 0.00415623,0.506045,0.510201
0.03,0.6 ,0.471142, 0.00421753,0.52464,0.528858
0.03,0.61 ,0.45335, 0.00428428,0.542366,0.54665
0.03,0.62 ,0.436374, 0.00435671,0.55927,0.563626
0.03,0.63 ,0.42017, 0.00443505,0.575395,0.57983
0.03,0.64 ,0.404697, 0.00451947,0.590784,0.595303
0.03,0.65 ,0.389915, 0.00461014,0.605475,0.610085
0.03,0.66 ,0.375789, 0.00470717,0.619504,0.624211
0.03,0.67 ,0.362283, 0.00481067,0.632906,0.637717
0.03,0.68 ,0.349367, 0.00492069,0.645712,0.650633
0.03,0.69 ,0.337009, 0.00503728,0.657953,0.662991
0.03,0.7 ,0.325183, 0.00516044,0.669657,0.674817
0.03,0.71 ,0.31386, 0.00529019,0.68085,0.68614
0.03,0.72 ,0.303017, 0.00542647,0.691557,0.696983
0.03,0.73 ,0.292629, 0.00556924,0.701802,0.707371
0.03,0.74 ,0.282675, 0.00571843,0.711607,0.717325
0.03,0.75 ,0.273134, 0.00587395,0.720992,0.726866
0.03,0.76 ,0.263985, 0.0060357,0.729979,0.736015
0.03,0.77 ,0.255212, 0.00620357,0.738585,0.744788
0.03,0.78 ,0.246795, 0.00637743,0.746828,0.753205
0.03,0.79 ,0.238719, 0.00655715,0.754724,0.761281
0.03,0.8 ,0.230967, 0.00674258,0.76229,0.769033
0.03,0.81 ,0.223526, 0.00693358,0.76954,0.776474
0.03,0.82 ,0.216381, 0.00712998,0.776489,0.783619
0.03,0.83 ,0.209518, 0.00733162,0.78315,0.790482
0.03,0.84 ,0.202926, 0.00753835,0.789536,0.797074
0.03,0.85 ,0.196592, 0.00774999,0.795658,0.803408
0.03,0.86 ,0.190505, 0.00796637,0.801529,0.809495
0.03,0.87 ,0.184654, 0.00818733,0.807159,0.815346
0.03,0.88 ,0.179029, 0.00841269,0.812558,0.820971
0.03,0.89 ,0.173621, 0.00864229,0.817736,0.826379
0.03,0.9 ,0.168421, 0.00887595,0.822703,0.831579
0.03,0.91 ,0.163418, 0.00911351,0.827468,0.836582
0.03,0.92 ,0.158606, 0.00935479,0.832039,0.841394
0.03,0.93 ,0.153977, 0.00959964,0.836423,0.846023
0.03,0.94 ,0.149522, 0.0098479,0.84063,0.850478
0.03,0.95 ,0.145235, 0.0100994,0.844665,0.854765
0.03,0.96 ,0.141109, 0.010354,0.848537,0.858891
0.03,0.97 ,0.137138, 0.0106115,0.852251,0.862862
0.03,0.98 ,0.133314, 0.0108718,0.855814,0.866686
0.03,0.99 ,0.129633, 0.0111347,0.859232,0.870367
0.03,1 ,0.126089, 0.0114002,0.862511,0.873911
0.04,0 ,0.994565, 0.00339021,0.0020451,0.00543531
0.04,0.01 ,0.994539, 0.00339354,0.00206765,0.00546118
0.04,0.02 ,0.994512, 0.00339693,0.00209108,0.00548801
0.04,0.03 ,0.994484, 0.00340039,0.00211547,0.00551585
0.04,0.04 ,0.994455, 0.00340392,0.00214087,0.00554478
0.04,0.05 ,0.994425, 0.00340752,0.00216735,0.00557488
0.04,0.06 ,0.994394, 0.00341121,0.002195,0.00560621
0.04,0.07 ,0.994361, 0.00341498,0.00222391,0.00563888
0.04,0.08 ,0.994327, 0.00341883,0.00225417,0.00567299
0.04,0.09 ,0.994291, 0.00342277,0.00228589,0.00570866
0.04,0.1 ,0.994254, 0.0034268,0.0023192,0.005746
0.04,0.11 ,0.994215, 0.00343093,0.00235422,0.00578515
0.04,0.12 ,0.994174, 0.00343516,0.00239113,0.00582629
0.04,0.13 ,0.99413, 0.00343949,0.00243009,0.00586958
0.04,0.14 ,0.994085, 0.00344394,0.00247129,0.00591523
0.04,0.15 ,0.994037, 0.00344849,0.00251497,0.00596347
0.04,0.16 ,0.993985, 0.00345317,0.00256138,0.00601456
0.04,0.17 ,0.993931, 0.00345798,0.00261082,0.0060688
0.04,0.18 ,0.993873, 0.00346292,0.00266362,0.00612654
0.04,0.19 ,0.993812, 0.003468,0.0027202,0.0061882
0.04,0.2 ,0.993746, 0.00347323,0.00278101,0.00625424
0.04,0.21 ,0.993675, 0.00347862,0.0028466,0.00632522
0.04,0.22 ,0.993598, 0.00348417,0.00291764,0.0064018
0.04,0.23 ,0.993515, 0.00348989,0.0029949,0.00648479
0.04,0.24 ,0.993425, 0.0034958,0.00307934,0.00657514
0.04,0.25 ,0.993326, 0.0035019,0.00317212,0.00667403
0.04,0.26 ,0.993217, 0.00350822,0.00327468,0.0067829
0.04,0.27 ,0.993096, 0.00351475,0.0033888,0.00690356
0.04,0.28 ,0.992962, 0.00352153,0.00351678,0.0070383
0.04,0.29 ,0.99281, 0.00352855,0.00366154,0.0071901
0.04,0.3 ,0.992637, 0.00353585,0.00382695,0.00736281
0.04,0.31 ,0.992438, 0.00354344,0.00401818,0.00756162
0.04,0.32 ,0.992206, 0.00355134,0.0042423,0.00779365
0.04,0.33 ,0.991931, 0.00355958,0.00450931,0.0080689
0.04,0.34 ,0.991598, 0.00356819,0.00483376,0.00840195
0.04,0.35 ,0.991185, 0.00357719,0.00523767,0.00881486
0.04,0.36 ,0.990657, 0.00358662,0.00575603,0.00934266
0.04,0.37 ,0.989956, 0.00359653,0.00644783,0.0100444
0.04,0.38 ,0.988973, 0.00360695,0.00742026,0.0110272
0.04,0.39 ,0.987494, 0.00361793,0.00888821,0.0125061
0.04,0.4 ,0.985029, 0.00362953,0.0113414,0.0149709
0.04,0.41 ,0.980276, 0.00364183,0.0160826,0.0197244
0.04,0.42 ,0.969497, 0.00365489,0.0268473,0.0305021
0.04,0.43 ,0.946284, 0.0036688,0.0500442,0.053713
0.04,0.44 ,0.912373, 0.00368367,0.0839425,0.0876262
0.04,0.45 ,0.875372, 0.00369962,0.120928,0.124628
0.04,0.46 ,0.838631, 0.00371679,0.157653,0.161369
0.04,0.47 ,0.803155, 0.00373533,0.19311,0.196845
0.04,0.48 ,0.76924, 0.00375544,0.227005,0.23076
0.04,0.49 ,0.736944, 0.00377734,0.259278,0.263056
0.04,0.5 ,0.70624, 0.00380125,0.289958,0.29376
0.04,0.51 ,0.677066, 0.00382746,0.319107,0.322934
0.04,0.52 ,0.649347, 0.00385626,0.346797,0.350653
0.04,0.53 ,0.623005, 0.00388796,0.373107,0.376995
0.04,0.54 ,0.597964, 0.00392288,0.398113,0.402036
0.04,0.55 ,0.574149, 0.00396138,0.42189,0.425851
0.04,0.56 ,0.55149, 0.00400379,0.444506,0.44851
0.04,0.57 ,0.529921, 0.00405044,0.466029,0.470079
0.04,0.58 ,0.509379, 0.00410167,0.486519,0.490621
0.04,0.59 ,0.489808, 0.00415778,0.506035,0.510192
0.04,0.6 ,0.471151, 0.00421907,0.52463,0.528849
0.04,0.61 ,0.453358, 0.00428581,0.542356,0.546642
0.04,0.62 ,0.436382, 0.00435824,0.55926,0.563618
0.04,0.63 ,0.420178, 0.00443657,0.575386,0.579822
0.04,0.64 ,0.404704, 0.00452099,0.590775,0.595296
0.04,0.65 ,0.389922, 0.00461165,0.605466,0.610078
0.04,0.66 ,0.375796, 0.00470867,0.619495,0.624204
0.04,0.67 ,0.36229, 0.00481216,0.632898,0.63771
0.04,0.68 ,0.349374, 0.00492217,0.645704,0.650626
0.04,0.69 ,0.337016, 0.00503875,0.657945,0.662984
0.04,0.7 ,0.325189, 0.00516191,0.669649,0.674811
0.04,0.71 ,0.313866, 0.00529164,0.680842,0.686134
0.04,0.72 ,0.303023, 0.00542791,0.691549,0.696977
0.04,0.73 ,0.292635, 0.00557067,0.701794,0.707365
0.04,0.74 ,0.282681, 0.00571985,0.711599,0.717319
0.04,0.75 ,0.273139, 0.00587536,0.720985,0.726861
0.04,0.76 ,0.263991, 0.0060371,0.729972,0.736009
0.04,0.77 ,0.255217, 0.00620496,0.738578,0.744783
0.04,0.78 ,0.2468, 0.00637881,0.746821,0.7532
0.04,0.79 ,0.238724, 0.00655852,0.754718,0.761276
0.04,0.8 ,0.230972, 0.00674394,0.762284,0.769028
0.04,0.81 ,0.223531, 0.00693492,0.769534,0.776469
0.04,0.82 ,0.216386, 0.00713131,0.776483,0.783614
0.04,0.83 ,0.209523, 0.00733295,0.783144,0.790477
0.04,0.84 ,0.20293, 0.00753966,0.78953,0.79707
0.04,0.85 ,0.196596, 0.00775129,0.795652,0.803404
0.04,0.86 ,0.190509, 0.00796767,0.801523,0.809491
0.04,0.87 ,0.184658, 0.00818861,0.807153,0.815342
0.04,0.88 ,0.179034, 0.00841397,0.812552,0.820966
0.04,0.89 ,0.173625, 0.00864355,0.817731,0.826375
0.04,0.9 ,0.168425, 0.0088772,0.822698,0.831575
0.04,0.91 ,0.163422, 0.00911475,0.827463,0.836578
0.04,0.92 ,0.15861, 0.00935602,0.832034,0.84139
0.04,0.93 ,0.153981, 0.00960086,0.836418,0.846019
0.04,0.94 ,0.149526, 0.0098491,0.840625,0.850474
0.04,0.95 ,0.145239, 0.0101006,0.84466,0.854761
0.04,0.96 ,0.141113, 0.0103552,0.848532,0.858887
0.04,0.97 ,0.137141, 0.0106127,0.852246,0.862859
0.04,0.98 ,0.133318, 0.010873,0.855809,0.866682
0.04,0.99 ,0.129637, 0.0111359,0.859228,0.870363
0.04,1 ,0.126092, 0.0114013,0.862507,0.873908
0.05,0 ,0.994551, 0.00339183,0.00205707,0.00544891
0.05,0.01 ,0.994525, 0.00339516,0.00207962,0.00547478
0.05,0.02 ,0.994498, 0.00339855,0.00210306,0.00550161
0.05,0.03 ,0.994471, 0.00340201,0.00212744,0.00552945
0.05,0.04 ,0.994442, 0.00340554,0.00215284,0.00555838
0.05,0.05 ,0.994412, 0.00340915,0.00217932,0.00558847
0.05,0.06 ,0.99438, 0.00341283,0.00220697,0.00561981
0.05,0.07 ,0.994348, 0.0034166,0.00223588,0.00565248
0.05,0.08 ,0.994313, 0.00342045,0.00226614,0.00568659
0.05,0.09 ,0.994278, 0.00342439,0.00229786,0.00572225
0.05,0.1 ,0.99424, 0.00342842,0.00233116,0.00575959
0.05,0.11 ,0.994201, 0.00343255,0.00236619,0.00579874
0.05,0.12 ,0.99416, 0.00343678,0.0024031,0.00583988
0.05,0.13 ,0.994117, 0.00344111,0.00244205,0.00588317
0.05,0.14 ,0.994071, 0.00344556,0.00248326,0.00592881
0.05,0.15 ,0.994023, 0.00345011,0.00252694,0.00597705
0.05,0.16 ,0.993972, 0.00345479,0.00257334,0.00602814
0.05,0.17 ,0.993918, 0.0034596,0.00262278,0.00608238
0.05,0.18 ,0.99386, 0.00346454,0.00267558,0.00614012
0.05,0.19 ,0.993798, 0.00346962,0.00273215,0.00620177
0.05,0.2 ,0.993732, 0.00347485,0.00279296,0.00626781
0.05,0.21 ,0.993661, 0.00348024,0.00285855,0.00633879
0.05,0.22 ,0.993585, 0.00348578,0.00292959,0.00641537
0.05,0.23 ,0.993502, 0.00349151,0.00300685,0.00649836
0.05,0.24 ,0.993411, 0.00349742,0.00309128,0.0065887
0.05,0.25 ,0.993312, 0.00350352,0.00318406,0.00668758
0.05,0.26 ,0.993204, 0.00350984,0.00328661,0.00679644
0.05,0.27 ,0.993083, 0.00351637,0.00340073,0.0069171
0.05,0.28 ,0.992948, 0.00352315,0.00352869,0.00705184
0.05,0.29 ,0.992796, 0.00353017,0.00367345,0.00720362
0.05,0.3 ,0.992624, 0.00353747,0.00383885,0.00737632
0.05,0.31 ,0.992425, 0.00354506,0.00403006,0.00757512
0.05,0.32 ,0.992193, 0.00355296,0.00425416,0.00780712
0.05,0.33 ,0.991918, 0.0035612,0.00452114,0.00808235
0.05,0.34 ,0.991585, 0.00356981,0.00484555,0.00841536
0.05,0.35 ,0.991172, 0.00357881,0.00524941,0.00882822
0.05,0.36 ,0.990644, 0.00358824,0.0057677,0.00935594
0.05,0.37 ,0.989942, 0.00359814,0.00645938,0.0100575
0.05,0.38 ,0.98896, 0.00360856,0.0074316,0.0110402
0.05,0.39 ,0.987481, 0.00361954,0.00889917,0.0125187
0.05,0.4 ,0.985017, 0.00363115,0.0113516,0.0149827
0.05,0.41 ,0.980266, 0.00364344,0.0160907,0.0197341
0.05,0.42 ,0.969493, 0.0036565,0.0268498,0.0305063
0.05,0.43 ,0.946289, 0.00367041,0.050038,0.0537084
0.05,0.44 ,0.912382, 0.00368528,0.0839316,0.0876169
0.05,0.45 ,0.875383, 0.00370123,0.120916,0.124617
0.05,0.46 ,0.838642, 0.0037184,0.15764,0.161358
0.05,0.47 ,0.803166, 0.00373694,0.193097,0.196834
0.05,0.48 ,0.769251, 0.00375705,0.226992,0.230749
0.05,0.49 ,0.736955, 0.00377894,0.259266,0.263045
0.05,0.5 ,0.706251, 0.00380286,0.289946,0.293749
0.05,0.51 ,0.677077, 0.00382906,0.319094,0.322923
0.05,0.52 ,0.649357, 0.00385786,0.346785,0.350643
0.05,0.53 ,0.623015, 0.00388955,0.373095,0.376985
0.05,0.54 ,0.597974, 0.00392447,0.398102,0.402026
0.05,0.55 ,0.574158, 0.00396297,0.421879,0.425842
0.05,0.56 ,0.551499, 0.00400537,0.444495,0.448501
0.05,0.57 ,0.52993, 0.00405202,0.466018,0.47007
0.05,0.58 ,0.509388, 0.00410324,0.486508,0.490612
0.05,0.59 ,0.489816, 0.00415935,0.506024,0.510184
0.05,0.6 ,0.471159, 0.00422063,0.52462,0.528841
0.05,0.61 ,0.453366, 0.00428737,0.542346,0.546634
0.05,0.62 ,0.43639, 0.00435979,0.55925,0.56361
0.05,0.63 ,0.420186, 0.00443811,0.575376,0.579814
0.05,0.64 ,0.404712, 0.00452252,0.590765,0.595288
0.05,0.65 ,0.38993, 0.00461317,0.605457,0.61007
0.05,0.66 ,0.375803, 0.00471019,0.619487,0.624197
0.05,0.67 ,0.362297, 0.00481367,0.632889,0.637703
0.05,0.68 ,0.349381, 0.00492367,0.645696,0.650619
0.05,0.69 ,0.337023, 0.00504024,0.657937,0.662977
0.05,0.7 ,0.325196, 0.00516339,0.669641,0.674804
0.05,0.71 ,0.313873, 0.00529311,0.680834,0.686127
0.05,0.72 ,0.303029, 0.00542938,0.691541,0.696971
0.05,0.73 ,0.292641, 0.00557213,0.701787,0.707359
0.05,0.74 ,0.282687, 0.00572129,0.711592,0.717313
0.05,0.75 ,0.273145, 0.00587679,0.720978,0.726855
0.05,0.76 ,0.263997, 0.00603853,0.729965,0.736003
0.05,0.77 ,0.255223, 0.00620637,0.738571,0.744777
0.05,0.78 ,0.246806, 0.00638021,0.746814,0.753194
0.05,0.79 ,0.238729, 0.00655991,0.754711,0.761271
0.05,0.8 ,0.230978, 0.00674532,0.762277,0.769022
0.05,0.81 ,0.223536, 0.00693629,0.769528,0.776464
0.05,0.82 ,0.216391, 0.00713267,0.776477,0.783609
0.05,0.83 ,0.209528, 0.00733429,0.783138,0.790472
0.05,0.84 ,0.202935, 0.007541,0.789524,0.797065
0.05,0.85 ,0.196601, 0.00775261,0.795646,0.803399
0.05,0.86 ,0.190514, 0.00796898,0.801517,0.809486
0.05,0.87 ,0.184663, 0.00818991,0.807147,0.815337
0.05,0.88 ,0.179038, 0.00841525,0.812547,0.820962
0.05,0.89 ,0.17363, 0.00864483,0.817725,0.82637
0.05,0.9 ,0.168429, 0.00887847,0.822693,0.831571
0.05,0.91 ,0.163426, 0.009116,0.827458,0.836574
0.05,0.92 ,0.158614, 0.00935726,0.832028,0.841386
0.05,0.93 ,0.153985, 0.00960209,0.836413,0.846015
0.05,0.94 ,0.14953, 0.00985032,0.84062,0.85047
0.05,0.95 ,0.145243, 0.0101018,0.844656,0.854757
0.05,0.96 ,0.141116, 0.0103564,0.848527,0.858884
0.05,0.97 ,0.137145, 0.0106139,0.852241,0.862855
0.05,0.98 ,0.133321, 0.0108741,0.855805,0.866679
0.05,0.99 ,0.12964, 0.0111371,0.859223,0.87036
0.05,1 ,0.126095, 0.0114025,0.862502,0.873905
0.06,0 ,0.994537, 0.00339348,0.00206935,0.00546283
0.06,0.01 ,0.994511, 0.0033968,0.0020919,0.00548871
0.06,0.02 ,0.994484, 0.00340019,0.00211534,0.00551553
0.06,0.03 ,0.994457, 0.00340365,0.00213972,0.00554337
0.06,0.04 ,0.994428, 0.00340718,0.00216512,0.0055723
0.06,0.05 ,0.994398, 0.00341079,0.0021916,0.00560239
0.06,0.06 ,0.994366, 0.00341448,0.00221925,0.00563373
0.06,0.07 ,0.994334, 0.00341824,0.00224816,0.0056664
0.06,0.08 ,0.994299, 0.0034221,0.00227841,0.00570051
0.06,0.09 ,0.994264, 0.00342603,0.00231013,0.00573617
0.06,0.1 ,0.994226, 0.00343007,0.00234344,0.00577351
0.06,0.11 ,0.994187, 0.00343419,0.00237847,0.00581266
0.06,0.12 ,0.994146, 0.00343842,0.00241537,0.00585379
0.06,0.13 ,0.994103, 0.00344276,0.00245433,0.00589708
0.06,0.14 ,0.994057, 0.0034472,0.00249553,0.00594273
0.06,0.15 ,0.994009, 0.00345176,0.0025392,0.00599096
0.06,0.16 ,0.993958, 0.00345644,0.00258561,0.00604205
0.06,0.17 ,0.993904, 0.00346125,0.00263504,0.00609629
0.06,0.18 ,0.993846, 0.00346619,0.00268784,0.00615403
0.06,0.19 ,0.993784, 0.00347127,0.00274441,0.00621568
0.06,0.2 ,0.993718, 0.00347649,0.00280522,0.00628171
0.06,0.21 ,0.993647, 0.00348188,0.00287081,0.00635269
0.06,0.22 ,0.993571, 0.00348743,0.00294184,0.00642927
0.06,0.23 ,0.993488, 0.00349315,0.0030191,0.00651225
0.06,0.24 ,0.993397, 0.00349906,0.00310353,0.00660259
0.06,0.25 ,0.993299, 0.00350517,0.0031963,0.00670147
0.06,0.26 ,0.99319, 0.00351148,0.00329884,0.00681032
0.06,0.27 ,0.993069, 0.00351802,0.00341296,0.00693097
0.06,0.28 ,0.992934, 0.00352479,0.00354091,0.0070657
0.06,0.29 ,0.992783, 0.00353181,0.00368566,0.00721747
0.06,0.3 ,0.99261, 0.00353911,0.00385105,0.00739016
0.06,0.31 ,0.992411, 0.0035467,0.00404224,0.00758894
0.06,0.32 ,0.992179, 0.0035546,0.00426632,0.00782092
0.06,0.33 ,0.991904, 0.00356284,0.00453328,0.00809612
0.06,0.34 ,0.991571, 0.00357145,0.00485765,0.0084291
0.06,0.35 ,0.991158, 0.00358045,0.00526146,0.0088419
0.06,0.36 ,0.99063, 0.00358988,0.00577967,0.00936955
0.06,0.37 ,0.989929, 0.00359978,0.00647122,0.010071
0.06,0.38 ,0.988947, 0.0036102,0.00744324,0.0110534
0.06,0.39 ,0.987468, 0.00362118,0.00891041,0.0125316
0.06,0.4 ,0.985005, 0.00363279,0.011362,0.0149948
0.06,0.41 ,0.980256, 0.00364508,0.016099,0.0197441
0.06,0.42 ,0.969489, 0.00365814,0.0268525,0.0305106
0.06,0.43 ,0.946293, 0.00367205,0.0500317,0.0537038
0.06,0.44 ,0.912392, 0.00368692,0.0839204,0.0876073
0.06,0.45 ,0.875394, 0.00370287,0.120903,0.124606
0.06,0.46 ,0.838653, 0.00372003,0.157627,0.161347
0.06,0.47 ,0.803178, 0.00373857,0.193084,0.196822
0.06,0.48 ,0.769263, 0.00375868,0.226979,0.230737
0.06,0.49 ,0.736967, 0.00378057,0.259253,0.263033
0.06,0.5 ,0.706262, 0.00380448,0.289933,0.293738
0.06,0.51 ,0.677087, 0.00383069,0.319082,0.322913
0.06,0.52 ,0.649368, 0.00385948,0.346773,0.350632
0.06,0.53 ,0.623025, 0.00389117,0.373083,0.376975
0.06,0.54 ,0.597984, 0.00392609,0.39809,0.402016
0.06,0.55 ,0.574168, 0.00396458,0.421867,0.425832
0.06,0.56 ,0.551509, 0.00400698,0.444484,0.448491
0.06,0.57 ,0.529939, 0.00405362,0.466007,0.470061
0.06,0.58 ,0.509398, 0.00410484,0.486498,0.490602
0.06,0.59 ,0.489825, 0.00416094,0.506014,0.510175
0.06,0.6 ,0.471168, 0.00422222,0.52461,0.528832
0.06,0.61 ,0.453375, 0.00428895,0.542336,0.546625
0.06,0.62 ,0.436398, 0.00436136,0.55924,0.563602
0.06,0.63 ,0.420194, 0.00443968,0.575367,0.579806
0.06,0.64 ,0.40472, 0.00452408,0.590756,0.59528
0.06,0.65 ,0.389938, 0.00461472,0.605448,0.610062
0.06,0.66 ,0.375811, 0.00471173,0.619478,0.624189
0.06,0.67 ,0.362305, 0.0048152,0.63288,0.637695
0.06,0.68 ,0.349388, 0.00492519,0.645687,0.650612
0.06,0.69 ,0.33703, 0.00504175,0.657928,0.66297
0.06,0.7 ,0.325203, 0.0051649,0.669632,0.674797
0.06,0.71 ,0.31388, 0.00529461,0.680826,0.68612
0.06,0.72 ,0.303036, 0.00543086,0.691533,0.696964
0.06,0.73 ,0.292648, 0.0055736,0.701779,0.707352
0.06,0.74 ,0.282693, 0.00572276,0.711584,0.717307
0.06,0.75 ,0.273151, 0.00587825,0.72097,0.726849
0.06,0.76 ,0.264003, 0.00603997,0.729957,0.735997
0.06,0.77 ,0.255229, 0.0062078,0.738564,0.744771
0.06,0.78 ,0.246811, 0.00638163,0.746807,0.753189
0.06,0.79 ,0.238735, 0.00656132,0.754704,0.761265
0.06,0.8 ,0.230983, 0.00674672,0.76227,0.769017
0.06,0.81 ,0.223541, 0.00693768,0.769521,0.776459
0.06,0.82 ,0.216396, 0.00713404,0.77647,0.783604
0.06,0.83 ,0.209533, 0.00733566,0.783132,0.790467
0.06,0.84 ,0.20294, 0.00754235,0.789518,0.79706
0.06,0.85 ,0.196606, 0.00775395,0.79564,0.803394
0.06,0.86 ,0.190518, 0.0079703,0.801511,0.809482
0.06,0.87 ,0.184667, 0.00819123,0.807141,0.815333
0.06,0.88 ,0.179042, 0.00841656,0.812541,0.820958
0.06,0.89 ,0.173634, 0.00864612,0.81772,0.826366
0.06,0.9 ,0.168433, 0.00887975,0.822687,0.831567
0.06,0.91 ,0.16343, 0.00911727,0.827452,0.83657
0.06,0.92 ,0.158618, 0.00935852,0.832023,0.841382
0.06,0.93 ,0.153988, 0.00960334,0.836408,0.846012
0.06,0.94 ,0.149534, 0.00985156,0.840615,0.850466
0.06,0.95 ,0.145246, 0.010103,0.844651,0.854754
0.06,0.96 ,0.14112, 0.0103576,0.848522,0.85888
0.06,0.97 ,0.137148, 0.0106151,0.852237,0.862852
0.06,0.98 ,0.133325, 0.0108753,0.8558,0.866675
0.06,0.99 ,0.129643, 0.0111382,0.859219,0.870357
0.06,1 ,0.126099, 0.0114037,0.862498,0.873901
0.07,0 ,0.994523, 0.00339515,0.00208195,0.00547711
0.07,0.01 ,0.994497, 0.00339847,0.0021045,0.00550298
0.07,0.02 ,0.99447, 0.00340186,0.00212794,0.0055298
0.07,0.03 ,0.994442, 0.00340532,0.00215232,0.00555765
0.07,0.04 ,0.994413, 0.00340885,0.00217772,0.00558657
0.07,0.05 ,0.994383, 0.00341246,0.0022042,0.00561666
0.07,0.06 ,0.994352, 0.00341615,0.00223185,0.005648
0.07,0.07 ,0.994319, 0.00341991,0.00226075,0.00568067
0.07,0.08 ,0.994285, 0.00342376,0.00229101,0.00571477
0.07,0.09 ,0.99425, 0.0034277,0.00232273,0.00575043
0.07,0.1 ,0.994212, 0.00343174,0.00235603,0.00578777
0.07,0.11 ,0.994173, 0.00343586,0.00239106,0.00582692
0.07,0.12 ,0.994132, 0.00344009,0.00242796,0.00586806
0.07,0.13 ,0.994089, 0.00344443,0.00246692,0.00591134
0.07,0.14 ,0.994043, 0.00344887,0.00250812,0.00595699
0.07,0.15 ,0.993995, 0.00345343,0.00255179,0.00600522
0.07,0.16 ,0.993944, 0.00345811,0.0025982,0.00605631
0.07,0.17 ,0.993889, 0.00346291,0.00264763,0.00611054
0.07,0.18 ,0.993832, 0.00346785,0.00270043,0.00616828
0.07,0.19 ,0.99377, 0.00347293,0.002757,0.00622993
0.07,0.2 ,0.993704, 0.00347816,0.0028178,0.00629596
0.07,0.21 ,0.993633, 0.00348355,0.00288339,0.00636693
0.07,0.22 ,0.993556, 0.0034891,0.00295441,0.00644351
0.07,0.23 ,0.993474, 0.00349482,0.00303167,0.00652649
0.07,0.24 ,0.993383, 0.00350073,0.0031161,0.00661682
0.07,0.25 ,0.993284, 0.00350683,0.00320886,0.00671569
0.07,0.26 ,0.993175, 0.00351315,0.0033114,0.00682455
0.07,0.27 ,0.993055, 0.00351968,0.0034255,0.00694519
0.07,0.28 ,0.99292, 0.00352645,0.00355345,0.00707991
0.07,0.29 ,0.992768, 0.00353348,0.00369819,0.00723167
0.07,0.3 ,0.992596, 0.00354078,0.00386356,0.00740434
0.07,0.31 ,0.992397, 0.00354837,0.00405474,0.00760311
0.07,0.32 ,0.992165, 0.00355627,0.0042788,0.00783507
0.07,0.33 ,0.99189, 0.00356451,0.00454573,0.00811024
0.07,0.34 ,0.991557, 0.00357311,0.00487006,0.00844318
0.07,0.35 ,0.991144, 0.00358211,0.00527382,0.00885593
0.07,0.36 ,0.990617, 0.00359154,0.00579195,0.00938349
0.07,0.37 ,0.989915, 0.00360145,0.00648338,0.0100848
0.07,0.38 ,0.988933, 0.00361186,0.00745518,0.011067
0.07,0.39 ,0.987455, 0.00362284,0.00892196,0.0125448
0.07,0.4 ,0.984993, 0.00363445,0.0113727,0.0150071
0.07,0.41 ,0.980246, 0.00364674,0.0161075,0.0197543
0.07,0.42 ,0.969484, 0.0036598,0.0268552,0.030515
0.07,0.43 ,0.946298, 0.00367371,0.0500253,0.053699
0.07,0.44 ,0.912401, 0.00368858,0.083909,0.0875976
0.07,0.45 ,0.875405, 0.00370452,0.12089,0.124595
0.07,0.46 ,0.838665, 0.00372169,0.157613,0.161335
0.07,0.47 ,0.80319, 0.00374023,0.19307,0.19681
0.07,0.48 ,0.769274, 0.00376033,0.226965,0.230726
0.07,0.49 ,0.736978, 0.00378222,0.25924,0.263022
0.07,0.5 ,0.706274, 0.00380613,0.28992,0.293726
0.07,0.51 ,0.677098, 0.00383233,0.319069,0.322902
0.07,0.52 ,0.649379, 0.00386112,0.34676,0.350621
0.07,0.53 ,0.623036, 0.00389281,0.373071,0.376964
0.07,0.54 ,0.597994, 0.00392773,0.398078,0.402006
0.07,0.55 ,0.574178, 0.00396621,0.421855,0.425822
0.07,0.56 ,0.551519, 0.00400861,0.444473,0.448481
0.07,0.57 ,0.529949, 0.00405525,0.465996,0.470051
0.07,0.58 ,0.509407, 0.00410646,0.486487,0.490593
0.07,0.59 ,0.489834, 0.00416255,0.506003,0.510166
0.07,0.6 ,0.471177, 0.00422383,0.524599,0.528823
0.07,0.61 ,0.453383, 0.00429055,0.542326,0.546617
0.07,0.62 ,0.436407, 0.00436296,0.55923,0.563593
0.07,0.63 ,0.420202, 0.00444126,0.575357,0.579798
0.07,0.64 ,0.404728, 0.00452566,0.590746,0.595272
0.07,0.65 ,0.389946, 0.00461629,0.605438,0.610054
