Betapv,Betamv,V,Rs,Rv,P
0,0 ,0.993235, 0.00476453,0.002,0.00676453
0,0.01 ,0.993183, 0.00476576,0.00205173,0.00681748
0,0.02 ,0.993127, 0.00476699,0.00210602,0.00687301
0,0.03 ,0.993069, 0.00476824,0.00216306,0.0069313
0,0.04 ,0.993007, 0.0047695,0.00222307,0.00699257
0,0.05 ,0.992943, 0.00477077,0.0022863,0.00705706
0,0.06 ,0.992875, 0.00477204,0.00235299,0.00712503
0,0.07 ,0.992803, 0.00477333,0.00242344,0.00719677
0,0.08 ,0.992727, 0.00477463,0.00249798,0.00727261
0,0.09 ,0.992647, 0.00477593,0.00257698,0.00735291
0,0.1 ,0.992562, 0.00477725,0.00266084,0.00743809
0,0.11 ,0.992471, 0.00477857,0.00275003,0.0075286
0,0.12 ,0.992375, 0.00477991,0.00284506,0.00762497
0,0.13 ,0.992272, 0.00478125,0.00294653,0.00772779
0,0.14 ,0.992162, 0.00478261,0.00305512,0.00783773
0,0.15 ,0.992044, 0.00478397,0.00317159,0.00795556
0,0.16 ,0.991918, 0.00478535,0.00329683,0.00808218
0,0.17 ,0.991781, 0.00478674,0.00343186,0.0082186
0,0.18 ,0.991634, 0.00478814,0.00357788,0.00836602
0,0.19 ,0.991474, 0.00478955,0.00373628,0.00852583
0,0.2 ,0.9913, 0.00479097,0.00390869,0.00869966
0,0.21 ,0.991111, 0.0047924,0.00409705,0.00888945
0,0.22 ,0.990903, 0.00479384,0.00430365,0.00909749
0,0.23 ,0.990673, 0.0047953,0.00453127,0.00932657
0,0.24 ,0.99042, 0.00479677,0.00478327,0.00958004
0,0.25 ,0.990138, 0.00479825,0.00506376,0.009862
0,0.26 ,0.989822, 0.00479974,0.0053778,0.0101775
0,0.27 ,0.989467, 0.00480124,0.00573175,0.010533
0,0.28 ,0.989064, 0.00480276,0.00613365,0.0109364
0,0.29 ,0.988602, 0.00480428,0.00659383,0.0113981
0,0.3 ,0.988068, 0.00480582,0.00712577,0.0119316
0,0.31 ,0.987445, 0.00480738,0.00774742,0.0125548
0,0.32 ,0.986708, 0.00480895,0.00848308,0.013292
0,0.33 ,0.985823, 0.00481053,0.00936655,0.0141771
0,0.34 ,0.984742, 0.00481212,0.010446,0.0152581
0,0.35 ,0.983394, 0.00481373,0.0117923,0.0166061
0,0.36 ,0.981671, 0.00481535,0.0135135,0.0183288
0,0.37 ,0.979403, 0.00481698,0.0157803,0.0205973
0,0.38 ,0.976306, 0.00481863,0.0188756,0.0236942
0,0.39 ,0.971894, 0.0048203,0.0232859,0.0281062
0,0.4 ,0.96531, 0.00482197,0.0298681,0.0346901
0,0.41 ,0.955104, 0.00482367,0.0400727,0.0448964
0,0.42 ,0.939296, 0.00482537,0.0558789,0.0607043
0,0.43 ,0.916589, 0.0048271,0.0785837,0.0834108
0,0.44 ,0.888015, 0.00482884,0.107156,0.111985
0,0.45 ,0.856147, 0.00483059,0.139022,0.143853
0,0.46 ,0.823172, 0.00483236,0.171995,0.176828
0,0.47 ,0.790367, 0.00483415,0.204798,0.209633
0,0.48 ,0.758378, 0.00483595,0.236786,0.241622
0,0.49 ,0.727507, 0.00483777,0.267656,0.272493
0,0.5 ,0.697882, 0.0048396,0.297278,0.302118
0,0.51 ,0.669543, 0.00484145,0.325615,0.330457
0,0.52 ,0.642479, 0.00484332,0.352677,0.357521
0,0.53 ,0.616658, 0.00484521,0.378497,0.383342
0,0.54 ,0.592031, 0.00484712,0.403122,0.407969
0,0.55 ,0.568546, 0.00484904,0.426605,0.431454
0,0.56 ,0.54615, 0.00485098,0.448999,0.45385
0,0.57 ,0.524786, 0.00485294,0.470361,0.475214
0,0.58 ,0.504401, 0.00485492,0.490744,0.495599
0,0.59 ,0.484944, 0.00485691,0.510199,0.515056
0,0.6 ,0.466366, 0.00485893,0.528775,0.533634
0,0.61 ,0.44862, 0.00486097,0.546519,0.55138
0,0.62 ,0.431661, 0.00486302,0.563476,0.568339
0,0.63 ,0.415449, 0.0048651,0.579686,0.584551
0,0.64 ,0.399943, 0.0048672,0.595189,0.600057
0,0.65 ,0.385108, 0.00486932,0.610023,0.614892
0,0.66 ,0.370907, 0.00487146,0.624221,0.629093
0,0.67 ,0.357309, 0.00487362,0.637817,0.642691
0,0.68 ,0.344283, 0.0048758,0.650841,0.655717
0,0.69 ,0.3318, 0.004878,0.663322,0.6682
0,0.7 ,0.319833, 0.00488023,0.675287,0.680167
0,0.71 ,0.308356, 0.00488248,0.686761,0.691644
0,0.72 ,0.297346, 0.00488475,0.69777,0.702654
0,0.73 ,0.286779, 0.00488705,0.708334,0.713221
0,0.74 ,0.276635, 0.00488937,0.718476,0.723365
0,0.75 ,0.266893, 0.00489171,0.728216,0.733107
0,0.76 ,0.257534, 0.00489408,0.737572,0.742466
0,0.77 ,0.248541, 0.00489648,0.746563,0.751459
0,0.78 ,0.239896, 0.0048989,0.755205,0.760104
0,0.79 ,0.231584, 0.00490134,0.763514,0.768416
0,0.8 ,0.22359, 0.00490381,0.771506,0.77641
0,0.81 ,0.215899, 0.00490631,0.779195,0.784101
0,0.82 ,0.208498, 0.00490883,0.786593,0.791502
0,0.83 ,0.201374, 0.00491138,0.793715,0.798626
0,0.84 ,0.194515, 0.00491396,0.800571,0.805485
0,0.85 ,0.18791, 0.00491657,0.807174,0.81209
0,0.86 ,0.181547, 0.00491921,0.813534,0.818453
0,0.87 ,0.175416, 0.00492187,0.819662,0.824584
0,0.88 ,0.169508, 0.00492456,0.825567,0.830492
0,0.89 ,0.163814, 0.00492729,0.831259,0.836186
0,0.9 ,0.158323, 0.00493004,0.836747,0.841677
0,0.91 ,0.153029, 0.00493283,0.842038,0.846971
0,0.92 ,0.147923, 0.00493564,0.847141,0.852077
0,0.93 ,0.142997, 0.00493849,0.852064,0.857003
0,0.94 ,0.138244, 0.00494136,0.856814,0.861756
0,0.95 ,0.133658, 0.00494428,0.861398,0.866342
0,0.96 ,0.129231, 0.00494722,0.865821,0.870769
0,0.97 ,0.124958, 0.00495019,0.870092,0.875042
0,0.98 ,0.120832, 0.0049532,0.874215,0.879168
0,0.99 ,0.116848, 0.00495625,0.878196,0.883152
0,1 ,0.113, 0.00495933,0.88204,0.887
0.01,0 ,0.993188, 0.00476685,0.00204522,0.00681206
0.01,0.01 ,0.993135, 0.00476808,0.00209694,0.00686502
0.01,0.02 ,0.993079, 0.00476932,0.00215123,0.00692054
0.01,0.03 ,0.993021, 0.00477056,0.00220827,0.00697883
0.01,0.04 ,0.99296, 0.00477182,0.00226828,0.0070401
0.01,0.05 ,0.992895, 0.00477309,0.0023315,0.00710459
0.01,0.06 ,0.992827, 0.00477436,0.00239819,0.00717255
0.01,0.07 ,0.992756, 0.00477565,0.00246864,0.00724429
0.01,0.08 ,0.99268, 0.00477695,0.00254318,0.00732012
0.01,0.09 ,0.9926, 0.00477825,0.00262217,0.00740042
0.01,0.1 ,0.992514, 0.00477957,0.00270603,0.00748559
0.01,0.11 ,0.992424, 0.00478089,0.00279521,0.0075761
0.01,0.12 ,0.992328, 0.00478223,0.00289023,0.00767246
0.01,0.13 ,0.992225, 0.00478357,0.0029917,0.00777527
0.01,0.14 ,0.992115, 0.00478493,0.00310027,0.0078852
0.01,0.15 ,0.991997, 0.00478629,0.00321673,0.00800302
0.01,0.16 ,0.99187, 0.00478767,0.00334196,0.00812963
0.01,0.17 ,0.991734, 0.00478906,0.00347698,0.00826604
0.01,0.18 ,0.991587, 0.00479046,0.00362299,0.00841345
0.01,0.19 ,0.991427, 0.00479187,0.00378137,0.00857324
0.01,0.2 ,0.991253, 0.00479329,0.00395377,0.00874705
0.01,0.21 ,0.991063, 0.00479472,0.0041421,0.00893682
0.01,0.22 ,0.990855, 0.00479616,0.00434868,0.00914484
0.01,0.23 ,0.990626, 0.00479762,0.00457627,0.00937389
0.01,0.24 ,0.990373, 0.00479909,0.00482824,0.00962732
0.01,0.25 ,0.990091, 0.00480056,0.00510868,0.00990924
0.01,0.26 ,0.989775, 0.00480206,0.00542267,0.0102247
0.01,0.27 ,0.98942, 0.00480356,0.00577655,0.0105801
0.01,0.28 ,0.989017, 0.00480507,0.00617838,0.0109834
0.01,0.29 ,0.988555, 0.0048066,0.00663846,0.0114451
0.01,0.3 ,0.988022, 0.00480814,0.00717028,0.0119784
0.01,0.31 ,0.987399, 0.0048097,0.00779176,0.0126015
0.01,0.32 ,0.986662, 0.00481126,0.00852722,0.0133385
0.01,0.33 ,0.985777, 0.00481284,0.00941041,0.0142233
0.01,0.34 ,0.984696, 0.00481444,0.0104895,0.0153039
0.01,0.35 ,0.983349, 0.00481604,0.0118353,0.0166513
0.01,0.36 ,0.981627, 0.00481767,0.0135556,0.0183732
0.01,0.37 ,0.979359, 0.0048193,0.0158212,0.0206405
0.01,0.38 ,0.976264, 0.00482095,0.0189146,0.0237355
0.01,0.39 ,0.971856, 0.00482261,0.0233216,0.0281442
0.01,0.4 ,0.965277, 0.00482429,0.0298983,0.0347226
0.01,0.41 ,0.95508, 0.00482598,0.0400935,0.0449195
0.01,0.42 ,0.939287, 0.00482769,0.0558855,0.0607132
0.01,0.43 ,0.916596, 0.00482941,0.0785743,0.0834037
0.01,0.44 ,0.888035, 0.00483115,0.107134,0.111965
0.01,0.45 ,0.856175, 0.00483291,0.138992,0.143825
0.01,0.46 ,0.823204, 0.00483468,0.171961,0.176796
0.01,0.47 ,0.790401, 0.00483646,0.204762,0.209599
0.01,0.48 ,0.758412, 0.00483826,0.236749,0.241588
0.01,0.49 ,0.727542, 0.00484008,0.267618,0.272458
0.01,0.5 ,0.697917, 0.00484192,0.297241,0.302083
0.01,0.51 ,0.669578, 0.00484377,0.325578,0.330422
0.01,0.52 ,0.642514, 0.00484564,0.352641,0.357486
0.01,0.53 ,0.616691, 0.00484753,0.378461,0.383309
0.01,0.54 ,0.592064, 0.00484943,0.403087,0.407936
0.01,0.55 ,0.568579, 0.00485135,0.42657,0.431421
0.01,0.56 ,0.546181, 0.00485329,0.448965,0.453819
0.01,0.57 ,0.524817, 0.00485525,0.470328,0.475183
0.01,0.58 ,0.504432, 0.00485723,0.490711,0.495568
0.01,0.59 ,0.484974, 0.00485923,0.510167,0.515026
0.01,0.6 ,0.466395, 0.00486125,0.528743,0.533605
0.01,0.61 ,0.448649, 0.00486328,0.546488,0.551351
0.01,0.62 ,0.431689, 0.00486534,0.563445,0.568311
0.01,0.63 ,0.415476, 0.00486742,0.579656,0.584524
0.01,0.64 ,0.39997, 0.00486951,0.59516,0.60003
0.01,0.65 ,0.385134, 0.00487163,0.609994,0.614866
0.01,0.66 ,0.370933, 0.00487377,0.624193,0.629067
0.01,0.67 ,0.357334, 0.00487593,0.63779,0.642666
0.01,0.68 ,0.344308, 0.00487811,0.650814,0.655692
0.01,0.69 ,0.331824, 0.00488032,0.663295,0.668176
0.01,0.7 ,0.319857, 0.00488254,0.675261,0.680143
0.01,0.71 ,0.308379, 0.00488479,0.686736,0.691621
0.01,0.72 ,0.297368, 0.00488707,0.697745,0.702632
0.01,0.73 ,0.286801, 0.00488936,0.70831,0.713199
0.01,0.74 ,0.276656, 0.00489168,0.718452,0.723344
0.01,0.75 ,0.266914, 0.00489403,0.728192,0.733086
0.01,0.76 ,0.257555, 0.00489639,0.737549,0.742445
0.01,0.77 ,0.248561, 0.00489879,0.74654,0.751439
0.01,0.78 ,0.239916, 0.00490121,0.755183,0.760084
0.01,0.79 ,0.231604, 0.00490365,0.763493,0.768396
0.01,0.8 ,0.223609, 0.00490612,0.771485,0.776391
0.01,0.81 ,0.215918, 0.00490862,0.779174,0.784082
0.01,0.82 ,0.208516, 0.00491114,0.786573,0.791484
0.01,0.83 ,0.201392, 0.00491369,0.793694,0.798608
0.01,0.84 ,0.194533, 0.00491627,0.800551,0.805467
0.01,0.85 ,0.187927, 0.00491888,0.807154,0.812073
0.01,0.86 ,0.181564, 0.00492152,0.813515,0.818436
0.01,0.87 ,0.175433, 0.00492418,0.819643,0.824567
0.01,0.88 ,0.169524, 0.00492687,0.825549,0.830476
0.01,0.89 ,0.163829, 0.0049296,0.831241,0.836171
0.01,0.9 ,0.158339, 0.00493235,0.836729,0.841661
0.01,0.91 ,0.153044, 0.00493513,0.842021,0.846956
0.01,0.92 ,0.147938, 0.00493795,0.847124,0.852062
0.01,0.93 ,0.143012, 0.00494079,0.852048,0.856988
0.01,0.94 ,0.138259, 0.00494367,0.856798,0.861741
0.01,0.95 ,0.133672, 0.00494658,0.861382,0.866328
0.01,0.96 ,0.129245, 0.00494953,0.865806,0.870755
0.01,0.97 ,0.124971, 0.0049525,0.870076,0.875029
0.01,0.98 ,0.120845, 0.00495551,0.874199,0.879155
0.01,0.99 ,0.116861, 0.00495855,0.878181,0.883139
0.01,1 ,0.113013, 0.00496163,0.882026,0.886987
0.02,0 ,0.993139, 0.00476918,0.00209205,0.00686123
0.02,0.01 ,0.993086, 0.00477041,0.00214377,0.00691418
0.02,0.02 ,0.99303, 0.00477165,0.00219805,0.0069697
0.02,0.03 ,0.992972, 0.0047729,0.00225509,0.00702799
0.02,0.04 ,0.992911, 0.00477416,0.0023151,0.00708926
0.02,0.05 ,0.992846, 0.00477542,0.00237831,0.00715374
0.02,0.06 ,0.992778, 0.0047767,0.002445,0.0072217
0.02,0.07 ,0.992707, 0.00477799,0.00251545,0.00729343
0.02,0.08 ,0.992631, 0.00477928,0.00258998,0.00736926
0.02,0.09 ,0.99255, 0.00478059,0.00266897,0.00744955
0.02,0.1 ,0.992465, 0.0047819,0.00275282,0.00753472
0.02,0.11 ,0.992375, 0.00478323,0.00284199,0.00762522
0.02,0.12 ,0.992278, 0.00478456,0.00293701,0.00772157
0.02,0.13 ,0.992176, 0.00478591,0.00303847,0.00782437
0.02,0.14 ,0.992066, 0.00478726,0.00314703,0.0079343
0.02,0.15 ,0.991948, 0.00478863,0.00326348,0.00805211
0.02,0.16 ,0.991821, 0.00479001,0.0033887,0.00817871
0.02,0.17 ,0.991685, 0.00479139,0.00352371,0.00831511
0.02,0.18 ,0.991538, 0.00479279,0.00366971,0.0084625
0.02,0.19 ,0.991378, 0.0047942,0.00382807,0.00862227
0.02,0.2 ,0.991204, 0.00479562,0.00400044,0.00879607
0.02,0.21 ,0.991014, 0.00479705,0.00418875,0.00898581
0.02,0.22 ,0.990806, 0.0047985,0.00439531,0.00919381
0.02,0.23 ,0.990577, 0.00479995,0.00462287,0.00942282
0.02,0.24 ,0.990324, 0.00480142,0.0048748,0.00967622
0.02,0.25 ,0.990042, 0.0048029,0.0051552,0.00995809
0.02,0.26 ,0.989726, 0.00480439,0.00546913,0.0102735
0.02,0.27 ,0.989371, 0.00480589,0.00582296,0.0106288
0.02,0.28 ,0.988968, 0.00480741,0.0062247,0.0110321
0.02,0.29 ,0.988506, 0.00480894,0.00668468,0.0114936
0.02,0.3 ,0.987973, 0.00481048,0.00721637,0.0120268
0.02,0.31 ,0.98735, 0.00481203,0.00783769,0.0126497
0.02,0.32 ,0.986613, 0.0048136,0.00857293,0.0133865
0.02,0.33 ,0.985729, 0.00481518,0.00945583,0.014271
0.02,0.34 ,0.984649, 0.00481677,0.0105345,0.0153513
0.02,0.35 ,0.983302, 0.00481838,0.0118797,0.0166981
0.02,0.36 ,0.981581, 0.00482,0.0135992,0.0184192
0.02,0.37 ,0.979315, 0.00482163,0.0158636,0.0206853
0.02,0.38 ,0.976222, 0.00482328,0.018955,0.0237783
0.02,0.39 ,0.971816, 0.00482495,0.0233587,0.0281837
0.02,0.4 ,0.965244, 0.00482662,0.0299297,0.0347563
0.02,0.41 ,0.955057, 0.00482832,0.0401152,0.0449435
0.02,0.42 ,0.939278, 0.00483002,0.0558924,0.0607225
0.02,0.43 ,0.916604, 0.00483175,0.0785647,0.0833964
0.02,0.44 ,0.888056, 0.00483349,0.107111,0.111944
0.02,0.45 ,0.856203, 0.00483524,0.138962,0.143797
0.02,0.46 ,0.823237, 0.00483701,0.171926,0.176763
0.02,0.47 ,0.790436, 0.00483879,0.204725,0.209564
0.02,0.48 ,0.758448, 0.0048406,0.236711,0.241552
0.02,0.49 ,0.727578, 0.00484241,0.26758,0.272422
0.02,0.5 ,0.697954, 0.00484425,0.297202,0.302046
0.02,0.51 ,0.669614, 0.0048461,0.32554,0.330386
0.02,0.52 ,0.642549, 0.00484797,0.352603,0.357451
0.02,0.53 ,0.616726, 0.00484986,0.378424,0.383274
0.02,0.54 ,0.592098, 0.00485176,0.40305,0.407902
0.02,0.55 ,0.568612, 0.00485368,0.426534,0.431388
0.02,0.56 ,0.546214, 0.00485563,0.44893,0.453786
0.02,0.57 ,0.524849, 0.00485759,0.470293,0.475151
0.02,0.58 ,0.504463, 0.00485956,0.490677,0.495537
0.02,0.59 ,0.485005, 0.00486156,0.510133,0.514995
0.02,0.6 ,0.466426, 0.00486358,0.528711,0.533574
0.02,0.61 ,0.448678, 0.00486561,0.546456,0.551322
0.02,0.62 ,0.431718, 0.00486767,0.563414,0.568282
0.02,0.63 ,0.415505, 0.00486975,0.579625,0.584495
0.02,0.64 ,0.399998, 0.00487184,0.59513,0.600002
0.02,0.65 ,0.385161, 0.00487396,0.609965,0.614839
0.02,0.66 ,0.37096, 0.0048761,0.624164,0.62904
0.02,0.67 ,0.35736, 0.00487826,0.637761,0.64264
0.02,0.68 ,0.344333, 0.00488044,0.650786,0.655667
0.02,0.69 ,0.331849, 0.00488264,0.663268,0.668151
0.02,0.7 ,0.319881, 0.00488487,0.675234,0.680119
0.02,0.71 ,0.308403, 0.00488712,0.68671,0.691597
0.02,0.72 ,0.297392, 0.00488939,0.697719,0.702608
0.02,0.73 ,0.286824, 0.00489169,0.708284,0.713176
0.02,0.74 ,0.276679, 0.00489401,0.718427,0.723321
0.02,0.75 ,0.266936, 0.00489635,0.728168,0.733064
0.02,0.76 ,0.257576, 0.00489872,0.737525,0.742424
0.02,0.77 ,0.248582, 0.00490112,0.746517,0.751418
0.02,0.78 ,0.239937, 0.00490353,0.75516,0.760063
0.02,0.79 ,0.231624, 0.00490598,0.76347,0.768376
0.02,0.8 ,0.223629, 0.00490845,0.771463,0.776371
0.02,0.81 ,0.215937, 0.00491095,0.779152,0.784063
0.02,0.82 ,0.208535, 0.00491347,0.786551,0.791465
0.02,0.83 ,0.20141, 0.00491602,0.793674,0.79859
0.02,0.84 ,0.194551, 0.0049186,0.800531,0.805449
0.02,0.85 ,0.187944, 0.00492121,0.807134,0.812056
0.02,0.86 ,0.181581, 0.00492384,0.813495,0.818419
0.02,0.87 ,0.17545, 0.0049265,0.819624,0.82455
0.02,0.88 ,0.169541, 0.0049292,0.82553,0.830459
0.02,0.89 ,0.163846, 0.00493192,0.831222,0.836154
0.02,0.9 ,0.158355, 0.00493467,0.836711,0.841645
0.02,0.91 ,0.15306, 0.00493746,0.842003,0.84694
0.02,0.92 ,0.147953, 0.00494027,0.847107,0.852047
0.02,0.93 ,0.143026, 0.00494312,0.85203,0.856974
0.02,0.94 ,0.138273, 0.004946,0.856781,0.861727
0.02,0.95 ,0.133686, 0.00494891,0.861365,0.866314
0.02,0.96 ,0.129259, 0.00495185,0.865789,0.870741
0.02,0.97 ,0.124985, 0.00495482,0.87006,0.875015
0.02,0.98 ,0.120859, 0.00495783,0.874184,0.879141
0.02,0.99 ,0.116874, 0.00496088,0.878165,0.883126
0.02,1 ,0.113026, 0.00496395,0.88201,0.886974
0.03,0 ,0.993088, 0.00477153,0.00214057,0.00691211
0.03,0.01 ,0.993035, 0.00477276,0.00219229,0.00696506
0.03,0.02 ,0.992979, 0.004774,0.00224657,0.00702058
0.03,0.03 ,0.992921, 0.00477525,0.00230361,0.00707886
0.03,0.04 ,0.99286, 0.00477651,0.00236361,0.00714012
0.03,0.05 ,0.992795, 0.00477778,0.00242683,0.0072046
0.03,0.06 ,0.992727, 0.00477905,0.00249351,0.00727256
0.03,0.07 ,0.992656, 0.00478034,0.00256395,0.00734429
0.03,0.08 ,0.99258, 0.00478163,0.00263848,0.00742011
0.03,0.09 ,0.9925, 0.00478294,0.00271746,0.0075004
0.03,0.1 ,0.992414, 0.00478425,0.0028013,0.00758556
0.03,0.11 ,0.992324, 0.00478558,0.00289047,0.00767605
0.03,0.12 ,0.992228, 0.00478691,0.00298549,0.0077724
0.03,0.13 ,0.992125, 0.00478826,0.00308693,0.00787519
0.03,0.14 ,0.992015, 0.00478961,0.00319549,0.00798511
0.03,0.15 ,0.991897, 0.00479098,0.00331193,0.00810291
0.03,0.16 ,0.991771, 0.00479236,0.00343714,0.0082295
0.03,0.17 ,0.991634, 0.00479374,0.00357214,0.00836588
0.03,0.18 ,0.991487, 0.00479514,0.00371812,0.00851326
0.03,0.19 ,0.991327, 0.00479655,0.00387646,0.00867302
0.03,0.2 ,0.991153, 0.00479797,0.00404882,0.00884679
0.03,0.21 ,0.990963, 0.00479941,0.0042371,0.00903651
0.03,0.22 ,0.990756, 0.00480085,0.00444363,0.00924448
0.03,0.23 ,0.990527, 0.0048023,0.00467116,0.00947346
0.03,0.24 ,0.990273, 0.00480377,0.00492305,0.00972682
0.03,0.25 ,0.989991, 0.00480525,0.0052034,0.0100087
0.03,0.26 ,0.989676, 0.00480674,0.00551729,0.010324
0.03,0.27 ,0.989321, 0.00480824,0.00587104,0.0106793
0.03,0.28 ,0.988918, 0.00480976,0.0062727,0.0110825
0.03,0.29 ,0.988456, 0.00481129,0.00673258,0.0115439
0.03,0.3 ,0.987923, 0.00481283,0.00726414,0.012077
0.03,0.31 ,0.9873, 0.00481438,0.00788529,0.0126997
0.03,0.32 ,0.986564, 0.00481595,0.00862031,0.0134363
0.03,0.33 ,0.98568, 0.00481753,0.00950291,0.0143204
0.03,0.34 ,0.9846, 0.00481912,0.0105812,0.0154003
0.03,0.35 ,0.983253, 0.00482073,0.0119258,0.0167466
0.03,0.36 ,0.981533, 0.00482235,0.0136445,0.0184668
0.03,0.37 ,0.979268, 0.00482398,0.0159076,0.0207316
0.03,0.38 ,0.976177, 0.00482563,0.0189969,0.0238225
0.03,0.39 ,0.971776, 0.0048273,0.0233972,0.0282245
0.03,0.4 ,0.965209, 0.00482897,0.0299623,0.0347913
0.03,0.41 ,0.955032, 0.00483067,0.0401377,0.0449683
0.03,0.42 ,0.939268, 0.00483237,0.0558997,0.0607321
0.03,0.43 ,0.916611, 0.0048341,0.0785549,0.083389
0.03,0.44 ,0.888077, 0.00483583,0.107087,0.111923
0.03,0.45 ,0.856232, 0.00483759,0.13893,0.143768
0.03,0.46 ,0.82327, 0.00483936,0.17189,0.17673
0.03,0.47 ,0.790472, 0.00484114,0.204687,0.209528
0.03,0.48 ,0.758486, 0.00484294,0.236672,0.241514
0.03,0.49 ,0.727615, 0.00484476,0.26754,0.272385
0.03,0.5 ,0.697991, 0.0048466,0.297162,0.302009
0.03,0.51 ,0.669651, 0.00484845,0.325501,0.330349
0.03,0.52 ,0.642586, 0.00485032,0.352564,0.357414
0.03,0.53 ,0.616762, 0.00485221,0.378386,0.383238
0.03,0.54 ,0.592134, 0.00485411,0.403012,0.407866
0.03,0.55 ,0.568647, 0.00485603,0.426497,0.431353
0.03,0.56 ,0.546248, 0.00485797,0.448894,0.453752
0.03,0.57 ,0.524883, 0.00485993,0.470258,0.475117
0.03,0.58 ,0.504496, 0.00486191,0.490642,0.495504
0.03,0.59 ,0.485037, 0.00486391,0.510099,0.514963
0.03,0.6 ,0.466457, 0.00486592,0.528677,0.533543
0.03,0.61 ,0.448709, 0.00486796,0.546423,0.551291
0.03,0.62 ,0.431748, 0.00487001,0.563381,0.568252
0.03,0.63 ,0.415534, 0.00487209,0.579594,0.584466
0.03,0.64 ,0.400027, 0.00487419,0.595099,0.599973
0.03,0.65 ,0.385189, 0.00487631,0.609934,0.614811
0.03,0.66 ,0.370987, 0.00487844,0.624135,0.629013
0.03,0.67 ,0.357387, 0.0048806,0.637732,0.642613
0.03,0.68 ,0.34436, 0.00488279,0.650758,0.65564
0.03,0.69 ,0.331875, 0.00488499,0.66324,0.668125
0.03,0.7 ,0.319906, 0.00488722,0.675207,0.680094
0.03,0.71 ,0.308428, 0.00488947,0.686683,0.691572
0.03,0.72 ,0.297416, 0.00489174,0.697692,0.702584
0.03,0.73 ,0.286848, 0.00489403,0.708258,0.713152
0.03,0.74 ,0.276702, 0.00489635,0.718402,0.723298
0.03,0.75 ,0.266958, 0.0048987,0.728143,0.733042
0.03,0.76 ,0.257598, 0.00490107,0.737501,0.742402
0.03,0.77 ,0.248604, 0.00490346,0.746493,0.751396
0.03,0.78 ,0.239958, 0.00490588,0.755136,0.760042
0.03,0.79 ,0.231645, 0.00490832,0.763447,0.768355
0.03,0.8 ,0.223649, 0.00491079,0.77144,0.776351
0.03,0.81 ,0.215957, 0.00491329,0.77913,0.784043
0.03,0.82 ,0.208555, 0.00491581,0.78653,0.791445
0.03,0.83 ,0.201429, 0.00491836,0.793652,0.798571
0.03,0.84 ,0.194569, 0.00492094,0.80051,0.805431
0.03,0.85 ,0.187963, 0.00492355,0.807114,0.812037
0.03,0.86 ,0.181599, 0.00492618,0.813475,0.818401
0.03,0.87 ,0.175467, 0.00492885,0.819604,0.824533
0.03,0.88 ,0.169558, 0.00493154,0.82551,0.830442
0.03,0.89 ,0.163862, 0.00493426,0.831203,0.836138
0.03,0.9 ,0.158371, 0.00493701,0.836692,0.841629
0.03,0.91 ,0.153076, 0.0049398,0.841984,0.846924
0.03,0.92 ,0.147969, 0.00494261,0.847089,0.852031
0.03,0.93 ,0.143042, 0.00494546,0.852013,0.856958
0.03,0.94 ,0.138288, 0.00494833,0.856763,0.861712
0.03,0.95 ,0.133701, 0.00495124,0.861348,0.866299
0.03,0.96 ,0.129273, 0.00495419,0.865772,0.870727
0.03,0.97 ,0.124999, 0.00495716,0.870044,0.875001
0.03,0.98 ,0.120872, 0.00496017,0.874167,0.879128
0.03,0.99 ,0.116888, 0.00496321,0.878149,0.883112
0.03,1 ,0.113039, 0.00496629,0.881995,0.886961
0.04,0 ,0.993035, 0.0047739,0.00219089,0.00696479
0.04,0.01 ,0.992982, 0.00477513,0.00224261,0.00701774
0.04,0.02 ,0.992927, 0.00477637,0.00229689,0.00707326
0.04,0.03 ,0.992868, 0.00477762,0.00235392,0.00713154
0.04,0.04 ,0.992807, 0.00477888,0.00241392,0.0071928
0.04,0.05 ,0.992743, 0.00478014,0.00247713,0.00725727
0.04,0.06 ,0.992675, 0.00478142,0.0025438,0.00732522
0.04,0.07 ,0.992603, 0.00478271,0.00261424,0.00739695
0.04,0.08 ,0.992527, 0.004784,0.00268876,0.00747277
0.04,0.09 ,0.992447, 0.00478531,0.00276774,0.00755305
0.04,0.1 ,0.992362, 0.00478662,0.00285158,0.0076382
0.04,0.11 ,0.992271, 0.00478795,0.00294074,0.00772869
0.04,0.12 ,0.992175, 0.00478928,0.00303575,0.00782503
0.04,0.13 ,0.992072, 0.00479063,0.00313719,0.00792781
0.04,0.14 ,0.991962, 0.00479198,0.00324574,0.00803772
0.04,0.15 ,0.991844, 0.00479335,0.00336217,0.00815551
0.04,0.16 ,0.991718, 0.00479472,0.00348736,0.00828208
0.04,0.17 ,0.991582, 0.00479611,0.00362234,0.00841846
0.04,0.18 ,0.991434, 0.00479751,0.00376831,0.00856582
0.04,0.19 ,0.991274, 0.00479892,0.00392664,0.00872556
0.04,0.2 ,0.991101, 0.00480034,0.00409897,0.00889931
0.04,0.21 ,0.990911, 0.00480177,0.00428723,0.00908901
0.04,0.22 ,0.990703, 0.00480322,0.00449373,0.00929695
0.04,0.23 ,0.990474, 0.00480467,0.00472123,0.0095259
0.04,0.24 ,0.990221, 0.00480614,0.00497308,0.00977922
0.04,0.25 ,0.989939, 0.00480762,0.00525339,0.010061
0.04,0.26 ,0.989624, 0.00480911,0.00556721,0.0103763
0.04,0.27 ,0.989268, 0.00481061,0.0059209,0.0107315
0.04,0.28 ,0.988865, 0.00481213,0.00632247,0.0111346
0.04,0.29 ,0.988404, 0.00481365,0.00678224,0.0115959
0.04,0.3 ,0.987871, 0.00481519,0.00731367,0.0121289
0.04,0.31 ,0.987249, 0.00481675,0.00793465,0.0127514
0.04,0.32 ,0.986512, 0.00481831,0.00866944,0.0134877
0.04,0.33 ,0.985628, 0.00481989,0.00955173,0.0143716
0.04,0.34 ,0.984549, 0.00482149,0.0106296,0.0154511
0.04,0.35 ,0.983203, 0.00482309,0.0119736,0.0167967
0.04,0.36 ,0.981484, 0.00482471,0.0136914,0.0185161
0.04,0.37 ,0.97922, 0.00482635,0.0159532,0.0207795
0.04,0.38 ,0.976132, 0.004828,0.0190403,0.0238683
0.04,0.39 ,0.971733, 0.00482966,0.0234371,0.0282668
0.04,0.4 ,0.965173, 0.00483134,0.0299961,0.0348275
0.04,0.41 ,0.955006, 0.00483303,0.0401611,0.0449941
0.04,0.42 ,0.939258, 0.00483474,0.0559075,0.0607422
0.04,0.43 ,0.916619, 0.00483646,0.0785448,0.0833813
0.04,0.44 ,0.888098, 0.0048382,0.107063,0.111902
0.04,0.45 ,0.856263, 0.00483995,0.138897,0.143737
0.04,0.46 ,0.823305, 0.00484172,0.171853,0.176695
0.04,0.47 ,0.79051, 0.00484351,0.204647,0.20949
0.04,0.48 ,0.758524, 0.00484531,0.236631,0.241476
0.04,0.49 ,0.727654, 0.00484713,0.267499,0.272346
0.04,0.5 ,0.69803, 0.00484896,0.297121,0.30197
0.04,0.51 ,0.669689, 0.00485081,0.32546,0.330311
0.04,0.52 ,0.642624, 0.00485268,0.352524,0.357376
0.04,0.53 ,0.6168, 0.00485457,0.378346,0.3832
0.04,0.54 ,0.59217, 0.00485647,0.402973,0.40783
0.04,0.55 ,0.568683, 0.0048584,0.426458,0.431317
0.04,0.56 ,0.546284, 0.00486034,0.448856,0.453716
0.04,0.57 ,0.524917, 0.00486229,0.470221,0.475083
0.04,0.58 ,0.50453, 0.00486427,0.490606,0.49547
0.04,0.59 ,0.48507, 0.00486627,0.510063,0.51493
0.04,0.6 ,0.46649, 0.00486829,0.528642,0.53351
0.04,0.61 ,0.448741, 0.00487032,0.546389,0.551259
0.04,0.62 ,0.43178, 0.00487238,0.563348,0.56822
0.04,0.63 ,0.415565, 0.00487445,0.579561,0.584435
0.04,0.64 ,0.400057, 0.00487655,0.595067,0.599943
0.04,0.65 ,0.385218, 0.00487867,0.609903,0.614782
0.04,0.66 ,0.371016, 0.00488081,0.624104,0.628984
0.04,0.67 ,0.357415, 0.00488296,0.637702,0.642585
0.04,0.68 ,0.344387, 0.00488515,0.650728,0.655613
0.04,0.69 ,0.331902, 0.00488735,0.663211,0.668098
0.04,0.7 ,0.319932, 0.00488958,0.675178,0.680068
0.04,0.71 ,0.308453, 0.00489183,0.686655,0.691547
0.04,0.72 ,0.297441, 0.0048941,0.697665,0.702559
0.04,0.73 ,0.286872, 0.00489639,0.708232,0.713128
0.04,0.74 ,0.276726, 0.00489871,0.718376,0.723274
0.04,0.75 ,0.266982, 0.00490106,0.728117,0.733018
0.04,0.76 ,0.257621, 0.00490342,0.737475,0.742379
0.04,0.77 ,0.248626, 0.00490582,0.746468,0.751374
0.04,0.78 ,0.23998, 0.00490824,0.755112,0.76002
0.04,0.79 ,0.231666, 0.00491068,0.763423,0.768334
0.04,0.8 ,0.22367, 0.00491315,0.771417,0.77633
0.04,0.81 ,0.215977, 0.00491565,0.779107,0.784023
0.04,0.82 ,0.208575, 0.00491817,0.786507,0.791425
0.04,0.83 ,0.201449, 0.00492072,0.79363,0.798551
0.04,0.84 ,0.194589, 0.0049233,0.800488,0.805411
0.04,0.85 ,0.187982, 0.0049259,0.807093,0.812018
0.04,0.86 ,0.181617, 0.00492854,0.813454,0.818383
0.04,0.87 ,0.175485, 0.0049312,0.819584,0.824515
0.04,0.88 ,0.169576, 0.00493389,0.82549,0.830424
0.04,0.89 ,0.16388, 0.00493662,0.831184,0.83612
0.04,0.9 ,0.158388, 0.00493937,0.836672,0.841612
0.04,0.91 ,0.153093, 0.00494215,0.841965,0.846907
0.04,0.92 ,0.147985, 0.00494497,0.84707,0.852015
0.04,0.93 ,0.143058, 0.00494781,0.851994,0.856942
0.04,0.94 ,0.138304, 0.00495069,0.856745,0.861696
0.04,0.95 ,0.133716, 0.0049536,0.86133,0.866284
0.04,0.96 ,0.129288, 0.00495654,0.865755,0.870712
0.04,0.97 ,0.125014, 0.00495951,0.870027,0.874986
0.04,0.98 ,0.120887, 0.00496252,0.874151,0.879113
0.04,0.99 ,0.116902, 0.00496557,0.878133,0.883098
0.04,1 ,0.113053, 0.00496864,0.881979,0.886947
0.05,0 ,0.992981, 0.00477629,0.0022431,0.00701938
0.05,0.01 ,0.992928, 0.00477752,0.00229481,0.00707233
0.05,0.02 ,0.992872, 0.00477876,0.00234908,0.00712784
0.05,0.03 ,0.992814, 0.00478001,0.00240611,0.00718612
0.05,0.04 ,0.992753, 0.00478126,0.00246611,0.00724737
0.05,0.05 ,0.992688, 0.00478253,0.00252931,0.00731184
0.05,0.06 ,0.99262, 0.00478381,0.00259599,0.00737979
0.05,0.07 ,0.992548, 0.00478509,0.00266642,0.00745151
0.05,0.08 ,0.992473, 0.00478639,0.00274094,0.00752732
0.05,0.09 ,0.992392, 0.00478769,0.00281991,0.0076076
0.05,0.1 ,0.992307, 0.00478901,0.00290374,0.00769275
0.05,0.11 ,0.992217, 0.00479033,0.0029929,0.00778323
0.05,0.12 ,0.99212, 0.00479166,0.00308789,0.00787956
0.05,0.13 ,0.992018, 0.00479301,0.00318933,0.00798234
0.05,0.14 ,0.991908, 0.00479437,0.00329787,0.00809223
0.05,0.15 ,0.99179, 0.00479573,0.00341428,0.00821002
0.05,0.16 ,0.991663, 0.00479711,0.00353947,0.00833658
0.05,0.17 ,0.991527, 0.0047985,0.00367444,0.00847293
0.05,0.18 ,0.99138, 0.00479989,0.00382039,0.00862028
0.05,0.19 ,0.99122, 0.0048013,0.0039787,0.00878
0.05,0.2 ,0.991046, 0.00480272,0.00415101,0.00895373
0.05,0.21 ,0.990857, 0.00480416,0.00433925,0.0091434
0.05,0.22 ,0.990649, 0.0048056,0.00454572,0.00935132
0.05,0.23 ,0.99042, 0.00480705,0.00477318,0.00958023
0.05,0.24 ,0.990166, 0.00480852,0.00502499,0.00983351
0.05,0.25 ,0.989885, 0.00481,0.00530525,0.0101152
0.05,0.26 ,0.989569, 0.00481149,0.00561902,0.0104305
0.05,0.27 ,0.989214, 0.00481299,0.00597263,0.0107856
0.05,0.28 ,0.988811, 0.00481451,0.00637412,0.0111886
0.05,0.29 ,0.98835, 0.00481604,0.00683378,0.0116498
0.05,0.3 ,0.987817, 0.00481758,0.00736507,0.0121826
0.05,0.31 ,0.987195, 0.00481913,0.00798586,0.012805
0.05,0.32 ,0.986459, 0.0048207,0.00872041,0.0135411
0.05,0.33 ,0.985575, 0.00482228,0.00960239,0.0144247
0.05,0.34 ,0.984496, 0.00482387,0.0106798,0.0155037
0.05,0.35 ,0.983151, 0.00482548,0.0120232,0.0168487
0.05,0.36 ,0.981433, 0.0048271,0.0137401,0.0185672
0.05,0.37 ,0.979171, 0.00482873,0.0160005,0.0208292
0.05,0.38 ,0.976084, 0.00483038,0.0190855,0.0239159
0.05,0.39 ,0.971689, 0.00483204,0.0234786,0.0283107
0.05,0.4 ,0.965135, 0.00483372,0.0300313,0.034865
0.05,0.41 ,0.954979, 0.00483541,0.0401855,0.0450209
0.05,0.42 ,0.939247, 0.00483712,0.0559156,0.0607528
0.05,0.43 ,0.916627, 0.00483884,0.0785346,0.0833735
0.05,0.44 ,0.888121, 0.00484058,0.107039,0.111879
0.05,0.45 ,0.856294, 0.00484233,0.138864,0.143706
0.05,0.46 ,0.823342, 0.0048441,0.171814,0.176658
0.05,0.47 ,0.790548, 0.00484589,0.204606,0.209452
0.05,0.48 ,0.758564, 0.00484769,0.236589,0.241436
0.05,0.49 ,0.727694, 0.00484951,0.267456,0.272306
0.05,0.5 ,0.69807, 0.00485134,0.297079,0.30193
0.05,0.51 ,0.669729, 0.00485319,0.325418,0.330271
0.05,0.52 ,0.642663, 0.00485506,0.352482,0.357337
0.05,0.53 ,0.616838, 0.00485695,0.378305,0.383162
0.05,0.54 ,0.592208, 0.00485885,0.402933,0.407792
0.05,0.55 ,0.56872, 0.00486077,0.426419,0.43128
0.05,0.56 ,0.54632, 0.00486271,0.448817,0.45368
0.05,0.57 ,0.524953, 0.00486467,0.470182,0.475047
0.05,0.58 ,0.504565, 0.00486665,0.490568,0.495435
0.05,0.59 ,0.485105, 0.00486865,0.510027,0.514895
0.05,0.6 ,0.466523, 0.00487066,0.528606,0.533477
0.05,0.61 ,0.448774, 0.0048727,0.546354,0.551226
0.05,0.62 ,0.431812, 0.00487476,0.563313,0.568188
0.05,0.63 ,0.415596, 0.00487683,0.579527,0.584404
0.05,0.64 ,0.400087, 0.00487893,0.595034,0.599913
0.05,0.65 ,0.385249, 0.00488104,0.60987,0.614751
0.05,0.66 ,0.371045, 0.00488318,0.624072,0.628955
0.05,0.67 ,0.357444, 0.00488534,0.637671,0.642556
0.05,0.68 ,0.344415, 0.00488752,0.650697,0.655585
0.05,0.69 ,0.331929, 0.00488973,0.663181,0.668071
0.05,0.7 ,0.319959, 0.00489195,0.675149,0.680041
0.05,0.71 ,0.30848, 0.0048942,0.686626,0.69152
0.05,0.72 ,0.297467, 0.00489647,0.697637,0.702533
0.05,0.73 ,0.286897, 0.00489877,0.708204,0.713103
0.05,0.74 ,0.276751, 0.00490109,0.718348,0.723249
0.05,0.75 ,0.267006, 0.00490343,0.728091,0.732994
0.05,0.76 ,0.257645, 0.0049058,0.737449,0.742355
0.05,0.77 ,0.248649, 0.00490819,0.746442,0.751351
0.05,0.78 ,0.240003, 0.00491061,0.755087,0.759997
0.05,0.79 ,0.231688, 0.00491305,0.763399,0.768312
0.05,0.8 ,0.223692, 0.00491552,0.771393,0.776308
0.05,0.81 ,0.215999, 0.00491802,0.779083,0.784001
0.05,0.82 ,0.208596, 0.00492054,0.786484,0.791404
0.05,0.83 ,0.20147, 0.00492309,0.793607,0.79853
0.05,0.84 ,0.194609, 0.00492567,0.800466,0.805391
0.05,0.85 ,0.188001, 0.00492828,0.807071,0.811999
0.05,0.86 ,0.181636, 0.00493091,0.813433,0.818364
0.05,0.87 ,0.175504, 0.00493358,0.819562,0.824496
0.05,0.88 ,0.169594, 0.00493627,0.825469,0.830406
0.05,0.89 ,0.163898, 0.00493899,0.831163,0.836102
0.05,0.9 ,0.158406, 0.00494174,0.836653,0.841594
0.05,0.91 ,0.15311, 0.00494452,0.841946,0.84689
0.05,0.92 ,0.148002, 0.00494734,0.847051,0.851998
0.05,0.93 ,0.143074, 0.00495018,0.851976,0.856926
0.05,0.94 ,0.13832, 0.00495306,0.856727,0.86168
0.05,0.95 ,0.133732, 0.00495597,0.861312,0.866268
0.05,0.96 ,0.129304, 0.00495891,0.865737,0.870696
0.05,0.97 ,0.125029, 0.00496188,0.870009,0.874971
0.05,0.98 ,0.120902, 0.00496489,0.874133,0.879098
0.05,0.99 ,0.116916, 0.00496794,0.878116,0.883084
0.05,1 ,0.113067, 0.00497101,0.881962,0.886933
0.06,0 ,0.992924, 0.00477869,0.0022973,0.00707599
0.06,0.01 ,0.992871, 0.00477992,0.00234901,0.00712893
0.06,0.02 ,0.992816, 0.00478116,0.00240328,0.00718444
0.06,0.03 ,0.992757, 0.00478241,0.0024603,0.00724271
0.06,0.04 ,0.992696, 0.00478366,0.0025203,0.00730396
0.06,0.05 ,0.992632, 0.00478493,0.0025835,0.00736843
0.06,0.06 ,0.992564, 0.00478621,0.00265017,0.00743637
0.06,0.07 ,0.992492, 0.00478749,0.00272059,0.00750809
0.06,0.08 ,0.992416, 0.00478879,0.00279511,0.00758389
0.06,0.09 ,0.992336, 0.00479009,0.00287407,0.00766416
0.06,0.1 ,0.992251, 0.00479141,0.0029579,0.00774931
0.06,0.11 ,0.99216, 0.00479273,0.00304705,0.00783978
0.06,0.12 ,0.992064, 0.00479407,0.00314204,0.0079361
0.06,0.13 ,0.991961, 0.00479541,0.00324346,0.00803887
0.06,0.14 ,0.991851, 0.00479677,0.00335199,0.00814875
0.06,0.15 ,0.991733, 0.00479813,0.0034684,0.00826653
0.06,0.16 ,0.991607, 0.00479951,0.00359357,0.00839307
0.06,0.17 ,0.991471, 0.0048009,0.00372852,0.00852942
0.06,0.18 ,0.991323, 0.00480229,0.00387445,0.00867675
0.06,0.19 ,0.991164, 0.0048037,0.00403275,0.00883645
0.06,0.2 ,0.99099, 0.00480512,0.00420503,0.00901016
0.06,0.21 ,0.9908, 0.00480656,0.00439325,0.0091998
0.06,0.22 ,0.990592, 0.004808,0.00459969,0.00940769
0.06,0.23 ,0.990363, 0.00480945,0.00482712,0.00963657
0.06,0.24 ,0.99011, 0.00481092,0.00507889,0.00988981
0.06,0.25 ,0.989829, 0.0048124,0.00535909,0.0101715
0.06,0.26 ,0.989513, 0.00481389,0.0056728,0.0104867
0.06,0.27 ,0.989158, 0.00481539,0.00602634,0.0108417
0.06,0.28 ,0.988755, 0.00481691,0.00642774,0.0112446
0.06,0.29 ,0.988294, 0.00481843,0.00688729,0.0117057
0.06,0.3 ,0.987762, 0.00481998,0.00741843,0.0122384
0.06,0.31 ,0.987139, 0.00482153,0.00803904,0.0128606
0.06,0.32 ,0.986404, 0.0048231,0.00877335,0.0135964
0.06,0.33 ,0.98552, 0.00482467,0.009655,0.0144797
0.06,0.34 ,0.984442, 0.00482627,0.010732,0.0155582
0.06,0.35 ,0.983097, 0.00482787,0.0120747,0.0169026
0.06,0.36 ,0.98138, 0.00482949,0.0137907,0.0186202
0.06,0.37 ,0.979119, 0.00483113,0.0160497,0.0208808
0.06,0.38 ,0.976035, 0.00483278,0.0191324,0.0239652
0.06,0.39 ,0.971644, 0.00483444,0.0235217,0.0283562
0.06,0.4 ,0.965096, 0.00483612,0.0300679,0.034904
0.06,0.41 ,0.954951, 0.00483781,0.0402109,0.0450487
0.06,0.42 ,0.939236, 0.00483952,0.0559243,0.0607638
0.06,0.43 ,0.916635, 0.00484124,0.0785242,0.0833654
0.06,0.44 ,0.888144, 0.00484298,0.107013,0.111856
0.06,0.45 ,0.856327, 0.00484473,0.138829,0.143673
0.06,0.46 ,0.823379, 0.0048465,0.171774,0.176621
0.06,0.47 ,0.790588, 0.00484828,0.204563,0.209412
0.06,0.48 ,0.758605, 0.00485009,0.236545,0.241395
0.06,0.49 ,0.727736, 0.0048519,0.267412,0.272264
0.06,0.5 ,0.698111, 0.00485374,0.297035,0.301889
0.06,0.51 ,0.66977, 0.00485559,0.325374,0.33023
0.06,0.52 ,0.642704, 0.00485746,0.352439,0.357296
0.06,0.53 ,0.616878, 0.00485934,0.378262,0.383122
0.06,0.54 ,0.592248, 0.00486125,0.402891,0.407752
0.06,0.55 ,0.568759, 0.00486317,0.426378,0.431241
0.06,0.56 ,0.546358, 0.00486511,0.448777,0.453642
0.06,0.57 ,0.52499, 0.00486707,0.470143,0.47501
0.06,0.58 ,0.504601, 0.00486905,0.49053,0.495399
0.06,0.59 ,0.48514, 0.00487104,0.509989,0.51486
0.06,0.6 ,0.466558, 0.00487306,0.528569,0.533442
0.06,0.61 ,0.448808, 0.00487509,0.546317,0.551192
0.06,0.62 ,0.431845, 0.00487715,0.563278,0.568155
0.06,0.63 ,0.415629, 0.00487923,0.579492,0.584371
0.06,0.64 ,0.400119, 0.00488132,0.594999,0.599881
0.06,0.65 ,0.38528, 0.00488344,0.609837,0.61472
0.06,0.66 ,0.371076, 0.00488558,0.624039,0.628924
0.06,0.67 ,0.357474, 0.00488774,0.637638,0.642526
0.06,0.68 ,0.344444, 0.00488992,0.650666,0.655556
0.06,0.69 ,0.331958, 0.00489212,0.66315,0.668042
0.06,0.7 ,0.319987, 0.00489435,0.675118,0.680013
0.06,0.71 ,0.308507, 0.0048966,0.686596,0.691493
0.06,0.72 ,0.297494, 0.00489887,0.697608,0.702506
0.06,0.73 ,0.286924, 0.00490116,0.708175,0.713076
0.06,0.74 ,0.276776, 0.00490348,0.71832,0.723224
0.06,0.75 ,0.267031, 0.00490582,0.728063,0.732969
0.06,0.76 ,0.25767, 0.00490819,0.737422,0.74233
0.06,0.77 ,0.248673, 0.00491058,0.746416,0.751327
0.06,0.78 ,0.240026, 0.004913,0.755061,0.759974
0.06,0.79 ,0.231711, 0.00491545,0.763373,0.768289
0.06,0.8 ,0.223714, 0.00491792,0.771368,0.776286
0.06,0.81 ,0.216021, 0.00492041,0.779059,0.783979
0.06,0.82 ,0.208617, 0.00492293,0.78646,0.791383
0.06,0.83 ,0.201491, 0.00492548,0.793584,0.798509
0.06,0.84 ,0.194629, 0.00492806,0.800443,0.805371
0.06,0.85 ,0.188021, 0.00493067,0.807048,0.811979
0.06,0.86 ,0.181656, 0.0049333,0.813411,0.818344
0.06,0.87 ,0.175523, 0.00493596,0.819541,0.824477
0.06,0.88 ,0.169613, 0.00493866,0.825448,0.830387
0.06,0.89 ,0.163916, 0.00494138,0.831142,0.836084
0.06,0.9 ,0.158424, 0.00494413,0.836632,0.841576
0.06,0.91 ,0.153128, 0.00494691,0.841926,0.846872
0.06,0.92 ,0.148019, 0.00494973,0.847031,0.851981
0.06,0.93 ,0.143091, 0.00495257,0.851956,0.856909
0.06,0.94 ,0.138337, 0.00495545,0.856708,0.861663
0.06,0.95 ,0.133748, 0.00495836,0.861293,0.866252
0.06,0.96 ,0.12932, 0.0049613,0.865719,0.87068
0.06,0.97 ,0.125045, 0.00496427,0.869991,0.874955
0.06,0.98 ,0.120917, 0.00496728,0.874116,0.879083
0.06,0.99 ,0.116931, 0.00497032,0.878099,0.883069
0.06,1 ,0.113082, 0.0049734,0.881945,0.886918
0.07,0 ,0.992865, 0.00478111,0.00235361,0.00713472
0.07,0.01 ,0.992812, 0.00478234,0.00240532,0.00718766
0.07,0.02 ,0.992757, 0.00478358,0.00245958,0.00724316
0.07,0.03 ,0.992699, 0.00478482,0.00251661,0.00730143
0.07,0.04 ,0.992637, 0.00478608,0.0025766,0.00736268
0.07,0.05 ,0.992573, 0.00478735,0.00263979,0.00742714
0.07,0.06 ,0.992505, 0.00478862,0.00270645,0.00749508
0.07,0.07 ,0.992433, 0.00478991,0.00277688,0.00756679
0.07,0.08 ,0.992357, 0.0047912,0.00285139,0.00764259
0.07,0.09 ,0.992277, 0.00479251,0.00293034,0.00772285
0.07,0.1 ,0.992192, 0.00479382,0.00301416,0.00780799
0.07,0.11 ,0.992102, 0.00479515,0.0031033,0.00789845
0.07,0.12 ,0.992005, 0.00479648,0.00319828,0.00799477
0.07,0.13 ,0.991902, 0.00479783,0.0032997,0.00809753
0.07,0.14 ,0.991793, 0.00479918,0.00340822,0.0082074
0.07,0.15 ,0.991675, 0.00480055,0.00352461,0.00832516
0.07,0.16 ,0.991548, 0.00480193,0.00364977,0.0084517
0.07,0.17 ,0.991412, 0.00480331,0.00378471,0.00858802
0.07,0.18 ,0.991265, 0.00480471,0.00393062,0.00873534
0.07,0.19 ,0.991105, 0.00480612,0.0040889,0.00889502
0.07,0.2 ,0.990931, 0.00480754,0.00426117,0.00906871
0.07,0.21 ,0.990742, 0.00480897,0.00444935,0.00925832
0.07,0.22 ,0.990534, 0.00481042,0.00465576,0.00946618
0.07,0.23 ,0.990305, 0.00481187,0.00488315,0.00969502
0.07,0.24 ,0.990052, 0.00481334,0.00513488,0.00994822
0.07,0.25 ,0.98977, 0.00481481,0.00541504,0.0102299
0.07,0.26 ,0.989455, 0.00481631,0.00572868,0.010545
0.07,0.27 ,0.9891, 0.00481781,0.00608215,0.0109
0.07,0.28 ,0.988697, 0.00481932,0.00648345,0.0113028
0.07,0.29 ,0.988236, 0.00482085,0.00694288,0.0117637
0.07,0.3 ,0.987704, 0.00482239,0.00747387,0.0122963
0.07,0.31 ,0.987082, 0.00482394,0.00809429,0.0129182
0.07,0.32 ,0.986346, 0.00482551,0.00882835,0.0136539
0.07,0.33 ,0.985463, 0.00482709,0.00970966,0.0145367
0.07,0.34 ,0.984385, 0.00482868,0.0107862,0.0156148
0.07,0.35 ,0.983041, 0.00483029,0.0121283,0.0169586
0.07,0.36 ,0.981325, 0.00483191,0.0138432,0.0186752
0.07,0.37 ,0.979066, 0.00483354,0.0161008,0.0209343
0.07,0.38 ,0.975984, 0.00483519,0.0191811,0.0240163
0.07,0.39 ,0.971597, 0.00483686,0.0235666,0.0284034
0.07,0.4 ,0.965055, 0.00483853,0.030106,0.0349445
0.07,0.41 ,0.954922, 0.00484022,0.0402375,0.0450777
0.07,0.42 ,0.939225, 0.00484193,0.0559334,0.0607753
0.07,0.43 ,0.916643, 0.00484365,0.0785135,0.0833572
0.07,0.44 ,0.888168, 0.00484539,0.106987,0.111832
0.07,0.45 ,0.85636, 0.00484714,0.138793,0.14364
0.07,0.46 ,0.823418, 0.00484891,0.171733,0.176582
0.07,0.47 ,0.79063, 0.0048507,0.204519,0.20937
0.07,0.48 ,0.758648, 0.0048525,0.2365,0.241352
0.07,0.49 ,0.727779, 0.00485432,0.267367,0.272221
0.07,0.5 ,0.698154, 0.00485615,0.29699,0.301846
0.07,0.51 ,0.669813, 0.004858,0.325329,0.330187
0.07,0.52 ,0.642746, 0.00485987,0.352394,0.357254
0.07,0.53 ,0.61692, 0.00486176,0.378219,0.38308
0.07,0.54 ,0.592288, 0.00486366,0.402848,0.407712
0.07,0.55 ,0.568799, 0.00486558,0.426335,0.431201
0.07,0.56 ,0.546397, 0.00486752,0.448735,0.453603
0.07,0.57 ,0.525028, 0.00486948,0.470102,0.474972
0.07,0.58 ,0.504639, 0.00487146,0.49049,0.495361
0.07,0.59 ,0.485177, 0.00487346,0.509949,0.514823
0.07,0.6 ,0.466594, 0.00487547,0.52853,0.533406
0.07,0.61 ,0.448843, 0.00487751,0.54628,0.551157
0.07,0.62 ,0.43188, 0.00487956,0.563241,0.56812
0.07,0.63 ,0.415663, 0.00488164,0.579456,0.584337
0.07,0.64 ,0.400152, 0.00488373,0.594964,0.599848
0.07,0.65 ,0.385312, 0.00488585,0.609802,0.614688
0.07,0.66 ,0.371107, 0.00488799,0.624005,0.628893
0.07,0.67 ,0.357505, 0.00489015,0.637605,0.642495
