Betapv,Betamv,V,Rs,Rv,P
0,0 ,0.994883, 0.00311678,0.002,0.00511678
0,0.01 ,0.994786, 0.00311901,0.00209512,0.00521413
0,0.02 ,0.99468, 0.00312128,0.00219908,0.00532036
0,0.03 ,0.994563, 0.00312358,0.00231317,0.00543675
0,0.04 ,0.994435, 0.00312591,0.00243894,0.00556485
0,0.05 ,0.994293, 0.00312827,0.00257827,0.00570654
0,0.06 ,0.994136, 0.00313066,0.00273347,0.00586413
0,0.07 ,0.99396, 0.00313309,0.00290739,0.00604048
0,0.08 ,0.993761, 0.00313555,0.00310363,0.00623917
0,0.09 ,0.993535, 0.00313804,0.00332675,0.00646479
0,0.1 ,0.993277, 0.00314057,0.00358265,0.00672322
0,0.11 ,0.992978, 0.00314314,0.00387909,0.00702222
0,0.12 ,0.992628, 0.00314574,0.00422645,0.0073722
0,0.13 ,0.992213, 0.00314838,0.00463902,0.0077874
0,0.14 ,0.991712, 0.00315106,0.00513687,0.00828793
0,0.15 ,0.991097, 0.00315378,0.00574923,0.00890301
0,0.16 ,0.990323, 0.00315654,0.00652024,0.00967678
0,0.17 ,0.989321, 0.00315934,0.00751966,0.010679
0,0.18 ,0.987973, 0.00316219,0.00886433,0.0120265
0,0.19 ,0.986071, 0.00316508,0.0107643,0.0139294
0,0.2 ,0.983198, 0.00316801,0.0136338,0.0168018
0,0.21 ,0.978438, 0.00317099,0.0183908,0.0215618
0,0.22 ,0.969466, 0.00317401,0.02736,0.0305341
0,0.23 ,0.950129, 0.00317709,0.0466936,0.0498707
0,0.24 ,0.910861, 0.00318021,0.0859584,0.0891386
0,0.25 ,0.855153, 0.00318338,0.141663,0.144847
0,0.26 ,0.795689, 0.00318661,0.201124,0.204311
0,0.27 ,0.738476, 0.00318989,0.258334,0.261524
0,0.28 ,0.685167, 0.00319322,0.31164,0.314833
0,0.29 ,0.63602, 0.00319661,0.360783,0.36398
0,0.3 ,0.59087, 0.00320005,0.405929,0.40913
0,0.31 ,0.549424, 0.00320356,0.447372,0.450576
0,0.32 ,0.511362, 0.00320713,0.485431,0.488638
0,0.33 ,0.476372, 0.00321075,0.520418,0.523628
0,0.34 ,0.444168, 0.00321445,0.552618,0.555832
0,0.35 ,0.414488, 0.0032182,0.582293,0.585512
0,0.36 ,0.387099, 0.00322203,0.609679,0.612901
0,0.37 ,0.36179, 0.00322592,0.634984,0.63821
0,0.38 ,0.338372, 0.00322989,0.658398,0.661628
0,0.39 ,0.316678, 0.00323393,0.680088,0.683322
0,0.4 ,0.296556, 0.00323804,0.700206,0.703444
0,0.41 ,0.277871, 0.00324223,0.718887,0.722129
0,0.42 ,0.260501, 0.0032465,0.736252,0.739499
0,0.43 ,0.244338, 0.00325085,0.752411,0.755662
0,0.44 ,0.229283, 0.00325529,0.767461,0.770717
0,0.45 ,0.215247, 0.00325981,0.781493,0.784753
0,0.46 ,0.20215, 0.00326442,0.794586,0.79785
0,0.47 ,0.189918, 0.00326912,0.806813,0.810082
0,0.48 ,0.178486, 0.00327391,0.81824,0.821514
0,0.49 ,0.167793, 0.0032788,0.828929,0.832207
0,0.5 ,0.157784, 0.00328378,0.838932,0.842216
0,0.51 ,0.14841, 0.00328887,0.848301,0.85159
0,0.52 ,0.139625, 0.00329406,0.857081,0.860375
0,0.53 ,0.131387, 0.00329935,0.865314,0.868613
0,0.54 ,0.123657, 0.00330475,0.873038,0.876343
0,0.55 ,0.116401, 0.00331026,0.880288,0.883599
0,0.56 ,0.109587, 0.00331589,0.887097,0.890413
0,0.57 ,0.103183, 0.00332163,0.893495,0.896817
0,0.58 ,0.0971638, 0.00332749,0.899509,0.902836
0,0.59 ,0.0915031, 0.00333347,0.905163,0.908497
0,0.6 ,0.0861777, 0.00333957,0.910483,0.913822
0,0.61 ,0.081166, 0.0033458,0.915488,0.918834
0,0.62 ,0.0764479, 0.00335216,0.9202,0.923552
0,0.63 ,0.0720051, 0.00335865,0.924636,0.927995
0,0.64 ,0.0678201, 0.00336527,0.928815,0.93218
0,0.65 ,0.0638772, 0.00337203,0.932751,0.936123
0,0.66 ,0.0601613, 0.00337892,0.93646,0.939839
0,0.67 ,0.0566588, 0.00338596,0.939955,0.943341
0,0.68 ,0.0533566, 0.00339314,0.94325,0.946643
0,0.69 ,0.0502428, 0.00340046,0.946357,0.949757
0,0.7 ,0.0473063, 0.00340793,0.949286,0.952694
0,0.71 ,0.0445365, 0.00341555,0.952048,0.955463
0,0.72 ,0.0419237, 0.00342332,0.954653,0.958076
0,0.73 ,0.0394588, 0.00343125,0.95711,0.960541
0,0.74 ,0.0371331, 0.00343933,0.959428,0.962867
0,0.75 ,0.0349388, 0.00344756,0.961614,0.965061
0,0.76 ,0.0328682, 0.00345596,0.963676,0.967132
0,0.77 ,0.0309144, 0.00346451,0.965621,0.969086
0,0.78 ,0.0290707, 0.00347323,0.967456,0.970929
0,0.79 ,0.027331, 0.00348211,0.969187,0.972669
0,0.8 ,0.0256894, 0.00349115,0.970819,0.974311
0,0.81 ,0.0241404, 0.00350036,0.972359,0.97586
0,0.82 ,0.0226789, 0.00350974,0.973811,0.977321
0,0.83 ,0.0213001, 0.00351928,0.975181,0.9787
0,0.84 ,0.0199993, 0.003529,0.976472,0.980001
0,0.85 ,0.0187723, 0.00353888,0.977689,0.981228
0,0.86 ,0.0176151, 0.00354894,0.978836,0.982385
0,0.87 ,0.0165237, 0.00355917,0.979917,0.983476
0,0.88 ,0.0154946, 0.00356957,0.980936,0.984505
0,0.89 ,0.0145244, 0.00358014,0.981895,0.985476
0,0.9 ,0.0136099, 0.00359089,0.982799,0.98639
0,0.91 ,0.0127481, 0.00360181,0.98365,0.987252
0,0.92 ,0.011936, 0.00361291,0.984451,0.988064
0,0.93 ,0.011171, 0.00362418,0.985205,0.988829
0,0.94 ,0.0104505, 0.00363563,0.985914,0.989549
0,0.95 ,0.00977213, 0.00364726,0.986581,0.990228
0,0.96 ,0.00913354, 0.00365906,0.987207,0.990866
0,0.97 ,0.00853257, 0.00367104,0.987796,0.991467
0,0.98 ,0.00796719, 0.00368319,0.98835,0.992033
0,0.99 ,0.00743544, 0.00369552,0.988869,0.992565
0,1 ,0.0069355, 0.00370803,0.989356,0.993065
0.01,0 ,0.994844, 0.00311703,0.00203851,0.00515554
0.01,0.01 ,0.994747, 0.00311927,0.00213363,0.00525289
0.01,0.02 ,0.994641, 0.00312153,0.00223759,0.00535912
0.01,0.03 ,0.994524, 0.00312383,0.00235167,0.0054755
0.01,0.04 ,0.994396, 0.00312616,0.00247744,0.0056036
0.01,0.05 ,0.994255, 0.00312852,0.00261676,0.00574528
0.01,0.06 ,0.994097, 0.00313091,0.00277195,0.00590286
0.01,0.07 ,0.993921, 0.00313334,0.00294586,0.0060792
0.01,0.08 ,0.993722, 0.0031358,0.00314208,0.00627788
0.01,0.09 ,0.993497, 0.00313829,0.00336519,0.00650348
0.01,0.1 ,0.993238, 0.00314082,0.00362107,0.00676189
0.01,0.11 ,0.992939, 0.00314339,0.00391748,0.00706087
0.01,0.12 ,0.992589, 0.00314599,0.00426482,0.00741081
0.01,0.13 ,0.992174, 0.00314863,0.00467733,0.00782597
0.01,0.14 ,0.991674, 0.00315131,0.00517512,0.00832644
0.01,0.15 ,0.991059, 0.00315403,0.0057874,0.00894143
0.01,0.16 ,0.990285, 0.00315679,0.00655827,0.00971507
0.01,0.17 ,0.989283, 0.0031596,0.00755751,0.0107171
0.01,0.18 ,0.987936, 0.00316244,0.00890185,0.0120643
0.01,0.19 ,0.986033, 0.00316533,0.0108013,0.0139666
0.01,0.2 ,0.983162, 0.00316826,0.0136697,0.016838
0.01,0.21 ,0.978404, 0.00317124,0.0184245,0.0215957
0.01,0.22 ,0.969438, 0.00317426,0.0273881,0.0305624
0.01,0.23 ,0.950116, 0.00317734,0.0467071,0.0498845
0.01,0.24 ,0.910871, 0.00318046,0.085949,0.0891295
0.01,0.25 ,0.855176, 0.00318363,0.14164,0.144824
0.01,0.26 ,0.795717, 0.00318686,0.201096,0.204283
0.01,0.27 ,0.738505, 0.00319014,0.258305,0.261495
0.01,0.28 ,0.685195, 0.00319347,0.311612,0.314805
0.01,0.29 ,0.636048, 0.00319686,0.360755,0.363952
0.01,0.3 ,0.590897, 0.0032003,0.405902,0.409103
0.01,0.31 ,0.54945, 0.00320381,0.447346,0.45055
0.01,0.32 ,0.511387, 0.00320738,0.485406,0.488613
0.01,0.33 ,0.476396, 0.003211,0.520393,0.523604
0.01,0.34 ,0.444191, 0.0032147,0.552595,0.555809
0.01,0.35 ,0.414511, 0.00321845,0.582271,0.585489
0.01,0.36 ,0.387121, 0.00322228,0.609657,0.612879
0.01,0.37 ,0.361811, 0.00322617,0.634963,0.638189
0.01,0.38 ,0.338392, 0.00323014,0.658378,0.661608
0.01,0.39 ,0.316697, 0.00323418,0.680069,0.683303
0.01,0.4 ,0.296574, 0.00323829,0.700188,0.703426
0.01,0.41 ,0.277888, 0.00324248,0.718869,0.722112
0.01,0.42 ,0.260518, 0.00324675,0.736235,0.739482
0.01,0.43 ,0.244355, 0.0032511,0.752394,0.755645
0.01,0.44 ,0.229299, 0.00325554,0.767445,0.770701
0.01,0.45 ,0.215263, 0.00326006,0.781477,0.784737
0.01,0.46 ,0.202164, 0.00326467,0.794571,0.797836
0.01,0.47 ,0.189932, 0.00326937,0.806799,0.810068
0.01,0.48 ,0.178499, 0.00327416,0.818227,0.821501
0.01,0.49 ,0.167806, 0.00327905,0.828915,0.832194
0.01,0.5 ,0.157797, 0.00328403,0.838919,0.842203
0.01,0.51 ,0.148422, 0.00328912,0.848289,0.851578
0.01,0.52 ,0.139637, 0.0032943,0.857069,0.860363
0.01,0.53 ,0.131398, 0.0032996,0.865302,0.868602
0.01,0.54 ,0.123668, 0.003305,0.873027,0.876332
0.01,0.55 ,0.116412, 0.00331051,0.880278,0.883588
0.01,0.56 ,0.109597, 0.00331613,0.887087,0.890403
0.01,0.57 ,0.103193, 0.00332188,0.893485,0.896807
0.01,0.58 ,0.0971731, 0.00332773,0.899499,0.902827
0.01,0.59 ,0.091512, 0.00333371,0.905154,0.908488
0.01,0.6 ,0.0861862, 0.00333982,0.910474,0.913814
0.01,0.61 ,0.0811742, 0.00334605,0.91548,0.918826
0.01,0.62 ,0.0764558, 0.0033524,0.920192,0.923544
0.01,0.63 ,0.0720127, 0.00335889,0.924628,0.927987
0.01,0.64 ,0.0678275, 0.00336551,0.928807,0.932173
0.01,0.65 ,0.0638842, 0.00337227,0.932744,0.936116
0.01,0.66 ,0.0601681, 0.00337917,0.936453,0.939832
0.01,0.67 ,0.0566653, 0.0033862,0.939949,0.943335
0.01,0.68 ,0.0533628, 0.00339338,0.943244,0.946637
0.01,0.69 ,0.0502488, 0.0034007,0.94635,0.949751
0.01,0.7 ,0.0473121, 0.00340817,0.94928,0.952688
0.01,0.71 ,0.0445421, 0.00341579,0.952042,0.955458
0.01,0.72 ,0.041929, 0.00342356,0.954647,0.958071
0.01,0.73 ,0.0394639, 0.00343149,0.957105,0.960536
0.01,0.74 ,0.037138, 0.00343957,0.959422,0.962862
0.01,0.75 ,0.0349435, 0.0034478,0.961609,0.965057
0.01,0.76 ,0.0328727, 0.0034562,0.963671,0.967127
0.01,0.77 ,0.0309187, 0.00346475,0.965617,0.969081
0.01,0.78 ,0.0290749, 0.00347347,0.967452,0.970925
0.01,0.79 ,0.027335, 0.00348235,0.969183,0.972665
0.01,0.8 ,0.0256932, 0.00349139,0.970815,0.974307
0.01,0.81 ,0.0241441, 0.0035006,0.972355,0.975856
0.01,0.82 ,0.0226824, 0.00350997,0.973808,0.977318
0.01,0.83 ,0.0213034, 0.00351952,0.975177,0.978697
0.01,0.84 ,0.0200025, 0.00352923,0.976468,0.979997
0.01,0.85 ,0.0187754, 0.00353912,0.977685,0.981225
0.01,0.86 ,0.017618, 0.00354917,0.978833,0.982382
0.01,0.87 ,0.0165265, 0.0035594,0.979914,0.983473
0.01,0.88 ,0.0154973, 0.0035698,0.980933,0.984503
0.01,0.89 ,0.014527, 0.00358037,0.981893,0.985473
0.01,0.9 ,0.0136124, 0.00359112,0.982796,0.986388
0.01,0.91 ,0.0127504, 0.00360204,0.983648,0.98725
0.01,0.92 ,0.0119383, 0.00361314,0.984449,0.988062
0.01,0.93 ,0.0111732, 0.00362441,0.985202,0.988827
0.01,0.94 ,0.0104526, 0.00363586,0.985912,0.989547
0.01,0.95 ,0.00977408, 0.00364749,0.986578,0.990226
0.01,0.96 ,0.00913539, 0.00365929,0.987205,0.990865
0.01,0.97 ,0.00853434, 0.00367127,0.987794,0.991466
0.01,0.98 ,0.00796887, 0.00368342,0.988348,0.992031
0.01,0.99 ,0.00743704, 0.00369575,0.988867,0.992563
0.01,1 ,0.00693702, 0.00370825,0.989355,0.993063
0.02,0 ,0.994803, 0.00311728,0.00207945,0.00519673
0.02,0.01 ,0.994706, 0.00311952,0.00217456,0.00529408
0.02,0.02 ,0.9946, 0.00312179,0.00227851,0.0054003
0.02,0.03 ,0.994483, 0.00312409,0.00239259,0.00551668
0.02,0.04 ,0.994355, 0.00312642,0.00251835,0.00564477
0.02,0.05 ,0.994214, 0.00312878,0.00265767,0.00578644
0.02,0.06 ,0.994056, 0.00313117,0.00281284,0.00594401
0.02,0.07 ,0.99388, 0.00313359,0.00298674,0.00612034
0.02,0.08 ,0.993681, 0.00313605,0.00318296,0.00631901
0.02,0.09 ,0.993455, 0.00313855,0.00340604,0.00654459
0.02,0.1 ,0.993197, 0.00314108,0.0036619,0.00680298
0.02,0.11 ,0.992898, 0.00314365,0.00395829,0.00710193
0.02,0.12 ,0.992548, 0.00314625,0.00430559,0.00745184
0.02,0.13 ,0.992133, 0.00314889,0.00471806,0.00786695
0.02,0.14 ,0.991633, 0.00315157,0.00521578,0.00836735
0.02,0.15 ,0.991018, 0.00315429,0.00582797,0.00898225
0.02,0.16 ,0.990244, 0.00315705,0.00659871,0.00975575
0.02,0.17 ,0.989242, 0.00315985,0.00759773,0.0107576
0.02,0.18 ,0.987896, 0.00316269,0.00894174,0.0121044
0.02,0.19 ,0.985994, 0.00316558,0.0108406,0.0140062
0.02,0.2 ,0.983124, 0.00316851,0.0137079,0.0168764
0.02,0.21 ,0.978368, 0.00317149,0.0184603,0.0216318
0.02,0.22 ,0.969408, 0.00317452,0.027418,0.0305925
0.02,0.23 ,0.950101, 0.00317759,0.0467216,0.0498992
0.02,0.24 ,0.91088, 0.00318071,0.0859392,0.0891199
0.02,0.25 ,0.8552, 0.00318389,0.141616,0.1448
0.02,0.26 ,0.795746, 0.00318711,0.201067,0.204254
0.02,0.27 ,0.738535, 0.00319039,0.258274,0.261465
0.02,0.28 ,0.685225, 0.00319372,0.311581,0.314775
0.02,0.29 ,0.636077, 0.00319711,0.360726,0.363923
0.02,0.3 ,0.590926, 0.00320056,0.405873,0.409074
0.02,0.31 ,0.549478, 0.00320406,0.447318,0.450522
0.02,0.32 ,0.511413, 0.00320763,0.485379,0.488587
0.02,0.33 ,0.476422, 0.00321126,0.520367,0.523578
0.02,0.34 ,0.444216, 0.00321495,0.55257,0.555784
0.02,0.35 ,0.414534, 0.00321871,0.582247,0.585466
0.02,0.36 ,0.387144, 0.00322253,0.609634,0.612856
0.02,0.37 ,0.361833, 0.00322643,0.634941,0.638167
0.02,0.38 ,0.338413, 0.00323039,0.658356,0.661587
0.02,0.39 ,0.316717, 0.00323443,0.680048,0.683283
0.02,0.4 ,0.296594, 0.00323854,0.700168,0.703406
0.02,0.41 ,0.277907, 0.00324273,0.71885,0.722093
0.02,0.42 ,0.260536, 0.003247,0.736217,0.739464
0.02,0.43 ,0.244372, 0.00325136,0.752376,0.755628
0.02,0.44 ,0.229316, 0.00325579,0.767428,0.770684
0.02,0.45 ,0.215279, 0.00326031,0.781461,0.784721
0.02,0.46 ,0.20218, 0.00326492,0.794555,0.79782
0.02,0.47 ,0.189947, 0.00326962,0.806783,0.810053
0.02,0.48 ,0.178514, 0.00327441,0.818212,0.821486
0.02,0.49 ,0.167819, 0.0032793,0.828901,0.832181
0.02,0.5 ,0.15781, 0.00328428,0.838906,0.84219
0.02,0.51 ,0.148435, 0.00328937,0.848276,0.851565
0.02,0.52 ,0.139649, 0.00329455,0.857056,0.860351
0.02,0.53 ,0.13141, 0.00329985,0.86529,0.86859
0.02,0.54 ,0.12368, 0.00330525,0.873015,0.87632
0.02,0.55 ,0.116423, 0.00331076,0.880266,0.883577
0.02,0.56 ,0.109607, 0.00331638,0.887076,0.890393
0.02,0.57 ,0.103203, 0.00332212,0.893475,0.896797
0.02,0.58 ,0.0971828, 0.00332798,0.899489,0.902817
0.02,0.59 ,0.0915214, 0.00333396,0.905145,0.908479
0.02,0.6 ,0.0861953, 0.00334007,0.910465,0.913805
0.02,0.61 ,0.0811829, 0.00334629,0.915471,0.918817
0.02,0.62 ,0.0764642, 0.00335265,0.920183,0.923536
0.02,0.63 ,0.0720207, 0.00335914,0.92462,0.927979
0.02,0.64 ,0.0678352, 0.00336576,0.928799,0.932165
0.02,0.65 ,0.0638917, 0.00337252,0.932736,0.936108
0.02,0.66 ,0.0601752, 0.00337941,0.936445,0.939825
0.02,0.67 ,0.0566721, 0.00338645,0.939941,0.943328
0.02,0.68 ,0.0533695, 0.00339363,0.943237,0.946631
0.02,0.69 ,0.0502552, 0.00340095,0.946344,0.949745
0.02,0.7 ,0.0473182, 0.00340842,0.949273,0.952682
0.02,0.71 ,0.0445479, 0.00341604,0.952036,0.955452
0.02,0.72 ,0.0419347, 0.00342381,0.954642,0.958065
0.02,0.73 ,0.0394693, 0.00343173,0.957099,0.960531
0.02,0.74 ,0.0371432, 0.00343981,0.959417,0.962857
0.02,0.75 ,0.0349484, 0.00344805,0.961604,0.965052
0.02,0.76 ,0.0328775, 0.00345644,0.963666,0.967123
0.02,0.77 ,0.0309233, 0.00346499,0.965612,0.969077
0.02,0.78 ,0.0290792, 0.00347371,0.967447,0.970921
0.02,0.79 ,0.0273392, 0.00348259,0.969178,0.972661
0.02,0.8 ,0.0256972, 0.00349163,0.970811,0.974303
0.02,0.81 ,0.0241479, 0.00350084,0.972351,0.975852
0.02,0.82 ,0.0226861, 0.00351021,0.973804,0.977314
0.02,0.83 ,0.021307, 0.00351976,0.975173,0.978693
0.02,0.84 ,0.0200059, 0.00352947,0.976465,0.979994
0.02,0.85 ,0.0187786, 0.00353936,0.977682,0.981221
0.02,0.86 ,0.0176211, 0.00354941,0.978829,0.982379
0.02,0.87 ,0.0165295, 0.00355964,0.979911,0.983471
0.02,0.88 ,0.0155002, 0.00357004,0.98093,0.9845
0.02,0.89 ,0.0145297, 0.00358061,0.98189,0.98547
0.02,0.9 ,0.013615, 0.00359136,0.982794,0.986385
0.02,0.91 ,0.0127529, 0.00360228,0.983645,0.987247
0.02,0.92 ,0.0119406, 0.00361338,0.984446,0.988059
0.02,0.93 ,0.0111754, 0.00362465,0.9852,0.988825
0.02,0.94 ,0.0104547, 0.0036361,0.985909,0.989545
0.02,0.95 ,0.00977613, 0.00364772,0.986576,0.990224
0.02,0.96 ,0.00913734, 0.00365952,0.987203,0.990863
0.02,0.97 ,0.0085362, 0.0036715,0.987792,0.991464
0.02,0.98 ,0.00797064, 0.00368365,0.988346,0.992029
0.02,0.99 ,0.00743873, 0.00369598,0.988865,0.992561
0.02,1 ,0.00693862, 0.00370848,0.989353,0.993061
0.03,0 ,0.994759, 0.00311754,0.00212304,0.00524059
0.03,0.01 ,0.994662, 0.00311978,0.00221815,0.00533793
0.03,0.02 ,0.994556, 0.00312205,0.0023221,0.00544415
0.03,0.03 ,0.994439, 0.00312434,0.00243618,0.00556052
0.03,0.04 ,0.994311, 0.00312667,0.00256193,0.0056886
0.03,0.05 ,0.99417, 0.00312903,0.00270123,0.00583027
0.03,0.06 ,0.994012, 0.00313143,0.0028564,0.00598783
0.03,0.07 ,0.993836, 0.00313385,0.00303029,0.00616414
0.03,0.08 ,0.993637, 0.00313631,0.00322649,0.0063628
0.03,0.09 ,0.993412, 0.00313881,0.00344956,0.00658837
0.03,0.1 ,0.993153, 0.00314134,0.0037054,0.00684673
0.03,0.11 ,0.992854, 0.0031439,0.00400175,0.00714566
0.03,0.12 ,0.992504, 0.00314651,0.00434902,0.00749552
0.03,0.13 ,0.992089, 0.00314915,0.00476144,0.00791058
0.03,0.14 ,0.991589, 0.00315183,0.00525909,0.00841092
0.03,0.15 ,0.990974, 0.00315455,0.00587118,0.00902572
0.03,0.16 ,0.990201, 0.00315731,0.00664177,0.00979908
0.03,0.17 ,0.989199, 0.00316011,0.00764058,0.0108007
0.03,0.18 ,0.987853, 0.00316295,0.00898424,0.0121472
0.03,0.19 ,0.985952, 0.00316584,0.0108825,0.0140483
0.03,0.2 ,0.983083, 0.00316877,0.0137486,0.0169174
0.03,0.21 ,0.97833, 0.00317175,0.0184984,0.0216702
0.03,0.22 ,0.969375, 0.00317477,0.0274498,0.0306246
0.03,0.23 ,0.950085, 0.00317785,0.0467371,0.0499149
0.03,0.24 ,0.91089, 0.00318097,0.0859288,0.0891098
0.03,0.25 ,0.855226, 0.00318414,0.14159,0.144774
0.03,0.26 ,0.795777, 0.00318737,0.201036,0.204223
0.03,0.27 ,0.738568, 0.00319065,0.258242,0.261432
0.03,0.28 ,0.685257, 0.00319398,0.311549,0.314743
0.03,0.29 ,0.636109, 0.00319737,0.360694,0.363891
0.03,0.3 ,0.590957, 0.00320081,0.405843,0.409043
0.03,0.31 ,0.549508, 0.00320432,0.447288,0.450492
0.03,0.32 ,0.511442, 0.00320789,0.48535,0.488558
0.03,0.33 ,0.476449, 0.00321151,0.52034,0.523551
0.03,0.34 ,0.444242, 0.00321521,0.552543,0.555758
0.03,0.35 ,0.41456, 0.00321896,0.582221,0.58544
0.03,0.36 ,0.387168, 0.00322279,0.609609,0.612832
0.03,0.37 ,0.361856, 0.00322668,0.634917,0.638144
0.03,0.38 ,0.338436, 0.00323065,0.658334,0.661564
0.03,0.39 ,0.316739, 0.00323469,0.680026,0.683261
0.03,0.4 ,0.296614, 0.0032388,0.700147,0.703386
0.03,0.41 ,0.277927, 0.00324299,0.71883,0.722073
0.03,0.42 ,0.260556, 0.00324726,0.736197,0.739444
0.03,0.43 ,0.244391, 0.00325161,0.752358,0.755609
0.03,0.44 ,0.229334, 0.00325604,0.76741,0.770666
0.03,0.45 ,0.215296, 0.00326056,0.781444,0.784704
0.03,0.46 ,0.202196, 0.00326517,0.794538,0.797804
0.03,0.47 ,0.189963, 0.00326987,0.806767,0.810037
0.03,0.48 ,0.178529, 0.00327466,0.818197,0.821471
0.03,0.49 ,0.167834, 0.00327955,0.828886,0.832166
0.03,0.5 ,0.157824, 0.00328453,0.838891,0.842176
0.03,0.51 ,0.148449, 0.00328962,0.848262,0.851551
0.03,0.52 ,0.139662, 0.00329481,0.857043,0.860338
0.03,0.53 ,0.131422, 0.0033001,0.865277,0.868578
0.03,0.54 ,0.123692, 0.0033055,0.873003,0.876308
0.03,0.55 ,0.116434, 0.00331101,0.880255,0.883566
0.03,0.56 ,0.109618, 0.00331664,0.887065,0.890382
0.03,0.57 ,0.103214, 0.00332238,0.893464,0.896786
0.03,0.58 ,0.0971932, 0.00332824,0.899479,0.902807
0.03,0.59 ,0.0915313, 0.00333421,0.905134,0.908469
0.03,0.6 ,0.0862048, 0.00334032,0.910455,0.913795
0.03,0.61 ,0.0811921, 0.00334654,0.915461,0.918808
0.03,0.62 ,0.0764731, 0.0033529,0.920174,0.923527
0.03,0.63 ,0.0720293, 0.00335939,0.924611,0.927971
0.03,0.64 ,0.0678434, 0.00336601,0.928791,0.932157
0.03,0.65 ,0.0638995, 0.00337277,0.932728,0.9361
0.03,0.66 ,0.0601828, 0.00337966,0.936438,0.939817
0.03,0.67 ,0.0566794, 0.0033867,0.939934,0.943321
0.03,0.68 ,0.0533764, 0.00339387,0.94323,0.946624
0.03,0.69 ,0.0502619, 0.0034012,0.946337,0.949738
0.03,0.7 ,0.0473246, 0.00340867,0.949267,0.952675
0.03,0.71 ,0.0445541, 0.00341629,0.95203,0.955446
0.03,0.72 ,0.0419406, 0.00342406,0.954635,0.958059
0.03,0.73 ,0.039475, 0.00343198,0.957093,0.960525
0.03,0.74 ,0.0371487, 0.00344006,0.959411,0.962851
0.03,0.75 ,0.0349537, 0.00344829,0.961598,0.965046
0.03,0.76 ,0.0328825, 0.00345668,0.963661,0.967117
0.03,0.77 ,0.0309281, 0.00346524,0.965607,0.969072
0.03,0.78 ,0.0290839, 0.00347395,0.967442,0.970916
0.03,0.79 ,0.0273436, 0.00348283,0.969174,0.972656
0.03,0.8 ,0.0257015, 0.00349187,0.970807,0.974299
0.03,0.81 ,0.024152, 0.00350108,0.972347,0.975848
0.03,0.82 ,0.02269, 0.00351046,0.9738,0.97731
0.03,0.83 ,0.0213107, 0.00352,0.975169,0.978689
0.03,0.84 ,0.0200095, 0.00352971,0.976461,0.979991
0.03,0.85 ,0.0187821, 0.0035396,0.977678,0.981218
0.03,0.86 ,0.0176244, 0.00354965,0.978826,0.982376
0.03,0.87 ,0.0165326, 0.00355988,0.979908,0.983467
0.03,0.88 ,0.0155031, 0.00357028,0.980927,0.984497
0.03,0.89 ,0.0145326, 0.00358085,0.981887,0.985467
0.03,0.9 ,0.0136177, 0.00359159,0.982791,0.986382
0.03,0.91 ,0.0127555, 0.00360252,0.983642,0.987244
0.03,0.92 ,0.0119431, 0.00361361,0.984443,0.988057
0.03,0.93 ,0.0111778, 0.00362488,0.985197,0.988822
0.03,0.94 ,0.010457, 0.00363633,0.985907,0.989543
0.03,0.95 ,0.00977828, 0.00364795,0.986574,0.990222
0.03,0.96 ,0.00913939, 0.00365975,0.987201,0.990861
0.03,0.97 ,0.00853815, 0.00367173,0.98779,0.991462
0.03,0.98 ,0.0079725, 0.00368388,0.988344,0.992028
0.03,0.99 ,0.00744049, 0.00369621,0.988863,0.99256
0.03,1 ,0.0069403, 0.00370871,0.989351,0.99306
0.04,0 ,0.994713, 0.0031178,0.00216958,0.00528738
0.04,0.01 ,0.994615, 0.00312004,0.00226468,0.00538472
0.04,0.02 ,0.994509, 0.00312231,0.00236863,0.00549094
0.04,0.03 ,0.994393, 0.00312461,0.0024827,0.0056073
0.04,0.04 ,0.994265, 0.00312693,0.00260844,0.00573538
0.04,0.05 ,0.994123, 0.0031293,0.00274774,0.00587703
0.04,0.06 ,0.993965, 0.00313169,0.0029029,0.00603458
0.04,0.07 ,0.993789, 0.00313411,0.00307677,0.00621089
0.04,0.08 ,0.99359, 0.00313657,0.00327296,0.00640953
0.04,0.09 ,0.993365, 0.00313907,0.00349601,0.00663507
0.04,0.1 ,0.993107, 0.0031416,0.00375182,0.00689342
0.04,0.11 ,0.992808, 0.00314416,0.00404815,0.00719231
0.04,0.12 ,0.992458, 0.00314677,0.00439537,0.00754214
0.04,0.13 ,0.992043, 0.00314941,0.00480774,0.00795714
0.04,0.14 ,0.991543, 0.00315209,0.00530532,0.00845741
0.04,0.15 ,0.990928, 0.00315481,0.0059173,0.00907211
0.04,0.16 ,0.990155, 0.00315757,0.00668775,0.00984531
0.04,0.17 ,0.989153, 0.00316037,0.00768632,0.0108467
0.04,0.18 ,0.987807, 0.00316321,0.0090296,0.0121928
0.04,0.19 ,0.985907, 0.0031661,0.0109272,0.0140933
0.04,0.2 ,0.983039, 0.00316903,0.0137921,0.0169611
0.04,0.21 ,0.978289, 0.00317201,0.0185392,0.0217112
0.04,0.22 ,0.969341, 0.00317503,0.0274839,0.0306589
0.04,0.23 ,0.950068, 0.00317811,0.0467537,0.0499319
0.04,0.24 ,0.910901, 0.00318123,0.0859179,0.0890991
0.04,0.25 ,0.855253, 0.0031844,0.141562,0.144747
0.04,0.26 ,0.79581, 0.00318763,0.201003,0.20419
0.04,0.27 ,0.738602, 0.00319091,0.258207,0.261398
0.04,0.28 ,0.685292, 0.00319424,0.311514,0.314708
0.04,0.29 ,0.636142, 0.00319763,0.36066,0.363858
0.04,0.3 ,0.590989, 0.00320107,0.40581,0.409011
0.04,0.31 ,0.549539, 0.00320458,0.447256,0.450461
0.04,0.32 ,0.511472, 0.00320815,0.48532,0.488528
0.04,0.33 ,0.476478, 0.00321177,0.52031,0.523522
0.04,0.34 ,0.44427, 0.00321547,0.552515,0.55573
0.04,0.35 ,0.414587, 0.00321922,0.582194,0.585413
0.04,0.36 ,0.387194, 0.00322305,0.609583,0.612806
0.04,0.37 ,0.361881, 0.00322694,0.634892,0.638119
0.04,0.38 ,0.33846, 0.00323091,0.658309,0.66154
0.04,0.39 ,0.316762, 0.00323495,0.680003,0.683238
0.04,0.4 ,0.296637, 0.00323906,0.700124,0.703363
0.04,0.41 ,0.277948, 0.00324325,0.718808,0.722052
0.04,0.42 ,0.260576, 0.00324752,0.736176,0.739424
0.04,0.43 ,0.24441, 0.00325187,0.752338,0.75559
0.04,0.44 ,0.229353, 0.0032563,0.767391,0.770647
0.04,0.45 ,0.215314, 0.00326082,0.781425,0.784686
0.04,0.46 ,0.202214, 0.00326543,0.794521,0.797786
0.04,0.47 ,0.18998, 0.00327013,0.80675,0.81002
0.04,0.48 ,0.178545, 0.00327492,0.81818,0.821455
0.04,0.49 ,0.16785, 0.00327981,0.82887,0.83215
0.04,0.5 ,0.157839, 0.00328479,0.838876,0.842161
0.04,0.51 ,0.148463, 0.00328988,0.848247,0.851537
0.04,0.52 ,0.139676, 0.00329506,0.857029,0.860324
0.04,0.53 ,0.131436, 0.00330036,0.865264,0.868564
0.04,0.54 ,0.123705, 0.00330576,0.87299,0.876295
0.04,0.55 ,0.116447, 0.00331127,0.880242,0.883553
0.04,0.56 ,0.10963, 0.00331689,0.887053,0.89037
0.04,0.57 ,0.103225, 0.00332263,0.893452,0.896775
0.04,0.58 ,0.0972042, 0.00332849,0.899467,0.902796
0.04,0.59 ,0.0915419, 0.00333447,0.905124,0.908458
0.04,0.6 ,0.086215, 0.00334057,0.910444,0.913785
0.04,0.61 ,0.0812019, 0.0033468,0.915451,0.918798
0.04,0.62 ,0.0764825, 0.00335316,0.920164,0.923518
0.04,0.63 ,0.0720383, 0.00335964,0.924602,0.927962
0.04,0.64 ,0.0678521, 0.00336626,0.928782,0.932148
0.04,0.65 ,0.0639079, 0.00337302,0.932719,0.936092
0.04,0.66 ,0.0601909, 0.00337991,0.936429,0.939809
0.04,0.67 ,0.0566871, 0.00338695,0.939926,0.943313
0.04,0.68 ,0.0533839, 0.00339413,0.943222,0.946616
0.04,0.69 ,0.050269, 0.00340145,0.94633,0.949731
0.04,0.7 ,0.0473315, 0.00340892,0.94926,0.952669
0.04,0.71 ,0.0445607, 0.00341654,0.952023,0.955439
0.04,0.72 ,0.0419469, 0.00342431,0.954629,0.958053
0.04,0.73 ,0.039481, 0.00343223,0.957087,0.960519
0.04,0.74 ,0.0371545, 0.00344031,0.959405,0.962846
0.04,0.75 ,0.0349593, 0.00344854,0.961592,0.965041
0.04,0.76 ,0.0328879, 0.00345693,0.963655,0.967112
0.04,0.77 ,0.0309332, 0.00346549,0.965601,0.969067
0.04,0.78 ,0.0290888, 0.0034742,0.967437,0.970911
0.04,0.79 ,0.0273483, 0.00348308,0.969169,0.972652
0.04,0.8 ,0.025706, 0.00349212,0.970802,0.974294
0.04,0.81 ,0.0241563, 0.00350133,0.972342,0.975844
0.04,0.82 ,0.0226941, 0.0035107,0.973795,0.977306
0.04,0.83 ,0.0213147, 0.00352024,0.975165,0.978685
0.04,0.84 ,0.0200133, 0.00352996,0.976457,0.979987
0.04,0.85 ,0.0187857, 0.00353984,0.977674,0.981214
0.04,0.86 ,0.0176278, 0.00354989,0.978822,0.982372
0.04,0.87 ,0.0165359, 0.00356012,0.979904,0.983464
0.04,0.88 ,0.0155063, 0.00357052,0.980923,0.984494
0.04,0.89 ,0.0145356, 0.00358109,0.981883,0.985464
0.04,0.9 ,0.0136206, 0.00359184,0.982788,0.986379
0.04,0.91 ,0.0127583, 0.00360276,0.983639,0.987242
0.04,0.92 ,0.0119457, 0.00361385,0.98444,0.988054
0.04,0.93 ,0.0111803, 0.00362512,0.985195,0.98882
0.04,0.94 ,0.0104594, 0.00363657,0.985904,0.989541
0.04,0.95 ,0.00978055, 0.00364819,0.986571,0.990219
0.04,0.96 ,0.00914155, 0.00365999,0.987198,0.990858
0.04,0.97 ,0.0085402, 0.00367196,0.987788,0.99146
0.04,0.98 ,0.00797445, 0.00368412,0.988341,0.992026
0.04,0.99 ,0.00744235, 0.00369644,0.988861,0.992558
0.04,1 ,0.00694207, 0.00370894,0.989349,0.993058
0.05,0 ,0.994663, 0.00311807,0.00221937,0.00533744
0.05,0.01 ,0.994565, 0.0031203,0.00231447,0.00543478
0.05,0.02 ,0.994459, 0.00312257,0.00241841,0.00554098
0.05,0.03 ,0.994343, 0.00312487,0.00253247,0.00565734
0.05,0.04 ,0.994215, 0.0031272,0.00265821,0.00578541
0.05,0.05 ,0.994073, 0.00312956,0.0027975,0.00592706
0.05,0.06 ,0.993915, 0.00313195,0.00295264,0.00608459
0.05,0.07 ,0.993739, 0.00313438,0.00312651,0.00626088
0.05,0.08 ,0.99354, 0.00313684,0.00332267,0.00645951
0.05,0.09 ,0.993315, 0.00313933,0.0035457,0.00668503
0.05,0.1 ,0.993057, 0.00314186,0.00380149,0.00694335
0.05,0.11 ,0.992758, 0.00314443,0.00409779,0.00724221
0.05,0.12 ,0.992408, 0.00314703,0.00444497,0.007592
0.05,0.13 ,0.991993, 0.00314967,0.00485728,0.00800695
0.05,0.14 ,0.991493, 0.00315235,0.00535478,0.00850713
0.05,0.15 ,0.990878, 0.00315507,0.00596665,0.00912172
0.05,0.16 ,0.990105, 0.00315783,0.00673694,0.00989477
0.05,0.17 ,0.989104, 0.00316063,0.00773526,0.0108959
0.05,0.18 ,0.987758, 0.00316348,0.00907815,0.0122416
0.05,0.19 ,0.985859, 0.00316636,0.010975,0.0141414
0.05,0.2 ,0.982992, 0.0031693,0.0138386,0.0170079
0.05,0.21 ,0.978245, 0.00317227,0.0185829,0.0217552
0.05,0.22 ,0.969304, 0.0031753,0.0275204,0.0306957
0.05,0.23 ,0.95005, 0.00317837,0.0467717,0.04995
0.05,0.24 ,0.910912, 0.00318149,0.0859063,0.0890878
0.05,0.25 ,0.855282, 0.00318467,0.141533,0.144718
0.05,0.26 ,0.795845, 0.00318789,0.200967,0.204155
0.05,0.27 ,0.738639, 0.00319117,0.25817,0.261361
0.05,0.28 ,0.685328, 0.0031945,0.311477,0.314672
0.05,0.29 ,0.636178, 0.00319789,0.360624,0.363822
0.05,0.3 ,0.591024, 0.00320134,0.405775,0.408976
0.05,0.31 ,0.549573, 0.00320484,0.447223,0.450427
0.05,0.32 ,0.511504, 0.00320841,0.485287,0.488496
0.05,0.33 ,0.476509, 0.00321204,0.520279,0.523491
0.05,0.34 ,0.4443, 0.00321573,0.552485,0.5557
0.05,0.35 ,0.414615, 0.00321949,0.582165,0.585385
0.05,0.36 ,0.387221, 0.00322331,0.609555,0.612779
0.05,0.37 ,0.361907, 0.0032272,0.634865,0.638093
0.05,0.38 ,0.338485, 0.00323117,0.658284,0.661515
0.05,0.39 ,0.316786, 0.00323521,0.679978,0.683214
0.05,0.4 ,0.29666, 0.00323932,0.700101,0.70334
0.05,0.41 ,0.277971, 0.00324351,0.718785,0.722029
0.05,0.42 ,0.260598, 0.00324778,0.736154,0.739402
0.05,0.43 ,0.244431, 0.00325213,0.752317,0.755569
0.05,0.44 ,0.229373, 0.00325656,0.767371,0.770627
0.05,0.45 ,0.215333, 0.00326108,0.781406,0.784667
0.05,0.46 ,0.202233, 0.00326569,0.794502,0.797767
0.05,0.47 ,0.189998, 0.00327039,0.806732,0.810002
0.05,0.48 ,0.178562, 0.00327518,0.818163,0.821438
0.05,0.49 ,0.167866, 0.00328007,0.828854,0.832134
0.05,0.5 ,0.157855, 0.00328505,0.83886,0.842145
0.05,0.51 ,0.148478, 0.00329014,0.848231,0.851522
0.05,0.52 ,0.139691, 0.00329532,0.857014,0.860309
0.05,0.53 ,0.13145, 0.00330062,0.865249,0.86855
0.05,0.54 ,0.123718, 0.00330602,0.872976,0.876282
0.05,0.55 ,0.11646, 0.00331153,0.880229,0.88354
0.05,0.56 ,0.109643, 0.00331715,0.88704,0.890357
0.05,0.57 ,0.103237, 0.00332289,0.89344,0.896763
0.05,0.58 ,0.0972159, 0.00332875,0.899455,0.902784
0.05,0.59 ,0.0915532, 0.00333473,0.905112,0.908447
0.05,0.6 ,0.0862259, 0.00334083,0.910433,0.913774
0.05,0.61 ,0.0812123, 0.00334706,0.915441,0.918788
0.05,0.62 ,0.0764925, 0.00335341,0.920154,0.923508
0.05,0.63 ,0.0720479, 0.0033599,0.924592,0.927952
0.05,0.64 ,0.0678613, 0.00336652,0.928772,0.932139
0.05,0.65 ,0.0639168, 0.00337328,0.93271,0.936083
0.05,0.66 ,0.0601994, 0.00338017,0.93642,0.939801
0.05,0.67 ,0.0566953, 0.0033872,0.939917,0.943305
0.05,0.68 ,0.0533917, 0.00339438,0.943214,0.946608
0.05,0.69 ,0.0502766, 0.0034017,0.946322,0.949723
0.05,0.7 ,0.0473387, 0.00340917,0.949252,0.952661
0.05,0.71 ,0.0445676, 0.00341679,0.952016,0.955432
0.05,0.72 ,0.0419536, 0.00342456,0.954622,0.958046
0.05,0.73 ,0.0394874, 0.00343248,0.95708,0.960513
0.05,0.74 ,0.0371606, 0.00344056,0.959399,0.962839
0.05,0.75 ,0.0349651, 0.00344879,0.961586,0.965035
0.05,0.76 ,0.0328935, 0.00345718,0.963649,0.967106
0.05,0.77 ,0.0309386, 0.00346574,0.965596,0.969061
0.05,0.78 ,0.029094, 0.00347445,0.967432,0.970906
0.05,0.79 ,0.0273533, 0.00348333,0.969163,0.972647
0.05,0.8 ,0.0257107, 0.00349237,0.970797,0.974289
0.05,0.81 ,0.0241609, 0.00350158,0.972338,0.975839
0.05,0.82 ,0.0226985, 0.00351095,0.973791,0.977301
0.05,0.83 ,0.0213188, 0.00352049,0.975161,0.978681
0.05,0.84 ,0.0200173, 0.0035302,0.976453,0.979983
0.05,0.85 ,0.0187895, 0.00354009,0.97767,0.981211
0.05,0.86 ,0.0176315, 0.00355014,0.978818,0.982369
0.05,0.87 ,0.0165394, 0.00356036,0.9799,0.983461
0.05,0.88 ,0.0155096, 0.00357076,0.98092,0.98449
0.05,0.89 ,0.0145388, 0.00358133,0.98188,0.985461
0.05,0.9 ,0.0136236, 0.00359208,0.982784,0.986376
0.05,0.91 ,0.0127612, 0.003603,0.983636,0.987239
0.05,0.92 ,0.0119485, 0.00361409,0.984437,0.988052
0.05,0.93 ,0.0111829, 0.00362536,0.985192,0.988817
0.05,0.94 ,0.0104619, 0.00363681,0.985901,0.989538
0.05,0.95 ,0.00978294, 0.00364843,0.986569,0.990217
0.05,0.96 ,0.00914383, 0.00366023,0.987196,0.990856
0.05,0.97 ,0.00854237, 0.0036722,0.987785,0.991458
0.05,0.98 ,0.00797651, 0.00368435,0.988339,0.992023
0.05,0.99 ,0.00744431, 0.00369668,0.988859,0.992556
0.05,1 ,0.00694393, 0.00370918,0.989347,0.993056
0.06,0 ,0.994609, 0.00311833,0.00227278,0.00539112
0.06,0.01 ,0.994512, 0.00312057,0.00236788,0.00548845
0.06,0.02 ,0.994405, 0.00312284,0.00247181,0.00559465
0.06,0.03 ,0.994289, 0.00312514,0.00258586,0.005711
0.06,0.04 ,0.994161, 0.00312747,0.00271159,0.00583905
0.06,0.05 ,0.994019, 0.00312983,0.00285087,0.00598069
0.06,0.06 ,0.993862, 0.00313222,0.003006,0.00613822
0.06,0.07 ,0.993686, 0.00313465,0.00317985,0.0063145
0.06,0.08 ,0.993487, 0.00313711,0.003376,0.0065131
0.06,0.09 ,0.993261, 0.0031396,0.00359901,0.00673861
0.06,0.1 ,0.993003, 0.00314213,0.00385477,0.0069969
0.06,0.11 ,0.992704, 0.0031447,0.00415103,0.00729572
0.06,0.12 ,0.992355, 0.0031473,0.00449816,0.00764546
0.06,0.13 ,0.99194, 0.00314994,0.00491041,0.00806035
0.06,0.14 ,0.99144, 0.00315262,0.00540784,0.00856045
0.06,0.15 ,0.990825, 0.00315534,0.00601959,0.00917493
0.06,0.16 ,0.990052, 0.0031581,0.0067897,0.0099478
0.06,0.17 ,0.989051, 0.0031609,0.00778777,0.0109487
0.06,0.18 ,0.987706, 0.00316374,0.00913023,0.012294
0.06,0.19 ,0.985807, 0.00316663,0.0110264,0.014193
0.06,0.2 ,0.982942, 0.00316956,0.0138885,0.0170581
0.06,0.21 ,0.978198, 0.00317254,0.0186298,0.0218023
0.06,0.22 ,0.969265, 0.00317557,0.0275596,0.0307352
0.06,0.23 ,0.95003, 0.00317864,0.046791,0.0499697
0.06,0.24 ,0.910924, 0.00318176,0.0858941,0.0890759
0.06,0.25 ,0.855314, 0.00318493,0.141501,0.144686
0.06,0.26 ,0.795883, 0.00318816,0.200929,0.204117
0.06,0.27 ,0.738678, 0.00319144,0.258131,0.261322
0.06,0.28 ,0.685367, 0.00319477,0.311438,0.314633
0.06,0.29 ,0.636216, 0.00319816,0.360586,0.363784
0.06,0.3 ,0.591061, 0.0032016,0.405737,0.408939
0.06,0.31 ,0.549608, 0.00320511,0.447186,0.450392
0.06,0.32 ,0.511539, 0.00320867,0.485252,0.488461
0.06,0.33 ,0.476542, 0.0032123,0.520245,0.523458
0.06,0.34 ,0.444332, 0.00321599,0.552452,0.555668
0.06,0.35 ,0.414646, 0.00321975,0.582134,0.585354
0.06,0.36 ,0.387251, 0.00322358,0.609525,0.612749
0.06,0.37 ,0.361936, 0.00322747,0.634837,0.638064
0.06,0.38 ,0.338513, 0.00323143,0.658256,0.661487
0.06,0.39 ,0.316813, 0.00323547,0.679952,0.683187
0.06,0.4 ,0.296685, 0.00323959,0.700075,0.703315
0.06,0.41 ,0.277995, 0.00324378,0.718761,0.722005
0.06,0.42 ,0.260621, 0.00324804,0.736131,0.739379
0.06,0.43 ,0.244454, 0.00325239,0.752294,0.755546
0.06,0.44 ,0.229394, 0.00325683,0.767349,0.770606
0.06,0.45 ,0.215354, 0.00326135,0.781385,0.784646
0.06,0.46 ,0.202253, 0.00326596,0.794482,0.797747
0.06,0.47 ,0.190017, 0.00327065,0.806713,0.809983
0.06,0.48 ,0.178581, 0.00327545,0.818144,0.821419
0.06,0.49 ,0.167884, 0.00328033,0.828836,0.832116
0.06,0.5 ,0.157872, 0.00328532,0.838843,0.842128
0.06,0.51 ,0.148495, 0.0032904,0.848215,0.851505
0.06,0.52 ,0.139707, 0.00329559,0.856998,0.860293
0.06,0.53 ,0.131465, 0.00330088,0.865234,0.868535
0.06,0.54 ,0.123733, 0.00330628,0.872961,0.876267
0.06,0.55 ,0.116474, 0.00331179,0.880214,0.883526
0.06,0.56 ,0.109656, 0.00331741,0.887026,0.890344
0.06,0.57 ,0.10325, 0.00332315,0.893426,0.89675
0.06,0.58 ,0.0972284, 0.00332901,0.899443,0.902772
0.06,0.59 ,0.0915652, 0.00333499,0.9051,0.908435
0.06,0.6 ,0.0862374, 0.00334109,0.910422,0.913763
0.06,0.61 ,0.0812234, 0.00334732,0.915429,0.918777
0.06,0.62 ,0.0765031, 0.00335367,0.920143,0.923497
0.06,0.63 ,0.0720581, 0.00336016,0.924582,0.927942
0.06,0.64 ,0.0678712, 0.00336678,0.928762,0.932129
0.06,0.65 ,0.0639262, 0.00337353,0.9327,0.936074
0.06,0.66 ,0.0602084, 0.00338043,0.936411,0.939792
0.06,0.67 ,0.056704, 0.00338746,0.939909,0.943296
0.06,0.68 ,0.0534001, 0.00339464,0.943205,0.9466
0.06,0.69 ,0.0502846, 0.00340196,0.946313,0.949715
0.06,0.7 ,0.0473464, 0.00340943,0.949244,0.952654
0.06,0.71 ,0.044575, 0.00341705,0.952008,0.955425
0.06,0.72 ,0.0419607, 0.00342482,0.954615,0.958039
0.06,0.73 ,0.0394942, 0.00343274,0.957073,0.960506
0.06,0.74 ,0.0371671, 0.00344081,0.959392,0.962833
0.06,0.75 ,0.0349714, 0.00344905,0.96158,0.965029
0.06,0.76 ,0.0328995, 0.00345744,0.963643,0.967101
0.06,0.77 ,0.0309444, 0.00346599,0.96559,0.969056
0.06,0.78 ,0.0290995, 0.0034747,0.967426,0.970901
0.06,0.79 ,0.0273585, 0.00348358,0.969158,0.972641
0.06,0.8 ,0.0257158, 0.00349262,0.970792,0.974284
0.06,0.81 ,0.0241657, 0.00350183,0.972332,0.975834
0.06,0.82 ,0.0227031, 0.0035112,0.973786,0.977297
0.06,0.83 ,0.0213232, 0.00352074,0.975156,0.978677
0.06,0.84 ,0.0200215, 0.00353045,0.976448,0.979979
0.06,0.85 ,0.0187935, 0.00354033,0.977666,0.981206
0.06,0.86 ,0.0176353, 0.00355039,0.978814,0.982365
0.06,0.87 ,0.0165431, 0.00356061,0.979896,0.983457
0.06,0.88 ,0.0155131, 0.00357101,0.980916,0.984487
0.06,0.89 ,0.0145421, 0.00358158,0.981876,0.985458
0.06,0.9 ,0.0136268, 0.00359232,0.982781,0.986373
0.06,0.91 ,0.0127642, 0.00360324,0.983633,0.987236
0.06,0.92 ,0.0119514, 0.00361434,0.984434,0.988049
0.06,0.93 ,0.0111857, 0.00362561,0.985189,0.988814
0.06,0.94 ,0.0104645, 0.00363705,0.985898,0.989535
0.06,0.95 ,0.00978545, 0.00364867,0.986566,0.990215
0.06,0.96 ,0.00914622, 0.00366047,0.987193,0.990854
0.06,0.97 ,0.00854465, 0.00367244,0.987783,0.991455
0.06,0.98 ,0.00797868, 0.00368459,0.988337,0.992021
0.06,0.99 ,0.00744637, 0.00369692,0.988857,0.992554
0.06,1 ,0.00694589, 0.00370942,0.989345,0.993054
0.07,0 ,0.994551, 0.00311861,0.00233023,0.00544883
0.07,0.01 ,0.994454, 0.00312084,0.00242531,0.00554616
0.07,0.02 ,0.994348, 0.00312311,0.00252924,0.00565235
0.07,0.03 ,0.994231, 0.00312541,0.00264328,0.00576869
0.07,0.04 ,0.994103, 0.00312774,0.002769,0.00589674
0.07,0.05 ,0.993962, 0.0031301,0.00290827,0.00603837
0.07,0.06 ,0.993804, 0.00313249,0.00306339,0.00619588
0.07,0.07 ,0.993628, 0.00313492,0.00323722,0.00637214
0.07,0.08 ,0.993429, 0.00313738,0.00343335,0.00657073
0.07,0.09 ,0.993204, 0.00313987,0.00365634,0.00679621
0.07,0.1 ,0.992946, 0.0031424,0.00391207,0.00705447
0.07,0.11 ,0.992647, 0.00314497,0.00420829,0.00735326
0.07,0.12 ,0.992297, 0.00314757,0.00455538,0.00770295
0.07,0.13 ,0.991882, 0.00315021,0.00496756,0.00811777
0.07,0.14 ,0.991382, 0.00315289,0.0054649,0.00861779
0.07,0.15 ,0.990768, 0.00315561,0.00607653,0.00923214
0.07,0.16 ,0.989995, 0.00315837,0.00684646,0.0100048
0.07,0.17 ,0.988995, 0.00316117,0.00784424,0.0110054
0.07,0.18 ,0.98765, 0.00316401,0.00918625,0.0123503
0.07,0.19 ,0.985751, 0.0031669,0.0110816,0.0142485
0.07,0.2 ,0.982888, 0.00316983,0.0139423,0.0171121
0.07,0.21 ,0.978147, 0.00317281,0.0186802,0.021853
0.07,0.22 ,0.969222, 0.00317584,0.0276019,0.0307777
0.07,0.23 ,0.950009, 0.00317891,0.046812,0.0499909
0.07,0.24 ,0.910937, 0.00318203,0.0858811,0.0890631
0.07,0.25 ,0.855347, 0.0031852,0.141468,0.144653
0.07,0.26 ,0.795923, 0.00318843,0.200888,0.204077
0.07,0.27 ,0.73872, 0.00319171,0.258088,0.26128
0.07,0.28 ,0.685409, 0.00319504,0.311396,0.314591
0.07,0.29 ,0.636257, 0.00319843,0.360544,0.363743
0.07,0.3 ,0.591101, 0.00320187,0.405697,0.408899
0.07,0.31 ,0.549647, 0.00320538,0.447148,0.450353
0.07,0.32 ,0.511576, 0.00320894,0.485215,0.488424
0.07,0.33 ,0.476578, 0.00321257,0.520209,0.523422
0.07,0.34 ,0.444366, 0.00321626,0.552418,0.555634
0.07,0.35 ,0.414679, 0.00322002,0.582101,0.585321
0.07,0.36 ,0.387283, 0.00322384,0.609493,0.612717
0.07,0.37 ,0.361966, 0.00322774,0.634806,0.638034
0.07,0.38 ,0.338542, 0.0032317,0.658226,0.661458
0.07,0.39 ,0.316841, 0.00323574,0.679923,0.683159
0.07,0.4 ,0.296713, 0.00323985,0.700048,0.703287
0.07,0.41 ,0.278021, 0.00324404,0.718734,0.721979
0.07,0.42 ,0.260646, 0.00324831,0.736105,0.739354
0.07,0.43 ,0.244478, 0.00325266,0.752269,0.755522
0.07,0.44 ,0.229417, 0.0032571,0.767325,0.770583
0.07,0.45 ,0.215376, 0.00326162,0.781362,0.784624
0.07,0.46 ,0.202274, 0.00326622,0.79446,0.797726
0.07,0.47 ,0.190037, 0.00327092,0.806692,0.809963
0.07,0.48 ,0.1786, 0.00327571,0.818124,0.8214
0.07,0.49 ,0.167903, 0.0032806,0.828816,0.832097
0.07,0.5 ,0.15789, 0.00328558,0.838824,0.84211
0.07,0.51 ,0.148512, 0.00329067,0.848197,0.851488
0.07,0.52 ,0.139723, 0.00329585,0.856981,0.860277
0.07,0.53 ,0.131482, 0.00330114,0.865217,0.868518
0.07,0.54 ,0.123748, 0.00330654,0.872945,0.876252
0.07,0.55 ,0.116489, 0.00331205,0.880199,0.883511
0.07,0.56 ,0.109671, 0.00331768,0.887011,0.890329
0.07,0.57 ,0.103264, 0.00332342,0.893412,0.896736
0.07,0.58 ,0.0972417, 0.00332927,0.899429,0.902758
0.07,0.59 ,0.091578, 0.00333525,0.905087,0.908422
0.07,0.6 ,0.0862497, 0.00334135,0.910409,0.91375
0.07,0.61 ,0.0812352, 0.00334758,0.915417,0.918765
0.07,0.62 ,0.0765145, 0.00335394,0.920132,0.923486
0.07,0.63 ,0.072069, 0.00336042,0.924571,0.927931
0.07,0.64 ,0.0678816, 0.00336704,0.928751,0.932118
0.07,0.65 ,0.0639363, 0.0033738,0.93269,0.936064
0.07,0.66 ,0.0602181, 0.00338069,0.936401,0.939782
0.07,0.67 ,0.0567133, 0.00338772,0.939899,0.943287
0.07,0.68 ,0.053409, 0.0033949,0.943196,0.946591
0.07,0.69 ,0.0502931, 0.00340222,0.946305,0.949707
