Betapv,Betamv,V,Rs,Rv,P
0,0 ,0.992254, 0.00574639,0.002,0.00774639
0,0.01 ,0.992115, 0.00575161,0.00213388,0.00788549
0,0.02 ,0.991963, 0.0057569,0.00228037,0.00803727
0,0.03 ,0.991796, 0.00576227,0.00244131,0.00820358
0,0.04 ,0.991613, 0.0057677,0.0026189,0.00838661
0,0.05 ,0.991411, 0.00577321,0.00281582,0.00858904
0,0.06 ,0.991186, 0.0057788,0.00303535,0.00881415
0,0.07 ,0.990934, 0.00578446,0.00328154,0.009066
0,0.08 ,0.99065, 0.00579021,0.00355947,0.00934967
0,0.09 ,0.990328, 0.00579603,0.0038756,0.00967163
0,0.1 ,0.98996, 0.00580194,0.00423826,0.0100402
0,0.11 ,0.989534, 0.00580793,0.00465836,0.0104663
0,0.12 ,0.989036, 0.005814,0.00515049,0.0109645
0,0.13 ,0.988445, 0.00582017,0.0057346,0.0115548
0,0.14 ,0.987735, 0.00582642,0.00643864,0.0122651
0,0.15 ,0.986864, 0.00583277,0.00730305,0.0131358
0,0.16 ,0.985772, 0.00583921,0.00838839,0.0142276
0,0.17 ,0.984365, 0.00584575,0.00978944,0.0156352
0,0.18 ,0.982485, 0.00585239,0.0116624,0.0175148
0,0.19 ,0.979859, 0.00585913,0.014282,0.0201411
0,0.2 ,0.975963, 0.00586597,0.0181707,0.0240366
0,0.21 ,0.969709, 0.00587292,0.0244177,0.0302907
0,0.22 ,0.958632, 0.00587998,0.0354885,0.0413685
0,0.23 ,0.937379, 0.00588715,0.0567342,0.0626213
0,0.24 ,0.899357, 0.00589443,0.0947487,0.100643
0,0.25 ,0.847167, 0.00590184,0.146931,0.152833
0,0.26 ,0.790427, 0.00590936,0.203663,0.209573
0,0.27 ,0.734921, 0.005917,0.259162,0.265079
0,0.28 ,0.682693, 0.00592477,0.311382,0.317307
0,0.29 ,0.634265, 0.00593267,0.359802,0.365735
0,0.3 ,0.589614, 0.0059407,0.404445,0.410386
0,0.31 ,0.548527, 0.00594887,0.445524,0.451473
0,0.32 ,0.510729, 0.00595717,0.483314,0.489271
0,0.33 ,0.475939, 0.00596562,0.518095,0.524061
0,0.34 ,0.443889, 0.00597421,0.550137,0.556111
0,0.35 ,0.41433, 0.00598296,0.579687,0.58567
0,0.36 ,0.387035, 0.00599185,0.606973,0.612965
0,0.37 ,0.361801, 0.00600091,0.632199,0.638199
0,0.38 ,0.338442, 0.00601012,0.655548,0.661558
0,0.39 ,0.316795, 0.0060195,0.677185,0.683205
0,0.4 ,0.296711, 0.00602905,0.69726,0.703289
0,0.41 ,0.278056, 0.00603877,0.715905,0.721944
0,0.42 ,0.260711, 0.00604867,0.73324,0.739289
0,0.43 ,0.244567, 0.00605875,0.749374,0.755433
0,0.44 ,0.229527, 0.00606902,0.764404,0.770473
0,0.45 ,0.215502, 0.00607948,0.778419,0.784498
0,0.46 ,0.202413, 0.00609013,0.791497,0.797587
0,0.47 ,0.190187, 0.00610098,0.803712,0.809813
0,0.48 ,0.178758, 0.00611203,0.81513,0.821242
0,0.49 ,0.168067, 0.00612329,0.825809,0.831933
0,0.5 ,0.15806, 0.00613476,0.835806,0.84194
0,0.51 ,0.148685, 0.00614645,0.845168,0.851315
0,0.52 ,0.139899, 0.00615836,0.853943,0.860101
0,0.53 ,0.131658, 0.00617049,0.862171,0.868342
0,0.54 ,0.123926, 0.00618285,0.869891,0.876074
0,0.55 ,0.116667, 0.00619545,0.877138,0.883333
0,0.56 ,0.109848, 0.00620828,0.883944,0.890152
0,0.57 ,0.10344, 0.00622135,0.890339,0.89656
0,0.58 ,0.0974158, 0.00623466,0.89635,0.902584
0,0.59 ,0.0917501, 0.00624822,0.902002,0.90825
0,0.6 ,0.0864194, 0.00626203,0.907319,0.913581
0,0.61 ,0.0814023, 0.0062761,0.912322,0.918598
0,0.62 ,0.0766788, 0.00629043,0.917031,0.923321
0,0.63 ,0.0722303, 0.00630501,0.921465,0.92777
0,0.64 ,0.0680397, 0.00631986,0.92564,0.93196
0,0.65 ,0.064091, 0.00633498,0.929574,0.935909
0,0.66 ,0.0603694, 0.00635036,0.93328,0.939631
0,0.67 ,0.0568611, 0.00636602,0.936773,0.943139
0,0.68 ,0.0535532, 0.00638195,0.940065,0.946447
0,0.69 ,0.0504338, 0.00639816,0.943168,0.949566
0,0.7 ,0.0474916, 0.00641464,0.946094,0.952508
0,0.71 ,0.0447162, 0.00643141,0.948852,0.955284
0,0.72 ,0.0420978, 0.00644846,0.951454,0.957902
0,0.73 ,0.0396274, 0.00646579,0.953907,0.960373
0,0.74 ,0.0372964, 0.0064834,0.95622,0.962704
0,0.75 ,0.0350967, 0.00650131,0.958402,0.964903
0,0.76 ,0.0330209, 0.00651949,0.96046,0.966979
0,0.77 ,0.031062, 0.00653797,0.9624,0.968938
0,0.78 ,0.0292133, 0.00655673,0.96423,0.970787
0,0.79 ,0.0274686, 0.00657579,0.965956,0.972531
0,0.8 ,0.0258222, 0.00659513,0.967583,0.974178
0,0.81 ,0.0242685, 0.00661476,0.969117,0.975732
0,0.82 ,0.0228024, 0.00663468,0.970563,0.977198
0,0.83 ,0.021419, 0.0066549,0.971926,0.978581
0,0.84 ,0.0201139, 0.0066754,0.973211,0.979886
0,0.85 ,0.0188826, 0.00669619,0.974421,0.981117
0,0.86 ,0.0177211, 0.00671727,0.975562,0.982279
0,0.87 ,0.0166256, 0.00673864,0.976636,0.983374
0,0.88 ,0.0155926, 0.00676029,0.977647,0.984407
0,0.89 ,0.0146185, 0.00678223,0.978599,0.985381
0,0.9 ,0.0137002, 0.00680446,0.979495,0.9863
0,0.91 ,0.0128347, 0.00682697,0.980338,0.987165
0,0.92 ,0.0120191, 0.00684977,0.981131,0.987981
0,0.93 ,0.0112506, 0.00687285,0.981877,0.988749
0,0.94 ,0.0105267, 0.00689621,0.982577,0.989473
0,0.95 ,0.00984504, 0.00691985,0.983235,0.990155
0,0.96 ,0.00920327, 0.00694377,0.983853,0.990797
0,0.97 ,0.00859922, 0.00696796,0.984433,0.991401
0,0.98 ,0.00803085, 0.00699243,0.984977,0.991969
0,0.99 ,0.00749622, 0.00701718,0.985487,0.992504
0,1 ,0.00699347, 0.00704219,0.985964,0.993007
0.01,0 ,0.992167, 0.00575055,0.00208245,0.007833
0.01,0.01 ,0.992028, 0.00575578,0.00221631,0.00797209
0.01,0.02 ,0.991876, 0.00576107,0.00236279,0.00812386
0.01,0.03 ,0.99171, 0.00576643,0.00252372,0.00829015
0.01,0.04 ,0.991527, 0.00577187,0.00270129,0.00847316
0.01,0.05 ,0.991324, 0.00577738,0.00289819,0.00867557
0.01,0.06 ,0.991099, 0.00578296,0.00311769,0.00890066
0.01,0.07 ,0.990848, 0.00578863,0.00336385,0.00915247
0.01,0.08 ,0.990564, 0.00579437,0.00364174,0.00943611
0.01,0.09 ,0.990242, 0.00580019,0.00395782,0.00975801
0.01,0.1 ,0.989873, 0.0058061,0.00432042,0.0101265
0.01,0.11 ,0.989447, 0.00581209,0.00474044,0.0105525
0.01,0.12 ,0.988949, 0.00581816,0.00523247,0.0110506
0.01,0.13 ,0.988359, 0.00582433,0.00581643,0.0116408
0.01,0.14 ,0.987649, 0.00583058,0.00652028,0.0123509
0.01,0.15 ,0.986779, 0.00583693,0.00738441,0.0132213
0.01,0.16 ,0.985687, 0.00584337,0.00846935,0.0143127
0.01,0.17 ,0.98428, 0.00584991,0.00986979,0.0157197
0.01,0.18 ,0.982402, 0.00585655,0.0117418,0.0175983
0.01,0.19 ,0.979777, 0.00586328,0.0143597,0.020223
0.01,0.2 ,0.975884, 0.00587013,0.0182454,0.0241155
0.01,0.21 ,0.969637, 0.00587708,0.0244863,0.0303634
0.01,0.22 ,0.958573, 0.00588413,0.0355433,0.0414274
0.01,0.23 ,0.93735, 0.0058913,0.056759,0.0626503
0.01,0.24 ,0.899371, 0.00589859,0.0947308,0.100629
0.01,0.25 ,0.847211, 0.00590599,0.146883,0.152789
0.01,0.26 ,0.790483, 0.00591351,0.203603,0.209517
0.01,0.27 ,0.734981, 0.00592115,0.259097,0.265019
0.01,0.28 ,0.682754, 0.00592892,0.311317,0.317246
0.01,0.29 ,0.634325, 0.00593682,0.359738,0.365675
0.01,0.3 ,0.589673, 0.00594485,0.404382,0.410327
0.01,0.31 ,0.548584, 0.00595301,0.445463,0.451416
0.01,0.32 ,0.510784, 0.00596132,0.483255,0.489216
0.01,0.33 ,0.475993, 0.00596976,0.518038,0.524007
0.01,0.34 ,0.443941, 0.00597835,0.550081,0.556059
0.01,0.35 ,0.414379, 0.0059871,0.579634,0.585621
0.01,0.36 ,0.387083, 0.00599599,0.606921,0.612917
0.01,0.37 ,0.361846, 0.00600505,0.632149,0.638154
0.01,0.38 ,0.338486, 0.00601426,0.655499,0.661514
0.01,0.39 ,0.316838, 0.00602364,0.677139,0.683162
0.01,0.4 ,0.296752, 0.00603319,0.697215,0.703248
0.01,0.41 ,0.278096, 0.00604291,0.715861,0.721904
0.01,0.42 ,0.260749, 0.0060528,0.733198,0.739251
0.01,0.43 ,0.244603, 0.00606288,0.749334,0.755397
0.01,0.44 ,0.229562, 0.00607315,0.764365,0.770438
0.01,0.45 ,0.215535, 0.0060836,0.778381,0.784465
0.01,0.46 ,0.202445, 0.00609425,0.791461,0.797555
0.01,0.47 ,0.190218, 0.0061051,0.803677,0.809782
0.01,0.48 ,0.178788, 0.00611615,0.815096,0.821212
0.01,0.49 ,0.168096, 0.00612741,0.825776,0.831904
0.01,0.5 ,0.158088, 0.00613888,0.835774,0.841912
0.01,0.51 ,0.148712, 0.00615057,0.845137,0.851288
0.01,0.52 ,0.139925, 0.00616247,0.853913,0.860075
0.01,0.53 ,0.131683, 0.0061746,0.862142,0.868317
0.01,0.54 ,0.12395, 0.00618696,0.869863,0.87605
0.01,0.55 ,0.11669, 0.00619955,0.877111,0.88331
0.01,0.56 ,0.10987, 0.00621238,0.883918,0.89013
0.01,0.57 ,0.103461, 0.00622545,0.890313,0.896539
0.01,0.58 ,0.0974363, 0.00623876,0.896325,0.902564
0.01,0.59 ,0.0917698, 0.00625232,0.901978,0.90823
0.01,0.6 ,0.0864384, 0.00626613,0.907295,0.913562
0.01,0.61 ,0.0814206, 0.00628019,0.912299,0.918579
0.01,0.62 ,0.0766963, 0.00629452,0.917009,0.923304
0.01,0.63 ,0.0722472, 0.0063091,0.921444,0.927753
0.01,0.64 ,0.0680559, 0.00632395,0.92562,0.931944
0.01,0.65 ,0.0641066, 0.00633906,0.929554,0.935893
0.01,0.66 ,0.0603844, 0.00635444,0.933261,0.939616
0.01,0.67 ,0.0568755, 0.00637009,0.936754,0.943124
0.01,0.68 ,0.0535671, 0.00638602,0.940047,0.946433
0.01,0.69 ,0.0504471, 0.00640223,0.943151,0.949553
0.01,0.7 ,0.0475043, 0.00641871,0.946077,0.952496
0.01,0.71 ,0.0447285, 0.00643547,0.948836,0.955272
0.01,0.72 ,0.0421096, 0.00645252,0.951438,0.95789
0.01,0.73 ,0.0396387, 0.00646984,0.953891,0.960361
0.01,0.74 ,0.0373072, 0.00648746,0.956205,0.962693
0.01,0.75 ,0.0351071, 0.00650535,0.958388,0.964893
0.01,0.76 ,0.0330309, 0.00652354,0.960446,0.966969
0.01,0.77 ,0.0310716, 0.00654201,0.962386,0.968928
0.01,0.78 ,0.0292225, 0.00656077,0.964217,0.970778
0.01,0.79 ,0.0274774, 0.00657982,0.965943,0.972523
0.01,0.8 ,0.0258306, 0.00659916,0.96757,0.974169
0.01,0.81 ,0.0242766, 0.00661879,0.969105,0.975723
0.01,0.82 ,0.0228101, 0.00663871,0.970551,0.97719
0.01,0.83 ,0.0214265, 0.00665891,0.971915,0.978574
0.01,0.84 ,0.020121, 0.00667941,0.9732,0.979879
0.01,0.85 ,0.0188894, 0.0067002,0.97441,0.981111
0.01,0.86 ,0.0177276, 0.00672127,0.975551,0.982272
0.01,0.87 ,0.0166319, 0.00674264,0.976626,0.983368
0.01,0.88 ,0.0155985, 0.00676429,0.977637,0.984401
0.01,0.89 ,0.0146242, 0.00678622,0.97859,0.985376
0.01,0.9 ,0.0137057, 0.00680845,0.979486,0.986294
0.01,0.91 ,0.0128399, 0.00683096,0.980329,0.98716
0.01,0.92 ,0.012024, 0.00685375,0.981122,0.987976
0.01,0.93 ,0.0112553, 0.00687682,0.981868,0.988745
0.01,0.94 ,0.0105312, 0.00690018,0.982569,0.989469
0.01,0.95 ,0.00984934, 0.00692381,0.983227,0.990151
0.01,0.96 ,0.00920736, 0.00694773,0.983845,0.990793
0.01,0.97 ,0.00860312, 0.00697192,0.984425,0.991397
0.01,0.98 ,0.00803456, 0.00699638,0.984969,0.991965
0.01,0.99 ,0.00749974, 0.00702112,0.985479,0.9925
0.01,1 ,0.00699683, 0.00704613,0.985957,0.993003
0.02,0 ,0.992075, 0.00575477,0.00217033,0.0079251
0.02,0.01 ,0.991936, 0.00575999,0.00230418,0.00806418
0.02,0.02 ,0.991784, 0.00576529,0.00245065,0.00821593
0.02,0.03 ,0.991618, 0.00577065,0.00261156,0.00838221
0.02,0.04 ,0.991435, 0.00577608,0.00278911,0.0085652
0.02,0.05 ,0.991232, 0.00578159,0.00298599,0.00876758
0.02,0.06 ,0.991007, 0.00578718,0.00320546,0.00899264
0.02,0.07 ,0.990756, 0.00579284,0.00345158,0.00924442
0.02,0.08 ,0.990472, 0.00579858,0.00372943,0.00952801
0.02,0.09 ,0.99015, 0.00580441,0.00404546,0.00984987
0.02,0.1 ,0.989782, 0.00581031,0.00440799,0.0102183
0.02,0.11 ,0.989356, 0.0058163,0.00482793,0.0106442
0.02,0.12 ,0.988858, 0.00582237,0.00531984,0.0111422
0.02,0.13 ,0.988268, 0.00582854,0.00590365,0.0117322
0.02,0.14 ,0.987558, 0.00583479,0.00660729,0.0124421
0.02,0.15 ,0.986688, 0.00584114,0.00747114,0.0133123
0.02,0.16 ,0.985597, 0.00584758,0.00855567,0.0144032
0.02,0.17 ,0.98419, 0.00585412,0.00995547,0.0158096
0.02,0.18 ,0.982313, 0.00586075,0.0118264,0.0176872
0.02,0.19 ,0.97969, 0.00586749,0.0144426,0.0203101
0.02,0.2 ,0.975801, 0.00587433,0.0183251,0.0241994
0.02,0.21 ,0.969559, 0.00588128,0.0245594,0.0304407
0.02,0.22 ,0.95851, 0.00588834,0.0356018,0.0414902
0.02,0.23 ,0.937319, 0.00589551,0.0567859,0.0626814
0.02,0.24 ,0.899385, 0.00590279,0.0947122,0.100615
0.02,0.25 ,0.847257, 0.00591019,0.146833,0.152743
0.02,0.26 ,0.790543, 0.00591771,0.203539,0.209457
0.02,0.27 ,0.735045, 0.00592535,0.259029,0.264955
0.02,0.28 ,0.682819, 0.00593312,0.311248,0.317181
0.02,0.29 ,0.63439, 0.00594101,0.359669,0.36561
0.02,0.3 ,0.589736, 0.00594904,0.404315,0.410264
0.02,0.31 ,0.548645, 0.00595721,0.445398,0.451355
0.02,0.32 ,0.510843, 0.00596551,0.483192,0.489157
0.02,0.33 ,0.476049, 0.00597396,0.517977,0.523951
0.02,0.34 ,0.443995, 0.00598255,0.550022,0.556005
0.02,0.35 ,0.414432, 0.00599129,0.579577,0.585568
0.02,0.36 ,0.387133, 0.00600018,0.606867,0.612867
0.02,0.37 ,0.361895, 0.00600923,0.632096,0.638105
0.02,0.38 ,0.338533, 0.00601845,0.655448,0.661467
0.02,0.39 ,0.316883, 0.00602782,0.677089,0.683117
0.02,0.4 ,0.296795, 0.00603737,0.697167,0.703205
0.02,0.41 ,0.278137, 0.00604709,0.715816,0.721863
0.02,0.42 ,0.260789, 0.00605699,0.733154,0.739211
0.02,0.43 ,0.244642, 0.00606706,0.749291,0.755358
0.02,0.44 ,0.229599, 0.00607733,0.764324,0.770401
0.02,0.45 ,0.215571, 0.00608778,0.778341,0.784429
0.02,0.46 ,0.202479, 0.00609843,0.791422,0.797521
0.02,0.47 ,0.190251, 0.00610928,0.80364,0.809749
0.02,0.48 ,0.17882, 0.00612032,0.81506,0.82118
0.02,0.49 ,0.168127, 0.00613158,0.825742,0.831873
0.02,0.5 ,0.158117, 0.00614305,0.83574,0.841883
0.02,0.51 ,0.14874, 0.00615473,0.845105,0.85126
0.02,0.52 ,0.139952, 0.00616664,0.853881,0.860048
0.02,0.53 ,0.13171, 0.00617877,0.862112,0.86829
0.02,0.54 ,0.123975, 0.00619112,0.869834,0.876025
0.02,0.55 ,0.116714, 0.00620371,0.877082,0.883286
0.02,0.56 ,0.109893, 0.00621654,0.88389,0.890107
0.02,0.57 ,0.103484, 0.0062296,0.890287,0.896516
0.02,0.58 ,0.097458, 0.00624291,0.896299,0.902542
0.02,0.59 ,0.0917906, 0.00625647,0.901953,0.908209
0.02,0.6 ,0.0864585, 0.00627027,0.907271,0.913542
0.02,0.61 ,0.0814399, 0.00628434,0.912276,0.91856
0.02,0.62 ,0.0767149, 0.00629865,0.916986,0.923285
0.02,0.63 ,0.072265, 0.00631323,0.921422,0.927735
0.02,0.64 ,0.0680731, 0.00632808,0.925599,0.931927
0.02,0.65 ,0.0641231, 0.00634319,0.929534,0.935877
0.02,0.66 ,0.0604003, 0.00635857,0.933241,0.9396
0.02,0.67 ,0.0568908, 0.00637422,0.936735,0.943109
0.02,0.68 ,0.0535817, 0.00639014,0.940028,0.946418
0.02,0.69 ,0.0504611, 0.00640634,0.943133,0.949539
0.02,0.7 ,0.0475179, 0.00642282,0.946059,0.952482
0.02,0.71 ,0.0447414, 0.00643958,0.948819,0.955259
0.02,0.72 ,0.0421221, 0.00645662,0.951421,0.957878
0.02,0.73 ,0.0396507, 0.00647395,0.953875,0.960349
0.02,0.74 ,0.0373187, 0.00649156,0.95619,0.962681
0.02,0.75 ,0.0351181, 0.00650945,0.958372,0.964882
0.02,0.76 ,0.0330415, 0.00652763,0.960431,0.966959
0.02,0.77 ,0.0310817, 0.0065461,0.962372,0.968918
0.02,0.78 ,0.0292322, 0.00656486,0.964203,0.970768
0.02,0.79 ,0.0274867, 0.0065839,0.965929,0.972513
0.02,0.8 ,0.0258395, 0.00660324,0.967557,0.97416
0.02,0.81 ,0.0242851, 0.00662286,0.969092,0.975715
0.02,0.82 ,0.0228183, 0.00664277,0.970539,0.977182
0.02,0.83 ,0.0214343, 0.00666298,0.971903,0.978566
0.02,0.84 ,0.0201285, 0.00668347,0.973188,0.979872
0.02,0.85 ,0.0188965, 0.00670425,0.974399,0.981103
0.02,0.86 ,0.0177345, 0.00672532,0.97554,0.982266
0.02,0.87 ,0.0166384, 0.00674668,0.976615,0.983362
0.02,0.88 ,0.0156048, 0.00676833,0.977627,0.984395
0.02,0.89 ,0.0146302, 0.00679026,0.97858,0.98537
0.02,0.9 ,0.0137114, 0.00681248,0.979476,0.986289
0.02,0.91 ,0.0128453, 0.00683498,0.98032,0.987155
0.02,0.92 ,0.0120292, 0.00685777,0.981113,0.987971
0.02,0.93 ,0.0112603, 0.00688084,0.981859,0.98874
0.02,0.94 ,0.0105359, 0.00690419,0.98256,0.989464
0.02,0.95 ,0.00985384, 0.00692782,0.983218,0.990146
0.02,0.96 ,0.00921165, 0.00695173,0.983837,0.990788
0.02,0.97 ,0.0086072, 0.00697592,0.984417,0.991393
0.02,0.98 ,0.00803845, 0.00700038,0.984961,0.991962
0.02,0.99 ,0.00750344, 0.00702511,0.985471,0.992497
0.02,1 ,0.00700034, 0.00705012,0.98595,0.993
0.03,0 ,0.991977, 0.00575904,0.00226419,0.00802324
0.03,0.01 ,0.991838, 0.00576426,0.00239803,0.0081623
0.03,0.02 ,0.991686, 0.00576956,0.00254448,0.00831404
0.03,0.03 ,0.99152, 0.00577492,0.00270537,0.00848029
0.03,0.04 ,0.991337, 0.00578035,0.0028829,0.00866326
0.03,0.05 ,0.991134, 0.00578586,0.00307975,0.00886562
0.03,0.06 ,0.990909, 0.00579145,0.00329919,0.00909064
0.03,0.07 ,0.990658, 0.00579711,0.00354528,0.00934239
0.03,0.08 ,0.990374, 0.00580285,0.00382308,0.00962593
0.03,0.09 ,0.990052, 0.00580867,0.00413906,0.00994773
0.03,0.1 ,0.989684, 0.00581458,0.00450152,0.0103161
0.03,0.11 ,0.989258, 0.00582056,0.00492136,0.0107419
0.03,0.12 ,0.98876, 0.00582664,0.00541316,0.0112398
0.03,0.13 ,0.98817, 0.0058328,0.00599681,0.0118296
0.03,0.14 ,0.987461, 0.00583905,0.00670024,0.0125393
0.03,0.15 ,0.986591, 0.0058454,0.00756378,0.0134092
0.03,0.16 ,0.9855, 0.00585184,0.00864786,0.0144997
0.03,0.17 ,0.984095, 0.00585838,0.010047,0.0159054
0.03,0.18 ,0.982218, 0.00586501,0.0119169,0.0177819
0.03,0.19 ,0.979597, 0.00587175,0.0145312,0.020403
0.03,0.2 ,0.975711, 0.00587859,0.0184103,0.0242889
0.03,0.21 ,0.969477, 0.00588554,0.0246377,0.0305233
0.03,0.22 ,0.958443, 0.00589259,0.0356646,0.0415572
0.03,0.23 ,0.937285, 0.00589976,0.056815,0.0627148
0.03,0.24 ,0.8994, 0.00590704,0.0946929,0.1006
0.03,0.25 ,0.847306, 0.00591444,0.14678,0.152694
0.03,0.26 ,0.790606, 0.00592196,0.203472,0.209394
0.03,0.27 ,0.735114, 0.0059296,0.258957,0.264886
0.03,0.28 ,0.682888, 0.00593737,0.311174,0.317112
0.03,0.29 ,0.634458, 0.00594526,0.359597,0.365542
0.03,0.3 ,0.589802, 0.00595329,0.404244,0.410198
0.03,0.31 ,0.548709, 0.00596145,0.445329,0.451291
0.03,0.32 ,0.510905, 0.00596976,0.483125,0.489095
0.03,0.33 ,0.47611, 0.0059782,0.517912,0.52389
0.03,0.34 ,0.444053, 0.00598679,0.54996,0.555947
0.03,0.35 ,0.414488, 0.00599553,0.579517,0.585512
0.03,0.36 ,0.387187, 0.00600442,0.606809,0.612813
0.03,0.37 ,0.361947, 0.00601347,0.63204,0.638053
0.03,0.38 ,0.338583, 0.00602269,0.655394,0.661417
0.03,0.39 ,0.316931, 0.00603206,0.677037,0.683069
0.03,0.4 ,0.296841, 0.00604161,0.697117,0.703159
0.03,0.41 ,0.278182, 0.00605132,0.715767,0.721818
0.03,0.42 ,0.260831, 0.00606122,0.733107,0.739169
0.03,0.43 ,0.244683, 0.00607129,0.749246,0.755317
0.03,0.44 ,0.229638, 0.00608156,0.76428,0.770362
0.03,0.45 ,0.215609, 0.00609201,0.778299,0.784391
0.03,0.46 ,0.202516, 0.00610265,0.791382,0.797484
0.03,0.47 ,0.190286, 0.0061135,0.8036,0.809714
0.03,0.48 ,0.178854, 0.00612455,0.815022,0.821146
0.03,0.49 ,0.168159, 0.0061358,0.825705,0.831841
0.03,0.5 ,0.158148, 0.00614727,0.835704,0.841852
0.03,0.51 ,0.148771, 0.00615895,0.84507,0.851229
0.03,0.52 ,0.139981, 0.00617085,0.853848,0.860019
0.03,0.53 ,0.131737, 0.00618298,0.86208,0.868263
0.03,0.54 ,0.124002, 0.00619533,0.869803,0.875998
0.03,0.55 ,0.11674, 0.00620792,0.877052,0.88326
0.03,0.56 ,0.109918, 0.00622074,0.883861,0.890082
0.03,0.57 ,0.103508, 0.0062338,0.890259,0.896492
0.03,0.58 ,0.0974809, 0.00624711,0.896272,0.902519
0.03,0.59 ,0.0918127, 0.00626066,0.901927,0.908187
0.03,0.6 ,0.0864797, 0.00627447,0.907246,0.91352
0.03,0.61 ,0.0814603, 0.00628853,0.912251,0.91854
0.03,0.62 ,0.0767345, 0.00630284,0.916963,0.923265
0.03,0.63 ,0.0722839, 0.00631742,0.921399,0.927716
0.03,0.64 ,0.0680912, 0.00633226,0.925576,0.931909
0.03,0.65 ,0.0641406, 0.00634737,0.929512,0.935859
0.03,0.66 ,0.060417, 0.00636274,0.93322,0.939583
0.03,0.67 ,0.0569069, 0.00637839,0.936715,0.943093
0.03,0.68 ,0.0535972, 0.00639431,0.940009,0.946403
0.03,0.69 ,0.050476, 0.00641051,0.943113,0.949524
0.03,0.7 ,0.0475321, 0.00642699,0.946041,0.952468
0.03,0.71 ,0.0447551, 0.00644374,0.948801,0.955245
0.03,0.72 ,0.0421352, 0.00646078,0.951404,0.957865
0.03,0.73 ,0.0396633, 0.0064781,0.953859,0.960337
0.03,0.74 ,0.0373308, 0.00649571,0.956173,0.962669
0.03,0.75 ,0.0351298, 0.0065136,0.958357,0.96487
0.03,0.76 ,0.0330526, 0.00653177,0.960416,0.966947
0.03,0.77 ,0.0310924, 0.00655024,0.962357,0.968908
0.03,0.78 ,0.0292424, 0.00656899,0.964189,0.970758
0.03,0.79 ,0.0274965, 0.00658803,0.965915,0.972503
0.03,0.8 ,0.0258489, 0.00660736,0.967544,0.974151
0.03,0.81 ,0.0242941, 0.00662698,0.969079,0.975706
0.03,0.82 ,0.0228269, 0.00664689,0.970526,0.977173
0.03,0.83 ,0.0214425, 0.00666709,0.97189,0.978557
0.03,0.84 ,0.0201363, 0.00668758,0.973176,0.979864
0.03,0.85 ,0.0189041, 0.00670836,0.974388,0.981096
0.03,0.86 ,0.0177417, 0.00672942,0.975529,0.982258
0.03,0.87 ,0.0166453, 0.00675078,0.976604,0.983355
0.03,0.88 ,0.0156114, 0.00677242,0.977616,0.984389
0.03,0.89 ,0.0146365, 0.00679435,0.978569,0.985364
0.03,0.9 ,0.0137174, 0.00681656,0.979466,0.986283
0.03,0.91 ,0.0128511, 0.00683906,0.98031,0.987149
0.03,0.92 ,0.0120347, 0.00686184,0.981103,0.987965
0.03,0.93 ,0.0112655, 0.00688491,0.98185,0.988735
0.03,0.94 ,0.0105409, 0.00690825,0.982551,0.989459
0.03,0.95 ,0.00985857, 0.00693188,0.98321,0.990141
0.03,0.96 ,0.00921616, 0.00695578,0.983828,0.990784
0.03,0.97 ,0.00861149, 0.00697996,0.984409,0.991389
0.03,0.98 ,0.00804253, 0.00700442,0.984953,0.991957
0.03,0.99 ,0.00750732, 0.00702915,0.985464,0.992493
0.03,1 ,0.00700403, 0.00705415,0.985942,0.992996
0.04,0 ,0.991872, 0.00576337,0.00236466,0.00812802
0.04,0.01 ,0.991733, 0.00576859,0.00249848,0.00826707
0.04,0.02 ,0.991581, 0.00577388,0.00264491,0.00841879
0.04,0.03 ,0.991415, 0.00577924,0.00280578,0.00858502
0.04,0.04 ,0.991232, 0.00578468,0.00298329,0.00876797
0.04,0.05 ,0.99103, 0.00579018,0.00318011,0.0089703
0.04,0.06 ,0.990805, 0.00579577,0.00339952,0.00919529
0.04,0.07 ,0.990553, 0.00580143,0.00364556,0.00944699
0.04,0.08 ,0.99027, 0.00580717,0.00392332,0.00973049
0.04,0.09 ,0.989948, 0.00581299,0.00423924,0.0100522
0.04,0.1 ,0.989579, 0.00581889,0.00460162,0.0104205
0.04,0.11 ,0.989154, 0.00582488,0.00502137,0.0108463
0.04,0.12 ,0.988656, 0.00583096,0.00551304,0.011344
0.04,0.13 ,0.988066, 0.00583712,0.00609652,0.0119336
0.04,0.14 ,0.987357, 0.00584337,0.00679972,0.0126431
0.04,0.15 ,0.986487, 0.00584972,0.00766294,0.0135127
0.04,0.16 ,0.985397, 0.00585616,0.00874655,0.0146027
0.04,0.17 ,0.983992, 0.00586269,0.010145,0.0160076
0.04,0.18 ,0.982117, 0.00586933,0.0120137,0.017883
0.04,0.19 ,0.979498, 0.00587606,0.0146261,0.0205022
0.04,0.2 ,0.975616, 0.0058829,0.0185016,0.0243845
0.04,0.21 ,0.969389, 0.00588985,0.0247216,0.0306115
0.04,0.22 ,0.958371, 0.0058969,0.035732,0.0416289
0.04,0.23 ,0.937249, 0.00590407,0.0568466,0.0627507
0.04,0.24 ,0.899416, 0.00591135,0.0946728,0.100584
0.04,0.25 ,0.847358, 0.00591875,0.146724,0.152642
0.04,0.26 ,0.790673, 0.00592627,0.2034,0.209327
0.04,0.27 ,0.735186, 0.00593391,0.25888,0.264814
0.04,0.28 ,0.682962, 0.00594167,0.311097,0.317038
0.04,0.29 ,0.63453, 0.00594957,0.35952,0.36547
0.04,0.3 ,0.589873, 0.00595759,0.404169,0.410127
0.04,0.31 ,0.548778, 0.00596576,0.445256,0.451222
0.04,0.32 ,0.510972, 0.00597406,0.483054,0.489028
0.04,0.33 ,0.476174, 0.0059825,0.517844,0.523826
0.04,0.34 ,0.444115, 0.00599109,0.549894,0.555885
0.04,0.35 ,0.414547, 0.00599983,0.579453,0.585453
0.04,0.36 ,0.387244, 0.00600872,0.606747,0.612756
0.04,0.37 ,0.362002, 0.00601777,0.63198,0.637998
0.04,0.38 ,0.338636, 0.00602698,0.655337,0.661364
0.04,0.39 ,0.316982, 0.00603635,0.676982,0.683018
0.04,0.4 ,0.29689, 0.00604589,0.697064,0.70311
0.04,0.41 ,0.278229, 0.00605561,0.715716,0.721771
0.04,0.42 ,0.260877, 0.0060655,0.733058,0.739123
0.04,0.43 ,0.244727, 0.00607558,0.749198,0.755273
0.04,0.44 ,0.22968, 0.00608584,0.764234,0.77032
0.04,0.45 ,0.215649, 0.00609629,0.778254,0.784351
0.04,0.46 ,0.202555, 0.00610693,0.791338,0.797445
0.04,0.47 ,0.190323, 0.00611778,0.803559,0.809677
0.04,0.48 ,0.17889, 0.00612882,0.814981,0.82111
0.04,0.49 ,0.168194, 0.00614007,0.825666,0.831806
0.04,0.5 ,0.158182, 0.00615154,0.835667,0.841818
0.04,0.51 ,0.148803, 0.00616322,0.845034,0.851197
0.04,0.52 ,0.140012, 0.00617512,0.853813,0.859988
0.04,0.53 ,0.131767, 0.00618724,0.862046,0.868233
0.04,0.54 ,0.124031, 0.00619959,0.86977,0.875969
0.04,0.55 ,0.116767, 0.00621218,0.877021,0.883233
0.04,0.56 ,0.109945, 0.006225,0.88383,0.890055
0.04,0.57 ,0.103533, 0.00623806,0.890229,0.896467
0.04,0.58 ,0.0975053, 0.00625136,0.896243,0.902495
0.04,0.59 ,0.0918362, 0.00626491,0.901899,0.908164
0.04,0.6 ,0.0865023, 0.00627871,0.907219,0.913498
0.04,0.61 ,0.081482, 0.00629277,0.912225,0.918518
0.04,0.62 ,0.0767554, 0.00630708,0.916938,0.923245
0.04,0.63 ,0.0723039, 0.00632166,0.921374,0.927696
0.04,0.64 ,0.0681105, 0.0063365,0.925553,0.93189
0.04,0.65 ,0.0641591, 0.0063516,0.929489,0.935841
0.04,0.66 ,0.0604348, 0.00636697,0.933198,0.939565
0.04,0.67 ,0.0569239, 0.00638262,0.936693,0.943076
0.04,0.68 ,0.0536136, 0.00639854,0.939988,0.946386
0.04,0.69 ,0.0504917, 0.00641473,0.943094,0.949508
0.04,0.7 ,0.0475472, 0.0064312,0.946022,0.952453
0.04,0.71 ,0.0447696, 0.00644795,0.948782,0.95523
0.04,0.72 ,0.0421491, 0.00646499,0.951386,0.957851
0.04,0.73 ,0.0396766, 0.0064823,0.953841,0.960323
0.04,0.74 ,0.0373436, 0.0064999,0.956156,0.962656
0.04,0.75 ,0.035142, 0.00651779,0.95834,0.964858
0.04,0.76 ,0.0330644, 0.00653596,0.9604,0.966936
0.04,0.77 ,0.0311036, 0.00655442,0.962342,0.968896
0.04,0.78 ,0.0292532, 0.00657317,0.964174,0.970747
0.04,0.79 ,0.0275069, 0.00659221,0.965901,0.972493
0.04,0.8 ,0.0258588, 0.00661154,0.96753,0.974141
0.04,0.81 ,0.0243036, 0.00663115,0.969065,0.975696
0.04,0.82 ,0.022836, 0.00665106,0.970513,0.977164
0.04,0.83 ,0.0214512, 0.00667125,0.971878,0.978549
0.04,0.84 ,0.0201446, 0.00669174,0.973164,0.979855
0.04,0.85 ,0.018912, 0.00671251,0.974375,0.981088
0.04,0.86 ,0.0177493, 0.00673357,0.975517,0.982251
0.04,0.87 ,0.0166525, 0.00675492,0.976593,0.983347
0.04,0.88 ,0.0156183, 0.00677656,0.977605,0.984382
0.04,0.89 ,0.0146431, 0.00679848,0.978558,0.985357
0.04,0.9 ,0.0137237, 0.00682069,0.979456,0.986276
0.04,0.91 ,0.0128571, 0.00684319,0.9803,0.987143
0.04,0.92 ,0.0120404, 0.00686596,0.981094,0.98796
0.04,0.93 ,0.0112709, 0.00688902,0.98184,0.988729
0.04,0.94 ,0.0105461, 0.00691236,0.982542,0.989454
0.04,0.95 ,0.00986355, 0.00693598,0.9832,0.990136
0.04,0.96 ,0.00922089, 0.00695988,0.983819,0.990779
0.04,0.97 ,0.008616, 0.00698406,0.9844,0.991384
0.04,0.98 ,0.00804682, 0.00700851,0.984945,0.991953
0.04,0.99 ,0.0075114, 0.00703323,0.985455,0.992489
0.04,1 ,0.00700791, 0.00705823,0.985934,0.992992
0.05,0 ,0.99176, 0.00576774,0.00247243,0.00824017
0.05,0.01 ,0.991621, 0.00577297,0.00260623,0.0083792
0.05,0.02 ,0.991469, 0.00577826,0.00275265,0.0085309
0.05,0.03 ,0.991303, 0.00578362,0.00291349,0.00869711
0.05,0.04 ,0.99112, 0.00578905,0.00309098,0.00888003
0.05,0.05 ,0.990918, 0.00579456,0.00328777,0.00908233
0.05,0.06 ,0.990693, 0.00580014,0.00350714,0.00930729
0.05,0.07 ,0.990441, 0.0058058,0.00375314,0.00955895
0.05,0.08 ,0.990158, 0.00581154,0.00403085,0.00984239
0.05,0.09 ,0.989836, 0.00581736,0.0043467,0.0101641
0.05,0.1 ,0.989468, 0.00582327,0.00470901,0.0105323
0.05,0.11 ,0.989042, 0.00582925,0.00512865,0.0109579
0.05,0.12 ,0.988544, 0.00583533,0.00562019,0.0114555
0.05,0.13 ,0.987955, 0.00584149,0.00620349,0.012045
0.05,0.14 ,0.987246, 0.00584774,0.00690645,0.0127542
0.05,0.15 ,0.986377, 0.00585409,0.00776932,0.0136234
0.05,0.16 ,0.985287, 0.00586052,0.00885243,0.014713
0.05,0.17 ,0.983883, 0.00586706,0.0102501,0.0161171
0.05,0.18 ,0.982009, 0.00587369,0.0121176,0.0179913
0.05,0.19 ,0.979392, 0.00588043,0.014728,0.0206084
0.05,0.2 ,0.975513, 0.00588727,0.0185995,0.0244868
0.05,0.21 ,0.969294, 0.00589421,0.0248118,0.030706
0.05,0.22 ,0.958294, 0.00590127,0.0358047,0.0417059
0.05,0.23 ,0.937211, 0.00590843,0.056881,0.0627895
0.05,0.24 ,0.899432, 0.00591571,0.094652,0.100568
0.05,0.25 ,0.847413, 0.00592311,0.146664,0.152587
0.05,0.26 ,0.790745, 0.00593063,0.203324,0.209255
0.05,0.27 ,0.735264, 0.00593827,0.258798,0.264736
0.05,0.28 ,0.68304, 0.00594603,0.311014,0.31696
0.05,0.29 ,0.634608, 0.00595392,0.359438,0.365392
0.05,0.3 ,0.589949, 0.00596195,0.404089,0.410051
0.05,0.31 ,0.548852, 0.00597011,0.445178,0.451148
0.05,0.32 ,0.511043, 0.00597841,0.482979,0.488957
0.05,0.33 ,0.476242, 0.00598685,0.517771,0.523758
0.05,0.34 ,0.444181, 0.00599544,0.549823,0.555819
0.05,0.35 ,0.414611, 0.00600418,0.579385,0.585389
0.05,0.36 ,0.387306, 0.00601307,0.606681,0.612694
0.05,0.37 ,0.362061, 0.00602211,0.631917,0.637939
0.05,0.38 ,0.338693, 0.00603132,0.655276,0.661307
0.05,0.39 ,0.317036, 0.0060407,0.676923,0.682964
0.05,0.4 ,0.296943, 0.00605024,0.697007,0.703057
0.05,0.41 ,0.278279, 0.00605995,0.715661,0.721721
0.05,0.42 ,0.260925, 0.00606984,0.733005,0.739075
0.05,0.43 ,0.244773, 0.00607992,0.749147,0.755227
0.05,0.44 ,0.229725, 0.00609017,0.764185,0.770275
0.05,0.45 ,0.215693, 0.00610062,0.778207,0.784307
0.05,0.46 ,0.202596, 0.00611127,0.791293,0.797404
0.05,0.47 ,0.190363, 0.00612211,0.803515,0.809637
0.05,0.48 ,0.178928, 0.00613315,0.814939,0.821072
0.05,0.49 ,0.168231, 0.0061444,0.825625,0.831769
0.05,0.5 ,0.158217, 0.00615586,0.835627,0.841783
0.05,0.51 ,0.148837, 0.00616754,0.844996,0.851163
0.05,0.52 ,0.140044, 0.00617944,0.853776,0.859956
0.05,0.53 ,0.131799, 0.00619156,0.86201,0.868201
0.05,0.54 ,0.124061, 0.00620391,0.869735,0.875939
0.05,0.55 ,0.116796, 0.00621649,0.876987,0.883204
0.05,0.56 ,0.109973, 0.00622931,0.883798,0.890027
0.05,0.57 ,0.10356, 0.00624236,0.890198,0.89644
0.05,0.58 ,0.0975313, 0.00625567,0.896213,0.902469
0.05,0.59 ,0.0918611, 0.00626921,0.90187,0.908139
0.05,0.6 ,0.0865262, 0.00628301,0.907191,0.913474
0.05,0.61 ,0.081505, 0.00629707,0.912198,0.918495
0.05,0.62 ,0.0767775, 0.00631138,0.916911,0.923222
0.05,0.63 ,0.0723252, 0.00632595,0.921349,0.927675
0.05,0.64 ,0.0681309, 0.00634078,0.925528,0.931869
0.05,0.65 ,0.0641787, 0.00635588,0.929465,0.935821
0.05,0.66 ,0.0604536, 0.00637125,0.933175,0.939546
0.05,0.67 ,0.056942, 0.00638689,0.936671,0.943058
0.05,0.68 ,0.0536309, 0.00640281,0.939966,0.946369
0.05,0.69 ,0.0505084, 0.006419,0.943073,0.949492
0.05,0.7 ,0.0475632, 0.00643547,0.946001,0.952437
0.05,0.71 ,0.044785, 0.00645222,0.948763,0.955215
0.05,0.72 ,0.0421639, 0.00646925,0.951367,0.957836
0.05,0.73 ,0.0396908, 0.00648656,0.953823,0.960309
0.05,0.74 ,0.0373571, 0.00650416,0.956139,0.962643
0.05,0.75 ,0.035155, 0.00652204,0.958323,0.964845
0.05,0.76 ,0.0330768, 0.00654021,0.960383,0.966923
0.05,0.77 ,0.0311156, 0.00655866,0.962326,0.968884
0.05,0.78 ,0.0292646, 0.00657741,0.964158,0.970735
0.05,0.79 ,0.0275178, 0.00659644,0.965886,0.972482
0.05,0.8 ,0.0258693, 0.00661576,0.967515,0.974131
0.05,0.81 ,0.0243136, 0.00663537,0.969051,0.975686
0.05,0.82 ,0.0228456, 0.00665527,0.970499,0.977154
0.05,0.83 ,0.0214604, 0.00667546,0.971864,0.97854
0.05,0.84 ,0.0201534, 0.00669594,0.973151,0.979847
0.05,0.85 ,0.0189204, 0.00671671,0.974363,0.98108
0.05,0.86 ,0.0177573, 0.00673777,0.975505,0.982243
0.05,0.87 ,0.0166602, 0.00675911,0.976581,0.98334
0.05,0.88 ,0.0156256, 0.00678075,0.977594,0.984374
0.05,0.89 ,0.01465, 0.00680266,0.978547,0.98535
0.05,0.9 ,0.0137303, 0.00682487,0.979445,0.98627
0.05,0.91 ,0.0128634, 0.00684736,0.980289,0.987137
0.05,0.92 ,0.0120465, 0.00687013,0.981083,0.987954
0.05,0.93 ,0.0112767, 0.00689318,0.98183,0.988723
0.05,0.94 ,0.0105516, 0.00691652,0.982532,0.989448
0.05,0.95 ,0.00986877, 0.00694014,0.983191,0.990131
0.05,0.96 ,0.00922587, 0.00696403,0.98381,0.990774
0.05,0.97 ,0.00862073, 0.0069882,0.984391,0.991379
0.05,0.98 ,0.00805132, 0.00701264,0.984936,0.991949
0.05,0.99 ,0.00751568, 0.00703736,0.985447,0.992484
0.05,1 ,0.00701197, 0.00706235,0.985926,0.992988
0.06,0 ,0.991639, 0.00577218,0.00258833,0.00836051
0.06,0.01 ,0.9915, 0.0057774,0.00272211,0.00849951
0.06,0.02 ,0.991349, 0.00578269,0.00286851,0.0086512
0.06,0.03 ,0.991183, 0.00578805,0.00302933,0.00881738
0.06,0.04 ,0.991, 0.00579348,0.00320679,0.00900027
0.06,0.05 ,0.990797, 0.00579899,0.00340355,0.00920254
0.06,0.06 ,0.990573, 0.00580457,0.00362288,0.00942745
0.06,0.07 ,0.990321, 0.00581023,0.00386883,0.00967907
0.06,0.08 ,0.990038, 0.00581597,0.00414648,0.00996246
0.06,0.09 ,0.989716, 0.00582179,0.00446227,0.0102841
0.06,0.1 ,0.989348, 0.0058277,0.00482448,0.0106522
0.06,0.11 ,0.988922, 0.00583368,0.00524402,0.0110777
0.06,0.12 ,0.988425, 0.00583975,0.00573541,0.0115752
0.06,0.13 ,0.987836, 0.00584592,0.00631853,0.0121644
0.06,0.14 ,0.987127, 0.00585217,0.00702122,0.0128734
0.06,0.15 ,0.986258, 0.00585851,0.00788373,0.0137422
0.06,0.16 ,0.985169, 0.00586495,0.0089663,0.0148313
0.06,0.17 ,0.983765, 0.00587148,0.0103631,0.0162346
0.06,0.18 ,0.981892, 0.00587812,0.0122294,0.0181075
0.06,0.19 ,0.979278, 0.00588485,0.0148375,0.0207224
0.06,0.2 ,0.975403, 0.00589169,0.018705,0.0245967
0.06,0.21 ,0.969192, 0.00589863,0.0249089,0.0308076
0.06,0.22 ,0.958211, 0.00590569,0.0358831,0.0417888
0.06,0.23 ,0.937169, 0.00591285,0.0569186,0.0628314
0.06,0.24 ,0.89945, 0.00592013,0.0946304,0.10055
0.06,0.25 ,0.847472, 0.00592753,0.146601,0.152528
0.06,0.26 ,0.790822, 0.00593504,0.203243,0.209178
0.06,0.27 ,0.735347, 0.00594268,0.258711,0.264653
0.06,0.28 ,0.683124, 0.00595044,0.310925,0.316876
0.06,0.29 ,0.634691, 0.00595834,0.35935,0.365309
0.06,0.3 ,0.59003, 0.00596636,0.404003,0.40997
0.06,0.31 ,0.54893, 0.00597452,0.445095,0.45107
0.06,0.32 ,0.511119, 0.00598282,0.482898,0.488881
0.06,0.33 ,0.476316, 0.00599126,0.517693,0.523684
0.06,0.34 ,0.444252, 0.00599985,0.549748,0.555748
0.06,0.35 ,0.414679, 0.00600858,0.579312,0.585321
0.06,0.36 ,0.387371, 0.00601747,0.606611,0.612629
0.06,0.37 ,0.362124, 0.00602652,0.63185,0.637876
0.06,0.38 ,0.338753, 0.00603572,0.655211,0.661247
0.06,0.39 ,0.317094, 0.00604509,0.67686,0.682906
0.06,0.4 ,0.296999, 0.00605463,0.696947,0.703001
0.06,0.41 ,0.278333, 0.00606435,0.715603,0.721667
0.06,0.42 ,0.260977, 0.00607424,0.732949,0.739023
0.06,0.43 ,0.244823, 0.00608431,0.749093,0.755177
0.06,0.44 ,0.229773, 0.00609456,0.764133,0.770227
0.06,0.45 ,0.215739, 0.00610501,0.778156,0.784261
0.06,0.46 ,0.20264, 0.00611565,0.791244,0.79736
0.06,0.47 ,0.190406, 0.00612649,0.803468,0.809594
0.06,0.48 ,0.178969, 0.00613753,0.814893,0.821031
0.06,0.49 ,0.16827, 0.00614878,0.825581,0.83173
0.06,0.5 ,0.158255, 0.00616024,0.835585,0.841745
0.06,0.51 ,0.148873, 0.00617192,0.844955,0.851127
0.06,0.52 ,0.140079, 0.00618381,0.853737,0.859921
0.06,0.53 ,0.131832, 0.00619593,0.861972,0.868168
0.06,0.54 ,0.124093, 0.00620828,0.869698,0.875907
0.06,0.55 ,0.116827, 0.00622086,0.876952,0.883173
0.06,0.56 ,0.110002, 0.00623367,0.883764,0.889998
0.06,0.57 ,0.103589, 0.00624672,0.890165,0.896411
0.06,0.58 ,0.0975589, 0.00626002,0.896181,0.902441
0.06,0.59 ,0.0918876, 0.00627357,0.901839,0.908112
0.06,0.6 ,0.0865517, 0.00628736,0.907161,0.913448
0.06,0.61 ,0.0815295, 0.00630141,0.912169,0.918471
0.06,0.62 ,0.076801, 0.00631572,0.916883,0.923199
0.06,0.63 ,0.0723478, 0.00633029,0.921322,0.927652
0.06,0.64 ,0.0681526, 0.00634512,0.925502,0.931847
0.06,0.65 ,0.0641995, 0.00636022,0.92944,0.935801
0.06,0.66 ,0.0604736, 0.00637559,0.933151,0.939526
0.06,0.67 ,0.0569612, 0.00639122,0.936648,0.943039
0.06,0.68 ,0.0536493, 0.00640713,0.939944,0.946351
0.06,0.69 ,0.0505261, 0.00642332,0.943051,0.949474
0.06,0.7 ,0.0475802, 0.00643979,0.94598,0.95242
0.06,0.71 ,0.0448012, 0.00645653,0.948742,0.955199
0.06,0.72 ,0.0421794, 0.00647356,0.951347,0.957821
0.06,0.73 ,0.0397057, 0.00649086,0.953803,0.960294
0.06,0.74 ,0.0373715, 0.00650846,0.95612,0.962629
0.06,0.75 ,0.0351687, 0.00652634,0.958305,0.964831
0.06,0.76 ,0.03309, 0.0065445,0.960366,0.96691
0.06,0.77 ,0.0311282, 0.00656295,0.962309,0.968872
0.06,0.78 ,0.0292767, 0.00658169,0.964142,0.970723
0.06,0.79 ,0.0275294, 0.00660072,0.96587,0.972471
0.06,0.8 ,0.0258804, 0.00662004,0.9675,0.97412
0.06,0.81 ,0.0243242, 0.00663965,0.969036,0.975676
0.06,0.82 ,0.0228557, 0.00665954,0.970485,0.977144
0.06,0.83 ,0.02147, 0.00667973,0.97185,0.97853
0.06,0.84 ,0.0201626, 0.0067002,0.973137,0.979837
0.06,0.85 ,0.0189292, 0.00672097,0.97435,0.981071
0.06,0.86 ,0.0177657, 0.00674202,0.975492,0.982234
0.06,0.87 ,0.0166682, 0.00676336,0.976568,0.983332
0.06,0.88 ,0.0156333, 0.00678498,0.977582,0.984367
0.06,0.89 ,0.0146574, 0.0068069,0.978536,0.985343
0.06,0.9 ,0.0137373, 0.0068291,0.979434,0.986263
0.06,0.91 ,0.0128701, 0.00685158,0.980278,0.98713
0.06,0.92 ,0.0120528, 0.00687435,0.981073,0.987947
0.06,0.93 ,0.0112828, 0.0068974,0.98182,0.988717
0.06,0.94 ,0.0105574, 0.00692073,0.982522,0.989443
0.06,0.95 ,0.00987427, 0.00694434,0.983181,0.990126
0.06,0.96 ,0.0092311, 0.00696822,0.983801,0.990769
0.06,0.97 ,0.00862571, 0.00699239,0.984382,0.991374
0.06,0.98 ,0.00805605, 0.00701683,0.984927,0.991944
0.06,0.99 ,0.00752018, 0.00704154,0.985438,0.99248
0.06,1 ,0.00701625, 0.00706652,0.985917,0.992984
0.07,0 ,0.99151, 0.00577667,0.0027133,0.00848997
0.07,0.01 ,0.991371, 0.00578189,0.00284706,0.00862895
0.07,0.02 ,0.991219, 0.00578718,0.00299343,0.00878061
0.07,0.03 ,0.991053, 0.00579254,0.00315422,0.00894676
0.07,0.04 ,0.99087, 0.00579797,0.00333165,0.00912962
0.07,0.05 ,0.990668, 0.00580348,0.00352838,0.00933185
0.07,0.06 ,0.990443, 0.00580906,0.00374767,0.00955673
0.07,0.07 ,0.990192, 0.00581472,0.00399357,0.00980829
0.07,0.08 ,0.989908, 0.00582046,0.00427116,0.0100916
0.07,0.09 ,0.989587, 0.00582628,0.00458687,0.0104131
0.07,0.1 ,0.989219, 0.00583218,0.00494899,0.0107812
0.07,0.11 ,0.988793, 0.00583817,0.00536841,0.0112066
0.07,0.12 ,0.988296, 0.00584424,0.00585965,0.0117039
0.07,0.13 ,0.987707, 0.0058504,0.00644256,0.012293
0.07,0.14 ,0.986998, 0.00585665,0.00714497,0.0130016
0.07,0.15 ,0.98613, 0.00586299,0.00800709,0.0138701
0.07,0.16 ,0.985041, 0.00586943,0.0090891,0.0149585
0.07,0.17 ,0.983639, 0.00587596,0.0104851,0.016361
0.07,0.18 ,0.981767, 0.0058826,0.0123499,0.0182325
0.07,0.19 ,0.979155, 0.00588933,0.0149557,0.020845
0.07,0.2 ,0.975285, 0.00589617,0.0188189,0.024715
0.07,0.21 ,0.969083, 0.00590311,0.0250139,0.030917
0.07,0.22 ,0.958122, 0.00591016,0.035968,0.0418782
0.07,0.23 ,0.937123, 0.00591733,0.0569597,0.062877
0.07,0.24 ,0.899468, 0.0059246,0.0946079,0.100532
0.07,0.25 ,0.847535, 0.005932,0.146533,0.152465
0.07,0.26 ,0.790904, 0.00593951,0.203156,0.209096
0.07,0.27 ,0.735436, 0.00594715,0.258617,0.264564
0.07,0.28 ,0.683215, 0.00595491,0.31083,0.316785
0.07,0.29 ,0.634781, 0.0059628,0.359257,0.365219
0.07,0.3 ,0.590118, 0.00597083,0.403912,0.409882
0.07,0.31 ,0.549015, 0.00597899,0.445006,0.450985
0.07,0.32 ,0.511201, 0.00598728,0.482812,0.488799
0.07,0.33 ,0.476395, 0.00599572,0.51761,0.523605
0.07,0.34 ,0.444328, 0.00600431,0.549668,0.555672
0.07,0.35 ,0.414752, 0.00601304,0.579235,0.585248
0.07,0.36 ,0.387441, 0.00602193,0.606537,0.612559
0.07,0.37 ,0.362191, 0.00603097,0.631778,0.637809
0.07,0.38 ,0.338818, 0.00604018,0.655142,0.661182
0.07,0.39 ,0.317157, 0.00604955,0.676794,0.682843
0.07,0.4 ,0.297059, 0.00605909,0.696882,0.702941
0.07,0.41 ,0.278391, 0.0060688,0.71554,0.721609
0.07,0.42 ,0.261033, 0.00607869,0.732889,0.738967
0.07,0.43 ,0.244876, 0.00608876,0.749035,0.755124
0.07,0.44 ,0.229824, 0.00609901,0.764077,0.770176
0.07,0.45 ,0.215788, 0.00610945,0.778103,0.784212
0.07,0.46 ,0.202688, 0.00612009,0.791192,0.797312
0.07,0.47 ,0.190451, 0.00613093,0.803418,0.809549
0.07,0.48 ,0.179013, 0.00614197,0.814845,0.820987
0.07,0.49 ,0.168312, 0.00615322,0.825534,0.831688
0.07,0.5 ,0.158295, 0.00616467,0.83554,0.841705
0.07,0.51 ,0.148912, 0.00617635,0.844912,0.851088
0.07,0.52 ,0.140117, 0.00618824,0.853695,0.859883
0.07,0.53 ,0.131868, 0.00620036,0.861931,0.868132
0.07,0.54 ,0.124128, 0.0062127,0.86966,0.875872
0.07,0.55 ,0.116861, 0.00622528,0.876914,0.883139
0.07,0.56 ,0.110034, 0.00623809,0.883728,0.889966
0.07,0.57 ,0.103619, 0.00625114,0.89013,0.896381
0.07,0.58 ,0.0975883, 0.00626444,0.896147,0.902412
0.07,0.59 ,0.0919159, 0.00627798,0.901806,0.908084
0.07,0.6 ,0.0865788, 0.00629177,0.907129,0.913421
0.07,0.61 ,0.0815556, 0.00630582,0.912139,0.918444
0.07,0.62 ,0.0768261, 0.00632012,0.916854,0.923174
0.07,0.63 ,0.0723718, 0.00633469,0.921293,0.927628
0.07,0.64 ,0.0681757, 0.00634951,0.925475,0.931824
0.07,0.65 ,0.0642216, 0.00636461,0.929414,0.935778
0.07,0.66 ,0.0604949, 0.00637997,0.933125,0.939505
0.07,0.67 ,0.0569816, 0.00639561,0.936623,0.943018
0.07,0.68 ,0.0536689, 0.00641151,0.93992,0.946331
0.07,0.69 ,0.0505448, 0.0064277,0.943027,0.949455
0.07,0.7 ,0.0475982, 0.00644416,0.945958,0.952402
0.07,0.71 ,0.0448185, 0.0064609,0.948721,0.955182
