Betapv,Betamv,V,Rs,Rv,P
0,0 ,0.993165, 0.00483495,0.002,0.00683495
0,0.01 ,0.993026, 0.0048402,0.00213405,0.00697425
0,0.02 ,0.992874, 0.00484552,0.00228074,0.00712626
0,0.03 ,0.992707, 0.00485091,0.00244193,0.00729283
0,0.04 ,0.992524, 0.00485637,0.0026198,0.00747617
0,0.05 ,0.992321, 0.00486191,0.00281706,0.00767897
0,0.06 ,0.992095, 0.00486752,0.00303699,0.00790451
0,0.07 ,0.991843, 0.00487321,0.00328367,0.00815688
0,0.08 ,0.991559, 0.00487898,0.0035622,0.00844118
0,0.09 ,0.991236, 0.00488483,0.00387907,0.0087639
0,0.1 ,0.990867, 0.00489077,0.00424266,0.00913342
0,0.11 ,0.990439, 0.00489679,0.00466393,0.00956071
0,0.12 ,0.98994, 0.00490289,0.00515756,0.0100605
0,0.13 ,0.989347, 0.00490909,0.00574364,0.0106527
0,0.14 ,0.988634, 0.00491538,0.00645032,0.0113657
0,0.15 ,0.98776, 0.00492176,0.00731837,0.0122401
0,0.16 ,0.986663, 0.00492823,0.0084089,0.0133371
0,0.17 ,0.985248, 0.0049348,0.00981762,0.0147524
0,0.18 ,0.983356, 0.00494147,0.0117025,0.016644
0,0.19 ,0.98071, 0.00494825,0.0143419,0.0192902
0,0.2 ,0.976779, 0.00495513,0.0182663,0.0232214
0,0.21 ,0.970454, 0.00496211,0.0245842,0.0295463
0,0.22 ,0.959221, 0.00496921,0.0358094,0.0407786
0,0.23 ,0.937643, 0.00497642,0.057381,0.0623575
0,0.24 ,0.899168, 0.00498374,0.0958479,0.100832
0,0.25 ,0.846675, 0.00499118,0.148334,0.153325
0,0.26 ,0.78981, 0.00499874,0.205191,0.21019
0,0.27 ,0.734265, 0.00500643,0.260729,0.265735
0,0.28 ,0.682033, 0.00501424,0.312953,0.317967
0,0.29 ,0.633615, 0.00502218,0.361363,0.366385
0,0.3 ,0.588981, 0.00503026,0.405989,0.411019
0,0.31 ,0.547914, 0.00503847,0.447048,0.452086
0,0.32 ,0.510137, 0.00504682,0.484816,0.489863
0,0.33 ,0.475369, 0.00505531,0.519576,0.524631
0,0.34 ,0.44334, 0.00506396,0.551596,0.55666
0,0.35 ,0.413801, 0.00507275,0.581126,0.586199
0,0.36 ,0.386526, 0.0050817,0.608392,0.613474
0,0.37 ,0.361311, 0.0050908,0.633598,0.638689
0,0.38 ,0.337971, 0.00510007,0.656929,0.662029
0,0.39 ,0.316342, 0.0051095,0.678548,0.683658
0,0.4 ,0.296275, 0.00511911,0.698606,0.703725
0,0.41 ,0.277637, 0.00512889,0.717234,0.722363
0,0.42 ,0.260307, 0.00513885,0.734554,0.739693
0,0.43 ,0.244178, 0.00514899,0.750673,0.755822
0,0.44 ,0.229152, 0.00515932,0.765688,0.770848
0,0.45 ,0.215142, 0.00516984,0.779689,0.784858
0,0.46 ,0.202066, 0.00518055,0.792754,0.797934
0,0.47 ,0.189853, 0.00519147,0.804956,0.810147
0,0.48 ,0.178437, 0.00520259,0.816361,0.821563
0,0.49 ,0.167758, 0.00521392,0.827028,0.832242
0,0.5 ,0.157762, 0.00522546,0.837013,0.842238
0,0.51 ,0.148398, 0.00523722,0.846365,0.851602
0,0.52 ,0.139622, 0.0052492,0.855129,0.860378
0,0.53 ,0.131392, 0.00526141,0.863347,0.868608
0,0.54 ,0.12367, 0.00527385,0.871057,0.87633
0,0.55 ,0.116419, 0.00528652,0.878294,0.883581
0,0.56 ,0.10961, 0.00529943,0.885091,0.89039
0,0.57 ,0.103211, 0.00531259,0.891477,0.896789
0,0.58 ,0.0971951, 0.00532599,0.897479,0.902805
0,0.59 ,0.0915375, 0.00533964,0.903123,0.908462
0,0.6 ,0.0862148, 0.00535354,0.908432,0.913785
0,0.61 ,0.0812053, 0.0053677,0.913427,0.918795
0,0.62 ,0.0764891, 0.00538211,0.918129,0.923511
0,0.63 ,0.0720477, 0.00539679,0.922556,0.927952
0,0.64 ,0.0678639, 0.00541174,0.926724,0.932136
0,0.65 ,0.0639218, 0.00542696,0.930651,0.936078
0,0.66 ,0.0602066, 0.00544244,0.934351,0.939793
0,0.67 ,0.0567044, 0.0054582,0.937837,0.943296
0,0.68 ,0.0534025, 0.00547424,0.941123,0.946598
0,0.69 ,0.0502888, 0.00549056,0.944221,0.949711
0,0.7 ,0.0473521, 0.00550715,0.947141,0.952648
0,0.71 ,0.0445821, 0.00552403,0.949894,0.955418
0,0.72 ,0.0419689, 0.00554119,0.95249,0.958031
0,0.73 ,0.0395035, 0.00555864,0.954938,0.960496
0,0.74 ,0.0371773, 0.00557637,0.957246,0.962823
0,0.75 ,0.0349823, 0.00559439,0.959423,0.965018
0,0.76 ,0.032911, 0.0056127,0.961476,0.967089
0,0.77 ,0.0309565, 0.0056313,0.963412,0.969044
0,0.78 ,0.029112, 0.00565019,0.965238,0.970888
0,0.79 ,0.0273714, 0.00566937,0.966959,0.972629
0,0.8 ,0.0257289, 0.00568885,0.968582,0.974271
0,0.81 ,0.024179, 0.00570861,0.970112,0.975821
0,0.82 ,0.0227165, 0.00572867,0.971555,0.977283
0,0.83 ,0.0213367, 0.00574902,0.972914,0.978663
0,0.84 ,0.020035, 0.00576966,0.974195,0.979965
0,0.85 ,0.018807, 0.00579059,0.975402,0.981193
0,0.86 ,0.0176487, 0.00581181,0.97654,0.982351
0,0.87 ,0.0165563, 0.00583332,0.97761,0.983444
0,0.88 ,0.0155262, 0.00585512,0.978619,0.984474
0,0.89 ,0.014555, 0.00587721,0.979568,0.985445
0,0.9 ,0.0136395, 0.00589959,0.980461,0.986361
0,0.91 ,0.0127766, 0.00592226,0.981301,0.987223
0,0.92 ,0.0119635, 0.00594521,0.982091,0.988036
0,0.93 ,0.0111975, 0.00596844,0.982834,0.988802
0,0.94 ,0.010476, 0.00599196,0.983532,0.989524
0,0.95 ,0.00979667, 0.00601576,0.984188,0.990203
0,0.96 ,0.00915711, 0.00603984,0.984803,0.990843
0,0.97 ,0.00855519, 0.0060642,0.985381,0.991445
0,0.98 ,0.00798888, 0.00608884,0.985922,0.992011
0,0.99 ,0.00745621, 0.00611375,0.98643,0.992544
0,1 ,0.00695537, 0.00613893,0.986906,0.993045
0.01,0 ,0.993105, 0.0048367,0.00205786,0.00689456
0.01,0.01 ,0.992966, 0.00484195,0.0021919,0.00703385
0.01,0.02 ,0.992814, 0.00484726,0.00233859,0.00718585
0.01,0.03 ,0.992648, 0.00485265,0.00249976,0.00735241
0.01,0.04 ,0.992464, 0.00485811,0.00267762,0.00753574
0.01,0.05 ,0.992261, 0.00486365,0.00287487,0.00773852
0.01,0.06 ,0.992036, 0.00486926,0.00309478,0.00796404
0.01,0.07 ,0.991784, 0.00487495,0.00334143,0.00821639
0.01,0.08 ,0.991499, 0.00488072,0.00361994,0.00850066
0.01,0.09 ,0.991177, 0.00488658,0.00393678,0.00882335
0.01,0.1 ,0.990807, 0.00489251,0.00430031,0.00919283
0.01,0.11 ,0.99038, 0.00489853,0.00472153,0.00962006
0.01,0.12 ,0.98988, 0.00490464,0.00521509,0.0101197
0.01,0.13 ,0.989288, 0.00491083,0.00580107,0.0107119
0.01,0.14 ,0.988575, 0.00491712,0.00650762,0.0114247
0.01,0.15 ,0.987701, 0.0049235,0.00737548,0.012299
0.01,0.16 ,0.986604, 0.00492997,0.00846573,0.0133957
0.01,0.17 ,0.985189, 0.00493654,0.00987402,0.0148106
0.01,0.18 ,0.983299, 0.00494322,0.0117583,0.0167015
0.01,0.19 ,0.980653, 0.00494999,0.0143965,0.0193465
0.01,0.2 ,0.976724, 0.00495687,0.0183188,0.0232756
0.01,0.21 ,0.970404, 0.00496385,0.0246324,0.0295962
0.01,0.22 ,0.959181, 0.00497095,0.0358479,0.0408188
0.01,0.23 ,0.937623, 0.00497816,0.0573986,0.0623768
0.01,0.24 ,0.899179, 0.00498548,0.095836,0.100821
0.01,0.25 ,0.846705, 0.00499292,0.148302,0.153295
0.01,0.26 ,0.789849, 0.00500048,0.20515,0.210151
0.01,0.27 ,0.734306, 0.00500816,0.260685,0.265694
0.01,0.28 ,0.682075, 0.00501598,0.312909,0.317925
0.01,0.29 ,0.633657, 0.00502392,0.36132,0.366343
0.01,0.3 ,0.589022, 0.00503199,0.405946,0.410978
0.01,0.31 ,0.547953, 0.0050402,0.447007,0.452047
0.01,0.32 ,0.510175, 0.00504855,0.484777,0.489825
0.01,0.33 ,0.475405, 0.00505705,0.519538,0.524595
0.01,0.34 ,0.443375, 0.00506569,0.551559,0.556625
0.01,0.35 ,0.413835, 0.00507448,0.581091,0.586165
0.01,0.36 ,0.386559, 0.00508343,0.608358,0.613441
0.01,0.37 ,0.361342, 0.00509253,0.633565,0.638658
0.01,0.38 ,0.338002, 0.0051018,0.656897,0.661998
0.01,0.39 ,0.316371, 0.00511124,0.678517,0.683629
0.01,0.4 ,0.296303, 0.00512084,0.698576,0.703697
0.01,0.41 ,0.277664, 0.00513062,0.717206,0.722336
0.01,0.42 ,0.260333, 0.00514058,0.734526,0.739667
0.01,0.43 ,0.244203, 0.00515072,0.750646,0.755797
0.01,0.44 ,0.229176, 0.00516104,0.765663,0.770824
0.01,0.45 ,0.215165, 0.00517156,0.779664,0.784835
0.01,0.46 ,0.202088, 0.00518228,0.79273,0.797912
0.01,0.47 ,0.189874, 0.00519319,0.804933,0.810126
0.01,0.48 ,0.178457, 0.00520431,0.816338,0.821543
0.01,0.49 ,0.167778, 0.00521564,0.827007,0.832222
0.01,0.5 ,0.157781, 0.00522718,0.836992,0.842219
0.01,0.51 ,0.148417, 0.00523894,0.846344,0.851583
0.01,0.52 ,0.13964, 0.00525092,0.855109,0.86036
0.01,0.53 ,0.131409, 0.00526313,0.863328,0.868591
0.01,0.54 ,0.123686, 0.00527557,0.871039,0.876314
0.01,0.55 ,0.116435, 0.00528824,0.878276,0.883565
0.01,0.56 ,0.109625, 0.00530115,0.885074,0.890375
0.01,0.57 ,0.103225, 0.0053143,0.89146,0.896775
0.01,0.58 ,0.0972092, 0.0053277,0.897463,0.902791
0.01,0.59 ,0.0915511, 0.00534135,0.903108,0.908449
0.01,0.6 ,0.0862278, 0.00535525,0.908417,0.913772
0.01,0.61 ,0.0812178, 0.0053694,0.913413,0.918782
0.01,0.62 ,0.0765012, 0.00538382,0.918115,0.923499
0.01,0.63 ,0.0720593, 0.0053985,0.922542,0.927941
0.01,0.64 ,0.0678751, 0.00541345,0.926711,0.932125
0.01,0.65 ,0.0639326, 0.00542866,0.930639,0.936067
0.01,0.66 ,0.0602169, 0.00544414,0.934339,0.939783
0.01,0.67 ,0.0567144, 0.0054599,0.937826,0.943286
0.01,0.68 ,0.053412, 0.00547594,0.941112,0.946588
0.01,0.69 ,0.0502979, 0.00549225,0.94421,0.949702
0.01,0.7 ,0.0473609, 0.00550884,0.94713,0.952639
0.01,0.71 ,0.0445906, 0.00552572,0.949884,0.955409
0.01,0.72 ,0.0419771, 0.00554288,0.95248,0.958023
0.01,0.73 ,0.0395113, 0.00556032,0.954928,0.960489
0.01,0.74 ,0.0371848, 0.00557806,0.957237,0.962815
0.01,0.75 ,0.0349895, 0.00559608,0.959414,0.965011
0.01,0.76 ,0.0329179, 0.00561438,0.961468,0.967082
0.01,0.77 ,0.0309631, 0.00563298,0.963404,0.969037
0.01,0.78 ,0.0291183, 0.00565187,0.96523,0.970882
0.01,0.79 ,0.0273774, 0.00567105,0.966952,0.972623
0.01,0.8 ,0.0257347, 0.00569052,0.968575,0.974265
0.01,0.81 ,0.0241845, 0.00571028,0.970105,0.975815
0.01,0.82 ,0.0227219, 0.00573034,0.971548,0.977278
0.01,0.83 ,0.0213418, 0.00575069,0.972907,0.978658
0.01,0.84 ,0.0200398, 0.00577132,0.974189,0.97996
0.01,0.85 ,0.0188116, 0.00579225,0.975396,0.981188
0.01,0.86 ,0.0176532, 0.00581347,0.976533,0.982347
0.01,0.87 ,0.0165606, 0.00583498,0.977604,0.983439
0.01,0.88 ,0.0155303, 0.00585678,0.978613,0.98447
0.01,0.89 ,0.0145589, 0.00587887,0.979562,0.985441
0.01,0.9 ,0.0136432, 0.00590125,0.980456,0.986357
0.01,0.91 ,0.0127802, 0.00592391,0.981296,0.98722
0.01,0.92 ,0.0119669, 0.00594686,0.982086,0.988033
0.01,0.93 ,0.0112008, 0.00597009,0.982829,0.988799
0.01,0.94 ,0.0104791, 0.0059936,0.983527,0.989521
0.01,0.95 ,0.00979962, 0.0060174,0.984183,0.9902
0.01,0.96 ,0.00915992, 0.00604148,0.984799,0.99084
0.01,0.97 ,0.00855787, 0.00606584,0.985376,0.991442
0.01,0.98 ,0.00799143, 0.00609047,0.985918,0.992009
0.01,0.99 ,0.00745864, 0.00611538,0.986426,0.992541
0.01,1 ,0.00695768, 0.00614056,0.986902,0.993042
0.02,0 ,0.993042, 0.00483847,0.00211945,0.00695792
0.02,0.01 ,0.992903, 0.00484371,0.00225348,0.0070972
0.02,0.02 ,0.992751, 0.00484903,0.00240016,0.00724919
0.02,0.03 ,0.992584, 0.00485442,0.00256132,0.00741574
0.02,0.04 ,0.992401, 0.00485988,0.00273917,0.00759905
0.02,0.05 ,0.992198, 0.00486542,0.0029364,0.00780182
0.02,0.06 ,0.991973, 0.00487103,0.00315629,0.00802732
0.02,0.07 ,0.99172, 0.00487672,0.00340292,0.00827964
0.02,0.08 ,0.991436, 0.00488249,0.0036814,0.00856389
0.02,0.09 ,0.991113, 0.00488834,0.0039982,0.00888654
0.02,0.1 ,0.990744, 0.00489428,0.00436169,0.00925597
0.02,0.11 ,0.990317, 0.00490029,0.00478285,0.00968314
0.02,0.12 ,0.989817, 0.0049064,0.00527633,0.0101827
0.02,0.13 ,0.989225, 0.0049126,0.0058622,0.0107748
0.02,0.14 ,0.988513, 0.00491888,0.00656861,0.0114875
0.02,0.15 ,0.987638, 0.00492526,0.00743627,0.0123615
0.02,0.16 ,0.986542, 0.00493174,0.00852623,0.013458
0.02,0.17 ,0.985128, 0.00493831,0.00993408,0.0148724
0.02,0.18 ,0.983237, 0.00494498,0.0118176,0.0167626
0.02,0.19 ,0.980594, 0.00495175,0.0144547,0.0194064
0.02,0.2 ,0.976667, 0.00495863,0.0183747,0.0233333
0.02,0.21 ,0.970351, 0.00496562,0.0246837,0.0296493
0.02,0.22 ,0.959138, 0.00497271,0.0358889,0.0408616
0.02,0.23 ,0.937603, 0.00497992,0.0574175,0.0623975
0.02,0.24 ,0.899189, 0.00498724,0.0958236,0.100811
0.02,0.25 ,0.846737, 0.00499468,0.148268,0.153263
0.02,0.26 ,0.78989, 0.00500224,0.205108,0.21011
0.02,0.27 ,0.734351, 0.00500992,0.260639,0.265649
0.02,0.28 ,0.682119, 0.00501773,0.312863,0.317881
0.02,0.29 ,0.633701, 0.00502568,0.361274,0.366299
0.02,0.3 ,0.589065, 0.00503375,0.405901,0.410935
0.02,0.31 ,0.547995, 0.00504196,0.446963,0.452005
0.02,0.32 ,0.510215, 0.00505031,0.484734,0.489785
0.02,0.33 ,0.475444, 0.0050588,0.519497,0.524556
0.02,0.34 ,0.443413, 0.00506745,0.55152,0.556587
0.02,0.35 ,0.413871, 0.00507624,0.581053,0.586129
0.02,0.36 ,0.386594, 0.00508518,0.608321,0.613406
0.02,0.37 ,0.361376, 0.00509429,0.63353,0.638624
0.02,0.38 ,0.338034, 0.00510355,0.656863,0.661966
0.02,0.39 ,0.316402, 0.00511299,0.678485,0.683598
0.02,0.4 ,0.296333, 0.00512259,0.698545,0.703667
0.02,0.41 ,0.277692, 0.00513237,0.717175,0.722308
0.02,0.42 ,0.260361, 0.00514232,0.734497,0.739639
0.02,0.43 ,0.24423, 0.00515246,0.750618,0.75577
0.02,0.44 ,0.229202, 0.00516279,0.765635,0.770798
0.02,0.45 ,0.215189, 0.00517331,0.779637,0.784811
0.02,0.46 ,0.202112, 0.00518402,0.792704,0.797888
0.02,0.47 ,0.189897, 0.00519494,0.804908,0.810103
0.02,0.48 ,0.178479, 0.00520606,0.816315,0.821521
0.02,0.49 ,0.167799, 0.00521738,0.826984,0.832201
0.02,0.5 ,0.157801, 0.00522892,0.83697,0.842199
0.02,0.51 ,0.148436, 0.00524068,0.846323,0.851564
0.02,0.52 ,0.139659, 0.00525266,0.855089,0.860341
0.02,0.53 ,0.131427, 0.00526487,0.863308,0.868573
0.02,0.54 ,0.123703, 0.00527731,0.871019,0.876297
0.02,0.55 ,0.116452, 0.00528998,0.878258,0.883548
0.02,0.56 ,0.109641, 0.00530288,0.885056,0.890359
0.02,0.57 ,0.103241, 0.00531604,0.891443,0.896759
0.02,0.58 ,0.0972241, 0.00532943,0.897446,0.902776
0.02,0.59 ,0.0915654, 0.00534308,0.903091,0.908435
0.02,0.6 ,0.0862416, 0.00535698,0.908401,0.913758
0.02,0.61 ,0.0812311, 0.00537113,0.913398,0.918769
0.02,0.62 ,0.0765139, 0.00538555,0.918101,0.923486
0.02,0.63 ,0.0720716, 0.00540023,0.922528,0.927928
0.02,0.64 ,0.0678869, 0.00541517,0.926698,0.932113
0.02,0.65 ,0.0639439, 0.00543038,0.930626,0.936056
0.02,0.66 ,0.0602278, 0.00544586,0.934326,0.939772
0.02,0.67 ,0.0567248, 0.00546162,0.937814,0.943275
0.02,0.68 ,0.0534221, 0.00547766,0.9411,0.946578
0.02,0.69 ,0.0503076, 0.00549397,0.944198,0.949692
0.02,0.7 ,0.0473702, 0.00551056,0.947119,0.95263
0.02,0.71 ,0.0445995, 0.00552743,0.949873,0.955401
0.02,0.72 ,0.0419856, 0.00554459,0.95247,0.958014
0.02,0.73 ,0.0395195, 0.00556203,0.954918,0.96048
0.02,0.74 ,0.0371927, 0.00557976,0.957228,0.962807
0.02,0.75 ,0.0349971, 0.00559778,0.959405,0.965003
0.02,0.76 ,0.0329252, 0.00561609,0.961459,0.967075
0.02,0.77 ,0.03097, 0.00563468,0.963395,0.96903
0.02,0.78 ,0.029125, 0.00565357,0.965221,0.970875
0.02,0.79 ,0.0273838, 0.00567275,0.966943,0.972616
0.02,0.8 ,0.0257408, 0.00569222,0.968567,0.974259
0.02,0.81 ,0.0241904, 0.00571198,0.970098,0.97581
0.02,0.82 ,0.0227275, 0.00573203,0.97154,0.977273
0.02,0.83 ,0.0213472, 0.00575237,0.9729,0.978653
0.02,0.84 ,0.020045, 0.00577301,0.974182,0.979955
0.02,0.85 ,0.0188166, 0.00579394,0.97539,0.981183
0.02,0.86 ,0.0176579, 0.00581515,0.976527,0.982342
0.02,0.87 ,0.0165651, 0.00583666,0.977598,0.983435
0.02,0.88 ,0.0155346, 0.00585846,0.978607,0.984465
0.02,0.89 ,0.014563, 0.00588054,0.979556,0.985437
0.02,0.9 ,0.0136471, 0.00590292,0.98045,0.986353
0.02,0.91 ,0.0127839, 0.00592558,0.981291,0.987216
0.02,0.92 ,0.0119705, 0.00594852,0.982081,0.98803
0.02,0.93 ,0.0112042, 0.00597175,0.982824,0.988796
0.02,0.94 ,0.0104824, 0.00599527,0.983522,0.989518
0.02,0.95 ,0.00980272, 0.00601906,0.984178,0.990197
0.02,0.96 ,0.00916287, 0.00604314,0.984794,0.990837
0.02,0.97 ,0.00856068, 0.00606749,0.985372,0.991439
0.02,0.98 ,0.0079941, 0.00609212,0.985914,0.992006
0.02,0.99 ,0.00746119, 0.00611703,0.986422,0.992539
0.02,1 ,0.0069601, 0.0061422,0.986898,0.99304
0.03,0 ,0.992975, 0.00484025,0.00218515,0.0070254
0.03,0.01 ,0.992835, 0.0048455,0.00231917,0.00716467
0.03,0.02 ,0.992683, 0.00485082,0.00246584,0.00731666
0.03,0.03 ,0.992517, 0.00485621,0.00262698,0.00748319
0.03,0.04 ,0.992334, 0.00486167,0.00280482,0.00766649
0.03,0.05 ,0.992131, 0.00486721,0.00300203,0.00786924
0.03,0.06 ,0.991905, 0.00487282,0.0032219,0.00809472
0.03,0.07 ,0.991653, 0.00487851,0.00346851,0.00834702
0.03,0.08 ,0.991369, 0.00488428,0.00374695,0.00863123
0.03,0.09 ,0.991046, 0.00489013,0.00406371,0.00895384
0.03,0.1 ,0.990677, 0.00489606,0.00442716,0.00932322
0.03,0.11 ,0.99025, 0.00490208,0.00484825,0.00975033
0.03,0.12 ,0.98975, 0.00490819,0.00534165,0.0102498
0.03,0.13 ,0.989158, 0.00491438,0.00592741,0.0108418
0.03,0.14 ,0.988446, 0.00492067,0.00663367,0.0115543
0.03,0.15 ,0.987572, 0.00492705,0.00750112,0.0124282
0.03,0.16 ,0.986476, 0.00493352,0.00859076,0.0135243
0.03,0.17 ,0.985062, 0.00494009,0.00999815,0.0149382
0.03,0.18 ,0.983172, 0.00494676,0.0118809,0.0168277
0.03,0.19 ,0.98053, 0.00495354,0.0145167,0.0194702
0.03,0.2 ,0.976605, 0.00496041,0.0184343,0.0233947
0.03,0.21 ,0.970294, 0.0049674,0.0247385,0.0297059
0.03,0.22 ,0.959093, 0.00497449,0.0359329,0.0409074
0.03,0.23 ,0.93758, 0.0049817,0.0574379,0.0624196
0.03,0.24 ,0.8992, 0.00498902,0.0958106,0.1008
0.03,0.25 ,0.846771, 0.00499646,0.148232,0.153229
0.03,0.26 ,0.789934, 0.00500402,0.205062,0.210066
0.03,0.27 ,0.734398, 0.0050117,0.260591,0.265602
0.03,0.28 ,0.682167, 0.00501951,0.312814,0.317833
0.03,0.29 ,0.633748, 0.00502745,0.361225,0.366252
0.03,0.3 ,0.589111, 0.00503553,0.405854,0.410889
0.03,0.31 ,0.548039, 0.00504374,0.446917,0.451961
0.03,0.32 ,0.510258, 0.00505209,0.48469,0.489742
0.03,0.33 ,0.475486, 0.00506058,0.519454,0.524514
0.03,0.34 ,0.443452, 0.00506922,0.551478,0.556548
0.03,0.35 ,0.413909, 0.00507801,0.581013,0.586091
0.03,0.36 ,0.386631, 0.00508696,0.608282,0.613369
0.03,0.37 ,0.361411, 0.00509606,0.633493,0.638589
0.03,0.38 ,0.338068, 0.00510533,0.656827,0.661932
0.03,0.39 ,0.316435, 0.00511476,0.67845,0.683565
0.03,0.4 ,0.296365, 0.00512436,0.698511,0.703635
0.03,0.41 ,0.277723, 0.00513414,0.717143,0.722277
0.03,0.42 ,0.26039, 0.0051441,0.734466,0.73961
0.03,0.43 ,0.244258, 0.00515423,0.750588,0.755742
0.03,0.44 ,0.229229, 0.00516456,0.765606,0.770771
0.03,0.45 ,0.215215, 0.00517508,0.77961,0.784785
0.03,0.46 ,0.202137, 0.00518579,0.792677,0.797863
0.03,0.47 ,0.189921, 0.0051967,0.804882,0.810079
0.03,0.48 ,0.178502, 0.00520782,0.81629,0.821498
0.03,0.49 ,0.167821, 0.00521915,0.82696,0.832179
0.03,0.5 ,0.157822, 0.00523069,0.836947,0.842178
0.03,0.51 ,0.148457, 0.00524244,0.846301,0.851543
0.03,0.52 ,0.139679, 0.00525442,0.855067,0.860321
0.03,0.53 ,0.131446, 0.00526663,0.863287,0.868554
0.03,0.54 ,0.123722, 0.00527906,0.870999,0.876278
0.03,0.55 ,0.11647, 0.00529173,0.878239,0.88353
0.03,0.56 ,0.109658, 0.00530464,0.885037,0.890342
0.03,0.57 ,0.103257, 0.00531779,0.891425,0.896743
0.03,0.58 ,0.0972399, 0.00533119,0.897429,0.90276
0.03,0.59 ,0.0915806, 0.00534483,0.903075,0.908419
0.03,0.6 ,0.0862562, 0.00535873,0.908385,0.913744
0.03,0.61 ,0.0812451, 0.00537288,0.913382,0.918755
0.03,0.62 ,0.0765274, 0.0053873,0.918085,0.923473
0.03,0.63 ,0.0720845, 0.00540197,0.922513,0.927915
0.03,0.64 ,0.0678994, 0.00541691,0.926684,0.932101
0.03,0.65 ,0.0639559, 0.00543212,0.930612,0.936044
0.03,0.66 ,0.0602393, 0.00544761,0.934313,0.939761
0.03,0.67 ,0.0567359, 0.00546336,0.937801,0.943264
0.03,0.68 ,0.0534327, 0.00547939,0.941088,0.946567
0.03,0.69 ,0.0503178, 0.0054957,0.944186,0.949682
0.03,0.7 ,0.04738, 0.00551229,0.947108,0.95262
0.03,0.71 ,0.0446089, 0.00552917,0.949862,0.955391
0.03,0.72 ,0.0419947, 0.00554632,0.952459,0.958005
0.03,0.73 ,0.0395282, 0.00556376,0.954908,0.960472
0.03,0.74 ,0.037201, 0.00558149,0.957218,0.962799
0.03,0.75 ,0.0350051, 0.00559951,0.959395,0.964995
0.03,0.76 ,0.0329328, 0.00561781,0.961449,0.967067
0.03,0.77 ,0.0309774, 0.0056364,0.963386,0.969023
0.03,0.78 ,0.029132, 0.00565529,0.965213,0.970868
0.03,0.79 ,0.0273906, 0.00567446,0.966935,0.972609
0.03,0.8 ,0.0257473, 0.00569393,0.968559,0.974253
0.03,0.81 ,0.0241966, 0.00571369,0.97009,0.975803
0.03,0.82 ,0.0227334, 0.00573374,0.971533,0.977267
0.03,0.83 ,0.0213529, 0.00575408,0.972893,0.978647
0.03,0.84 ,0.0200504, 0.00577471,0.974175,0.97995
0.03,0.85 ,0.0188217, 0.00579564,0.975383,0.981178
0.03,0.86 ,0.0176628, 0.00581685,0.97652,0.982337
0.03,0.87 ,0.0165698, 0.00583836,0.977592,0.98343
0.03,0.88 ,0.0155391, 0.00586015,0.978601,0.984461
0.03,0.89 ,0.0145673, 0.00588224,0.97955,0.985433
0.03,0.9 ,0.0136513, 0.00590461,0.980444,0.986349
0.03,0.91 ,0.0127879, 0.00592727,0.981285,0.987212
0.03,0.92 ,0.0119743, 0.00595021,0.982076,0.988026
0.03,0.93 ,0.0112078, 0.00597344,0.982819,0.988792
0.03,0.94 ,0.0104858, 0.00599695,0.983517,0.989514
0.03,0.95 ,0.00980598, 0.00602074,0.984173,0.990194
0.03,0.96 ,0.00916597, 0.00604481,0.984789,0.990834
0.03,0.97 ,0.00856364, 0.00606916,0.985367,0.991436
0.03,0.98 ,0.00799691, 0.00609379,0.985909,0.992003
0.03,0.99 ,0.00746386, 0.00611869,0.986417,0.992536
0.03,1 ,0.00696264, 0.00614387,0.986893,0.993037
0.04,0 ,0.992903, 0.00484207,0.00225538,0.00709744
0.04,0.01 ,0.992763, 0.00484731,0.00238939,0.0072367
0.04,0.02 ,0.992611, 0.00485263,0.00253604,0.00738867
0.04,0.03 ,0.992445, 0.00485802,0.00269717,0.00755519
0.04,0.04 ,0.992262, 0.00486348,0.002875,0.00773848
0.04,0.05 ,0.992059, 0.00486902,0.00307219,0.0079412
0.04,0.06 ,0.991833, 0.00487463,0.00329204,0.00816666
0.04,0.07 ,0.991581, 0.00488032,0.00353861,0.00841893
0.04,0.08 ,0.991297, 0.00488609,0.00381702,0.00870311
0.04,0.09 ,0.990974, 0.00489194,0.00413375,0.00902568
0.04,0.1 ,0.990605, 0.00489787,0.00449714,0.00939501
0.04,0.11 ,0.990178, 0.00490389,0.00491816,0.00982205
0.04,0.12 ,0.989679, 0.00491,0.00541148,0.0103215
0.04,0.13 ,0.989087, 0.00491619,0.00599712,0.0109133
0.04,0.14 ,0.988374, 0.00492248,0.00670322,0.0116257
0.04,0.15 ,0.987501, 0.00492885,0.00757044,0.0124993
0.04,0.16 ,0.986405, 0.00493533,0.00865976,0.0135951
0.04,0.17 ,0.984991, 0.0049419,0.0100666,0.0150085
0.04,0.18 ,0.983103, 0.00494857,0.0119486,0.0168972
0.04,0.19 ,0.980462, 0.00495534,0.014583,0.0195384
0.04,0.2 ,0.97654, 0.00496222,0.0184982,0.0234604
0.04,0.21 ,0.970234, 0.0049692,0.0247972,0.0297664
0.04,0.22 ,0.959044, 0.0049763,0.03598,0.0409563
0.04,0.23 ,0.937556, 0.0049835,0.05746,0.0624435
0.04,0.24 ,0.899212, 0.00499082,0.0957971,0.100788
0.04,0.25 ,0.846807, 0.00499826,0.148194,0.153193
0.04,0.26 ,0.78998, 0.00500582,0.205014,0.21002
0.04,0.27 ,0.734448, 0.00501351,0.260539,0.265552
0.04,0.28 ,0.682217, 0.00502132,0.312761,0.317783
0.04,0.29 ,0.633798, 0.00502926,0.361173,0.366202
0.04,0.3 ,0.589159, 0.00503733,0.405803,0.410841
0.04,0.31 ,0.548086, 0.00504554,0.446868,0.451914
0.04,0.32 ,0.510304, 0.00505389,0.484642,0.489696
0.04,0.33 ,0.47553, 0.00506238,0.519408,0.52447
0.04,0.34 ,0.443495, 0.00507102,0.551434,0.556505
0.04,0.35 ,0.41395, 0.00507981,0.58097,0.58605
0.04,0.36 ,0.38667, 0.00508876,0.608241,0.61333
0.04,0.37 ,0.361449, 0.00509786,0.633453,0.638551
0.04,0.38 ,0.338104, 0.00510712,0.656788,0.661896
0.04,0.39 ,0.31647, 0.00511656,0.678413,0.68353
0.04,0.4 ,0.296398, 0.00512616,0.698476,0.703602
0.04,0.41 ,0.277755, 0.00513593,0.717109,0.722245
0.04,0.42 ,0.260421, 0.00514589,0.734433,0.739579
0.04,0.43 ,0.244288, 0.00515603,0.750556,0.755712
0.04,0.44 ,0.229258, 0.00516635,0.765576,0.770742
0.04,0.45 ,0.215243, 0.00517687,0.77958,0.784757
0.04,0.46 ,0.202163, 0.00518758,0.792649,0.797837
0.04,0.47 ,0.189947, 0.00519849,0.804855,0.810053
0.04,0.48 ,0.178527, 0.00520961,0.816263,0.821473
0.04,0.49 ,0.167845, 0.00522093,0.826934,0.832155
0.04,0.5 ,0.157845, 0.00523247,0.836922,0.842155
0.04,0.51 ,0.148479, 0.00524423,0.846277,0.851521
0.04,0.52 ,0.1397, 0.00525621,0.855044,0.8603
0.04,0.53 ,0.131467, 0.00526841,0.863265,0.868533
0.04,0.54 ,0.123741, 0.00528084,0.870978,0.876259
0.04,0.55 ,0.116489, 0.00529351,0.878218,0.883511
0.04,0.56 ,0.109676, 0.00530642,0.885017,0.890324
0.04,0.57 ,0.103275, 0.00531957,0.891406,0.896725
0.04,0.58 ,0.0972566, 0.00533296,0.89741,0.902743
0.04,0.59 ,0.0915967, 0.0053466,0.903057,0.908403
0.04,0.6 ,0.0862717, 0.0053605,0.908368,0.913728
0.04,0.61 ,0.08126, 0.00537465,0.913365,0.91874
0.04,0.62 ,0.0765417, 0.00538906,0.918069,0.923458
0.04,0.63 ,0.0720983, 0.00540374,0.922498,0.927902
0.04,0.64 ,0.0679126, 0.00541868,0.926669,0.932087
0.04,0.65 ,0.0639686, 0.00543389,0.930598,0.936031
0.04,0.66 ,0.0602516, 0.00544937,0.934299,0.939748
0.04,0.67 ,0.0567476, 0.00546512,0.937787,0.943252
0.04,0.68 ,0.053444, 0.00548115,0.941075,0.946556
0.04,0.69 ,0.0503286, 0.00549746,0.944174,0.949671
0.04,0.7 ,0.0473904, 0.00551405,0.947096,0.95261
0.04,0.71 ,0.0446189, 0.00553092,0.94985,0.955381
0.04,0.72 ,0.0420042, 0.00554807,0.952448,0.957996
0.04,0.73 ,0.0395374, 0.00556551,0.954897,0.960463
0.04,0.74 ,0.0372098, 0.00558324,0.957207,0.96279
0.04,0.75 ,0.0350135, 0.00560125,0.959385,0.964987
0.04,0.76 ,0.0329409, 0.00561955,0.96144,0.967059
0.04,0.77 ,0.0309851, 0.00563815,0.963377,0.969015
0.04,0.78 ,0.0291394, 0.00565703,0.965204,0.970861
0.04,0.79 ,0.0273977, 0.0056762,0.966926,0.972602
0.04,0.8 ,0.0257541, 0.00569567,0.96855,0.974246
0.04,0.81 ,0.0242031, 0.00571542,0.970081,0.975797
0.04,0.82 ,0.0227397, 0.00573547,0.971525,0.97726
0.04,0.83 ,0.0213588, 0.00575581,0.972885,0.978641
0.04,0.84 ,0.0200561, 0.00577644,0.974167,0.979944
0.04,0.85 ,0.0188272, 0.00579736,0.975375,0.981173
0.04,0.86 ,0.017668, 0.00581857,0.976513,0.982332
0.04,0.87 ,0.0165748, 0.00584008,0.977585,0.983425
0.04,0.88 ,0.0155439, 0.00586187,0.978594,0.984456
0.04,0.89 ,0.0145719, 0.00588395,0.979544,0.985428
0.04,0.9 ,0.0136556, 0.00590632,0.980438,0.986344
0.04,0.91 ,0.012792, 0.00592897,0.981279,0.987208
0.04,0.92 ,0.0119782, 0.00595191,0.98207,0.988022
0.04,0.93 ,0.0112115, 0.00597514,0.982813,0.988788
0.04,0.94 ,0.0104894, 0.00599865,0.983512,0.989511
0.04,0.95 ,0.0098094, 0.00602244,0.984168,0.990191
0.04,0.96 ,0.00916923, 0.00604651,0.984784,0.990831
0.04,0.97 ,0.00856674, 0.00607086,0.985362,0.991433
0.04,0.98 ,0.00799986, 0.00609548,0.985905,0.992
0.04,0.99 ,0.00746666, 0.00612038,0.986413,0.992533
0.04,1 ,0.0069653, 0.00614555,0.986889,0.993035
0.05,0 ,0.992825, 0.0048439,0.00233062,0.00717452
0.05,0.01 ,0.992686, 0.00484915,0.00246463,0.00731377
0.05,0.02 ,0.992534, 0.00485446,0.00261127,0.00746573
0.05,0.03 ,0.992368, 0.00485985,0.00277238,0.00763223
0.05,0.04 ,0.992185, 0.00486531,0.00295018,0.0078155
0.05,0.05 ,0.991982, 0.00487085,0.00314736,0.0080182
0.05,0.06 ,0.991756, 0.00487646,0.00336718,0.00824364
0.05,0.07 ,0.991504, 0.00488215,0.00361373,0.00849588
0.05,0.08 ,0.99122, 0.00488792,0.0038921,0.00878002
0.05,0.09 ,0.990897, 0.00489377,0.00420878,0.00910255
0.05,0.1 ,0.990528, 0.0048997,0.00457212,0.00947182
0.05,0.11 ,0.990101, 0.00490572,0.00499307,0.00989879
0.05,0.12 ,0.989602, 0.00491183,0.00548629,0.0103981
0.05,0.13 ,0.98901, 0.00491802,0.00607181,0.0109898
0.05,0.14 ,0.988298, 0.00492431,0.00677774,0.011702
0.05,0.15 ,0.987425, 0.00493068,0.00764473,0.0125754
0.05,0.16 ,0.986329, 0.00493716,0.0087337,0.0136709
0.05,0.17 ,0.984916, 0.00494373,0.0101401,0.0150838
0.05,0.18 ,0.983028, 0.0049504,0.0120212,0.0169716
0.05,0.19 ,0.980389, 0.00495717,0.0146542,0.0196113
0.05,0.2 ,0.976469, 0.00496405,0.0185666,0.0235306
0.05,0.21 ,0.970169, 0.00497103,0.0248601,0.0298311
0.05,0.22 ,0.958991, 0.00497812,0.0360306,0.0410088
0.05,0.23 ,0.937531, 0.00498533,0.0574839,0.0624692
0.05,0.24 ,0.899224, 0.00499265,0.095783,0.100776
0.05,0.25 ,0.846846, 0.00500009,0.148154,0.153154
0.05,0.26 ,0.79003, 0.00500765,0.204962,0.20997
0.05,0.27 ,0.734501, 0.00501533,0.260484,0.265499
0.05,0.28 ,0.682271, 0.00502314,0.312705,0.317729
0.05,0.29 ,0.633851, 0.00503108,0.361118,0.366149
0.05,0.3 ,0.589212, 0.00503915,0.405749,0.410788
0.05,0.31 ,0.548137, 0.00504736,0.446816,0.451863
0.05,0.32 ,0.510353, 0.00505571,0.484591,0.489647
0.05,0.33 ,0.475577, 0.0050642,0.519359,0.524423
0.05,0.34 ,0.44354, 0.00507284,0.551387,0.55646
0.05,0.35 ,0.413994, 0.00508163,0.580924,0.586006
0.05,0.36 ,0.386712, 0.00509058,0.608197,0.613288
0.05,0.37 ,0.36149, 0.00509968,0.633411,0.63851
0.05,0.38 ,0.338143, 0.00510894,0.656748,0.661857
0.05,0.39 ,0.316508, 0.00511837,0.678374,0.683492
0.05,0.4 ,0.296434, 0.00512797,0.698438,0.703566
0.05,0.41 ,0.27779, 0.00513775,0.717072,0.72221
0.05,0.42 ,0.260454, 0.0051477,0.734398,0.739546
0.05,0.43 ,0.24432, 0.00515784,0.750522,0.75568
0.05,0.44 ,0.229289, 0.00516816,0.765543,0.770711
0.05,0.45 ,0.215273, 0.00517868,0.779549,0.784727
0.05,0.46 ,0.202192, 0.00518939,0.792619,0.797808
0.05,0.47 ,0.189974, 0.0052003,0.804826,0.810026
0.05,0.48 ,0.178553, 0.00521142,0.816235,0.821447
0.05,0.49 ,0.16787, 0.00522274,0.826907,0.83213
0.05,0.5 ,0.15787, 0.00523428,0.836896,0.84213
0.05,0.51 ,0.148502, 0.00524603,0.846252,0.851498
0.05,0.52 ,0.139722, 0.00525801,0.85502,0.860278
0.05,0.53 ,0.131488, 0.00527021,0.863241,0.868512
0.05,0.54 ,0.123762, 0.00528265,0.870955,0.876238
0.05,0.55 ,0.116509, 0.00529531,0.878196,0.883491
0.05,0.56 ,0.109696, 0.00530822,0.884996,0.890304
0.05,0.57 ,0.103293, 0.00532137,0.891385,0.896707
0.05,0.58 ,0.0972745, 0.00533476,0.897391,0.902726
0.05,0.59 ,0.0916139, 0.0053484,0.903038,0.908386
0.05,0.6 ,0.0862882, 0.00536229,0.90835,0.913712
0.05,0.61 ,0.0812759, 0.00537644,0.913348,0.918724
0.05,0.62 ,0.0765569, 0.00539086,0.918052,0.923443
0.05,0.63 ,0.0721129, 0.00540553,0.922482,0.927887
0.05,0.64 ,0.0679266, 0.00542047,0.926653,0.932073
0.05,0.65 ,0.0639821, 0.00543567,0.930582,0.936018
0.05,0.66 ,0.0602645, 0.00545115,0.934284,0.939736
0.05,0.67 ,0.0567601, 0.0054669,0.937773,0.94324
0.05,0.68 ,0.0534559, 0.00548293,0.941061,0.946544
0.05,0.69 ,0.0503401, 0.00549924,0.944161,0.94966
0.05,0.7 ,0.0474014, 0.00551583,0.947083,0.952599
0.05,0.71 ,0.0446294, 0.00553269,0.949838,0.955371
0.05,0.72 ,0.0420143, 0.00554985,0.952436,0.957986
0.05,0.73 ,0.0395471, 0.00556728,0.954886,0.960453
0.05,0.74 ,0.0372191, 0.00558501,0.957196,0.962781
0.05,0.75 ,0.0350224, 0.00560302,0.959375,0.964978
0.05,0.76 ,0.0329495, 0.00562132,0.961429,0.967051
0.05,0.77 ,0.0309933, 0.00563991,0.963367,0.969007
0.05,0.78 ,0.0291473, 0.00565879,0.965194,0.970853
0.05,0.79 ,0.0274052, 0.00567796,0.966917,0.972595
0.05,0.8 ,0.0257613, 0.00569742,0.968541,0.974239
0.05,0.81 ,0.02421, 0.00571718,0.970073,0.97579
0.05,0.82 ,0.0227462, 0.00573722,0.971517,0.977254
0.05,0.83 ,0.0213651, 0.00575756,0.972877,0.978635
0.05,0.84 ,0.0200622, 0.00577819,0.97416,0.979938
0.05,0.85 ,0.018833, 0.00579911,0.975368,0.981167
0.05,0.86 ,0.0176735, 0.00582032,0.976506,0.982326
0.05,0.87 ,0.0165801, 0.00584182,0.977578,0.98342
0.05,0.88 ,0.0155489, 0.00586361,0.978587,0.984451
0.05,0.89 ,0.0145767, 0.00588568,0.979538,0.985423
0.05,0.9 ,0.0136602, 0.00590805,0.980432,0.98634
0.05,0.91 ,0.0127964, 0.0059307,0.981273,0.987204
0.05,0.92 ,0.0119824, 0.00595364,0.982064,0.988018
0.05,0.93 ,0.0112155, 0.00597686,0.982808,0.988785
0.05,0.94 ,0.0104932, 0.00600037,0.983506,0.989507
0.05,0.95 ,0.009813, 0.00602415,0.984163,0.990187
0.05,0.96 ,0.00917266, 0.00604822,0.984779,0.990827
0.05,0.97 ,0.00857, 0.00607257,0.985357,0.99143
0.05,0.98 ,0.00800296, 0.00609719,0.9859,0.991997
0.05,0.99 ,0.00746961, 0.00612209,0.986408,0.99253
0.05,1 ,0.0069681, 0.00614726,0.986885,0.993032
0.06,0 ,0.992743, 0.00484576,0.00241145,0.00725721
0.06,0.01 ,0.992604, 0.004851,0.00254544,0.00739644
0.06,0.02 ,0.992452, 0.00485632,0.00269206,0.00754838
0.06,0.03 ,0.992285, 0.00486171,0.00285316,0.00771487
0.06,0.04 ,0.992102, 0.00486717,0.00303095,0.00789812
0.06,0.05 ,0.991899, 0.00487271,0.00322809,0.0081008
0.06,0.06 ,0.991674, 0.00487832,0.00344789,0.00832621
0.06,0.07 ,0.991422, 0.00488401,0.00369441,0.00857842
0.06,0.08 ,0.991137, 0.00488977,0.00397274,0.00886252
0.06,0.09 ,0.990815, 0.00489562,0.00428937,0.009185
0.06,0.1 ,0.990446, 0.00490156,0.00465265,0.00955421
0.06,0.11 ,0.990019, 0.00490758,0.00507353,0.0099811
0.06,0.12 ,0.98952, 0.00491368,0.00556665,0.0104803
0.06,0.13 ,0.988928, 0.00491987,0.00615204,0.0110719
0.06,0.14 ,0.988216, 0.00492616,0.00685779,0.0117839
0.06,0.15 ,0.987343, 0.00493254,0.00772452,0.0126571
0.06,0.16 ,0.986248, 0.00493901,0.00881312,0.0137521
0.06,0.17 ,0.984836, 0.00494558,0.0102189,0.0151645
0.06,0.18 ,0.982949, 0.00495225,0.0120992,0.0170514
0.06,0.19 ,0.98031, 0.00495902,0.0147306,0.0196896
0.06,0.2 ,0.976394, 0.0049659,0.0186401,0.023606
0.06,0.21 ,0.970099, 0.00497288,0.0249278,0.0299007
0.06,0.22 ,0.958935, 0.00497998,0.0360852,0.0410652
0.06,0.23 ,0.937503, 0.00498718,0.0575099,0.0624971
0.06,0.24 ,0.899237, 0.0049945,0.0957683,0.100763
0.06,0.25 ,0.846887, 0.00500194,0.148111,0.153113
0.06,0.26 ,0.790083, 0.0050095,0.204907,0.209917
0.06,0.27 ,0.734558, 0.00501718,0.260425,0.265442
0.06,0.28 ,0.682329, 0.00502499,0.312646,0.317671
0.06,0.29 ,0.633908, 0.00503293,0.361059,0.366092
0.06,0.3 ,0.589267, 0.005041,0.405692,0.410733
0.06,0.31 ,0.548191, 0.00504921,0.44676,0.451809
0.06,0.32 ,0.510405, 0.00505755,0.484537,0.489595
0.06,0.33 ,0.475627, 0.00506605,0.519307,0.524373
0.06,0.34 ,0.443589, 0.00507468,0.551336,0.556411
0.06,0.35 ,0.414041, 0.00508347,0.580876,0.585959
0.06,0.36 ,0.386757, 0.00509242,0.608151,0.613243
0.06,0.37 ,0.361533, 0.00510152,0.633365,0.638467
0.06,0.38 ,0.338185, 0.00511078,0.656704,0.661815
0.06,0.39 ,0.316548, 0.00512021,0.678332,0.683452
0.06,0.4 ,0.296473, 0.00512981,0.698397,0.703527
0.06,0.41 ,0.277827, 0.00513959,0.717034,0.722173
0.06,0.42 ,0.26049, 0.00514954,0.73436,0.73951
0.06,0.43 ,0.244354, 0.00515968,0.750486,0.755646
0.06,0.44 ,0.229322, 0.00517,0.765508,0.770678
0.06,0.45 ,0.215304, 0.00518051,0.779515,0.784696
0.06,0.46 ,0.202222, 0.00519122,0.792586,0.797778
0.06,0.47 ,0.190003, 0.00520213,0.804795,0.809997
0.06,0.48 ,0.178582, 0.00521325,0.816205,0.821418
0.06,0.49 ,0.167897, 0.00522457,0.826878,0.832103
0.06,0.5 ,0.157896, 0.00523611,0.836868,0.842104
0.06,0.51 ,0.148527, 0.00524786,0.846225,0.851473
0.06,0.52 ,0.139746, 0.00525984,0.854994,0.860254
0.06,0.53 ,0.131512, 0.00527204,0.863216,0.868488
0.06,0.54 ,0.123784, 0.00528447,0.870931,0.876216
0.06,0.55 ,0.11653, 0.00529714,0.878173,0.88347
0.06,0.56 ,0.109716, 0.00531004,0.884974,0.890284
0.06,0.57 ,0.103313, 0.00532319,0.891364,0.896687
0.06,0.58 ,0.0972934, 0.00533658,0.89737,0.902707
0.06,0.59 ,0.0916321, 0.00535022,0.903018,0.908368
0.06,0.6 ,0.0863057, 0.00536411,0.90833,0.913694
0.06,0.61 ,0.0812927, 0.00537826,0.913329,0.918707
0.06,0.62 ,0.0765731, 0.00539267,0.918034,0.923427
0.06,0.63 ,0.0721284, 0.00540734,0.922464,0.927872
0.06,0.64 ,0.0679415, 0.00542228,0.926636,0.932058
0.06,0.65 ,0.0639964, 0.00543748,0.930566,0.936004
0.06,0.66 ,0.0602782, 0.00545296,0.934269,0.939722
0.06,0.67 ,0.0567732, 0.00546871,0.937758,0.943227
0.06,0.68 ,0.0534686, 0.00548473,0.941047,0.946531
0.06,0.69 ,0.0503522, 0.00550104,0.944147,0.949648
0.06,0.7 ,0.0474131, 0.00551762,0.947069,0.952587
0.06,0.71 ,0.0446406, 0.00553449,0.949825,0.955359
0.06,0.72 ,0.0420251, 0.00555164,0.952423,0.957975
0.06,0.73 ,0.0395574, 0.00556907,0.954874,0.960443
0.06,0.74 ,0.037229, 0.0055868,0.957184,0.962771
0.06,0.75 ,0.0350318, 0.00560481,0.959363,0.964968
0.06,0.76 ,0.0329585, 0.0056231,0.961418,0.967041
0.06,0.77 ,0.031002, 0.00564169,0.963356,0.968998
0.06,0.78 ,0.0291556, 0.00566057,0.965184,0.970844
0.06,0.79 ,0.0274132, 0.00567974,0.966907,0.972587
0.06,0.8 ,0.0257689, 0.0056992,0.968532,0.974231
0.06,0.81 ,0.0242173, 0.00571895,0.970064,0.975783
0.06,0.82 ,0.0227532, 0.00573899,0.971508,0.977247
0.06,0.83 ,0.0213718, 0.00575933,0.972869,0.978628
0.06,0.84 ,0.0200685, 0.00577995,0.974152,0.979931
0.06,0.85 ,0.018839, 0.00580087,0.97536,0.981161
0.06,0.86 ,0.0176793, 0.00582208,0.976499,0.982321
0.06,0.87 ,0.0165856, 0.00584357,0.977571,0.983414
0.06,0.88 ,0.0155542, 0.00586536,0.97858,0.984446
0.06,0.89 ,0.0145817, 0.00588744,0.979531,0.985418
0.06,0.9 ,0.013665, 0.0059098,0.980425,0.986335
0.06,0.91 ,0.012801, 0.00593245,0.981267,0.987199
0.06,0.92 ,0.0119868, 0.00595539,0.982058,0.988013
0.06,0.93 ,0.0112197, 0.00597861,0.982802,0.98878
0.06,0.94 ,0.0104972, 0.00600211,0.983501,0.989503
0.06,0.95 ,0.00981678, 0.00602589,0.984157,0.990183
0.06,0.96 ,0.00917626, 0.00604996,0.984774,0.990824
0.06,0.97 ,0.00857342, 0.0060743,0.985352,0.991427
0.06,0.98 ,0.00800622, 0.00609892,0.985895,0.991994
0.06,0.99 ,0.0074727, 0.00612381,0.986403,0.992527
0.06,1 ,0.00697104, 0.00614898,0.98688,0.993029
0.07,0 ,0.992654, 0.00484764,0.0024985,0.00734613
0.07,0.01 ,0.992515, 0.00485289,0.00263247,0.00748536
0.07,0.02 ,0.992363, 0.0048582,0.00277908,0.00763728
0.07,0.03 ,0.992196, 0.00486359,0.00294016,0.00780375
0.07,0.04 ,0.992013, 0.00486905,0.00311792,0.00798697
0.07,0.05 ,0.99181, 0.00487459,0.00331505,0.00818963
0.07,0.06 ,0.991585, 0.0048802,0.00353482,0.00841501
0.07,0.07 ,0.991333, 0.00488589,0.0037813,0.00866718
0.07,0.08 ,0.991049, 0.00489165,0.00405959,0.00895124
0.07,0.09 ,0.990726, 0.0048975,0.00437617,0.00927367
0.07,0.1 ,0.990357, 0.00490344,0.00473938,0.00964282
0.07,0.11 ,0.98993, 0.00490945,0.00516018,0.0100696
0.07,0.12 ,0.989431, 0.00491556,0.00565319,0.0105688
0.07,0.13 ,0.98884, 0.00492175,0.00623844,0.0111602
0.07,0.14 ,0.988128, 0.00492804,0.006944,0.011872
0.07,0.15 ,0.987255, 0.00493441,0.00781045,0.0127449
0.07,0.16 ,0.98616, 0.00494089,0.00889866,0.0138395
0.07,0.17 ,0.984749, 0.00494746,0.0103039,0.0152513
0.07,0.18 ,0.982863, 0.00495413,0.0121831,0.0171373
0.07,0.19 ,0.980226, 0.0049609,0.0148129,0.0197738
0.07,0.2 ,0.976313, 0.00496777,0.0187194,0.0236872
0.07,0.21 ,0.970024, 0.00497476,0.0250009,0.0299756
0.07,0.22 ,0.958874, 0.00498185,0.0361442,0.041126
0.07,0.23 ,0.937473, 0.00498905,0.0575382,0.0625273
0.07,0.24 ,0.899251, 0.00499637,0.0957528,0.100749
0.07,0.25 ,0.846931, 0.00500381,0.148065,0.153069
0.07,0.26 ,0.79014, 0.00501137,0.204849,0.20986
0.07,0.27 ,0.734619, 0.00501905,0.260362,0.265381
0.07,0.28 ,0.682391, 0.00502686,0.312582,0.317609
0.07,0.29 ,0.633969, 0.0050348,0.360996,0.366031
0.07,0.3 ,0.589327, 0.00504287,0.40563,0.410673
0.07,0.31 ,0.548249, 0.00505108,0.4467,0.451751
0.07,0.32 ,0.510461, 0.00505942,0.484479,0.489539
0.07,0.33 ,0.475682, 0.00506791,0.519251,0.524318
0.07,0.34 ,0.443641, 0.00507655,0.551282,0.556359
0.07,0.35 ,0.414091, 0.00508534,0.580824,0.585909
0.07,0.36 ,0.386805, 0.00509428,0.6081,0.613195
0.07,0.37 ,0.361579, 0.00510338,0.633317,0.638421
0.07,0.38 ,0.33823, 0.00511265,0.656658,0.66177
0.07,0.39 ,0.316591, 0.00512208,0.678287,0.683409
0.07,0.4 ,0.296514, 0.00513168,0.698354,0.703486
0.07,0.41 ,0.277866, 0.00514145,0.716992,0.722134
0.07,0.42 ,0.260528, 0.0051514,0.73432,0.739472
0.07,0.43 ,0.244391, 0.00516154,0.750448,0.755609
0.07,0.44 ,0.229357, 0.00517186,0.765471,0.770643
0.07,0.45 ,0.215338, 0.00518237,0.779479,0.784662
0.07,0.46 ,0.202255, 0.00519308,0.792552,0.797745
0.07,0.47 ,0.190035, 0.00520399,0.804761,0.809965
0.07,0.48 ,0.178612, 0.0052151,0.816173,0.821388
0.07,0.49 ,0.167926, 0.00522643,0.826847,0.832074
0.07,0.5 ,0.157923, 0.00523796,0.836839,0.842077
0.07,0.51 ,0.148554, 0.00524971,0.846196,0.851446
0.07,0.52 ,0.139772, 0.00526169,0.854966,0.860228
0.07,0.53 ,0.131536, 0.00527389,0.86319,0.868464
0.07,0.54 ,0.123808, 0.00528632,0.870906,0.876192
0.07,0.55 ,0.116553, 0.00529898,0.878148,0.883447
0.07,0.56 ,0.109738, 0.00531188,0.88495,0.890262
0.07,0.57 ,0.103334, 0.00532503,0.891341,0.896666
0.07,0.58 ,0.0973136, 0.00533842,0.897348,0.902686
0.07,0.59 ,0.0916515, 0.00535206,0.902996,0.908349
0.07,0.6 ,0.0863243, 0.00536595,0.90831,0.913676
0.07,0.61 ,0.0813106, 0.0053801,0.913309,0.918689
0.07,0.62 ,0.0765903, 0.0053945,0.918015,0.92341
0.07,0.63 ,0.0721449, 0.00540917,0.922446,0.927855
0.07,0.64 ,0.0679574, 0.00542411,0.926619,0.932043
0.07,0.65 ,0.0640116, 0.00543931,0.930549,0.935988
0.07,0.66 ,0.0602928, 0.00545479,0.934252,0.939707
0.07,0.67 ,0.0567873, 0.00547053,0.937742,0.943213
0.07,0.68 ,0.053482, 0.00548656,0.941031,0.946518
0.07,0.69 ,0.0503651, 0.00550286,0.944132,0.949635
0.07,0.7 ,0.0474254, 0.00551944,0.947055,0.952575
0.07,0.71 ,0.0446524, 0.00553631,0.949811,0.955348
