Betapv,Betamv,V,Rs,Rv,P
0,0 ,0.899715, 0.0982853,0.002,0.100285
0,0.01 ,0.894679, 0.100558,0.00476293,0.105321
0,0.02 ,0.889207, 0.102916,0.00787692,0.110793
0,0.03 ,0.883252, 0.105361,0.0113874,0.116748
0,0.04 ,0.87676, 0.107895,0.0153456,0.12324
0,0.05 ,0.869673, 0.110518,0.0198093,0.130327
0,0.06 ,0.861925, 0.113232,0.0248429,0.138075
0,0.07 ,0.853446, 0.116035,0.0305182,0.146554
0,0.08 ,0.844158, 0.118928,0.0369144,0.155842
0,0.09 ,0.833975, 0.121908,0.0441176,0.166025
0,0.1 ,0.822809, 0.124971,0.0522201,0.177191
0,0.11 ,0.810567, 0.128115,0.0613186,0.189433
0,0.12 ,0.797156, 0.131333,0.0715113,0.202844
0,0.13 ,0.782488, 0.134619,0.0828934,0.217512
0,0.14 ,0.766484, 0.137965,0.0955512,0.233516
0,0.15 ,0.749084, 0.141362,0.109554,0.250916
0,0.16 ,0.730254, 0.144799,0.124946,0.269746
0,0.17 ,0.709999, 0.148266,0.141735,0.290001
0,0.18 ,0.688368, 0.151751,0.159881,0.311632
0,0.19 ,0.665462, 0.155242,0.179297,0.334538
0,0.2 ,0.641436, 0.158726,0.199839,0.358564
0,0.21 ,0.616494, 0.162193,0.221314,0.383506
0,0.22 ,0.590878, 0.165632,0.243491,0.409122
0,0.23 ,0.564854, 0.169033,0.266114,0.435146
0,0.24 ,0.538691, 0.172388,0.288921,0.461309
0,0.25 ,0.512651, 0.17569,0.311659,0.487349
0,0.26 ,0.486966, 0.178934,0.3341,0.513034
0,0.27 ,0.461837, 0.182115,0.356047,0.538163
0,0.28 ,0.437428, 0.185231,0.377341,0.562572
0,0.29 ,0.413861, 0.188279,0.39786,0.586139
0,0.3 ,0.391226, 0.191258,0.417516,0.608774
0,0.31 ,0.369578, 0.194169,0.436253,0.630422
0,0.32 ,0.348949, 0.197011,0.454041,0.651051
0,0.33 ,0.329347, 0.199785,0.470869,0.670653
0,0.34 ,0.310764, 0.202493,0.486744,0.689236
0,0.35 ,0.29318, 0.205135,0.501684,0.70682
0,0.36 ,0.276567, 0.207715,0.515718,0.723433
0,0.37 ,0.260888, 0.210233,0.52888,0.739112
0,0.38 ,0.246103, 0.212691,0.541206,0.753897
0,0.39 ,0.232171, 0.215092,0.552738,0.767829
0,0.4 ,0.219048, 0.217437,0.563515,0.780952
0,0.41 ,0.206691, 0.219729,0.57358,0.793309
0,0.42 ,0.195058, 0.221968,0.582973,0.804942
0,0.43 ,0.184108, 0.224158,0.591734,0.815892
0,0.44 ,0.1738, 0.2263,0.5999,0.8262
0,0.45 ,0.164096, 0.228396,0.607508,0.835904
0,0.46 ,0.15496, 0.230447,0.614592,0.84504
0,0.47 ,0.146358, 0.232456,0.621186,0.853642
0,0.48 ,0.138257, 0.234422,0.62732,0.861743
0,0.49 ,0.130627, 0.236349,0.633024,0.869373
0,0.5 ,0.123438, 0.238238,0.638324,0.876562
0,0.51 ,0.116663, 0.24009,0.643247,0.883337
0,0.52 ,0.110278, 0.241906,0.647816,0.889722
0,0.53 ,0.104258, 0.243687,0.652055,0.895742
0,0.54 ,0.098581, 0.245435,0.655984,0.901419
0,0.55 ,0.0932264, 0.247152,0.659622,0.906774
0,0.56 ,0.0881747, 0.248837,0.662989,0.911825
0,0.57 ,0.0834076, 0.250492,0.666101,0.916592
0,0.58 ,0.078908, 0.252118,0.668974,0.921092
0,0.59 ,0.0746601, 0.253716,0.671624,0.92534
0,0.6 ,0.0706488, 0.255287,0.674065,0.929351
0,0.61 ,0.0668603, 0.256831,0.676309,0.93314
0,0.62 ,0.0632814, 0.25835,0.678368,0.936719
0,0.63 ,0.0599, 0.259845,0.680255,0.9401
0,0.64 ,0.0567045, 0.261315,0.681981,0.943295
0,0.65 ,0.0536843, 0.262762,0.683554,0.946316
0,0.66 ,0.0508292, 0.264187,0.684984,0.949171
0,0.67 ,0.0481299, 0.26559,0.68628,0.95187
0,0.68 ,0.0455774, 0.266971,0.687451,0.954423
0,0.69 ,0.0431636, 0.268332,0.688504,0.956836
0,0.7 ,0.0408805, 0.269673,0.689446,0.95912
0,0.71 ,0.0387208, 0.270995,0.690284,0.961279
0,0.72 ,0.0366778, 0.272297,0.691025,0.963322
0,0.73 ,0.0347448, 0.273581,0.691674,0.965255
0,0.74 ,0.0329159, 0.274847,0.692237,0.967084
0,0.75 ,0.0311852, 0.276096,0.692719,0.968815
0,0.76 ,0.0295475, 0.277328,0.693125,0.970453
0,0.77 ,0.0279976, 0.278543,0.69346,0.972002
0,0.78 ,0.0265307, 0.279742,0.693728,0.973469
0,0.79 ,0.0251424, 0.280925,0.693933,0.974858
0,0.8 ,0.0238285, 0.282092,0.694079,0.976172
0,0.81 ,0.0225848, 0.283245,0.69417,0.977415
0,0.82 ,0.0214077, 0.284383,0.694209,0.978592
0,0.83 ,0.0202935, 0.285507,0.694199,0.979707
0,0.84 ,0.0192389, 0.286617,0.694144,0.980761
0,0.85 ,0.0182408, 0.287713,0.694046,0.981759
0,0.86 ,0.0172961, 0.288797,0.693907,0.982704
0,0.87 ,0.016402, 0.289867,0.693731,0.983598
0,0.88 ,0.0155558, 0.290924,0.69352,0.984444
0,0.89 ,0.014755, 0.291969,0.693276,0.985245
0,0.9 ,0.0139972, 0.293002,0.693001,0.986003
0,0.91 ,0.01328, 0.294023,0.692697,0.98672
0,0.92 ,0.0126015, 0.295032,0.692367,0.987399
0,0.93 ,0.0119595, 0.29603,0.692011,0.988041
0,0.94 ,0.0113521, 0.297017,0.691631,0.988648
0,0.95 ,0.0107774, 0.297992,0.69123,0.989223
0,0.96 ,0.0102339, 0.298958,0.690808,0.989766
0,0.97 ,0.00971979, 0.299912,0.690368,0.99028
0,0.98 ,0.00923356, 0.300857,0.689909,0.990766
0,0.99 ,0.00877376, 0.301791,0.689435,0.991226
0,1 ,0.00833898, 0.302716,0.688945,0.991661
0.01,0 ,0.899504, 0.0983571,0.00213872,0.100496
0.01,0.01 ,0.894471, 0.100628,0.00490025,0.105529
0.01,0.02 ,0.889003, 0.102985,0.00801258,0.110997
0.01,0.03 ,0.88305, 0.105428,0.0115211,0.11695
0.01,0.04 ,0.876562, 0.107961,0.015477,0.123438
0.01,0.05 ,0.86948, 0.110582,0.019938,0.13052
0.01,0.06 ,0.861737, 0.113294,0.0249685,0.138263
0.01,0.07 ,0.853264, 0.116096,0.0306401,0.146736
0.01,0.08 ,0.843981, 0.118987,0.0370321,0.156019
0.01,0.09 ,0.833805, 0.121965,0.0442303,0.166195
0.01,0.1 ,0.822647, 0.125026,0.0523271,0.177353
0.01,0.11 ,0.810413, 0.128168,0.061419,0.189587
0.01,0.12 ,0.797012, 0.131384,0.071604,0.202988
0.01,0.13 ,0.782354, 0.134668,0.0829776,0.217646
0.01,0.14 ,0.766362, 0.138012,0.0956258,0.233638
0.01,0.15 ,0.748974, 0.141407,0.109618,0.251026
0.01,0.16 ,0.730158, 0.144843,0.124999,0.269842
0.01,0.17 ,0.709918, 0.148308,0.141774,0.290082
0.01,0.18 ,0.688301, 0.151791,0.159908,0.311699
0.01,0.19 ,0.66541, 0.15528,0.17931,0.33459
0.01,0.2 ,0.641399, 0.158763,0.199839,0.358601
0.01,0.21 ,0.616471, 0.162228,0.221301,0.383529
0.01,0.22 ,0.590869, 0.165665,0.243466,0.409131
0.01,0.23 ,0.564857, 0.169065,0.266078,0.435143
0.01,0.24 ,0.538706, 0.172419,0.288875,0.461294
0.01,0.25 ,0.512675, 0.17572,0.311605,0.487325
0.01,0.26 ,0.486999, 0.178963,0.334038,0.513001
0.01,0.27 ,0.461877, 0.182143,0.35598,0.538123
0.01,0.28 ,0.437474, 0.185258,0.377269,0.562526
0.01,0.29 ,0.413911, 0.188305,0.397784,0.586089
0.01,0.3 ,0.391279, 0.191283,0.417437,0.608721
0.01,0.31 ,0.369634, 0.194193,0.436173,0.630366
0.01,0.32 ,0.349006, 0.197034,0.453959,0.650994
0.01,0.33 ,0.329405, 0.199808,0.470787,0.670595
0.01,0.34 ,0.310823, 0.202515,0.486662,0.689177
0.01,0.35 ,0.29324, 0.205157,0.501603,0.70676
0.01,0.36 ,0.276626, 0.207736,0.515638,0.723374
0.01,0.37 ,0.260946, 0.210253,0.5288,0.739054
0.01,0.38 ,0.246161, 0.212711,0.541128,0.753839
0.01,0.39 ,0.232227, 0.215112,0.552661,0.767773
0.01,0.4 ,0.219103, 0.217457,0.56344,0.780897
0.01,0.41 ,0.206745, 0.219748,0.573507,0.793255
0.01,0.42 ,0.195111, 0.221987,0.582902,0.804889
0.01,0.43 ,0.184159, 0.224177,0.591664,0.815841
0.01,0.44 ,0.17385, 0.226318,0.599832,0.82615
0.01,0.45 ,0.164145, 0.228414,0.607441,0.835855
0.01,0.46 ,0.155008, 0.230465,0.614528,0.844992
0.01,0.47 ,0.146404, 0.232472,0.621123,0.853596
0.01,0.48 ,0.138302, 0.234439,0.627259,0.861698
0.01,0.49 ,0.13067, 0.236366,0.632964,0.86933
0.01,0.5 ,0.123479, 0.238254,0.638266,0.876521
0.01,0.51 ,0.116703, 0.240106,0.643191,0.883297
0.01,0.52 ,0.110317, 0.241921,0.647762,0.889683
0.01,0.53 ,0.104295, 0.243702,0.652002,0.895705
0.01,0.54 ,0.0986173, 0.24545,0.655932,0.901383
0.01,0.55 ,0.0932615, 0.247166,0.659572,0.906739
0.01,0.56 ,0.0882085, 0.248851,0.66294,0.911791
0.01,0.57 ,0.0834402, 0.250506,0.666054,0.91656
0.01,0.58 ,0.0789395, 0.252132,0.668929,0.921061
0.01,0.59 ,0.0746904, 0.25373,0.67158,0.92531
0.01,0.6 ,0.070678, 0.2553,0.674022,0.929322
0.01,0.61 ,0.0668884, 0.256844,0.676267,0.933112
0.01,0.62 ,0.0633085, 0.258363,0.678328,0.936691
0.01,0.63 ,0.0599261, 0.259858,0.680216,0.940074
0.01,0.64 ,0.0567296, 0.261328,0.681943,0.94327
0.01,0.65 ,0.0537085, 0.262775,0.683517,0.946292
0.01,0.66 ,0.0508525, 0.264199,0.684948,0.949148
0.01,0.67 ,0.0481523, 0.265602,0.686246,0.951848
0.01,0.68 ,0.045599, 0.266983,0.687418,0.954401
0.01,0.69 ,0.0431843, 0.268344,0.688471,0.956816
0.01,0.7 ,0.0409004, 0.269685,0.689415,0.9591
0.01,0.71 ,0.03874, 0.271006,0.690254,0.96126
0.01,0.72 ,0.0366962, 0.272309,0.690995,0.963304
0.01,0.73 ,0.0347625, 0.273593,0.691645,0.965237
0.01,0.74 ,0.0329329, 0.274859,0.692209,0.967067
0.01,0.75 ,0.0312016, 0.276107,0.692691,0.968798
0.01,0.76 ,0.0295632, 0.277338,0.693098,0.970437
0.01,0.77 ,0.0280127, 0.278553,0.693434,0.971987
0.01,0.78 ,0.0265453, 0.279752,0.693703,0.973455
0.01,0.79 ,0.0251564, 0.280935,0.693909,0.974844
0.01,0.8 ,0.0238419, 0.282103,0.694055,0.976158
0.01,0.81 ,0.0225977, 0.283255,0.694147,0.977402
0.01,0.82 ,0.0214201, 0.284393,0.694187,0.97858
0.01,0.83 ,0.0203054, 0.285517,0.694178,0.979695
0.01,0.84 ,0.0192504, 0.286627,0.694123,0.98075
0.01,0.85 ,0.0182518, 0.287723,0.694025,0.981748
0.01,0.86 ,0.0173067, 0.288806,0.693887,0.982693
0.01,0.87 ,0.0164121, 0.289876,0.693712,0.983588
0.01,0.88 ,0.0155655, 0.290933,0.693501,0.984434
0.01,0.89 ,0.0147643, 0.291978,0.693258,0.985236
0.01,0.9 ,0.0140061, 0.293011,0.692983,0.985994
0.01,0.91 ,0.0132886, 0.294031,0.69268,0.986711
0.01,0.92 ,0.0126097, 0.295041,0.69235,0.98739
0.01,0.93 ,0.0119674, 0.296038,0.691994,0.988033
0.01,0.94 ,0.0113597, 0.297025,0.691615,0.98864
0.01,0.95 ,0.0107847, 0.298001,0.691214,0.989215
0.01,0.96 ,0.0102409, 0.298966,0.690793,0.989759
0.01,0.97 ,0.00972651, 0.299921,0.690353,0.990273
0.01,0.98 ,0.00924002, 0.300865,0.689895,0.99076
0.01,0.99 ,0.00877995, 0.3018,0.689421,0.99122
0.01,1 ,0.00834492, 0.302724,0.688931,0.991655
0.02,0 ,0.899281, 0.0984315,0.00228745,0.100719
0.02,0.01 ,0.894251, 0.100701,0.00504748,0.105749
0.02,0.02 ,0.888786, 0.103056,0.00815805,0.111214
0.02,0.03 ,0.882837, 0.105498,0.0116645,0.117163
0.02,0.04 ,0.876353, 0.108029,0.015618,0.123647
0.02,0.05 ,0.869275, 0.110649,0.0200762,0.130725
0.02,0.06 ,0.861538, 0.113359,0.0251033,0.138462
0.02,0.07 ,0.85307, 0.116159,0.0307712,0.14693
0.02,0.08 ,0.843793, 0.119048,0.0371586,0.156207
0.02,0.09 ,0.833625, 0.122024,0.0443516,0.166375
0.02,0.1 ,0.822474, 0.125083,0.0524424,0.177526
0.02,0.11 ,0.81025, 0.128223,0.0615273,0.18975
0.02,0.12 ,0.796858, 0.131437,0.0717045,0.203142
0.02,0.13 ,0.782212, 0.134719,0.083069,0.217788
0.02,0.14 ,0.766231, 0.138061,0.0957072,0.233769
0.02,0.15 ,0.748857, 0.141454,0.109689,0.251143
0.02,0.16 ,0.730055, 0.144888,0.125057,0.269945
0.02,0.17 ,0.709829, 0.148351,0.141819,0.290171
0.02,0.18 ,0.688228, 0.151832,0.159939,0.311772
0.02,0.19 ,0.665353, 0.155319,0.179328,0.334647
0.02,0.2 ,0.641358, 0.1588,0.199842,0.358642
0.02,0.21 ,0.616445, 0.162264,0.221291,0.383555
0.02,0.22 ,0.590857, 0.1657,0.243443,0.409143
0.02,0.23 ,0.564859, 0.169098,0.266043,0.435141
0.02,0.24 ,0.53872, 0.172451,0.288829,0.46128
0.02,0.25 ,0.512699, 0.175751,0.31155,0.487301
0.02,0.26 ,0.487032, 0.178992,0.333976,0.512968
0.02,0.27 ,0.461918, 0.182172,0.355911,0.538082
0.02,0.28 ,0.43752, 0.185285,0.377195,0.56248
0.02,0.29 ,0.413962, 0.188331,0.397706,0.586038
0.02,0.3 ,0.391334, 0.191309,0.417357,0.608666
0.02,0.31 ,0.369691, 0.194218,0.436091,0.630309
0.02,0.32 ,0.349065, 0.197059,0.453876,0.650935
0.02,0.33 ,0.329466, 0.199832,0.470703,0.670534
0.02,0.34 ,0.310884, 0.202538,0.486578,0.689116
0.02,0.35 ,0.293301, 0.20518,0.50152,0.706699
0.02,0.36 ,0.276687, 0.207758,0.515555,0.723313
0.02,0.37 ,0.261006, 0.210275,0.528719,0.738994
0.02,0.38 ,0.24622, 0.212732,0.541048,0.75378
0.02,0.39 ,0.232286, 0.215132,0.552582,0.767714
0.02,0.4 ,0.219161, 0.217476,0.563363,0.780839
0.02,0.41 ,0.206801, 0.219767,0.573431,0.793199
0.02,0.42 ,0.195166, 0.222006,0.582828,0.804834
0.02,0.43 ,0.184213, 0.224195,0.591592,0.815787
0.02,0.44 ,0.173902, 0.226337,0.599762,0.826098
0.02,0.45 ,0.164195, 0.228432,0.607373,0.835805
0.02,0.46 ,0.155057, 0.230482,0.614461,0.844943
0.02,0.47 ,0.146452, 0.23249,0.621059,0.853548
0.02,0.48 ,0.138348, 0.234456,0.627196,0.861652
0.02,0.49 ,0.130714, 0.236383,0.632903,0.869286
0.02,0.5 ,0.123522, 0.238271,0.638207,0.876478
0.02,0.51 ,0.116745, 0.240122,0.643133,0.883255
0.02,0.52 ,0.110357, 0.241937,0.647706,0.889643
0.02,0.53 ,0.104334, 0.243718,0.651948,0.895666
0.02,0.54 ,0.0986546, 0.245466,0.65588,0.901345
0.02,0.55 ,0.0932975, 0.247181,0.659521,0.906703
0.02,0.56 ,0.0882433, 0.248866,0.662891,0.911757
0.02,0.57 ,0.0834737, 0.25052,0.666006,0.916526
0.02,0.58 ,0.0789718, 0.252146,0.668882,0.921028
0.02,0.59 ,0.0747215, 0.253744,0.671535,0.925278
0.02,0.6 ,0.070708, 0.255314,0.673978,0.929292
0.02,0.61 ,0.0669173, 0.256858,0.676225,0.933083
0.02,0.62 ,0.0633363, 0.258377,0.678287,0.936664
0.02,0.63 ,0.0599529, 0.259871,0.680176,0.940047
0.02,0.64 ,0.0567554, 0.261341,0.681904,0.943245
0.02,0.65 ,0.0537333, 0.262788,0.683479,0.946267
0.02,0.66 ,0.0508764, 0.264212,0.684912,0.949124
0.02,0.67 ,0.0481753, 0.265614,0.68621,0.951825
0.02,0.68 ,0.0456211, 0.266996,0.687383,0.954379
0.02,0.69 ,0.0432056, 0.268356,0.688438,0.956794
0.02,0.7 ,0.0409209, 0.269697,0.689382,0.959079
0.02,0.71 ,0.0387597, 0.271018,0.690222,0.96124
0.02,0.72 ,0.0367151, 0.27232,0.690965,0.963285
0.02,0.73 ,0.0347807, 0.273604,0.691615,0.965219
0.02,0.74 ,0.0329504, 0.27487,0.69218,0.96705
0.02,0.75 ,0.0312184, 0.276118,0.692663,0.968782
0.02,0.76 ,0.0295794, 0.277349,0.693071,0.970421
0.02,0.77 ,0.0280282, 0.278564,0.693408,0.971972
0.02,0.78 ,0.0265602, 0.279763,0.693677,0.97344
0.02,0.79 ,0.0251708, 0.280946,0.693884,0.974829
0.02,0.8 ,0.0238557, 0.282113,0.694031,0.976144
0.02,0.81 ,0.0226109, 0.283266,0.694124,0.977389
0.02,0.82 ,0.0214328, 0.284403,0.694164,0.978567
0.02,0.83 ,0.0203176, 0.285527,0.694155,0.979682
0.02,0.84 ,0.0192621, 0.286637,0.694101,0.980738
0.02,0.85 ,0.0182631, 0.287733,0.694004,0.981737
0.02,0.86 ,0.0173175, 0.288816,0.693867,0.982683
0.02,0.87 ,0.0164225, 0.289885,0.693692,0.983577
0.02,0.88 ,0.0155755, 0.290942,0.693482,0.984424
0.02,0.89 ,0.0147739, 0.291987,0.693239,0.985226
0.02,0.9 ,0.0140153, 0.29302,0.692965,0.985985
0.02,0.91 ,0.0132975, 0.29404,0.692662,0.986703
0.02,0.92 ,0.0126182, 0.295049,0.692332,0.987382
0.02,0.93 ,0.0119755, 0.296047,0.691977,0.988024
0.02,0.94 ,0.0113675, 0.297034,0.691599,0.988633
0.02,0.95 ,0.0107922, 0.298009,0.691198,0.989208
0.02,0.96 ,0.0102481, 0.298974,0.690777,0.989752
0.02,0.97 ,0.00973339, 0.299929,0.690338,0.990267
0.02,0.98 ,0.00924662, 0.300873,0.68988,0.990753
0.02,0.99 ,0.00878628, 0.301808,0.689406,0.991214
0.02,1 ,0.008351, 0.302732,0.688917,0.991649
0.03,0 ,0.899044, 0.0985086,0.00244718,0.100956
0.03,0.01 ,0.894017, 0.100777,0.00520561,0.105983
0.03,0.02 ,0.888555, 0.10313,0.00831432,0.111445
0.03,0.03 ,0.882611, 0.105571,0.0118186,0.117389
0.03,0.04 ,0.876131, 0.1081,0.0157696,0.123869
0.03,0.05 ,0.869057, 0.110718,0.0202247,0.130943
0.03,0.06 ,0.861325, 0.113426,0.0252484,0.138675
0.03,0.07 ,0.852864, 0.116224,0.0309122,0.147136
0.03,0.08 ,0.843594, 0.119111,0.0372949,0.156406
0.03,0.09 ,0.833433, 0.122085,0.0444825,0.166567
0.03,0.1 ,0.822291, 0.125143,0.0525669,0.177709
0.03,0.11 ,0.810075, 0.12828,0.0616445,0.189925
0.03,0.12 ,0.796694, 0.131492,0.0718134,0.203306
0.03,0.13 ,0.782059, 0.134772,0.0831685,0.217941
0.03,0.14 ,0.766092, 0.138112,0.0957961,0.233908
0.03,0.15 ,0.748731, 0.141503,0.109766,0.251269
0.03,0.16 ,0.729944, 0.144934,0.125121,0.270056
0.03,0.17 ,0.709734, 0.148396,0.14187,0.290266
0.03,0.18 ,0.688149, 0.151875,0.159976,0.311851
0.03,0.19 ,0.665291, 0.15536,0.179349,0.334709
0.03,0.2 ,0.641312, 0.158839,0.199849,0.358688
0.03,0.21 ,0.616415, 0.162301,0.221283,0.383585
0.03,0.22 ,0.590843, 0.165735,0.243422,0.409157
0.03,0.23 ,0.564858, 0.169132,0.266009,0.435142
0.03,0.24 ,0.538732, 0.172484,0.288785,0.461268
0.03,0.25 ,0.512722, 0.175782,0.311496,0.487278
0.03,0.26 ,0.487064, 0.179023,0.333913,0.512936
0.03,0.27 ,0.461958, 0.182201,0.355842,0.538042
0.03,0.28 ,0.437566, 0.185314,0.37712,0.562434
0.03,0.29 ,0.414014, 0.188359,0.397628,0.585986
0.03,0.3 ,0.391389, 0.191336,0.417275,0.608611
0.03,0.31 ,0.369749, 0.194244,0.436007,0.630251
0.03,0.32 ,0.349126, 0.197084,0.453791,0.650874
0.03,0.33 ,0.329527, 0.199856,0.470617,0.670473
0.03,0.34 ,0.310946, 0.202562,0.486492,0.689054
0.03,0.35 ,0.293363, 0.205203,0.501434,0.706637
0.03,0.36 ,0.276749, 0.20778,0.515471,0.723251
0.03,0.37 ,0.261068, 0.210297,0.528635,0.738932
0.03,0.38 ,0.246281, 0.212754,0.540966,0.753719
0.03,0.39 ,0.232346, 0.215153,0.552501,0.767654
0.03,0.4 ,0.219219, 0.217497,0.563284,0.780781
0.03,0.41 ,0.206859, 0.219787,0.573354,0.793141
0.03,0.42 ,0.195222, 0.222026,0.582752,0.804778
0.03,0.43 ,0.184267, 0.224215,0.591518,0.815733
0.03,0.44 ,0.173955, 0.226355,0.59969,0.826045
0.03,0.45 ,0.164247, 0.22845,0.607303,0.835753
0.03,0.46 ,0.155107, 0.2305,0.614393,0.844893
0.03,0.47 ,0.1465, 0.232507,0.620992,0.8535
0.03,0.48 ,0.138395, 0.234473,0.627132,0.861605
0.03,0.49 ,0.13076, 0.236399,0.632841,0.86924
0.03,0.5 ,0.123566, 0.238287,0.638146,0.876434
0.03,0.51 ,0.116788, 0.240138,0.643074,0.883212
0.03,0.52 ,0.110398, 0.241953,0.647649,0.889602
0.03,0.53 ,0.104374, 0.243734,0.651892,0.895626
0.03,0.54 ,0.098693, 0.245481,0.655826,0.901307
0.03,0.55 ,0.0933345, 0.247197,0.659469,0.906665
0.03,0.56 ,0.088279, 0.248881,0.66284,0.911721
0.03,0.57 ,0.0835082, 0.250535,0.665957,0.916492
0.03,0.58 ,0.079005, 0.252161,0.668834,0.920995
0.03,0.59 ,0.0747535, 0.253758,0.671489,0.925246
0.03,0.6 ,0.0707388, 0.255328,0.673933,0.929261
0.03,0.61 ,0.066947, 0.256872,0.676181,0.933053
0.03,0.62 ,0.0633649, 0.25839,0.678245,0.936635
0.03,0.63 ,0.0599804, 0.259884,0.680135,0.94002
0.03,0.64 ,0.0567819, 0.261354,0.681864,0.943218
0.03,0.65 ,0.0537588, 0.262801,0.683441,0.946241
0.03,0.66 ,0.0509009, 0.264225,0.684874,0.949099
0.03,0.67 ,0.0481989, 0.265627,0.686174,0.951801
0.03,0.68 ,0.0456438, 0.267008,0.687348,0.954356
0.03,0.69 ,0.0432274, 0.268369,0.688404,0.956773
0.03,0.7 ,0.0409419, 0.269709,0.689349,0.959058
0.03,0.71 ,0.0387799, 0.27103,0.69019,0.96122
0.03,0.72 ,0.0367346, 0.272332,0.690933,0.963265
0.03,0.73 ,0.0347994, 0.273616,0.691585,0.965201
0.03,0.74 ,0.0329683, 0.274881,0.69215,0.967032
0.03,0.75 ,0.0312357, 0.276129,0.692635,0.968764
0.03,0.76 ,0.029596, 0.277361,0.693044,0.970404
0.03,0.77 ,0.0280442, 0.278575,0.693381,0.971956
0.03,0.78 ,0.0265755, 0.279774,0.693651,0.973425
0.03,0.79 ,0.0251855, 0.280956,0.693858,0.974815
0.03,0.8 ,0.0238698, 0.282124,0.694007,0.97613
0.03,0.81 ,0.0226245, 0.283276,0.6941,0.977376
0.03,0.82 ,0.0214458, 0.284414,0.694141,0.978554
0.03,0.83 ,0.0203301, 0.285537,0.694133,0.97967
0.03,0.84 ,0.0192741, 0.286647,0.694079,0.980726
0.03,0.85 ,0.0182746, 0.287743,0.693983,0.981725
0.03,0.86 ,0.0173285, 0.288825,0.693846,0.982671
0.03,0.87 ,0.0164331, 0.289895,0.693672,0.983567
0.03,0.88 ,0.0155857, 0.290952,0.693462,0.984414
0.03,0.89 ,0.0147837, 0.291997,0.69322,0.985216
0.03,0.9 ,0.0140247, 0.293029,0.692946,0.985975
0.03,0.91 ,0.0133065, 0.29405,0.692644,0.986694
0.03,0.92 ,0.0126269, 0.295058,0.692315,0.987373
0.03,0.93 ,0.0119838, 0.296056,0.69196,0.988016
0.03,0.94 ,0.0113754, 0.297043,0.691582,0.988625
0.03,0.95 ,0.0107999, 0.298018,0.691182,0.9892
0.03,0.96 ,0.0102554, 0.298983,0.690762,0.989745
0.03,0.97 ,0.00974043, 0.299938,0.690322,0.99026
0.03,0.98 ,0.00925337, 0.300882,0.689865,0.990747
0.03,0.99 ,0.00879276, 0.301816,0.689391,0.991207
0.03,1 ,0.00835722, 0.30274,0.688902,0.991643
0.04,0 ,0.898792, 0.0985887,0.00261904,0.101208
0.04,0.01 ,0.893769, 0.100855,0.00537575,0.106231
0.04,0.02 ,0.88831, 0.103207,0.00848247,0.11169
0.04,0.03 ,0.88237, 0.105646,0.0119844,0.11763
0.04,0.04 ,0.875894, 0.108173,0.0159327,0.124106
0.04,0.05 ,0.868826, 0.110789,0.0203847,0.131174
0.04,0.06 ,0.8611, 0.113496,0.0254047,0.1389
0.04,0.07 ,0.852644, 0.116292,0.0310642,0.147356
0.04,0.08 ,0.843381, 0.119177,0.0374419,0.156619
0.04,0.09 ,0.833228, 0.122148,0.0446237,0.166772
0.04,0.1 ,0.822095, 0.125204,0.0527015,0.177905
0.04,0.11 ,0.809889, 0.128339,0.0617715,0.190111
0.04,0.12 ,0.796519, 0.131549,0.0719316,0.203481
0.04,0.13 ,0.781896, 0.134827,0.0832768,0.218104
0.04,0.14 ,0.765942, 0.138165,0.0958933,0.234058
0.04,0.15 ,0.748596, 0.141553,0.109851,0.251404
0.04,0.16 ,0.729825, 0.144983,0.125193,0.270175
0.04,0.17 ,0.709631, 0.148442,0.141927,0.290369
0.04,0.18 ,0.688064, 0.151919,0.160018,0.311936
0.04,0.19 ,0.665222, 0.155402,0.179376,0.334778
0.04,0.2 ,0.641261, 0.158879,0.19986,0.358739
0.04,0.21 ,0.616381, 0.16234,0.221279,0.383619
0.04,0.22 ,0.590825, 0.165772,0.243403,0.409175
0.04,0.23 ,0.564855, 0.169168,0.265978,0.435145
0.04,0.24 ,0.538742, 0.172517,0.288741,0.461258
0.04,0.25 ,0.512744, 0.175815,0.311442,0.487256
0.04,0.26 ,0.487095, 0.179054,0.333851,0.512905
0.04,0.27 ,0.461997, 0.182231,0.355772,0.538003
0.04,0.28 ,0.437613, 0.185343,0.377045,0.562387
0.04,0.29 ,0.414066, 0.188387,0.397548,0.585934
0.04,0.3 ,0.391445, 0.191363,0.417192,0.608555
0.04,0.31 ,0.369809, 0.19427,0.435921,0.630191
0.04,0.32 ,0.349187, 0.197109,0.453704,0.650813
0.04,0.33 ,0.32959, 0.199881,0.470529,0.67041
0.04,0.34 ,0.31101, 0.202586,0.486404,0.68899
0.04,0.35 ,0.293427, 0.205226,0.501347,0.706573
0.04,0.36 ,0.276813, 0.207803,0.515384,0.723187
0.04,0.37 ,0.261131, 0.210319,0.52855,0.738869
0.04,0.38 ,0.246344, 0.212775,0.540881,0.753656
0.04,0.39 ,0.232407, 0.215174,0.552418,0.767593
0.04,0.4 ,0.21928, 0.217518,0.563203,0.78072
0.04,0.41 ,0.206918, 0.219807,0.573274,0.793082
0.04,0.42 ,0.19528, 0.222046,0.582675,0.80472
0.04,0.43 ,0.184324, 0.224234,0.591442,0.815676
0.04,0.44 ,0.17401, 0.226374,0.599616,0.82599
0.04,0.45 ,0.1643, 0.228469,0.607231,0.8357
0.04,0.46 ,0.155158, 0.230518,0.614323,0.844842
0.04,0.47 ,0.14655, 0.232525,0.620924,0.85345
0.04,0.48 ,0.138443, 0.234491,0.627066,0.861557
0.04,0.49 ,0.130807, 0.236417,0.632776,0.869193
0.04,0.5 ,0.123612, 0.238304,0.638084,0.876388
0.04,0.51 ,0.116831, 0.240155,0.643014,0.883169
0.04,0.52 ,0.11044, 0.24197,0.64759,0.88956
0.04,0.53 ,0.104415, 0.24375,0.651835,0.895585
0.04,0.54 ,0.0987325, 0.245497,0.65577,0.901267
0.04,0.55 ,0.0933726, 0.247212,0.659415,0.906627
0.04,0.56 ,0.0883157, 0.248896,0.662788,0.911684
0.04,0.57 ,0.0835436, 0.25055,0.665906,0.916456
0.04,0.58 ,0.0790391, 0.252175,0.668786,0.920961
0.04,0.59 ,0.0747864, 0.253772,0.671441,0.925214
0.04,0.6 ,0.0707705, 0.255342,0.673887,0.929229
0.04,0.61 ,0.0669775, 0.256886,0.676136,0.933022
0.04,0.62 ,0.0633943, 0.258404,0.678201,0.936606
0.04,0.63 ,0.0600087, 0.259898,0.680094,0.939991
0.04,0.64 ,0.0568091, 0.261367,0.681823,0.943191
0.04,0.65 ,0.053785, 0.262814,0.683401,0.946215
0.04,0.66 ,0.0509261, 0.264238,0.684836,0.949074
0.04,0.67 ,0.0482231, 0.26564,0.686137,0.951777
0.04,0.68 ,0.0456671, 0.267021,0.687312,0.954333
0.04,0.69 ,0.0432498, 0.268381,0.688369,0.95675
0.04,0.7 ,0.0409634, 0.269721,0.689315,0.959037
0.04,0.71 ,0.0388006, 0.271042,0.690157,0.961199
0.04,0.72 ,0.0367545, 0.272344,0.690902,0.963246
0.04,0.73 ,0.0348185, 0.273627,0.691554,0.965181
0.04,0.74 ,0.0329867, 0.274893,0.69212,0.967013
0.04,0.75 ,0.0312533, 0.276141,0.692606,0.968747
0.04,0.76 ,0.0296129, 0.277372,0.693015,0.970387
0.04,0.77 ,0.0280605, 0.278586,0.693353,0.97194
0.04,0.78 ,0.0265912, 0.279785,0.693624,0.973409
0.04,0.79 ,0.0252005, 0.280967,0.693832,0.974799
0.04,0.8 ,0.0238843, 0.282134,0.693982,0.976116
0.04,0.81 ,0.0226384, 0.283286,0.694075,0.977362
0.04,0.82 ,0.0214591, 0.284424,0.694117,0.978541
0.04,0.83 ,0.0203429, 0.285547,0.69411,0.979657
0.04,0.84 ,0.0192864, 0.286657,0.694057,0.980714
0.04,0.85 ,0.0182864, 0.287753,0.693961,0.981714
0.04,0.86 ,0.0173399, 0.288835,0.693825,0.98266
0.04,0.87 ,0.016444, 0.289905,0.693651,0.983556
0.04,0.88 ,0.0155961, 0.290962,0.693442,0.984404
0.04,0.89 ,0.0147937, 0.292006,0.6932,0.985206
0.04,0.9 ,0.0140343, 0.293038,0.692927,0.985966
0.04,0.91 ,0.0133157, 0.294059,0.692626,0.986684
0.04,0.92 ,0.0126357, 0.295068,0.692297,0.987364
0.04,0.93 ,0.0119923, 0.296065,0.691943,0.988008
0.04,0.94 ,0.0113836, 0.297051,0.691565,0.988616
0.04,0.95 ,0.0108077, 0.298027,0.691165,0.989192
0.04,0.96 ,0.0102629, 0.298992,0.690745,0.989737
0.04,0.97 ,0.00974763, 0.299946,0.690306,0.990252
0.04,0.98 ,0.00926028, 0.30089,0.68985,0.99074
0.04,0.99 ,0.00879939, 0.301824,0.689376,0.991201
0.04,1 ,0.00836357, 0.302749,0.688888,0.991636
0.05,0 ,0.898524, 0.0986719,0.00280428,0.101476
0.05,0.01 ,0.893504, 0.100937,0.00555915,0.106496
0.05,0.02 ,0.888049, 0.103287,0.00866373,0.111951
0.05,0.03 ,0.882113, 0.105724,0.0121632,0.117887
0.05,0.04 ,0.875642, 0.108249,0.0161086,0.124358
0.05,0.05 ,0.868579, 0.110864,0.0205572,0.131421
0.05,0.06 ,0.860859, 0.113568,0.0255734,0.139141
0.05,0.07 ,0.85241, 0.116362,0.0312283,0.14759
0.05,0.08 ,0.843154, 0.119245,0.0376008,0.156846
0.05,0.09 ,0.833009, 0.122214,0.0447765,0.166991
0.05,0.1 ,0.821885, 0.125268,0.0528472,0.178115
0.05,0.11 ,0.80969, 0.128401,0.0619092,0.19031
0.05,0.12 ,0.796332, 0.131608,0.0720601,0.203668
0.05,0.13 ,0.781722, 0.134884,0.0833948,0.218278
0.05,0.14 ,0.765781, 0.138219,0.0959996,0.234219
0.05,0.15 ,0.748451, 0.141605,0.109944,0.251549
0.05,0.16 ,0.729696, 0.145032,0.125272,0.270304
0.05,0.17 ,0.709519, 0.148489,0.141991,0.290481
0.05,0.18 ,0.68797, 0.151964,0.160066,0.31203
0.05,0.19 ,0.665147, 0.155446,0.179407,0.334853
0.05,0.2 ,0.641204, 0.158921,0.199875,0.358796
0.05,0.21 ,0.616342, 0.162379,0.221278,0.383658
0.05,0.22 ,0.590803, 0.16581,0.243387,0.409197
0.05,0.23 ,0.564848, 0.169204,0.265948,0.435152
0.05,0.24 ,0.538749, 0.172552,0.288699,0.461251
0.05,0.25 ,0.512764, 0.175848,0.311388,0.487236
0.05,0.26 ,0.487126, 0.179086,0.333788,0.512874
0.05,0.27 ,0.462037, 0.182262,0.355701,0.537963
0.05,0.28 ,0.437659, 0.185372,0.376968,0.562341
0.05,0.29 ,0.414118, 0.188416,0.397466,0.585882
0.05,0.3 ,0.391502, 0.191391,0.417107,0.608498
0.05,0.31 ,0.369869, 0.194297,0.435834,0.630131
0.05,0.32 ,0.34925, 0.197135,0.453615,0.65075
0.05,0.33 ,0.329654, 0.199906,0.47044,0.670346
0.05,0.34 ,0.311075, 0.20261,0.486314,0.688925
0.05,0.35 ,0.293493, 0.20525,0.501257,0.706507
0.05,0.36 ,0.276878, 0.207827,0.515295,0.723122
0.05,0.37 ,0.261197, 0.210342,0.528462,0.738803
0.05,0.38 ,0.246408, 0.212798,0.540794,0.753592
0.05,0.39 ,0.232471, 0.215196,0.552333,0.767529
0.05,0.4 ,0.219342, 0.217539,0.563119,0.780658
0.05,0.41 ,0.206979, 0.219828,0.573193,0.793021
0.05,0.42 ,0.195339, 0.222066,0.582595,0.804661
0.05,0.43 ,0.184381, 0.224254,0.591365,0.815619
0.05,0.44 ,0.174066, 0.226394,0.59954,0.825934
0.05,0.45 ,0.164355, 0.228488,0.607157,0.835645
0.05,0.46 ,0.155212, 0.230537,0.614251,0.844788
0.05,0.47 ,0.146602, 0.232544,0.620854,0.853398
0.05,0.48 ,0.138493, 0.234509,0.626998,0.861507
0.05,0.49 ,0.130855, 0.236434,0.632711,0.869145
0.05,0.5 ,0.123658, 0.238322,0.63802,0.876342
0.05,0.51 ,0.116877, 0.240172,0.642952,0.883123
0.05,0.52 ,0.110484, 0.241986,0.64753,0.889516
0.05,0.53 ,0.104457, 0.243766,0.651777,0.895543
0.05,0.54 ,0.0987731, 0.245513,0.655714,0.901227
0.05,0.55 ,0.0934118, 0.247228,0.65936,0.906588
0.05,0.56 ,0.0883535, 0.248912,0.662735,0.911646
0.05,0.57 ,0.08358, 0.250566,0.665854,0.91642
0.05,0.58 ,0.0790742, 0.25219,0.668735,0.920926
0.05,0.59 ,0.0748202, 0.253787,0.671393,0.92518
0.05,0.6 ,0.0708031, 0.255357,0.67384,0.929197
0.05,0.61 ,0.0670089, 0.2569,0.676091,0.932991
0.05,0.62 ,0.0634245, 0.258418,0.678157,0.936576
0.05,0.63 ,0.0600377, 0.259912,0.680051,0.939962
0.05,0.64 ,0.0568371, 0.261381,0.681782,0.943163
0.05,0.65 ,0.0538119, 0.262827,0.683361,0.946188
0.05,0.66 ,0.050952, 0.264251,0.684797,0.949048
0.05,0.67 ,0.048248, 0.265653,0.686099,0.951752
0.05,0.68 ,0.0456911, 0.267034,0.687275,0.954309
0.05,0.69 ,0.0432728, 0.268394,0.688333,0.956727
0.05,0.7 ,0.0409856, 0.269734,0.689281,0.959014
0.05,0.71 ,0.0388219, 0.271054,0.690124,0.961178
0.05,0.72 ,0.0367749, 0.272356,0.690869,0.963225
0.05,0.73 ,0.0348382, 0.273639,0.691523,0.965162
0.05,0.74 ,0.0330056, 0.274905,0.69209,0.966994
0.05,0.75 ,0.0312715, 0.276152,0.692576,0.968729
0.05,0.76 ,0.0296304, 0.277383,0.692986,0.97037
0.05,0.77 ,0.0280772, 0.278597,0.693325,0.971923
0.05,0.78 ,0.0266073, 0.279796,0.693597,0.973393
0.05,0.79 ,0.025216, 0.280978,0.693806,0.974784
0.05,0.8 ,0.0238991, 0.282145,0.693956,0.976101
0.05,0.81 ,0.0226526, 0.283297,0.69405,0.977347
0.05,0.82 ,0.0214728, 0.284435,0.694093,0.978527
0.05,0.83 ,0.0203561, 0.285558,0.694086,0.979644
0.05,0.84 ,0.019299, 0.286667,0.694034,0.980701
0.05,0.85 ,0.0182985, 0.287763,0.693939,0.981702
0.05,0.86 ,0.0173515, 0.288845,0.693803,0.982649
0.05,0.87 ,0.0164552, 0.289915,0.69363,0.983545
0.05,0.88 ,0.0156068, 0.290971,0.693422,0.984393
0.05,0.89 ,0.014804, 0.292016,0.69318,0.985196
0.05,0.9 ,0.0140442, 0.293048,0.692908,0.985956
0.05,0.91 ,0.0133252, 0.294068,0.692607,0.986675
0.05,0.92 ,0.0126448, 0.295077,0.692278,0.987355
0.05,0.93 ,0.012001, 0.296074,0.691925,0.987999
0.05,0.94 ,0.0113919, 0.29706,0.691548,0.988608
0.05,0.95 ,0.0108157, 0.298036,0.691149,0.989184
0.05,0.96 ,0.0102706, 0.299,0.690729,0.989729
0.05,0.97 ,0.009755, 0.299955,0.69029,0.990245
0.05,0.98 ,0.00926734, 0.300899,0.689834,0.990733
0.05,0.99 ,0.00880617, 0.301833,0.689361,0.991194
0.05,1 ,0.00837008, 0.302757,0.688873,0.99163
0.06,0 ,0.898237, 0.0987583,0.00300436,0.101763
0.06,0.01 ,0.893221, 0.101022,0.00575724,0.106779
0.06,0.02 ,0.88777, 0.10337,0.00885952,0.11223
0.06,0.03 ,0.881839, 0.105805,0.0123563,0.118161
0.06,0.04 ,0.875373, 0.108328,0.0162986,0.124627
0.06,0.05 ,0.868316, 0.110941,0.0207437,0.131684
0.06,0.06 ,0.860601, 0.113643,0.0257557,0.139399
0.06,0.07 ,0.852159, 0.116435,0.0314058,0.147841
0.06,0.08 ,0.842912, 0.119315,0.0377728,0.157088
0.06,0.09 ,0.832775, 0.122283,0.044942,0.167225
0.06,0.1 ,0.821661, 0.125334,0.0530053,0.178339
0.06,0.11 ,0.809477, 0.128464,0.0620588,0.190523
0.06,0.12 ,0.796131, 0.131669,0.0721999,0.203869
0.06,0.13 ,0.781534, 0.134942,0.0835237,0.218466
0.06,0.14 ,0.765609, 0.138275,0.0961161,0.234391
0.06,0.15 ,0.748294, 0.141659,0.110047,0.251706
0.06,0.16 ,0.729556, 0.145084,0.12536,0.270444
0.06,0.17 ,0.709398, 0.148539,0.142063,0.290602
0.06,0.18 ,0.687868, 0.152011,0.160121,0.312132
0.06,0.19 ,0.665065, 0.15549,0.179445,0.334935
0.06,0.2 ,0.641141, 0.158964,0.199895,0.358859
0.06,0.21 ,0.616298, 0.16242,0.221282,0.383702
0.06,0.22 ,0.590776, 0.165849,0.243374,0.409224
0.06,0.23 ,0.564839, 0.169241,0.26592,0.435161
0.06,0.24 ,0.538754, 0.172588,0.288658,0.461246
0.06,0.25 ,0.512782, 0.175883,0.311336,0.487218
0.06,0.26 ,0.487155, 0.179119,0.333726,0.512845
0.06,0.27 ,0.462076, 0.182294,0.355631,0.537924
0.06,0.28 ,0.437706, 0.185403,0.376891,0.562294
0.06,0.29 ,0.414171, 0.188445,0.397384,0.585829
0.06,0.3 ,0.39156, 0.191419,0.417021,0.60844
0.06,0.31 ,0.36993, 0.194325,0.435745,0.63007
0.06,0.32 ,0.349314, 0.197162,0.453524,0.650686
0.06,0.33 ,0.32972, 0.199932,0.470348,0.67028
0.06,0.34 ,0.311142, 0.202636,0.486222,0.688858
0.06,0.35 ,0.29356, 0.205275,0.501165,0.70644
0.06,0.36 ,0.276946, 0.207851,0.515204,0.723054
0.06,0.37 ,0.261263, 0.210365,0.528371,0.738737
0.06,0.38 ,0.246474, 0.21282,0.540706,0.753526
0.06,0.39 ,0.232536, 0.215218,0.552246,0.767464
0.06,0.4 ,0.219406, 0.217561,0.563033,0.780594
0.06,0.41 ,0.207041, 0.21985,0.573109,0.792959
0.06,0.42 ,0.1954, 0.222087,0.582513,0.8046
0.06,0.43 ,0.184441, 0.224274,0.591285,0.815559
0.06,0.44 ,0.174124, 0.226414,0.599462,0.825876
0.06,0.45 ,0.164411, 0.228507,0.607082,0.835589
0.06,0.46 ,0.155266, 0.230556,0.614178,0.844734
0.06,0.47 ,0.146655, 0.232562,0.620783,0.853345
0.06,0.48 ,0.138544, 0.234527,0.626928,0.861456
0.06,0.49 ,0.130905, 0.236452,0.632643,0.869095
0.06,0.5 ,0.123706, 0.238339,0.637954,0.876294
0.06,0.51 ,0.116923, 0.240189,0.642888,0.883077
0.06,0.52 ,0.110529, 0.242003,0.647468,0.889471
0.06,0.53 ,0.1045, 0.243783,0.651717,0.8955
0.06,0.54 ,0.0988149, 0.24553,0.655656,0.901185
0.06,0.55 ,0.0934521, 0.247244,0.659304,0.906548
0.06,0.56 ,0.0883923, 0.248928,0.66268,0.911608
0.06,0.57 ,0.0836174, 0.250581,0.665801,0.916383
0.06,0.58 ,0.0791102, 0.252206,0.668684,0.92089
0.06,0.59 ,0.0748549, 0.253802,0.671343,0.925145
0.06,0.6 ,0.0708365, 0.255372,0.673792,0.929163
0.06,0.61 ,0.0670411, 0.256915,0.676044,0.932959
0.06,0.62 ,0.0634555, 0.258433,0.678112,0.936545
0.06,0.63 ,0.0600675, 0.259926,0.680007,0.939932
0.06,0.64 ,0.0568658, 0.261395,0.681739,0.943134
0.06,0.65 ,0.0538395, 0.262841,0.68332,0.946161
0.06,0.66 ,0.0509785, 0.264265,0.684757,0.949021
0.06,0.67 ,0.0482735, 0.265666,0.68606,0.951726
0.06,0.68 ,0.0457156, 0.267047,0.687238,0.954284
0.06,0.69 ,0.0432965, 0.268407,0.688297,0.956704
0.06,0.7 ,0.0410083, 0.269746,0.689245,0.958992
0.06,0.71 ,0.0388437, 0.271067,0.690089,0.961156
0.06,0.72 ,0.0367959, 0.272368,0.690836,0.963204
0.06,0.73 ,0.0348583, 0.273651,0.69149,0.965142
0.06,0.74 ,0.033025, 0.274916,0.692059,0.966975
0.06,0.75 ,0.0312901, 0.276164,0.692546,0.96871
0.06,0.76 ,0.0296482, 0.277395,0.692957,0.970352
0.06,0.77 ,0.0280944, 0.278609,0.693297,0.971906
0.06,0.78 ,0.0266237, 0.279807,0.693569,0.973376
0.06,0.79 ,0.0252318, 0.280989,0.693779,0.974768
0.06,0.8 ,0.0239143, 0.282156,0.69393,0.976086
0.06,0.81 ,0.0226672, 0.283308,0.694025,0.977333
0.06,0.82 ,0.0214868, 0.284445,0.694068,0.978513
0.06,0.83 ,0.0203695, 0.285568,0.694062,0.97963
0.06,0.84 ,0.0193119, 0.286677,0.694011,0.980688
0.06,0.85 ,0.0183109, 0.287773,0.693916,0.981689
0.06,0.86 ,0.0173634, 0.288855,0.693781,0.982637
0.06,0.87 ,0.0164666, 0.289924,0.693609,0.983533
0.06,0.88 ,0.0156178, 0.290981,0.693401,0.984382
0.06,0.89 ,0.0148145, 0.292025,0.69316,0.985186
0.06,0.9 ,0.0140543, 0.293057,0.692888,0.985946
0.06,0.91 ,0.0133348, 0.294078,0.692588,0.986665
0.06,0.92 ,0.0126541, 0.295086,0.69226,0.987346
0.06,0.93 ,0.0120099, 0.296083,0.691907,0.98799
0.06,0.94 ,0.0114005, 0.29707,0.69153,0.9886
0.06,0.95 ,0.0108239, 0.298045,0.691131,0.989176
0.06,0.96 ,0.0102785, 0.299009,0.690712,0.989722
0.06,0.97 ,0.00976253, 0.299963,0.690274,0.990237
0.06,0.98 ,0.00927457, 0.300907,0.689818,0.990725
0.06,0.99 ,0.0088131, 0.301841,0.689346,0.991187
0.06,1 ,0.00837673, 0.302765,0.688858,0.991623
0.07,0 ,0.897931, 0.0988483,0.00322092,0.102069
0.07,0.01 ,0.892918, 0.10111,0.00597164,0.107082
0.07,0.02 ,0.887472, 0.103456,0.00907144,0.112528
0.07,0.03 ,0.881545, 0.105889,0.0125654,0.118455
0.07,0.04 ,0.875085, 0.108411,0.0165044,0.124915
0.07,0.05 ,0.868033, 0.111021,0.0209456,0.131967
0.07,0.06 ,0.860326, 0.113721,0.0259532,0.139674
0.07,0.07 ,0.851891, 0.116511,0.0315982,0.148109
0.07,0.08 ,0.842652, 0.119389,0.0379592,0.157348
0.07,0.09 ,0.832525, 0.122354,0.0451216,0.167475
0.07,0.1 ,0.821421, 0.125402,0.0531771,0.178579
0.07,0.11 ,0.809248, 0.12853,0.0622215,0.190752
0.07,0.12 ,0.795915, 0.131733,0.0723524,0.204085
0.07,0.13 ,0.781332, 0.135003,0.0836645,0.218668
0.07,0.14 ,0.765422, 0.138334,0.0962438,0.234578
0.07,0.15 ,0.748125, 0.141715,0.11016,0.251875
0.07,0.16 ,0.729405, 0.145138,0.125457,0.270595
0.07,0.17 ,0.709267, 0.14859,0.142144,0.290733
0.07,0.18 ,0.687756, 0.15206,0.160183,0.312244
0.07,0.19 ,0.664974, 0.155537,0.179489,0.335026
0.07,0.2 ,0.64107, 0.159008,0.199921,0.35893
0.07,0.21 ,0.616248, 0.162463,0.22129,0.383752
0.07,0.22 ,0.590745, 0.16589,0.243365,0.409255
0.07,0.23 ,0.564825, 0.16928,0.265895,0.435175
0.07,0.24 ,0.538756, 0.172625,0.288619,0.461244
0.07,0.25 ,0.512798, 0.175918,0.311284,0.487202
0.07,0.26 ,0.487183, 0.179153,0.333664,0.512817
0.07,0.27 ,0.462114, 0.182327,0.35556,0.537886
0.07,0.28 ,0.437752, 0.185435,0.376813,0.562248
0.07,0.29 ,0.414224, 0.188476,0.3973,0.585776
0.07,0.3 ,0.391618, 0.191449,0.416933,0.608382
0.07,0.31 ,0.369992, 0.194353,0.435654,0.630008
0.07,0.32 ,0.349379, 0.19719,0.453431,0.650621
0.07,0.33 ,0.329787, 0.199959,0.470254,0.670213
0.07,0.34 ,0.31121, 0.202662,0.486128,0.68879
0.07,0.35 ,0.293629, 0.2053,0.501071,0.706371
0.07,0.36 ,0.277014, 0.207875,0.51511,0.722986
0.07,0.37 ,0.261332, 0.210389,0.528279,0.738668
0.07,0.38 ,0.246542, 0.212844,0.540615,0.753458
0.07,0.39 ,0.232602, 0.215241,0.552156,0.767398
0.07,0.4 ,0.219471, 0.217583,0.562946,0.780529
0.07,0.41 ,0.207106, 0.219871,0.573023,0.792894
0.07,0.42 ,0.195463, 0.222108,0.582429,0.804537
0.07,0.43 ,0.184502, 0.224295,0.591203,0.815498
0.07,0.44 ,0.174184, 0.226434,0.599382,0.825816
0.07,0.45 ,0.164469, 0.228527,0.607004,0.835531
0.07,0.46 ,0.155322, 0.230576,0.614102,0.844678
0.07,0.47 ,0.146709, 0.232582,0.620709,0.853291
0.07,0.48 ,0.138597, 0.234546,0.626857,0.861403
0.07,0.49 ,0.130956, 0.236471,0.632573,0.869044
0.07,0.5 ,0.123756, 0.238357,0.637887,0.876244
0.07,0.51 ,0.116971, 0.240207,0.642823,0.883029
0.07,0.52 ,0.110575, 0.242021,0.647405,0.889425
0.07,0.53 ,0.104545, 0.2438,0.651655,0.895455
0.07,0.54 ,0.0988578, 0.245546,0.655596,0.901142
0.07,0.55 ,0.0934935, 0.24726,0.659246,0.906507
0.07,0.56 ,0.0884322, 0.248944,0.662624,0.911568
0.07,0.57 ,0.0836559, 0.250597,0.665747,0.916344
0.07,0.58 ,0.0791473, 0.252221,0.668631,0.920853
0.07,0.59 ,0.0748906, 0.253818,0.671292,0.925109
0.07,0.6 ,0.0708709, 0.255387,0.673742,0.929129
0.07,0.61 ,0.0670741, 0.25693,0.675996,0.932926
0.07,0.62 ,0.0634873, 0.258447,0.678065,0.936513
0.07,0.63 ,0.0600982, 0.25994,0.679962,0.939902
0.07,0.64 ,0.0568953, 0.261409,0.681696,0.943105
0.07,0.65 ,0.0538678, 0.262855,0.683277,0.946132
0.07,0.66 ,0.0510058, 0.264278,0.684716,0.948994
0.07,0.67 ,0.0482998, 0.26568,0.686021,0.9517
0.07,0.68 ,0.0457408, 0.26706,0.687199,0.954259
0.07,0.69 ,0.0433207, 0.26842,0.68826,0.956679
0.07,0.7 ,0.0410316, 0.269759,0.689209,0.958968
0.07,0.71 ,0.0388661, 0.271079,0.690054,0.961134
0.07,0.72 ,0.0368174, 0.272381,0.690802,0.963183
0.07,0.73 ,0.034879, 0.273664,0.691457,0.965121
0.07,0.74 ,0.0330448, 0.274929,0.692027,0.966955
0.07,0.75 ,0.0313092, 0.276176,0.692515,0.968691
0.07,0.76 ,0.0296666, 0.277407,0.692927,0.970333
0.07,0.77 ,0.028112, 0.27862,0.693268,0.971888
0.07,0.78 ,0.0266406, 0.279818,0.693541,0.973359
0.07,0.79 ,0.025248, 0.281,0.693752,0.974752
0.07,0.8 ,0.0239299, 0.282167,0.693903,0.97607
0.07,0.81 ,0.0226822, 0.283319,0.693999,0.977318
0.07,0.82 ,0.0215012, 0.284456,0.694043,0.978499
0.07,0.83 ,0.0203833, 0.285579,0.694038,0.979617
0.07,0.84 ,0.0193251, 0.286688,0.693987,0.980675
0.07,0.85 ,0.0183236, 0.287783,0.693893,0.981676
0.07,0.86 ,0.0173756, 0.288865,0.693759,0.982624
0.07,0.87 ,0.0164783, 0.289935,0.693587,0.983522
0.07,0.88 ,0.015629, 0.290991,0.69338,0.984371
0.07,0.89 ,0.0148252, 0.292035,0.69314,0.985175
0.07,0.9 ,0.0140646, 0.293067,0.692868,0.985935
0.07,0.91 ,0.0133447, 0.294087,0.692568,0.986655
0.07,0.92 ,0.0126636, 0.295096,0.692241,0.987336
0.07,0.93 ,0.012019, 0.296093,0.691888,0.987981
0.07,0.94 ,0.0114092, 0.297079,0.691512,0.988591
0.07,0.95 ,0.0108323, 0.298054,0.691114,0.989168
0.07,0.96 ,0.0102865, 0.299018,0.690695,0.989714
0.07,0.97 ,0.00977024, 0.299972,0.690257,0.99023
0.07,0.98 ,0.00928197, 0.300916,0.689802,0.990718
0.07,0.99 ,0.00882019, 0.30185,0.68933,0.99118
0.07,1 ,0.00838353, 0.302774,0.688843,0.991616
0.08,0 ,0.897602, 0.098942,0.00345585,0.102398
0.08,0.01 ,0.892594, 0.101202,0.00620421,0.107406
0.08,0.02 ,0.887153, 0.103546,0.00930131,0.112847
0.08,0.03 ,0.881231, 0.105977,0.0127922,0.118769
0.08,0.04 ,0.874776, 0.108496,0.0167276,0.125224
0.08,0.05 ,0.867731, 0.111104,0.0211647,0.132269
0.08,0.06 ,0.86003, 0.113802,0.0261675,0.13997
0.08,0.07 ,0.851603, 0.116589,0.0318071,0.148397
0.08,0.08 ,0.842373, 0.119465,0.0381618,0.157627
0.08,0.09 ,0.832256, 0.122427,0.0453169,0.167744
0.08,0.1 ,0.821163, 0.125473,0.053364,0.178837
0.08,0.11 ,0.809002, 0.128599,0.0623988,0.190998
