Betapv,Betamv,V,Rs,Rv,P
0,0 ,0.982311, 0.0156891,0.002,0.0176891
0,0.01 ,0.981646, 0.0159577,0.00239587,0.0183536
0,0.02 ,0.980918, 0.0162407,0.00284114,0.0190818
0,0.03 ,0.980117, 0.0165391,0.00334392,0.019883
0,0.04 ,0.979232, 0.0168544,0.00391403,0.0207685
0,0.05 ,0.978248, 0.017188,0.00456349,0.0217515
0,0.06 ,0.977151, 0.0175416,0.00530707,0.0228486
0,0.07 ,0.97592, 0.0179169,0.00616311,0.02408
0,0.08 ,0.974529, 0.0183161,0.00715461,0.0254707
0,0.09 ,0.972948, 0.0187415,0.00831071,0.0270522
0,0.1 ,0.971136, 0.0191956,0.00966872,0.0288643
0,0.11 ,0.969041, 0.0196814,0.0112771,0.0309585
0,0.12 ,0.966598, 0.0202023,0.0131994,0.0334017
0,0.13 ,0.963717, 0.020762,0.0155206,0.0362826
0,0.14 ,0.96028, 0.0213647,0.0183556,0.0397203
0,0.15 ,0.956122, 0.0220152,0.0218625,0.0438776
0,0.16 ,0.951019, 0.0227189,0.0262621,0.048981
0,0.17 ,0.944651, 0.0234818,0.0318676,0.0553495
0,0.18 ,0.936563, 0.0243107,0.0391264,0.0634371
0,0.19 ,0.926111, 0.0252127,0.0486766,0.0738893
0,0.2 ,0.9124, 0.0261957,0.0614039,0.0875997
0,0.21 ,0.894284, 0.0272678,0.0784478,0.105716
0,0.22 ,0.870536, 0.0284369,0.101028,0.129464
0,0.23 ,0.840343, 0.0297102,0.129946,0.159657
0,0.24 ,0.803982, 0.0310936,0.164925,0.196018
0,0.25 ,0.762999, 0.0325905,0.204411,0.237001
0,0.26 ,0.719591, 0.0342017,0.246207,0.280409
0,0.27 ,0.675765, 0.0359251,0.28831,0.324235
0,0.28 ,0.632941, 0.0377554,0.329304,0.367059
0,0.29 ,0.591963, 0.0396852,0.368352,0.408037
0,0.3 ,0.553258, 0.0417051,0.405037,0.446742
0,0.31 ,0.516992, 0.0438047,0.439203,0.483008
0,0.32 ,0.483175, 0.0459734,0.470852,0.516825
0,0.33 ,0.45173, 0.0482003,0.50007,0.54827
0,0.34 ,0.422536, 0.050475,0.526989,0.577464
0,0.35 ,0.395454, 0.052788,0.551758,0.604546
0,0.36 ,0.370335, 0.0551303,0.574535,0.629665
0,0.37 ,0.347033, 0.0574939,0.595473,0.652967
0,0.38 ,0.32541, 0.0598717,0.614719,0.67459
0,0.39 ,0.305332, 0.0622572,0.632411,0.694668
0,0.4 ,0.286678, 0.0646449,0.648677,0.713322
0,0.41 ,0.269334, 0.0670301,0.663636,0.730666
0,0.42 ,0.253197, 0.0694085,0.677394,0.746803
0,0.43 ,0.238172, 0.0717766,0.690052,0.761828
0,0.44 ,0.22417, 0.0741312,0.701699,0.77583
0,0.45 ,0.211114, 0.0764699,0.712417,0.788886
0,0.46 ,0.198929, 0.0787904,0.722281,0.801071
0,0.47 ,0.18755, 0.0810909,0.731359,0.81245
0,0.48 ,0.176916, 0.0833699,0.739715,0.823084
0,0.49 ,0.166971, 0.0856262,0.747403,0.833029
0,0.5 ,0.157665, 0.0878588,0.754476,0.842335
0,0.51 ,0.148951, 0.0900669,0.760982,0.851049
0,0.52 ,0.140787, 0.0922498,0.766963,0.859213
0,0.53 ,0.133134, 0.0944071,0.772459,0.866866
0,0.54 ,0.125955, 0.0965385,0.777506,0.874045
0,0.55 ,0.119219, 0.0986438,0.782138,0.880781
0,0.56 ,0.112893, 0.100723,0.786384,0.887107
0,0.57 ,0.106952, 0.102776,0.790273,0.893048
0,0.58 ,0.101368, 0.104802,0.79383,0.898632
0,0.59 ,0.096118, 0.106802,0.79708,0.903882
0,0.6 ,0.0911801, 0.108777,0.800043,0.90882
0,0.61 ,0.0865339, 0.110725,0.802741,0.913466
0,0.62 ,0.0821606, 0.112648,0.805191,0.917839
0,0.63 ,0.0780427, 0.114546,0.807411,0.921957
0,0.64 ,0.0741641, 0.116419,0.809417,0.925836
0,0.65 ,0.0705097, 0.118267,0.811224,0.92949
0,0.66 ,0.0670657, 0.12009,0.812844,0.932934
0,0.67 ,0.063819, 0.12189,0.814291,0.936181
0,0.68 ,0.0607575, 0.123665,0.815577,0.939242
0,0.69 ,0.0578701, 0.125418,0.816712,0.94213
0,0.7 ,0.0551462, 0.127147,0.817706,0.944854
0,0.71 ,0.0525761, 0.128854,0.81857,0.947424
0,0.72 ,0.0501506, 0.130539,0.81931,0.949849
0,0.73 ,0.0478612, 0.132202,0.819937,0.952139
0,0.74 ,0.0456999, 0.133843,0.820457,0.9543
0,0.75 ,0.0436592, 0.135464,0.820877,0.956341
0,0.76 ,0.0417322, 0.137063,0.821205,0.958268
0,0.77 ,0.0399123, 0.138642,0.821445,0.960088
0,0.78 ,0.0381934, 0.140202,0.821605,0.961807
0,0.79 ,0.0365697, 0.141741,0.821689,0.96343
0,0.8 ,0.0350358, 0.143261,0.821703,0.964964
0,0.81 ,0.0335867, 0.144763,0.821651,0.966413
0,0.82 ,0.0322176, 0.146245,0.821537,0.967782
0,0.83 ,0.0309239, 0.14771,0.821366,0.969076
0,0.84 ,0.0297016, 0.149156,0.821142,0.970298
0,0.85 ,0.0285466, 0.150585,0.820868,0.971453
0,0.86 ,0.0274552, 0.151997,0.820548,0.972545
0,0.87 ,0.0264239, 0.153391,0.820185,0.973576
0,0.88 ,0.0254493, 0.15477,0.819781,0.974551
0,0.89 ,0.0245284, 0.156131,0.81934,0.975472
0,0.9 ,0.0236583, 0.157477,0.818865,0.976342
0,0.91 ,0.022836, 0.158807,0.818357,0.977164
0,0.92 ,0.0220591, 0.160121,0.81782,0.977941
0,0.93 ,0.0213251, 0.16142,0.817254,0.978675
0,0.94 ,0.0206315, 0.162705,0.816664,0.979368
0,0.95 ,0.0199763, 0.163975,0.816049,0.980024
0,0.96 ,0.0193573, 0.16523,0.815413,0.980643
0,0.97 ,0.0187726, 0.166471,0.814756,0.981227
0,0.98 ,0.0182203, 0.167698,0.814081,0.98178
0,0.99 ,0.0176987, 0.168912,0.813389,0.982301
0,1 ,0.017206, 0.170113,0.812681,0.982794
0.01,0 ,0.982289, 0.0156918,0.00201967,0.0177114
0.01,0.01 ,0.981624, 0.0159604,0.00241553,0.0183759
0.01,0.02 ,0.980896, 0.0162433,0.00286078,0.0191041
0.01,0.03 ,0.980095, 0.0165418,0.00336354,0.0199053
0.01,0.04 ,0.979209, 0.0168571,0.00393363,0.0207907
0.01,0.05 ,0.978226, 0.0171907,0.00458306,0.0217737
0.01,0.06 ,0.977129, 0.0175442,0.0053266,0.0228708
0.01,0.07 ,0.975898, 0.0179195,0.00618259,0.0241021
0.01,0.08 ,0.974507, 0.0183187,0.00717403,0.0254927
0.01,0.09 ,0.972926, 0.018744,0.00833005,0.0270741
0.01,0.1 ,0.971114, 0.0191981,0.00968796,0.0288861
0.01,0.11 ,0.96902, 0.0196839,0.0112962,0.0309801
0.01,0.12 ,0.966577, 0.0202048,0.0132184,0.0334232
0.01,0.13 ,0.963696, 0.0207644,0.0155393,0.0363038
0.01,0.14 ,0.960259, 0.0213671,0.018374,0.0397411
0.01,0.15 ,0.956102, 0.0220176,0.0218805,0.0438981
0.01,0.16 ,0.950999, 0.0227212,0.0262797,0.0490009
0.01,0.17 ,0.944631, 0.0234841,0.0318844,0.0553685
0.01,0.18 ,0.936545, 0.0243129,0.0391422,0.0634551
0.01,0.19 ,0.926094, 0.0252148,0.0486908,0.0739056
0.01,0.2 ,0.912386, 0.0261978,0.061416,0.0876137
0.01,0.21 ,0.894273, 0.0272698,0.0784567,0.105727
0.01,0.22 ,0.870529, 0.0284388,0.101033,0.129471
0.01,0.23 ,0.840341, 0.029712,0.129947,0.159659
0.01,0.24 ,0.803984, 0.0310952,0.164921,0.196016
0.01,0.25 ,0.763005, 0.032592,0.204403,0.236995
0.01,0.26 ,0.7196, 0.0342031,0.246197,0.2804
0.01,0.27 ,0.675776, 0.0359263,0.288298,0.324224
0.01,0.28 ,0.632953, 0.0377565,0.329291,0.367047
0.01,0.29 ,0.591975, 0.0396862,0.368338,0.408025
0.01,0.3 ,0.553271, 0.0417059,0.405023,0.446729
0.01,0.31 ,0.517005, 0.0438055,0.439189,0.482995
0.01,0.32 ,0.483187, 0.045974,0.470839,0.516813
0.01,0.33 ,0.451742, 0.0482007,0.500057,0.548258
0.01,0.34 ,0.422549, 0.0504754,0.526976,0.577451
0.01,0.35 ,0.395466, 0.0527882,0.551746,0.604534
0.01,0.36 ,0.370346, 0.0551304,0.574523,0.629654
0.01,0.37 ,0.347045, 0.0574939,0.595461,0.652955
0.01,0.38 ,0.32542, 0.0598716,0.614708,0.67458
0.01,0.39 ,0.305342, 0.062257,0.632401,0.694658
0.01,0.4 ,0.286688, 0.0646447,0.648667,0.713312
0.01,0.41 ,0.269344, 0.0670297,0.663626,0.730656
0.01,0.42 ,0.253207, 0.069408,0.677385,0.746793
0.01,0.43 ,0.238181, 0.071776,0.690043,0.761819
0.01,0.44 ,0.224179, 0.0741306,0.70169,0.775821
0.01,0.45 ,0.211122, 0.0764692,0.712409,0.788878
0.01,0.46 ,0.198937, 0.0787896,0.722273,0.801063
0.01,0.47 ,0.187558, 0.0810901,0.731352,0.812442
0.01,0.48 ,0.176923, 0.0833691,0.739708,0.823077
0.01,0.49 ,0.166978, 0.0856253,0.747397,0.833022
0.01,0.5 ,0.157672, 0.0878578,0.75447,0.842328
0.01,0.51 ,0.148958, 0.0900658,0.760976,0.851042
0.01,0.52 ,0.140794, 0.0922487,0.766958,0.859206
0.01,0.53 ,0.13314, 0.094406,0.772454,0.86686
0.01,0.54 ,0.125961, 0.0965374,0.777501,0.874039
0.01,0.55 ,0.119225, 0.0986426,0.782133,0.880775
0.01,0.56 ,0.112899, 0.100722,0.786379,0.887101
0.01,0.57 ,0.106957, 0.102774,0.790268,0.893043
0.01,0.58 ,0.101373, 0.104801,0.793826,0.898627
0.01,0.59 ,0.0961231, 0.106801,0.797076,0.903877
0.01,0.6 ,0.091185, 0.108775,0.80004,0.908815
0.01,0.61 ,0.0865386, 0.110724,0.802737,0.913461
0.01,0.62 ,0.0821652, 0.112647,0.805188,0.917835
0.01,0.63 ,0.0780471, 0.114544,0.807408,0.921953
0.01,0.64 ,0.0741684, 0.116417,0.809415,0.925832
0.01,0.65 ,0.0705139, 0.118265,0.811221,0.929486
0.01,0.66 ,0.0670697, 0.120089,0.812842,0.93293
0.01,0.67 ,0.0638228, 0.121888,0.814289,0.936177
0.01,0.68 ,0.0607613, 0.123664,0.815575,0.939239
0.01,0.69 ,0.0578737, 0.125416,0.81671,0.942126
0.01,0.7 ,0.0551497, 0.127146,0.817704,0.94485
0.01,0.71 ,0.0525795, 0.128853,0.818568,0.947421
0.01,0.72 ,0.0501538, 0.130537,0.819309,0.949846
0.01,0.73 ,0.0478643, 0.1322,0.819935,0.952136
0.01,0.74 ,0.0457029, 0.133842,0.820456,0.954297
0.01,0.75 ,0.0436621, 0.135462,0.820876,0.956338
0.01,0.76 ,0.041735, 0.137061,0.821204,0.958265
0.01,0.77 ,0.039915, 0.138641,0.821444,0.960085
0.01,0.78 ,0.038196, 0.1402,0.821604,0.961804
0.01,0.79 ,0.0365722, 0.141739,0.821689,0.963428
0.01,0.8 ,0.0350383, 0.143259,0.821702,0.964962
0.01,0.81 ,0.0335891, 0.144761,0.82165,0.966411
0.01,0.82 ,0.0322199, 0.146243,0.821537,0.96778
0.01,0.83 ,0.0309262, 0.147708,0.821366,0.969074
0.01,0.84 ,0.0297037, 0.149154,0.821142,0.970296
0.01,0.85 ,0.0285487, 0.150583,0.820868,0.971451
0.01,0.86 ,0.0274572, 0.151995,0.820548,0.972543
0.01,0.87 ,0.0264258, 0.15339,0.820185,0.973574
0.01,0.88 ,0.0254512, 0.154768,0.819781,0.974549
0.01,0.89 ,0.0245303, 0.156129,0.819341,0.97547
0.01,0.9 ,0.02366, 0.157475,0.818865,0.97634
0.01,0.91 ,0.0228377, 0.158805,0.818357,0.977162
0.01,0.92 ,0.0220608, 0.160119,0.81782,0.977939
0.01,0.93 ,0.0213267, 0.161418,0.817255,0.978673
0.01,0.94 ,0.0206331, 0.162703,0.816664,0.979367
0.01,0.95 ,0.0199778, 0.163972,0.81605,0.980022
0.01,0.96 ,0.0193588, 0.165228,0.815413,0.980641
0.01,0.97 ,0.0187741, 0.166469,0.814757,0.981226
0.01,0.98 ,0.0182217, 0.167696,0.814082,0.981778
0.01,0.99 ,0.0177, 0.16891,0.81339,0.9823
0.01,1 ,0.0172073, 0.17011,0.812682,0.982793
0.02,0 ,0.982265, 0.0156945,0.0020402,0.0177347
0.02,0.01 ,0.981601, 0.0159631,0.00243604,0.0183992
0.02,0.02 ,0.980873, 0.0162461,0.00288127,0.0191273
0.02,0.03 ,0.980071, 0.0165445,0.00338401,0.0199285
0.02,0.04 ,0.979186, 0.0168598,0.00395407,0.0208138
0.02,0.05 ,0.978203, 0.0171933,0.00460347,0.0217968
0.02,0.06 ,0.977106, 0.0175469,0.00534697,0.0228938
0.02,0.07 ,0.975875, 0.0179222,0.00620291,0.0241251
0.02,0.08 ,0.974484, 0.0183213,0.00719429,0.0255156
0.02,0.09 ,0.972903, 0.0187466,0.00835023,0.0270969
0.02,0.1 ,0.971091, 0.0192007,0.00970804,0.0289088
0.02,0.11 ,0.968997, 0.0196865,0.0113161,0.0310027
0.02,0.12 ,0.966555, 0.0202073,0.0132381,0.0334455
0.02,0.13 ,0.963674, 0.0207669,0.0155589,0.0363258
0.02,0.14 ,0.960237, 0.0213696,0.0183933,0.0397629
0.02,0.15 ,0.956081, 0.02202,0.0218994,0.0439194
0.02,0.16 ,0.950978, 0.0227236,0.026298,0.0490216
0.02,0.17 ,0.944612, 0.0234864,0.031902,0.0553884
0.02,0.18 ,0.936526, 0.0243152,0.0391586,0.0634738
0.02,0.19 ,0.926077, 0.025217,0.0487056,0.0739227
0.02,0.2 ,0.912372, 0.0261999,0.0614285,0.0876285
0.02,0.21 ,0.894262, 0.0272718,0.0784662,0.105738
0.02,0.22 ,0.870521, 0.0284407,0.101038,0.129479
0.02,0.23 ,0.840339, 0.0297138,0.129947,0.159661
0.02,0.24 ,0.803987, 0.0310969,0.164916,0.196013
0.02,0.25 ,0.763012, 0.0325936,0.204394,0.236988
0.02,0.26 ,0.71961, 0.0342046,0.246186,0.28039
0.02,0.27 ,0.675787, 0.0359276,0.288285,0.324213
0.02,0.28 ,0.632965, 0.0377577,0.329277,0.367035
0.02,0.29 ,0.591989, 0.0396872,0.368324,0.408011
0.02,0.3 ,0.553285, 0.0417068,0.405008,0.446715
0.02,0.31 ,0.517019, 0.0438062,0.439175,0.482981
0.02,0.32 ,0.483201, 0.0459746,0.470825,0.516799
0.02,0.33 ,0.451755, 0.0482012,0.500044,0.548245
0.02,0.34 ,0.422561, 0.0504757,0.526963,0.577439
0.02,0.35 ,0.395478, 0.0527884,0.551733,0.604522
0.02,0.36 ,0.370358, 0.0551305,0.574511,0.629642
0.02,0.37 ,0.347056, 0.0574939,0.59545,0.652944
0.02,0.38 ,0.325432, 0.0598714,0.614697,0.674568
0.02,0.39 ,0.305353, 0.0622568,0.63239,0.694647
0.02,0.4 ,0.286698, 0.0646443,0.648657,0.713302
0.02,0.41 ,0.269354, 0.0670293,0.663616,0.730646
0.02,0.42 ,0.253217, 0.0694076,0.677376,0.746783
0.02,0.43 ,0.23819, 0.0717755,0.690034,0.76181
0.02,0.44 ,0.224188, 0.07413,0.701682,0.775812
0.02,0.45 ,0.211131, 0.0764685,0.712401,0.788869
0.02,0.46 ,0.198945, 0.0787889,0.722266,0.801055
0.02,0.47 ,0.187566, 0.0810893,0.731345,0.812434
0.02,0.48 ,0.176931, 0.0833682,0.739701,0.823069
0.02,0.49 ,0.166986, 0.0856244,0.74739,0.833014
0.02,0.5 ,0.157679, 0.0878568,0.754464,0.842321
0.02,0.51 ,0.148965, 0.0900648,0.76097,0.851035
0.02,0.52 ,0.140801, 0.0922476,0.766952,0.859199
0.02,0.53 ,0.133147, 0.0944049,0.772448,0.866853
0.02,0.54 ,0.125968, 0.0965362,0.777496,0.874032
0.02,0.55 ,0.119231, 0.0986414,0.782128,0.880769
0.02,0.56 ,0.112905, 0.10072,0.786375,0.887095
0.02,0.57 ,0.106963, 0.102773,0.790264,0.893037
0.02,0.58 ,0.101379, 0.104799,0.793822,0.898621
0.02,0.59 ,0.0961284, 0.1068,0.797072,0.903872
0.02,0.6 ,0.0911901, 0.108774,0.800036,0.90881
0.02,0.61 ,0.0865436, 0.110722,0.802734,0.913456
0.02,0.62 ,0.0821699, 0.112645,0.805185,0.91783
0.02,0.63 ,0.0780517, 0.114543,0.807405,0.921948
0.02,0.64 ,0.0741728, 0.116416,0.809412,0.925827
0.02,0.65 ,0.0705181, 0.118263,0.811218,0.929482
0.02,0.66 ,0.0670738, 0.120087,0.812839,0.932926
0.02,0.67 ,0.0638268, 0.121886,0.814287,0.936173
0.02,0.68 ,0.0607651, 0.123662,0.815573,0.939235
0.02,0.69 ,0.0578774, 0.125415,0.816708,0.942123
0.02,0.7 ,0.0551533, 0.127144,0.817703,0.944847
0.02,0.71 ,0.0525829, 0.128851,0.818566,0.947417
0.02,0.72 ,0.0501572, 0.130536,0.819307,0.949843
0.02,0.73 ,0.0478675, 0.132198,0.819934,0.952132
0.02,0.74 ,0.045706, 0.13384,0.820454,0.954294
0.02,0.75 ,0.0436651, 0.13546,0.820875,0.956335
0.02,0.76 ,0.0417379, 0.13706,0.821202,0.958262
0.02,0.77 ,0.0399178, 0.138639,0.821443,0.960082
0.02,0.78 ,0.0381987, 0.140198,0.821603,0.961801
0.02,0.79 ,0.0365749, 0.141737,0.821688,0.963425
0.02,0.8 ,0.0350408, 0.143258,0.821702,0.964959
0.02,0.81 ,0.0335915, 0.144759,0.82165,0.966408
0.02,0.82 ,0.0322222, 0.146241,0.821536,0.967778
0.02,0.83 ,0.0309285, 0.147706,0.821366,0.969072
0.02,0.84 ,0.029706, 0.149152,0.821142,0.970294
0.02,0.85 ,0.0285508, 0.150581,0.820868,0.971449
0.02,0.86 ,0.0274593, 0.151993,0.820548,0.972541
0.02,0.87 ,0.0264278, 0.153388,0.820185,0.973572
0.02,0.88 ,0.0254531, 0.154766,0.819781,0.974547
0.02,0.89 ,0.0245321, 0.156127,0.819341,0.975468
0.02,0.9 ,0.0236618, 0.157473,0.818865,0.976338
0.02,0.91 ,0.0228395, 0.158803,0.818358,0.97716
0.02,0.92 ,0.0220625, 0.160117,0.81782,0.977938
0.02,0.93 ,0.0213283, 0.161416,0.817255,0.978672
0.02,0.94 ,0.0206347, 0.162701,0.816665,0.979365
0.02,0.95 ,0.0199794, 0.16397,0.81605,0.980021
0.02,0.96 ,0.0193603, 0.165226,0.815414,0.98064
0.02,0.97 ,0.0187755, 0.166467,0.814758,0.981224
0.02,0.98 ,0.0182231, 0.167694,0.814083,0.981777
0.02,0.99 ,0.0177014, 0.168908,0.813391,0.982299
0.02,1 ,0.0172087, 0.170108,0.812683,0.982791
0.03,0 ,0.982241, 0.0156973,0.00206164,0.017759
0.03,0.01 ,0.981577, 0.0159659,0.00245747,0.0184234
0.03,0.02 ,0.980848, 0.0162489,0.00290268,0.0191515
0.03,0.03 ,0.980047, 0.0165473,0.00340539,0.0199527
0.03,0.04 ,0.979162, 0.0168625,0.00397543,0.020838
0.03,0.05 ,0.978179, 0.0171961,0.00462479,0.0218209
0.03,0.06 ,0.977082, 0.0175496,0.00536825,0.0229179
0.03,0.07 ,0.975851, 0.0179249,0.00622414,0.024149
0.03,0.08 ,0.974461, 0.018324,0.00721545,0.0255395
0.03,0.09 ,0.972879, 0.0187493,0.00837131,0.0271206
0.03,0.1 ,0.971068, 0.0192034,0.00972902,0.0289324
0.03,0.11 ,0.968974, 0.0196892,0.011337,0.0310261
0.03,0.12 ,0.966531, 0.0202099,0.0132588,0.0334688
0.03,0.13 ,0.963651, 0.0207695,0.0155794,0.0363489
0.03,0.14 ,0.960214, 0.0213721,0.0184134,0.0397856
0.03,0.15 ,0.956058, 0.0220225,0.0219191,0.0439416
0.03,0.16 ,0.950957, 0.0227261,0.0263171,0.0490432
0.03,0.17 ,0.944591, 0.0234888,0.0319203,0.0554092
0.03,0.18 ,0.936507, 0.0243175,0.0391758,0.0634933
0.03,0.19 ,0.926059, 0.0252193,0.0487212,0.0739405
0.03,0.2 ,0.912356, 0.0262021,0.0614418,0.0876439
0.03,0.21 ,0.89425, 0.0272739,0.0784761,0.10575
0.03,0.22 ,0.870514, 0.0284427,0.101043,0.129486
0.03,0.23 ,0.840336, 0.0297157,0.129948,0.159664
0.03,0.24 ,0.803989, 0.0310987,0.164912,0.196011
0.03,0.25 ,0.763019, 0.0325952,0.204386,0.236981
0.03,0.26 ,0.71962, 0.034206,0.246174,0.28038
0.03,0.27 ,0.675799, 0.035929,0.288272,0.324201
0.03,0.28 ,0.632979, 0.0377589,0.329263,0.367021
0.03,0.29 ,0.592002, 0.0396882,0.368309,0.407998
0.03,0.3 ,0.553299, 0.0417077,0.404994,0.446701
0.03,0.31 ,0.517033, 0.0438069,0.43916,0.482967
0.03,0.32 ,0.483215, 0.0459752,0.47081,0.516785
0.03,0.33 ,0.451769, 0.0482016,0.50003,0.548231
0.03,0.34 ,0.422575, 0.050476,0.526949,0.577425
0.03,0.35 ,0.395491, 0.0527886,0.55172,0.604509
0.03,0.36 ,0.370371, 0.0551306,0.574498,0.629629
0.03,0.37 ,0.347068, 0.0574939,0.595438,0.652932
0.03,0.38 ,0.325443, 0.0598713,0.614685,0.674557
0.03,0.39 ,0.305365, 0.0622565,0.632379,0.694635
0.03,0.4 ,0.286709, 0.064644,0.648647,0.713291
0.03,0.41 ,0.269365, 0.0670289,0.663606,0.730635
0.03,0.42 ,0.253227, 0.0694071,0.677366,0.746773
0.03,0.43 ,0.2382, 0.0717749,0.690025,0.7618
0.03,0.44 ,0.224198, 0.0741293,0.701673,0.775802
0.03,0.45 ,0.21114, 0.0764678,0.712392,0.78886
0.03,0.46 ,0.198954, 0.0787881,0.722258,0.801046
0.03,0.47 ,0.187574, 0.0810884,0.731337,0.812426
0.03,0.48 ,0.176939, 0.0833673,0.739694,0.823061
0.03,0.49 ,0.166994, 0.0856234,0.747383,0.833006
0.03,0.5 ,0.157687, 0.0878558,0.754457,0.842313
0.03,0.51 ,0.148972, 0.0900637,0.760964,0.851028
0.03,0.52 ,0.140808, 0.0922465,0.766946,0.859192
0.03,0.53 ,0.133154, 0.0944037,0.772443,0.866846
0.03,0.54 ,0.125974, 0.0965349,0.777491,0.874026
0.03,0.55 ,0.119237, 0.0986401,0.782123,0.880763
0.03,0.56 ,0.112911, 0.100719,0.78637,0.887089
0.03,0.57 ,0.106969, 0.102772,0.79026,0.893031
0.03,0.58 ,0.101384, 0.104798,0.793818,0.898616
0.03,0.59 ,0.0961338, 0.106798,0.797068,0.903866
0.03,0.6 ,0.0911954, 0.108772,0.800032,0.908805
0.03,0.61 ,0.0865487, 0.110721,0.80273,0.913451
0.03,0.62 ,0.0821748, 0.112644,0.805181,0.917825
0.03,0.63 ,0.0780565, 0.114541,0.807402,0.921944
0.03,0.64 ,0.0741774, 0.116414,0.809409,0.925823
0.03,0.65 ,0.0705226, 0.118262,0.811216,0.929477
0.03,0.66 ,0.0670781, 0.120085,0.812837,0.932922
0.03,0.67 ,0.0638309, 0.121885,0.814284,0.936169
0.03,0.68 ,0.0607691, 0.12366,0.81557,0.939231
0.03,0.69 ,0.0578813, 0.125413,0.816706,0.942119
0.03,0.7 ,0.055157, 0.127142,0.817701,0.944843
0.03,0.71 ,0.0525865, 0.128849,0.818564,0.947413
0.03,0.72 ,0.0501606, 0.130534,0.819305,0.949839
0.03,0.73 ,0.0478709, 0.132197,0.819932,0.952129
0.03,0.74 ,0.0457092, 0.133838,0.820453,0.954291
0.03,0.75 ,0.0436683, 0.135458,0.820874,0.956332
0.03,0.76 ,0.0417409, 0.137058,0.821201,0.958259
0.03,0.77 ,0.0399208, 0.138637,0.821442,0.960079
0.03,0.78 ,0.0382016, 0.140196,0.821602,0.961798
0.03,0.79 ,0.0365776, 0.141735,0.821687,0.963422
0.03,0.8 ,0.0350435, 0.143256,0.821701,0.964957
0.03,0.81 ,0.0335941, 0.144757,0.821649,0.966406
0.03,0.82 ,0.0322247, 0.146239,0.821536,0.967775
0.03,0.83 ,0.0309308, 0.147704,0.821365,0.969069
0.03,0.84 ,0.0297083, 0.14915,0.821141,0.970292
0.03,0.85 ,0.028553, 0.150579,0.820868,0.971447
0.03,0.86 ,0.0274614, 0.151991,0.820548,0.972539
0.03,0.87 ,0.0264299, 0.153385,0.820185,0.97357
0.03,0.88 ,0.0254552, 0.154763,0.819781,0.974545
0.03,0.89 ,0.0245341, 0.156125,0.819341,0.975466
0.03,0.9 ,0.0236637, 0.157471,0.818866,0.976336
0.03,0.91 ,0.0228413, 0.158801,0.818358,0.977159
0.03,0.92 ,0.0220643, 0.160115,0.817821,0.977936
0.03,0.93 ,0.02133, 0.161414,0.817256,0.97867
0.03,0.94 ,0.0206364, 0.162699,0.816665,0.979364
0.03,0.95 ,0.019981, 0.163968,0.816051,0.980019
0.03,0.96 ,0.0193619, 0.165224,0.815415,0.980638
0.03,0.97 ,0.018777, 0.166465,0.814758,0.981223
0.03,0.98 ,0.0182246, 0.167692,0.814083,0.981775
0.03,0.99 ,0.0177028, 0.168906,0.813391,0.982297
0.03,1 ,0.01721, 0.170106,0.812684,0.98279
0.04,0 ,0.982216, 0.0157002,0.00208408,0.0177843
0.04,0.01 ,0.981551, 0.0159688,0.0024799,0.0184487
0.04,0.02 ,0.980823, 0.0162517,0.00292509,0.0191768
0.04,0.03 ,0.980022, 0.0165502,0.00342777,0.0199779
0.04,0.04 ,0.979137, 0.0168654,0.00399778,0.0208632
0.04,0.05 ,0.978154, 0.0171989,0.00464711,0.0218461
0.04,0.06 ,0.977057, 0.0175524,0.00539052,0.022943
0.04,0.07 ,0.975826, 0.0179277,0.00624636,0.0241741
0.04,0.08 ,0.974436, 0.0183268,0.00723761,0.0255644
0.04,0.09 ,0.972855, 0.0187521,0.00839338,0.0271455
0.04,0.1 ,0.971043, 0.0192061,0.00975098,0.0289571
0.04,0.11 ,0.968949, 0.0196919,0.0113588,0.0310507
0.04,0.12 ,0.966507, 0.0202126,0.0132805,0.0334931
0.04,0.13 ,0.963627, 0.0207722,0.0156008,0.0363729
0.04,0.14 ,0.960191, 0.0213747,0.0184345,0.0398092
0.04,0.15 ,0.956035, 0.0220251,0.0219398,0.0439648
0.04,0.16 ,0.950934, 0.0227286,0.0263372,0.0490658
0.04,0.17 ,0.944569, 0.0234913,0.0319395,0.0554308
0.04,0.18 ,0.936486, 0.0243199,0.0391939,0.0635137
0.04,0.19 ,0.926041, 0.0252216,0.0487376,0.0739592
0.04,0.2 ,0.91234, 0.0262043,0.0614557,0.08766
0.04,0.21 ,0.894237, 0.0272761,0.0784866,0.105763
0.04,0.22 ,0.870506, 0.0284448,0.101049,0.129494
0.04,0.23 ,0.840334, 0.0297176,0.129949,0.159666
0.04,0.24 ,0.803992, 0.0311005,0.164908,0.196008
0.04,0.25 ,0.763026, 0.0325969,0.204377,0.236974
0.04,0.26 ,0.71963, 0.0342075,0.246162,0.28037
0.04,0.27 ,0.675812, 0.0359303,0.288258,0.324188
0.04,0.28 ,0.632992, 0.0377601,0.329248,0.367008
0.04,0.29 ,0.592017, 0.0396893,0.368294,0.407983
0.04,0.3 ,0.553313, 0.0417086,0.404978,0.446687
0.04,0.31 ,0.517047, 0.0438077,0.439145,0.482953
0.04,0.32 ,0.483229, 0.0459758,0.470795,0.516771
0.04,0.33 ,0.451783, 0.0482021,0.500015,0.548217
0.04,0.34 ,0.422588, 0.0504764,0.526935,0.577412
0.04,0.35 ,0.395504, 0.0527889,0.551707,0.604496
0.04,0.36 ,0.370384, 0.0551307,0.574485,0.629616
0.04,0.37 ,0.347081, 0.0574939,0.595425,0.652919
0.04,0.38 ,0.325456, 0.0598712,0.614673,0.674544
0.04,0.39 ,0.305376, 0.0622563,0.632367,0.694624
0.04,0.4 ,0.286721, 0.0646437,0.648636,0.713279
0.04,0.41 ,0.269376, 0.0670285,0.663596,0.730624
0.04,0.42 ,0.253237, 0.0694065,0.677356,0.746763
0.04,0.43 ,0.23821, 0.0717743,0.690016,0.76179
0.04,0.44 ,0.224207, 0.0741286,0.701664,0.775793
0.04,0.45 ,0.211149, 0.076467,0.712384,0.788851
0.04,0.46 ,0.198963, 0.0787872,0.722249,0.801037
0.04,0.47 ,0.187583, 0.0810875,0.73133,0.812417
0.04,0.48 ,0.176948, 0.0833663,0.739686,0.823052
0.04,0.49 ,0.167002, 0.0856224,0.747376,0.832998
0.04,0.5 ,0.157695, 0.0878547,0.754451,0.842305
0.04,0.51 ,0.14898, 0.0900626,0.760958,0.85102
0.04,0.52 ,0.140815, 0.0922453,0.76694,0.859185
0.04,0.53 ,0.133161, 0.0944024,0.772437,0.866839
0.04,0.54 ,0.125981, 0.0965337,0.777485,0.874019
0.04,0.55 ,0.119244, 0.0986388,0.782118,0.880756
0.04,0.56 ,0.112917, 0.100718,0.786365,0.887083
0.04,0.57 ,0.106975, 0.10277,0.790255,0.893025
0.04,0.58 ,0.10139, 0.104797,0.793813,0.89861
0.04,0.59 ,0.0961395, 0.106797,0.797064,0.90386
0.04,0.6 ,0.0912009, 0.108771,0.800028,0.908799
0.04,0.61 ,0.086554, 0.110719,0.802727,0.913446
0.04,0.62 ,0.0821799, 0.112642,0.805178,0.91782
0.04,0.63 ,0.0780614, 0.11454,0.807399,0.921939
0.04,0.64 ,0.0741821, 0.116412,0.809406,0.925818
0.04,0.65 ,0.0705271, 0.11826,0.811213,0.929473
0.04,0.66 ,0.0670825, 0.120084,0.812834,0.932918
0.04,0.67 ,0.0638352, 0.121883,0.814282,0.936165
0.04,0.68 ,0.0607732, 0.123659,0.815568,0.939227
0.04,0.69 ,0.0578853, 0.125411,0.816704,0.942115
0.04,0.7 ,0.0551609, 0.127141,0.817699,0.944839
0.04,0.71 ,0.0525902, 0.128847,0.818562,0.94741
0.04,0.72 ,0.0501642, 0.130532,0.819304,0.949836
0.04,0.73 ,0.0478743, 0.132195,0.819931,0.952126
0.04,0.74 ,0.0457126, 0.133836,0.820451,0.954287
0.04,0.75 ,0.0436715, 0.135456,0.820872,0.956329
0.04,0.76 ,0.0417441, 0.137056,0.8212,0.958256
0.04,0.77 ,0.0399238, 0.138635,0.821441,0.960076
0.04,0.78 ,0.0382045, 0.140194,0.821602,0.961796
0.04,0.79 ,0.0365804, 0.141733,0.821686,0.96342
0.04,0.8 ,0.0350462, 0.143254,0.8217,0.964954
0.04,0.81 ,0.0335967, 0.144755,0.821648,0.966403
0.04,0.82 ,0.0322273, 0.146237,0.821535,0.967773
0.04,0.83 ,0.0309333, 0.147702,0.821365,0.969067
0.04,0.84 ,0.0297107, 0.149148,0.821141,0.970289
0.04,0.85 ,0.0285553, 0.150577,0.820868,0.971445
0.04,0.86 ,0.0274636, 0.151989,0.820548,0.972536
0.04,0.87 ,0.0264321, 0.153383,0.820185,0.973568
0.04,0.88 ,0.0254572, 0.154761,0.819781,0.974543
0.04,0.89 ,0.0245361, 0.156123,0.819341,0.975464
0.04,0.9 ,0.0236657, 0.157469,0.818866,0.976334
0.04,0.91 ,0.0228432, 0.158798,0.818358,0.977157
0.04,0.92 ,0.0220661, 0.160113,0.817821,0.977934
0.04,0.93 ,0.0213318, 0.161412,0.817256,0.978668
0.04,0.94 ,0.0206381, 0.162696,0.816666,0.979362
0.04,0.95 ,0.0199827, 0.163966,0.816051,0.980017
0.04,0.96 ,0.0193635, 0.165221,0.815415,0.980637
0.04,0.97 ,0.0187786, 0.166463,0.814759,0.981221
0.04,0.98 ,0.0182261, 0.16769,0.814084,0.981774
0.04,0.99 ,0.0177043, 0.168904,0.813392,0.982296
0.04,1 ,0.0172115, 0.170104,0.812685,0.982789
0.05,0 ,0.982189, 0.0157032,0.00210761,0.0178108
0.05,0.01 ,0.981525, 0.0159718,0.0025034,0.0184752
0.05,0.02 ,0.980797, 0.0162547,0.00294857,0.0192033
0.05,0.03 ,0.979996, 0.0165531,0.00345123,0.0200043
0.05,0.04 ,0.97911, 0.0168683,0.00402121,0.0208895
0.05,0.05 ,0.978128, 0.0172019,0.0046705,0.0218724
0.05,0.06 ,0.977031, 0.0175553,0.00541387,0.0229692
0.05,0.07 ,0.9758, 0.0179306,0.00626965,0.0242002
0.05,0.08 ,0.974409, 0.0183297,0.00726082,0.0255905
0.05,0.09 ,0.972829, 0.0187549,0.00841651,0.0271714
0.05,0.1 ,0.971017, 0.0192089,0.009774,0.0289829
0.05,0.11 ,0.968924, 0.0196947,0.0113817,0.0310763
0.05,0.12 ,0.966481, 0.0202154,0.0133031,0.0335185
0.05,0.13 ,0.963602, 0.0207749,0.0156232,0.0363981
0.05,0.14 ,0.960166, 0.0213774,0.0184566,0.039834
0.05,0.15 ,0.956011, 0.0220277,0.0219614,0.0439891
0.05,0.16 ,0.950911, 0.0227312,0.0263582,0.0490894
0.05,0.17 ,0.944546, 0.0234938,0.0319597,0.0554535
0.05,0.18 ,0.936465, 0.0243223,0.0392128,0.0635351
0.05,0.19 ,0.926021, 0.025224,0.0487547,0.0739787
0.05,0.2 ,0.912323, 0.0262066,0.0614703,0.0876769
0.05,0.21 ,0.894224, 0.0272783,0.0784976,0.105776
0.05,0.22 ,0.870497, 0.0284468,0.101056,0.129503
0.05,0.23 ,0.840331, 0.0297196,0.12995,0.159669
0.05,0.24 ,0.803995, 0.0311023,0.164903,0.196005
0.05,0.25 ,0.763033, 0.0325985,0.204368,0.236967
0.05,0.26 ,0.719641, 0.0342091,0.24615,0.280359
0.05,0.27 ,0.675825, 0.0359317,0.288244,0.324175
0.05,0.28 ,0.633006, 0.0377613,0.329232,0.366994
0.05,0.29 ,0.592031, 0.0396903,0.368278,0.407969
0.05,0.3 ,0.553328, 0.0417095,0.404962,0.446672
0.05,0.31 ,0.517062, 0.0438084,0.439129,0.482938
0.05,0.32 ,0.483244, 0.0459764,0.47078,0.516756
0.05,0.33 ,0.451797, 0.0482026,0.5,0.548203
0.05,0.34 ,0.422603, 0.0504767,0.526921,0.577397
0.05,0.35 ,0.395518, 0.0527891,0.551693,0.604482
0.05,0.36 ,0.370397, 0.0551308,0.574472,0.629603
0.05,0.37 ,0.347094, 0.0574938,0.595412,0.652906
0.05,0.38 ,0.325468, 0.059871,0.614661,0.674532
0.05,0.39 ,0.305389, 0.062256,0.632355,0.694611
0.05,0.4 ,0.286732, 0.0646433,0.648624,0.713268
0.05,0.41 ,0.269387, 0.067028,0.663585,0.730613
0.05,0.42 ,0.253248, 0.069406,0.677346,0.746752
0.05,0.43 ,0.238221, 0.0717736,0.690006,0.761779
0.05,0.44 ,0.224218, 0.0741279,0.701655,0.775782
0.05,0.45 ,0.211159, 0.0764662,0.712375,0.788841
0.05,0.46 ,0.198973, 0.0787864,0.722241,0.801027
0.05,0.47 ,0.187592, 0.0810866,0.731321,0.812408
0.05,0.48 ,0.176956, 0.0833653,0.739678,0.823044
0.05,0.49 ,0.16701, 0.0856213,0.747368,0.83299
0.05,0.5 ,0.157703, 0.0878536,0.754444,0.842297
0.05,0.51 ,0.148988, 0.0900614,0.760951,0.851012
0.05,0.52 ,0.140823, 0.0922441,0.766933,0.859177
0.05,0.53 ,0.133168, 0.0944012,0.772431,0.866832
0.05,0.54 ,0.125988, 0.0965324,0.777479,0.874012
0.05,0.55 ,0.11925, 0.0986374,0.782112,0.88075
0.05,0.56 ,0.112924, 0.100716,0.78636,0.887076
0.05,0.57 ,0.106981, 0.102769,0.79025,0.893019
0.05,0.58 ,0.101396, 0.104795,0.793809,0.898604
0.05,0.59 ,0.0961454, 0.106795,0.797059,0.903855
0.05,0.6 ,0.0912066, 0.108769,0.800024,0.908793
0.05,0.61 ,0.0865594, 0.110718,0.802723,0.913441
0.05,0.62 ,0.0821852, 0.112641,0.805174,0.917815
0.05,0.63 ,0.0780665, 0.114538,0.807395,0.921934
0.05,0.64 ,0.0741871, 0.116411,0.809402,0.925813
0.05,0.65 ,0.0705319, 0.118258,0.81121,0.929468
0.05,0.66 ,0.0670871, 0.120082,0.812831,0.932913
0.05,0.67 ,0.0638396, 0.121881,0.814279,0.93616
0.05,0.68 ,0.0607775, 0.123657,0.815566,0.939223
0.05,0.69 ,0.0578894, 0.125409,0.816701,0.942111
0.05,0.7 ,0.0551648, 0.127139,0.817696,0.944835
0.05,0.71 ,0.0525941, 0.128846,0.81856,0.947406
0.05,0.72 ,0.0501679, 0.13053,0.819302,0.949832
0.05,0.73 ,0.0478779, 0.132193,0.819929,0.952122
0.05,0.74 ,0.0457161, 0.133834,0.82045,0.954284
0.05,0.75 ,0.0436748, 0.135454,0.820871,0.956325
0.05,0.76 ,0.0417473, 0.137054,0.821199,0.958253
0.05,0.77 ,0.0399269, 0.138633,0.82144,0.960073
0.05,0.78 ,0.0382075, 0.140192,0.821601,0.961793
0.05,0.79 ,0.0365833, 0.141731,0.821685,0.963417
0.05,0.8 ,0.035049, 0.143252,0.821699,0.964951
0.05,0.81 ,0.0335994, 0.144753,0.821648,0.966401
0.05,0.82 ,0.0322299, 0.146235,0.821535,0.96777
0.05,0.83 ,0.0309358, 0.1477,0.821364,0.969064
0.05,0.84 ,0.0297131, 0.149146,0.821141,0.970287
0.05,0.85 ,0.0285577, 0.150575,0.820867,0.971442
0.05,0.86 ,0.027466, 0.151987,0.820547,0.972534
0.05,0.87 ,0.0264343, 0.153381,0.820184,0.973566
0.05,0.88 ,0.0254594, 0.154759,0.819781,0.974541
0.05,0.89 ,0.0245382, 0.156121,0.819341,0.975462
0.05,0.9 ,0.0236677, 0.157466,0.818866,0.976332
0.05,0.91 ,0.0228452, 0.158796,0.818359,0.977155
0.05,0.92 ,0.022068, 0.160111,0.817821,0.977932
0.05,0.93 ,0.0213336, 0.16141,0.817256,0.978666
0.05,0.94 ,0.0206398, 0.162694,0.816666,0.97936
0.05,0.95 ,0.0199844, 0.163964,0.816052,0.980016
0.05,0.96 ,0.0193651, 0.165219,0.815416,0.980635
0.05,0.97 ,0.0187802, 0.16646,0.81476,0.98122
0.05,0.98 ,0.0182277, 0.167688,0.814085,0.981772
0.05,0.99 ,0.0177058, 0.168901,0.813393,0.982294
0.05,1 ,0.0172129, 0.170102,0.812686,0.982787
0.06,0 ,0.982161, 0.0157063,0.00213231,0.0178386
0.06,0.01 ,0.981497, 0.0159748,0.00252808,0.0185029
0.06,0.02 ,0.980769, 0.0162577,0.00297323,0.019231
0.06,0.03 ,0.979968, 0.0165561,0.00347587,0.020032
0.06,0.04 ,0.979083, 0.0168713,0.00404581,0.0209172
0.06,0.05 ,0.9781, 0.0172049,0.00469506,0.0218999
0.06,0.06 ,0.977003, 0.0175583,0.00543839,0.0229967
0.06,0.07 ,0.975772, 0.0179336,0.00629411,0.0242277
0.06,0.08 ,0.974382, 0.0183326,0.00728521,0.0256178
0.06,0.09 ,0.972801, 0.0187579,0.0084408,0.0271987
0.06,0.1 ,0.97099, 0.0192118,0.00979818,0.02901
0.06,0.11 ,0.968897, 0.0196975,0.0114057,0.0311032
0.06,0.12 ,0.966455, 0.0202182,0.013327,0.0335452
0.06,0.13 ,0.963576, 0.0207777,0.0156468,0.0364245
0.06,0.14 ,0.96014, 0.0213801,0.0184799,0.03986
0.06,0.15 ,0.955985, 0.0220304,0.0219842,0.0440146
0.06,0.16 ,0.950886, 0.0227338,0.0263804,0.0491142
0.06,0.17 ,0.944523, 0.0234964,0.031981,0.0554774
0.06,0.18 ,0.936442, 0.0243249,0.0392328,0.0635576
0.06,0.19 ,0.926001, 0.0252264,0.0487728,0.0739993
0.06,0.2 ,0.912305, 0.026209,0.0614857,0.0876947
0.06,0.21 ,0.89421, 0.0272805,0.0785093,0.10579
0.06,0.22 ,0.870488, 0.028449,0.101063,0.129512
0.06,0.23 ,0.840328, 0.0297216,0.129951,0.159672
0.06,0.24 ,0.803997, 0.0311042,0.164899,0.196003
0.06,0.25 ,0.763041, 0.0326003,0.204359,0.236959
0.06,0.26 ,0.719652, 0.0342107,0.246138,0.280348
0.06,0.27 ,0.675838, 0.0359332,0.288229,0.324162
0.06,0.28 ,0.633021, 0.0377626,0.329216,0.366979
0.06,0.29 ,0.592047, 0.0396914,0.368262,0.407953
0.06,0.3 ,0.553344, 0.0417104,0.404946,0.446656
0.06,0.31 ,0.517078, 0.0438092,0.439113,0.482922
0.06,0.32 ,0.483259, 0.045977,0.470764,0.516741
0.06,0.33 ,0.451813, 0.048203,0.499984,0.548187
0.06,0.34 ,0.422617, 0.050477,0.526906,0.577383
0.06,0.35 ,0.395533, 0.0527892,0.551678,0.604467
0.06,0.36 ,0.370411, 0.0551308,0.574458,0.629589
0.06,0.37 ,0.347108, 0.0574938,0.595399,0.652892
0.06,0.38 ,0.325481, 0.0598708,0.614648,0.674519
0.06,0.39 ,0.305401, 0.0622558,0.632343,0.694599
0.06,0.4 ,0.286745, 0.0646429,0.648612,0.713255
0.06,0.41 ,0.269399, 0.0670275,0.663574,0.730601
0.06,0.42 ,0.25326, 0.0694054,0.677335,0.74674
0.06,0.43 ,0.238232, 0.071773,0.689995,0.761768
0.06,0.44 ,0.224228, 0.0741272,0.701645,0.775772
0.06,0.45 ,0.211169, 0.0764654,0.712365,0.788831
0.06,0.46 ,0.198983, 0.0787855,0.722232,0.801017
0.06,0.47 ,0.187602, 0.0810856,0.731313,0.812398
0.06,0.48 ,0.176966, 0.0833643,0.73967,0.823034
0.06,0.49 ,0.167019, 0.0856202,0.747361,0.832981
0.06,0.5 ,0.157711, 0.0878524,0.754436,0.842289
0.06,0.51 ,0.148996, 0.0900602,0.760944,0.851004
0.06,0.52 ,0.14083, 0.0922428,0.766927,0.85917
0.06,0.53 ,0.133176, 0.0943999,0.772425,0.866824
0.06,0.54 ,0.125996, 0.096531,0.777473,0.874004
0.06,0.55 ,0.119257, 0.098636,0.782107,0.880743
0.06,0.56 ,0.112931, 0.100715,0.786354,0.887069
0.06,0.57 ,0.106988, 0.102767,0.790245,0.893012
0.06,0.58 ,0.101403, 0.104794,0.793804,0.898597
0.06,0.59 ,0.0961516, 0.106794,0.797055,0.903848
0.06,0.6 ,0.0912125, 0.108768,0.80002,0.908788
0.06,0.61 ,0.0865651, 0.110716,0.802719,0.913435
0.06,0.62 ,0.0821907, 0.112639,0.80517,0.917809
0.06,0.63 ,0.0780718, 0.114536,0.807392,0.921928
0.06,0.64 ,0.0741922, 0.116409,0.809399,0.925808
0.06,0.65 ,0.0705368, 0.118257,0.811207,0.929463
0.06,0.66 ,0.0670919, 0.12008,0.812828,0.932908
0.06,0.67 ,0.0638442, 0.121879,0.814276,0.936156
0.06,0.68 ,0.0607819, 0.123655,0.815563,0.939218
0.06,0.69 ,0.0578937, 0.125407,0.816699,0.942106
0.06,0.7 ,0.055169, 0.127137,0.817694,0.944831
0.06,0.71 ,0.0525981, 0.128844,0.818558,0.947402
0.06,0.72 ,0.0501718, 0.130528,0.8193,0.949828
0.06,0.73 ,0.0478817, 0.132191,0.819927,0.952118
0.06,0.74 ,0.0457196, 0.133832,0.820448,0.95428
0.06,0.75 ,0.0436783, 0.135452,0.820869,0.956322
0.06,0.76 ,0.0417507, 0.137052,0.821198,0.958249
0.06,0.77 ,0.0399301, 0.138631,0.821439,0.96007
0.06,0.78 ,0.0382106, 0.14019,0.821599,0.961789
0.06,0.79 ,0.0365864, 0.141729,0.821684,0.963414
0.06,0.8 ,0.0350519, 0.143249,0.821699,0.964948
0.06,0.81 ,0.0336023, 0.144751,0.821647,0.966398
0.06,0.82 ,0.0322326, 0.146233,0.821534,0.967767
0.06,0.83 ,0.0309385, 0.147698,0.821364,0.969062
0.06,0.84 ,0.0297157, 0.149144,0.82114,0.970284
0.06,0.85 ,0.0285602, 0.150573,0.820867,0.97144
0.06,0.86 ,0.0274683, 0.151984,0.820547,0.972532
0.06,0.87 ,0.0264366, 0.153379,0.820184,0.973563
0.06,0.88 ,0.0254616, 0.154757,0.819781,0.974538
0.06,0.89 ,0.0245403, 0.156119,0.819341,0.97546
0.06,0.9 ,0.0236698, 0.157464,0.818866,0.97633
0.06,0.91 ,0.0228472, 0.158794,0.818359,0.977153
0.06,0.92 ,0.0220699, 0.160108,0.817822,0.97793
0.06,0.93 ,0.0213355, 0.161408,0.817257,0.978664
0.06,0.94 ,0.0206417, 0.162692,0.816666,0.979358
0.06,0.95 ,0.0199861, 0.163962,0.816052,0.980014
0.06,0.96 ,0.0193669, 0.165217,0.815416,0.980633
0.06,0.97 ,0.0187819, 0.166458,0.81476,0.981218
0.06,0.98 ,0.0182293, 0.167685,0.814085,0.981771
0.06,0.99 ,0.0177074, 0.168899,0.813394,0.982293
0.06,1 ,0.0172144, 0.170099,0.812686,0.982786
0.07,0 ,0.982132, 0.0157094,0.0021583,0.0178677
0.07,0.01 ,0.981468, 0.015978,0.00255405,0.018532
0.07,0.02 ,0.98074, 0.0162609,0.00299918,0.01926
0.07,0.03 ,0.979939, 0.0165592,0.00350179,0.020061
0.07,0.04 ,0.979054, 0.0168744,0.0040717,0.0209461
0.07,0.05 ,0.978071, 0.0172079,0.00472091,0.0219289
0.07,0.06 ,0.976974, 0.0175614,0.00546418,0.0230256
0.07,0.07 ,0.975744, 0.0179366,0.00631984,0.0242564
0.07,0.08 ,0.974353, 0.0183357,0.00731086,0.0256465
0.07,0.09 ,0.972773, 0.0187609,0.00846636,0.0272272
0.07,0.1 ,0.970962, 0.0192148,0.00982361,0.0290384
0.07,0.11 ,0.968869, 0.0197005,0.011431,0.0311315
0.07,0.12 ,0.966427, 0.0202211,0.0133521,0.0335732
0.07,0.13 ,0.963548, 0.0207806,0.0156716,0.0364521
0.07,0.14 ,0.960113, 0.021383,0.0185043,0.0398873
0.07,0.15 ,0.955959, 0.0220332,0.0220082,0.0440414
0.07,0.16 ,0.95086, 0.0227365,0.0264037,0.0491402
0.07,0.17 ,0.944498, 0.0234991,0.0320033,0.0555024
0.07,0.18 ,0.936419, 0.0243275,0.0392538,0.0635812
0.07,0.19 ,0.925979, 0.025229,0.0487919,0.0740209
0.07,0.2 ,0.912287, 0.0262114,0.061502,0.0877135
0.07,0.21 ,0.894195, 0.0272828,0.0785218,0.105805
0.07,0.22 ,0.870479, 0.0284512,0.10107,0.129521
0.07,0.23 ,0.840324, 0.0297237,0.129952,0.159676
0.07,0.24 ,0.804, 0.0311061,0.164894,0.196
0.07,0.25 ,0.763049, 0.0326021,0.204349,0.236951
0.07,0.26 ,0.719663, 0.0342123,0.246125,0.280337
0.07,0.27 ,0.675852, 0.0359346,0.288214,0.324148
0.07,0.28 ,0.633036, 0.0377639,0.3292,0.366964
0.07,0.29 ,0.592063, 0.0396926,0.368245,0.407937
0.07,0.3 ,0.55336, 0.0417114,0.404928,0.44664
0.07,0.31 ,0.517094, 0.04381,0.439096,0.482906
0.07,0.32 ,0.483276, 0.0459776,0.470747,0.516724
0.07,0.33 ,0.451829, 0.0482035,0.499968,0.548171
0.07,0.34 ,0.422633, 0.0504773,0.52689,0.577367
0.07,0.35 ,0.395548, 0.0527894,0.551663,0.604452
0.07,0.36 ,0.370426, 0.0551309,0.574443,0.629574
0.07,0.37 ,0.347122, 0.0574937,0.595385,0.652878
0.07,0.38 ,0.325495, 0.0598707,0.614634,0.674505
0.07,0.39 ,0.305415, 0.0622554,0.63233,0.694585
0.07,0.4 ,0.286758, 0.0646425,0.6486,0.713242
0.07,0.41 ,0.269411, 0.067027,0.663562,0.730589
0.07,0.42 ,0.253271, 0.0694048,0.677324,0.746729
0.07,0.43 ,0.238243, 0.0717723,0.689985,0.761757
0.07,0.44 ,0.224239, 0.0741264,0.701634,0.775761
0.07,0.45 ,0.21118, 0.0764645,0.712355,0.78882
0.07,0.46 ,0.198993, 0.0787845,0.722223,0.801007
0.07,0.47 ,0.187611, 0.0810846,0.731304,0.812389
0.07,0.48 ,0.176975, 0.0833632,0.739662,0.823025
0.07,0.49 ,0.167028, 0.0856191,0.747353,0.832972
0.07,0.5 ,0.15772, 0.0878512,0.754429,0.84228
0.07,0.51 ,0.149005, 0.0900589,0.760937,0.850995
0.07,0.52 ,0.140839, 0.0922415,0.76692,0.859161
0.07,0.53 ,0.133183, 0.0943985,0.772418,0.866817
0.07,0.54 ,0.126003, 0.0965296,0.777467,0.873997
0.07,0.55 ,0.119265, 0.0986345,0.782101,0.880735
0.07,0.56 ,0.112938, 0.100713,0.786349,0.887062
0.07,0.57 ,0.106995, 0.102766,0.79024,0.893005
0.07,0.58 ,0.101409, 0.104792,0.793799,0.898591
0.07,0.59 ,0.0961579, 0.106792,0.79705,0.903842
0.07,0.6 ,0.0912186, 0.108766,0.800015,0.908781
0.07,0.61 ,0.0865711, 0.110714,0.802714,0.913429
0.07,0.62 ,0.0821964, 0.112637,0.805166,0.917804
0.07,0.63 ,0.0780773, 0.114535,0.807388,0.921923
0.07,0.64 ,0.0741975, 0.116407,0.809395,0.925803
0.07,0.65 ,0.070542, 0.118255,0.811203,0.929458
0.07,0.66 ,0.0670968, 0.120078,0.812825,0.932903
0.07,0.67 ,0.063849, 0.121878,0.814273,0.936151
0.07,0.68 ,0.0607865, 0.123653,0.81556,0.939213
0.07,0.69 ,0.0578981, 0.125405,0.816696,0.942102
0.07,0.7 ,0.0551733, 0.127135,0.817692,0.944827
0.07,0.71 ,0.0526022, 0.128842,0.818556,0.947398
0.07,0.72 ,0.0501758, 0.130526,0.819298,0.949824
0.07,0.73 ,0.0478855, 0.132189,0.819926,0.952114
0.07,0.74 ,0.0457234, 0.13383,0.820446,0.954277
0.07,0.75 ,0.0436819, 0.13545,0.820868,0.956318
0.07,0.76 ,0.0417541, 0.13705,0.821196,0.958246
0.07,0.77 ,0.0399335, 0.138629,0.821438,0.960067
0.07,0.78 ,0.0382139, 0.140188,0.821598,0.961786
0.07,0.79 ,0.0365895, 0.141727,0.821683,0.963411
0.07,0.8 ,0.0350549, 0.143247,0.821698,0.964945
0.07,0.81 ,0.0336052, 0.144748,0.821646,0.966395
0.07,0.82 ,0.0322354, 0.146231,0.821534,0.967765
0.07,0.83 ,0.0309412, 0.147695,0.821363,0.969059
0.07,0.84 ,0.0297183, 0.149142,0.82114,0.970282
0.07,0.85 ,0.0285627, 0.150571,0.820867,0.971437
0.07,0.86 ,0.0274708, 0.151982,0.820547,0.972529
0.07,0.87 ,0.026439, 0.153377,0.820184,0.973561
0.07,0.88 ,0.0254639, 0.154755,0.819781,0.974536
0.07,0.89 ,0.0245426, 0.156116,0.819341,0.975457
0.07,0.9 ,0.0236719, 0.157462,0.818866,0.976328
0.07,0.91 ,0.0228493, 0.158792,0.818359,0.977151
0.07,0.92 ,0.0220719, 0.160106,0.817822,0.977928
0.07,0.93 ,0.0213375, 0.161405,0.817257,0.978663
0.07,0.94 ,0.0206436, 0.16269,0.816667,0.979356
0.07,0.95 ,0.019988, 0.163959,0.816053,0.980012
0.07,0.96 ,0.0193686, 0.165214,0.815417,0.980631
0.07,0.97 ,0.0187836, 0.166456,0.814761,0.981216
0.07,0.98 ,0.0182309, 0.167683,0.814086,0.981769
