Betapv,Betamv,V,Rs,Rv,P
0,0 ,0.993898, 0.00410229,0.002,0.00610229
0,0.01 ,0.993758, 0.00410755,0.00213419,0.00624175
0,0.02 ,0.993606, 0.00411289,0.00228106,0.00639395
0,0.03 ,0.993439, 0.0041183,0.00244244,0.00656073
0,0.04 ,0.993256, 0.00412378,0.00262055,0.00674433
0,0.05 ,0.993053, 0.00412933,0.00281809,0.00694742
0,0.06 ,0.992827, 0.00413497,0.00303835,0.00717332
0,0.07 ,0.992574, 0.00414068,0.00328543,0.00742611
0,0.08 ,0.992289, 0.00414647,0.00356446,0.00771092
0,0.09 ,0.991966, 0.00415234,0.00388194,0.00803428
0,0.1 ,0.991595, 0.00415829,0.00424628,0.00840457
0,0.11 ,0.991167, 0.00416433,0.0046685,0.00883284
0,0.12 ,0.990666, 0.00417046,0.00516337,0.00933383
0,0.13 ,0.990072, 0.00417668,0.00575105,0.00992773
0,0.14 ,0.989357, 0.00418299,0.0064599,0.0106429
0,0.15 ,0.98848, 0.00418939,0.00733091,0.0115203
0,0.16 ,0.987378, 0.00419589,0.00842567,0.0126216
0,0.17 ,0.985957, 0.00420249,0.00984064,0.0140431
0,0.18 ,0.984056, 0.00420918,0.0117353,0.0159445
0,0.19 ,0.981393, 0.00421598,0.0143909,0.0186069
0,0.2 ,0.977433, 0.00422289,0.0183444,0.0225672
0,0.21 ,0.97105, 0.0042299,0.0247201,0.02895
0,0.22 ,0.959691, 0.00423702,0.0360715,0.0403086
0,0.23 ,0.937847, 0.00424425,0.0579088,0.062153
0,0.24 ,0.899009, 0.0042516,0.0967393,0.100991
0,0.25 ,0.846275, 0.00425907,0.149466,0.153725
0,0.26 ,0.789312, 0.00426666,0.206421,0.210688
0,0.27 ,0.733736, 0.00427438,0.261989,0.266264
0,0.28 ,0.681501, 0.00428222,0.314217,0.318499
0,0.29 ,0.633092, 0.00429019,0.362618,0.366908
0,0.3 ,0.588472, 0.0042983,0.407229,0.411528
0,0.31 ,0.547421, 0.00430654,0.448273,0.452579
0,0.32 ,0.509661, 0.00431492,0.486024,0.490339
0,0.33 ,0.47491, 0.00432345,0.520766,0.52509
0,0.34 ,0.442898, 0.00433213,0.55277,0.557102
0,0.35 ,0.413376, 0.00434096,0.582283,0.586624
0,0.36 ,0.386117, 0.00434994,0.609533,0.613883
0,0.37 ,0.360918, 0.00435908,0.634723,0.639082
0,0.38 ,0.337593, 0.00436839,0.658039,0.662407
0,0.39 ,0.315978, 0.00437786,0.679644,0.684022
0,0.4 ,0.295925, 0.00438751,0.699688,0.704075
0,0.41 ,0.2773, 0.00439733,0.718303,0.7227
0,0.42 ,0.259983, 0.00440732,0.73561,0.740017
0,0.43 ,0.243866, 0.00441751,0.751716,0.756134
0,0.44 ,0.228852, 0.00442788,0.76672,0.771148
0,0.45 ,0.214852, 0.00443844,0.780709,0.785148
0,0.46 ,0.201787, 0.0044492,0.793764,0.798213
0,0.47 ,0.189585, 0.00446017,0.805955,0.810415
0,0.48 ,0.178178, 0.00447134,0.81735,0.821822
0,0.49 ,0.167509, 0.00448271,0.828008,0.832491
0,0.5 ,0.157522, 0.00449431,0.837984,0.842478
0,0.51 ,0.148168, 0.00450612,0.847326,0.851832
0,0.52 ,0.1394, 0.00451815,0.856082,0.8606
0,0.53 ,0.131178, 0.00453042,0.864291,0.868822
0,0.54 ,0.123464, 0.00454291,0.871994,0.876536
0,0.55 ,0.116221, 0.00455564,0.879223,0.883779
0,0.56 ,0.109419, 0.00456861,0.886013,0.890581
0,0.57 ,0.103027, 0.00458182,0.892391,0.896973
0,0.58 ,0.0970179, 0.00459528,0.898387,0.902982
0,0.59 ,0.0913669, 0.00460899,0.904024,0.908633
0,0.6 ,0.0860505, 0.00462295,0.909327,0.913949
0,0.61 ,0.0810471, 0.00463717,0.914316,0.918953
0,0.62 ,0.0763368, 0.00465166,0.919012,0.923663
0,0.63 ,0.0719011, 0.00466641,0.923432,0.928099
0,0.64 ,0.0677228, 0.00468142,0.927596,0.932277
0,0.65 ,0.063786, 0.00469671,0.931517,0.936214
0,0.66 ,0.0600759, 0.00471226,0.935212,0.939924
0,0.67 ,0.0565787, 0.0047281,0.938693,0.943421
0,0.68 ,0.0532815, 0.00474421,0.941974,0.946718
0,0.69 ,0.0501724, 0.0047606,0.945067,0.949828
0,0.7 ,0.0472402, 0.00477727,0.947982,0.95276
0,0.71 ,0.0444745, 0.00479423,0.950731,0.955525
0,0.72 ,0.0418655, 0.00481147,0.953323,0.958134
0,0.73 ,0.0394041, 0.00482899,0.955767,0.960596
0,0.74 ,0.0370818, 0.00484681,0.958071,0.962918
0,0.75 ,0.0348905, 0.00486492,0.960245,0.965109
0,0.76 ,0.0328229, 0.00488331,0.962294,0.967177
0,0.77 ,0.0308718, 0.004902,0.964226,0.969128
0,0.78 ,0.0290307, 0.00492098,0.966048,0.970969
0,0.79 ,0.0272934, 0.00494025,0.967766,0.972707
0,0.8 ,0.025654, 0.00495981,0.969386,0.974346
0,0.81 ,0.0241072, 0.00497967,0.970913,0.975893
0,0.82 ,0.0226477, 0.00499982,0.972353,0.977352
0,0.83 ,0.0212707, 0.00502027,0.973709,0.978729
0,0.84 ,0.0199717, 0.005041,0.974987,0.980028
0,0.85 ,0.0187463, 0.00506203,0.976192,0.981254
0,0.86 ,0.0175906, 0.00508335,0.977326,0.982409
0,0.87 ,0.0165007, 0.00510497,0.978394,0.983499
0,0.88 ,0.015473, 0.00512687,0.9794,0.984527
0,0.89 ,0.014504, 0.00514906,0.980347,0.985496
0,0.9 ,0.0135907, 0.00517155,0.981238,0.986409
0,0.91 ,0.01273, 0.00519432,0.982076,0.98727
0,0.92 ,0.011919, 0.00521738,0.982864,0.988081
0,0.93 ,0.011155, 0.00524072,0.983604,0.988845
0,0.94 ,0.0104354, 0.00526435,0.9843,0.989565
0,0.95 ,0.00975789, 0.00528826,0.984954,0.990242
0,0.96 ,0.00912011, 0.00531245,0.985567,0.99088
0,0.97 ,0.0085199, 0.00533692,0.986143,0.99148
0,0.98 ,0.00795523, 0.00536167,0.986683,0.992045
0,0.99 ,0.00742416, 0.0053867,0.987189,0.992576
0,1 ,0.00692484, 0.005412,0.987663,0.993075
0.01,0 ,0.993859, 0.00410254,0.00203849,0.00614103
0.01,0.01 ,0.99372, 0.0041078,0.00217268,0.00628048
0.01,0.02 ,0.993567, 0.00411314,0.00231954,0.00643268
0.01,0.03 ,0.993401, 0.00411855,0.00248091,0.00659946
0.01,0.04 ,0.993217, 0.00412403,0.00265901,0.00678304
0.01,0.05 ,0.993014, 0.00412958,0.00285654,0.00698613
0.01,0.06 ,0.992788, 0.00413522,0.00307679,0.00721201
0.01,0.07 ,0.992535, 0.00414093,0.00332386,0.00746479
0.01,0.08 ,0.99225, 0.00414672,0.00360287,0.00774958
0.01,0.09 ,0.991927, 0.00415259,0.00392032,0.00807291
0.01,0.1 ,0.991557, 0.00415854,0.00428463,0.00844318
0.01,0.11 ,0.991129, 0.00416458,0.00470682,0.00887141
0.01,0.12 ,0.990628, 0.00417071,0.00520164,0.00937235
0.01,0.13 ,0.990034, 0.00417693,0.00578926,0.00996619
0.01,0.14 ,0.989319, 0.00418324,0.00649801,0.0106813
0.01,0.15 ,0.988441, 0.00418964,0.00736891,0.0115585
0.01,0.16 ,0.98734, 0.00419614,0.00846348,0.0126596
0.01,0.17 ,0.985919, 0.00420274,0.00987818,0.0140809
0.01,0.18 ,0.984018, 0.00420943,0.0117724,0.0159818
0.01,0.19 ,0.981357, 0.00421623,0.0144272,0.0186435
0.01,0.2 ,0.977398, 0.00422313,0.0183793,0.0226024
0.01,0.21 ,0.971018, 0.00423015,0.0247522,0.0289824
0.01,0.22 ,0.959665, 0.00423727,0.0360972,0.0403345
0.01,0.23 ,0.937835, 0.0042445,0.0579207,0.0621652
0.01,0.24 ,0.899016, 0.00425185,0.0967321,0.100984
0.01,0.25 ,0.846295, 0.00425932,0.149446,0.153705
0.01,0.26 ,0.789338, 0.00426691,0.206395,0.210662
0.01,0.27 ,0.733764, 0.00427462,0.261962,0.266236
0.01,0.28 ,0.681528, 0.00428247,0.314189,0.318472
0.01,0.29 ,0.633119, 0.00429044,0.36259,0.366881
0.01,0.3 ,0.588499, 0.00429854,0.407203,0.411501
0.01,0.31 ,0.547446, 0.00430679,0.448247,0.452554
0.01,0.32 ,0.509686, 0.00431517,0.485999,0.490314
0.01,0.33 ,0.474934, 0.0043237,0.520742,0.525066
0.01,0.34 ,0.442921, 0.00433238,0.552747,0.557079
0.01,0.35 ,0.413398, 0.0043412,0.582261,0.586602
0.01,0.36 ,0.386139, 0.00435019,0.609511,0.613861
0.01,0.37 ,0.360938, 0.00435933,0.634703,0.639062
0.01,0.38 ,0.337613, 0.00436863,0.658019,0.662387
0.01,0.39 ,0.315997, 0.00437811,0.679625,0.684003
0.01,0.4 ,0.295943, 0.00438775,0.699669,0.704057
0.01,0.41 ,0.277317, 0.00439757,0.718285,0.722683
0.01,0.42 ,0.26, 0.00440757,0.735593,0.74
0.01,0.43 ,0.243882, 0.00441775,0.7517,0.756118
0.01,0.44 ,0.228868, 0.00442812,0.766704,0.771132
0.01,0.45 ,0.214867, 0.00443869,0.780694,0.785133
0.01,0.46 ,0.201802, 0.00444945,0.793749,0.798198
0.01,0.47 ,0.189599, 0.00446041,0.805941,0.810401
0.01,0.48 ,0.178192, 0.00447158,0.817337,0.821808
0.01,0.49 ,0.167522, 0.00448296,0.827995,0.832478
0.01,0.5 ,0.157535, 0.00449455,0.837971,0.842465
0.01,0.51 ,0.14818, 0.00450636,0.847314,0.85182
0.01,0.52 ,0.139412, 0.00451839,0.85607,0.860588
0.01,0.53 ,0.131189, 0.00453065,0.86428,0.868811
0.01,0.54 ,0.123474, 0.00454315,0.871983,0.876526
0.01,0.55 ,0.116231, 0.00455588,0.879213,0.883769
0.01,0.56 ,0.109429, 0.00456884,0.886003,0.890571
0.01,0.57 ,0.103036, 0.00458206,0.892382,0.896964
0.01,0.58 ,0.0970271, 0.00459551,0.898377,0.902973
0.01,0.59 ,0.0913757, 0.00460922,0.904015,0.908624
0.01,0.6 ,0.086059, 0.00462319,0.909318,0.913941
0.01,0.61 ,0.0810553, 0.00463741,0.914307,0.918945
0.01,0.62 ,0.0763447, 0.00465189,0.919003,0.923655
0.01,0.63 ,0.0719086, 0.00466664,0.923425,0.928091
0.01,0.64 ,0.0677301, 0.00468165,0.927588,0.93227
0.01,0.65 ,0.063793, 0.00469694,0.93151,0.936207
0.01,0.66 ,0.0600826, 0.0047125,0.935205,0.939917
0.01,0.67 ,0.0565852, 0.00472833,0.938687,0.943415
0.01,0.68 ,0.0532877, 0.00474444,0.941968,0.946712
0.01,0.69 ,0.0501784, 0.00476083,0.945061,0.949822
0.01,0.7 ,0.047246, 0.0047775,0.947977,0.952754
0.01,0.71 ,0.04448, 0.00479445,0.950726,0.95552
0.01,0.72 ,0.0418708, 0.00481169,0.953318,0.958129
0.01,0.73 ,0.0394092, 0.00482922,0.955762,0.960591
0.01,0.74 ,0.0370867, 0.00484704,0.958066,0.962913
0.01,0.75 ,0.0348952, 0.00486514,0.96024,0.965105
0.01,0.76 ,0.0328274, 0.00488354,0.962289,0.967173
0.01,0.77 ,0.0308761, 0.00490222,0.964222,0.969124
0.01,0.78 ,0.0290348, 0.0049212,0.966044,0.970965
0.01,0.79 ,0.0272973, 0.00494047,0.967762,0.972703
0.01,0.8 ,0.0256578, 0.00496003,0.969382,0.974342
0.01,0.81 ,0.0241108, 0.00497989,0.970909,0.975889
0.01,0.82 ,0.0226511, 0.00500004,0.972349,0.977349
0.01,0.83 ,0.021274, 0.00502048,0.973706,0.978726
0.01,0.84 ,0.0199748, 0.00504122,0.974984,0.980025
0.01,0.85 ,0.0187494, 0.00506225,0.976188,0.981251
0.01,0.86 ,0.0175935, 0.00508357,0.977323,0.982406
0.01,0.87 ,0.0165035, 0.00510518,0.978391,0.983497
0.01,0.88 ,0.0154756, 0.00512708,0.979397,0.984524
0.01,0.89 ,0.0145066, 0.00514928,0.980344,0.985493
0.01,0.9 ,0.0135932, 0.00517176,0.981235,0.986407
0.01,0.91 ,0.0127323, 0.00519453,0.982073,0.987268
0.01,0.92 ,0.0119212, 0.00521759,0.982861,0.988079
0.01,0.93 ,0.0111571, 0.00524093,0.983602,0.988843
0.01,0.94 ,0.0104374, 0.00526455,0.984298,0.989563
0.01,0.95 ,0.00975981, 0.00528846,0.984952,0.99024
0.01,0.96 ,0.00912194, 0.00531266,0.985565,0.990878
0.01,0.97 ,0.00852165, 0.00533713,0.986141,0.991478
0.01,0.98 ,0.00795689, 0.00536188,0.986681,0.992043
0.01,0.99 ,0.00742574, 0.0053869,0.987187,0.992574
0.01,1 ,0.00692634, 0.0054122,0.987661,0.993074
0.02,0 ,0.993818, 0.00410279,0.0020794,0.00618219
0.02,0.01 ,0.993678, 0.00410806,0.00221358,0.00632164
0.02,0.02 ,0.993526, 0.00411339,0.00236043,0.00647382
0.02,0.03 ,0.993359, 0.0041188,0.00252179,0.0066406
0.02,0.04 ,0.993176, 0.00412428,0.00269989,0.00682417
0.02,0.05 ,0.992973, 0.00412984,0.00289741,0.00702725
0.02,0.06 ,0.992747, 0.00413547,0.00311765,0.00725312
0.02,0.07 ,0.992494, 0.00414118,0.0033647,0.00750588
0.02,0.08 ,0.992209, 0.00414697,0.00364369,0.00779066
0.02,0.09 ,0.991886, 0.00415284,0.00396112,0.00811396
0.02,0.1 ,0.991516, 0.0041588,0.0043254,0.0084842
0.02,0.11 ,0.991088, 0.00416484,0.00474755,0.00891239
0.02,0.12 ,0.990587, 0.00417097,0.00524232,0.00941328
0.02,0.13 ,0.989993, 0.00417718,0.00582987,0.0100071
0.02,0.14 ,0.989278, 0.00418349,0.00653853,0.010722
0.02,0.15 ,0.988401, 0.00418989,0.00740929,0.0115992
0.02,0.16 ,0.9873, 0.00419639,0.00850367,0.0127001
0.02,0.17 ,0.985879, 0.00420299,0.00991808,0.0141211
0.02,0.18 ,0.983978, 0.00420968,0.0118118,0.0160215
0.02,0.19 ,0.981318, 0.00421648,0.0144659,0.0186823
0.02,0.2 ,0.97736, 0.00422339,0.0184165,0.0226398
0.02,0.21 ,0.970983, 0.0042304,0.0247864,0.0290168
0.02,0.22 ,0.959638, 0.00423752,0.0361246,0.0403622
0.02,0.23 ,0.937822, 0.00424475,0.0579336,0.0621783
0.02,0.24 ,0.899023, 0.0042521,0.0967246,0.100977
0.02,0.25 ,0.846316, 0.00425957,0.149425,0.153684
0.02,0.26 ,0.789365, 0.00426716,0.206368,0.210635
0.02,0.27 ,0.733792, 0.00427487,0.261933,0.266208
0.02,0.28 ,0.681558, 0.00428272,0.31416,0.318442
0.02,0.29 ,0.633148, 0.00429069,0.362561,0.366852
0.02,0.3 ,0.588527, 0.00429879,0.407175,0.411473
0.02,0.31 ,0.547474, 0.00430704,0.448219,0.452526
0.02,0.32 ,0.509712, 0.00431542,0.485972,0.490288
0.02,0.33 ,0.474959, 0.00432395,0.520717,0.525041
0.02,0.34 ,0.442945, 0.00433263,0.552722,0.557055
0.02,0.35 ,0.413422, 0.00434145,0.582237,0.586578
0.02,0.36 ,0.386161, 0.00435044,0.609488,0.613839
0.02,0.37 ,0.36096, 0.00435958,0.634681,0.63904
0.02,0.38 ,0.337633, 0.00436888,0.657998,0.662367
0.02,0.39 ,0.316017, 0.00437835,0.679605,0.683983
0.02,0.4 ,0.295962, 0.004388,0.69965,0.704038
0.02,0.41 ,0.277336, 0.00439782,0.718266,0.722664
0.02,0.42 ,0.260018, 0.00440782,0.735575,0.739982
0.02,0.43 ,0.2439, 0.004418,0.751682,0.7561
0.02,0.44 ,0.228884, 0.00442837,0.766688,0.771116
0.02,0.45 ,0.214883, 0.00443893,0.780678,0.785117
0.02,0.46 ,0.201817, 0.00444969,0.793733,0.798183
0.02,0.47 ,0.189613, 0.00446065,0.805926,0.810387
0.02,0.48 ,0.178206, 0.00447182,0.817322,0.821794
0.02,0.49 ,0.167536, 0.0044832,0.827981,0.832464
0.02,0.5 ,0.157548, 0.00449479,0.837958,0.842452
0.02,0.51 ,0.148192, 0.0045066,0.847301,0.851808
0.02,0.52 ,0.139424, 0.00451864,0.856057,0.860576
0.02,0.53 ,0.131201, 0.0045309,0.864268,0.868799
0.02,0.54 ,0.123485, 0.00454339,0.871971,0.876515
0.02,0.55 ,0.116242, 0.00455612,0.879202,0.883758
0.02,0.56 ,0.109439, 0.00456909,0.885992,0.890561
0.02,0.57 ,0.103046, 0.0045823,0.892371,0.896954
0.02,0.58 ,0.0970368, 0.00459575,0.898367,0.902963
0.02,0.59 ,0.091385, 0.00460946,0.904005,0.908615
0.02,0.6 ,0.0860679, 0.00462343,0.909309,0.913932
0.02,0.61 ,0.0810639, 0.00463765,0.914298,0.918936
0.02,0.62 ,0.0763529, 0.00465213,0.918995,0.923647
0.02,0.63 ,0.0719166, 0.00466688,0.923417,0.928083
0.02,0.64 ,0.0677377, 0.00468189,0.92758,0.932262
0.02,0.65 ,0.0638004, 0.00469717,0.931502,0.9362
0.02,0.66 ,0.0600897, 0.00471273,0.935198,0.93991
0.02,0.67 ,0.056592, 0.00472856,0.938679,0.943408
0.02,0.68 ,0.0532943, 0.00474467,0.941961,0.946706
0.02,0.69 ,0.0501847, 0.00476106,0.945054,0.949815
0.02,0.7 ,0.047252, 0.00477773,0.94797,0.952748
0.02,0.71 ,0.0444858, 0.00479468,0.95072,0.955514
0.02,0.72 ,0.0418764, 0.00481192,0.953312,0.958124
0.02,0.73 ,0.0394145, 0.00482945,0.955756,0.960585
0.02,0.74 ,0.0370918, 0.00484727,0.958061,0.962908
0.02,0.75 ,0.0349001, 0.00486537,0.960235,0.9651
0.02,0.76 ,0.0328321, 0.00488376,0.962284,0.967168
0.02,0.77 ,0.0308806, 0.00490245,0.964217,0.969119
0.02,0.78 ,0.0290391, 0.00492143,0.966039,0.970961
0.02,0.79 ,0.0273015, 0.0049407,0.967758,0.972699
0.02,0.8 ,0.0256618, 0.00496026,0.969378,0.974338
0.02,0.81 ,0.0241146, 0.00498011,0.970905,0.975885
0.02,0.82 ,0.0226548, 0.00500026,0.972345,0.977345
0.02,0.83 ,0.0212775, 0.0050207,0.973702,0.978722
0.02,0.84 ,0.0199782, 0.00504144,0.97498,0.980022
0.02,0.85 ,0.0187526, 0.00506247,0.976185,0.981247
0.02,0.86 ,0.0175966, 0.00508379,0.97732,0.982403
0.02,0.87 ,0.0165064, 0.0051054,0.978388,0.983494
0.02,0.88 ,0.0154784, 0.0051273,0.979394,0.984522
0.02,0.89 ,0.0145093, 0.00514949,0.980341,0.985491
0.02,0.9 ,0.0135957, 0.00517197,0.981232,0.986404
0.02,0.91 ,0.0127348, 0.00519474,0.98207,0.987265
0.02,0.92 ,0.0119235, 0.0052178,0.982859,0.988076
0.02,0.93 ,0.0111593, 0.00524114,0.9836,0.988841
0.02,0.94 ,0.0104396, 0.00526476,0.984296,0.98956
0.02,0.95 ,0.00976183, 0.00528867,0.984949,0.990238
0.02,0.96 ,0.00912386, 0.00531286,0.985563,0.990876
0.02,0.97 ,0.00852348, 0.00533733,0.986139,0.991477
0.02,0.98 ,0.00795863, 0.00536208,0.986679,0.992041
0.02,0.99 ,0.00742739, 0.0053871,0.987186,0.992573
0.02,1 ,0.00692792, 0.0054124,0.98766,0.993072
0.03,0 ,0.993774, 0.00410305,0.00212296,0.00622601
0.03,0.01 ,0.993635, 0.00410832,0.00225714,0.00636545
0.03,0.02 ,0.993482, 0.00411365,0.00240398,0.00651763
0.03,0.03 ,0.993316, 0.00411906,0.00256534,0.0066844
0.03,0.04 ,0.993132, 0.00412454,0.00274342,0.00686796
0.03,0.05 ,0.992929, 0.00413009,0.00294093,0.00707103
0.03,0.06 ,0.992703, 0.00413573,0.00316116,0.00729688
0.03,0.07 ,0.99245, 0.00414144,0.00340819,0.00754963
0.03,0.08 ,0.992166, 0.00414723,0.00368716,0.00783438
0.03,0.09 ,0.991842, 0.0041531,0.00400457,0.00815766
0.03,0.1 ,0.991472, 0.00415905,0.00436881,0.00852787
0.03,0.11 ,0.991044, 0.00416509,0.00479092,0.00895602
0.03,0.12 ,0.990543, 0.00417122,0.00528564,0.00945686
0.03,0.13 ,0.989949, 0.00417744,0.00587312,0.0100506
0.03,0.14 ,0.989235, 0.00418375,0.00658168,0.0107654
0.03,0.15 ,0.988358, 0.00419015,0.0074523,0.0116425
0.03,0.16 ,0.987257, 0.00419665,0.00854648,0.0127431
0.03,0.17 ,0.985836, 0.00420324,0.00996057,0.0141638
0.03,0.18 ,0.983936, 0.00420994,0.0118538,0.0160638
0.03,0.19 ,0.981276, 0.00421674,0.014507,0.0187238
0.03,0.2 ,0.97732, 0.00422364,0.0184561,0.0226797
0.03,0.21 ,0.970947, 0.00423065,0.0248228,0.0290534
0.03,0.22 ,0.959608, 0.00423777,0.0361539,0.0403916
0.03,0.23 ,0.937808, 0.00424501,0.0579473,0.0621923
0.03,0.24 ,0.899031, 0.00425236,0.0967167,0.100969
0.03,0.25 ,0.846338, 0.00425983,0.149402,0.153662
0.03,0.26 ,0.789393, 0.00426741,0.20634,0.210607
0.03,0.27 ,0.733823, 0.00427513,0.261902,0.266177
0.03,0.28 ,0.681588, 0.00428297,0.314129,0.318412
0.03,0.29 ,0.633178, 0.00429094,0.362531,0.366822
0.03,0.3 ,0.588556, 0.00429905,0.407145,0.411444
0.03,0.31 ,0.547502, 0.00430729,0.44819,0.452498
0.03,0.32 ,0.50974, 0.00431567,0.485944,0.49026
0.03,0.33 ,0.474986, 0.0043242,0.52069,0.525014
0.03,0.34 ,0.442971, 0.00433288,0.552696,0.557029
0.03,0.35 ,0.413446, 0.0043417,0.582212,0.586554
0.03,0.36 ,0.386185, 0.00435069,0.609464,0.613815
0.03,0.37 ,0.360983, 0.00435983,0.634657,0.639017
0.03,0.38 ,0.337656, 0.00436913,0.657975,0.662344
0.03,0.39 ,0.316038, 0.00437861,0.679583,0.683962
0.03,0.4 ,0.295983, 0.00438825,0.699629,0.704017
0.03,0.41 ,0.277356, 0.00439807,0.718246,0.722644
0.03,0.42 ,0.260037, 0.00440807,0.735555,0.739963
0.03,0.43 ,0.243918, 0.00441825,0.751664,0.756082
0.03,0.44 ,0.228902, 0.00442862,0.76667,0.771098
0.03,0.45 ,0.2149, 0.00443918,0.780661,0.7851
0.03,0.46 ,0.201833, 0.00444994,0.793717,0.798167
0.03,0.47 ,0.189629, 0.0044609,0.80591,0.810371
0.03,0.48 ,0.178221, 0.00447207,0.817307,0.821779
0.03,0.49 ,0.16755, 0.00448345,0.827966,0.83245
0.03,0.5 ,0.157562, 0.00449504,0.837943,0.842438
0.03,0.51 ,0.148206, 0.00450685,0.847287,0.851794
0.03,0.52 ,0.139437, 0.00451888,0.856044,0.860563
0.03,0.53 ,0.131213, 0.00453114,0.864255,0.868787
0.03,0.54 ,0.123497, 0.00454363,0.871959,0.876503
0.03,0.55 ,0.116254, 0.00455636,0.87919,0.883746
0.03,0.56 ,0.10945, 0.00456933,0.88598,0.89055
0.03,0.57 ,0.103057, 0.00458254,0.89236,0.896943
0.03,0.58 ,0.097047, 0.004596,0.898357,0.902953
0.03,0.59 ,0.0913949, 0.00460971,0.903995,0.908605
0.03,0.6 ,0.0860774, 0.00462367,0.909299,0.913923
0.03,0.61 ,0.081073, 0.00463789,0.914289,0.918927
0.03,0.62 ,0.0763617, 0.00465237,0.918986,0.923638
0.03,0.63 ,0.071925, 0.00466712,0.923408,0.928075
0.03,0.64 ,0.0677458, 0.00468213,0.927572,0.932254
0.03,0.65 ,0.0638082, 0.00469741,0.931494,0.936192
0.03,0.66 ,0.0600972, 0.00471297,0.93519,0.939903
0.03,0.67 ,0.0565992, 0.0047288,0.938672,0.943401
0.03,0.68 ,0.0533012, 0.00474491,0.941954,0.946699
0.03,0.69 ,0.0501913, 0.0047613,0.945047,0.949809
0.03,0.7 ,0.0472584, 0.00477796,0.947964,0.952742
0.03,0.71 ,0.0444919, 0.00479492,0.950713,0.955508
0.03,0.72 ,0.0418822, 0.00481216,0.953306,0.958118
0.03,0.73 ,0.0394202, 0.00482968,0.95575,0.96058
0.03,0.74 ,0.0370972, 0.0048475,0.958055,0.962903
0.03,0.75 ,0.0349053, 0.0048656,0.960229,0.965095
0.03,0.76 ,0.0328371, 0.00488399,0.962279,0.967163
0.03,0.77 ,0.0308854, 0.00490268,0.964212,0.969115
0.03,0.78 ,0.0290437, 0.00492165,0.966035,0.970956
0.03,0.79 ,0.0273059, 0.00494092,0.967753,0.972694
0.03,0.8 ,0.025666, 0.00496048,0.969374,0.974334
0.03,0.81 ,0.0241186, 0.00498034,0.970901,0.975881
0.03,0.82 ,0.0226586, 0.00500049,0.972341,0.977341
0.03,0.83 ,0.0212812, 0.00502093,0.973698,0.978719
0.03,0.84 ,0.0199817, 0.00504166,0.974977,0.980018
0.03,0.85 ,0.0187559, 0.00506269,0.976181,0.981244
0.03,0.86 ,0.0175998, 0.00508401,0.977316,0.9824
0.03,0.87 ,0.0165095, 0.00510562,0.978385,0.983491
0.03,0.88 ,0.0154814, 0.00512752,0.979391,0.984519
0.03,0.89 ,0.0145121, 0.00514971,0.980338,0.985488
0.03,0.9 ,0.0135984, 0.00517219,0.981229,0.986402
0.03,0.91 ,0.0127373, 0.00519495,0.982068,0.987263
0.03,0.92 ,0.011926, 0.00521801,0.982856,0.988074
0.03,0.93 ,0.0111616, 0.00524135,0.983597,0.988838
0.03,0.94 ,0.0104418, 0.00526497,0.984293,0.989558
0.03,0.95 ,0.00976395, 0.00528888,0.984947,0.990236
0.03,0.96 ,0.00912588, 0.00531307,0.985561,0.990874
0.03,0.97 ,0.0085254, 0.00533754,0.986137,0.991475
0.03,0.98 ,0.00796046, 0.00536229,0.986677,0.99204
0.03,0.99 ,0.00742913, 0.00538731,0.987184,0.992571
0.03,1 ,0.00692957, 0.00541261,0.987658,0.99307
0.04,0 ,0.993727, 0.00410331,0.00216946,0.00627277
0.04,0.01 ,0.993588, 0.00410858,0.00230363,0.00641221
0.04,0.02 ,0.993436, 0.00411391,0.00245047,0.00656438
0.04,0.03 ,0.993269, 0.00411932,0.00261182,0.00673113
0.04,0.04 ,0.993085, 0.0041248,0.00278989,0.00691469
0.04,0.05 ,0.992882, 0.00413035,0.00298739,0.00711774
0.04,0.06 ,0.992656, 0.00413599,0.0032076,0.00734358
0.04,0.07 ,0.992404, 0.0041417,0.00345461,0.00759631
0.04,0.08 ,0.992119, 0.00414749,0.00373356,0.00788104
0.04,0.09 ,0.991796, 0.00415336,0.00405094,0.0082043
0.04,0.1 ,0.991426, 0.00415931,0.00441515,0.00857447
0.04,0.11 ,0.990997, 0.00416535,0.00483722,0.00900257
0.04,0.12 ,0.990497, 0.00417148,0.00533187,0.00950335
0.04,0.13 ,0.989903, 0.0041777,0.00591928,0.010097
0.04,0.14 ,0.989188, 0.00418401,0.00662774,0.0108117
0.04,0.15 ,0.988311, 0.00419041,0.00749821,0.0116886
0.04,0.16 ,0.987211, 0.00419691,0.00859217,0.0127891
0.04,0.17 ,0.985791, 0.0042035,0.0100059,0.0142094
0.04,0.18 ,0.983891, 0.0042102,0.0118987,0.0161089
0.04,0.19 ,0.981232, 0.004217,0.014551,0.018768
0.04,0.2 ,0.977278, 0.0042239,0.0184984,0.0227223
0.04,0.21 ,0.970907, 0.00423091,0.0248617,0.0290926
0.04,0.22 ,0.959577, 0.00423803,0.0361851,0.0404232
0.04,0.23 ,0.937793, 0.00424527,0.0579621,0.0622073
0.04,0.24 ,0.899039, 0.00425261,0.0967083,0.100961
0.04,0.25 ,0.846362, 0.00426008,0.149378,0.153638
0.04,0.26 ,0.789423, 0.00426767,0.206309,0.210577
0.04,0.27 ,0.733855, 0.00427539,0.261869,0.266145
0.04,0.28 ,0.681621, 0.00428323,0.314095,0.318379
0.04,0.29 ,0.633211, 0.0042912,0.362498,0.366789
0.04,0.3 ,0.588588, 0.0042993,0.407113,0.411412
0.04,0.31 ,0.547533, 0.00430755,0.448159,0.452467
0.04,0.32 ,0.50977, 0.00431593,0.485914,0.49023
0.04,0.33 ,0.475015, 0.00432446,0.520661,0.524985
0.04,0.34 ,0.442999, 0.00433313,0.552668,0.557001
0.04,0.35 ,0.413473, 0.00434196,0.582185,0.586527
0.04,0.36 ,0.386211, 0.00435094,0.609438,0.613789
0.04,0.37 ,0.361007, 0.00436008,0.634633,0.638993
0.04,0.38 ,0.337679, 0.00436939,0.657951,0.662321
0.04,0.39 ,0.316061, 0.00437886,0.67956,0.683939
0.04,0.4 ,0.296005, 0.0043885,0.699607,0.703995
0.04,0.41 ,0.277377, 0.00439832,0.718225,0.722623
0.04,0.42 ,0.260057, 0.00440832,0.735535,0.739943
0.04,0.43 ,0.243937, 0.0044185,0.751644,0.756063
0.04,0.44 ,0.22892, 0.00442887,0.766651,0.77108
0.04,0.45 ,0.214918, 0.00443943,0.780642,0.785082
0.04,0.46 ,0.201851, 0.00445019,0.793699,0.798149
0.04,0.47 ,0.189646, 0.00446115,0.805893,0.810354
0.04,0.48 ,0.178237, 0.00447232,0.81729,0.821763
0.04,0.49 ,0.167566, 0.0044837,0.827951,0.832434
0.04,0.5 ,0.157577, 0.00449529,0.837928,0.842423
0.04,0.51 ,0.14822, 0.0045071,0.847273,0.85178
0.04,0.52 ,0.139451, 0.00451913,0.85603,0.860549
0.04,0.53 ,0.131227, 0.00453139,0.864242,0.868773
0.04,0.54 ,0.12351, 0.00454388,0.871946,0.87649
0.04,0.55 ,0.116266, 0.00455661,0.879177,0.883734
0.04,0.56 ,0.109462, 0.00456958,0.885968,0.890538
0.04,0.57 ,0.103068, 0.00458279,0.892349,0.896932
0.04,0.58 ,0.0970579, 0.00459624,0.898346,0.902942
0.04,0.59 ,0.0914054, 0.00460995,0.903985,0.908595
0.04,0.6 ,0.0860875, 0.00462391,0.909289,0.913913
0.04,0.61 ,0.0810827, 0.00463813,0.914279,0.918917
0.04,0.62 ,0.076371, 0.00465261,0.918976,0.923629
0.04,0.63 ,0.071934, 0.00466736,0.923399,0.928066
0.04,0.64 ,0.0677544, 0.00468237,0.927563,0.932246
0.04,0.65 ,0.0638164, 0.00469765,0.931486,0.936184
0.04,0.66 ,0.0601051, 0.00471321,0.935182,0.939895
0.04,0.67 ,0.0566068, 0.00472904,0.938664,0.943393
0.04,0.68 ,0.0533085, 0.00474515,0.941946,0.946691
0.04,0.69 ,0.0501983, 0.00476153,0.94504,0.949802
0.04,0.7 ,0.0472651, 0.0047782,0.947957,0.952735
0.04,0.71 ,0.0444984, 0.00479515,0.950706,0.955502
0.04,0.72 ,0.0418884, 0.00481239,0.953299,0.958112
0.04,0.73 ,0.0394261, 0.00482992,0.955744,0.960574
0.04,0.74 ,0.0371029, 0.00484773,0.958049,0.962897
0.04,0.75 ,0.0349108, 0.00486583,0.960223,0.965089
0.04,0.76 ,0.0328423, 0.00488422,0.962273,0.967158
0.04,0.77 ,0.0308904, 0.00490291,0.964207,0.96911
0.04,0.78 ,0.0290485, 0.00492188,0.96603,0.970951
0.04,0.79 ,0.0273105, 0.00494115,0.967748,0.97269
0.04,0.8 ,0.0256704, 0.00496071,0.969369,0.97433
0.04,0.81 ,0.0241229, 0.00498057,0.970897,0.975877
0.04,0.82 ,0.0226627, 0.00500071,0.972337,0.977337
0.04,0.83 ,0.0212851, 0.00502115,0.973694,0.978715
0.04,0.84 ,0.0199854, 0.00504188,0.974973,0.980015
0.04,0.85 ,0.0187595, 0.00506291,0.976178,0.981241
0.04,0.86 ,0.0176032, 0.00508423,0.977313,0.982397
0.04,0.87 ,0.0165127, 0.00510584,0.978381,0.983487
0.04,0.88 ,0.0154845, 0.00512774,0.979388,0.984516
0.04,0.89 ,0.014515, 0.00514993,0.980335,0.985485
0.04,0.9 ,0.0136012, 0.0051724,0.981226,0.986399
0.04,0.91 ,0.01274, 0.00519517,0.982065,0.98726
0.04,0.92 ,0.0119286, 0.00521822,0.982853,0.988071
0.04,0.93 ,0.0111641, 0.00524156,0.983594,0.988836
0.04,0.94 ,0.0104441, 0.00526519,0.984291,0.989556
0.04,0.95 ,0.00976617, 0.00528909,0.984945,0.990234
0.04,0.96 ,0.009128, 0.00531328,0.985559,0.990872
0.04,0.97 ,0.00852741, 0.00533775,0.986135,0.991473
0.04,0.98 ,0.00796238, 0.0053625,0.986675,0.992038
0.04,0.99 ,0.00743096, 0.00538752,0.987182,0.992569
0.04,1 ,0.0069313, 0.00541281,0.987656,0.993069
0.05,0 ,0.993677, 0.00410357,0.00221921,0.00632278
0.05,0.01 ,0.993538, 0.00410884,0.00235337,0.00646221
0.05,0.02 ,0.993386, 0.00411417,0.0025002,0.00661438
0.05,0.03 ,0.993219, 0.00411958,0.00266154,0.00678112
0.05,0.04 ,0.993035, 0.00412506,0.0028396,0.00696466
0.05,0.05 ,0.992832, 0.00413062,0.00303708,0.0071677
0.05,0.06 ,0.992606, 0.00413625,0.00325728,0.00739353
0.05,0.07 ,0.992354, 0.00414196,0.00350428,0.00764624
0.05,0.08 ,0.992069, 0.00414775,0.0037832,0.00793095
0.05,0.09 ,0.991746, 0.00415362,0.00410055,0.00825417
0.05,0.1 ,0.991376, 0.00415958,0.00446473,0.0086243
0.05,0.11 ,0.990948, 0.00416562,0.00488675,0.00905236
0.05,0.12 ,0.990447, 0.00417174,0.00538134,0.00955308
0.05,0.13 ,0.989853, 0.00417796,0.00596866,0.0101466
0.05,0.14 ,0.989139, 0.00418427,0.00667701,0.0108613
0.05,0.15 ,0.988262, 0.00419067,0.00754733,0.011738
0.05,0.16 ,0.987162, 0.00419717,0.00864106,0.0128382
0.05,0.17 ,0.985742, 0.00420376,0.0100545,0.0142582
0.05,0.18 ,0.983843, 0.00421046,0.0119467,0.0161571
0.05,0.19 ,0.981185, 0.00421726,0.014598,0.0188153
0.05,0.2 ,0.977232, 0.00422416,0.0185436,0.0227678
0.05,0.21 ,0.970865, 0.00423117,0.0249033,0.0291345
0.05,0.22 ,0.959543, 0.00423829,0.0362187,0.040457
0.05,0.23 ,0.937776, 0.00424553,0.057978,0.0622235
0.05,0.24 ,0.899048, 0.00425288,0.0966996,0.100952
0.05,0.25 ,0.846387, 0.00426034,0.149353,0.153613
0.05,0.26 ,0.789456, 0.00426793,0.206276,0.210544
0.05,0.27 ,0.73389, 0.00427565,0.261834,0.26611
0.05,0.28 ,0.681656, 0.00428349,0.31406,0.318344
0.05,0.29 ,0.633245, 0.00429146,0.362463,0.366755
0.05,0.3 ,0.588622, 0.00429956,0.407079,0.411378
0.05,0.31 ,0.547566, 0.00430781,0.448126,0.452434
0.05,0.32 ,0.509801, 0.00431619,0.485882,0.490199
0.05,0.33 ,0.475045, 0.00432472,0.52063,0.524955
0.05,0.34 ,0.443028, 0.00433339,0.552638,0.556972
0.05,0.35 ,0.413501, 0.00434222,0.582156,0.586499
0.05,0.36 ,0.386238, 0.0043512,0.609411,0.613762
0.05,0.37 ,0.361034, 0.00436034,0.634606,0.638966
0.05,0.38 ,0.337705, 0.00436965,0.657926,0.662295
0.05,0.39 ,0.316086, 0.00437912,0.679535,0.683914
0.05,0.4 ,0.296028, 0.00438876,0.699583,0.703972
0.05,0.41 ,0.277399, 0.00439858,0.718202,0.722601
0.05,0.42 ,0.260078, 0.00440857,0.735513,0.739922
0.05,0.43 ,0.243958, 0.00441876,0.751623,0.756042
0.05,0.44 ,0.22894, 0.00442913,0.76663,0.77106
0.05,0.45 ,0.214937, 0.00443969,0.780623,0.785063
0.05,0.46 ,0.201869, 0.00445045,0.79368,0.798131
0.05,0.47 ,0.189663, 0.00446141,0.805875,0.810337
0.05,0.48 ,0.178254, 0.00447257,0.817273,0.821746
0.05,0.49 ,0.167582, 0.00448395,0.827934,0.832418
0.05,0.5 ,0.157592, 0.00449554,0.837912,0.842408
0.05,0.51 ,0.148235, 0.00450735,0.847257,0.851765
0.05,0.52 ,0.139465, 0.00451938,0.856015,0.860535
0.05,0.53 ,0.131241, 0.00453164,0.864228,0.868759
0.05,0.54 ,0.123524, 0.00454413,0.871932,0.876476
0.05,0.55 ,0.116279, 0.00455686,0.879164,0.883721
0.05,0.56 ,0.109474, 0.00456983,0.885956,0.890526
0.05,0.57 ,0.10308, 0.00458303,0.892337,0.89692
0.05,0.58 ,0.0970695, 0.00459649,0.898334,0.902931
0.05,0.59 ,0.0914165, 0.0046102,0.903973,0.908584
0.05,0.6 ,0.0860982, 0.00462416,0.909278,0.913902
0.05,0.61 ,0.0810929, 0.00463838,0.914269,0.918907
0.05,0.62 ,0.0763809, 0.00465286,0.918966,0.923619
0.05,0.63 ,0.0719435, 0.0046676,0.923389,0.928057
0.05,0.64 ,0.0677635, 0.00468261,0.927554,0.932236
0.05,0.65 ,0.0638252, 0.0046979,0.931477,0.936175
0.05,0.66 ,0.0601135, 0.00471345,0.935173,0.939886
0.05,0.67 ,0.0566148, 0.00472928,0.938656,0.943385
0.05,0.68 ,0.0533163, 0.00474539,0.941938,0.946684
0.05,0.69 ,0.0502058, 0.00476177,0.945032,0.949794
0.05,0.7 ,0.0472723, 0.00477844,0.947949,0.952728
0.05,0.71 ,0.0445053, 0.00479539,0.950699,0.955495
0.05,0.72 ,0.041895, 0.00481263,0.953292,0.958105
0.05,0.73 ,0.0394324, 0.00483015,0.955737,0.960568
0.05,0.74 ,0.0371089, 0.00484797,0.958043,0.962891
0.05,0.75 ,0.0349166, 0.00486607,0.960217,0.965083
0.05,0.76 ,0.0328479, 0.00488446,0.962268,0.967152
0.05,0.77 ,0.0308958, 0.00490314,0.964201,0.969104
0.05,0.78 ,0.0290536, 0.00492212,0.966024,0.970946
0.05,0.79 ,0.0273154, 0.00494138,0.967743,0.972685
0.05,0.8 ,0.0256751, 0.00496094,0.969364,0.974325
0.05,0.81 ,0.0241273, 0.00498079,0.970892,0.975873
0.05,0.82 ,0.022667, 0.00500094,0.972332,0.977333
0.05,0.83 ,0.0212892, 0.00502138,0.973689,0.978711
0.05,0.84 ,0.0199894, 0.00504211,0.974969,0.980011
0.05,0.85 ,0.0187632, 0.00506314,0.976174,0.981237
0.05,0.86 ,0.0176068, 0.00508445,0.977309,0.982393
0.05,0.87 ,0.0165161, 0.00510606,0.978378,0.983484
0.05,0.88 ,0.0154877, 0.00512796,0.979384,0.984512
0.05,0.89 ,0.0145182, 0.00515015,0.980332,0.985482
0.05,0.9 ,0.0136042, 0.00517262,0.981223,0.986396
0.05,0.91 ,0.0127429, 0.00519539,0.982062,0.987257
0.05,0.92 ,0.0119313, 0.00521844,0.98285,0.988069
0.05,0.93 ,0.0111667, 0.00524178,0.983592,0.988833
0.05,0.94 ,0.0104466, 0.0052654,0.984288,0.989553
0.05,0.95 ,0.00976851, 0.00528931,0.984942,0.990231
0.05,0.96 ,0.00913022, 0.0053135,0.985556,0.99087
0.05,0.97 ,0.00852953, 0.00533796,0.986133,0.99147
0.05,0.98 ,0.0079644, 0.00536271,0.986673,0.992036
0.05,0.99 ,0.00743287, 0.00538773,0.987179,0.992567
0.05,1 ,0.00693313, 0.00541302,0.987654,0.993067
0.06,0 ,0.993624, 0.00410384,0.00227257,0.00637641
0.06,0.01 ,0.993484, 0.00410911,0.00240672,0.00651583
0.06,0.02 ,0.993332, 0.00411444,0.00255354,0.00666798
0.06,0.03 ,0.993165, 0.00411985,0.00271487,0.00683472
0.06,0.04 ,0.992982, 0.00412533,0.00289292,0.00701825
0.06,0.05 ,0.992779, 0.00413088,0.00309039,0.00722127
0.06,0.06 ,0.992553, 0.00413651,0.00331057,0.00744708
0.06,0.07 ,0.9923, 0.00414222,0.00355754,0.00769977
0.06,0.08 ,0.992016, 0.00414801,0.00383644,0.00798445
0.06,0.09 ,0.991692, 0.00415389,0.00415376,0.00830764
0.06,0.1 ,0.991322, 0.00415984,0.0045179,0.00867774
0.06,0.11 ,0.990894, 0.00416588,0.00493987,0.00910575
0.06,0.12 ,0.990394, 0.00417201,0.0054344,0.0096064
0.06,0.13 ,0.9898, 0.00417823,0.00602163,0.0101999
0.06,0.14 ,0.989086, 0.00418453,0.00672986,0.0109144
0.06,0.15 ,0.988209, 0.00419094,0.00760002,0.011791
0.06,0.16 ,0.987109, 0.00419743,0.0086935,0.0128909
0.06,0.17 ,0.985689, 0.00420403,0.0101066,0.0143106
0.06,0.18 ,0.983791, 0.00421072,0.0119981,0.0162089
0.06,0.19 ,0.981134, 0.00421752,0.0146485,0.018866
0.06,0.2 ,0.977183, 0.00422442,0.0185922,0.0228166
0.06,0.21 ,0.97082, 0.00423144,0.0249481,0.0291795
0.06,0.22 ,0.959507, 0.00423856,0.0362547,0.0404933
0.06,0.23 ,0.937759, 0.00424579,0.0579953,0.0622411
0.06,0.24 ,0.899056, 0.00425314,0.0966904,0.100944
0.06,0.25 ,0.846414, 0.00426061,0.149325,0.153586
0.06,0.26 ,0.78949, 0.0042682,0.206242,0.21051
0.06,0.27 ,0.733927, 0.00427591,0.261797,0.266073
0.06,0.28 ,0.681694, 0.00428375,0.314022,0.318306
0.06,0.29 ,0.633283, 0.00429172,0.362426,0.366717
0.06,0.3 ,0.588658, 0.00429983,0.407042,0.411342
0.06,0.31 ,0.547601, 0.00430807,0.448091,0.452399
0.06,0.32 ,0.509835, 0.00431645,0.485848,0.490165
0.06,0.33 ,0.475078, 0.00432498,0.520597,0.524922
0.06,0.34 ,0.44306, 0.00433365,0.552606,0.55694
0.06,0.35 ,0.413532, 0.00434248,0.582126,0.586468
0.06,0.36 ,0.386267, 0.00435146,0.609381,0.613733
0.06,0.37 ,0.361062, 0.0043606,0.634578,0.638938
0.06,0.38 ,0.337732, 0.00436991,0.657899,0.662268
0.06,0.39 ,0.316111, 0.00437938,0.679509,0.683889
0.06,0.4 ,0.296053, 0.00438902,0.699558,0.703947
0.06,0.41 ,0.277423, 0.00439884,0.718178,0.722577
0.06,0.42 ,0.260101, 0.00440883,0.73549,0.739899
0.06,0.43 ,0.24398, 0.00441902,0.751601,0.75602
0.06,0.44 ,0.228962, 0.00442938,0.766609,0.771038
0.06,0.45 ,0.214958, 0.00443995,0.780602,0.785042
0.06,0.46 ,0.201889, 0.00445071,0.79366,0.798111
0.06,0.47 ,0.189682, 0.00446167,0.805856,0.810318
0.06,0.48 ,0.178273, 0.00447283,0.817255,0.821727
0.06,0.49 ,0.1676, 0.00448421,0.827916,0.8324
0.06,0.5 ,0.157609, 0.0044958,0.837895,0.842391
0.06,0.51 ,0.148251, 0.00450761,0.847241,0.851749
0.06,0.52 ,0.139481, 0.00451964,0.856,0.860519
0.06,0.53 ,0.131256, 0.0045319,0.864212,0.868744
0.06,0.54 ,0.123538, 0.00454439,0.871917,0.876462
0.06,0.55 ,0.116293, 0.00455711,0.87915,0.883707
0.06,0.56 ,0.109488, 0.00457008,0.885942,0.890512
0.06,0.57 ,0.103093, 0.00458329,0.892324,0.896907
0.06,0.58 ,0.0970818, 0.00459674,0.898322,0.902918
0.06,0.59 ,0.0914283, 0.00461045,0.903961,0.908572
0.06,0.6 ,0.0861095, 0.00462441,0.909266,0.91389
0.06,0.61 ,0.0811039, 0.00463863,0.914258,0.918896
0.06,0.62 ,0.0763914, 0.00465311,0.918956,0.923609
0.06,0.63 ,0.0719535, 0.00466785,0.923379,0.928046
0.06,0.64 ,0.0677732, 0.00468286,0.927544,0.932227
0.06,0.65 ,0.0638345, 0.00469814,0.931467,0.936166
0.06,0.66 ,0.0601225, 0.0047137,0.935164,0.939878
0.06,0.67 ,0.0566234, 0.00472952,0.938647,0.943377
0.06,0.68 ,0.0533245, 0.00474563,0.94193,0.946676
0.06,0.69 ,0.0502137, 0.00476202,0.945024,0.949786
0.06,0.7 ,0.0472798, 0.00477868,0.947941,0.95272
0.06,0.71 ,0.0445125, 0.00479564,0.950692,0.955487
0.06,0.72 ,0.041902, 0.00481287,0.953285,0.958098
0.06,0.73 ,0.0394391, 0.00483039,0.955731,0.960561
0.06,0.74 ,0.0371153, 0.0048482,0.958036,0.962885
0.06,0.75 ,0.0349227, 0.00486631,0.960211,0.965077
0.06,0.76 ,0.0328537, 0.0048847,0.962262,0.967146
0.06,0.77 ,0.0309014, 0.00490338,0.964195,0.969099
0.06,0.78 ,0.029059, 0.00492235,0.966019,0.970941
0.06,0.79 ,0.0273205, 0.00494162,0.967738,0.972679
0.06,0.8 ,0.02568, 0.00496118,0.969359,0.97432
0.06,0.81 ,0.0241321, 0.00498103,0.970887,0.975868
0.06,0.82 ,0.0226715, 0.00500117,0.972327,0.977329
0.06,0.83 ,0.0212935, 0.00502161,0.973685,0.978707
0.06,0.84 ,0.0199935, 0.00504234,0.974964,0.980007
0.06,0.85 ,0.0187672, 0.00506336,0.976169,0.981233
0.06,0.86 ,0.0176105, 0.00508468,0.977305,0.982389
0.06,0.87 ,0.0165197, 0.00510628,0.978374,0.98348
0.06,0.88 ,0.0154912, 0.00512818,0.979381,0.984509
0.06,0.89 ,0.0145214, 0.00515037,0.980328,0.985479
0.06,0.9 ,0.0136073, 0.00517285,0.98122,0.986393
0.06,0.91 ,0.0127459, 0.00519561,0.982059,0.987254
0.06,0.92 ,0.0119341, 0.00521866,0.982847,0.988066
0.06,0.93 ,0.0111694, 0.005242,0.983589,0.988831
0.06,0.94 ,0.0104492, 0.00526562,0.984285,0.989551
0.06,0.95 ,0.00977098, 0.00528952,0.984939,0.990229
0.06,0.96 ,0.00913257, 0.00531371,0.985554,0.990867
0.06,0.97 ,0.00853176, 0.00533818,0.98613,0.991468
0.06,0.98 ,0.00796652, 0.00536292,0.986671,0.992033
0.06,0.99 ,0.00743489, 0.00538794,0.987177,0.992565
0.06,1 ,0.00693504, 0.00541323,0.987652,0.993065
0.07,0 ,0.993566, 0.00410411,0.00232996,0.00643407
0.07,0.01 ,0.993427, 0.00410938,0.0024641,0.00657348
0.07,0.02 ,0.993274, 0.00411471,0.00261091,0.00672562
0.07,0.03 ,0.993108, 0.00412012,0.00277222,0.00689234
0.07,0.04 ,0.992924, 0.0041256,0.00295026,0.00707586
0.07,0.05 ,0.992721, 0.00413115,0.00314771,0.00727887
0.07,0.06 ,0.992495, 0.00413678,0.00336787,0.00750466
0.07,0.07 ,0.992243, 0.00414249,0.00361483,0.00775732
0.07,0.08 ,0.991958, 0.00414828,0.00389369,0.00804198
0.07,0.09 ,0.991635, 0.00415416,0.00421098,0.00836514
0.07,0.1 ,0.991265, 0.00416011,0.00457508,0.00873519
0.07,0.11 ,0.990837, 0.00416615,0.00499699,0.00916314
0.07,0.12 ,0.990336, 0.00417228,0.00549145,0.00966373
0.07,0.13 ,0.989743, 0.00417849,0.0060786,0.0102571
0.07,0.14 ,0.989028, 0.0041848,0.0067867,0.0109715
0.07,0.15 ,0.988152, 0.0041912,0.00765668,0.0118479
0.07,0.16 ,0.987052, 0.0041977,0.00874991,0.0129476
0.07,0.17 ,0.985633, 0.0042043,0.0101626,0.0143669
0.07,0.18 ,0.983735, 0.00421099,0.0120535,0.0162645
0.07,0.19 ,0.981079, 0.00421779,0.0147028,0.0189206
0.07,0.2 ,0.977131, 0.00422469,0.0186445,0.0228692
0.07,0.21 ,0.970772, 0.0042317,0.0249962,0.0292279
0.07,0.22 ,0.959468, 0.00423882,0.0362936,0.0405324
0.07,0.23 ,0.93774, 0.00424606,0.058014,0.06226
0.07,0.24 ,0.899066, 0.00425341,0.0966807,0.100934
0.07,0.25 ,0.846443, 0.00426087,0.149296,0.153557
0.07,0.26 ,0.789527, 0.00426846,0.206204,0.210473
0.07,0.27 ,0.733967, 0.00427618,0.261757,0.266033
0.07,0.28 ,0.681734, 0.00428402,0.313982,0.318266
0.07,0.29 ,0.633322, 0.00429199,0.362386,0.366678
0.07,0.3 ,0.588697, 0.00430009,0.407003,0.411303
0.07,0.31 ,0.547639, 0.00430833,0.448053,0.452361
0.07,0.32 ,0.509872, 0.00431672,0.485812,0.490128
0.07,0.33 ,0.475113, 0.00432524,0.520562,0.524887
0.07,0.34 ,0.443094, 0.00433392,0.552572,0.556906
0.07,0.35 ,0.413564, 0.00434274,0.582093,0.586436
0.07,0.36 ,0.386298, 0.00435173,0.60935,0.613702
0.07,0.37 ,0.361092, 0.00436087,0.634547,0.638908
0.07,0.38 ,0.33776, 0.00437017,0.657869,0.66224
0.07,0.39 ,0.316139, 0.00437964,0.679481,0.683861
0.07,0.4 ,0.29608, 0.00438928,0.699531,0.70392
0.07,0.41 ,0.277449, 0.0043991,0.718152,0.722551
0.07,0.42 ,0.260126, 0.0044091,0.735465,0.739874
0.07,0.43 ,0.244004, 0.00441928,0.751577,0.755996
0.07,0.44 ,0.228985, 0.00442965,0.766586,0.771015
0.07,0.45 ,0.21498, 0.00444021,0.78058,0.78502
0.07,0.46 ,0.20191, 0.00445097,0.793639,0.79809
0.07,0.47 ,0.189703, 0.00446193,0.805835,0.810297
0.07,0.48 ,0.178292, 0.00447309,0.817235,0.821708
0.07,0.49 ,0.167618, 0.00448447,0.827897,0.832382
0.07,0.5 ,0.157627, 0.00449606,0.837877,0.842373
0.07,0.51 ,0.148269, 0.00450786,0.847223,0.851731
0.07,0.52 ,0.139497, 0.0045199,0.855983,0.860503
0.07,0.53 ,0.131272, 0.00453215,0.864196,0.868728
0.07,0.54 ,0.123553, 0.00454464,0.871902,0.876447
0.07,0.55 ,0.116308, 0.00455737,0.879135,0.883692
0.07,0.56 ,0.109502, 0.00457033,0.885928,0.890498
0.07,0.57 ,0.103107, 0.00458354,0.89231,0.896893
0.07,0.58 ,0.0970949, 0.004597,0.898308,0.902905
0.07,0.59 ,0.0914409, 0.0046107,0.903948,0.908559
0.07,0.6 ,0.0861216, 0.00462466,0.909254,0.913878
0.07,0.61 ,0.0811155, 0.00463888,0.914246,0.918885
0.07,0.62 ,0.0764025, 0.00465336,0.918944,0.923597
0.07,0.63 ,0.0719642, 0.0046681,0.923368,0.928036
0.07,0.64 ,0.0677835, 0.00468311,0.927533,0.932216
0.07,0.65 ,0.0638443, 0.00469839,0.931457,0.936156
0.07,0.66 ,0.0601319, 0.00471395,0.935154,0.939868
0.07,0.67 ,0.0566325, 0.00472977,0.938638,0.943367
0.07,0.68 ,0.0533332, 0.00474588,0.941921,0.946667
0.07,0.69 ,0.050222, 0.00476226,0.945016,0.949778
0.07,0.7 ,0.0472879, 0.00477893,0.947933,0.952712
0.07,0.71 ,0.0445202, 0.00479588,0.950684,0.95548
