Betapv,Betamv,V,Rs,Rv,P
0,0 ,0.974834, 0.0231655,0.002,0.0251655
0,0.01 ,0.974482, 0.0233083,0.00220997,0.0255183
0,0.02 ,0.974111, 0.0234551,0.00243374,0.0258889
0,0.03 ,0.973721, 0.0236062,0.00267248,0.0262787
0,0.04 ,0.973311, 0.0237618,0.00292749,0.0266893
0,0.05 ,0.972878, 0.023922,0.00320022,0.0271222
0,0.06 ,0.972421, 0.0240871,0.00349227,0.0275794
0,0.07 ,0.971937, 0.0242573,0.00380543,0.0280627
0,0.08 ,0.971425, 0.0244329,0.0041417,0.0285746
0,0.09 ,0.970883, 0.024614,0.00450332,0.0291174
0,0.1 ,0.970306, 0.0248011,0.00489281,0.0296939
0,0.11 ,0.969693, 0.0249943,0.00531299,0.0303073
0,0.12 ,0.969039, 0.0251939,0.00576707,0.030961
0,0.13 ,0.968341, 0.0254004,0.00625867,0.0316591
0,0.14 ,0.967594, 0.0256141,0.00679191,0.032406
0,0.15 ,0.966793, 0.0258353,0.00737149,0.0332068
0,0.16 ,0.965933, 0.0260644,0.00800278,0.0340671
0,0.17 ,0.965006, 0.0263018,0.00869194,0.0349938
0,0.18 ,0.964006, 0.0265481,0.00944609,0.0359942
0,0.19 ,0.962923, 0.0268037,0.0102734,0.0370771
0,0.2 ,0.961747, 0.0270691,0.0111835,0.0382527
0,0.21 ,0.960468, 0.0273449,0.0121876,0.0395325
0,0.22 ,0.95907, 0.0276317,0.0132985,0.0409302
0,0.23 ,0.957538, 0.0279301,0.0145318,0.0424619
0,0.24 ,0.955854, 0.0282408,0.0159056,0.0441464
0,0.25 ,0.953994, 0.0285645,0.0174416,0.0460061
0,0.26 ,0.951932, 0.0289021,0.0191654,0.0480675
0,0.27 ,0.949637, 0.0292543,0.0211083,0.0503625
0,0.28 ,0.947071, 0.029622,0.0233074,0.0529294
0,0.29 ,0.944186, 0.0300063,0.0258082,0.0558145
0,0.3 ,0.940926, 0.030408,0.0286657,0.0590736
0,0.31 ,0.937225, 0.0308283,0.0319469,0.0627752
0,0.32 ,0.932998, 0.0312683,0.035734,0.0670024
0,0.33 ,0.928144, 0.0317292,0.040127,0.0718562
0,0.34 ,0.922541, 0.0322122,0.0452469,0.0774592
0,0.35 ,0.916042, 0.0327187,0.0512396,0.0839583
0,0.36 ,0.908474, 0.0332499,0.0582764,0.0915263
0,0.37 ,0.89964, 0.0338071,0.0665529,0.10036
0,0.38 ,0.889327, 0.0343918,0.0762808,0.110673
0,0.39 ,0.877325, 0.0350052,0.0876701,0.122675
0,0.4 ,0.863451, 0.0356485,0.1009,0.136549
0,0.41 ,0.847596, 0.0363231,0.116081,0.152404
0,0.42 ,0.829758, 0.0370298,0.133212,0.170242
0,0.43 ,0.810066, 0.0377696,0.152165,0.189934
0,0.44 ,0.788775, 0.038543,0.172682,0.211225
0,0.45 ,0.766232, 0.0393506,0.194418,0.233768
0,0.46 ,0.742818, 0.0401925,0.216989,0.257182
0,0.47 ,0.718908, 0.0410686,0.240023,0.281092
0,0.48 ,0.694832, 0.0419784,0.263189,0.305168
0,0.49 ,0.670863, 0.0429212,0.286216,0.329137
0,0.5 ,0.647211, 0.0438962,0.308893,0.352789
0,0.51 ,0.624034, 0.0449022,0.331064,0.375966
0,0.52 ,0.601444, 0.0459379,0.352618,0.398556
0,0.53 ,0.579516, 0.0470018,0.373482,0.420484
0,0.54 ,0.558297, 0.0480922,0.393611,0.441703
0,0.55 ,0.537812, 0.0492074,0.412981,0.462188
0,0.56 ,0.518072, 0.0503458,0.431582,0.481928
0,0.57 ,0.499076, 0.0515055,0.449418,0.500924
0,0.58 ,0.480814, 0.0526847,0.466501,0.519186
0,0.59 ,0.463271, 0.0538817,0.482847,0.536729
0,0.6 ,0.446428, 0.0550947,0.498477,0.553572
0,0.61 ,0.430263, 0.0563221,0.513415,0.569737
0,0.62 ,0.414753, 0.0575622,0.527685,0.585247
0,0.63 ,0.399872, 0.0588136,0.541315,0.600128
0,0.64 ,0.385596, 0.0600746,0.554329,0.614404
0,0.65 ,0.371902, 0.061344,0.566754,0.628098
0,0.66 ,0.358763, 0.0626203,0.578617,0.641237
0,0.67 ,0.346157, 0.0639024,0.589941,0.653843
0,0.68 ,0.33406, 0.0651891,0.600751,0.66594
0,0.69 ,0.32245, 0.0664793,0.611071,0.67755
0,0.7 ,0.311305, 0.0677719,0.620923,0.688695
0,0.71 ,0.300605, 0.069066,0.630329,0.699395
0,0.72 ,0.29033, 0.0703608,0.63931,0.70967
0,0.73 ,0.28046, 0.0716554,0.647885,0.71954
0,0.74 ,0.270978, 0.0729491,0.656073,0.729022
0,0.75 ,0.261867, 0.0742412,0.663892,0.738133
0,0.76 ,0.253109, 0.075531,0.67136,0.746891
0,0.77 ,0.24469, 0.0768179,0.678492,0.75531
0,0.78 ,0.236594, 0.0781015,0.685305,0.763406
0,0.79 ,0.228807, 0.0793812,0.691812,0.771193
0,0.8 ,0.221316, 0.0806565,0.698028,0.778684
0,0.81 ,0.214107, 0.0819272,0.703966,0.785893
0,0.82 ,0.207169, 0.0831927,0.709638,0.792831
0,0.83 ,0.20049, 0.0844528,0.715057,0.79951
0,0.84 ,0.194059, 0.0857071,0.720234,0.805941
0,0.85 ,0.187865, 0.0869554,0.72518,0.812135
0,0.86 ,0.181898, 0.0881974,0.729905,0.818102
0,0.87 ,0.176149, 0.0894329,0.734418,0.823851
0,0.88 ,0.170609, 0.0906617,0.73873,0.829391
0,0.89 ,0.165268, 0.0918835,0.742848,0.834732
0,0.9 ,0.16012, 0.0930984,0.746782,0.83988
0,0.91 ,0.155155, 0.0943061,0.750539,0.844845
0,0.92 ,0.150367, 0.0955064,0.754126,0.849633
0,0.93 ,0.145749, 0.0966994,0.757552,0.854251
0,0.94 ,0.141293, 0.0978848,0.760822,0.858707
0,0.95 ,0.136993, 0.0990627,0.763944,0.863007
0,0.96 ,0.132843, 0.100233,0.766924,0.867157
0,0.97 ,0.128837, 0.101395,0.769767,0.871163
0,0.98 ,0.12497, 0.10255,0.77248,0.87503
0,0.99 ,0.121236, 0.103697,0.775067,0.878764
0,1 ,0.117629, 0.104836,0.777535,0.882371
0.01,0 ,0.974695, 0.0232233,0.00208208,0.0253054
0.01,0.01 ,0.974342, 0.023366,0.002292,0.025658
0.01,0.02 ,0.973971, 0.0235128,0.00251571,0.0260285
0.01,0.03 ,0.973582, 0.0236639,0.00275439,0.0264182
0.01,0.04 ,0.973171, 0.0238194,0.00300934,0.0268287
0.01,0.05 ,0.972738, 0.0239795,0.003282,0.0272615
0.01,0.06 ,0.972281, 0.0241446,0.00357397,0.0277185
0.01,0.07 ,0.971798, 0.0243147,0.00388704,0.0282017
0.01,0.08 ,0.971287, 0.0244902,0.00422321,0.0287134
0.01,0.09 ,0.970744, 0.0246713,0.00458472,0.029256
0.01,0.1 ,0.970168, 0.0248582,0.00497408,0.0298323
0.01,0.11 ,0.969555, 0.0250514,0.00539412,0.0304455
0.01,0.12 ,0.968901, 0.025251,0.00584805,0.031099
0.01,0.13 ,0.968203, 0.0254574,0.00633947,0.0317969
0.01,0.14 ,0.967457, 0.0256709,0.00687252,0.0325435
0.01,0.15 ,0.966656, 0.025892,0.00745187,0.0333439
0.01,0.16 ,0.965796, 0.026121,0.0080829,0.0342039
0.01,0.17 ,0.96487, 0.0263584,0.00877178,0.0351302
0.01,0.18 ,0.96387, 0.0266046,0.00952559,0.0361302
0.01,0.19 ,0.962787, 0.02686,0.0103526,0.0372126
0.01,0.2 ,0.961612, 0.0271253,0.0112622,0.0383876
0.01,0.21 ,0.960333, 0.027401,0.0122657,0.0396667
0.01,0.22 ,0.958936, 0.0276877,0.0133761,0.0410638
0.01,0.23 ,0.957405, 0.0279859,0.0146087,0.0425946
0.01,0.24 ,0.955722, 0.0282965,0.0159817,0.0442782
0.01,0.25 ,0.953863, 0.02862,0.0175167,0.0461368
0.01,0.26 ,0.951803, 0.0289574,0.0192395,0.0481969
0.01,0.27 ,0.94951, 0.0293094,0.021181,0.0504904
0.01,0.28 ,0.946944, 0.029677,0.0233786,0.0530556
0.01,0.29 ,0.944061, 0.030061,0.0258775,0.0559385
0.01,0.3 ,0.940805, 0.0304626,0.0287327,0.0591952
0.01,0.31 ,0.937106, 0.0308826,0.0320112,0.0628938
0.01,0.32 ,0.932883, 0.0313224,0.035795,0.0671174
0.01,0.33 ,0.928033, 0.031783,0.0401838,0.0719668
0.01,0.34 ,0.922435, 0.0322658,0.0452987,0.0775645
0.01,0.35 ,0.915943, 0.0327719,0.0512853,0.0840572
0.01,0.36 ,0.908383, 0.0333028,0.0583146,0.0916174
0.01,0.37 ,0.899558, 0.0338597,0.066582,0.100442
0.01,0.38 ,0.889257, 0.034444,0.0762991,0.110743
0.01,0.39 ,0.877267, 0.035057,0.0876758,0.122733
0.01,0.4 ,0.863408, 0.0357,0.100892,0.136592
0.01,0.41 ,0.847569, 0.0363741,0.116057,0.152431
0.01,0.42 ,0.829747, 0.0370804,0.133172,0.170253
0.01,0.43 ,0.810072, 0.0378197,0.152109,0.189928
0.01,0.44 ,0.788796, 0.0385927,0.172611,0.211204
0.01,0.45 ,0.766266, 0.0393998,0.194334,0.233734
0.01,0.46 ,0.742864, 0.0402412,0.216895,0.257136
0.01,0.47 ,0.718963, 0.0411167,0.23992,0.281037
0.01,0.48 ,0.694894, 0.0420259,0.26308,0.305106
0.01,0.49 ,0.67093, 0.0429682,0.286101,0.32907
0.01,0.5 ,0.647283, 0.0439427,0.308775,0.352717
0.01,0.51 ,0.624109, 0.0449481,0.330943,0.375891
0.01,0.52 ,0.601521, 0.0459832,0.352496,0.398479
0.01,0.53 ,0.579594, 0.0470465,0.373359,0.420406
0.01,0.54 ,0.558375, 0.0481363,0.393488,0.441625
0.01,0.55 ,0.537891, 0.049251,0.412858,0.462109
0.01,0.56 ,0.518151, 0.0503888,0.43146,0.481849
0.01,0.57 ,0.499155, 0.0515479,0.449297,0.500845
0.01,0.58 ,0.480892, 0.0527266,0.466381,0.519108
0.01,0.59 ,0.463349, 0.053923,0.482728,0.536651
0.01,0.6 ,0.446505, 0.0551355,0.49836,0.553495
0.01,0.61 ,0.430338, 0.0563623,0.513299,0.569662
0.01,0.62 ,0.414827, 0.057602,0.527571,0.585173
0.01,0.63 ,0.399945, 0.0588528,0.541203,0.600055
0.01,0.64 ,0.385668, 0.0601133,0.554219,0.614332
0.01,0.65 ,0.371972, 0.0613822,0.566646,0.628028
0.01,0.66 ,0.358832, 0.062658,0.57851,0.641168
0.01,0.67 ,0.346225, 0.0639396,0.589836,0.653775
0.01,0.68 ,0.334126, 0.0652259,0.600648,0.665874
0.01,0.69 ,0.322515, 0.0665155,0.610969,0.677485
0.01,0.7 ,0.311369, 0.0678077,0.620823,0.688631
0.01,0.71 ,0.300668, 0.0691014,0.630231,0.699332
0.01,0.72 ,0.290391, 0.0703958,0.639213,0.709609
0.01,0.73 ,0.28052, 0.0716899,0.64779,0.71948
0.01,0.74 ,0.271037, 0.0729832,0.65598,0.728963
0.01,0.75 ,0.261924, 0.0742749,0.663801,0.738076
0.01,0.76 ,0.253165, 0.0755643,0.67127,0.746835
0.01,0.77 ,0.244745, 0.0768508,0.678404,0.755255
0.01,0.78 ,0.236648, 0.078134,0.685218,0.763352
0.01,0.79 ,0.22886, 0.0794133,0.691727,0.77114
0.01,0.8 ,0.221367, 0.0806883,0.697944,0.778633
0.01,0.81 ,0.214158, 0.0819586,0.703884,0.785842
0.01,0.82 ,0.207219, 0.0832238,0.709558,0.792781
0.01,0.83 ,0.200538, 0.0844835,0.714978,0.799462
0.01,0.84 ,0.194106, 0.0857375,0.720156,0.805894
0.01,0.85 ,0.187911, 0.0869854,0.725103,0.812089
0.01,0.86 ,0.181943, 0.0882271,0.72983,0.818057
0.01,0.87 ,0.176193, 0.0894623,0.734344,0.823807
0.01,0.88 ,0.170652, 0.0906908,0.738657,0.829348
0.01,0.89 ,0.165311, 0.0919124,0.742777,0.834689
0.01,0.9 ,0.160162, 0.0931269,0.746712,0.839838
0.01,0.91 ,0.155196, 0.0943343,0.75047,0.844804
0.01,0.92 ,0.150407, 0.0955344,0.754058,0.849593
0.01,0.93 ,0.145788, 0.096727,0.757485,0.854212
0.01,0.94 ,0.141331, 0.0979122,0.760757,0.858669
0.01,0.95 ,0.13703, 0.0990897,0.76388,0.86297
0.01,0.96 ,0.13288, 0.10026,0.766861,0.86712
0.01,0.97 ,0.128873, 0.101422,0.769705,0.871127
0.01,0.98 ,0.125005, 0.102576,0.772419,0.874995
0.01,0.99 ,0.12127, 0.103723,0.775007,0.87873
0.01,1 ,0.117663, 0.104862,0.777475,0.882337
0.02,0 ,0.97455, 0.0232823,0.00216766,0.02545
0.02,0.01 ,0.974197, 0.023425,0.00237753,0.0258025
0.02,0.02 ,0.973827, 0.0235717,0.00260118,0.0261729
0.02,0.03 ,0.973437, 0.0237227,0.0028398,0.0265625
0.02,0.04 ,0.973027, 0.0238782,0.00309468,0.0269728
0.02,0.05 ,0.972594, 0.0240383,0.00336726,0.0274055
0.02,0.06 ,0.972138, 0.0242032,0.00365915,0.0278624
0.02,0.07 ,0.971655, 0.0243733,0.00397213,0.0283454
0.02,0.08 ,0.971143, 0.0245487,0.0043082,0.0288569
0.02,0.09 ,0.970601, 0.0247298,0.00466959,0.0293993
0.02,0.1 ,0.970025, 0.0249166,0.00505882,0.0299755
0.02,0.11 ,0.969412, 0.0251097,0.00547872,0.0305884
0.02,0.12 ,0.968758, 0.0253092,0.00593249,0.0312417
0.02,0.13 ,0.968061, 0.0255155,0.00642373,0.0319393
0.02,0.14 ,0.967314, 0.025729,0.00695657,0.0326856
0.02,0.15 ,0.966514, 0.02595,0.0075357,0.0334857
0.02,0.16 ,0.965655, 0.0261789,0.00816647,0.0343454
0.02,0.17 ,0.964729, 0.0264162,0.00885504,0.0352712
0.02,0.18 ,0.963729, 0.0266622,0.00960851,0.0362707
0.02,0.19 ,0.962647, 0.0269176,0.0104351,0.0373527
0.02,0.2 ,0.961473, 0.0271827,0.0113443,0.0385271
0.02,0.21 ,0.960194, 0.0274583,0.0123473,0.0398056
0.02,0.22 ,0.958798, 0.0277448,0.0134571,0.0412019
0.02,0.23 ,0.957268, 0.0280429,0.014689,0.0427319
0.02,0.24 ,0.955586, 0.0283533,0.0160612,0.0444145
0.02,0.25 ,0.953728, 0.0286767,0.0175952,0.0462719
0.02,0.26 ,0.951669, 0.0290139,0.0193168,0.0483307
0.02,0.27 ,0.949377, 0.0293658,0.021257,0.0506227
0.02,0.28 ,0.946814, 0.0297331,0.023453,0.0531861
0.02,0.29 ,0.943933, 0.0301169,0.0259499,0.0560668
0.02,0.3 ,0.940679, 0.0305183,0.0288027,0.059321
0.02,0.31 ,0.936983, 0.0309381,0.0320784,0.0630165
0.02,0.32 ,0.932764, 0.0313776,0.0358588,0.0672364
0.02,0.33 ,0.927919, 0.031838,0.0402434,0.0720813
0.02,0.34 ,0.922326, 0.0323205,0.0453532,0.0776736
0.02,0.35 ,0.91584, 0.0328263,0.0513334,0.0841597
0.02,0.36 ,0.908288, 0.0333568,0.058355,0.0917119
0.02,0.37 ,0.899473, 0.0339134,0.0666131,0.100527
0.02,0.38 ,0.889184, 0.0344974,0.076319,0.110816
0.02,0.39 ,0.877207, 0.03511,0.0876827,0.122793
0.02,0.4 ,0.863364, 0.0357526,0.100884,0.136636
0.02,0.41 ,0.847541, 0.0364262,0.116033,0.152459
0.02,0.42 ,0.829736, 0.0371321,0.133132,0.170264
0.02,0.43 ,0.810077, 0.0378709,0.152052,0.189923
0.02,0.44 ,0.788818, 0.0386434,0.172539,0.211182
0.02,0.45 ,0.766301, 0.03945,0.194249,0.233699
0.02,0.46 ,0.742911, 0.0402908,0.216799,0.257089
0.02,0.47 ,0.719019, 0.0411658,0.239815,0.280981
0.02,0.48 ,0.694958, 0.0420745,0.262967,0.305042
0.02,0.49 ,0.671, 0.0430162,0.285984,0.329
0.02,0.5 ,0.647357, 0.0439901,0.308653,0.352643
0.02,0.51 ,0.624186, 0.0449949,0.330819,0.375814
0.02,0.52 ,0.6016, 0.0460295,0.35237,0.3984
0.02,0.53 ,0.579675, 0.0470921,0.373233,0.420325
0.02,0.54 ,0.558457, 0.0481814,0.393362,0.441543
0.02,0.55 ,0.537972, 0.0492955,0.412732,0.462028
0.02,0.56 ,0.518232, 0.0504327,0.431335,0.481768
0.02,0.57 ,0.499236, 0.0515912,0.449173,0.500764
0.02,0.58 ,0.480973, 0.0527693,0.466258,0.519027
0.02,0.59 ,0.463428, 0.0539651,0.482607,0.536572
0.02,0.6 ,0.446583, 0.0551771,0.49824,0.553417
0.02,0.61 ,0.430416, 0.0564034,0.513181,0.569584
0.02,0.62 ,0.414903, 0.0576424,0.527455,0.585097
0.02,0.63 ,0.40002, 0.0588927,0.541088,0.59998
0.02,0.64 ,0.385742, 0.0601527,0.554106,0.614258
0.02,0.65 ,0.372044, 0.0614211,0.566535,0.627956
0.02,0.66 ,0.358903, 0.0626964,0.5784,0.641097
0.02,0.67 ,0.346294, 0.0639776,0.589728,0.653706
0.02,0.68 ,0.334195, 0.0652633,0.600542,0.665805
0.02,0.69 ,0.322582, 0.0665525,0.610865,0.677418
0.02,0.7 ,0.311435, 0.0678442,0.620721,0.688565
0.02,0.71 ,0.300732, 0.0691375,0.630131,0.699268
0.02,0.72 ,0.290454, 0.0704314,0.639115,0.709546
0.02,0.73 ,0.280582, 0.0717251,0.647693,0.719418
0.02,0.74 ,0.271097, 0.0730179,0.655885,0.728903
0.02,0.75 ,0.261984, 0.0743092,0.663707,0.738016
0.02,0.76 ,0.253224, 0.0755982,0.671178,0.746776
0.02,0.77 ,0.244802, 0.0768843,0.678314,0.755198
0.02,0.78 ,0.236703, 0.0781671,0.685129,0.763297
0.02,0.79 ,0.228914, 0.0794461,0.69164,0.771086
0.02,0.8 ,0.221421, 0.0807207,0.697859,0.778579
0.02,0.81 ,0.21421, 0.0819906,0.7038,0.78579
0.02,0.82 ,0.20727, 0.0832554,0.709475,0.79273
0.02,0.83 ,0.200588, 0.0845148,0.714897,0.799412
0.02,0.84 ,0.194155, 0.0857684,0.720077,0.805845
0.02,0.85 ,0.187959, 0.087016,0.725025,0.812041
0.02,0.86 ,0.18199, 0.0882574,0.729753,0.81801
0.02,0.87 ,0.176239, 0.0894922,0.734269,0.823761
0.02,0.88 ,0.170697, 0.0907204,0.738583,0.829303
0.02,0.89 ,0.165355, 0.0919416,0.742704,0.834645
0.02,0.9 ,0.160204, 0.0931559,0.74664,0.839796
0.02,0.91 ,0.155238, 0.094363,0.750399,0.844762
0.02,0.92 ,0.150448, 0.0955627,0.753989,0.849552
0.02,0.93 ,0.145828, 0.0967551,0.757417,0.854172
0.02,0.94 ,0.14137, 0.09794,0.76069,0.85863
0.02,0.95 ,0.137069, 0.0991173,0.763814,0.862931
0.02,0.96 ,0.132917, 0.100287,0.766796,0.867083
0.02,0.97 ,0.12891, 0.101449,0.769641,0.87109
0.02,0.98 ,0.125041, 0.102603,0.772356,0.874959
0.02,0.99 ,0.121305, 0.10375,0.774946,0.878695
0.02,1 ,0.117697, 0.104888,0.777415,0.882303
0.03,0 ,0.9744, 0.0233426,0.00225695,0.0255996
0.03,0.01 ,0.974048, 0.0234852,0.00246676,0.025952
0.03,0.02 ,0.973678, 0.0236319,0.00269036,0.0263222
0.03,0.03 ,0.973288, 0.0237828,0.00292891,0.0267117
0.03,0.04 ,0.972878, 0.0239382,0.00318372,0.0271219
0.03,0.05 ,0.972446, 0.0240982,0.00345622,0.0275545
0.03,0.06 ,0.971989, 0.0242632,0.00374802,0.0280112
0.03,0.07 ,0.971506, 0.0244332,0.0040609,0.0284941
0.03,0.08 ,0.970995, 0.0246085,0.00439687,0.0290054
0.03,0.09 ,0.970452, 0.0247895,0.00475814,0.0295476
0.03,0.1 ,0.969876, 0.0249763,0.00514724,0.0301235
0.03,0.11 ,0.969264, 0.0251692,0.00556699,0.0307362
0.03,0.12 ,0.968611, 0.0253687,0.00602059,0.0313893
0.03,0.13 ,0.967913, 0.0255749,0.00651165,0.0320866
0.03,0.14 ,0.967167, 0.0257883,0.00704428,0.0328326
0.03,0.15 ,0.966368, 0.0260092,0.00762316,0.0336323
0.03,0.16 ,0.965508, 0.026238,0.00825366,0.0344916
0.03,0.17 ,0.964583, 0.0264751,0.00894193,0.0354171
0.03,0.18 ,0.963584, 0.0267211,0.00969505,0.0364161
0.03,0.19 ,0.962502, 0.0269763,0.0105212,0.0374976
0.03,0.2 ,0.961329, 0.0272414,0.01143,0.0386714
0.03,0.21 ,0.960051, 0.0275168,0.0124324,0.0399492
0.03,0.22 ,0.958655, 0.0278031,0.0135416,0.0413447
0.03,0.23 ,0.957126, 0.0281011,0.0147728,0.0428739
0.03,0.24 ,0.955445, 0.0284113,0.0161441,0.0445554
0.03,0.25 ,0.953588, 0.0287346,0.0176771,0.0464117
0.03,0.26 ,0.951531, 0.0290716,0.0193976,0.0484692
0.03,0.27 ,0.94924, 0.0294233,0.0213364,0.0507596
0.03,0.28 ,0.946679, 0.0297904,0.0235307,0.0533211
0.03,0.29 ,0.9438, 0.0301741,0.0260256,0.0561997
0.03,0.3 ,0.940549, 0.0305751,0.0288761,0.0594512
0.03,0.31 ,0.936856, 0.0309947,0.0321489,0.0631436
0.03,0.32 ,0.93264, 0.031434,0.0359256,0.0673596
0.03,0.33 ,0.9278, 0.0318941,0.0403059,0.0722
0.03,0.34 ,0.922213, 0.0323763,0.0454104,0.0777867
0.03,0.35 ,0.915734, 0.0328818,0.0513842,0.084266
0.03,0.36 ,0.90819, 0.033412,0.0583978,0.0918099
0.03,0.37 ,0.899385, 0.0339682,0.0666463,0.100615
0.03,0.38 ,0.889107, 0.0345518,0.0763407,0.110893
0.03,0.39 ,0.877145, 0.035164,0.087691,0.122855
0.03,0.4 ,0.863317, 0.0358062,0.100877,0.136683
0.03,0.41 ,0.847511, 0.0364794,0.116009,0.152489
0.03,0.42 ,0.829724, 0.0371848,0.133091,0.170276
0.03,0.43 ,0.810082, 0.0379232,0.151994,0.189918
0.03,0.44 ,0.788839, 0.0386952,0.172466,0.211161
0.03,0.45 ,0.766337, 0.0395012,0.194162,0.233663
0.03,0.46 ,0.742958, 0.0403415,0.2167,0.257042
0.03,0.47 ,0.719077, 0.0412159,0.239707,0.280923
0.03,0.48 ,0.695024, 0.042124,0.262852,0.304976
0.03,0.49 ,0.671071, 0.0430652,0.285863,0.328929
0.03,0.5 ,0.647433, 0.0440384,0.308529,0.352567
0.03,0.51 ,0.624265, 0.0450427,0.330692,0.375735
0.03,0.52 ,0.601682, 0.0460766,0.352242,0.398318
0.03,0.53 ,0.579757, 0.0471387,0.373104,0.420243
0.03,0.54 ,0.55854, 0.0482273,0.393232,0.44146
0.03,0.55 ,0.538056, 0.0493408,0.412603,0.461944
0.03,0.56 ,0.518316, 0.0504774,0.431206,0.481684
0.03,0.57 ,0.499319, 0.0516353,0.449046,0.500681
0.03,0.58 ,0.481055, 0.0528128,0.466132,0.518945
0.03,0.59 ,0.46351, 0.0540081,0.482482,0.53649
0.03,0.6 ,0.446664, 0.0552194,0.498117,0.553336
0.03,0.61 ,0.430496, 0.0564452,0.513059,0.569504
0.03,0.62 ,0.414981, 0.0576837,0.527335,0.585019
0.03,0.63 ,0.400097, 0.0589334,0.54097,0.599903
0.03,0.64 ,0.385818, 0.0601929,0.553989,0.614182
0.03,0.65 ,0.372119, 0.0614607,0.56642,0.627881
0.03,0.66 ,0.358976, 0.0627356,0.578288,0.641024
0.03,0.67 ,0.346366, 0.0640162,0.589618,0.653634
0.03,0.68 ,0.334265, 0.0653014,0.600433,0.665735
0.03,0.69 ,0.322651, 0.0665901,0.610759,0.677349
0.03,0.7 ,0.311502, 0.0678814,0.620616,0.688498
0.03,0.71 ,0.300798, 0.0691741,0.630028,0.699202
0.03,0.72 ,0.290519, 0.0704676,0.639013,0.709481
0.03,0.73 ,0.280646, 0.0717609,0.647594,0.719354
0.03,0.74 ,0.27116, 0.0730533,0.655787,0.72884
0.03,0.75 ,0.262045, 0.0743441,0.663611,0.737955
0.03,0.76 ,0.253283, 0.0756327,0.671084,0.746717
0.03,0.77 ,0.24486, 0.0769184,0.678221,0.75514
0.03,0.78 ,0.236761, 0.0782008,0.685039,0.763239
0.03,0.79 ,0.22897, 0.0794793,0.69155,0.77103
0.03,0.8 ,0.221475, 0.0807536,0.697771,0.778525
0.03,0.81 ,0.214263, 0.0820231,0.703713,0.785737
0.03,0.82 ,0.207322, 0.0832875,0.70939,0.792678
0.03,0.83 ,0.20064, 0.0845466,0.714814,0.79936
0.03,0.84 ,0.194205, 0.0857998,0.719995,0.805795
0.03,0.85 ,0.188008, 0.0870471,0.724945,0.811992
0.03,0.86 ,0.182038, 0.0882881,0.729674,0.817962
0.03,0.87 ,0.176286, 0.0895226,0.734191,0.823714
0.03,0.88 ,0.170743, 0.0907504,0.738507,0.829257
0.03,0.89 ,0.1654, 0.0919714,0.742629,0.8346
0.03,0.9 ,0.160248, 0.0931853,0.746566,0.839752
0.03,0.91 ,0.155281, 0.0943921,0.750327,0.844719
0.03,0.92 ,0.15049, 0.0955916,0.753918,0.84951
0.03,0.93 ,0.145869, 0.0967836,0.757347,0.854131
0.03,0.94 ,0.14141, 0.0979682,0.760621,0.85859
0.03,0.95 ,0.137108, 0.0991452,0.763747,0.862892
0.03,0.96 ,0.132956, 0.100315,0.76673,0.867044
0.03,0.97 ,0.128947, 0.101476,0.769576,0.871053
0.03,0.98 ,0.125078, 0.10263,0.772292,0.874922
0.03,0.99 ,0.121341, 0.103776,0.774883,0.878659
0.03,1 ,0.117732, 0.104915,0.777353,0.882268
0.04,0 ,0.974246, 0.0234042,0.00235016,0.0257544
0.04,0.01 ,0.973893, 0.0235467,0.00255992,0.0261067
0.04,0.02 ,0.973523, 0.0236934,0.00278345,0.0264768
0.04,0.03 ,0.973134, 0.0238442,0.00302194,0.0268662
0.04,0.04 ,0.972724, 0.0239996,0.00327667,0.0272762
0.04,0.05 ,0.972291, 0.0241595,0.00354909,0.0277086
0.04,0.06 ,0.971835, 0.0243244,0.0038408,0.0281652
0.04,0.07 ,0.971352, 0.0244943,0.00415358,0.0286479
0.04,0.08 ,0.970841, 0.0246696,0.00448943,0.029159
0.04,0.09 ,0.970299, 0.0248505,0.00485059,0.0297011
0.04,0.1 ,0.969723, 0.0250372,0.00523955,0.0302768
0.04,0.11 ,0.969111, 0.0252301,0.00565915,0.0308892
0.04,0.12 ,0.968458, 0.0254294,0.00611257,0.031542
0.04,0.13 ,0.967761, 0.0256356,0.00660344,0.032239
0.04,0.14 ,0.967015, 0.0258489,0.00713585,0.0329847
0.04,0.15 ,0.966216, 0.0260696,0.00771449,0.0337841
0.04,0.16 ,0.965357, 0.0262984,0.00834471,0.0346431
0.04,0.17 ,0.964432, 0.0265354,0.00903266,0.0355681
0.04,0.18 ,0.963433, 0.0267812,0.00978542,0.0365667
0.04,0.19 ,0.962352, 0.0270363,0.0106112,0.0376475
0.04,0.2 ,0.961179, 0.0273013,0.0115195,0.0388207
0.04,0.21 ,0.959902, 0.0275765,0.0125214,0.0400979
0.04,0.22 ,0.958507, 0.0278628,0.0136299,0.0414926
0.04,0.23 ,0.956979, 0.0281606,0.0148603,0.0430209
0.04,0.24 ,0.955299, 0.0284706,0.0162308,0.0447014
0.04,0.25 ,0.953443, 0.0287937,0.0177628,0.0465565
0.04,0.26 ,0.951387, 0.0291306,0.0194821,0.0486126
0.04,0.27 ,0.949099, 0.029482,0.0214194,0.0509014
0.04,0.28 ,0.946539, 0.029849,0.023612,0.053461
0.04,0.29 ,0.943663, 0.0302324,0.0261049,0.0563373
0.04,0.3 ,0.940414, 0.0306332,0.0289529,0.0595861
0.04,0.31 ,0.936725, 0.0310526,0.0322227,0.0632753
0.04,0.32 ,0.932513, 0.0314916,0.0359958,0.0674874
0.04,0.33 ,0.927677, 0.0319514,0.0403716,0.072323
0.04,0.34 ,0.922096, 0.0324333,0.0454707,0.0779039
0.04,0.35 ,0.915624, 0.0329385,0.0514377,0.0843762
0.04,0.36 ,0.908088, 0.0334684,0.0584432,0.0919116
0.04,0.37 ,0.899294, 0.0340242,0.0666818,0.100706
0.04,0.38 ,0.889028, 0.0346074,0.0763644,0.110972
0.04,0.39 ,0.87708, 0.0352193,0.0877008,0.12292
0.04,0.4 ,0.863268, 0.035861,0.100871,0.136732
0.04,0.41 ,0.84748, 0.0365338,0.115986,0.15252
0.04,0.42 ,0.829711, 0.0372387,0.13305,0.170289
0.04,0.43 ,0.810087, 0.0379765,0.151936,0.189913
0.04,0.44 ,0.78886, 0.038748,0.172392,0.21114
0.04,0.45 ,0.766373, 0.0395535,0.194073,0.233627
0.04,0.46 ,0.743007, 0.0403932,0.216599,0.256993
0.04,0.47 ,0.719136, 0.0412671,0.239597,0.280864
0.04,0.48 ,0.695091, 0.0421746,0.262734,0.304909
0.04,0.49 ,0.671145, 0.0431151,0.28574,0.328855
0.04,0.5 ,0.647511, 0.0440878,0.308401,0.352489
0.04,0.51 ,0.624347, 0.0450914,0.330562,0.375653
0.04,0.52 ,0.601765, 0.0461247,0.35211,0.398235
0.04,0.53 ,0.579843, 0.0471862,0.372971,0.420157
0.04,0.54 ,0.558626, 0.0482742,0.3931,0.441374
0.04,0.55 ,0.538143, 0.049387,0.41247,0.461857
0.04,0.56 ,0.518402, 0.050523,0.431075,0.481598
0.04,0.57 ,0.499405, 0.0516803,0.448915,0.500595
0.04,0.58 ,0.48114, 0.0528572,0.466002,0.51886
0.04,0.59 ,0.463594, 0.0540519,0.482354,0.536406
0.04,0.6 ,0.446747, 0.0552627,0.49799,0.553253
0.04,0.61 ,0.430578, 0.0564878,0.512935,0.569422
0.04,0.62 ,0.415062, 0.0577257,0.527212,0.584938
0.04,0.63 ,0.400176, 0.0589749,0.540849,0.599824
0.04,0.64 ,0.385896, 0.0602338,0.55387,0.614104
0.04,0.65 ,0.372196, 0.0615011,0.566303,0.627804
0.04,0.66 ,0.359052, 0.0627754,0.578173,0.640948
0.04,0.67 ,0.34644, 0.0640555,0.589504,0.65356
0.04,0.68 ,0.334338, 0.0653402,0.600322,0.665662
0.04,0.69 ,0.322722, 0.0666285,0.610649,0.677278
0.04,0.7 ,0.311572, 0.0679192,0.620509,0.688428
0.04,0.71 ,0.300867, 0.0692115,0.629922,0.699133
0.04,0.72 ,0.290586, 0.0705045,0.63891,0.709414
0.04,0.73 ,0.280711, 0.0717973,0.647492,0.719289
0.04,0.74 ,0.271224, 0.0730893,0.655687,0.728776
0.04,0.75 ,0.262107, 0.0743796,0.663513,0.737893
0.04,0.76 ,0.253345, 0.0756678,0.670988,0.746655
0.04,0.77 ,0.24492, 0.0769531,0.678127,0.75508
0.04,0.78 ,0.23682, 0.0782351,0.684945,0.76318
0.04,0.79 ,0.229028, 0.0795132,0.691459,0.770972
0.04,0.8 ,0.221532, 0.0807871,0.697681,0.778468
0.04,0.81 ,0.214319, 0.0820562,0.703625,0.785681
0.04,0.82 ,0.207376, 0.0833203,0.709304,0.792624
0.04,0.83 ,0.200692, 0.0845789,0.714729,0.799308
0.04,0.84 ,0.194257, 0.0858318,0.719911,0.805743
0.04,0.85 ,0.188059, 0.0870787,0.724863,0.811941
0.04,0.86 ,0.182088, 0.0883194,0.729593,0.817912
0.04,0.87 ,0.176334, 0.0895535,0.734112,0.823666
0.04,0.88 ,0.17079, 0.090781,0.738429,0.82921
0.04,0.89 ,0.165446, 0.0920017,0.742552,0.834554
0.04,0.9 ,0.160294, 0.0932153,0.746491,0.839706
0.04,0.91 ,0.155325, 0.0944217,0.750253,0.844675
0.04,0.92 ,0.150534, 0.0956209,0.753845,0.849466
0.04,0.93 ,0.145911, 0.0968126,0.757276,0.854089
0.04,0.94 ,0.141452, 0.0979969,0.760551,0.858548
0.04,0.95 ,0.137149, 0.0991736,0.763678,0.862851
0.04,0.96 ,0.132995, 0.100343,0.766662,0.867005
0.04,0.97 ,0.128986, 0.101504,0.76951,0.871014
0.04,0.98 ,0.125116, 0.102658,0.772227,0.874884
0.04,0.99 ,0.121378, 0.103804,0.774818,0.878622
0.04,1 ,0.117769, 0.104942,0.77729,0.882231
0.05,0 ,0.974085, 0.0234672,0.00244754,0.0259147
0.05,0.01 ,0.973733, 0.0236096,0.00265724,0.0262669
0.05,0.02 ,0.973363, 0.0237562,0.0028807,0.0266369
0.05,0.03 ,0.972974, 0.023907,0.00311912,0.0270261
0.05,0.04 ,0.972564, 0.0240623,0.00337377,0.027436
0.05,0.05 ,0.972132, 0.0242222,0.00364611,0.0278683
0.05,0.06 ,0.971675, 0.024387,0.00393772,0.0283247
0.05,0.07 ,0.971193, 0.0245568,0.0042504,0.0288072
0.05,0.08 ,0.970682, 0.024732,0.00458614,0.0293182
0.05,0.09 ,0.97014, 0.0249128,0.00494716,0.02986
0.05,0.1 ,0.969565, 0.0250995,0.00533598,0.0304355
0.05,0.11 ,0.968952, 0.0252923,0.00575542,0.0310477
0.05,0.12 ,0.9683, 0.0254915,0.00620867,0.0317002
0.05,0.13 ,0.967603, 0.0256976,0.00669933,0.0323969
0.05,0.14 ,0.966858, 0.0259108,0.00723152,0.0331423
0.05,0.15 ,0.966059, 0.0261314,0.00780991,0.0339414
0.05,0.16 ,0.9652, 0.02636,0.00843984,0.0347999
0.05,0.17 ,0.964276, 0.026597,0.00912746,0.0357244
0.05,0.18 ,0.963277, 0.0268427,0.00987985,0.0367225
0.05,0.19 ,0.962197, 0.0270977,0.0107052,0.0378029
0.05,0.2 ,0.961025, 0.0273625,0.011613,0.0389754
0.05,0.21 ,0.959748, 0.0276376,0.0126143,0.0402519
0.05,0.22 ,0.958354, 0.0279237,0.0137222,0.0416458
0.05,0.23 ,0.956827, 0.0282213,0.0149518,0.0431732
0.05,0.24 ,0.955147, 0.0285312,0.0163214,0.0448526
0.05,0.25 ,0.953293, 0.0288541,0.0178524,0.0467065
0.05,0.26 ,0.951239, 0.0291908,0.0195704,0.0487612
0.05,0.27 ,0.948952, 0.0295421,0.0215063,0.0510483
0.05,0.28 ,0.946394, 0.0299088,0.0236971,0.0536059
0.05,0.29 ,0.94352, 0.030292,0.0261879,0.0564799
0.05,0.3 ,0.940274, 0.0306926,0.0290333,0.0597259
0.05,0.31 ,0.936588, 0.0311117,0.0323,0.0634117
0.05,0.32 ,0.93238, 0.0315504,0.0360694,0.0676198
0.05,0.33 ,0.927549, 0.03201,0.0404406,0.0724506
0.05,0.34 ,0.921974, 0.0324915,0.0455341,0.0780256
0.05,0.35 ,0.915509, 0.0329964,0.0514942,0.0844906
0.05,0.36 ,0.907983, 0.0335259,0.0584913,0.0920173
0.05,0.37 ,0.899199, 0.0340814,0.0667197,0.100801
0.05,0.38 ,0.888946, 0.0346642,0.0763901,0.111054
0.05,0.39 ,0.877012, 0.0352756,0.0877122,0.122988
0.05,0.4 ,0.863217, 0.0359169,0.100866,0.136783
0.05,0.41 ,0.847447, 0.0365893,0.115964,0.152553
0.05,0.42 ,0.829697, 0.0372937,0.13301,0.170303
0.05,0.43 ,0.810092, 0.038031,0.151877,0.189908
0.05,0.44 ,0.788882, 0.0388019,0.172316,0.211118
0.05,0.45 ,0.76641, 0.0396069,0.193983,0.23359
0.05,0.46 ,0.743057, 0.0404461,0.216497,0.256943
0.05,0.47 ,0.719197, 0.0413193,0.239484,0.280803
0.05,0.48 ,0.69516, 0.0422262,0.262614,0.30484
0.05,0.49 ,0.67122, 0.0431661,0.285613,0.32878
0.05,0.5 ,0.647591, 0.0441382,0.308271,0.352409
0.05,0.51 ,0.624431, 0.0451412,0.330428,0.375569
0.05,0.52 ,0.601852, 0.0461738,0.351975,0.398148
0.05,0.53 ,0.57993, 0.0472346,0.372835,0.42007
0.05,0.54 ,0.558715, 0.048322,0.392963,0.441285
0.05,0.55 ,0.538232, 0.0494342,0.412334,0.461768
0.05,0.56 ,0.518491, 0.0505696,0.430939,0.481509
0.05,0.57 ,0.499493, 0.0517263,0.448781,0.500507
0.05,0.58 ,0.481228, 0.0529025,0.465869,0.518772
0.05,0.59 ,0.463681, 0.0540966,0.482222,0.536319
0.05,0.6 ,0.446833, 0.0553067,0.49786,0.553167
0.05,0.61 ,0.430662, 0.0565313,0.512807,0.569338
0.05,0.62 ,0.415145, 0.0577686,0.527086,0.584855
0.05,0.63 ,0.400258, 0.0590172,0.540724,0.599742
0.05,0.64 ,0.385976, 0.0602756,0.553748,0.614024
0.05,0.65 ,0.372275, 0.0615423,0.566183,0.627725
0.05,0.66 ,0.359129, 0.062816,0.578054,0.640871
0.05,0.67 ,0.346516, 0.0640956,0.589388,0.653484
0.05,0.68 ,0.334413, 0.0653798,0.600208,0.665587
0.05,0.69 ,0.322796, 0.0666675,0.610537,0.677204
0.05,0.7 ,0.311644, 0.0679577,0.620398,0.688356
0.05,0.71 ,0.300937, 0.0692496,0.629813,0.699063
0.05,0.72 ,0.290655, 0.070542,0.638803,0.709345
0.05,0.73 ,0.280779, 0.0718344,0.647387,0.719221
0.05,0.74 ,0.27129, 0.0731259,0.655584,0.72871
0.05,0.75 ,0.262172, 0.0744158,0.663412,0.737828
0.05,0.76 ,0.253408, 0.0757035,0.670888,0.746592
0.05,0.77 ,0.244982, 0.0769884,0.678029,0.755018
0.05,0.78 ,0.23688, 0.07827,0.68485,0.76312
0.05,0.79 ,0.229087, 0.0795477,0.691365,0.770913
0.05,0.8 ,0.22159, 0.0808211,0.697589,0.77841
0.05,0.81 ,0.214375, 0.0820899,0.703535,0.785625
0.05,0.82 ,0.207432, 0.0833535,0.709215,0.792568
0.05,0.83 ,0.200747, 0.0846118,0.714641,0.799253
0.05,0.84 ,0.19431, 0.0858643,0.719826,0.80569
0.05,0.85 ,0.188111, 0.0871109,0.724779,0.811889
0.05,0.86 ,0.182138, 0.0883512,0.72951,0.817862
0.05,0.87 ,0.176384, 0.089585,0.734031,0.823616
0.05,0.88 ,0.170839, 0.0908121,0.738349,0.829161
0.05,0.89 ,0.165494, 0.0920324,0.742474,0.834506
0.05,0.9 ,0.16034, 0.0932457,0.746414,0.83966
0.05,0.91 ,0.155371, 0.0944518,0.750177,0.844629
0.05,0.92 ,0.150578, 0.0956506,0.753771,0.849422
0.05,0.93 ,0.145955, 0.0968421,0.757203,0.854045
0.05,0.94 ,0.141495, 0.0980261,0.760479,0.858505
0.05,0.95 ,0.13719, 0.0992025,0.763607,0.86281
0.05,0.96 ,0.133036, 0.100371,0.766593,0.866964
0.05,0.97 ,0.129026, 0.101532,0.769442,0.870974
0.05,0.98 ,0.125155, 0.102686,0.77216,0.874845
0.05,0.99 ,0.121416, 0.103831,0.774752,0.878584
0.05,1 ,0.117806, 0.104969,0.777225,0.882194
0.06,0 ,0.973919, 0.0235315,0.00254934,0.0260808
0.06,0.01 ,0.973567, 0.0236739,0.00275897,0.0264329
0.06,0.02 ,0.973197, 0.0238204,0.00298237,0.0268028
0.06,0.03 ,0.972808, 0.0239712,0.00322071,0.0271919
0.06,0.04 ,0.972398, 0.0241264,0.00347528,0.0276016
0.06,0.05 ,0.971966, 0.0242862,0.00374753,0.0280337
0.06,0.06 ,0.97151, 0.0244509,0.00403904,0.02849
0.06,0.07 ,0.971028, 0.0246207,0.00435161,0.0289723
0.06,0.08 ,0.970517, 0.0247958,0.00468723,0.0294831
0.06,0.09 ,0.969975, 0.0249766,0.00504812,0.0300247
0.06,0.1 ,0.9694, 0.0251631,0.00543679,0.0305999
0.06,0.11 ,0.968788, 0.0253558,0.00585607,0.0312119
0.06,0.12 ,0.968136, 0.025555,0.00630913,0.0318641
0.06,0.13 ,0.967439, 0.025761,0.00679959,0.0325605
0.06,0.14 ,0.966694, 0.025974,0.00733154,0.0333056
0.06,0.15 ,0.965896, 0.0261946,0.00790967,0.0341043
0.06,0.16 ,0.965038, 0.0264231,0.0085393,0.0349624
0.06,0.17 ,0.964113, 0.0266599,0.00922659,0.0358865
0.06,0.18 ,0.963116, 0.0269055,0.00997859,0.0368841
0.06,0.19 ,0.962036, 0.0271604,0.0108035,0.0379639
0.06,0.2 ,0.960864, 0.027425,0.0117108,0.0391358
0.06,0.21 ,0.959588, 0.0277,0.0127115,0.0404115
0.06,0.22 ,0.958195, 0.0279859,0.0138187,0.0418046
0.06,0.23 ,0.956669, 0.0282834,0.0150476,0.043331
0.06,0.24 ,0.954991, 0.0285932,0.0164162,0.0450094
0.06,0.25 ,0.953138, 0.0289159,0.0179461,0.046862
0.06,0.26 ,0.951085, 0.0292523,0.0196628,0.0489152
0.06,0.27 ,0.948799, 0.0296034,0.0215972,0.0512006
0.06,0.28 ,0.946244, 0.0299699,0.0237862,0.0537562
0.06,0.29 ,0.943372, 0.0303529,0.0262749,0.0566277
0.06,0.3 ,0.940129, 0.0307532,0.0291177,0.0598709
0.06,0.31 ,0.936447, 0.0311721,0.0323812,0.0635533
0.06,0.32 ,0.932243, 0.0316105,0.0361467,0.0677573
0.06,0.33 ,0.927417, 0.0320698,0.0405132,0.072583
0.06,0.34 ,0.921848, 0.032551,0.0456009,0.0781519
0.06,0.35 ,0.91539, 0.0330556,0.0515539,0.0846095
0.06,0.36 ,0.907873, 0.0335848,0.0585424,0.0921271
0.06,0.37 ,0.8991, 0.0341399,0.0667602,0.1009
0.06,0.38 ,0.88886, 0.0347223,0.076418,0.11114
0.06,0.39 ,0.876941, 0.0353333,0.0877254,0.123059
0.06,0.4 ,0.863163, 0.0359741,0.100863,0.136837
0.06,0.41 ,0.847412, 0.0366459,0.115942,0.152588
0.06,0.42 ,0.829681, 0.0373498,0.132969,0.170319
0.06,0.43 ,0.810095, 0.0380866,0.151818,0.189905
0.06,0.44 ,0.788904, 0.038857,0.172239,0.211096
0.06,0.45 ,0.766448, 0.0396614,0.193891,0.233552
0.06,0.46 ,0.743108, 0.0405,0.216392,0.256892
0.06,0.47 ,0.719259, 0.0413726,0.239368,0.280741
0.06,0.48 ,0.695231, 0.0422789,0.26249,0.304769
0.06,0.49 ,0.671298, 0.0432182,0.285484,0.328702
0.06,0.5 ,0.647674, 0.0441896,0.308137,0.352326
0.06,0.51 ,0.624517, 0.0451919,0.330291,0.375483
0.06,0.52 ,0.60194, 0.0462239,0.351836,0.39806
0.06,0.53 ,0.580021, 0.0472841,0.372695,0.419979
0.06,0.54 ,0.558806, 0.0483708,0.392823,0.441194
0.06,0.55 ,0.538323, 0.0494824,0.412194,0.461677
0.06,0.56 ,0.518583, 0.0506171,0.4308,0.481417
0.06,0.57 ,0.499584, 0.0517731,0.448643,0.500416
0.06,0.58 ,0.481318, 0.0529487,0.465733,0.518682
0.06,0.59 ,0.46377, 0.0541421,0.482087,0.53623
0.06,0.6 ,0.446921, 0.0553517,0.497727,0.553079
0.06,0.61 ,0.430749, 0.0565756,0.512675,0.569251
0.06,0.62 ,0.415231, 0.0578123,0.526956,0.584769
0.06,0.63 ,0.400343, 0.0590603,0.540597,0.599657
0.06,0.64 ,0.38606, 0.0603181,0.553622,0.61394
0.06,0.65 ,0.372357, 0.0615843,0.566059,0.627643
0.06,0.66 ,0.35921, 0.0628575,0.577933,0.64079
0.06,0.67 ,0.346595, 0.0641365,0.589269,0.653405
0.06,0.68 ,0.33449, 0.0654201,0.60009,0.66551
0.06,0.69 ,0.322871, 0.0667073,0.610422,0.677129
0.06,0.7 ,0.311718, 0.067997,0.620285,0.688282
0.06,0.71 ,0.30101, 0.0692883,0.629702,0.69899
0.06,0.72 ,0.290726, 0.0705803,0.638694,0.709274
0.06,0.73 ,0.280848, 0.0718722,0.64728,0.719152
0.06,0.74 ,0.271358, 0.0731632,0.655479,0.728642
0.06,0.75 ,0.262239, 0.0744527,0.663309,0.737761
0.06,0.76 ,0.253473, 0.0757399,0.670787,0.746527
0.06,0.77 ,0.245046, 0.0770243,0.677929,0.754954
0.06,0.78 ,0.236943, 0.0783055,0.684752,0.763057
0.06,0.79 ,0.229148, 0.0795828,0.691269,0.770852
0.06,0.8 ,0.22165, 0.0808558,0.697495,0.77835
0.06,0.81 ,0.214434, 0.0821241,0.703442,0.785566
0.06,0.82 ,0.207489, 0.0833874,0.709124,0.792511
0.06,0.83 ,0.200803, 0.0846453,0.714552,0.799197
0.06,0.84 ,0.194365, 0.0858974,0.719738,0.805635
0.06,0.85 ,0.188164, 0.0871436,0.724692,0.811836
0.06,0.86 ,0.182191, 0.0883835,0.729426,0.817809
0.06,0.87 ,0.176435, 0.089617,0.733948,0.823565
0.06,0.88 ,0.170889, 0.0908437,0.738267,0.829111
0.06,0.89 ,0.165543, 0.0920637,0.742394,0.834457
0.06,0.9 ,0.160388, 0.0932766,0.746335,0.839612
0.06,0.91 ,0.155418, 0.0944824,0.7501,0.844582
0.06,0.92 ,0.150624, 0.0956809,0.753695,0.849376
0.06,0.93 ,0.146, 0.096872,0.757128,0.854
0.06,0.94 ,0.141538, 0.0980557,0.760406,0.858462
0.06,0.95 ,0.137233, 0.0992318,0.763535,0.862767
0.06,0.96 ,0.133078, 0.1004,0.766522,0.866922
0.06,0.97 ,0.129067, 0.101561,0.769372,0.870933
0.06,0.98 ,0.125195, 0.102714,0.772091,0.874805
0.06,0.99 ,0.121455, 0.10386,0.774685,0.878545
0.06,1 ,0.117844, 0.104997,0.777159,0.882156
0.07,0 ,0.973747, 0.0235973,0.00265582,0.0262531
0.07,0.01 ,0.973395, 0.0237397,0.00286539,0.026605
0.07,0.02 ,0.973025, 0.0238861,0.00308872,0.0269748
0.07,0.03 ,0.972636, 0.0240368,0.00332698,0.0273638
0.07,0.04 ,0.972227, 0.0241919,0.00358147,0.0277734
0.07,0.05 ,0.971795, 0.0243517,0.00385362,0.0282053
0.07,0.06 ,0.971339, 0.0245163,0.00414503,0.0286614
0.07,0.07 ,0.970856, 0.024686,0.00445749,0.0291435
0.07,0.08 ,0.970346, 0.0248611,0.00479298,0.0296541
0.07,0.09 ,0.969805, 0.0250417,0.00515373,0.0301955
0.07,0.1 ,0.96923, 0.0252282,0.00554225,0.0307705
0.07,0.11 ,0.968618, 0.0254208,0.00596135,0.0313822
0.07,0.12 ,0.967966, 0.0256199,0.00641422,0.0320341
0.07,0.13 ,0.96727, 0.0258258,0.00690447,0.0327302
0.07,0.14 ,0.966525, 0.0260387,0.00743618,0.0334749
0.07,0.15 ,0.965727, 0.0262592,0.00801403,0.0342732
0.07,0.16 ,0.964869, 0.0264876,0.00864336,0.0351309
0.07,0.17 ,0.963945, 0.0267243,0.0093303,0.0360546
0.07,0.18 ,0.962948, 0.0269697,0.0100819,0.0370516
0.07,0.19 ,0.961869, 0.0272245,0.0109063,0.0381308
0.07,0.2 ,0.960698, 0.027489,0.0118131,0.0393021
0.07,0.21 ,0.959423, 0.0277638,0.0128132,0.0405771
0.07,0.22 ,0.958031, 0.0280496,0.0139197,0.0419693
0.07,0.23 ,0.956505, 0.0283469,0.0151478,0.0434947
0.07,0.24 ,0.954828, 0.0286565,0.0165155,0.045172
0.07,0.25 ,0.952977, 0.028979,0.0180443,0.0470233
0.07,0.26 ,0.950925, 0.0293153,0.0197597,0.049075
0.07,0.27 ,0.948641, 0.0296661,0.0216925,0.0513586
0.07,0.28 ,0.946088, 0.0300324,0.0238796,0.0539121
0.07,0.29 ,0.943219, 0.0304151,0.026366,0.0567812
0.07,0.3 ,0.939979, 0.0308153,0.0292061,0.0600214
0.07,0.31 ,0.9363, 0.0312338,0.0324664,0.0637003
0.07,0.32 ,0.9321, 0.031672,0.0362279,0.0678999
0.07,0.33 ,0.927279, 0.0321309,0.0405896,0.0727205
0.07,0.34 ,0.921717, 0.0326119,0.0456713,0.0782831
0.07,0.35 ,0.915267, 0.0331161,0.051617,0.0847331
0.07,0.36 ,0.907759, 0.0336449,0.0585965,0.0922414
0.07,0.37 ,0.898997, 0.0341996,0.0668035,0.101003
0.07,0.38 ,0.88877, 0.0347816,0.0764483,0.11123
0.07,0.39 ,0.876867, 0.0353921,0.0877405,0.123133
0.07,0.4 ,0.863107, 0.0360325,0.10086,0.136893
0.07,0.41 ,0.847375, 0.0367039,0.115921,0.152625
0.07,0.42 ,0.829665, 0.0374072,0.132928,0.170335
0.07,0.43 ,0.810098, 0.0381435,0.151758,0.189902
0.07,0.44 ,0.788925, 0.0389133,0.172161,0.211075
0.07,0.45 ,0.766486, 0.0397171,0.193797,0.233514
0.07,0.46 ,0.743161, 0.0405551,0.216284,0.256839
0.07,0.47 ,0.719323, 0.0414271,0.23925,0.280677
0.07,0.48 ,0.695304, 0.0423327,0.262363,0.304696
0.07,0.49 ,0.671378, 0.0432714,0.285351,0.328622
0.07,0.5 ,0.647759, 0.0442421,0.307999,0.352241
0.07,0.51 ,0.624606, 0.0452438,0.330151,0.375394
0.07,0.52 ,0.602032, 0.0462751,0.351693,0.397968
0.07,0.53 ,0.580114, 0.0473346,0.372551,0.419886
0.07,0.54 ,0.5589, 0.0484206,0.392679,0.4411
0.07,0.55 ,0.538418, 0.0495315,0.412051,0.461582
0.07,0.56 ,0.518677, 0.0506655,0.430657,0.481323
0.07,0.57 ,0.499678, 0.0518209,0.448501,0.500322
0.07,0.58 ,0.481412, 0.0529959,0.465592,0.518588
0.07,0.59 ,0.463863, 0.0541886,0.481949,0.536137
0.07,0.6 ,0.447013, 0.0553975,0.49759,0.552987
0.07,0.61 ,0.430839, 0.0566208,0.51254,0.569161
0.07,0.62 ,0.41532, 0.0578569,0.526823,0.58468
0.07,0.63 ,0.40043, 0.0591043,0.540466,0.59957
0.07,0.64 ,0.386145, 0.0603615,0.553493,0.613855
0.07,0.65 ,0.372441, 0.061627,0.565932,0.627559
0.07,0.66 ,0.359292, 0.0628997,0.577808,0.640708
0.07,0.67 ,0.346676, 0.0641781,0.589146,0.653324
0.07,0.68 ,0.334569, 0.0654612,0.59997,0.665431
0.07,0.69 ,0.322949, 0.0667479,0.610303,0.677051
0.07,0.7 ,0.311794, 0.068037,0.620169,0.688206
0.07,0.71 ,0.301084, 0.0693278,0.629588,0.698916
0.07,0.72 ,0.290799, 0.0706193,0.638582,0.709201
0.07,0.73 ,0.28092, 0.0719107,0.647169,0.71908
0.07,0.74 ,0.271428, 0.0732012,0.65537,0.728572
0.07,0.75 ,0.262307, 0.0744902,0.663202,0.737693
0.07,0.76 ,0.253541, 0.075777,0.670683,0.746459
0.07,0.77 ,0.245112, 0.077061,0.677827,0.754888
0.07,0.78 ,0.237007, 0.0783416,0.684651,0.762993
0.07,0.79 ,0.229211, 0.0796185,0.69117,0.770789
0.07,0.8 ,0.221711, 0.0808911,0.697398,0.778289
0.07,0.81 ,0.214494, 0.082159,0.703347,0.785506
0.07,0.82 ,0.207548, 0.0834218,0.70903,0.792452
0.07,0.83 ,0.200861, 0.0846793,0.71446,0.799139
0.07,0.84 ,0.194421, 0.0859311,0.719648,0.805579
0.07,0.85 ,0.188219, 0.0871768,0.724604,0.811781
0.07,0.86 ,0.182245, 0.0884164,0.729339,0.817755
0.07,0.87 ,0.176488, 0.0896495,0.733862,0.823512
0.07,0.88 ,0.170941, 0.0908759,0.738184,0.829059
0.07,0.89 ,0.165593, 0.0920955,0.742312,0.834407
0.07,0.9 ,0.160437, 0.0933081,0.746255,0.839563
0.07,0.91 ,0.155466, 0.0945135,0.750021,0.844534
0.07,0.92 ,0.150671, 0.0957117,0.753617,0.849329
0.07,0.93 ,0.146046, 0.0969025,0.757052,0.853954
