Betapv,Betamv,V,Rs,Rv,P
0,0 ,0.899715, 0.0982853,0.002,0.100285
0,0.01 ,0.896968, 0.0995375,0.00349413,0.103032
0,0.02 ,0.894093, 0.100816,0.00509081,0.105907
0,0.03 ,0.891082, 0.10212,0.00679723,0.108918
0,0.04 ,0.887927, 0.103452,0.00862105,0.112073
0,0.05 ,0.884619, 0.10481,0.0105705,0.115381
0,0.06 ,0.88115, 0.106196,0.0126543,0.11885
0,0.07 ,0.877509, 0.107609,0.014882,0.122491
0,0.08 ,0.873687, 0.10905,0.0172634,0.126313
0,0.09 ,0.869673, 0.110518,0.0198093,0.130327
0,0.1 ,0.865454, 0.112015,0.0225309,0.134546
0,0.11 ,0.861021, 0.113539,0.0254404,0.138979
0,0.12 ,0.856359, 0.115091,0.0285504,0.143641
0,0.13 ,0.851455, 0.116671,0.0318744,0.148545
0,0.14 ,0.846296, 0.118278,0.0354264,0.153704
0,0.15 ,0.840867, 0.119912,0.0392214,0.159133
0,0.16 ,0.835153, 0.121572,0.0432746,0.164847
0,0.17 ,0.829139, 0.123259,0.047602,0.170861
0,0.18 ,0.822809, 0.124971,0.0522201,0.177191
0,0.19 ,0.816146, 0.126708,0.0571456,0.183854
0,0.2 ,0.809136, 0.128469,0.0623953,0.190864
0,0.21 ,0.801762, 0.130252,0.0679862,0.198238
0,0.22 ,0.794008, 0.132057,0.0739346,0.205992
0,0.23 ,0.78586, 0.133883,0.0802566,0.21414
0,0.24 ,0.777305, 0.135728,0.086967,0.222695
0,0.25 ,0.76833, 0.13759,0.0940794,0.23167
0,0.26 ,0.758926, 0.139469,0.101605,0.241074
0,0.27 ,0.749084, 0.141362,0.109554,0.250916
0,0.28 ,0.7388, 0.143267,0.117933,0.2612
0,0.29 ,0.728074, 0.145183,0.126743,0.271926
0,0.3 ,0.716907, 0.147108,0.135985,0.283093
0,0.31 ,0.705308, 0.14904,0.145652,0.294692
0,0.32 ,0.693289, 0.150976,0.155735,0.306711
0,0.33 ,0.680867, 0.152915,0.166218,0.319133
0,0.34 ,0.668065, 0.154854,0.177081,0.331935
0,0.35 ,0.654911, 0.156792,0.188298,0.345089
0,0.36 ,0.641436, 0.158726,0.199839,0.358564
0,0.37 ,0.627677, 0.160655,0.211668,0.372323
0,0.38 ,0.613676, 0.162576,0.223748,0.386324
0,0.39 ,0.599475, 0.164489,0.236036,0.400525
0,0.4 ,0.58512, 0.166391,0.248489,0.41488
0,0.41 ,0.570658, 0.168281,0.261061,0.429342
0,0.42 ,0.556135, 0.170157,0.273709,0.443865
0,0.43 ,0.541597, 0.172018,0.286386,0.458403
0,0.44 ,0.527088, 0.173862,0.29905,0.472912
0,0.45 ,0.512651, 0.17569,0.311659,0.487349
0,0.46 ,0.498324, 0.1775,0.324177,0.501676
0,0.47 ,0.484143, 0.179291,0.336566,0.515857
0,0.48 ,0.470141, 0.181062,0.348797,0.529859
0,0.49 ,0.456346, 0.182813,0.360841,0.543654
0,0.5 ,0.442783, 0.184544,0.372673,0.557217
0,0.51 ,0.429473, 0.186254,0.384272,0.570527
0,0.52 ,0.416435, 0.187944,0.395621,0.583565
0,0.53 ,0.403682, 0.189612,0.406707,0.596318
0,0.54 ,0.391226, 0.191258,0.417516,0.608774
0,0.55 ,0.379075, 0.192884,0.428042,0.620925
0,0.56 ,0.367235, 0.194488,0.438277,0.632765
0,0.57 ,0.355711, 0.196071,0.448218,0.644289
0,0.58 ,0.344504, 0.197633,0.457863,0.655496
0,0.59 ,0.333614, 0.199174,0.467212,0.666386
0,0.6 ,0.32304, 0.200695,0.476265,0.67696
0,0.61 ,0.312779, 0.202195,0.485026,0.687221
0,0.62 ,0.302827, 0.203675,0.493498,0.697173
0,0.63 ,0.29318, 0.205135,0.501684,0.70682
0,0.64 ,0.283833, 0.206576,0.509591,0.716167
0,0.65 ,0.274779, 0.207997,0.517223,0.725221
0,0.66 ,0.266013, 0.2094,0.524587,0.733987
0,0.67 ,0.257526, 0.210784,0.53169,0.742474
0,0.68 ,0.249313, 0.21215,0.538537,0.750687
0,0.69 ,0.241366, 0.213498,0.545136,0.758634
0,0.7 ,0.233678, 0.214828,0.551494,0.766322
0,0.71 ,0.226241, 0.216141,0.557618,0.773759
0,0.72 ,0.219048, 0.217437,0.563515,0.780952
0,0.73 ,0.212091, 0.218717,0.569192,0.787909
0,0.74 ,0.205363, 0.21998,0.574657,0.794637
0,0.75 ,0.198858, 0.221227,0.579915,0.801142
0,0.76 ,0.192567, 0.222459,0.584974,0.807433
0,0.77 ,0.186484, 0.223676,0.58984,0.813516
0,0.78 ,0.180602, 0.224878,0.59452,0.819398
0,0.79 ,0.174914, 0.226065,0.599021,0.825086
0,0.8 ,0.169414, 0.227237,0.603348,0.830586
0,0.81 ,0.164096, 0.228396,0.607508,0.835904
0,0.82 ,0.158953, 0.229541,0.611506,0.841047
0,0.83 ,0.153979, 0.230672,0.615349,0.846021
0,0.84 ,0.149168, 0.231791,0.619041,0.850832
0,0.85 ,0.144516, 0.232896,0.622588,0.855484
0,0.86 ,0.140016, 0.233989,0.625995,0.859984
0,0.87 ,0.135663, 0.235069,0.629268,0.864337
0,0.88 ,0.131452, 0.236137,0.63241,0.868548
0,0.89 ,0.127379, 0.237194,0.635428,0.872621
0,0.9 ,0.123438, 0.238238,0.638324,0.876562
0,0.91 ,0.119625, 0.239271,0.641104,0.880375
0,0.92 ,0.115935, 0.240293,0.643772,0.884065
0,0.93 ,0.112365, 0.241304,0.646331,0.887635
0,0.94 ,0.108909, 0.242305,0.648786,0.891091
0,0.95 ,0.105565, 0.243294,0.651141,0.894435
0,0.96 ,0.102328, 0.244274,0.653398,0.897672
0,0.97 ,0.0991955, 0.245243,0.655562,0.900805
0,0.98 ,0.0961626, 0.246202,0.657635,0.903837
0,0.99 ,0.0932264, 0.247152,0.659622,0.906774
0,1 ,0.0903837, 0.248091,0.661525,0.909616
0.01,0 ,0.899599, 0.0983249,0.00207589,0.100401
0.01,0.01 ,0.896854, 0.0995766,0.0035696,0.103146
0.01,0.02 ,0.89398, 0.100854,0.00516583,0.10602
0.01,0.03 ,0.89097, 0.102159,0.00687175,0.10903
0.01,0.04 ,0.887815, 0.103489,0.00869504,0.112185
0.01,0.05 ,0.884509, 0.104847,0.0106439,0.115491
0.01,0.06 ,0.88104, 0.106233,0.0127271,0.11896
0.01,0.07 ,0.877401, 0.107645,0.014954,0.122599
0.01,0.08 ,0.87358, 0.109086,0.0173346,0.12642
0.01,0.09 ,0.869567, 0.110554,0.0198797,0.130433
0.01,0.1 ,0.86535, 0.11205,0.0226004,0.13465
0.01,0.11 ,0.860918, 0.113573,0.0255089,0.139082
0.01,0.12 ,0.856257, 0.115125,0.0286178,0.143743
0.01,0.13 ,0.851356, 0.116704,0.0319405,0.148644
0.01,0.14 ,0.846198, 0.11831,0.0354913,0.153802
0.01,0.15 ,0.840771, 0.119944,0.0392848,0.159229
0.01,0.16 ,0.83506, 0.121604,0.0433365,0.16494
0.01,0.17 ,0.829048, 0.12329,0.0476623,0.170952
0.01,0.18 ,0.82272, 0.125002,0.0522786,0.17728
0.01,0.19 ,0.81606, 0.126738,0.0572021,0.18394
0.01,0.2 ,0.809052, 0.128498,0.0624497,0.190948
0.01,0.21 ,0.801681, 0.130281,0.0680382,0.198319
0.01,0.22 ,0.79393, 0.132085,0.0739842,0.20607
0.01,0.23 ,0.785786, 0.133911,0.0803036,0.214214
0.01,0.24 ,0.777234, 0.135755,0.0870113,0.222766
0.01,0.25 ,0.768263, 0.137617,0.0941207,0.231737
0.01,0.26 ,0.758862, 0.139495,0.101644,0.241138
0.01,0.27 ,0.749024, 0.141387,0.109589,0.250976
0.01,0.28 ,0.738744, 0.143292,0.117964,0.261256
0.01,0.29 ,0.728022, 0.145207,0.126771,0.271978
0.01,0.3 ,0.71686, 0.147131,0.136009,0.28314
0.01,0.31 ,0.705266, 0.149062,0.145672,0.294734
0.01,0.32 ,0.693251, 0.150998,0.155751,0.306749
0.01,0.33 ,0.680834, 0.152936,0.16623,0.319166
0.01,0.34 ,0.668036, 0.154875,0.177089,0.331964
0.01,0.35 ,0.654886, 0.156812,0.188302,0.345114
0.01,0.36 ,0.641416, 0.158746,0.199838,0.358584
0.01,0.37 ,0.627662, 0.160675,0.211664,0.372338
0.01,0.38 ,0.613665, 0.162596,0.22374,0.386335
0.01,0.39 ,0.599468, 0.164508,0.236024,0.400532
0.01,0.4 ,0.585117, 0.166409,0.248473,0.414883
0.01,0.41 ,0.570659, 0.168299,0.261043,0.429341
0.01,0.42 ,0.556139, 0.170174,0.273687,0.443861
0.01,0.43 ,0.541605, 0.172035,0.286361,0.458395
0.01,0.44 ,0.527099, 0.173879,0.299022,0.472901
0.01,0.45 ,0.512665, 0.175707,0.311629,0.487335
0.01,0.46 ,0.49834, 0.177516,0.324144,0.50166
0.01,0.47 ,0.484162, 0.179306,0.336532,0.515838
0.01,0.48 ,0.470162, 0.181078,0.348761,0.529838
0.01,0.49 ,0.456369, 0.182829,0.360802,0.543631
0.01,0.5 ,0.442808, 0.184559,0.372633,0.557192
0.01,0.51 ,0.4295, 0.186269,0.384231,0.5705
0.01,0.52 ,0.416463, 0.187958,0.395579,0.583537
0.01,0.53 ,0.403711, 0.189626,0.406664,0.596289
0.01,0.54 ,0.391255, 0.191272,0.417473,0.608745
0.01,0.55 ,0.379105, 0.192897,0.427997,0.620895
0.01,0.56 ,0.367266, 0.194501,0.438232,0.632734
0.01,0.57 ,0.355743, 0.196084,0.448173,0.644257
0.01,0.58 ,0.344536, 0.197646,0.457818,0.655464
0.01,0.59 ,0.333646, 0.199187,0.467167,0.666354
0.01,0.6 ,0.323072, 0.200707,0.47622,0.676928
0.01,0.61 ,0.312812, 0.202207,0.484981,0.687188
0.01,0.62 ,0.30286, 0.203687,0.493453,0.69714
0.01,0.63 ,0.293213, 0.205147,0.501639,0.706787
0.01,0.64 ,0.283866, 0.206588,0.509546,0.716134
0.01,0.65 ,0.274812, 0.208009,0.517179,0.725188
0.01,0.66 ,0.266045, 0.209412,0.524543,0.733955
0.01,0.67 ,0.257558, 0.210795,0.531646,0.742442
0.01,0.68 ,0.249345, 0.212161,0.538494,0.750655
0.01,0.69 ,0.241398, 0.213509,0.545093,0.758602
0.01,0.7 ,0.233709, 0.214839,0.551452,0.766291
0.01,0.71 ,0.226272, 0.216152,0.557576,0.773728
0.01,0.72 ,0.219078, 0.217448,0.563474,0.780922
0.01,0.73 ,0.212121, 0.218727,0.569151,0.787879
0.01,0.74 ,0.205393, 0.219991,0.574616,0.794607
0.01,0.75 ,0.198887, 0.221238,0.579875,0.801113
0.01,0.76 ,0.192596, 0.22247,0.584934,0.807404
0.01,0.77 ,0.186513, 0.223686,0.589801,0.813487
0.01,0.78 ,0.18063, 0.224888,0.594482,0.81937
0.01,0.79 ,0.174942, 0.226075,0.598983,0.825058
0.01,0.8 ,0.169442, 0.227247,0.603311,0.830558
0.01,0.81 ,0.164123, 0.228406,0.607471,0.835877
0.01,0.82 ,0.158979, 0.229551,0.61147,0.841021
0.01,0.83 ,0.154005, 0.230682,0.615313,0.845995
0.01,0.84 ,0.149194, 0.2318,0.619006,0.850806
0.01,0.85 ,0.144541, 0.232905,0.622553,0.855459
0.01,0.86 ,0.140041, 0.233998,0.625961,0.859959
0.01,0.87 ,0.135687, 0.235078,0.629234,0.864313
0.01,0.88 ,0.131476, 0.236146,0.632378,0.868524
0.01,0.89 ,0.127402, 0.237203,0.635395,0.872598
0.01,0.9 ,0.123461, 0.238247,0.638292,0.876539
0.01,0.91 ,0.119647, 0.23928,0.641073,0.880353
0.01,0.92 ,0.115957, 0.240302,0.643741,0.884043
0.01,0.93 ,0.112386, 0.241313,0.646301,0.887614
0.01,0.94 ,0.108931, 0.242313,0.648756,0.891069
0.01,0.95 ,0.105586, 0.243303,0.651111,0.894414
0.01,0.96 ,0.102349, 0.244282,0.653369,0.897651
0.01,0.97 ,0.0992156, 0.245251,0.655533,0.900784
0.01,0.98 ,0.0961823, 0.24621,0.657607,0.903818
0.01,0.99 ,0.0932458, 0.24716,0.659595,0.906754
0.01,1 ,0.0904027, 0.2481,0.661498,0.909597
0.02,0 ,0.89948, 0.0983652,0.00215474,0.10052
0.02,0.01 ,0.896735, 0.0996166,0.00364802,0.103265
0.02,0.02 ,0.893862, 0.100894,0.00524379,0.106138
0.02,0.03 ,0.890853, 0.102198,0.0069492,0.109147
0.02,0.04 ,0.8877, 0.103528,0.00877192,0.1123
0.02,0.05 ,0.884394, 0.104885,0.0107202,0.115606
0.02,0.06 ,0.880927, 0.10627,0.0128027,0.119073
0.02,0.07 ,0.877289, 0.107682,0.0150289,0.122711
0.02,0.08 ,0.873469, 0.109122,0.0174087,0.126531
0.02,0.09 ,0.869457, 0.11059,0.0199529,0.130543
0.02,0.1 ,0.865242, 0.112085,0.0226726,0.134758
0.02,0.11 ,0.860812, 0.113608,0.0255801,0.139188
0.02,0.12 ,0.856153, 0.115159,0.0286878,0.143847
0.02,0.13 ,0.851253, 0.116738,0.0320094,0.148747
0.02,0.14 ,0.846098, 0.118344,0.0355588,0.153902
0.02,0.15 ,0.840673, 0.119977,0.0393509,0.159327
0.02,0.16 ,0.834963, 0.121636,0.043401,0.165037
0.02,0.17 ,0.828953, 0.123322,0.047725,0.171047
0.02,0.18 ,0.822628, 0.125033,0.0523395,0.177372
0.02,0.19 ,0.815971, 0.126768,0.057261,0.184029
0.02,0.2 ,0.808966, 0.128528,0.0625064,0.191034
0.02,0.21 ,0.801597, 0.13031,0.0680926,0.198403
0.02,0.22 ,0.79385, 0.132114,0.0740361,0.20615
0.02,0.23 ,0.785709, 0.133939,0.0803528,0.214291
0.02,0.24 ,0.77716, 0.135782,0.0870576,0.22284
0.02,0.25 ,0.768193, 0.137643,0.094164,0.231807
0.02,0.26 ,0.758796, 0.139521,0.101684,0.241204
0.02,0.27 ,0.748962, 0.141412,0.109626,0.251038
0.02,0.28 ,0.738686, 0.143317,0.117997,0.261314
0.02,0.29 ,0.727968, 0.145232,0.1268,0.272032
0.02,0.3 ,0.716811, 0.147155,0.136034,0.283189
0.02,0.31 ,0.705221, 0.149086,0.145694,0.294779
0.02,0.32 ,0.693211, 0.151021,0.155768,0.306789
0.02,0.33 ,0.680798, 0.152958,0.166243,0.319202
0.02,0.34 ,0.668006, 0.154897,0.177098,0.331994
0.02,0.35 ,0.65486, 0.156833,0.188307,0.34514
0.02,0.36 ,0.641394, 0.158767,0.199839,0.358606
0.02,0.37 ,0.627645, 0.160695,0.21166,0.372355
0.02,0.38 ,0.613652, 0.162615,0.223732,0.386348
0.02,0.39 ,0.59946, 0.164527,0.236013,0.40054
0.02,0.4 ,0.585114, 0.166428,0.248458,0.414886
0.02,0.41 ,0.570659, 0.168317,0.261024,0.429341
0.02,0.42 ,0.556143, 0.170192,0.273665,0.443857
0.02,0.43 ,0.541612, 0.172052,0.286336,0.458388
0.02,0.44 ,0.52711, 0.173896,0.298994,0.47289
0.02,0.45 ,0.512678, 0.175723,0.311599,0.487322
0.02,0.46 ,0.498357, 0.177532,0.324111,0.501643
0.02,0.47 ,0.484181, 0.179322,0.336497,0.515819
0.02,0.48 ,0.470183, 0.181093,0.348724,0.529817
0.02,0.49 ,0.456392, 0.182844,0.360764,0.543608
0.02,0.5 ,0.442833, 0.184574,0.372593,0.557167
0.02,0.51 ,0.429526, 0.186284,0.38419,0.570474
0.02,0.52 ,0.41649, 0.187973,0.395537,0.58351
0.02,0.53 ,0.403739, 0.18964,0.40662,0.596261
0.02,0.54 ,0.391285, 0.191286,0.417429,0.608715
0.02,0.55 ,0.379136, 0.192911,0.427953,0.620864
0.02,0.56 ,0.367298, 0.194515,0.438187,0.632702
0.02,0.57 ,0.355775, 0.196098,0.448128,0.644225
0.02,0.58 ,0.344568, 0.197659,0.457772,0.655432
0.02,0.59 ,0.333679, 0.1992,0.467121,0.666321
0.02,0.6 ,0.323106, 0.20072,0.476174,0.676894
0.02,0.61 ,0.312845, 0.20222,0.484935,0.687155
0.02,0.62 ,0.302893, 0.2037,0.493407,0.697107
0.02,0.63 ,0.293247, 0.20516,0.501594,0.706753
0.02,0.64 ,0.283899, 0.2066,0.509501,0.716101
0.02,0.65 ,0.274845, 0.208021,0.517134,0.725155
0.02,0.66 ,0.266078, 0.209423,0.524499,0.733922
0.02,0.67 ,0.257591, 0.210807,0.531602,0.742409
0.02,0.68 ,0.249378, 0.212173,0.53845,0.750622
0.02,0.69 ,0.24143, 0.21352,0.54505,0.75857
0.02,0.7 ,0.233741, 0.21485,0.551409,0.766259
0.02,0.71 ,0.226303, 0.216163,0.557534,0.773697
0.02,0.72 ,0.21911, 0.217459,0.563432,0.78089
0.02,0.73 ,0.212152, 0.218738,0.56911,0.787848
0.02,0.74 ,0.205424, 0.220001,0.574575,0.794576
0.02,0.75 ,0.198917, 0.221248,0.579834,0.801083
0.02,0.76 ,0.192626, 0.22248,0.584894,0.807374
0.02,0.77 ,0.186542, 0.223696,0.589761,0.813458
0.02,0.78 ,0.180659, 0.224898,0.594443,0.819341
0.02,0.79 ,0.174971, 0.226085,0.598945,0.825029
0.02,0.8 ,0.16947, 0.227257,0.603273,0.83053
0.02,0.81 ,0.16415, 0.228416,0.607434,0.83585
0.02,0.82 ,0.159006, 0.22956,0.611433,0.840994
0.02,0.83 ,0.154031, 0.230692,0.615277,0.845969
0.02,0.84 ,0.14922, 0.23181,0.61897,0.85078
0.02,0.85 ,0.144567, 0.232915,0.622518,0.855433
0.02,0.86 ,0.140066, 0.234007,0.625927,0.859934
0.02,0.87 ,0.135712, 0.235088,0.6292,0.864288
0.02,0.88 ,0.1315, 0.236156,0.632344,0.8685
0.02,0.89 ,0.127426, 0.237212,0.635362,0.872574
0.02,0.9 ,0.123484, 0.238256,0.63826,0.876516
0.02,0.91 ,0.11967, 0.239289,0.641041,0.88033
0.02,0.92 ,0.11598, 0.240311,0.64371,0.88402
0.02,0.93 ,0.112408, 0.241322,0.64627,0.887592
0.02,0.94 ,0.108952, 0.242322,0.648726,0.891048
0.02,0.95 ,0.105607, 0.243311,0.651081,0.894393
0.02,0.96 ,0.10237, 0.24429,0.65334,0.89763
0.02,0.97 ,0.099236, 0.24526,0.655504,0.900764
0.02,0.98 ,0.0962023, 0.246219,0.657579,0.903798
0.02,0.99 ,0.0932654, 0.247168,0.659567,0.906735
0.02,1 ,0.090422, 0.248108,0.66147,0.909578
0.03,0 ,0.899357, 0.0984064,0.00223671,0.100643
0.03,0.01 ,0.896613, 0.0996573,0.00372955,0.103387
0.03,0.02 ,0.893741, 0.100934,0.00532483,0.106259
0.03,0.03 ,0.890733, 0.102237,0.00702971,0.109267
0.03,0.04 ,0.887581, 0.103567,0.00885185,0.112419
0.03,0.05 ,0.884276, 0.104924,0.0107995,0.115724
0.03,0.06 ,0.88081, 0.106309,0.0128813,0.11919
0.03,0.07 ,0.877173, 0.10772,0.0151067,0.122827
0.03,0.08 ,0.873355, 0.109159,0.0174858,0.126645
0.03,0.09 ,0.869344, 0.110626,0.020029,0.130656
0.03,0.1 ,0.865131, 0.112121,0.0227478,0.134869
0.03,0.11 ,0.860702, 0.113644,0.0256542,0.139298
0.03,0.12 ,0.856045, 0.115194,0.0287608,0.143955
0.03,0.13 ,0.851147, 0.116772,0.0320811,0.148853
0.03,0.14 ,0.845993, 0.118378,0.0356291,0.154007
0.03,0.15 ,0.84057, 0.12001,0.0394197,0.15943
0.03,0.16 ,0.834863, 0.121669,0.0434682,0.165137
0.03,0.17 ,0.828856, 0.123354,0.0477905,0.171144
0.03,0.18 ,0.822533, 0.125064,0.052403,0.177467
0.03,0.19 ,0.815878, 0.126799,0.0573224,0.184122
0.03,0.2 ,0.808876, 0.128558,0.0625656,0.191124
0.03,0.21 ,0.801511, 0.13034,0.0681494,0.198489
0.03,0.22 ,0.793766, 0.132143,0.0740904,0.206234
0.03,0.23 ,0.785629, 0.133967,0.0804043,0.214371
0.03,0.24 ,0.777084, 0.13581,0.0871061,0.222916
0.03,0.25 ,0.76812, 0.137671,0.0942094,0.23188
0.03,0.26 ,0.758727, 0.139547,0.101726,0.241273
0.03,0.27 ,0.748897, 0.141438,0.109664,0.251103
0.03,0.28 ,0.738626, 0.143342,0.118032,0.261374
0.03,0.29 ,0.727912, 0.145256,0.126831,0.272088
0.03,0.3 ,0.716759, 0.147179,0.136061,0.283241
0.03,0.31 ,0.705174, 0.149109,0.145717,0.294826
0.03,0.32 ,0.693169, 0.151044,0.155787,0.306831
0.03,0.33 ,0.680761, 0.152981,0.166258,0.319239
0.03,0.34 ,0.667973, 0.154919,0.177108,0.332027
0.03,0.35 ,0.654833, 0.156855,0.188312,0.345167
0.03,0.36 ,0.641372, 0.158788,0.199841,0.358628
0.03,0.37 ,0.627627, 0.160715,0.211658,0.372373
0.03,0.38 ,0.613639, 0.162635,0.223726,0.386361
0.03,0.39 ,0.599451, 0.164546,0.236002,0.400549
0.03,0.4 ,0.585109, 0.166447,0.248444,0.414891
0.03,0.41 ,0.570659, 0.168335,0.261006,0.429341
0.03,0.42 ,0.556147, 0.17021,0.273643,0.443853
0.03,0.43 ,0.541619, 0.17207,0.286311,0.458381
0.03,0.44 ,0.52712, 0.173914,0.298966,0.47288
0.03,0.45 ,0.512692, 0.17574,0.311568,0.487308
0.03,0.46 ,0.498373, 0.177549,0.324078,0.501627
0.03,0.47 ,0.484199, 0.179339,0.336462,0.515801
0.03,0.48 ,0.470204, 0.181109,0.348687,0.529796
0.03,0.49 ,0.456415, 0.18286,0.360725,0.543585
0.03,0.5 ,0.442858, 0.18459,0.372553,0.557142
0.03,0.51 ,0.429553, 0.186299,0.384148,0.570447
0.03,0.52 ,0.416518, 0.187987,0.395494,0.583482
0.03,0.53 ,0.403769, 0.189655,0.406577,0.596231
0.03,0.54 ,0.391315, 0.191301,0.417384,0.608685
0.03,0.55 ,0.379167, 0.192925,0.427908,0.620833
0.03,0.56 ,0.36733, 0.194529,0.438142,0.63267
0.03,0.57 ,0.355807, 0.196111,0.448082,0.644193
0.03,0.58 ,0.344601, 0.197673,0.457726,0.655399
0.03,0.59 ,0.333712, 0.199213,0.467074,0.666288
0.03,0.6 ,0.323139, 0.200733,0.476128,0.676861
0.03,0.61 ,0.312878, 0.202233,0.484889,0.687122
0.03,0.62 ,0.302927, 0.203712,0.493361,0.697073
0.03,0.63 ,0.29328, 0.205172,0.501548,0.70672
0.03,0.64 ,0.283933, 0.206612,0.509455,0.716067
0.03,0.65 ,0.274879, 0.208033,0.517088,0.725121
0.03,0.66 ,0.266111, 0.209435,0.524453,0.733889
0.03,0.67 ,0.257624, 0.210819,0.531557,0.742376
0.03,0.68 ,0.249411, 0.212184,0.538405,0.750589
0.03,0.69 ,0.241463, 0.213532,0.545006,0.758537
0.03,0.7 ,0.233774, 0.214861,0.551365,0.766226
0.03,0.71 ,0.226335, 0.216174,0.55749,0.773665
0.03,0.72 ,0.219141, 0.21747,0.563389,0.780859
0.03,0.73 ,0.212183, 0.218749,0.569068,0.787817
0.03,0.74 ,0.205455, 0.220012,0.574533,0.794545
0.03,0.75 ,0.198948, 0.221259,0.579793,0.801052
0.03,0.76 ,0.192656, 0.222491,0.584853,0.807344
0.03,0.77 ,0.186572, 0.223707,0.589721,0.813428
0.03,0.78 ,0.180688, 0.224908,0.594403,0.819312
0.03,0.79 ,0.174999, 0.226095,0.598906,0.825001
0.03,0.8 ,0.169498, 0.227267,0.603235,0.830502
0.03,0.81 ,0.164178, 0.228426,0.607396,0.835822
0.03,0.82 ,0.159034, 0.22957,0.611396,0.840966
0.03,0.83 ,0.154058, 0.230701,0.61524,0.845942
0.03,0.84 ,0.149247, 0.231819,0.618934,0.850753
0.03,0.85 ,0.144593, 0.232924,0.622483,0.855407
0.03,0.86 ,0.140091, 0.234017,0.625892,0.859909
0.03,0.87 ,0.135737, 0.235097,0.629166,0.864263
0.03,0.88 ,0.131525, 0.236165,0.63231,0.868475
0.03,0.89 ,0.12745, 0.237221,0.635329,0.87255
0.03,0.9 ,0.123508, 0.238265,0.638227,0.876492
0.03,0.91 ,0.119693, 0.239298,0.641009,0.880307
0.03,0.92 ,0.116002, 0.24032,0.643678,0.883998
0.03,0.93 ,0.112431, 0.241331,0.646239,0.887569
0.03,0.94 ,0.108974, 0.24233,0.648695,0.891026
0.03,0.95 ,0.105629, 0.24332,0.651051,0.894371
0.03,0.96 ,0.102391, 0.244299,0.65331,0.897609
0.03,0.97 ,0.0992568, 0.245268,0.655475,0.900743
0.03,0.98 ,0.0962227, 0.246227,0.65755,0.903777
0.03,0.99 ,0.0932854, 0.247176,0.659538,0.906715
0.03,1 ,0.0904415, 0.248116,0.661443,0.909558
0.04,0 ,0.89923, 0.0984484,0.00232196,0.10077
0.04,0.01 ,0.896487, 0.0996988,0.00381434,0.103513
0.04,0.02 ,0.893616, 0.100975,0.00540912,0.106384
0.04,0.03 ,0.890609, 0.102278,0.00711346,0.109391
0.04,0.04 ,0.887457, 0.103608,0.00893501,0.112543
0.04,0.05 ,0.884154, 0.104964,0.010882,0.115846
0.04,0.06 ,0.880689, 0.106348,0.0129631,0.119311
0.04,0.07 ,0.877053, 0.107759,0.0151877,0.122947
0.04,0.08 ,0.873237, 0.109198,0.0175659,0.126763
0.04,0.09 ,0.869228, 0.110664,0.0201083,0.130772
0.04,0.1 ,0.865016, 0.112158,0.0228261,0.134984
0.04,0.11 ,0.860588, 0.11368,0.0257313,0.139412
0.04,0.12 ,0.855933, 0.11523,0.0288367,0.144067
0.04,0.13 ,0.851037, 0.116808,0.0321557,0.148963
0.04,0.14 ,0.845885, 0.118412,0.0357023,0.154115
0.04,0.15 ,0.840465, 0.120044,0.0394914,0.159535
0.04,0.16 ,0.83476, 0.121702,0.0435382,0.16524
0.04,0.17 ,0.828755, 0.123387,0.0478587,0.171245
0.04,0.18 ,0.822434, 0.125096,0.0524692,0.177566
0.04,0.19 ,0.815783, 0.126831,0.0573865,0.184217
0.04,0.2 ,0.808783, 0.128589,0.0626275,0.191217
0.04,0.21 ,0.801421, 0.13037,0.0682088,0.198579
0.04,0.22 ,0.79368, 0.132173,0.0741471,0.20632
0.04,0.23 ,0.785546, 0.133996,0.0804582,0.214454
0.04,0.24 ,0.777005, 0.135838,0.087157,0.222995
0.04,0.25 ,0.768044, 0.137698,0.0942571,0.231956
0.04,0.26 ,0.758655, 0.139575,0.10177,0.241345
0.04,0.27 ,0.74883, 0.141465,0.109705,0.25117
0.04,0.28 ,0.738563, 0.143368,0.118069,0.261437
0.04,0.29 ,0.727854, 0.145282,0.126864,0.272146
0.04,0.3 ,0.716706, 0.147204,0.13609,0.283294
0.04,0.31 ,0.705126, 0.149133,0.145741,0.294874
0.04,0.32 ,0.693125, 0.151067,0.155808,0.306875
0.04,0.33 ,0.680722, 0.153004,0.166274,0.319278
0.04,0.34 ,0.66794, 0.154941,0.17712,0.33206
0.04,0.35 ,0.654804, 0.156877,0.18832,0.345196
0.04,0.36 ,0.641348, 0.158809,0.199843,0.358652
0.04,0.37 ,0.627608, 0.160736,0.211656,0.372392
0.04,0.38 ,0.613625, 0.162655,0.22372,0.386375
0.04,0.39 ,0.599442, 0.164566,0.235992,0.400558
0.04,0.4 ,0.585104, 0.166466,0.24843,0.414896
0.04,0.41 ,0.570657, 0.168354,0.260988,0.429343
0.04,0.42 ,0.556149, 0.170229,0.273622,0.443851
0.04,0.43 ,0.541625, 0.172088,0.286287,0.458375
0.04,0.44 ,0.52713, 0.173931,0.298939,0.47287
0.04,0.45 ,0.512705, 0.175758,0.311538,0.487295
0.04,0.46 ,0.498389, 0.177566,0.324046,0.501611
0.04,0.47 ,0.484218, 0.179355,0.336427,0.515782
0.04,0.48 ,0.470225, 0.181125,0.34865,0.529775
0.04,0.49 ,0.456438, 0.182876,0.360686,0.543562
0.04,0.5 ,0.442883, 0.184605,0.372512,0.557117
0.04,0.51 ,0.429579, 0.186314,0.384106,0.570421
0.04,0.52 ,0.416546, 0.188002,0.395451,0.583454
0.04,0.53 ,0.403798, 0.189669,0.406533,0.596202
0.04,0.54 ,0.391346, 0.191315,0.417339,0.608654
0.04,0.55 ,0.379198, 0.19294,0.427862,0.620802
0.04,0.56 ,0.367362, 0.194543,0.438095,0.632638
0.04,0.57 ,0.35584, 0.196125,0.448035,0.64416
0.04,0.58 ,0.344635, 0.197686,0.457679,0.655365
0.04,0.59 ,0.333746, 0.199227,0.467027,0.666254
0.04,0.6 ,0.323173, 0.200746,0.476081,0.676827
0.04,0.61 ,0.312913, 0.202246,0.484842,0.687087
0.04,0.62 ,0.302961, 0.203725,0.493314,0.697039
0.04,0.63 ,0.293315, 0.205185,0.501501,0.706685
0.04,0.64 ,0.283967, 0.206625,0.509408,0.716033
0.04,0.65 ,0.274913, 0.208045,0.517042,0.725087
0.04,0.66 ,0.266145, 0.209447,0.524407,0.733855
0.04,0.67 ,0.257658, 0.210831,0.531511,0.742342
0.04,0.68 ,0.249444, 0.212196,0.53836,0.750556
0.04,0.69 ,0.241496, 0.213543,0.544961,0.758504
0.04,0.7 ,0.233806, 0.214873,0.551321,0.766194
0.04,0.71 ,0.226368, 0.216185,0.557447,0.773632
0.04,0.72 ,0.219173, 0.217481,0.563346,0.780827
0.04,0.73 ,0.212215, 0.21876,0.569025,0.787785
0.04,0.74 ,0.205486, 0.220023,0.574491,0.794514
0.04,0.75 ,0.198979, 0.22127,0.579751,0.801021
0.04,0.76 ,0.192687, 0.222501,0.584812,0.807313
0.04,0.77 ,0.186602, 0.223717,0.589681,0.813398
0.04,0.78 ,0.180718, 0.224919,0.594363,0.819282
0.04,0.79 ,0.175029, 0.226105,0.598866,0.824971
0.04,0.8 ,0.169527, 0.227277,0.603196,0.830473
0.04,0.81 ,0.164206, 0.228436,0.607358,0.835794
0.04,0.82 ,0.159061, 0.22958,0.611358,0.840939
0.04,0.83 ,0.154086, 0.230711,0.615203,0.845914
0.04,0.84 ,0.149273, 0.231829,0.618897,0.850727
0.04,0.85 ,0.144619, 0.232934,0.622447,0.855381
0.04,0.86 ,0.140117, 0.234026,0.625856,0.859883
0.04,0.87 ,0.135763, 0.235106,0.629131,0.864237
0.04,0.88 ,0.13155, 0.236174,0.632276,0.86845
0.04,0.89 ,0.127475, 0.23723,0.635295,0.872525
0.04,0.9 ,0.123532, 0.238274,0.638194,0.876468
0.04,0.91 ,0.119717, 0.239307,0.640976,0.880283
0.04,0.92 ,0.116026, 0.240329,0.643646,0.883974
0.04,0.93 ,0.112454, 0.241339,0.646207,0.887546
0.04,0.94 ,0.108997, 0.242339,0.648664,0.891003
0.04,0.95 ,0.105651, 0.243329,0.65102,0.894349
0.04,0.96 ,0.102413, 0.244308,0.65328,0.897587
0.04,0.97 ,0.0992779, 0.245277,0.655446,0.900722
0.04,0.98 ,0.0962434, 0.246236,0.657521,0.903757
0.04,0.99 ,0.0933056, 0.247185,0.65951,0.906694
0.04,1 ,0.0904614, 0.248124,0.661414,0.909539
0.05,0 ,0.899098, 0.0984912,0.00241068,0.100902
0.05,0.01 ,0.896356, 0.0997412,0.00390259,0.103644
0.05,0.02 ,0.893486, 0.101017,0.00549685,0.106514
0.05,0.03 ,0.89048, 0.102319,0.00720062,0.10952
0.05,0.04 ,0.88733, 0.103648,0.00902155,0.11267
0.05,0.05 ,0.884028, 0.105004,0.0109678,0.115972
0.05,0.06 ,0.880564, 0.106388,0.0130482,0.119436
0.05,0.07 ,0.87693, 0.107798,0.0152721,0.12307
0.05,0.08 ,0.873114, 0.109236,0.0176494,0.126886
0.05,0.09 ,0.869107, 0.110702,0.0201908,0.130893
0.05,0.1 ,0.864896, 0.112196,0.0229075,0.135104
0.05,0.11 ,0.860471, 0.113718,0.0258117,0.139529
0.05,0.12 ,0.855817, 0.115267,0.0289159,0.144183
0.05,0.13 ,0.850923, 0.116844,0.0322335,0.149077
0.05,0.14 ,0.845774, 0.118448,0.0357787,0.154226
0.05,0.15 ,0.840355, 0.120079,0.0395661,0.159645
0.05,0.16 ,0.834652, 0.121736,0.0436112,0.165348
0.05,0.17 ,0.82865, 0.12342,0.0479298,0.17135
0.05,0.18 ,0.822332, 0.125129,0.0525384,0.177668
0.05,0.19 ,0.815683, 0.126863,0.0574535,0.184317
0.05,0.2 ,0.808687, 0.128621,0.0626921,0.191313
0.05,0.21 ,0.801328, 0.130401,0.0682709,0.198672
0.05,0.22 ,0.79359, 0.132203,0.0742065,0.20641
0.05,0.23 ,0.78546, 0.134026,0.0805147,0.21454
0.05,0.24 ,0.776922, 0.135867,0.0872104,0.223078
0.05,0.25 ,0.767966, 0.137727,0.0943071,0.232034
0.05,0.26 ,0.758581, 0.139602,0.101817,0.241419
0.05,0.27 ,0.74876, 0.141492,0.109748,0.25124
0.05,0.28 ,0.738498, 0.143394,0.118108,0.261502
0.05,0.29 ,0.727794, 0.145307,0.126899,0.272206
0.05,0.3 ,0.71665, 0.147229,0.136121,0.28335
0.05,0.31 ,0.705075, 0.149158,0.145768,0.294925
0.05,0.32 ,0.693079, 0.151091,0.15583,0.306921
0.05,0.33 ,0.680682, 0.153027,0.166291,0.319318
0.05,0.34 ,0.667904, 0.154964,0.177133,0.332096
0.05,0.35 ,0.654773, 0.156899,0.188328,0.345227
0.05,0.36 ,0.641322, 0.15883,0.199847,0.358678
0.05,0.37 ,0.627588, 0.160757,0.211656,0.372412
0.05,0.38 ,0.613609, 0.162676,0.223715,0.386391
0.05,0.39 ,0.599431, 0.164586,0.235983,0.400569
0.05,0.4 ,0.585097, 0.166486,0.248417,0.414903
0.05,0.41 ,0.570655, 0.168373,0.260971,0.429345
0.05,0.42 ,0.556151, 0.170247,0.273601,0.443849
0.05,0.43 ,0.541631, 0.172106,0.286262,0.458369
0.05,0.44 ,0.527139, 0.173949,0.298912,0.472861
0.05,0.45 ,0.512717, 0.175775,0.311508,0.487283
0.05,0.46 ,0.498404, 0.177583,0.324013,0.501596
0.05,0.47 ,0.484236, 0.179372,0.336391,0.515764
0.05,0.48 ,0.470246, 0.181142,0.348612,0.529754
0.05,0.49 ,0.456461, 0.182892,0.360647,0.543539
0.05,0.5 ,0.442908, 0.184621,0.372471,0.557092
0.05,0.51 ,0.429606, 0.18633,0.384064,0.570394
0.05,0.52 ,0.416575, 0.188018,0.395408,0.583425
0.05,0.53 ,0.403828, 0.189684,0.406488,0.596172
0.05,0.54 ,0.391377, 0.19133,0.417294,0.608623
0.05,0.55 ,0.37923, 0.192954,0.427816,0.62077
0.05,0.56 ,0.367394, 0.194557,0.438049,0.632606
0.05,0.57 ,0.355873, 0.196139,0.447988,0.644127
0.05,0.58 ,0.344668, 0.1977,0.457632,0.655332
0.05,0.59 ,0.33378, 0.19924,0.46698,0.66622
0.05,0.6 ,0.323207, 0.20076,0.476033,0.676793
0.05,0.61 ,0.312947, 0.202259,0.484794,0.687053
0.05,0.62 ,0.302996, 0.203738,0.493266,0.697004
0.05,0.63 ,0.293349, 0.205197,0.501453,0.706651
0.05,0.64 ,0.284002, 0.206637,0.509361,0.715998
0.05,0.65 ,0.274947, 0.208058,0.516995,0.725053
0.05,0.66 ,0.26618, 0.20946,0.524361,0.73382
0.05,0.67 ,0.257692, 0.210843,0.531465,0.742308
0.05,0.68 ,0.249478, 0.212208,0.538314,0.750522
0.05,0.69 ,0.24153, 0.213555,0.544915,0.75847
0.05,0.7 ,0.23384, 0.214884,0.551276,0.76616
0.05,0.71 ,0.226401, 0.216197,0.557402,0.773599
0.05,0.72 ,0.219206, 0.217492,0.563302,0.780794
0.05,0.73 ,0.212248, 0.218771,0.568981,0.787752
0.05,0.74 ,0.205518, 0.220034,0.574448,0.794482
0.05,0.75 ,0.19901, 0.221281,0.579709,0.80099
0.05,0.76 ,0.192718, 0.222512,0.58477,0.807282
0.05,0.77 ,0.186632, 0.223728,0.58964,0.813368
0.05,0.78 ,0.180748, 0.224929,0.594323,0.819252
0.05,0.79 ,0.175058, 0.226116,0.598826,0.824942
0.05,0.8 ,0.169556, 0.227288,0.603156,0.830444
0.05,0.81 ,0.164235, 0.228446,0.607319,0.835765
0.05,0.82 ,0.15909, 0.22959,0.61132,0.84091
0.05,0.83 ,0.154114, 0.230721,0.615165,0.845886
0.05,0.84 ,0.149301, 0.231839,0.61886,0.850699
0.05,0.85 ,0.144646, 0.232944,0.62241,0.855354
0.05,0.86 ,0.140144, 0.234036,0.62582,0.859856
0.05,0.87 ,0.135788, 0.235116,0.629096,0.864212
0.05,0.88 ,0.131575, 0.236184,0.632241,0.868425
0.05,0.89 ,0.1275, 0.237239,0.635261,0.8725
0.05,0.9 ,0.123556, 0.238284,0.63816,0.876444
0.05,0.91 ,0.119741, 0.239316,0.640943,0.880259
0.05,0.92 ,0.116049, 0.240338,0.643613,0.883951
0.05,0.93 ,0.112477, 0.241348,0.646175,0.887523
0.05,0.94 ,0.109019, 0.242348,0.648632,0.890981
0.05,0.95 ,0.105673, 0.243337,0.650989,0.894327
0.05,0.96 ,0.102434, 0.244316,0.653249,0.897566
0.05,0.97 ,0.0992993, 0.245285,0.655415,0.900701
0.05,0.98 ,0.0962644, 0.246244,0.657492,0.903736
0.05,0.99 ,0.0933262, 0.247193,0.659481,0.906674
0.05,1 ,0.0904815, 0.248133,0.661386,0.909518
0.06,0 ,0.898962, 0.098535,0.00250306,0.101038
0.06,0.01 ,0.896221, 0.0997845,0.00399447,0.103779
0.06,0.02 ,0.893352, 0.10106,0.0055882,0.106648
0.06,0.03 ,0.890347, 0.102362,0.00729138,0.109653
0.06,0.04 ,0.887198, 0.10369,0.00911167,0.112802
0.06,0.05 ,0.883897, 0.105046,0.0110573,0.116103
0.06,0.06 ,0.880435, 0.106428,0.0131369,0.119565
0.06,0.07 ,0.876802, 0.107838,0.0153599,0.123198
0.06,0.08 ,0.872988, 0.109276,0.0177363,0.127012
0.06,0.09 ,0.868982, 0.110741,0.0202767,0.131018
0.06,0.1 ,0.864773, 0.112235,0.0229924,0.135227
0.06,0.11 ,0.860349, 0.113755,0.0258954,0.139651
0.06,0.12 ,0.855698, 0.115304,0.0289983,0.144302
0.06,0.13 ,0.850805, 0.11688,0.0323146,0.149195
0.06,0.14 ,0.845658, 0.118484,0.0358582,0.154342
0.06,0.15 ,0.840242, 0.120114,0.0396441,0.159758
0.06,0.16 ,0.834541, 0.121771,0.0436874,0.165459
0.06,0.17 ,0.828542, 0.123454,0.0480041,0.171458
0.06,0.18 ,0.822227, 0.125163,0.0526106,0.177773
0.06,0.19 ,0.815581, 0.126896,0.0575235,0.184419
0.06,0.2 ,0.808588, 0.128653,0.0627596,0.191412
0.06,0.21 ,0.801232, 0.130433,0.0683359,0.198768
0.06,0.22 ,0.793497, 0.132234,0.0742686,0.206503
0.06,0.23 ,0.78537, 0.134056,0.0805738,0.21463
0.06,0.24 ,0.776837, 0.135897,0.0872664,0.223163
0.06,0.25 ,0.767885, 0.137756,0.0943597,0.232115
0.06,0.26 ,0.758504, 0.13963,0.101866,0.241496
0.06,0.27 ,0.748687, 0.141519,0.109793,0.251313
0.06,0.28 ,0.73843, 0.143421,0.118149,0.26157
0.06,0.29 ,0.72773, 0.145334,0.126936,0.27227
0.06,0.3 ,0.716592, 0.147255,0.136153,0.283408
0.06,0.31 ,0.705021, 0.149183,0.145796,0.294979
0.06,0.32 ,0.693031, 0.151115,0.155853,0.306969
0.06,0.33 ,0.680639, 0.153051,0.16631,0.319361
0.06,0.34 ,0.667866, 0.154987,0.177147,0.332134
0.06,0.35 ,0.654741, 0.156921,0.188338,0.345259
0.06,0.36 ,0.641295, 0.158853,0.199852,0.358705
0.06,0.37 ,0.627566, 0.160778,0.211656,0.372434
0.06,0.38 ,0.613592, 0.162697,0.223711,0.386408
0.06,0.39 ,0.599419, 0.164607,0.235974,0.400581
0.06,0.4 ,0.58509, 0.166506,0.248404,0.41491
0.06,0.41 ,0.570652, 0.168393,0.260955,0.429348
0.06,0.42 ,0.556153, 0.170266,0.273581,0.443847
0.06,0.43 ,0.541637, 0.172125,0.286239,0.458363
0.06,0.44 ,0.527148, 0.173967,0.298884,0.472852
0.06,0.45 ,0.51273, 0.175793,0.311478,0.48727
0.06,0.46 ,0.49842, 0.1776,0.32398,0.50158
0.06,0.47 ,0.484255, 0.179389,0.336356,0.515745
0.06,0.48 ,0.470267, 0.181159,0.348575,0.529733
0.06,0.49 ,0.456484, 0.182908,0.360608,0.543516
0.06,0.5 ,0.442933, 0.184637,0.37243,0.557067
0.06,0.51 ,0.429633, 0.186346,0.384021,0.570367
0.06,0.52 ,0.416603, 0.188033,0.395364,0.583397
0.06,0.53 ,0.403858, 0.1897,0.406443,0.596142
0.06,0.54 ,0.391408, 0.191345,0.417248,0.608592
0.06,0.55 ,0.379262, 0.192969,0.427769,0.620738
0.06,0.56 ,0.367427, 0.194571,0.438001,0.632573
0.06,0.57 ,0.355907, 0.196153,0.44794,0.644093
0.06,0.58 ,0.344702, 0.197714,0.457584,0.655298
0.06,0.59 ,0.333815, 0.199254,0.466932,0.666185
0.06,0.6 ,0.323242, 0.200773,0.475985,0.676758
0.06,0.61 ,0.312982, 0.202272,0.484746,0.687018
0.06,0.62 ,0.303031, 0.203751,0.493218,0.696969
0.06,0.63 ,0.293384, 0.20521,0.501405,0.706616
0.06,0.64 ,0.284037, 0.20665,0.509313,0.715963
0.06,0.65 ,0.274982, 0.20807,0.516947,0.725018
0.06,0.66 ,0.266215, 0.209472,0.524313,0.733785
0.06,0.67 ,0.257727, 0.210855,0.531418,0.742273
0.06,0.68 ,0.249513, 0.21222,0.538268,0.750487
0.06,0.69 ,0.241564, 0.213567,0.544869,0.758436
0.06,0.7 ,0.233874, 0.214896,0.55123,0.766126
0.06,0.71 ,0.226435, 0.216208,0.557357,0.773565
0.06,0.72 ,0.219239, 0.217504,0.563257,0.780761
0.06,0.73 ,0.21228, 0.218783,0.568937,0.78772
0.06,0.74 ,0.20555, 0.220045,0.574404,0.79445
0.06,0.75 ,0.199042, 0.221292,0.579666,0.800958
0.06,0.76 ,0.192749, 0.222523,0.584728,0.807251
0.06,0.77 ,0.186663, 0.223739,0.589598,0.813337
0.06,0.78 ,0.180779, 0.22494,0.594281,0.819221
0.06,0.79 ,0.175088, 0.226126,0.598785,0.824912
0.06,0.8 ,0.169586, 0.227298,0.603116,0.830414
0.06,0.81 ,0.164264, 0.228456,0.607279,0.835736
0.06,0.82 ,0.159118, 0.2296,0.611281,0.840882
0.06,0.83 ,0.154142, 0.230731,0.615127,0.845858
0.06,0.84 ,0.149329, 0.231849,0.618822,0.850671
0.06,0.85 ,0.144673, 0.232954,0.622373,0.855327
0.06,0.86 ,0.14017, 0.234046,0.625784,0.85983
0.06,0.87 ,0.135815, 0.235126,0.62906,0.864185
0.06,0.88 ,0.131601, 0.236193,0.632206,0.868399
0.06,0.89 ,0.127525, 0.237249,0.635226,0.872475
0.06,0.9 ,0.123581, 0.238293,0.638126,0.876419
0.06,0.91 ,0.119766, 0.239326,0.640909,0.880234
0.06,0.92 ,0.116073, 0.240347,0.64358,0.883927
0.06,0.93 ,0.1125, 0.241357,0.646142,0.8875
0.06,0.94 ,0.109042, 0.242357,0.6486,0.890958
0.06,0.95 ,0.105696, 0.243346,0.650958,0.894304
0.06,0.96 ,0.102457, 0.244325,0.653218,0.897543
0.06,0.97 ,0.099321, 0.245294,0.655385,0.900679
0.06,0.98 ,0.0962857, 0.246253,0.657462,0.903714
0.06,0.99 ,0.0933471, 0.247202,0.659451,0.906653
0.06,1 ,0.090502, 0.248141,0.661357,0.909498
0.07,0 ,0.898821, 0.0985797,0.00259931,0.101179
0.07,0.01 ,0.896081, 0.0998287,0.0040902,0.103919
0.07,0.02 ,0.893213, 0.101104,0.00568337,0.106787
0.07,0.03 ,0.890209, 0.102405,0.00738594,0.109791
0.07,0.04 ,0.887062, 0.103733,0.00920557,0.112938
0.07,0.05 ,0.883762, 0.105088,0.0111504,0.116238
0.07,0.06 ,0.880301, 0.10647,0.0132293,0.119699
0.07,0.07 ,0.876669, 0.107879,0.0154515,0.123331
0.07,0.08 ,0.872857, 0.109317,0.0178269,0.127143
0.07,0.09 ,0.868852, 0.110781,0.0203663,0.131148
0.07,0.1 ,0.864645, 0.112274,0.0230809,0.135355
0.07,0.11 ,0.860223, 0.113794,0.0259827,0.139777
0.07,0.12 ,0.855574, 0.115342,0.0290843,0.144426
0.07,0.13 ,0.850683, 0.116918,0.0323991,0.149317
0.07,0.14 ,0.845538, 0.118521,0.0359413,0.154462
0.07,0.15 ,0.840124, 0.12015,0.0397254,0.159876
0.07,0.16 ,0.834426, 0.121807,0.0437669,0.165574
0.07,0.17 ,0.828429, 0.123489,0.0480817,0.171571
0.07,0.18 ,0.822117, 0.125197,0.052686,0.177883
0.07,0.19 ,0.815474, 0.126929,0.0575966,0.184526
0.07,0.2 ,0.808484, 0.128686,0.0628303,0.191516
0.07,0.21 ,0.801131, 0.130465,0.0684038,0.198869
0.07,0.22 ,0.793401, 0.132265,0.0743337,0.206599
0.07,0.23 ,0.785277, 0.134087,0.0806358,0.214723
0.07,0.24 ,0.776748, 0.135927,0.0873251,0.223252
0.07,0.25 ,0.7678, 0.137785,0.0944149,0.2322
0.07,0.26 ,0.758424, 0.139659,0.101917,0.241576
0.07,0.27 ,0.748612, 0.141548,0.109841,0.251388
0.07,0.28 ,0.738359, 0.143449,0.118193,0.261641
0.07,0.29 ,0.727664, 0.14536,0.126975,0.272336
0.07,0.3 ,0.716531, 0.147281,0.136188,0.283469
0.07,0.31 ,0.704966, 0.149208,0.145826,0.295034
0.07,0.32 ,0.692981, 0.15114,0.155879,0.307019
0.07,0.33 ,0.680594, 0.153075,0.166331,0.319406
0.07,0.34 ,0.667827, 0.15501,0.177163,0.332173
0.07,0.35 ,0.654707, 0.156944,0.188349,0.345293
0.07,0.36 ,0.641267, 0.158875,0.199858,0.358733
0.07,0.37 ,0.627542, 0.1608,0.211657,0.372458
0.07,0.38 ,0.613574, 0.162718,0.223707,0.386426
0.07,0.39 ,0.599406, 0.164628,0.235967,0.400594
0.07,0.4 ,0.585082, 0.166526,0.248392,0.414918
0.07,0.41 ,0.570649, 0.168413,0.260939,0.429351
0.07,0.42 ,0.556153, 0.170286,0.273561,0.443847
0.07,0.43 ,0.541641, 0.172144,0.286215,0.458359
0.07,0.44 ,0.527157, 0.173986,0.298858,0.472843
0.07,0.45 ,0.512741, 0.175811,0.311448,0.487259
0.07,0.46 ,0.498435, 0.177618,0.323947,0.501565
0.07,0.47 ,0.484273, 0.179407,0.336321,0.515727
0.07,0.48 ,0.470287, 0.181176,0.348537,0.529713
0.07,0.49 ,0.456507, 0.182925,0.360568,0.543493
0.07,0.5 ,0.442958, 0.184654,0.372389,0.557042
0.07,0.51 ,0.42966, 0.186362,0.383978,0.57034
0.07,0.52 ,0.416632, 0.188049,0.395319,0.583368
0.07,0.53 ,0.403888, 0.189715,0.406398,0.596112
0.07,0.54 ,0.391439, 0.19136,0.417201,0.608561
0.07,0.55 ,0.379294, 0.192984,0.427722,0.620706
0.07,0.56 ,0.36746, 0.194586,0.437954,0.63254
0.07,0.57 ,0.355941, 0.196167,0.447892,0.644059
0.07,0.58 ,0.344737, 0.197728,0.457535,0.655263
0.07,0.59 ,0.33385, 0.199268,0.466883,0.66615
0.07,0.6 ,0.323277, 0.200787,0.475936,0.676723
0.07,0.61 ,0.313018, 0.202286,0.484697,0.686982
0.07,0.62 ,0.303067, 0.203764,0.493169,0.696933
0.07,0.63 ,0.29342, 0.205223,0.501356,0.70658
0.07,0.64 ,0.284073, 0.206663,0.509265,0.715927
0.07,0.65 ,0.275018, 0.208083,0.516899,0.724982
0.07,0.66 ,0.26625, 0.209485,0.524265,0.73375
0.07,0.67 ,0.257762, 0.210867,0.53137,0.742238
0.07,0.68 ,0.249548, 0.212232,0.53822,0.750452
0.07,0.69 ,0.241599, 0.213579,0.544823,0.758401
0.07,0.7 ,0.233908, 0.214908,0.551184,0.766092
0.07,0.71 ,0.226469, 0.21622,0.557311,0.773531
0.07,0.72 ,0.219273, 0.217515,0.563212,0.780727
0.07,0.73 ,0.212314, 0.218794,0.568892,0.787686
0.07,0.74 ,0.205583, 0.220056,0.57436,0.794417
0.07,0.75 ,0.199075, 0.221303,0.579622,0.800925
0.07,0.76 ,0.192781, 0.222534,0.584685,0.807219
0.07,0.77 ,0.186695, 0.22375,0.589555,0.813305
0.07,0.78 ,0.18081, 0.224951,0.59424,0.81919
0.07,0.79 ,0.175119, 0.226137,0.598744,0.824881
0.07,0.8 ,0.169616, 0.227309,0.603075,0.830384
0.07,0.81 ,0.164294, 0.228467,0.607239,0.835706
0.07,0.82 ,0.159148, 0.229611,0.611242,0.840852
0.07,0.83 ,0.15417, 0.230742,0.615088,0.84583
0.07,0.84 ,0.149357, 0.231859,0.618784,0.850643
0.07,0.85 ,0.144701, 0.232964,0.622335,0.855299
0.07,0.86 ,0.140198, 0.234056,0.625747,0.859802
0.07,0.87 ,0.135842, 0.235135,0.629023,0.864158
0.07,0.88 ,0.131628, 0.236203,0.63217,0.868372
0.07,0.89 ,0.127551, 0.237258,0.635191,0.872449
0.07,0.9 ,0.123607, 0.238302,0.638091,0.876393
0.07,0.91 ,0.11979, 0.239335,0.640875,0.88021
0.07,0.92 ,0.116098, 0.240356,0.643546,0.883902
0.07,0.93 ,0.112524, 0.241367,0.646109,0.887476
0.07,0.94 ,0.109066, 0.242366,0.648568,0.890934
0.07,0.95 ,0.105719, 0.243355,0.650926,0.894281
0.07,0.96 ,0.102479, 0.244334,0.653187,0.897521
0.07,0.97 ,0.0993431, 0.245303,0.655354,0.900657
0.07,0.98 ,0.0963074, 0.246261,0.657431,0.903693
0.07,0.99 ,0.0933684, 0.24721,0.659421,0.906632
0.07,1 ,0.0905228, 0.24815,0.661327,0.909477
0.08,0 ,0.898675, 0.0986253,0.00269963,0.101325
0.08,0.01 ,0.895936, 0.0998738,0.00418999,0.104064
0.08,0.02 ,0.893069, 0.101148,0.00578258,0.106931
0.08,0.03 ,0.890066, 0.102449,0.00748452,0.109934
0.08,0.04 ,0.88692, 0.103776,0.00930346,0.11308
0.08,0.05 ,0.883622, 0.105131,0.0112476,0.116378
0.08,0.06 ,0.880162, 0.106512,0.0133256,0.119838
0.08,0.07 ,0.876532, 0.107921,0.0155469,0.123468
0.08,0.08 ,0.872721, 0.109358,0.0179214,0.127279
0.08,0.09 ,0.868718, 0.110822,0.0204598,0.131282
0.08,0.1 ,0.864513, 0.112314,0.0231732,0.135487
0.08,0.11 ,0.860093, 0.113834,0.0260737,0.139907
0.08,0.12 ,0.855445, 0.115381,0.029174,0.144555
0.08,0.13 ,0.850557, 0.116956,0.0324874,0.149443
0.08,0.14 ,0.845414, 0.118558,0.0360279,0.154586
0.08,0.15 ,0.840002, 0.120187,0.0398103,0.159998
0.08,0.16 ,0.834307, 0.121843,0.04385,0.165693
