Betapv,Betamv,V,Rs,Rv,P
0,0 ,0.995672, 0.00232834,0.002,0.00432834
0,0.01 ,0.995636, 0.00232852,0.00203505,0.00436356
0,0.02 ,0.9956, 0.0023287,0.0020718,0.0044005
0,0.03 ,0.995561, 0.00232889,0.00211038,0.00443927
0,0.04 ,0.99552, 0.00232907,0.00215094,0.00448001
0,0.05 ,0.995477, 0.00232926,0.00219364,0.0045229
0,0.06 ,0.995432, 0.00232945,0.00223864,0.00456809
0,0.07 ,0.995384, 0.00232964,0.00228616,0.00461579
0,0.08 ,0.995334, 0.00232983,0.00233639,0.00466622
0,0.09 ,0.99528, 0.00233002,0.00238959,0.00471962
0,0.1 ,0.995224, 0.00233022,0.00244604,0.00477625
0,0.11 ,0.995164, 0.00233041,0.00250603,0.00483644
0,0.12 ,0.995099, 0.00233061,0.00256992,0.00490052
0,0.13 ,0.995031, 0.00233081,0.0026381,0.0049689
0,0.14 ,0.994958, 0.00233101,0.00271102,0.00504203
0,0.15 ,0.99488, 0.00233121,0.00278921,0.00512042
0,0.16 ,0.994795, 0.00233141,0.00287326,0.00520467
0,0.17 ,0.994705, 0.00233162,0.00296385,0.00529547
0,0.18 ,0.994606, 0.00233182,0.00306178,0.00539361
0,0.19 ,0.9945, 0.00233203,0.003168,0.00550003
0,0.2 ,0.994384, 0.00233224,0.0032836,0.00561584
0,0.21 ,0.994258, 0.00233245,0.00340989,0.00574234
0,0.22 ,0.994119, 0.00233267,0.00354842,0.00588109
0,0.23 ,0.993966, 0.00233288,0.00370108,0.00603396
0,0.24 ,0.993797, 0.0023331,0.00387013,0.00620323
0,0.25 ,0.993608, 0.00233332,0.00405839,0.00639171
0,0.26 ,0.993397, 0.00233354,0.00426931,0.00660285
0,0.27 ,0.993159, 0.00233376,0.00450724,0.006841
0,0.28 ,0.992888, 0.00233398,0.00477772,0.0071117
0,0.29 ,0.992578, 0.00233421,0.00508788,0.00742209
0,0.3 ,0.992218, 0.00233443,0.0054471,0.00778154
0,0.31 ,0.991797, 0.00233466,0.00586793,0.0082026
0,0.32 ,0.991298, 0.0023349,0.00636754,0.00870244
0,0.33 ,0.990695, 0.00233513,0.00697004,0.00930517
0,0.34 ,0.989954, 0.00233536,0.00771028,0.0100456
0,0.35 ,0.989024, 0.0023356,0.00864047,0.0109761
0,0.36 ,0.987822, 0.00233584,0.00984203,0.0121779
0,0.37 ,0.986216, 0.00233608,0.0114484,0.0137845
0,0.38 ,0.983973, 0.00233632,0.0136911,0.0160274
0,0.39 ,0.980665, 0.00233657,0.0169986,0.0193351
0,0.4 ,0.97545, 0.00233682,0.0222131,0.0245499
0,0.41 ,0.966648, 0.00233707,0.0310147,0.0333517
0,0.42 ,0.951434, 0.00233732,0.0462288,0.0485661
0,0.43 ,0.927578, 0.00233757,0.0700841,0.0724217
0,0.44 ,0.896764, 0.00233783,0.100899,0.103236
0,0.45 ,0.862768, 0.00233809,0.134894,0.137232
0,0.46 ,0.828166, 0.00233835,0.169495,0.171834
0,0.47 ,0.794179, 0.00233861,0.203482,0.205821
0,0.48 ,0.761326, 0.00233888,0.236335,0.238674
0,0.49 ,0.729812, 0.00233915,0.267848,0.270188
0,0.5 ,0.699698, 0.00233942,0.297962,0.300302
0,0.51 ,0.670978, 0.00233969,0.326682,0.329022
0,0.52 ,0.643613, 0.00233997,0.354047,0.356387
0,0.53 ,0.617549, 0.00234025,0.380111,0.382451
0,0.54 ,0.592725, 0.00234053,0.404935,0.407275
0,0.55 ,0.569078, 0.00234081,0.428581,0.430922
0,0.56 ,0.546546, 0.0023411,0.451113,0.453454
0,0.57 ,0.525068, 0.00234139,0.47259,0.474932
0,0.58 ,0.504588, 0.00234168,0.49307,0.495412
0,0.59 ,0.48505, 0.00234197,0.512608,0.51495
0,0.6 ,0.466403, 0.00234227,0.531255,0.533597
0,0.61 ,0.448597, 0.00234257,0.54906,0.551403
0,0.62 ,0.431588, 0.00234288,0.566069,0.568412
0,0.63 ,0.415332, 0.00234318,0.582325,0.584668
0,0.64 ,0.399789, 0.00234349,0.597868,0.600211
0,0.65 ,0.38492, 0.00234381,0.612736,0.61508
0,0.66 ,0.370692, 0.00234412,0.626964,0.629308
0,0.67 ,0.35707, 0.00234444,0.640586,0.64293
0,0.68 ,0.344023, 0.00234476,0.653633,0.655977
0,0.69 ,0.331522, 0.00234509,0.666133,0.668478
0,0.7 ,0.319539, 0.00234542,0.678115,0.680461
0,0.71 ,0.308049, 0.00234575,0.689605,0.691951
0,0.72 ,0.297027, 0.00234609,0.700627,0.702973
0,0.73 ,0.286451, 0.00234643,0.711202,0.713549
0,0.74 ,0.276299, 0.00234677,0.721354,0.723701
0,0.75 ,0.26655, 0.00234712,0.731103,0.73345
0,0.76 ,0.257186, 0.00234747,0.740466,0.742814
0,0.77 ,0.248189, 0.00234782,0.749463,0.751811
0,0.78 ,0.239541, 0.00234818,0.758111,0.760459
0,0.79 ,0.231226, 0.00234854,0.766425,0.768774
0,0.8 ,0.22323, 0.00234891,0.774421,0.77677
0,0.81 ,0.215538, 0.00234928,0.782112,0.784462
0,0.82 ,0.208137, 0.00234965,0.789513,0.791863
0,0.83 ,0.201013, 0.00235003,0.796637,0.798987
0,0.84 ,0.194155, 0.00235041,0.803495,0.805845
0,0.85 ,0.18755, 0.0023508,0.810099,0.81245
0,0.86 ,0.181189, 0.00235119,0.81646,0.818811
0,0.87 ,0.17506, 0.00235159,0.822588,0.82494
0,0.88 ,0.169154, 0.00235199,0.828494,0.830846
0,0.89 ,0.163462, 0.00235239,0.834186,0.836538
0,0.9 ,0.157974, 0.0023528,0.839673,0.842026
0,0.91 ,0.152683, 0.00235322,0.844964,0.847317
0,0.92 ,0.14758, 0.00235364,0.850067,0.85242
0,0.93 ,0.142657, 0.00235406,0.854989,0.857343
0,0.94 ,0.137908, 0.00235449,0.859738,0.862092
0,0.95 ,0.133325, 0.00235492,0.86432,0.866675
0,0.96 ,0.128902, 0.00235536,0.868743,0.871098
0,0.97 ,0.124632, 0.00235581,0.873012,0.875368
0,0.98 ,0.12051, 0.00235626,0.877134,0.87949
0,0.99 ,0.11653, 0.00235671,0.881113,0.88347
0,1 ,0.112686, 0.00235717,0.884957,0.887314
0.01,0 ,0.99565, 0.00232848,0.00202112,0.0043496
0.01,0.01 ,0.995615, 0.00232866,0.00205617,0.00438482
0.01,0.02 ,0.995578, 0.00232884,0.00209291,0.00442176
0.01,0.03 ,0.995539, 0.00232903,0.0021315,0.00446052
0.01,0.04 ,0.995499, 0.00232921,0.00217206,0.00450127
0.01,0.05 ,0.995456, 0.0023294,0.00221475,0.00454415
0.01,0.06 ,0.995411, 0.00232959,0.00225976,0.00458935
0.01,0.07 ,0.995363, 0.00232978,0.00230727,0.00463705
0.01,0.08 ,0.995313, 0.00232997,0.0023575,0.00468747
0.01,0.09 ,0.995259, 0.00233016,0.00241071,0.00474087
0.01,0.1 ,0.995202, 0.00233036,0.00246715,0.0047975
0.01,0.11 ,0.995142, 0.00233055,0.00252714,0.00485769
0.01,0.12 ,0.995078, 0.00233075,0.00259102,0.00492177
0.01,0.13 ,0.99501, 0.00233095,0.0026592,0.00499015
0.01,0.14 ,0.994937, 0.00233115,0.00273213,0.00506327
0.01,0.15 ,0.994858, 0.00233135,0.00281031,0.00514166
0.01,0.16 ,0.994774, 0.00233155,0.00289435,0.00522591
0.01,0.17 ,0.994683, 0.00233176,0.00298494,0.0053167
0.01,0.18 ,0.994585, 0.00233196,0.00308287,0.00541484
0.01,0.19 ,0.994479, 0.00233217,0.00318908,0.00552126
0.01,0.2 ,0.994363, 0.00233238,0.00330468,0.00563706
0.01,0.21 ,0.994236, 0.00233259,0.00343096,0.00576355
0.01,0.22 ,0.994098, 0.00233281,0.00356948,0.00590229
0.01,0.23 ,0.993945, 0.00233302,0.00372213,0.00605515
0.01,0.24 ,0.993776, 0.00233324,0.00389118,0.00622442
0.01,0.25 ,0.993587, 0.00233346,0.00407942,0.00641288
0.01,0.26 ,0.993376, 0.00233368,0.00429033,0.006624
0.01,0.27 ,0.993138, 0.0023339,0.00452824,0.00686214
0.01,0.28 ,0.992867, 0.00233412,0.00479869,0.00713282
0.01,0.29 ,0.992557, 0.00233435,0.00510883,0.00744317
0.01,0.3 ,0.992197, 0.00233457,0.00546801,0.00780258
0.01,0.31 ,0.991776, 0.0023348,0.00588879,0.00822359
0.01,0.32 ,0.991277, 0.00233504,0.00638833,0.00872337
0.01,0.33 ,0.990674, 0.00233527,0.00699074,0.00932601
0.01,0.34 ,0.989934, 0.0023355,0.00773086,0.0100664
0.01,0.35 ,0.989003, 0.00233574,0.00866087,0.0109966
0.01,0.36 ,0.987802, 0.00233598,0.00986218,0.0121982
0.01,0.37 ,0.986196, 0.00233622,0.0114682,0.0138044
0.01,0.38 ,0.983953, 0.00233646,0.0137102,0.0160467
0.01,0.39 ,0.980647, 0.00233671,0.0170164,0.0193532
0.01,0.4 ,0.975434, 0.00233696,0.0222287,0.0245657
0.01,0.41 ,0.966637, 0.00233721,0.0310259,0.0333631
0.01,0.42 ,0.95143, 0.00233746,0.0462325,0.0485699
0.01,0.43 ,0.927583, 0.00233771,0.070079,0.0724167
0.01,0.44 ,0.896775, 0.00233797,0.100887,0.103225
0.01,0.45 ,0.862782, 0.00233823,0.13488,0.137218
0.01,0.46 ,0.828182, 0.00233849,0.16948,0.171818
0.01,0.47 ,0.794196, 0.00233875,0.203466,0.205804
0.01,0.48 ,0.761343, 0.00233902,0.236318,0.238657
0.01,0.49 ,0.729829, 0.00233929,0.267832,0.270171
0.01,0.5 ,0.699715, 0.00233956,0.297946,0.300285
0.01,0.51 ,0.670994, 0.00233983,0.326666,0.329006
0.01,0.52 ,0.643629, 0.00234011,0.354031,0.356371
0.01,0.53 ,0.617564, 0.00234039,0.380095,0.382436
0.01,0.54 ,0.59274, 0.00234067,0.404919,0.40726
0.01,0.55 ,0.569093, 0.00234095,0.428567,0.430907
0.01,0.56 ,0.54656, 0.00234124,0.451099,0.45344
0.01,0.57 ,0.525083, 0.00234153,0.472576,0.474917
0.01,0.58 ,0.504602, 0.00234182,0.493056,0.495398
0.01,0.59 ,0.485064, 0.00234211,0.512594,0.514936
0.01,0.6 ,0.466416, 0.00234241,0.531241,0.533584
0.01,0.61 ,0.44861, 0.00234271,0.549047,0.55139
0.01,0.62 ,0.431601, 0.00234302,0.566056,0.568399
0.01,0.63 ,0.415344, 0.00234332,0.582312,0.584656
0.01,0.64 ,0.399801, 0.00234363,0.597856,0.600199
0.01,0.65 ,0.384932, 0.00234395,0.612724,0.615068
0.01,0.66 ,0.370703, 0.00234426,0.626952,0.629297
0.01,0.67 ,0.357081, 0.00234458,0.640574,0.642919
0.01,0.68 ,0.344034, 0.0023449,0.653621,0.655966
0.01,0.69 ,0.331533, 0.00234523,0.666122,0.668467
0.01,0.7 ,0.31955, 0.00234556,0.678105,0.68045
0.01,0.71 ,0.308059, 0.00234589,0.689595,0.691941
0.01,0.72 ,0.297038, 0.00234623,0.700616,0.702962
0.01,0.73 ,0.286461, 0.00234657,0.711192,0.713539
0.01,0.74 ,0.276309, 0.00234691,0.721344,0.723691
0.01,0.75 ,0.26656, 0.00234726,0.731093,0.73344
0.01,0.76 ,0.257196, 0.00234761,0.740457,0.742804
0.01,0.77 ,0.248198, 0.00234796,0.749454,0.751802
0.01,0.78 ,0.23955, 0.00234832,0.758102,0.76045
0.01,0.79 ,0.231235, 0.00234868,0.766416,0.768765
0.01,0.8 ,0.223239, 0.00234905,0.774412,0.776761
0.01,0.81 ,0.215547, 0.00234942,0.782104,0.784453
0.01,0.82 ,0.208145, 0.00234979,0.789505,0.791855
0.01,0.83 ,0.201021, 0.00235017,0.796629,0.798979
0.01,0.84 ,0.194162, 0.00235055,0.803487,0.805838
0.01,0.85 ,0.187558, 0.00235094,0.810091,0.812442
0.01,0.86 ,0.181196, 0.00235133,0.816452,0.818804
0.01,0.87 ,0.175067, 0.00235173,0.822581,0.824933
0.01,0.88 ,0.169161, 0.00235213,0.828486,0.830839
0.01,0.89 ,0.163469, 0.00235253,0.834179,0.836531
0.01,0.9 ,0.157981, 0.00235294,0.839666,0.842019
0.01,0.91 ,0.15269, 0.00235336,0.844957,0.84731
0.01,0.92 ,0.147586, 0.00235378,0.85006,0.852414
0.01,0.93 ,0.142663, 0.0023542,0.854982,0.857337
0.01,0.94 ,0.137914, 0.00235463,0.859731,0.862086
0.01,0.95 ,0.133331, 0.00235506,0.864314,0.866669
0.01,0.96 ,0.128908, 0.0023555,0.868737,0.871092
0.01,0.97 ,0.124638, 0.00235595,0.873006,0.875362
0.01,0.98 ,0.120516, 0.0023564,0.877128,0.879484
0.01,0.99 ,0.116536, 0.00235685,0.881108,0.883464
0.01,1 ,0.112692, 0.00235731,0.884951,0.887308
0.02,0 ,0.995628, 0.00232862,0.00204296,0.00437158
0.02,0.01 ,0.995593, 0.0023288,0.002078,0.0044068
0.02,0.02 ,0.995556, 0.00232898,0.00211475,0.00444374
0.02,0.03 ,0.995517, 0.00232917,0.00215333,0.0044825
0.02,0.04 ,0.995477, 0.00232935,0.00219389,0.00452325
0.02,0.05 ,0.995434, 0.00232954,0.00223659,0.00456613
0.02,0.06 ,0.995389, 0.00232973,0.00228159,0.00461132
0.02,0.07 ,0.995341, 0.00232992,0.0023291,0.00465902
0.02,0.08 ,0.995291, 0.00233011,0.00237934,0.00470945
0.02,0.09 ,0.995237, 0.0023303,0.00243253,0.00476284
0.02,0.1 ,0.995181, 0.0023305,0.00248897,0.00481947
0.02,0.11 ,0.99512, 0.00233069,0.00254896,0.00487965
0.02,0.12 ,0.995056, 0.00233089,0.00261284,0.00494373
0.02,0.13 ,0.994988, 0.00233109,0.00268102,0.00501211
0.02,0.14 ,0.994915, 0.00233129,0.00275394,0.00508523
0.02,0.15 ,0.994836, 0.00233149,0.00283213,0.00516362
0.02,0.16 ,0.994752, 0.00233169,0.00291617,0.00524786
0.02,0.17 ,0.994661, 0.0023319,0.00300675,0.00533865
0.02,0.18 ,0.994563, 0.00233211,0.00310468,0.00543678
0.02,0.19 ,0.994457, 0.00233231,0.00321088,0.0055432
0.02,0.2 ,0.994341, 0.00233252,0.00332647,0.00565899
0.02,0.21 ,0.994215, 0.00233273,0.00345274,0.00578548
0.02,0.22 ,0.994076, 0.00233295,0.00359126,0.00592421
0.02,0.23 ,0.993923, 0.00233316,0.0037439,0.00607706
0.02,0.24 ,0.993754, 0.00233338,0.00391294,0.00624631
0.02,0.25 ,0.993565, 0.0023336,0.00410117,0.00643476
0.02,0.26 ,0.993354, 0.00233382,0.00431205,0.00664587
0.02,0.27 ,0.993116, 0.00233404,0.00454995,0.00688399
0.02,0.28 ,0.992845, 0.00233426,0.00482038,0.00715464
0.02,0.29 ,0.992535, 0.00233449,0.00513048,0.00746497
0.02,0.3 ,0.992176, 0.00233472,0.00548962,0.00782434
0.02,0.31 ,0.991755, 0.00233494,0.00591035,0.0082453
0.02,0.32 ,0.991255, 0.00233518,0.00640983,0.00874501
0.02,0.33 ,0.990652, 0.00233541,0.00701215,0.00934756
0.02,0.34 ,0.989912, 0.00233564,0.00775215,0.0100878
0.02,0.35 ,0.988982, 0.00233588,0.00868198,0.0110179
0.02,0.36 ,0.987781, 0.00233612,0.00988301,0.0122191
0.02,0.37 ,0.986175, 0.00233636,0.0114886,0.0138249
0.02,0.38 ,0.983933, 0.00233661,0.0137299,0.0160665
0.02,0.39 ,0.980628, 0.00233685,0.0170349,0.0193718
0.02,0.4 ,0.975418, 0.0023371,0.0222449,0.024582
0.02,0.41 ,0.966625, 0.00233735,0.0310375,0.0333749
0.02,0.42 ,0.951426, 0.0023376,0.0462363,0.0485739
0.02,0.43 ,0.927588, 0.00233785,0.0700737,0.0724116
0.02,0.44 ,0.896786, 0.00233811,0.100876,0.103214
0.02,0.45 ,0.862797, 0.00233837,0.134865,0.137203
0.02,0.46 ,0.828198, 0.00233863,0.169463,0.171802
0.02,0.47 ,0.794212, 0.00233889,0.203449,0.205788
0.02,0.48 ,0.76136, 0.00233916,0.236301,0.23864
0.02,0.49 ,0.729846, 0.00233943,0.267815,0.270154
0.02,0.5 ,0.699731, 0.0023397,0.297929,0.300269
0.02,0.51 ,0.671011, 0.00233997,0.326649,0.328989
0.02,0.52 ,0.643645, 0.00234025,0.354015,0.356355
0.02,0.53 ,0.61758, 0.00234053,0.380079,0.38242
0.02,0.54 ,0.592755, 0.00234081,0.404904,0.407245
0.02,0.55 ,0.569108, 0.00234109,0.428551,0.430892
0.02,0.56 ,0.546575, 0.00234138,0.451083,0.453425
0.02,0.57 ,0.525097, 0.00234167,0.472561,0.474903
0.02,0.58 ,0.504616, 0.00234196,0.493042,0.495384
0.02,0.59 ,0.485078, 0.00234226,0.51258,0.514922
0.02,0.6 ,0.46643, 0.00234255,0.531228,0.53357
0.02,0.61 ,0.448624, 0.00234285,0.549033,0.551376
0.02,0.62 ,0.431614, 0.00234316,0.566043,0.568386
0.02,0.63 ,0.415357, 0.00234346,0.582299,0.584643
0.02,0.64 ,0.399813, 0.00234377,0.597843,0.600187
0.02,0.65 ,0.384945, 0.00234409,0.612711,0.615055
0.02,0.66 ,0.370715, 0.0023444,0.62694,0.629285
0.02,0.67 ,0.357093, 0.00234472,0.640563,0.642907
0.02,0.68 ,0.344045, 0.00234504,0.65361,0.655955
0.02,0.69 ,0.331544, 0.00234537,0.666111,0.668456
0.02,0.7 ,0.319561, 0.0023457,0.678094,0.680439
0.02,0.71 ,0.30807, 0.00234603,0.689584,0.69193
0.02,0.72 ,0.297048, 0.00234637,0.700606,0.702952
0.02,0.73 ,0.286471, 0.00234671,0.711182,0.713529
0.02,0.74 ,0.276319, 0.00234705,0.721334,0.723681
0.02,0.75 ,0.26657, 0.0023474,0.731083,0.73343
0.02,0.76 ,0.257205, 0.00234775,0.740447,0.742795
0.02,0.77 ,0.248207, 0.0023481,0.749445,0.751793
0.02,0.78 ,0.239559, 0.00234846,0.758093,0.760441
0.02,0.79 ,0.231244, 0.00234882,0.766407,0.768756
0.02,0.8 ,0.223248, 0.00234919,0.774403,0.776752
0.02,0.81 ,0.215555, 0.00234956,0.782095,0.784445
0.02,0.82 ,0.208154, 0.00234993,0.789497,0.791846
0.02,0.83 ,0.201029, 0.00235031,0.79662,0.798971
0.02,0.84 ,0.194171, 0.00235069,0.803479,0.805829
0.02,0.85 ,0.187566, 0.00235108,0.810083,0.812434
0.02,0.86 ,0.181204, 0.00235147,0.816444,0.818796
0.02,0.87 ,0.175075, 0.00235187,0.822573,0.824925
0.02,0.88 ,0.169169, 0.00235227,0.828479,0.830831
0.02,0.89 ,0.163476, 0.00235267,0.834171,0.836524
0.02,0.9 ,0.157988, 0.00235308,0.839659,0.842012
0.02,0.91 ,0.152697, 0.0023535,0.84495,0.847303
0.02,0.92 ,0.147593, 0.00235392,0.850053,0.852407
0.02,0.93 ,0.14267, 0.00235434,0.854976,0.85733
0.02,0.94 ,0.137921, 0.00235477,0.859725,0.862079
0.02,0.95 ,0.133337, 0.0023552,0.864307,0.866663
0.02,0.96 ,0.128914, 0.00235564,0.86873,0.871086
0.02,0.97 ,0.124644, 0.00235609,0.873,0.875356
0.02,0.98 ,0.120522, 0.00235654,0.877122,0.879478
0.02,0.99 ,0.116542, 0.00235699,0.881101,0.883458
0.02,1 ,0.112698, 0.00235745,0.884945,0.887302
0.03,0 ,0.995606, 0.00232876,0.00206555,0.00439431
0.03,0.01 ,0.99557, 0.00232894,0.0021006,0.00442954
0.03,0.02 ,0.995534, 0.00232912,0.00213734,0.00446647
0.03,0.03 ,0.995495, 0.00232931,0.00217593,0.00450524
0.03,0.04 ,0.995454, 0.0023295,0.00221649,0.00454598
0.03,0.05 ,0.995411, 0.00232968,0.00225918,0.00458886
0.03,0.06 ,0.995366, 0.00232987,0.00230418,0.00463405
0.03,0.07 ,0.995318, 0.00233006,0.00235169,0.00468175
0.03,0.08 ,0.995268, 0.00233025,0.00240192,0.00473217
0.03,0.09 ,0.995214, 0.00233044,0.00245512,0.00478556
0.03,0.1 ,0.995158, 0.00233064,0.00251156,0.00484219
0.03,0.11 ,0.995098, 0.00233083,0.00257154,0.00490238
0.03,0.12 ,0.995034, 0.00233103,0.00263542,0.00496646
0.03,0.13 ,0.994965, 0.00233123,0.0027036,0.00503483
0.03,0.14 ,0.994892, 0.00233143,0.00277652,0.00510795
0.03,0.15 ,0.994814, 0.00233163,0.0028547,0.00518633
0.03,0.16 ,0.994729, 0.00233184,0.00293873,0.00527057
0.03,0.17 ,0.994639, 0.00233204,0.00302931,0.00536135
0.03,0.18 ,0.994541, 0.00233225,0.00312723,0.00545948
0.03,0.19 ,0.994434, 0.00233246,0.00323344,0.00556589
0.03,0.2 ,0.994318, 0.00233266,0.00334902,0.00568168
0.03,0.21 ,0.994192, 0.00233288,0.00347528,0.00580816
0.03,0.22 ,0.994053, 0.00233309,0.00361379,0.00594688
0.03,0.23 ,0.9939, 0.0023333,0.00376642,0.00609973
0.03,0.24 ,0.993731, 0.00233352,0.00393545,0.00626897
0.03,0.25 ,0.993543, 0.00233374,0.00412366,0.0064574
0.03,0.26 ,0.993332, 0.00233396,0.00433454,0.00666849
0.03,0.27 ,0.993093, 0.00233418,0.00457241,0.00690659
0.03,0.28 ,0.992823, 0.0023344,0.00484281,0.00717722
0.03,0.29 ,0.992512, 0.00233463,0.00515288,0.00748751
0.03,0.3 ,0.992153, 0.00233486,0.00551199,0.00784684
0.03,0.31 ,0.991732, 0.00233509,0.00593266,0.00826775
0.03,0.32 ,0.991233, 0.00233532,0.00643207,0.00876739
0.03,0.33 ,0.99063, 0.00233555,0.0070343,0.00936985
0.03,0.34 ,0.98989, 0.00233579,0.00777417,0.01011
0.03,0.35 ,0.98896, 0.00233602,0.00870381,0.0110398
0.03,0.36 ,0.987759, 0.00233626,0.00990457,0.0122408
0.03,0.37 ,0.986154, 0.0023365,0.0115097,0.0138462
0.03,0.38 ,0.983913, 0.00233675,0.0137503,0.0160871
0.03,0.39 ,0.980609, 0.00233699,0.0170541,0.0193911
0.03,0.4 ,0.975401, 0.00233724,0.0222616,0.0245989
0.03,0.41 ,0.966613, 0.00233749,0.0310496,0.0333871
0.03,0.42 ,0.951422, 0.00233774,0.0462403,0.048578
0.03,0.43 ,0.927594, 0.002338,0.0700683,0.0724063
0.03,0.44 ,0.896798, 0.00233825,0.100864,0.103202
0.03,0.45 ,0.862812, 0.00233851,0.13485,0.137188
0.03,0.46 ,0.828215, 0.00233877,0.169446,0.171785
0.03,0.47 ,0.79423, 0.00233904,0.203431,0.20577
0.03,0.48 ,0.761377, 0.0023393,0.236283,0.238623
0.03,0.49 ,0.729863, 0.00233957,0.267797,0.270137
0.03,0.5 ,0.699749, 0.00233984,0.297911,0.300251
0.03,0.51 ,0.671028, 0.00234012,0.326632,0.328972
0.03,0.52 ,0.643662, 0.00234039,0.353998,0.356338
0.03,0.53 ,0.617597, 0.00234067,0.380063,0.382403
0.03,0.54 ,0.592772, 0.00234095,0.404887,0.407228
0.03,0.55 ,0.569124, 0.00234123,0.428535,0.430876
0.03,0.56 ,0.546591, 0.00234152,0.451068,0.453409
0.03,0.57 ,0.525112, 0.00234181,0.472546,0.474888
0.03,0.58 ,0.504631, 0.0023421,0.493027,0.495369
0.03,0.59 ,0.485092, 0.0023424,0.512565,0.514908
0.03,0.6 ,0.466444, 0.0023427,0.531213,0.533556
0.03,0.61 ,0.448638, 0.002343,0.549019,0.551362
0.03,0.62 ,0.431627, 0.0023433,0.566029,0.568373
0.03,0.63 ,0.41537, 0.00234361,0.582286,0.58463
0.03,0.64 ,0.399826, 0.00234392,0.59783,0.600174
0.03,0.65 ,0.384957, 0.00234423,0.612699,0.615043
0.03,0.66 ,0.370728, 0.00234454,0.626928,0.629272
0.03,0.67 ,0.357105, 0.00234486,0.64055,0.642895
0.03,0.68 ,0.344057, 0.00234519,0.653598,0.655943
0.03,0.69 ,0.331555, 0.00234551,0.666099,0.668445
0.03,0.7 ,0.319572, 0.00234584,0.678082,0.680428
0.03,0.71 ,0.308081, 0.00234617,0.689573,0.691919
0.03,0.72 ,0.297059, 0.00234651,0.700595,0.702941
0.03,0.73 ,0.286482, 0.00234685,0.711171,0.713518
0.03,0.74 ,0.276329, 0.00234719,0.721324,0.723671
0.03,0.75 ,0.26658, 0.00234754,0.731073,0.73342
0.03,0.76 ,0.257215, 0.00234789,0.740437,0.742785
0.03,0.77 ,0.248217, 0.00234825,0.749435,0.751783
0.03,0.78 ,0.239568, 0.0023486,0.758083,0.760432
0.03,0.79 ,0.231254, 0.00234897,0.766398,0.768746
0.03,0.8 ,0.223257, 0.00234933,0.774394,0.776743
0.03,0.81 ,0.215564, 0.0023497,0.782086,0.784436
0.03,0.82 ,0.208162, 0.00235008,0.789488,0.791838
0.03,0.83 ,0.201038, 0.00235045,0.796612,0.798962
0.03,0.84 ,0.194179, 0.00235084,0.80347,0.805821
0.03,0.85 ,0.187574, 0.00235122,0.810075,0.812426
0.03,0.86 ,0.181212, 0.00235161,0.816436,0.818788
0.03,0.87 ,0.175083, 0.00235201,0.822565,0.824917
0.03,0.88 ,0.169177, 0.00235241,0.828471,0.830823
0.03,0.89 ,0.163484, 0.00235282,0.834163,0.836516
0.03,0.9 ,0.157996, 0.00235322,0.839651,0.842004
0.03,0.91 ,0.152704, 0.00235364,0.844943,0.847296
0.03,0.92 ,0.1476, 0.00235406,0.850046,0.8524
0.03,0.93 ,0.142677, 0.00235448,0.854968,0.857323
0.03,0.94 ,0.137927, 0.00235491,0.859718,0.862073
0.03,0.95 ,0.133344, 0.00235534,0.864301,0.866656
0.03,0.96 ,0.128921, 0.00235578,0.868724,0.871079
0.03,0.97 ,0.124651, 0.00235623,0.872993,0.875349
0.03,0.98 ,0.120528, 0.00235668,0.877115,0.879472
0.03,0.99 ,0.116548, 0.00235713,0.881095,0.883452
0.03,1 ,0.112703, 0.00235759,0.884939,0.887297
0.04,0 ,0.995582, 0.0023289,0.00208895,0.00441785
0.04,0.01 ,0.995547, 0.00232908,0.00212399,0.00445307
0.04,0.02 ,0.99551, 0.00232927,0.00216073,0.00449
0.04,0.03 ,0.995471, 0.00232945,0.00219931,0.00452877
0.04,0.04 ,0.99543, 0.00232964,0.00223987,0.00456951
0.04,0.05 ,0.995388, 0.00232983,0.00228256,0.00461239
0.04,0.06 ,0.995342, 0.00233001,0.00232757,0.00465758
0.04,0.07 ,0.995295, 0.0023302,0.00237507,0.00470528
0.04,0.08 ,0.995244, 0.00233039,0.0024253,0.0047557
0.04,0.09 ,0.995191, 0.00233059,0.0024785,0.00480909
0.04,0.1 ,0.995134, 0.00233078,0.00253493,0.00486572
0.04,0.11 ,0.995074, 0.00233098,0.00259492,0.0049259
0.04,0.12 ,0.99501, 0.00233117,0.0026588,0.00498997
0.04,0.13 ,0.994942, 0.00233137,0.00272697,0.00505834
0.04,0.14 ,0.994869, 0.00233157,0.00279989,0.00513146
0.04,0.15 ,0.99479, 0.00233178,0.00287806,0.00520984
0.04,0.16 ,0.994706, 0.00233198,0.0029621,0.00529407
0.04,0.17 ,0.994615, 0.00233218,0.00305267,0.00538485
0.04,0.18 ,0.994517, 0.00233239,0.00315059,0.00548298
0.04,0.19 ,0.994411, 0.0023326,0.00325678,0.00558938
0.04,0.2 ,0.994295, 0.00233281,0.00337236,0.00570517
0.04,0.21 ,0.994168, 0.00233302,0.00349862,0.00583164
0.04,0.22 ,0.99403, 0.00233323,0.00363712,0.00597035
0.04,0.23 ,0.993877, 0.00233345,0.00378974,0.00612319
0.04,0.24 ,0.993708, 0.00233366,0.00395875,0.00629242
0.04,0.25 ,0.993519, 0.00233388,0.00414695,0.00648084
0.04,0.26 ,0.993308, 0.0023341,0.00435781,0.00669191
0.04,0.27 ,0.99307, 0.00233432,0.00459566,0.00692999
0.04,0.28 ,0.992799, 0.00233455,0.00486604,0.00720059
0.04,0.29 ,0.992489, 0.00233477,0.00517608,0.00751085
0.04,0.3 ,0.99213, 0.002335,0.00553514,0.00787014
0.04,0.31 ,0.991709, 0.00233523,0.00595576,0.00829099
0.04,0.32 ,0.991209, 0.00233546,0.0064551,0.00879056
0.04,0.33 ,0.990607, 0.00233569,0.00705723,0.00939292
0.04,0.34 ,0.989867, 0.00233593,0.00779696,0.0101329
0.04,0.35 ,0.988937, 0.00233617,0.00872642,0.0110626
0.04,0.36 ,0.987737, 0.00233641,0.00992689,0.0122633
0.04,0.37 ,0.986132, 0.00233665,0.0115316,0.0138682
0.04,0.38 ,0.983892, 0.00233689,0.0137715,0.0161084
0.04,0.39 ,0.980589, 0.00233714,0.0170739,0.0194111
0.04,0.4 ,0.975384, 0.00233738,0.022279,0.0246164
0.04,0.41 ,0.9666, 0.00233763,0.0310621,0.0333997
0.04,0.42 ,0.951418, 0.00233789,0.0462444,0.0485823
0.04,0.43 ,0.927599, 0.00233814,0.0700627,0.0724009
0.04,0.44 ,0.89681, 0.0023384,0.100851,0.10319
0.04,0.45 ,0.862827, 0.00233865,0.134834,0.137173
0.04,0.46 ,0.828232, 0.00233892,0.169429,0.171768
0.04,0.47 ,0.794248, 0.00233918,0.203413,0.205752
0.04,0.48 ,0.761395, 0.00233945,0.236265,0.238605
0.04,0.49 ,0.729881, 0.00233971,0.267779,0.270119
0.04,0.5 ,0.699767, 0.00233998,0.297893,0.300233
0.04,0.51 ,0.671046, 0.00234026,0.326614,0.328954
0.04,0.52 ,0.643679, 0.00234053,0.35398,0.356321
0.04,0.53 ,0.617614, 0.00234081,0.380045,0.382386
0.04,0.54 ,0.592788, 0.00234109,0.404871,0.407212
0.04,0.55 ,0.56914, 0.00234138,0.428519,0.43086
0.04,0.56 ,0.546607, 0.00234166,0.451052,0.453393
0.04,0.57 ,0.525128, 0.00234195,0.47253,0.474872
0.04,0.58 ,0.504646, 0.00234225,0.493011,0.495354
0.04,0.59 ,0.485107, 0.00234254,0.51255,0.514893
0.04,0.6 ,0.466459, 0.00234284,0.531199,0.533541
0.04,0.61 ,0.448652, 0.00234314,0.549005,0.551348
0.04,0.62 ,0.431641, 0.00234344,0.566015,0.568359
0.04,0.63 ,0.415384, 0.00234375,0.582272,0.584616
0.04,0.64 ,0.39984, 0.00234406,0.597816,0.60016
0.04,0.65 ,0.38497, 0.00234437,0.612685,0.61503
0.04,0.66 ,0.370741, 0.00234469,0.626915,0.629259
0.04,0.67 ,0.357117, 0.00234501,0.640538,0.642883
0.04,0.68 ,0.344069, 0.00234533,0.653585,0.655931
0.04,0.69 ,0.331567, 0.00234566,0.666087,0.668433
0.04,0.7 ,0.319584, 0.00234598,0.67807,0.680416
0.04,0.71 ,0.308093, 0.00234632,0.689561,0.691907
0.04,0.72 ,0.29707, 0.00234665,0.700583,0.70293
0.04,0.73 ,0.286493, 0.00234699,0.71116,0.713507
0.04,0.74 ,0.27634, 0.00234734,0.721313,0.72366
0.04,0.75 ,0.26659, 0.00234768,0.731062,0.73341
0.04,0.76 ,0.257225, 0.00234803,0.740427,0.742775
0.04,0.77 ,0.248227, 0.00234839,0.749425,0.751773
0.04,0.78 ,0.239578, 0.00234875,0.758073,0.760422
0.04,0.79 ,0.231263, 0.00234911,0.766388,0.768737
0.04,0.8 ,0.223266, 0.00234947,0.774384,0.776734
0.04,0.81 ,0.215574, 0.00234984,0.782077,0.784426
0.04,0.82 ,0.208171, 0.00235022,0.789478,0.791829
0.04,0.83 ,0.201047, 0.0023506,0.796603,0.798953
0.04,0.84 ,0.194188, 0.00235098,0.803461,0.805812
0.04,0.85 ,0.187582, 0.00235137,0.810066,0.812418
0.04,0.86 ,0.18122, 0.00235176,0.816428,0.81878
0.04,0.87 ,0.175091, 0.00235215,0.822557,0.824909
0.04,0.88 ,0.169185, 0.00235255,0.828463,0.830815
0.04,0.89 ,0.163492, 0.00235296,0.834155,0.836508
0.04,0.9 ,0.158003, 0.00235337,0.839643,0.841997
0.04,0.91 ,0.152711, 0.00235378,0.844935,0.847289
0.04,0.92 ,0.147607, 0.0023542,0.850038,0.852393
0.04,0.93 ,0.142684, 0.00235462,0.854961,0.857316
0.04,0.94 ,0.137934, 0.00235505,0.859711,0.862066
0.04,0.95 ,0.133351, 0.00235549,0.864294,0.866649
0.04,0.96 ,0.128927, 0.00235593,0.868717,0.871073
0.04,0.97 ,0.124657, 0.00235637,0.872986,0.875343
0.04,0.98 ,0.120535, 0.00235682,0.877109,0.879465
0.04,0.99 ,0.116554, 0.00235727,0.881089,0.883446
0.04,1 ,0.11271, 0.00235774,0.884933,0.88729
0.05,0 ,0.995558, 0.00232905,0.00211318,0.00444222
0.05,0.01 ,0.995523, 0.00232923,0.00214822,0.00447745
0.05,0.02 ,0.995486, 0.00232941,0.00218496,0.00451438
0.05,0.03 ,0.995447, 0.0023296,0.00222354,0.00455314
0.05,0.04 ,0.995406, 0.00232978,0.0022641,0.00459388
0.05,0.05 ,0.995363, 0.00232997,0.00230679,0.00463676
0.05,0.06 ,0.995318, 0.00233016,0.00235179,0.00468195
0.05,0.07 ,0.99527, 0.00233035,0.0023993,0.00472965
0.05,0.08 ,0.99522, 0.00233054,0.00244953,0.00478006
0.05,0.09 ,0.995167, 0.00233073,0.00250272,0.00483345
0.05,0.1 ,0.99511, 0.00233093,0.00255915,0.00489008
0.05,0.11 ,0.99505, 0.00233112,0.00261913,0.00495026
0.05,0.12 ,0.994986, 0.00233132,0.00268301,0.00501433
0.05,0.13 ,0.994917, 0.00233152,0.00275118,0.0050827
0.05,0.14 ,0.994844, 0.00233172,0.0028241,0.00515581
0.05,0.15 ,0.994766, 0.00233192,0.00290227,0.00523419
0.05,0.16 ,0.994682, 0.00233212,0.0029863,0.00531842
0.05,0.17 ,0.994591, 0.00233233,0.00307687,0.0054092
0.05,0.18 ,0.994493, 0.00233253,0.00317478,0.00550732
0.05,0.19 ,0.994386, 0.00233274,0.00328097,0.00561371
0.05,0.2 ,0.994271, 0.00233295,0.00339654,0.00572949
0.05,0.21 ,0.994144, 0.00233316,0.00352279,0.00585596
0.05,0.22 ,0.994005, 0.00233338,0.00366128,0.00599466
0.05,0.23 ,0.993853, 0.00233359,0.00381389,0.00614748
0.05,0.24 ,0.993683, 0.00233381,0.00398289,0.0063167
0.05,0.25 ,0.993495, 0.00233403,0.00417108,0.00650511
0.05,0.26 ,0.993284, 0.00233425,0.00438192,0.00671617
0.05,0.27 ,0.993046, 0.00233447,0.00461975,0.00695422
0.05,0.28 ,0.992775, 0.00233469,0.0048901,0.00722479
0.05,0.29 ,0.992465, 0.00233492,0.0052001,0.00753502
0.05,0.3 ,0.992106, 0.00233514,0.00555912,0.00789427
0.05,0.31 ,0.991685, 0.00233537,0.00597969,0.00831507
0.05,0.32 ,0.991185, 0.0023356,0.00647896,0.00881456
0.05,0.33 ,0.990583, 0.00233584,0.00708099,0.00941683
0.05,0.34 ,0.989843, 0.00233607,0.00782058,0.0101567
0.05,0.35 ,0.988914, 0.00233631,0.00874984,0.0110862
0.05,0.36 ,0.987713, 0.00233655,0.00995002,0.0122866
0.05,0.37 ,0.986109, 0.00233679,0.0115542,0.013891
0.05,0.38 ,0.98387, 0.00233703,0.0137934,0.0161304
0.05,0.39 ,0.980568, 0.00233728,0.0170945,0.0194318
0.05,0.4 ,0.975365, 0.00233753,0.022297,0.0246345
0.05,0.41 ,0.966587, 0.00233778,0.0310751,0.0334129
0.05,0.42 ,0.951413, 0.00233803,0.0462487,0.0485867
0.05,0.43 ,0.927605, 0.00233828,0.070057,0.0723953
0.05,0.44 ,0.896823, 0.00233854,0.100839,0.103177
0.05,0.45 ,0.862844, 0.0023388,0.134818,0.137156
0.05,0.46 ,0.82825, 0.00233906,0.169411,0.17175
0.05,0.47 ,0.794266, 0.00233932,0.203395,0.205734
0.05,0.48 ,0.761414, 0.00233959,0.236246,0.238586
0.05,0.49 ,0.7299, 0.00233986,0.26776,0.2701
0.05,0.5 ,0.699785, 0.00234013,0.297875,0.300215
0.05,0.51 ,0.671064, 0.0023404,0.326596,0.328936
0.05,0.52 ,0.643697, 0.00234068,0.353962,0.356303
0.05,0.53 ,0.617631, 0.00234096,0.380028,0.382369
0.05,0.54 ,0.592806, 0.00234124,0.404853,0.407194
0.05,0.55 ,0.569157, 0.00234152,0.428502,0.430843
0.05,0.56 ,0.546623, 0.00234181,0.451035,0.453377
0.05,0.57 ,0.525144, 0.0023421,0.472514,0.474856
0.05,0.58 ,0.504662, 0.00234239,0.492995,0.495338
0.05,0.59 ,0.485123, 0.00234268,0.512535,0.514877
0.05,0.6 ,0.466474, 0.00234298,0.531183,0.533526
0.05,0.61 ,0.448667, 0.00234328,0.54899,0.551333
0.05,0.62 ,0.431656, 0.00234359,0.566,0.568344
0.05,0.63 ,0.415398, 0.00234389,0.582258,0.584602
0.05,0.64 ,0.399853, 0.0023442,0.597802,0.600147
0.05,0.65 ,0.384984, 0.00234452,0.612672,0.615016
0.05,0.66 ,0.370754, 0.00234483,0.626901,0.629246
0.05,0.67 ,0.35713, 0.00234515,0.640524,0.64287
0.05,0.68 ,0.344082, 0.00234547,0.653572,0.655918
0.05,0.69 ,0.33158, 0.0023458,0.666074,0.66842
0.05,0.7 ,0.319596, 0.00234613,0.678058,0.680404
0.05,0.71 ,0.308105, 0.00234646,0.689549,0.691895
0.05,0.72 ,0.297082, 0.0023468,0.700571,0.702918
0.05,0.73 ,0.286504, 0.00234714,0.711148,0.713496
0.05,0.74 ,0.276351, 0.00234748,0.721302,0.723649
0.05,0.75 ,0.266601, 0.00234783,0.731051,0.733399
0.05,0.76 ,0.257236, 0.00234818,0.740416,0.742764
0.05,0.77 ,0.248238, 0.00234853,0.749414,0.751762
0.05,0.78 ,0.239589, 0.00234889,0.758063,0.760411
0.05,0.79 ,0.231273, 0.00234925,0.766378,0.768727
0.05,0.8 ,0.223276, 0.00234962,0.774374,0.776724
0.05,0.81 ,0.215583, 0.00234999,0.782067,0.784417
0.05,0.82 ,0.208181, 0.00235036,0.789469,0.791819
0.05,0.83 ,0.201056, 0.00235074,0.796593,0.798944
0.05,0.84 ,0.194197, 0.00235112,0.803452,0.805803
0.05,0.85 ,0.187591, 0.00235151,0.810057,0.812409
0.05,0.86 ,0.181229, 0.0023519,0.816419,0.818771
0.05,0.87 ,0.175099, 0.0023523,0.822548,0.824901
0.05,0.88 ,0.169193, 0.0023527,0.828455,0.830807
0.05,0.89 ,0.1635, 0.0023531,0.834147,0.8365
0.05,0.9 ,0.158011, 0.00235351,0.839635,0.841989
0.05,0.91 ,0.152719, 0.00235392,0.844927,0.847281
0.05,0.92 ,0.147615, 0.00235434,0.850031,0.852385
0.05,0.93 ,0.142692, 0.00235477,0.854954,0.857308
0.05,0.94 ,0.137942, 0.0023552,0.859703,0.862058
0.05,0.95 ,0.133358, 0.00235563,0.864286,0.866642
0.05,0.96 ,0.128934, 0.00235607,0.86871,0.871066
0.05,0.97 ,0.124664, 0.00235651,0.87298,0.875336
0.05,0.98 ,0.120541, 0.00235696,0.877102,0.879459
0.05,0.99 ,0.11656, 0.00235742,0.881082,0.88344
0.05,1 ,0.112716, 0.00235788,0.884926,0.887284
0.06,0 ,0.995533, 0.00232919,0.0021383,0.00446749
0.06,0.01 ,0.995497, 0.00232937,0.00217334,0.00450271
0.06,0.02 ,0.99546, 0.00232956,0.00221008,0.00453964
0.06,0.03 ,0.995422, 0.00232974,0.00224866,0.0045784
0.06,0.04 ,0.995381, 0.00232993,0.00228922,0.00461914
0.06,0.05 ,0.995338, 0.00233011,0.00233191,0.00466202
0.06,0.06 ,0.995293, 0.0023303,0.0023769,0.00470721
0.06,0.07 ,0.995245, 0.00233049,0.00242441,0.0047549
0.06,0.08 ,0.995195, 0.00233068,0.00247464,0.00480532
0.06,0.09 ,0.995141, 0.00233088,0.00252783,0.0048587
0.06,0.1 ,0.995085, 0.00233107,0.00258426,0.00491533
0.06,0.11 ,0.995024, 0.00233127,0.00264424,0.0049755
0.06,0.12 ,0.99496, 0.00233146,0.00270811,0.00503958
0.06,0.13 ,0.994892, 0.00233166,0.00277628,0.00510794
0.06,0.14 ,0.994819, 0.00233186,0.00284919,0.00518105
0.06,0.15 ,0.994741, 0.00233206,0.00292736,0.00525943
0.06,0.16 ,0.994656, 0.00233227,0.00301139,0.00534365
0.06,0.17 ,0.994566, 0.00233247,0.00310195,0.00543442
0.06,0.18 ,0.994467, 0.00233268,0.00319986,0.00553254
0.06,0.19 ,0.994361, 0.00233289,0.00330605,0.00563893
0.06,0.2 ,0.994245, 0.0023331,0.00342161,0.0057547
0.06,0.21 ,0.994119, 0.00233331,0.00354785,0.00588116
0.06,0.22 ,0.99398, 0.00233352,0.00368634,0.00601986
0.06,0.23 ,0.993827, 0.00233374,0.00383893,0.00617267
0.06,0.24 ,0.993658, 0.00233395,0.00400792,0.00634187
0.06,0.25 ,0.99347, 0.00233417,0.00419609,0.00653027
0.06,0.26 ,0.993259, 0.00233439,0.00440691,0.0067413
0.06,0.27 ,0.993021, 0.00233461,0.00464472,0.00697933
0.06,0.28 ,0.99275, 0.00233484,0.00491505,0.00724988
0.06,0.29 ,0.99244, 0.00233506,0.00522501,0.00756008
0.06,0.3 ,0.992081, 0.00233529,0.00558399,0.00791928
0.06,0.31 ,0.99166, 0.00233552,0.0060045,0.00834002
0.06,0.32 ,0.991161, 0.00233575,0.00650369,0.00883944
0.06,0.33 ,0.990558, 0.00233598,0.00710562,0.0094416
0.06,0.34 ,0.989819, 0.00233622,0.00784507,0.0101813
0.06,0.35 ,0.988889, 0.00233646,0.00877412,0.0111106
0.06,0.36 ,0.987689, 0.00233669,0.009974,0.0123107
0.06,0.37 ,0.986085, 0.00233694,0.0115777,0.0139147
0.06,0.38 ,0.983847, 0.00233718,0.0138161,0.0161533
0.06,0.39 ,0.980547, 0.00233742,0.0171158,0.0194532
0.06,0.4 ,0.975347, 0.00233767,0.0223156,0.0246533
0.06,0.41 ,0.966574, 0.00233792,0.0310886,0.0334265
0.06,0.42 ,0.951409, 0.00233817,0.0462532,0.0485914
0.06,0.43 ,0.92761, 0.00233843,0.0700511,0.0723895
0.06,0.44 ,0.896836, 0.00233868,0.100825,0.103164
0.06,0.45 ,0.86286, 0.00233894,0.134801,0.13714
0.06,0.46 ,0.828268, 0.0023392,0.169392,0.171732
0.06,0.47 ,0.794285, 0.00233947,0.203375,0.205715
0.06,0.48 ,0.761434, 0.00233973,0.236227,0.238566
0.06,0.49 ,0.729919, 0.00234,0.267741,0.270081
0.06,0.5 ,0.699804, 0.00234027,0.297855,0.300196
0.06,0.51 ,0.671083, 0.00234055,0.326577,0.328917
0.06,0.52 ,0.643716, 0.00234082,0.353943,0.356284
0.06,0.53 ,0.61765, 0.0023411,0.380009,0.38235
0.06,0.54 ,0.592823, 0.00234138,0.404835,0.407177
0.06,0.55 ,0.569174, 0.00234167,0.428484,0.430826
0.06,0.56 ,0.54664, 0.00234195,0.451018,0.45336
0.06,0.57 ,0.525161, 0.00234224,0.472497,0.474839
0.06,0.58 ,0.504679, 0.00234253,0.492979,0.495321
0.06,0.59 ,0.485139, 0.00234283,0.512518,0.514861
0.06,0.6 ,0.46649, 0.00234313,0.531167,0.53351
0.06,0.61 ,0.448682, 0.00234343,0.548974,0.551318
0.06,0.62 ,0.431671, 0.00234373,0.565985,0.568329
0.06,0.63 ,0.415413, 0.00234404,0.582243,0.584587
0.06,0.64 ,0.399868, 0.00234435,0.597788,0.600132
0.06,0.65 ,0.384998, 0.00234466,0.612657,0.615002
0.06,0.66 ,0.370768, 0.00234498,0.626887,0.629232
0.06,0.67 ,0.357144, 0.0023453,0.640511,0.642856
0.06,0.68 ,0.344095, 0.00234562,0.653559,0.655905
0.06,0.69 ,0.331593, 0.00234594,0.666061,0.668407
0.06,0.7 ,0.319608, 0.00234627,0.678045,0.680392
0.06,0.71 ,0.308117, 0.00234661,0.689536,0.691883
0.06,0.72 ,0.297094, 0.00234694,0.700559,0.702906
0.06,0.73 ,0.286516, 0.00234728,0.711137,0.713484
0.06,0.74 ,0.276362, 0.00234762,0.72129,0.723638
0.06,0.75 ,0.266612, 0.00234797,0.73104,0.733388
0.06,0.76 ,0.257247, 0.00234832,0.740405,0.742753
0.06,0.77 ,0.248248, 0.00234868,0.749403,0.751752
0.06,0.78 ,0.239599, 0.00234903,0.758052,0.760401
0.06,0.79 ,0.231283, 0.0023494,0.766367,0.768717
0.06,0.8 ,0.223286, 0.00234976,0.774364,0.776714
0.06,0.81 ,0.215593, 0.00235013,0.782057,0.784407
0.06,0.82 ,0.20819, 0.00235051,0.789459,0.79181
0.06,0.83 ,0.201065, 0.00235088,0.796584,0.798935
0.06,0.84 ,0.194206, 0.00235127,0.803443,0.805794
0.06,0.85 ,0.1876, 0.00235165,0.810048,0.8124
0.06,0.86 ,0.181238, 0.00235205,0.81641,0.818762
0.06,0.87 ,0.175108, 0.00235244,0.822539,0.824892
0.06,0.88 ,0.169201, 0.00235284,0.828446,0.830799
0.06,0.89 ,0.163508, 0.00235325,0.834139,0.836492
0.06,0.9 ,0.158019, 0.00235365,0.839627,0.841981
0.06,0.91 ,0.152727, 0.00235407,0.844919,0.847273
0.06,0.92 ,0.147623, 0.00235449,0.850023,0.852377
0.06,0.93 ,0.142699, 0.00235491,0.854946,0.857301
0.06,0.94 ,0.137949, 0.00235534,0.859696,0.862051
0.06,0.95 ,0.133365, 0.00235577,0.864279,0.866635
0.06,0.96 ,0.128941, 0.00235621,0.868702,0.871059
0.06,0.97 ,0.124671, 0.00235666,0.872972,0.875329
0.06,0.98 ,0.120548, 0.00235711,0.877095,0.879452
0.06,0.99 ,0.116567, 0.00235756,0.881075,0.883433
0.06,1 ,0.112723, 0.00235802,0.884919,0.887277
0.07,0 ,0.995506, 0.00232934,0.00216435,0.00449369
0.07,0.01 ,0.995471, 0.00232952,0.00219939,0.00452891
0.07,0.02 ,0.995434, 0.0023297,0.00223614,0.00456584
0.07,0.03 ,0.995395, 0.00232989,0.00227472,0.0046046
0.07,0.04 ,0.995355, 0.00233007,0.00231527,0.00464534
0.07,0.05 ,0.995312, 0.00233026,0.00235796,0.00468822
0.07,0.06 ,0.995267, 0.00233045,0.00240296,0.0047334
0.07,0.07 ,0.995219, 0.00233064,0.00245046,0.0047811
0.07,0.08 ,0.995168, 0.00233083,0.00250068,0.00483151
0.07,0.09 ,0.995115, 0.00233102,0.00255387,0.0048849
0.07,0.1 ,0.995058, 0.00233122,0.0026103,0.00494152
0.07,0.11 ,0.994998, 0.00233141,0.00267028,0.00500169
0.07,0.12 ,0.994934, 0.00233161,0.00273415,0.00506576
0.07,0.13 ,0.994866, 0.00233181,0.00280232,0.00513413
0.07,0.14 ,0.994793, 0.00233201,0.00287522,0.00520723
0.07,0.15 ,0.994714, 0.00233221,0.00295339,0.0052856
0.07,0.16 ,0.99463, 0.00233241,0.00303741,0.00536983
0.07,0.17 ,0.994539, 0.00233262,0.00312797,0.00546059
0.07,0.18 ,0.994441, 0.00233282,0.00322588,0.0055587
0.07,0.19 ,0.994335, 0.00233303,0.00333206,0.00566509
0.07,0.2 ,0.994219, 0.00233324,0.00344761,0.00578085
0.07,0.21 ,0.994093, 0.00233345,0.00357385,0.0059073
0.07,0.22 ,0.993954, 0.00233367,0.00371232,0.00604599
0.07,0.23 ,0.993801, 0.00233388,0.00386491,0.00619879
0.07,0.24 ,0.993632, 0.0023341,0.00403388,0.00636798
0.07,0.25 ,0.993444, 0.00233432,0.00422204,0.00655636
0.07,0.26 ,0.993233, 0.00233454,0.00443284,0.00676738
0.07,0.27 ,0.992995, 0.00233476,0.00467063,0.00700539
0.07,0.28 ,0.992724, 0.00233498,0.00494092,0.0072759
0.07,0.29 ,0.992414, 0.00233521,0.00525086,0.00758606
0.07,0.3 ,0.992055, 0.00233543,0.00560978,0.00794522
0.07,0.31 ,0.991634, 0.00233566,0.00603024,0.0083659
0.07,0.32 ,0.991135, 0.0023359,0.00652935,0.00886524
0.07,0.33 ,0.990533, 0.00233613,0.00713117,0.0094673
0.07,0.34 ,0.989793, 0.00233636,0.00787048,0.0102068
0.07,0.35 ,0.988864, 0.0023366,0.00879932,0.0111359
0.07,0.36 ,0.987664, 0.00233684,0.00999888,0.0123357
0.07,0.37 ,0.986061, 0.00233708,0.0116021,0.0139392
0.07,0.38 ,0.983823, 0.00233732,0.0138397,0.016177
0.07,0.39 ,0.980525, 0.00233757,0.0171379,0.0194755
0.07,0.4 ,0.975327, 0.00233782,0.022335,0.0246728
0.07,0.41 ,0.966559, 0.00233807,0.0311026,0.0334406
0.07,0.42 ,0.951404, 0.00233832,0.0462579,0.0485963
0.07,0.43 ,0.927616, 0.00233857,0.070045,0.0723836
0.07,0.44 ,0.896849, 0.00233883,0.100812,0.103151
0.07,0.45 ,0.862878, 0.00233909,0.134783,0.137122
0.07,0.46 ,0.828288, 0.00233935,0.169373,0.171712
0.07,0.47 ,0.794305, 0.00233961,0.203355,0.205695
0.07,0.48 ,0.761454, 0.00233988,0.236206,0.238546
0.07,0.49 ,0.729939, 0.00234015,0.267721,0.270061
0.07,0.5 ,0.699824, 0.00234042,0.297835,0.300176
0.07,0.51 ,0.671102, 0.00234069,0.326557,0.328898
0.07,0.52 ,0.643735, 0.00234097,0.353924,0.356265
0.07,0.53 ,0.617669, 0.00234125,0.37999,0.382331
0.07,0.54 ,0.592842, 0.00234153,0.404816,0.407158
0.07,0.55 ,0.569193, 0.00234181,0.428466,0.430807
0.07,0.56 ,0.546658, 0.0023421,0.451,0.453342
0.07,0.57 ,0.525178, 0.00234239,0.472479,0.474822
0.07,0.58 ,0.504696, 0.00234268,0.492962,0.495304
0.07,0.59 ,0.485155, 0.00234297,0.512502,0.514845
0.07,0.6 ,0.466506, 0.00234327,0.531151,0.533494
0.07,0.61 ,0.448698, 0.00234357,0.548958,0.551302
0.07,0.62 ,0.431687, 0.00234388,0.56597,0.568313
0.07,0.63 ,0.415428, 0.00234418,0.582228,0.584572
0.07,0.64 ,0.399883, 0.00234449,0.597773,0.600117
0.07,0.65 ,0.385012, 0.00234481,0.612643,0.614988
0.07,0.66 ,0.370782, 0.00234512,0.626873,0.629218
