Betapv,Betamv,V,Rs,Rv,P
0,0 ,0.994149, 0.00385095,0.002,0.00585095
0,0.01 ,0.994096, 0.00385219,0.00205178,0.00590397
0,0.02 ,0.99404, 0.00385343,0.00210612,0.00595955
0,0.03 ,0.993982, 0.00385469,0.00216323,0.00601792
0,0.04 ,0.993921, 0.00385595,0.00222331,0.00607926
0,0.05 ,0.993856, 0.00385722,0.00228661,0.00614383
0,0.06 ,0.993788, 0.0038585,0.00235338,0.00621189
0,0.07 ,0.993716, 0.0038598,0.00242393,0.00628373
0,0.08 ,0.99364, 0.0038611,0.00249858,0.00635967
0,0.09 ,0.99356, 0.00386241,0.00257769,0.00644009
0,0.1 ,0.993475, 0.00386373,0.00266167,0.0065254
0,0.11 ,0.993384, 0.00386506,0.002751,0.00661606
0,0.12 ,0.993287, 0.0038664,0.00284619,0.00671259
0,0.13 ,0.993184, 0.00386775,0.00294784,0.00681559
0,0.14 ,0.993074, 0.00386912,0.00305662,0.00692574
0,0.15 ,0.992956, 0.00387049,0.00317332,0.00704381
0,0.16 ,0.992829, 0.00387187,0.00329881,0.00717069
0,0.17 ,0.992693, 0.00387327,0.00343414,0.00730741
0,0.18 ,0.992545, 0.00387467,0.00358049,0.00745516
0,0.19 ,0.992385, 0.00387609,0.00373927,0.00761536
0,0.2 ,0.99221, 0.00387752,0.00391212,0.00778963
0,0.21 ,0.99202, 0.00387895,0.00410098,0.00797993
0,0.22 ,0.991811, 0.00388041,0.00430818,0.00818858
0,0.23 ,0.991582, 0.00388187,0.00453649,0.00841836
0,0.24 ,0.991327, 0.00388334,0.00478931,0.00867266
0,0.25 ,0.991044, 0.00388483,0.00507077,0.0089556
0,0.26 ,0.990728, 0.00388633,0.00538599,0.00927231
0,0.27 ,0.990371, 0.00388784,0.00574136,0.00962919
0,0.28 ,0.989966, 0.00388936,0.00614499,0.0100344
0,0.29 ,0.989502, 0.0038909,0.00660733,0.0104982
0,0.3 ,0.988966, 0.00389244,0.00714198,0.0110344
0,0.31 ,0.988339, 0.00389401,0.00776709,0.0116611
0,0.32 ,0.987597, 0.00389558,0.00850726,0.0124028
0,0.33 ,0.986706, 0.00389717,0.00939671,0.0132939
0,0.34 ,0.985617, 0.00389877,0.0104843,0.0143831
0,0.35 ,0.984258, 0.00390039,0.0118421,0.0157424
0,0.36 ,0.982518, 0.00390201,0.0135797,0.0174817
0,0.37 ,0.980225, 0.00390366,0.0158715,0.0197751
0,0.38 ,0.977089, 0.00390531,0.019006,0.0229113
0,0.39 ,0.972612, 0.00390699,0.0234811,0.0273881
0,0.4 ,0.965917, 0.00390867,0.0301742,0.0340829
0,0.41 ,0.955524, 0.00391037,0.0405659,0.0444763
0,0.42 ,0.939438, 0.00391209,0.0566497,0.0605618
0,0.43 ,0.916424, 0.00391382,0.0796625,0.0835763
0,0.44 ,0.887611, 0.00391557,0.108474,0.112389
0,0.45 ,0.855598, 0.00391733,0.140484,0.144402
0,0.46 ,0.822547, 0.00391911,0.173534,0.177453
0,0.47 ,0.789704, 0.00392091,0.206375,0.210296
0,0.48 ,0.757698, 0.00392272,0.238379,0.242302
0,0.49 ,0.726822, 0.00392455,0.269253,0.273178
0,0.5 ,0.697201, 0.00392639,0.298873,0.302799
0,0.51 ,0.668868, 0.00392825,0.327204,0.331132
0,0.52 ,0.641814, 0.00393013,0.354256,0.358186
0,0.53 ,0.616003, 0.00393203,0.380065,0.383997
0,0.54 ,0.591387, 0.00393394,0.404679,0.408613
0,0.55 ,0.567915, 0.00393588,0.428149,0.432085
0,0.56 ,0.545531, 0.00393783,0.450531,0.454469
0,0.57 ,0.52418, 0.0039398,0.471881,0.47582
0,0.58 ,0.503808, 0.00394179,0.492251,0.496192
0,0.59 ,0.484363, 0.0039438,0.511693,0.515637
0,0.6 ,0.465797, 0.00394582,0.530257,0.534203
0,0.61 ,0.448063, 0.00394787,0.547989,0.551937
0,0.62 ,0.431117, 0.00394994,0.564933,0.568883
0,0.63 ,0.414916, 0.00395203,0.581132,0.585084
0,0.64 ,0.399422, 0.00395414,0.596624,0.600578
0,0.65 ,0.384598, 0.00395627,0.611446,0.615402
0,0.66 ,0.370408, 0.00395842,0.625633,0.629592
0,0.67 ,0.356821, 0.00396059,0.639218,0.643179
0,0.68 ,0.343805, 0.00396278,0.652232,0.656195
0,0.69 ,0.331333, 0.003965,0.664702,0.668667
0,0.7 ,0.319375, 0.00396724,0.676657,0.680625
0,0.71 ,0.307908, 0.0039695,0.688122,0.692092
0,0.72 ,0.296908, 0.00397179,0.699121,0.703092
0,0.73 ,0.28635, 0.0039741,0.709676,0.71365
0,0.74 ,0.276215, 0.00397643,0.719809,0.723785
0,0.75 ,0.266482, 0.00397879,0.729539,0.733518
0,0.76 ,0.257132, 0.00398117,0.738887,0.742868
0,0.77 ,0.248147, 0.00398358,0.747869,0.751853
0,0.78 ,0.239511, 0.00398601,0.756503,0.760489
0,0.79 ,0.231207, 0.00398847,0.764804,0.768793
0,0.8 ,0.223221, 0.00399096,0.772788,0.776779
0,0.81 ,0.215538, 0.00399347,0.780469,0.784462
0,0.82 ,0.208144, 0.00399601,0.78786,0.791856
0,0.83 ,0.201027, 0.00399857,0.794974,0.798973
0,0.84 ,0.194176, 0.00400117,0.801823,0.805824
0,0.85 ,0.187577, 0.00400379,0.808419,0.812423
0,0.86 ,0.181221, 0.00400644,0.814772,0.818779
0,0.87 ,0.175098, 0.00400912,0.820893,0.824902
0,0.88 ,0.169196, 0.00401183,0.826792,0.830804
0,0.89 ,0.163508, 0.00401457,0.832477,0.836492
0,0.9 ,0.158024, 0.00401734,0.837958,0.841976
0,0.91 ,0.152736, 0.00402014,0.843244,0.847264
0,0.92 ,0.147636, 0.00402297,0.848341,0.852364
0,0.93 ,0.142716, 0.00402584,0.853258,0.857284
0,0.94 ,0.137969, 0.00402873,0.858002,0.862031
0,0.95 ,0.133389, 0.00403166,0.86258,0.866611
0,0.96 ,0.128967, 0.00403462,0.866998,0.871033
0,0.97 ,0.1247, 0.00403762,0.871263,0.8753
0,0.98 ,0.120579, 0.00404065,0.87538,0.879421
0,0.99 ,0.1166, 0.00404371,0.879356,0.8834
0,1 ,0.112758, 0.00404681,0.883195,0.887242
0.01,0 ,0.994116, 0.00385192,0.00203173,0.00588366
0.01,0.01 ,0.994063, 0.00385316,0.00208351,0.00593667
0.01,0.02 ,0.994008, 0.0038544,0.00213785,0.00599226
0.01,0.03 ,0.993949, 0.00385566,0.00219496,0.00605062
0.01,0.04 ,0.993888, 0.00385692,0.00225504,0.00611196
0.01,0.05 ,0.993823, 0.00385819,0.00231833,0.00617653
0.01,0.06 ,0.993755, 0.00385948,0.0023851,0.00624458
0.01,0.07 ,0.993684, 0.00386077,0.00245565,0.00631642
0.01,0.08 ,0.993608, 0.00386207,0.00253029,0.00639236
0.01,0.09 ,0.993527, 0.00386338,0.0026094,0.00647278
0.01,0.1 ,0.993442, 0.0038647,0.00269338,0.00655808
0.01,0.11 ,0.993351, 0.00386603,0.00278271,0.00664874
0.01,0.12 ,0.993255, 0.00386737,0.00287789,0.00674527
0.01,0.13 ,0.993152, 0.00386873,0.00297954,0.00684826
0.01,0.14 ,0.993042, 0.00387009,0.00308831,0.0069584
0.01,0.15 ,0.992924, 0.00387146,0.003205,0.00707646
0.01,0.16 ,0.992797, 0.00387284,0.00333049,0.00720333
0.01,0.17 ,0.99266, 0.00387424,0.00346581,0.00734004
0.01,0.18 ,0.992512, 0.00387564,0.00361215,0.00748779
0.01,0.19 ,0.992352, 0.00387706,0.00377092,0.00764798
0.01,0.2 ,0.992178, 0.00387849,0.00394375,0.00782224
0.01,0.21 ,0.991987, 0.00387993,0.0041326,0.00801252
0.01,0.22 ,0.991779, 0.00388138,0.00433978,0.00822115
0.01,0.23 ,0.991549, 0.00388284,0.00456807,0.00845091
0.01,0.24 ,0.991295, 0.00388431,0.00482087,0.00870518
0.01,0.25 ,0.991012, 0.0038858,0.0051023,0.0089881
0.01,0.26 ,0.990695, 0.0038873,0.00541747,0.00930477
0.01,0.27 ,0.990338, 0.00388881,0.0057728,0.00966161
0.01,0.28 ,0.989933, 0.00389033,0.00617638,0.0100667
0.01,0.29 ,0.989469, 0.00389187,0.00663865,0.0105305
0.01,0.3 ,0.988933, 0.00389342,0.00717322,0.0110666
0.01,0.31 ,0.988307, 0.00389498,0.00779821,0.0116932
0.01,0.32 ,0.987565, 0.00389655,0.00853824,0.0124348
0.01,0.33 ,0.986674, 0.00389814,0.0094275,0.0133256
0.01,0.34 ,0.985585, 0.00389974,0.0105148,0.0144146
0.01,0.35 ,0.984226, 0.00390136,0.0118722,0.0157735
0.01,0.36 ,0.982488, 0.00390299,0.0136093,0.0175123
0.01,0.37 ,0.980195, 0.00390463,0.0159002,0.0198048
0.01,0.38 ,0.97706, 0.00390629,0.0190334,0.0229397
0.01,0.39 ,0.972586, 0.00390796,0.0235062,0.0274142
0.01,0.4 ,0.965895, 0.00390964,0.0301954,0.0341051
0.01,0.41 ,0.955508, 0.00391135,0.0405805,0.0444919
0.01,0.42 ,0.939433, 0.00391306,0.0566544,0.0605674
0.01,0.43 ,0.916429, 0.00391479,0.0796562,0.0835709
0.01,0.44 ,0.887625, 0.00391654,0.108459,0.112375
0.01,0.45 ,0.855617, 0.0039183,0.140464,0.144383
0.01,0.46 ,0.822569, 0.00392008,0.173511,0.177431
0.01,0.47 ,0.789727, 0.00392188,0.206351,0.210273
0.01,0.48 ,0.757722, 0.00392369,0.238354,0.242278
0.01,0.49 ,0.726846, 0.00392552,0.269228,0.273154
0.01,0.5 ,0.697225, 0.00392736,0.298848,0.302775
0.01,0.51 ,0.668892, 0.00392922,0.327179,0.331108
0.01,0.52 ,0.641837, 0.0039311,0.354232,0.358163
0.01,0.53 ,0.616026, 0.003933,0.380041,0.383974
0.01,0.54 ,0.59141, 0.00393491,0.404655,0.40859
0.01,0.55 ,0.567938, 0.00393685,0.428126,0.432062
0.01,0.56 ,0.545553, 0.0039388,0.450508,0.454447
0.01,0.57 ,0.524201, 0.00394077,0.471858,0.475799
0.01,0.58 ,0.503829, 0.00394276,0.492229,0.496171
0.01,0.59 ,0.484384, 0.00394477,0.511671,0.515616
0.01,0.6 ,0.465818, 0.00394679,0.530236,0.534182
0.01,0.61 ,0.448083, 0.00394884,0.547968,0.551917
0.01,0.62 ,0.431136, 0.00395091,0.564913,0.568864
0.01,0.63 ,0.414935, 0.003953,0.581112,0.585065
0.01,0.64 ,0.399441, 0.00395511,0.596604,0.600559
0.01,0.65 ,0.384616, 0.00395723,0.611427,0.615384
0.01,0.66 ,0.370426, 0.00395939,0.625615,0.629574
0.01,0.67 ,0.356838, 0.00396156,0.6392,0.643162
0.01,0.68 ,0.343822, 0.00396375,0.652214,0.656178
0.01,0.69 ,0.331349, 0.00396597,0.664685,0.668651
0.01,0.7 ,0.319392, 0.00396821,0.67664,0.680608
0.01,0.71 ,0.307924, 0.00397047,0.688105,0.692076
0.01,0.72 ,0.296923, 0.00397276,0.699104,0.703077
0.01,0.73 ,0.286365, 0.00397507,0.70966,0.713635
0.01,0.74 ,0.27623, 0.0039774,0.719793,0.72377
0.01,0.75 ,0.266496, 0.00397976,0.729524,0.733504
0.01,0.76 ,0.257146, 0.00398214,0.738872,0.742854
0.01,0.77 ,0.248161, 0.00398455,0.747854,0.751839
0.01,0.78 ,0.239525, 0.00398698,0.756488,0.760475
0.01,0.79 ,0.23122, 0.00398944,0.76479,0.76878
0.01,0.8 ,0.223234, 0.00399192,0.772774,0.776766
0.01,0.81 ,0.21555, 0.00399444,0.780455,0.78445
0.01,0.82 ,0.208157, 0.00399697,0.787846,0.791843
0.01,0.83 ,0.20104, 0.00399954,0.794961,0.79896
0.01,0.84 ,0.194188, 0.00400214,0.80181,0.805812
0.01,0.85 ,0.187589, 0.00400476,0.808406,0.812411
0.01,0.86 ,0.181233, 0.00400741,0.81476,0.818767
0.01,0.87 ,0.175109, 0.00401009,0.820881,0.824891
0.01,0.88 ,0.169207, 0.0040128,0.82678,0.830793
0.01,0.89 ,0.163519, 0.00401554,0.832465,0.836481
0.01,0.9 ,0.158035, 0.00401831,0.837947,0.841965
0.01,0.91 ,0.152747, 0.00402111,0.843232,0.847253
0.01,0.92 ,0.147646, 0.00402394,0.84833,0.852354
0.01,0.93 ,0.142726, 0.0040268,0.853247,0.857274
0.01,0.94 ,0.137979, 0.0040297,0.857991,0.862021
0.01,0.95 ,0.133398, 0.00403263,0.862569,0.866602
0.01,0.96 ,0.128977, 0.00403559,0.866988,0.871023
0.01,0.97 ,0.124709, 0.00403858,0.871253,0.875291
0.01,0.98 ,0.120588, 0.00404161,0.87537,0.879412
0.01,0.99 ,0.116609, 0.00404467,0.879346,0.883391
0.01,1 ,0.112766, 0.00404777,0.883186,0.887234
0.02,0 ,0.994083, 0.0038529,0.00206457,0.00591748
0.02,0.01 ,0.99403, 0.00385414,0.00211635,0.00597049
0.02,0.02 ,0.993974, 0.00385538,0.00217069,0.00602607
0.02,0.03 ,0.993916, 0.00385664,0.00222779,0.00608443
0.02,0.04 ,0.993854, 0.0038579,0.00228787,0.00614577
0.02,0.05 ,0.99379, 0.00385917,0.00235116,0.00621033
0.02,0.06 ,0.993722, 0.00386045,0.00241793,0.00627839
0.02,0.07 ,0.99365, 0.00386175,0.00248847,0.00635022
0.02,0.08 ,0.993574, 0.00386305,0.00256311,0.00642616
0.02,0.09 ,0.993493, 0.00386436,0.00264222,0.00650657
0.02,0.1 ,0.993408, 0.00386568,0.0027262,0.00659188
0.02,0.11 ,0.993317, 0.00386701,0.00281551,0.00668253
0.02,0.12 ,0.993221, 0.00386835,0.0029107,0.00677905
0.02,0.13 ,0.993118, 0.0038697,0.00301233,0.00688204
0.02,0.14 ,0.993008, 0.00387107,0.00312111,0.00699217
0.02,0.15 ,0.99289, 0.00387244,0.00323779,0.00711023
0.02,0.16 ,0.992763, 0.00387382,0.00336327,0.00723709
0.02,0.17 ,0.992626, 0.00387522,0.00349858,0.00737379
0.02,0.18 ,0.992478, 0.00387662,0.00364491,0.00752153
0.02,0.19 ,0.992318, 0.00387804,0.00380366,0.0076817
0.02,0.2 ,0.992144, 0.00387947,0.00397649,0.00785595
0.02,0.21 ,0.991954, 0.0038809,0.00416532,0.00804622
0.02,0.22 ,0.991745, 0.00388236,0.00437248,0.00825483
0.02,0.23 ,0.991515, 0.00388382,0.00460075,0.00848457
0.02,0.24 ,0.991261, 0.00388529,0.00485352,0.00873881
0.02,0.25 ,0.990978, 0.00388678,0.00513492,0.0090217
0.02,0.26 ,0.990662, 0.00388828,0.00545006,0.00933834
0.02,0.27 ,0.990305, 0.00388979,0.00580534,0.00969513
0.02,0.28 ,0.9899, 0.00389131,0.00620887,0.0101002
0.02,0.29 ,0.989436, 0.00389284,0.00667107,0.0105639
0.02,0.3 ,0.9889, 0.00389439,0.00720555,0.0110999
0.02,0.31 ,0.988274, 0.00389595,0.00783043,0.0117264
0.02,0.32 ,0.987532, 0.00389753,0.0085703,0.0124678
0.02,0.33 ,0.986642, 0.00389912,0.00945936,0.0133585
0.02,0.34 ,0.985553, 0.00390072,0.0105464,0.0144471
0.02,0.35 ,0.984194, 0.00390233,0.0119034,0.0158057
0.02,0.36 ,0.982456, 0.00390396,0.0136399,0.0175439
0.02,0.37 ,0.980164, 0.00390561,0.0159299,0.0198356
0.02,0.38 ,0.977031, 0.00390726,0.0190617,0.022969
0.02,0.39 ,0.972559, 0.00390893,0.0235323,0.0274412
0.02,0.4 ,0.965872, 0.00391062,0.0302174,0.034128
0.02,0.41 ,0.955492, 0.00391232,0.0405957,0.044508
0.02,0.42 ,0.939427, 0.00391404,0.0566593,0.0605733
0.02,0.43 ,0.916435, 0.00391577,0.0796497,0.0835655
0.02,0.44 ,0.887639, 0.00391752,0.108444,0.112361
0.02,0.45 ,0.855637, 0.00391928,0.140444,0.144363
0.02,0.46 ,0.822591, 0.00392106,0.173488,0.177409
0.02,0.47 ,0.789751, 0.00392285,0.206326,0.210249
0.02,0.48 ,0.757747, 0.00392467,0.238329,0.242253
0.02,0.49 ,0.726871, 0.00392649,0.269202,0.273129
0.02,0.5 ,0.69725, 0.00392834,0.298822,0.30275
0.02,0.51 ,0.668917, 0.0039302,0.327153,0.331083
0.02,0.52 ,0.641862, 0.00393208,0.354206,0.358138
0.02,0.53 ,0.61605, 0.00393398,0.380016,0.38395
0.02,0.54 ,0.591434, 0.00393589,0.40463,0.408566
0.02,0.55 ,0.567961, 0.00393782,0.428101,0.432039
0.02,0.56 ,0.545575, 0.00393978,0.450485,0.454425
0.02,0.57 ,0.524223, 0.00394175,0.471835,0.475777
0.02,0.58 ,0.50385, 0.00394373,0.492206,0.49615
0.02,0.59 ,0.484405, 0.00394574,0.511649,0.515595
0.02,0.6 ,0.465838, 0.00394777,0.530214,0.534162
0.02,0.61 ,0.448104, 0.00394982,0.547947,0.551896
0.02,0.62 ,0.431156, 0.00395188,0.564892,0.568844
0.02,0.63 ,0.414955, 0.00395397,0.581091,0.585045
0.02,0.64 ,0.39946, 0.00395608,0.596584,0.60054
0.02,0.65 ,0.384634, 0.00395821,0.611407,0.615366
0.02,0.66 ,0.370444, 0.00396036,0.625596,0.629556
0.02,0.67 ,0.356856, 0.00396253,0.639181,0.643144
0.02,0.68 ,0.34384, 0.00396473,0.652195,0.65616
0.02,0.69 ,0.331366, 0.00396694,0.664667,0.668634
0.02,0.7 ,0.319408, 0.00396918,0.676622,0.680592
0.02,0.71 ,0.307941, 0.00397145,0.688088,0.692059
0.02,0.72 ,0.296939, 0.00397373,0.699087,0.703061
0.02,0.73 ,0.286381, 0.00397604,0.709643,0.713619
0.02,0.74 ,0.276245, 0.00397837,0.719776,0.723755
0.02,0.75 ,0.266511, 0.00398073,0.729508,0.733489
0.02,0.76 ,0.257161, 0.00398311,0.738856,0.742839
0.02,0.77 ,0.248176, 0.00398552,0.747839,0.751824
0.02,0.78 ,0.239539, 0.00398795,0.756473,0.760461
0.02,0.79 ,0.231234, 0.00399041,0.764775,0.768766
0.02,0.8 ,0.223247, 0.0039929,0.77276,0.776753
0.02,0.81 ,0.215564, 0.00399541,0.780441,0.784436
0.02,0.82 ,0.20817, 0.00399795,0.787833,0.79183
0.02,0.83 ,0.201052, 0.00400051,0.794947,0.798948
0.02,0.84 ,0.1942, 0.00400311,0.801797,0.8058
0.02,0.85 ,0.187601, 0.00400573,0.808393,0.812399
0.02,0.86 ,0.181245, 0.00400838,0.814747,0.818755
0.02,0.87 ,0.175121, 0.00401106,0.820868,0.824879
0.02,0.88 ,0.169219, 0.00401377,0.826767,0.830781
0.02,0.89 ,0.16353, 0.00401651,0.832453,0.83647
0.02,0.9 ,0.158046, 0.00401928,0.837935,0.841954
0.02,0.91 ,0.152757, 0.00402208,0.843221,0.847243
0.02,0.92 ,0.147657, 0.00402491,0.848318,0.852343
0.02,0.93 ,0.142736, 0.00402778,0.853236,0.857264
0.02,0.94 ,0.137989, 0.00403067,0.85798,0.862011
0.02,0.95 ,0.133408, 0.0040336,0.862558,0.866592
0.02,0.96 ,0.128986, 0.00403656,0.866977,0.871014
0.02,0.97 ,0.124718, 0.00403956,0.871242,0.875282
0.02,0.98 ,0.120597, 0.00404258,0.87536,0.879403
0.02,0.99 ,0.116618, 0.00404565,0.879336,0.883382
0.02,1 ,0.112775, 0.00404874,0.883176,0.887225
0.03,0 ,0.994048, 0.00385389,0.00209858,0.00595247
0.03,0.01 ,0.993995, 0.00385512,0.00215035,0.00600547
0.03,0.02 ,0.993939, 0.00385637,0.00220469,0.00606106
0.03,0.03 ,0.993881, 0.00385762,0.00226179,0.00611941
0.03,0.04 ,0.993819, 0.00385889,0.00232187,0.00618075
0.03,0.05 ,0.993755, 0.00386016,0.00238516,0.00624531
0.03,0.06 ,0.993687, 0.00386144,0.00245192,0.00631336
0.03,0.07 ,0.993615, 0.00386273,0.00252246,0.00638519
0.03,0.08 ,0.993539, 0.00386403,0.0025971,0.00646113
0.03,0.09 ,0.993458, 0.00386534,0.0026762,0.00654154
0.03,0.1 ,0.993373, 0.00386667,0.00276017,0.00662684
0.03,0.11 ,0.993283, 0.003868,0.00284949,0.00671748
0.03,0.12 ,0.993186, 0.00386934,0.00294466,0.006814
0.03,0.13 ,0.993083, 0.00387069,0.0030463,0.00691699
0.03,0.14 ,0.992973, 0.00387205,0.00315506,0.00702711
0.03,0.15 ,0.992855, 0.00387342,0.00327174,0.00714516
0.03,0.16 ,0.992728, 0.00387481,0.00339721,0.00727202
0.03,0.17 ,0.992591, 0.0038762,0.00353251,0.00740871
0.03,0.18 ,0.992444, 0.00387761,0.00367883,0.00755644
0.03,0.19 ,0.992283, 0.00387902,0.00383758,0.0077166
0.03,0.2 ,0.992109, 0.00388045,0.00401038,0.00789083
0.03,0.21 ,0.991919, 0.00388189,0.0041992,0.00808109
0.03,0.22 ,0.99171, 0.00388334,0.00440634,0.00828968
0.03,0.23 ,0.991481, 0.0038848,0.00463459,0.00851939
0.03,0.24 ,0.991226, 0.00388628,0.00488734,0.00877361
0.03,0.25 ,0.990944, 0.00388776,0.0051687,0.00905647
0.03,0.26 ,0.990627, 0.00388926,0.00548381,0.00937307
0.03,0.27 ,0.99027, 0.00389077,0.00583904,0.00972981
0.03,0.28 ,0.989865, 0.00389229,0.00624251,0.0101348
0.03,0.29 ,0.989402, 0.00389383,0.00670463,0.0105985
0.03,0.3 ,0.988866, 0.00389538,0.00723902,0.0111344
0.03,0.31 ,0.988239, 0.00389694,0.00786379,0.0117607
0.03,0.32 ,0.987498, 0.00389851,0.0086035,0.012502
0.03,0.33 ,0.986608, 0.0039001,0.00949235,0.0133925
0.03,0.34 ,0.985519, 0.0039017,0.0105791,0.0144808
0.03,0.35 ,0.984161, 0.00390332,0.0119357,0.015839
0.03,0.36 ,0.982423, 0.00390495,0.0136716,0.0175765
0.03,0.37 ,0.980133, 0.00390659,0.0159608,0.0198673
0.03,0.38 ,0.977001, 0.00390825,0.0190911,0.0229994
0.03,0.39 ,0.972531, 0.00390992,0.0235592,0.0274691
0.03,0.4 ,0.965848, 0.00391161,0.0302402,0.0341518
0.03,0.41 ,0.955475, 0.00391331,0.0406114,0.0445247
0.03,0.42 ,0.939421, 0.00391502,0.0566644,0.0605795
0.03,0.43 ,0.91644, 0.00391675,0.0796431,0.0835598
0.03,0.44 ,0.887654, 0.0039185,0.108428,0.112346
0.03,0.45 ,0.855658, 0.00392026,0.140422,0.144342
0.03,0.46 ,0.822615, 0.00392204,0.173463,0.177385
0.03,0.47 ,0.789776, 0.00392384,0.2063,0.210224
0.03,0.48 ,0.757772, 0.00392565,0.238302,0.242228
0.03,0.49 ,0.726897, 0.00392748,0.269175,0.273103
0.03,0.5 ,0.697275, 0.00392932,0.298795,0.302725
0.03,0.51 ,0.668942, 0.00393118,0.327127,0.331058
0.03,0.52 ,0.641887, 0.00393306,0.35418,0.358113
0.03,0.53 ,0.616074, 0.00393496,0.379991,0.383926
0.03,0.54 ,0.591458, 0.00393687,0.404605,0.408542
0.03,0.55 ,0.567985, 0.00393881,0.428077,0.432015
0.03,0.56 ,0.545599, 0.00394076,0.45046,0.454401
0.03,0.57 ,0.524246, 0.00394273,0.471811,0.475754
0.03,0.58 ,0.503873, 0.00394472,0.492182,0.496127
0.03,0.59 ,0.484427, 0.00394672,0.511626,0.515573
0.03,0.6 ,0.46586, 0.00394875,0.530191,0.53414
0.03,0.61 ,0.448125, 0.0039508,0.547925,0.551875
0.03,0.62 ,0.431177, 0.00395287,0.56487,0.568823
0.03,0.63 ,0.414975, 0.00395495,0.58107,0.585025
0.03,0.64 ,0.399479, 0.00395706,0.596564,0.600521
0.03,0.65 ,0.384654, 0.00395919,0.611387,0.615346
0.03,0.66 ,0.370463, 0.00396134,0.625576,0.629537
0.03,0.67 ,0.356875, 0.00396352,0.639162,0.643125
0.03,0.68 ,0.343858, 0.00396571,0.652176,0.656142
0.03,0.69 ,0.331384, 0.00396793,0.664648,0.668616
0.03,0.7 ,0.319426, 0.00397017,0.676604,0.680574
0.03,0.71 ,0.307958, 0.00397243,0.68807,0.692042
0.03,0.72 ,0.296956, 0.00397471,0.69907,0.703044
0.03,0.73 ,0.286397, 0.00397702,0.709626,0.713603
0.03,0.74 ,0.276261, 0.00397936,0.71976,0.723739
0.03,0.75 ,0.266527, 0.00398171,0.729491,0.733473
0.03,0.76 ,0.257176, 0.00398409,0.73884,0.742824
0.03,0.77 ,0.24819, 0.0039865,0.747823,0.75181
0.03,0.78 ,0.239553, 0.00398893,0.756458,0.760447
0.03,0.79 ,0.231249, 0.00399139,0.76476,0.768751
0.03,0.8 ,0.223261, 0.00399388,0.772745,0.776739
0.03,0.81 ,0.215577, 0.00399639,0.780426,0.784423
0.03,0.82 ,0.208183, 0.00399893,0.787818,0.791817
0.03,0.83 ,0.201066, 0.00400149,0.794933,0.798934
0.03,0.84 ,0.194213, 0.00400409,0.801783,0.805787
0.03,0.85 ,0.187614, 0.00400671,0.80838,0.812386
0.03,0.86 ,0.181257, 0.00400936,0.814734,0.818743
0.03,0.87 ,0.175133, 0.00401204,0.820855,0.824867
0.03,0.88 ,0.169231, 0.00401475,0.826755,0.830769
0.03,0.89 ,0.163542, 0.00401749,0.832441,0.836458
0.03,0.9 ,0.158057, 0.00402026,0.837923,0.841943
0.03,0.91 ,0.152768, 0.00402306,0.843209,0.847232
0.03,0.92 ,0.147667, 0.00402589,0.848307,0.852333
0.03,0.93 ,0.142747, 0.00402876,0.853224,0.857253
0.03,0.94 ,0.137999, 0.00403165,0.857969,0.862001
0.03,0.95 ,0.133418, 0.00403458,0.862547,0.866582
0.03,0.96 ,0.128996, 0.00403754,0.866966,0.871004
0.03,0.97 ,0.124728, 0.00404053,0.871232,0.875272
0.03,0.98 ,0.120607, 0.00404356,0.87535,0.879393
0.03,0.99 ,0.116627, 0.00404662,0.879326,0.883373
0.03,1 ,0.112784, 0.00404972,0.883166,0.887216
0.04,0 ,0.994011, 0.00385488,0.00213381,0.00598869
0.04,0.01 ,0.993958, 0.00385612,0.00218558,0.0060417
0.04,0.02 ,0.993903, 0.00385736,0.00223992,0.00609728
0.04,0.03 ,0.993844, 0.00385861,0.00229702,0.00615563
0.04,0.04 ,0.993783, 0.00385988,0.00235709,0.00621697
0.04,0.05 ,0.993718, 0.00386115,0.00242038,0.00628153
0.04,0.06 ,0.99365, 0.00386243,0.00248714,0.00634957
0.04,0.07 ,0.993579, 0.00386372,0.00255768,0.0064214
0.04,0.08 ,0.993503, 0.00386503,0.00263231,0.00649733
0.04,0.09 ,0.993422, 0.00386634,0.00271141,0.00657774
0.04,0.1 ,0.993337, 0.00386766,0.00279538,0.00666303
0.04,0.11 ,0.993246, 0.00386899,0.00288469,0.00675368
0.04,0.12 ,0.99315, 0.00387033,0.00297986,0.00685019
0.04,0.13 ,0.993047, 0.00387168,0.00308149,0.00695317
0.04,0.14 ,0.992937, 0.00387304,0.00319025,0.00706329
0.04,0.15 ,0.992819, 0.00387442,0.00330691,0.00718133
0.04,0.16 ,0.992692, 0.0038758,0.00343238,0.00730817
0.04,0.17 ,0.992555, 0.00387719,0.00356767,0.00744486
0.04,0.18 ,0.992407, 0.0038786,0.00371398,0.00759258
0.04,0.19 ,0.992247, 0.00388001,0.00387271,0.00775273
0.04,0.2 ,0.992073, 0.00388144,0.0040455,0.00792695
0.04,0.21 ,0.991883, 0.00388288,0.0042343,0.00811718
0.04,0.22 ,0.991674, 0.00388433,0.00444142,0.00832576
0.04,0.23 ,0.991445, 0.00388579,0.00466966,0.00855545
0.04,0.24 ,0.99119, 0.00388727,0.00492237,0.00880964
0.04,0.25 ,0.990908, 0.00388875,0.00520371,0.00909246
0.04,0.26 ,0.990591, 0.00389025,0.00551877,0.00940902
0.04,0.27 ,0.990234, 0.00389176,0.00587396,0.00976572
0.04,0.28 ,0.989829, 0.00389328,0.00627737,0.0101707
0.04,0.29 ,0.989366, 0.00389482,0.00673942,0.0106342
0.04,0.3 ,0.98883, 0.00389637,0.00727371,0.0111701
0.04,0.31 ,0.988204, 0.00389793,0.00789835,0.0117963
0.04,0.32 ,0.987463, 0.0038995,0.00863791,0.0125374
0.04,0.33 ,0.986572, 0.00390109,0.00952655,0.0134276
0.04,0.34 ,0.985484, 0.00390269,0.010613,0.0145157
0.04,0.35 ,0.984127, 0.00390431,0.0119692,0.0158735
0.04,0.36 ,0.98239, 0.00390594,0.0137045,0.0176104
0.04,0.37 ,0.9801, 0.00390758,0.0159927,0.0199003
0.04,0.38 ,0.976969, 0.00390924,0.0191216,0.0230308
0.04,0.39 ,0.972502, 0.00391091,0.0235872,0.0274981
0.04,0.4 ,0.965824, 0.0039126,0.0302639,0.0341765
0.04,0.41 ,0.955458, 0.0039143,0.0406277,0.044542
0.04,0.42 ,0.939414, 0.00391601,0.0566699,0.0605859
0.04,0.43 ,0.916446, 0.00391774,0.0796363,0.083554
0.04,0.44 ,0.887669, 0.00391949,0.108411,0.112331
0.04,0.45 ,0.855679, 0.00392125,0.1404,0.144321
0.04,0.46 ,0.822639, 0.00392303,0.173438,0.177361
0.04,0.47 ,0.789802, 0.00392483,0.206273,0.210198
0.04,0.48 ,0.757799, 0.00392664,0.238275,0.242201
0.04,0.49 ,0.726924, 0.00392847,0.269148,0.273076
0.04,0.5 ,0.697302, 0.00393031,0.298768,0.302698
0.04,0.51 ,0.668968, 0.00393217,0.327099,0.331032
0.04,0.52 ,0.641913, 0.00393405,0.354153,0.358087
0.04,0.53 ,0.6161, 0.00393595,0.379964,0.3839
0.04,0.54 ,0.591483, 0.00393786,0.404579,0.408517
0.04,0.55 ,0.568009, 0.0039398,0.428051,0.431991
0.04,0.56 ,0.545623, 0.00394175,0.450435,0.454377
0.04,0.57 ,0.52427, 0.00394372,0.471786,0.47573
0.04,0.58 ,0.503896, 0.00394571,0.492158,0.496104
0.04,0.59 ,0.48445, 0.00394771,0.511602,0.51555
0.04,0.6 ,0.465882, 0.00394974,0.530168,0.534118
0.04,0.61 ,0.448146, 0.00395179,0.547902,0.551854
0.04,0.62 ,0.431198, 0.00395386,0.564848,0.568802
0.04,0.63 ,0.414996, 0.00395594,0.581048,0.585004
0.04,0.64 ,0.3995, 0.00395805,0.596542,0.6005
0.04,0.65 ,0.384674, 0.00396018,0.611366,0.615326
0.04,0.66 ,0.370483, 0.00396233,0.625555,0.629517
0.04,0.67 ,0.356894, 0.0039645,0.639142,0.643106
0.04,0.68 ,0.343877, 0.0039667,0.652157,0.656123
0.04,0.69 ,0.331402, 0.00396891,0.664629,0.668598
0.04,0.7 ,0.319444, 0.00397115,0.676585,0.680556
0.04,0.71 ,0.307975, 0.00397342,0.688051,0.692025
0.04,0.72 ,0.296973, 0.0039757,0.699051,0.703027
0.04,0.73 ,0.286414, 0.00397801,0.709608,0.713586
0.04,0.74 ,0.276278, 0.00398034,0.719742,0.723722
0.04,0.75 ,0.266543, 0.0039827,0.729474,0.733457
0.04,0.76 ,0.257192, 0.00398508,0.738823,0.742808
0.04,0.77 ,0.248206, 0.00398749,0.747807,0.751794
0.04,0.78 ,0.239568, 0.00398992,0.756442,0.760432
0.04,0.79 ,0.231263, 0.00399238,0.764744,0.768737
0.04,0.8 ,0.223276, 0.00399487,0.772729,0.776724
0.04,0.81 ,0.215591, 0.00399738,0.780411,0.784409
0.04,0.82 ,0.208197, 0.00399992,0.787803,0.791803
0.04,0.83 ,0.201079, 0.00400248,0.794918,0.798921
0.04,0.84 ,0.194226, 0.00400508,0.801769,0.805774
0.04,0.85 ,0.187627, 0.0040077,0.808366,0.812373
0.04,0.86 ,0.18127, 0.00401035,0.81472,0.81873
0.04,0.87 ,0.175145, 0.00401303,0.820842,0.824855
0.04,0.88 ,0.169243, 0.00401574,0.826741,0.830757
0.04,0.89 ,0.163554, 0.00401848,0.832428,0.836446
0.04,0.9 ,0.158069, 0.00402125,0.83791,0.841931
0.04,0.91 ,0.15278, 0.00402405,0.843196,0.84722
0.04,0.92 ,0.147679, 0.00402688,0.848294,0.852321
0.04,0.93 ,0.142758, 0.00402974,0.853212,0.857242
0.04,0.94 ,0.13801, 0.00403264,0.857957,0.86199
0.04,0.95 ,0.133429, 0.00403556,0.862536,0.866571
0.04,0.96 ,0.129007, 0.00403852,0.866955,0.870993
0.04,0.97 ,0.124738, 0.00404152,0.871221,0.875262
0.04,0.98 ,0.120617, 0.00404455,0.875339,0.879383
0.04,0.99 ,0.116637, 0.00404761,0.879315,0.883363
0.04,1 ,0.112794, 0.00405071,0.883156,0.887206
0.05,0 ,0.993974, 0.00385588,0.00217034,0.00602622
0.05,0.01 ,0.993921, 0.00385712,0.00222211,0.00607922
0.05,0.02 ,0.993865, 0.00385836,0.00227644,0.0061348
0.05,0.03 ,0.993807, 0.00385961,0.00233354,0.00619315
0.05,0.04 ,0.993746, 0.00386088,0.00239361,0.00625449
0.05,0.05 ,0.993681, 0.00386215,0.0024569,0.00631904
0.05,0.06 ,0.993613, 0.00386343,0.00252366,0.00638709
0.05,0.07 ,0.993541, 0.00386472,0.00259419,0.00645891
0.05,0.08 ,0.993465, 0.00386602,0.00266882,0.00653484
0.05,0.09 ,0.993385, 0.00386733,0.00274791,0.00661525
0.05,0.1 ,0.993299, 0.00386866,0.00283188,0.00670053
0.05,0.11 ,0.993209, 0.00386999,0.00292118,0.00679117
0.05,0.12 ,0.993112, 0.00387133,0.00301635,0.00688768
0.05,0.13 ,0.993009, 0.00387268,0.00311797,0.00699065
0.05,0.14 ,0.992899, 0.00387404,0.00322672,0.00710076
0.05,0.15 ,0.992781, 0.00387541,0.00334338,0.0072188
0.05,0.16 ,0.992654, 0.0038768,0.00346884,0.00734563
0.05,0.17 ,0.992518, 0.00387819,0.00360412,0.00748231
0.05,0.18 ,0.99237, 0.0038796,0.00375042,0.00763002
0.05,0.19 ,0.99221, 0.00388101,0.00390914,0.00779015
0.05,0.2 ,0.992036, 0.00388244,0.00408192,0.00796436
0.05,0.21 ,0.991845, 0.00388388,0.0042707,0.00815458
0.05,0.22 ,0.991637, 0.00388533,0.0044778,0.00836313
0.05,0.23 ,0.991407, 0.00388679,0.00470601,0.0085928
0.05,0.24 ,0.991153, 0.00388827,0.0049587,0.00884696
0.05,0.25 ,0.99087, 0.00388975,0.00524,0.00912975
0.05,0.26 ,0.990554, 0.00389125,0.00555502,0.00944627
0.05,0.27 ,0.990197, 0.00389276,0.00591016,0.00980292
0.05,0.28 ,0.989792, 0.00389428,0.00631351,0.0102078
0.05,0.29 ,0.989329, 0.00389582,0.00677548,0.0106713
0.05,0.3 ,0.988793, 0.00389737,0.00730968,0.011207
0.05,0.31 ,0.988167, 0.00389893,0.00793419,0.0118331
0.05,0.32 ,0.987426, 0.0039005,0.00867359,0.0125741
0.05,0.33 ,0.986536, 0.00390209,0.009562,0.0134641
0.05,0.34 ,0.985448, 0.00390369,0.0106482,0.0145519
0.05,0.35 ,0.984091, 0.00390531,0.0120039,0.0159092
0.05,0.36 ,0.982355, 0.00390694,0.0137386,0.0176455
0.05,0.37 ,0.980066, 0.00390858,0.0160258,0.0199344
0.05,0.38 ,0.976937, 0.00391024,0.0191531,0.0230634
0.05,0.39 ,0.972472, 0.00391191,0.0236162,0.0275281
0.05,0.4 ,0.965798, 0.00391359,0.0302885,0.0342021
0.05,0.41 ,0.95544, 0.00391529,0.0406448,0.04456
0.05,0.42 ,0.939407, 0.00391701,0.0566755,0.0605926
0.05,0.43 ,0.916452, 0.00391874,0.0796294,0.0835481
0.05,0.44 ,0.887685, 0.00392049,0.108395,0.112315
0.05,0.45 ,0.8557, 0.00392225,0.140377,0.1443
0.05,0.46 ,0.822664, 0.00392403,0.173412,0.177336
0.05,0.47 ,0.789829, 0.00392583,0.206245,0.210171
0.05,0.48 ,0.757826, 0.00392764,0.238246,0.242174
0.05,0.49 ,0.726952, 0.00392946,0.269119,0.273048
0.05,0.5 ,0.69733, 0.00393131,0.298739,0.30267
0.05,0.51 ,0.668996, 0.00393317,0.327071,0.331004
0.05,0.52 ,0.64194, 0.00393505,0.354125,0.35806
0.05,0.53 ,0.616127, 0.00393695,0.379936,0.383873
0.05,0.54 ,0.591509, 0.00393886,0.404552,0.408491
0.05,0.55 ,0.568035, 0.00394079,0.428024,0.431965
0.05,0.56 ,0.545648, 0.00394274,0.450409,0.454352
0.05,0.57 ,0.524295, 0.00394471,0.471761,0.475705
0.05,0.58 ,0.50392, 0.0039467,0.492133,0.49608
0.05,0.59 ,0.484474, 0.00394871,0.511578,0.515526
0.05,0.6 ,0.465905, 0.00395074,0.530144,0.534095
0.05,0.61 ,0.448169, 0.00395278,0.547878,0.551831
0.05,0.62 ,0.43122, 0.00395485,0.564825,0.56878
0.05,0.63 ,0.415017, 0.00395694,0.581026,0.584983
0.05,0.64 ,0.399521, 0.00395905,0.59652,0.600479
0.05,0.65 ,0.384694, 0.00396118,0.611344,0.615306
0.05,0.66 ,0.370503, 0.00396333,0.625534,0.629497
0.05,0.67 ,0.356914, 0.0039655,0.639121,0.643086
0.05,0.68 ,0.343896, 0.00396769,0.652136,0.656104
0.05,0.69 ,0.331421, 0.00396991,0.664609,0.668579
0.05,0.7 ,0.319462, 0.00397215,0.676566,0.680538
0.05,0.71 ,0.307993, 0.00397441,0.688032,0.692007
0.05,0.72 ,0.296991, 0.0039767,0.699033,0.703009
0.05,0.73 ,0.286432, 0.003979,0.709589,0.713568
0.05,0.74 ,0.276295, 0.00398134,0.719724,0.723705
0.05,0.75 ,0.26656, 0.0039837,0.729457,0.73344
0.05,0.76 ,0.257208, 0.00398608,0.738806,0.742792
0.05,0.77 ,0.248222, 0.00398848,0.74779,0.751778
0.05,0.78 ,0.239584, 0.00399092,0.756425,0.760416
0.05,0.79 ,0.231279, 0.00399338,0.764728,0.768721
0.05,0.8 ,0.223291, 0.00399586,0.772713,0.776709
0.05,0.81 ,0.215606, 0.00399837,0.780396,0.784394
0.05,0.82 ,0.208211, 0.00400091,0.787788,0.791789
0.05,0.83 ,0.201093, 0.00400348,0.794903,0.798907
0.05,0.84 ,0.19424, 0.00400607,0.801754,0.80576
0.05,0.85 ,0.18764, 0.00400869,0.808351,0.81236
0.05,0.86 ,0.181283, 0.00401134,0.814706,0.818717
0.05,0.87 ,0.175158, 0.00401402,0.820828,0.824842
0.05,0.88 ,0.169255, 0.00401673,0.826728,0.830745
0.05,0.89 ,0.163566, 0.00401947,0.832415,0.836434
0.05,0.9 ,0.158081, 0.00402224,0.837897,0.841919
0.05,0.91 ,0.152792, 0.00402504,0.843183,0.847208
0.05,0.92 ,0.14769, 0.00402787,0.848282,0.85231
0.05,0.93 ,0.142769, 0.00403073,0.8532,0.857231
0.05,0.94 ,0.138021, 0.00403363,0.857945,0.861979
0.05,0.95 ,0.133439, 0.00403656,0.862524,0.866561
0.05,0.96 ,0.129017, 0.00403952,0.866943,0.870983
0.05,0.97 ,0.124748, 0.00404251,0.871209,0.875252
0.05,0.98 ,0.120627, 0.00404554,0.875328,0.879373
0.05,0.99 ,0.116647, 0.0040486,0.879304,0.883353
0.05,1 ,0.112803, 0.0040517,0.883145,0.887197
0.06,0 ,0.993935, 0.00385689,0.00220824,0.00606513
0.06,0.01 ,0.993882, 0.00385812,0.00226001,0.00611813
0.06,0.02 ,0.993826, 0.00385937,0.00231434,0.00617371
0.06,0.03 ,0.993768, 0.00386062,0.00237143,0.00623205
0.06,0.04 ,0.993707, 0.00386188,0.0024315,0.00629338
0.06,0.05 ,0.993642, 0.00386316,0.00249478,0.00635794
0.06,0.06 ,0.993574, 0.00386444,0.00256154,0.00642598
0.06,0.07 ,0.993502, 0.00386573,0.00263207,0.0064978
0.06,0.08 ,0.993426, 0.00386703,0.00270669,0.00657372
0.06,0.09 ,0.993346, 0.00386834,0.00278578,0.00665412
0.06,0.1 ,0.993261, 0.00386966,0.00286975,0.00673941
0.06,0.11 ,0.99317, 0.00387099,0.00295905,0.00683004
0.06,0.12 ,0.993073, 0.00387233,0.00305421,0.00692654
0.06,0.13 ,0.99297, 0.00387369,0.00315582,0.00702951
0.06,0.14 ,0.99286, 0.00387505,0.00326457,0.00713962
0.06,0.15 ,0.992742, 0.00387642,0.00338122,0.00725764
0.06,0.16 ,0.992616, 0.0038778,0.00350667,0.00738447
0.06,0.17 ,0.992479, 0.0038792,0.00364194,0.00752113
0.06,0.18 ,0.992331, 0.0038806,0.00378823,0.00766883
0.06,0.19 ,0.992171, 0.00388202,0.00394693,0.00782895
0.06,0.2 ,0.991997, 0.00388345,0.0041197,0.00800314
0.06,0.21 ,0.991807, 0.00388488,0.00430846,0.00819334
0.06,0.22 ,0.991598, 0.00388633,0.00451554,0.00840188
0.06,0.23 ,0.991368, 0.0038878,0.00474372,0.00863152
0.06,0.24 ,0.991114, 0.00388927,0.00499638,0.00888565
0.06,0.25 ,0.990832, 0.00389076,0.00527765,0.00916841
0.06,0.26 ,0.990515, 0.00389225,0.00559263,0.00948489
0.06,0.27 ,0.990159, 0.00389377,0.00594772,0.00984148
0.06,0.28 ,0.989754, 0.00389529,0.006351,0.0102463
0.06,0.29 ,0.98929, 0.00389682,0.0068129,0.0107097
0.06,0.3 ,0.988755, 0.00389837,0.00734699,0.0112454
0.06,0.31 ,0.988129, 0.00389993,0.00797138,0.0118713
0.06,0.32 ,0.987388, 0.00390151,0.0087106,0.0126121
0.06,0.33 ,0.986498, 0.0039031,0.00959879,0.0135019
0.06,0.34 ,0.985411, 0.0039047,0.0106847,0.0145893
0.06,0.35 ,0.984054, 0.00390631,0.0120399,0.0159462
0.06,0.36 ,0.982318, 0.00390794,0.0137739,0.0176819
0.06,0.37 ,0.98003, 0.00390958,0.0160602,0.0199698
0.06,0.38 ,0.976903, 0.00391124,0.0191859,0.0230972
0.06,0.39 ,0.972441, 0.00391291,0.0236463,0.0275592
0.06,0.4 ,0.965771, 0.0039146,0.030314,0.0342286
0.06,0.41 ,0.955421, 0.0039163,0.0406625,0.0445788
0.06,0.42 ,0.9394, 0.00391801,0.0566815,0.0605995
0.06,0.43 ,0.916458, 0.00391975,0.0796223,0.083542
0.06,0.44 ,0.887701, 0.00392149,0.108377,0.112299
0.06,0.45 ,0.855723, 0.00392326,0.140354,0.144277
0.06,0.46 ,0.82269, 0.00392503,0.173385,0.17731
0.06,0.47 ,0.789856, 0.00392683,0.206217,0.210144
0.06,0.48 ,0.757854, 0.00392864,0.238217,0.242146
0.06,0.49 ,0.72698, 0.00393047,0.269089,0.27302
0.06,0.5 ,0.697358, 0.00393231,0.29871,0.302642
0.06,0.51 ,0.669024, 0.00393417,0.327042,0.330976
0.06,0.52 ,0.641968, 0.00393605,0.354096,0.358032
0.06,0.53 ,0.616154, 0.00393795,0.379908,0.383846
0.06,0.54 ,0.591536, 0.00393986,0.404524,0.408464
0.06,0.55 ,0.568061, 0.0039418,0.427997,0.431939
0.06,0.56 ,0.545674, 0.00394375,0.450382,0.454326
0.06,0.57 ,0.52432, 0.00394572,0.471734,0.47568
0.06,0.58 ,0.503945, 0.00394771,0.492107,0.496055
0.06,0.59 ,0.484498, 0.00394971,0.511552,0.515502
0.06,0.6 ,0.465929, 0.00395174,0.530119,0.534071
0.06,0.61 ,0.448192, 0.00395379,0.547854,0.551808
0.06,0.62 ,0.431243, 0.00395585,0.564801,0.568757
0.06,0.63 ,0.41504, 0.00395794,0.581002,0.58496
0.06,0.64 ,0.399543, 0.00396005,0.596497,0.600457
0.06,0.65 ,0.384716, 0.00396218,0.611322,0.615284
0.06,0.66 ,0.370524, 0.00396433,0.625512,0.629476
0.06,0.67 ,0.356934, 0.0039665,0.639099,0.643066
0.06,0.68 ,0.343916, 0.0039687,0.652115,0.656084
0.06,0.69 ,0.331441, 0.00397091,0.664588,0.668559
0.06,0.7 ,0.319482, 0.00397315,0.676545,0.680518
0.06,0.71 ,0.308012, 0.00397541,0.688012,0.691988
0.06,0.72 ,0.297009, 0.0039777,0.699013,0.702991
0.06,0.73 ,0.28645, 0.00398001,0.70957,0.71355
0.06,0.74 ,0.276312, 0.00398234,0.719705,0.723688
0.06,0.75 ,0.266577, 0.0039847,0.729438,0.733423
0.06,0.76 ,0.257225, 0.00398708,0.738788,0.742775
0.06,0.77 ,0.248238, 0.00398949,0.747772,0.751762
0.06,0.78 ,0.2396, 0.00399192,0.756408,0.7604
0.06,0.79 ,0.231294, 0.00399438,0.764711,0.768706
0.06,0.8 ,0.223306, 0.00399686,0.772697,0.776694
0.06,0.81 ,0.215621, 0.00399937,0.780379,0.784379
0.06,0.82 ,0.208226, 0.00400191,0.787772,0.791774
0.06,0.83 ,0.201108, 0.00400448,0.794888,0.798892
0.06,0.84 ,0.194254, 0.00400707,0.801739,0.805746
0.06,0.85 ,0.187654, 0.00400969,0.808336,0.812346
0.06,0.86 ,0.181297, 0.00401234,0.814691,0.818703
0.06,0.87 ,0.175171, 0.00401502,0.820814,0.824829
0.06,0.88 ,0.169268, 0.00401773,0.826714,0.830732
0.06,0.89 ,0.163579, 0.00402047,0.832401,0.836421
0.06,0.9 ,0.158093, 0.00402324,0.837883,0.841907
0.06,0.91 ,0.152804, 0.00402604,0.84317,0.847196
0.06,0.92 ,0.147702, 0.00402887,0.848269,0.852298
0.06,0.93 ,0.142781, 0.00403173,0.853187,0.857219
0.06,0.94 ,0.138033, 0.00403463,0.857933,0.861967
0.06,0.95 ,0.133451, 0.00403755,0.862512,0.866549
0.06,0.96 ,0.129028, 0.00404051,0.866931,0.870972
0.06,0.97 ,0.124759, 0.00404351,0.871197,0.875241
0.06,0.98 ,0.120637, 0.00404654,0.875316,0.879363
0.06,0.99 ,0.116657, 0.0040496,0.879293,0.883343
0.06,1 ,0.112814, 0.00405269,0.883134,0.887186
0.07,0 ,0.993895, 0.0038579,0.00224759,0.00610549
0.07,0.01 ,0.993842, 0.00385913,0.00229935,0.00615849
0.07,0.02 ,0.993786, 0.00386038,0.00235368,0.00621406
0.07,0.03 ,0.993728, 0.00386163,0.00241077,0.00627241
0.07,0.04 ,0.993666, 0.0038629,0.00247084,0.00633373
0.07,0.05 ,0.993602, 0.00386417,0.00253412,0.00639829
0.07,0.06 ,0.993534, 0.00386545,0.00260087,0.00646632
0.07,0.07 ,0.993462, 0.00386674,0.0026714,0.00653814
0.07,0.08 ,0.993386, 0.00386804,0.00274602,0.00661406
0.07,0.09 ,0.993306, 0.00386935,0.0028251,0.00669446
0.07,0.1 ,0.99322, 0.00387067,0.00290906,0.00677974
0.07,0.11 ,0.99313, 0.00387201,0.00299836,0.00687036
0.07,0.12 ,0.993033, 0.00387335,0.00309351,0.00696686
0.07,0.13 ,0.99293, 0.0038747,0.00319512,0.00706982
0.07,0.14 ,0.99282, 0.00387606,0.00330386,0.00717992
0.07,0.15 ,0.992702, 0.00387743,0.0034205,0.00729793
0.07,0.16 ,0.992575, 0.00387882,0.00354594,0.00742475
0.07,0.17 ,0.992439, 0.00388021,0.0036812,0.00756141
0.07,0.18 ,0.992291, 0.00388161,0.00382748,0.00770909
0.07,0.19 ,0.992131, 0.00388303,0.00398617,0.0078692
0.07,0.2 ,0.991957, 0.00388446,0.00415892,0.00804338
0.07,0.21 ,0.991766, 0.0038859,0.00434766,0.00823356
0.07,0.22 ,0.991558, 0.00388735,0.00455472,0.00844207
0.07,0.23 ,0.991328, 0.00388881,0.00478288,0.00867169
0.07,0.24 ,0.991074, 0.00389028,0.00503551,0.00892579
0.07,0.25 ,0.990791, 0.00389177,0.00531674,0.00920851
0.07,0.26 ,0.990475, 0.00389327,0.00563168,0.00952495
0.07,0.27 ,0.990119, 0.00389478,0.00598671,0.00988149
0.07,0.28 ,0.989714, 0.0038963,0.00638993,0.0102862
0.07,0.29 ,0.98925, 0.00389784,0.00685174,0.0107496
0.07,0.3 ,0.988715, 0.00389938,0.00738574,0.0112851
0.07,0.31 ,0.988089, 0.00390094,0.00800999,0.0119109
0.07,0.32 ,0.987348, 0.00390252,0.00874904,0.0126516
0.07,0.33 ,0.986459, 0.00390411,0.00963699,0.0135411
0.07,0.34 ,0.985372, 0.00390571,0.0107225,0.0146282
0.07,0.35 ,0.984015, 0.00390732,0.0120773,0.0159846
0.07,0.36 ,0.98228, 0.00390895,0.0138107,0.0177196
0.07,0.37 ,0.979994, 0.00391059,0.0160959,0.0200065
0.07,0.38 ,0.976868, 0.00391225,0.01922,0.0231322
0.07,0.39 ,0.972408, 0.00391392,0.0236776,0.0275916
0.07,0.4 ,0.965744, 0.00391561,0.0303406,0.0342562
0.07,0.41 ,0.955402, 0.00391731,0.0406809,0.0445982
0.07,0.42 ,0.939393, 0.00391903,0.0566878,0.0606069
0.07,0.43 ,0.916464, 0.00392076,0.079615,0.0835357
0.07,0.44 ,0.887718, 0.0039225,0.108359,0.112282
0.07,0.45 ,0.855746, 0.00392427,0.140329,0.144254
0.07,0.46 ,0.822717, 0.00392605,0.173357,0.177283
0.07,0.47 ,0.789885, 0.00392784,0.206187,0.210115
0.07,0.48 ,0.757884, 0.00392965,0.238187,0.242116
0.07,0.49 ,0.72701, 0.00393148,0.269059,0.27299
0.07,0.5 ,0.697388, 0.00393332,0.298679,0.302612
0.07,0.51 ,0.669053, 0.00393518,0.327011,0.330947
0.07,0.52 ,0.641997, 0.00393706,0.354066,0.358003
0.07,0.53 ,0.616183, 0.00393896,0.379878,0.383817
0.07,0.54 ,0.591564, 0.00394087,0.404495,0.408436
0.07,0.55 ,0.568089, 0.00394281,0.427968,0.431911
0.07,0.56 ,0.545701, 0.00394476,0.450354,0.454299
0.07,0.57 ,0.524346, 0.00394673,0.471707,0.475654
0.07,0.58 ,0.503971, 0.00394872,0.49208,0.496029
0.07,0.59 ,0.484523, 0.00395072,0.511526,0.515477
0.07,0.6 ,0.465954, 0.00395275,0.530093,0.534046
0.07,0.61 ,0.448217, 0.0039548,0.547828,0.551783
0.07,0.62 ,0.431267, 0.00395686,0.564776,0.568733
0.07,0.63 ,0.415063, 0.00395895,0.580978,0.584937
0.07,0.64 ,0.399566, 0.00396106,0.596473,0.600434
0.07,0.65 ,0.384738, 0.00396319,0.611299,0.615262
0.07,0.66 ,0.370546, 0.00396534,0.625489,0.629454
0.07,0.67 ,0.356955, 0.00396751,0.639077,0.643045
