Betapv,Betamv,V,Rs,Rv,P
0,0 ,0.869656, 0.128344,0.002,0.130344
0,0.01 ,0.867333, 0.129361,0.0033058,0.132667
0,0.02 ,0.864904, 0.130399,0.0046972,0.135096
0,0.03 ,0.862362, 0.131458,0.00618004,0.137638
0,0.04 ,0.859699, 0.13254,0.0077606,0.140301
0,0.05 ,0.85691, 0.133645,0.0094456,0.14309
0,0.06 ,0.853986, 0.134772,0.0112422,0.146014
0,0.07 ,0.85092, 0.135922,0.0131582,0.14908
0,0.08 ,0.847703, 0.137095,0.0152017,0.152297
0,0.09 ,0.844326, 0.138293,0.0173816,0.155674
0,0.1 ,0.840779, 0.139513,0.0197073,0.159221
0,0.11 ,0.837053, 0.140758,0.0221886,0.162947
0,0.12 ,0.833136, 0.142027,0.0248364,0.166864
0,0.13 ,0.829018, 0.14332,0.0276618,0.170982
0,0.14 ,0.824686, 0.144637,0.0306768,0.175314
0,0.15 ,0.820128, 0.145978,0.033894,0.179872
0,0.16 ,0.81533, 0.147344,0.0373267,0.18467
0,0.17 ,0.810279, 0.148733,0.0409887,0.189721
0,0.18 ,0.80496, 0.150145,0.0448947,0.19504
0,0.19 ,0.79936, 0.151581,0.0490595,0.20064
0,0.2 ,0.793462, 0.153039,0.0534987,0.206538
0,0.21 ,0.787252, 0.15452,0.0582281,0.212748
0,0.22 ,0.780715, 0.156022,0.0632636,0.219285
0,0.23 ,0.773834, 0.157545,0.0686211,0.226166
0,0.24 ,0.766596, 0.159088,0.0743163,0.233404
0,0.25 ,0.758985, 0.16065,0.0803643,0.241015
0,0.26 ,0.75099, 0.162231,0.0867793,0.24901
0,0.27 ,0.742597, 0.163828,0.0935743,0.257403
0,0.28 ,0.733798, 0.165442,0.10076,0.266202
0,0.29 ,0.724584, 0.167069,0.108346,0.275416
0,0.3 ,0.714951, 0.16871,0.116339,0.285049
0,0.31 ,0.704897, 0.170362,0.124741,0.295103
0,0.32 ,0.694424, 0.172024,0.133552,0.305576
0,0.33 ,0.683539, 0.173695,0.142767,0.316461
0,0.34 ,0.672252, 0.175372,0.152376,0.327748
0,0.35 ,0.660579, 0.177054,0.162367,0.339421
0,0.36 ,0.648541, 0.178739,0.17272,0.351459
0,0.37 ,0.636163, 0.180426,0.183411,0.363837
0,0.38 ,0.623475, 0.182113,0.194412,0.376525
0,0.39 ,0.610511, 0.183798,0.205691,0.389489
0,0.4 ,0.597309, 0.185479,0.217212,0.402691
0,0.41 ,0.583908, 0.187155,0.228936,0.416092
0,0.42 ,0.570352, 0.188825,0.240823,0.429648
0,0.43 ,0.556683, 0.190488,0.252829,0.443317
0,0.44 ,0.542945, 0.19214,0.264914,0.457055
0,0.45 ,0.529182, 0.193783,0.277035,0.470818
0,0.46 ,0.515434, 0.195414,0.289151,0.484566
0,0.47 ,0.501742, 0.197033,0.301225,0.498258
0,0.48 ,0.488142, 0.198638,0.31322,0.511858
0,0.49 ,0.474668, 0.200229,0.325103,0.525332
0,0.5 ,0.461351, 0.201805,0.336844,0.538649
0,0.51 ,0.448218, 0.203366,0.348416,0.551782
0,0.52 ,0.435293, 0.204911,0.359796,0.564707
0,0.53 ,0.422597, 0.206439,0.370964,0.577403
0,0.54 ,0.410147, 0.207951,0.381903,0.589853
0,0.55 ,0.397956, 0.209446,0.392598,0.602044
0,0.56 ,0.386037, 0.210923,0.40304,0.613963
0,0.57 ,0.374398, 0.212383,0.413219,0.625602
0,0.58 ,0.363045, 0.213826,0.423128,0.636955
0,0.59 ,0.351983, 0.215252,0.432765,0.648017
0,0.6 ,0.341214, 0.21666,0.442126,0.658786
0,0.61 ,0.330739, 0.218051,0.45121,0.669261
0,0.62 ,0.320556, 0.219425,0.460019,0.679444
0,0.63 ,0.310665, 0.220782,0.468553,0.689335
0,0.64 ,0.301062, 0.222122,0.476816,0.698938
0,0.65 ,0.291744, 0.223445,0.484811,0.708256
0,0.66 ,0.282705, 0.224751,0.492543,0.717295
0,0.67 ,0.273942, 0.226042,0.500017,0.726058
0,0.68 ,0.265447, 0.227316,0.507237,0.734553
0,0.69 ,0.257216, 0.228574,0.51421,0.742784
0,0.7 ,0.249242, 0.229816,0.520942,0.750758
0,0.71 ,0.241518, 0.231044,0.527439,0.758482
0,0.72 ,0.234038, 0.232256,0.533706,0.765962
0,0.73 ,0.226796, 0.233453,0.539752,0.773204
0,0.74 ,0.219784, 0.234635,0.545581,0.780216
0,0.75 ,0.212996, 0.235803,0.551201,0.787004
0,0.76 ,0.206425, 0.236957,0.556617,0.793575
0,0.77 ,0.200065, 0.238098,0.561837,0.799935
0,0.78 ,0.193909, 0.239224,0.566867,0.806091
0,0.79 ,0.187951, 0.240337,0.571712,0.812049
0,0.8 ,0.182184, 0.241438,0.576378,0.817816
0,0.81 ,0.176602, 0.242525,0.580873,0.823398
0,0.82 ,0.1712, 0.2436,0.5852,0.8288
0,0.83 ,0.165971, 0.244662,0.589367,0.834029
0,0.84 ,0.16091, 0.245712,0.593378,0.83909
0,0.85 ,0.156011, 0.246751,0.597239,0.843989
0,0.86 ,0.151268, 0.247778,0.600954,0.848732
0,0.87 ,0.146677, 0.248793,0.60453,0.853323
0,0.88 ,0.142233, 0.249797,0.60797,0.857767
0,0.89 ,0.13793, 0.25079,0.61128,0.86207
0,0.9 ,0.133764, 0.251773,0.614463,0.866236
0,0.91 ,0.12973, 0.252744,0.617525,0.87027
0,0.92 ,0.125824, 0.253706,0.62047,0.874176
0,0.93 ,0.122042, 0.254657,0.623301,0.877958
0,0.94 ,0.118379, 0.255598,0.626023,0.881621
0,0.95 ,0.114831, 0.25653,0.628639,0.885169
0,0.96 ,0.111394, 0.257452,0.631154,0.888606
0,0.97 ,0.108065, 0.258364,0.63357,0.891935
0,0.98 ,0.104841, 0.259268,0.635891,0.895159
0,0.99 ,0.101717, 0.260162,0.638121,0.898283
0,1 ,0.0986903, 0.261047,0.640262,0.90131
0.01,0 ,0.868764, 0.128749,0.00248696,0.131236
0.01,0.01 ,0.866448, 0.129762,0.00378976,0.133552
0.01,0.02 ,0.864026, 0.130796,0.00517792,0.135974
0.01,0.03 ,0.861491, 0.131852,0.00665726,0.138509
0.01,0.04 ,0.858836, 0.13293,0.00823404,0.141164
0.01,0.05 ,0.856055, 0.13403,0.00991494,0.143945
0.01,0.06 ,0.853139, 0.135154,0.0117071,0.146861
0.01,0.07 ,0.850082, 0.1363,0.0136183,0.149918
0.01,0.08 ,0.846874, 0.137469,0.0156566,0.153126
0.01,0.09 ,0.843507, 0.138662,0.0178308,0.156493
0.01,0.1 ,0.839971, 0.139878,0.0201503,0.160029
0.01,0.11 ,0.836256, 0.141119,0.0226251,0.163744
0.01,0.12 ,0.832351, 0.142383,0.0252656,0.167649
0.01,0.13 ,0.828246, 0.143671,0.0280831,0.171754
0.01,0.14 ,0.823927, 0.144984,0.0310897,0.176073
0.01,0.15 ,0.819382, 0.14632,0.0342977,0.180618
0.01,0.16 ,0.814599, 0.14768,0.0377204,0.185401
0.01,0.17 ,0.809564, 0.149064,0.0413717,0.190436
0.01,0.18 ,0.804262, 0.150472,0.045266,0.195738
0.01,0.19 ,0.798679, 0.151902,0.0494183,0.201321
0.01,0.2 ,0.7928, 0.153356,0.0538439,0.2072
0.01,0.21 ,0.78661, 0.154831,0.0585587,0.21339
0.01,0.22 ,0.780093, 0.156328,0.0635785,0.219907
0.01,0.23 ,0.773235, 0.157846,0.0689191,0.226765
0.01,0.24 ,0.76602, 0.159384,0.0745963,0.23398
0.01,0.25 ,0.758434, 0.160941,0.0806251,0.241566
0.01,0.26 ,0.750464, 0.162516,0.0870196,0.249536
0.01,0.27 ,0.742099, 0.164108,0.0937928,0.257901
0.01,0.28 ,0.733328, 0.165716,0.100956,0.266672
0.01,0.29 ,0.724143, 0.167339,0.108518,0.275857
0.01,0.3 ,0.714541, 0.168974,0.116485,0.285459
0.01,0.31 ,0.704518, 0.170621,0.124861,0.295482
0.01,0.32 ,0.694077, 0.172278,0.133645,0.305923
0.01,0.33 ,0.683225, 0.173943,0.142832,0.316775
0.01,0.34 ,0.671971, 0.175616,0.152413,0.328029
0.01,0.35 ,0.660332, 0.177293,0.162375,0.339668
0.01,0.36 ,0.648328, 0.178973,0.172699,0.351672
0.01,0.37 ,0.635984, 0.180655,0.183361,0.364016
0.01,0.38 ,0.623329, 0.182337,0.194334,0.376671
0.01,0.39 ,0.610397, 0.184018,0.205585,0.389603
0.01,0.4 ,0.597226, 0.185695,0.217079,0.402774
0.01,0.41 ,0.583856, 0.187367,0.228777,0.416144
0.01,0.42 ,0.570328, 0.189033,0.240639,0.429672
0.01,0.43 ,0.556687, 0.190691,0.252622,0.443313
0.01,0.44 ,0.542975, 0.19234,0.264685,0.457025
0.01,0.45 ,0.529236, 0.193978,0.276785,0.470764
0.01,0.46 ,0.515511, 0.195606,0.288883,0.484489
0.01,0.47 ,0.501839, 0.197221,0.30094,0.498161
0.01,0.48 ,0.488258, 0.198822,0.31292,0.511742
0.01,0.49 ,0.474801, 0.20041,0.324789,0.525199
0.01,0.5 ,0.461499, 0.201983,0.336518,0.538501
0.01,0.51 ,0.448379, 0.203541,0.34808,0.551621
0.01,0.52 ,0.435466, 0.205082,0.359452,0.564534
0.01,0.53 ,0.42278, 0.206608,0.370612,0.57722
0.01,0.54 ,0.410339, 0.208117,0.381545,0.589661
0.01,0.55 ,0.398156, 0.209609,0.392236,0.601844
0.01,0.56 ,0.386243, 0.211084,0.402674,0.613757
0.01,0.57 ,0.374609, 0.212541,0.41285,0.625391
0.01,0.58 ,0.363261, 0.213982,0.422758,0.636739
0.01,0.59 ,0.352202, 0.215405,0.432393,0.647798
0.01,0.6 ,0.341435, 0.216811,0.441754,0.658565
0.01,0.61 ,0.330962, 0.2182,0.450838,0.669038
0.01,0.62 ,0.320781, 0.219571,0.459648,0.679219
0.01,0.63 ,0.31089, 0.220926,0.468184,0.68911
0.01,0.64 ,0.301287, 0.222264,0.476449,0.698713
0.01,0.65 ,0.291968, 0.223585,0.484447,0.708032
0.01,0.66 ,0.282929, 0.224889,0.492182,0.717071
0.01,0.67 ,0.274164, 0.226178,0.499658,0.725836
0.01,0.68 ,0.265668, 0.22745,0.506882,0.734332
0.01,0.69 ,0.257435, 0.228706,0.513859,0.742565
0.01,0.7 ,0.249458, 0.229947,0.520595,0.750542
0.01,0.71 ,0.241732, 0.231172,0.527095,0.758268
0.01,0.72 ,0.23425, 0.232383,0.533367,0.76575
0.01,0.73 ,0.227005, 0.233578,0.539417,0.772995
0.01,0.74 ,0.21999, 0.234759,0.54525,0.78001
0.01,0.75 ,0.2132, 0.235926,0.550875,0.7868
0.01,0.76 ,0.206626, 0.237078,0.556296,0.793374
0.01,0.77 ,0.200263, 0.238217,0.56152,0.799737
0.01,0.78 ,0.194104, 0.239342,0.566554,0.805896
0.01,0.79 ,0.188142, 0.240454,0.571404,0.811858
0.01,0.8 ,0.182372, 0.241553,0.576075,0.817628
0.01,0.81 ,0.176787, 0.242639,0.580574,0.823213
0.01,0.82 ,0.171381, 0.243712,0.584906,0.828619
0.01,0.83 ,0.166149, 0.244773,0.589077,0.833851
0.01,0.84 ,0.161085, 0.245822,0.593093,0.838915
0.01,0.85 ,0.156182, 0.246859,0.596958,0.843818
0.01,0.86 ,0.151437, 0.247885,0.600678,0.848563
0.01,0.87 ,0.146842, 0.248899,0.604258,0.853158
0.01,0.88 ,0.142395, 0.249902,0.607703,0.857605
0.01,0.89 ,0.138089, 0.250894,0.611017,0.861911
0.01,0.9 ,0.13392, 0.251875,0.614205,0.86608
0.01,0.91 ,0.129883, 0.252846,0.617271,0.870117
0.01,0.92 ,0.125974, 0.253807,0.62022,0.874026
0.01,0.93 ,0.122188, 0.254757,0.623055,0.877812
0.01,0.94 ,0.118522, 0.255697,0.625781,0.881478
0.01,0.95 ,0.114971, 0.256628,0.628402,0.885029
0.01,0.96 ,0.111531, 0.257549,0.63092,0.888469
0.01,0.97 ,0.1082, 0.25846,0.63334,0.8918
0.01,0.98 ,0.104972, 0.259363,0.635665,0.895028
0.01,0.99 ,0.101846, 0.260256,0.637899,0.898154
0.01,1 ,0.0988161, 0.26114,0.640044,0.901184
0.02,0 ,0.86784, 0.129162,0.00299753,0.13216
0.02,0.01 ,0.865531, 0.130172,0.00429721,0.134469
0.02,0.02 ,0.863116, 0.131202,0.005682,0.136884
0.02,0.03 ,0.860588, 0.132254,0.0071577,0.139412
0.02,0.04 ,0.857941, 0.133328,0.00873054,0.142059
0.02,0.05 ,0.855168, 0.134424,0.0104072,0.144832
0.02,0.06 ,0.852262, 0.135543,0.0121948,0.147738
0.02,0.07 ,0.849214, 0.136685,0.0141009,0.150786
0.02,0.08 ,0.846016, 0.13785,0.0161339,0.153984
0.02,0.09 ,0.842659, 0.139039,0.0183023,0.157341
0.02,0.1 ,0.839134, 0.140251,0.0206154,0.160866
0.02,0.11 ,0.83543, 0.141486,0.0230833,0.16457
0.02,0.12 ,0.831538, 0.142746,0.0257164,0.168462
0.02,0.13 ,0.827445, 0.14403,0.0285259,0.172555
0.02,0.14 ,0.823139, 0.145337,0.0315237,0.176861
0.02,0.15 ,0.818609, 0.146669,0.0347222,0.181391
0.02,0.16 ,0.813841, 0.148024,0.0381347,0.186159
0.02,0.17 ,0.808822, 0.149403,0.041775,0.191178
0.02,0.18 ,0.803537, 0.150805,0.0456573,0.196463
0.02,0.19 ,0.797973, 0.152231,0.0497966,0.202027
0.02,0.2 ,0.792113, 0.153679,0.0542083,0.207887
0.02,0.21 ,0.785943, 0.155149,0.0589081,0.214057
0.02,0.22 ,0.779448, 0.156641,0.0639117,0.220552
0.02,0.23 ,0.772612, 0.158153,0.0692351,0.227388
0.02,0.24 ,0.765421, 0.159686,0.0748938,0.234579
0.02,0.25 ,0.75786, 0.161237,0.0809028,0.24214
0.02,0.26 ,0.749917, 0.162807,0.0872763,0.250083
0.02,0.27 ,0.741579, 0.164394,0.0940272,0.258421
0.02,0.28 ,0.732837, 0.165996,0.101167,0.267163
0.02,0.29 ,0.723683, 0.167613,0.108704,0.276317
0.02,0.3 ,0.714111, 0.169243,0.116645,0.285889
0.02,0.31 ,0.704121, 0.170885,0.124994,0.295879
0.02,0.32 ,0.693713, 0.172537,0.13375,0.306287
0.02,0.33 ,0.682894, 0.174197,0.142909,0.317106
0.02,0.34 ,0.671675, 0.175864,0.152461,0.328325
0.02,0.35 ,0.660071, 0.177536,0.162393,0.339929
0.02,0.36 ,0.648101, 0.179212,0.172687,0.351899
0.02,0.37 ,0.635791, 0.180889,0.18332,0.364209
0.02,0.38 ,0.623171, 0.182566,0.194263,0.376829
0.02,0.39 ,0.610272, 0.184242,0.205486,0.389728
0.02,0.4 ,0.597134, 0.185914,0.216952,0.402866
0.02,0.41 ,0.583795, 0.187582,0.228623,0.416205
0.02,0.42 ,0.570298, 0.189244,0.240459,0.429702
0.02,0.43 ,0.556685, 0.190898,0.252418,0.443315
0.02,0.44 ,0.543, 0.192542,0.264458,0.457
0.02,0.45 ,0.529285, 0.194177,0.276538,0.470715
0.02,0.46 ,0.515583, 0.195801,0.288616,0.484417
0.02,0.47 ,0.501932, 0.197412,0.300656,0.498068
0.02,0.48 ,0.48837, 0.19901,0.31262,0.51163
0.02,0.49 ,0.474931, 0.200594,0.324475,0.525069
0.02,0.5 ,0.461644, 0.202164,0.336192,0.538356
0.02,0.51 ,0.448539, 0.203718,0.347743,0.551461
0.02,0.52 ,0.435638, 0.205257,0.359105,0.564362
0.02,0.53 ,0.422963, 0.206779,0.370258,0.577037
0.02,0.54 ,0.410531, 0.208285,0.381184,0.589469
0.02,0.55 ,0.398356, 0.209774,0.39187,0.601644
0.02,0.56 ,0.38645, 0.211247,0.402303,0.61355
0.02,0.57 ,0.374822, 0.212702,0.412477,0.625178
0.02,0.58 ,0.363478, 0.21414,0.422383,0.636522
0.02,0.59 ,0.352423, 0.21556,0.432017,0.647577
0.02,0.6 ,0.341659, 0.216964,0.441377,0.658341
0.02,0.61 ,0.331187, 0.21835,0.450462,0.668813
0.02,0.62 ,0.321008, 0.21972,0.459273,0.678992
0.02,0.63 ,0.311118, 0.221072,0.46781,0.688882
0.02,0.64 ,0.301515, 0.222408,0.476077,0.698485
0.02,0.65 ,0.292196, 0.223727,0.484078,0.707804
0.02,0.66 ,0.283156, 0.225029,0.491815,0.716844
0.02,0.67 ,0.274389, 0.226316,0.499295,0.725611
0.02,0.68 ,0.265892, 0.227586,0.506522,0.734108
0.02,0.69 ,0.257657, 0.22884,0.513503,0.742343
0.02,0.7 ,0.249678, 0.230079,0.520242,0.750322
0.02,0.71 ,0.24195, 0.231303,0.526747,0.75805
0.02,0.72 ,0.234465, 0.232512,0.533023,0.765535
0.02,0.73 ,0.227217, 0.233706,0.539077,0.772783
0.02,0.74 ,0.2202, 0.234885,0.544915,0.7798
0.02,0.75 ,0.213406, 0.23605,0.550544,0.786594
0.02,0.76 ,0.206829, 0.237201,0.55597,0.793171
0.02,0.77 ,0.200463, 0.238338,0.561199,0.799537
0.02,0.78 ,0.194301, 0.239462,0.566237,0.805699
0.02,0.79 ,0.188336, 0.240572,0.571092,0.811664
0.02,0.8 ,0.182563, 0.241669,0.575768,0.817437
0.02,0.81 ,0.176975, 0.242754,0.580271,0.823025
0.02,0.82 ,0.171566, 0.243826,0.584608,0.828434
0.02,0.83 ,0.16633, 0.244886,0.588784,0.83367
0.02,0.84 ,0.161262, 0.245934,0.592804,0.838738
0.02,0.85 ,0.156356, 0.24697,0.596674,0.843644
0.02,0.86 ,0.151607, 0.247994,0.600399,0.848393
0.02,0.87 ,0.14701, 0.249007,0.603983,0.85299
0.02,0.88 ,0.142559, 0.250009,0.607432,0.857441
0.02,0.89 ,0.13825, 0.251,0.610751,0.86175
0.02,0.9 ,0.134077, 0.25198,0.613943,0.865923
0.02,0.91 ,0.130037, 0.252949,0.617013,0.869963
0.02,0.92 ,0.126125, 0.253909,0.619966,0.873875
0.02,0.93 ,0.122336, 0.254858,0.622806,0.877664
0.02,0.94 ,0.118667, 0.255797,0.625536,0.881333
0.02,0.95 ,0.115113, 0.256727,0.62816,0.884887
0.02,0.96 ,0.111671, 0.257646,0.630683,0.888329
0.02,0.97 ,0.108336, 0.258557,0.633107,0.891664
0.02,0.98 ,0.105106, 0.259458,0.635436,0.894894
0.02,0.99 ,0.101976, 0.260351,0.637673,0.898024
0.02,1 ,0.0989439, 0.261234,0.639822,0.901056
0.03,0 ,0.866883, 0.129584,0.00353299,0.133117
0.03,0.01 ,0.864581, 0.13059,0.00482941,0.135419
0.03,0.02 ,0.862173, 0.131616,0.00621069,0.137827
0.03,0.03 ,0.859653, 0.132664,0.0076826,0.140347
0.03,0.04 ,0.857014, 0.133734,0.00925135,0.142986
0.03,0.05 ,0.85425, 0.134826,0.0109236,0.14575
0.03,0.06 ,0.851353, 0.135941,0.0127064,0.148647
0.03,0.07 ,0.848314, 0.137079,0.0146074,0.151686
0.03,0.08 ,0.845126, 0.138239,0.0166347,0.154874
0.03,0.09 ,0.84178, 0.139423,0.0187971,0.15822
0.03,0.1 ,0.838266, 0.140631,0.0211037,0.161734
0.03,0.11 ,0.834574, 0.141862,0.0235645,0.165426
0.03,0.12 ,0.830694, 0.143116,0.0261899,0.169306
0.03,0.13 ,0.826614, 0.144395,0.0289911,0.173386
0.03,0.14 ,0.822322, 0.145698,0.0319799,0.177678
0.03,0.15 ,0.817807, 0.147024,0.0351687,0.182193
0.03,0.16 ,0.813055, 0.148375,0.0385707,0.186945
0.03,0.17 ,0.808052, 0.149748,0.0421995,0.191948
0.03,0.18 ,0.802785, 0.151146,0.0460696,0.197215
0.03,0.19 ,0.797239, 0.152566,0.0501956,0.202761
0.03,0.2 ,0.791399, 0.154008,0.054593,0.208601
0.03,0.21 ,0.785249, 0.155473,0.0592774,0.214751
0.03,0.22 ,0.778776, 0.156959,0.0642644,0.221224
0.03,0.23 ,0.771964, 0.158466,0.06957,0.228036
0.03,0.24 ,0.764797, 0.159993,0.0752097,0.235203
0.03,0.25 ,0.757262, 0.16154,0.0811984,0.242738
0.03,0.26 ,0.749346, 0.163104,0.0875503,0.250654
0.03,0.27 ,0.741037, 0.164685,0.0942784,0.258963
0.03,0.28 ,0.732324, 0.166282,0.101394,0.267676
0.03,0.29 ,0.723201, 0.167894,0.108906,0.276799
0.03,0.3 ,0.713661, 0.169518,0.11682,0.286339
0.03,0.31 ,0.703704, 0.171154,0.125142,0.296296
0.03,0.32 ,0.69333, 0.172801,0.133869,0.30667
0.03,0.33 ,0.682547, 0.174456,0.142998,0.317453
0.03,0.34 ,0.671363, 0.176117,0.15252,0.328637
0.03,0.35 ,0.659794, 0.177784,0.162422,0.340206
0.03,0.36 ,0.64786, 0.179455,0.172685,0.35214
0.03,0.37 ,0.635586, 0.181127,0.183287,0.364414
0.03,0.38 ,0.623, 0.182799,0.1942,0.377
0.03,0.39 ,0.610137, 0.18447,0.205393,0.389863
0.03,0.4 ,0.597032, 0.186138,0.21683,0.402968
0.03,0.41 ,0.583725, 0.187801,0.228474,0.416275
0.03,0.42 ,0.570258, 0.189458,0.240283,0.429742
0.03,0.43 ,0.556675, 0.191108,0.252217,0.443325
0.03,0.44 ,0.543017, 0.192749,0.264234,0.456983
0.03,0.45 ,0.529329, 0.19438,0.276292,0.470671
0.03,0.46 ,0.51565, 0.195999,0.28835,0.48435
0.03,0.47 ,0.502022, 0.197607,0.300372,0.497978
0.03,0.48 ,0.48848, 0.199201,0.312319,0.51152
0.03,0.49 ,0.475058, 0.200782,0.32416,0.524942
0.03,0.5 ,0.461788, 0.202348,0.335864,0.538212
0.03,0.51 ,0.448698, 0.203899,0.347403,0.551302
0.03,0.52 ,0.43581, 0.205434,0.358756,0.56419
0.03,0.53 ,0.423146, 0.206954,0.3699,0.576854
0.03,0.54 ,0.410723, 0.208457,0.38082,0.589277
0.03,0.55 ,0.398557, 0.209943,0.3915,0.601443
0.03,0.56 ,0.386658, 0.211412,0.40193,0.613342
0.03,0.57 ,0.375036, 0.212865,0.4121,0.624964
0.03,0.58 ,0.363697, 0.2143,0.422003,0.636303
0.03,0.59 ,0.352645, 0.215718,0.431636,0.647355
0.03,0.6 ,0.341885, 0.217119,0.440996,0.658115
0.03,0.61 ,0.331415, 0.218503,0.450082,0.668585
0.03,0.62 ,0.321237, 0.21987,0.458893,0.678763
0.03,0.63 ,0.311348, 0.22122,0.467432,0.688652
0.03,0.64 ,0.301745, 0.222554,0.475701,0.698255
0.03,0.65 ,0.292426, 0.223871,0.483704,0.707574
0.03,0.66 ,0.283385, 0.225171,0.491444,0.716615
0.03,0.67 ,0.274618, 0.226455,0.498927,0.725382
0.03,0.68 ,0.266119, 0.227724,0.506158,0.733881
0.03,0.69 ,0.257882, 0.228977,0.513142,0.742118
0.03,0.7 ,0.249901, 0.230214,0.519885,0.750099
0.03,0.71 ,0.242171, 0.231436,0.526394,0.757829
0.03,0.72 ,0.234683, 0.232642,0.532674,0.765317
0.03,0.73 ,0.227433, 0.233835,0.538732,0.772567
0.03,0.74 ,0.220413, 0.235012,0.544575,0.779587
0.03,0.75 ,0.213616, 0.236176,0.550208,0.786384
0.03,0.76 ,0.207036, 0.237325,0.555639,0.792964
0.03,0.77 ,0.200667, 0.238461,0.560873,0.799333
0.03,0.78 ,0.194501, 0.239583,0.565916,0.805499
0.03,0.79 ,0.188533, 0.240692,0.570775,0.811467
0.03,0.8 ,0.182757, 0.241788,0.575456,0.817243
0.03,0.81 ,0.177165, 0.242871,0.579964,0.822835
0.03,0.82 ,0.171753, 0.243942,0.584306,0.828247
0.03,0.83 ,0.166514, 0.245,0.588486,0.833486
0.03,0.84 ,0.161442, 0.246046,0.592511,0.838558
0.03,0.85 ,0.156533, 0.247081,0.596386,0.843467
0.03,0.86 ,0.151781, 0.248104,0.600115,0.848219
0.03,0.87 ,0.14718, 0.249116,0.603704,0.85282
0.03,0.88 ,0.142726, 0.250116,0.607157,0.857274
0.03,0.89 ,0.138413, 0.251106,0.61048,0.861587
0.03,0.9 ,0.134238, 0.252085,0.613677,0.865762
0.03,0.91 ,0.130194, 0.253054,0.616752,0.869806
0.03,0.92 ,0.126279, 0.254012,0.619709,0.873721
0.03,0.93 ,0.122487, 0.25496,0.622553,0.877513
0.03,0.94 ,0.118814, 0.255898,0.625287,0.881186
0.03,0.95 ,0.115257, 0.256826,0.627916,0.884743
0.03,0.96 ,0.111812, 0.257745,0.630443,0.888188
0.03,0.97 ,0.108474, 0.258655,0.632871,0.891526
0.03,0.98 ,0.105241, 0.259555,0.635204,0.894759
0.03,0.99 ,0.102109, 0.260447,0.637445,0.897891
0.03,1 ,0.0990736, 0.261329,0.639597,0.900926
0.04,0 ,0.86589, 0.130015,0.00409472,0.13411
0.04,0.01 ,0.863596, 0.131017,0.00538773,0.136404
0.04,0.02 ,0.861195, 0.132039,0.00676534,0.138805
0.04,0.03 ,0.858683, 0.133083,0.00823331,0.141317
0.04,0.04 ,0.856053, 0.134149,0.0097978,0.143947
0.04,0.05 ,0.853298, 0.135237,0.0114654,0.146702
0.04,0.06 ,0.850409, 0.136347,0.0132433,0.149591
0.04,0.07 ,0.847381, 0.13748,0.015139,0.152619
0.04,0.08 ,0.844203, 0.138636,0.0171605,0.155797
0.04,0.09 ,0.840868, 0.139816,0.0193166,0.159132
0.04,0.1 ,0.837365, 0.141018,0.0216165,0.162635
0.04,0.11 ,0.833685, 0.142245,0.0240699,0.166315
0.04,0.12 ,0.829818, 0.143495,0.0266874,0.170182
0.04,0.13 ,0.825751, 0.144768,0.02948,0.174249
0.04,0.14 ,0.821474, 0.146066,0.0324596,0.178526
0.04,0.15 ,0.816974, 0.147387,0.0356384,0.183026
0.04,0.16 ,0.812238, 0.148732,0.0390295,0.187762
0.04,0.17 ,0.807252, 0.150101,0.0426466,0.192748
0.04,0.18 ,0.802003, 0.151493,0.046504,0.197997
0.04,0.19 ,0.796476, 0.152907,0.0506164,0.203524
0.04,0.2 ,0.790656, 0.154345,0.0549991,0.209344
0.04,0.21 ,0.784528, 0.155804,0.0596676,0.215472
0.04,0.22 ,0.778078, 0.157285,0.0646376,0.221922
0.04,0.23 ,0.771289, 0.158786,0.069925,0.228711
0.04,0.24 ,0.764147, 0.160307,0.0755451,0.235853
0.04,0.25 ,0.756639, 0.161848,0.0815129,0.243361
0.04,0.26 ,0.748751, 0.163406,0.0878427,0.251249
0.04,0.27 ,0.740471, 0.164982,0.0945472,0.259529
0.04,0.28 ,0.731789, 0.166573,0.101638,0.268211
0.04,0.29 ,0.722697, 0.168179,0.109124,0.277303
0.04,0.3 ,0.713191, 0.169798,0.117011,0.286809
0.04,0.31 ,0.703267, 0.171429,0.125304,0.296733
0.04,0.32 ,0.692929, 0.17307,0.134001,0.307071
0.04,0.33 ,0.682181, 0.174719,0.1431,0.317819
0.04,0.34 ,0.671033, 0.176376,0.152591,0.328967
0.04,0.35 ,0.659501, 0.178037,0.162462,0.340499
0.04,0.36 ,0.647604, 0.179702,0.172694,0.352396
0.04,0.37 ,0.635366, 0.18137,0.183264,0.364634
0.04,0.38 ,0.622817, 0.183037,0.194146,0.377183
0.04,0.39 ,0.609989, 0.184703,0.205308,0.390011
0.04,0.4 ,0.596918, 0.186366,0.216716,0.403082
0.04,0.41 ,0.583645, 0.188025,0.22833,0.416355
0.04,0.42 ,0.57021, 0.189677,0.240113,0.42979
0.04,0.43 ,0.556657, 0.191322,0.252021,0.443343
0.04,0.44 ,0.543028, 0.192959,0.264013,0.456972
0.04,0.45 ,0.529366, 0.194585,0.276048,0.470634
0.04,0.46 ,0.515713, 0.196201,0.288086,0.484287
0.04,0.47 ,0.502107, 0.197805,0.300088,0.497893
0.04,0.48 ,0.488586, 0.199395,0.312019,0.511414
0.04,0.49 ,0.475183, 0.200972,0.323844,0.524817
0.04,0.5 ,0.46193, 0.202535,0.335534,0.53807
0.04,0.51 ,0.448855, 0.204083,0.347063,0.551145
0.04,0.52 ,0.43598, 0.205615,0.358405,0.56402
0.04,0.53 ,0.423328, 0.207131,0.369541,0.576672
0.04,0.54 ,0.410916, 0.208631,0.380453,0.589084
0.04,0.55 ,0.398758, 0.210114,0.391128,0.601242
0.04,0.56 ,0.386867, 0.211581,0.401553,0.613133
0.04,0.57 ,0.375251, 0.21303,0.411719,0.624749
0.04,0.58 ,0.363917, 0.214463,0.42162,0.636083
0.04,0.59 ,0.35287, 0.215878,0.431252,0.64713
0.04,0.6 ,0.342112, 0.217277,0.440611,0.657888
0.04,0.61 ,0.331645, 0.218658,0.449696,0.668355
0.04,0.62 ,0.321469, 0.220023,0.458508,0.678531
0.04,0.63 ,0.31158, 0.221371,0.467049,0.68842
0.04,0.64 ,0.301978, 0.222702,0.47532,0.698022
0.04,0.65 ,0.292659, 0.224017,0.483324,0.707341
0.04,0.66 ,0.283617, 0.225315,0.491068,0.716383
0.04,0.67 ,0.274849, 0.226597,0.498554,0.725151
0.04,0.68 ,0.266348, 0.227864,0.505788,0.733652
0.04,0.69 ,0.25811, 0.229115,0.512776,0.74189
0.04,0.7 ,0.250127, 0.23035,0.519523,0.749873
0.04,0.71 ,0.242394, 0.23157,0.526036,0.757606
0.04,0.72 ,0.234905, 0.232775,0.53232,0.765095
0.04,0.73 ,0.227651, 0.233965,0.538383,0.772349
0.04,0.74 ,0.220628, 0.235141,0.54423,0.779372
0.04,0.75 ,0.213829, 0.236303,0.549868,0.786171
0.04,0.76 ,0.207246, 0.237451,0.555303,0.792754
0.04,0.77 ,0.200873, 0.238585,0.560542,0.799127
0.04,0.78 ,0.194704, 0.239706,0.56559,0.805296
0.04,0.79 ,0.188733, 0.240813,0.570454,0.811267
0.04,0.8 ,0.182953, 0.241907,0.575139,0.817047
0.04,0.81 ,0.177358, 0.242989,0.579653,0.822642
0.04,0.82 ,0.171943, 0.244059,0.583999,0.828057
0.04,0.83 ,0.1667, 0.245116,0.588184,0.8333
0.04,0.84 ,0.161625, 0.246161,0.592214,0.838375
0.04,0.85 ,0.156713, 0.247194,0.596093,0.843287
0.04,0.86 ,0.151957, 0.248216,0.599827,0.848043
0.04,0.87 ,0.147353, 0.249226,0.603421,0.852647
0.04,0.88 ,0.142895, 0.250226,0.606879,0.857105
0.04,0.89 ,0.13858, 0.251214,0.610206,0.86142
0.04,0.9 ,0.134401, 0.252192,0.613408,0.865599
0.04,0.91 ,0.130354, 0.253159,0.616487,0.869646
0.04,0.92 ,0.126435, 0.254116,0.619449,0.873565
0.04,0.93 ,0.12264, 0.255063,0.622297,0.87736
0.04,0.94 ,0.118964, 0.256,0.625035,0.881036
0.04,0.95 ,0.115404, 0.256928,0.627668,0.884596
0.04,0.96 ,0.111956, 0.257845,0.630199,0.888044
0.04,0.97 ,0.108615, 0.258754,0.632631,0.891385
0.04,0.98 ,0.105379, 0.259653,0.634968,0.894621
0.04,0.99 ,0.102243, 0.260544,0.637213,0.897757
0.04,1 ,0.0992053, 0.261425,0.63937,0.900795
0.05,0 ,0.864861, 0.130455,0.00468416,0.135139
0.05,0.01 ,0.862574, 0.131453,0.00597361,0.137426
0.05,0.02 ,0.860181, 0.132471,0.00734739,0.139819
0.05,0.03 ,0.857678, 0.133511,0.00881124,0.142322
0.05,0.04 ,0.855056, 0.134573,0.0103713,0.144944
0.05,0.05 ,0.85231, 0.135656,0.0120342,0.14769
0.05,0.06 ,0.849431, 0.136762,0.0138069,0.150569
0.05,0.07 ,0.846413, 0.13789,0.015697,0.153587
0.05,0.08 ,0.843246, 0.139042,0.0177125,0.156754
0.05,0.09 ,0.839921, 0.140216,0.0198621,0.160079
0.05,0.1 ,0.836431, 0.141414,0.022155,0.163569
0.05,0.11 ,0.832763, 0.142636,0.0246009,0.167237
0.05,0.12 ,0.828909, 0.143881,0.0272102,0.171091
0.05,0.13 ,0.824856, 0.14515,0.029994,0.175144
0.05,0.14 ,0.820594, 0.146442,0.032964,0.179406
0.05,0.15 ,0.81611, 0.147758,0.0361324,0.18389
0.05,0.16 ,0.81139, 0.149098,0.0395124,0.18861
0.05,0.17 ,0.806422, 0.150461,0.0431174,0.193578
0.05,0.18 ,0.801191, 0.151847,0.0469618,0.198809
0.05,0.19 ,0.795684, 0.153256,0.0510601,0.204316
0.05,0.2 ,0.789884, 0.154688,0.0554277,0.210116
0.05,0.21 ,0.783779, 0.156142,0.0600799,0.216221
0.05,0.22 ,0.777351, 0.157617,0.0650324,0.222649
0.05,0.23 ,0.770587, 0.159112,0.070301,0.229413
0.05,0.24 ,0.763471, 0.160628,0.075901,0.236529
0.05,0.25 ,0.75599, 0.162163,0.0818475,0.24401
0.05,0.26 ,0.74813, 0.163715,0.0881544,0.25187
0.05,0.27 ,0.73988, 0.165285,0.0948348,0.26012
0.05,0.28 ,0.73123, 0.166871,0.1019,0.26877
0.05,0.29 ,0.722171, 0.168471,0.109359,0.277829
0.05,0.3 ,0.712698, 0.170084,0.117218,0.287302
0.05,0.31 ,0.70281, 0.171709,0.125482,0.29719
0.05,0.32 ,0.692507, 0.173344,0.134149,0.307493
0.05,0.33 ,0.681796, 0.174988,0.143217,0.318204
0.05,0.34 ,0.670685, 0.176639,0.152676,0.329315
0.05,0.35 ,0.659191, 0.178295,0.162514,0.340809
0.05,0.36 ,0.647332, 0.179955,0.172713,0.352668
0.05,0.37 ,0.635132, 0.181617,0.183251,0.364868
0.05,0.38 ,0.62262, 0.183279,0.194101,0.37738
0.05,0.39 ,0.609828, 0.18494,0.205232,0.390172
0.05,0.4 ,0.596793, 0.186598,0.216608,0.403207
0.05,0.41 ,0.583554, 0.188252,0.228194,0.416446
0.05,0.42 ,0.570153, 0.1899,0.239947,0.429847
0.05,0.43 ,0.556631, 0.191541,0.251828,0.443369
0.05,0.44 ,0.543032, 0.193173,0.263796,0.456968
0.05,0.45 ,0.529398, 0.194795,0.275807,0.470602
0.05,0.46 ,0.51577, 0.196407,0.287824,0.48423
0.05,0.47 ,0.502188, 0.198006,0.299806,0.497812
0.05,0.48 ,0.488688, 0.199593,0.311719,0.511312
0.05,0.49 ,0.475305, 0.201166,0.323528,0.524695
0.05,0.5 ,0.46207, 0.202725,0.335205,0.53793
0.05,0.51 ,0.44901, 0.20427,0.34672,0.55099
0.05,0.52 ,0.43615, 0.205798,0.358052,0.56385
0.05,0.53 ,0.42351, 0.207311,0.369179,0.57649
0.05,0.54 ,0.411108, 0.208808,0.380084,0.588892
0.05,0.55 ,0.39896, 0.210288,0.390752,0.60104
0.05,0.56 ,0.387076, 0.211752,0.401172,0.612924
0.05,0.57 ,0.375467, 0.213198,0.411335,0.624533
0.05,0.58 ,0.364138, 0.214628,0.421233,0.635862
0.05,0.59 ,0.353096, 0.216041,0.430863,0.646904
0.05,0.6 ,0.342342, 0.217437,0.440221,0.657658
0.05,0.61 ,0.331877, 0.218816,0.449307,0.668123
0.05,0.62 ,0.321702, 0.220178,0.458119,0.678298
0.05,0.63 ,0.311816, 0.221524,0.466661,0.688184
0.05,0.64 ,0.302214, 0.222853,0.474933,0.697786
0.05,0.65 ,0.292894, 0.224165,0.482941,0.707106
0.05,0.66 ,0.283852, 0.225461,0.490686,0.716148
0.05,0.67 ,0.275083, 0.226742,0.498176,0.724917
0.05,0.68 ,0.266581, 0.228006,0.505413,0.733419
0.05,0.69 ,0.258341, 0.229255,0.512405,0.741659
0.05,0.7 ,0.250356, 0.230488,0.519156,0.749644
0.05,0.71 ,0.242621, 0.231706,0.525673,0.757379
0.05,0.72 ,0.235129, 0.232909,0.531962,0.764871
0.05,0.73 ,0.227873, 0.234098,0.538029,0.772127
0.05,0.74 ,0.220847, 0.235272,0.543881,0.779153
0.05,0.75 ,0.214045, 0.236432,0.549523,0.785955
0.05,0.76 ,0.207459, 0.237578,0.554963,0.792541
0.05,0.77 ,0.201083, 0.238711,0.560206,0.798917
0.05,0.78 ,0.194911, 0.23983,0.565259,0.805089
0.05,0.79 ,0.188936, 0.240936,0.570128,0.811064
0.05,0.8 ,0.183153, 0.242029,0.574818,0.816847
0.05,0.81 ,0.177554, 0.243109,0.579336,0.822446
0.05,0.82 ,0.172135, 0.244177,0.583688,0.827865
0.05,0.83 ,0.166889, 0.245233,0.587878,0.833111
0.05,0.84 ,0.161811, 0.246276,0.591912,0.838189
0.05,0.85 ,0.156895, 0.247308,0.595796,0.843105
0.05,0.86 ,0.152136, 0.248329,0.599535,0.847864
0.05,0.87 ,0.147529, 0.249338,0.603134,0.852471
0.05,0.88 ,0.143067, 0.250336,0.606596,0.856933
0.05,0.89 ,0.138748, 0.251323,0.609929,0.861252
0.05,0.9 ,0.134566, 0.2523,0.613134,0.865434
0.05,0.91 ,0.130516, 0.253266,0.616218,0.869484
0.05,0.92 ,0.126594, 0.254222,0.619184,0.873406
0.05,0.93 ,0.122795, 0.255168,0.622037,0.877205
0.05,0.94 ,0.119116, 0.256104,0.62478,0.880884
0.05,0.95 ,0.115553, 0.25703,0.627417,0.884447
0.05,0.96 ,0.112101, 0.257947,0.629952,0.887899
0.05,0.97 ,0.108758, 0.258854,0.632388,0.891242
0.05,0.98 ,0.105518, 0.259753,0.634729,0.894482
0.05,0.99 ,0.10238, 0.260642,0.636978,0.89762
0.05,1 ,0.0993389, 0.261522,0.639139,0.900661
0.06,0 ,0.863792, 0.130905,0.00530285,0.136208
0.06,0.01 ,0.861513, 0.131898,0.00658857,0.138487
0.06,0.02 ,0.859129, 0.132912,0.00795835,0.140871
0.06,0.03 ,0.856634, 0.133948,0.0094179,0.143366
0.06,0.04 ,0.854022, 0.135005,0.0109733,0.145978
0.06,0.05 ,0.851285, 0.136084,0.0126312,0.148715
0.06,0.06 ,0.848416, 0.137185,0.0143986,0.151584
0.06,0.07 ,0.845408, 0.138309,0.0162829,0.154592
0.06,0.08 ,0.842252, 0.139456,0.0182922,0.157748
0.06,0.09 ,0.838939, 0.140626,0.0204351,0.161061
0.06,0.1 ,0.835461, 0.141819,0.0227208,0.164539
0.06,0.11 ,0.831806, 0.143035,0.0251588,0.168194
0.06,0.12 ,0.827965, 0.144275,0.0277597,0.172035
0.06,0.13 ,0.823927, 0.145539,0.0305343,0.176073
0.06,0.14 ,0.81968, 0.146826,0.0334944,0.18032
0.06,0.15 ,0.815211, 0.148136,0.0366522,0.184789
0.06,0.16 ,0.810509, 0.149471,0.0400206,0.189491
0.06,0.17 ,0.805559, 0.150828,0.0436133,0.194441
0.06,0.18 ,0.800347, 0.152209,0.0474442,0.199653
0.06,0.19 ,0.79486, 0.153612,0.0515281,0.20514
0.06,0.2 ,0.789082, 0.155038,0.05588,0.210918
0.06,0.21 ,0.782998, 0.156486,0.0605155,0.217002
0.06,0.22 ,0.776595, 0.157955,0.06545,0.223405
0.06,0.23 ,0.769856, 0.159445,0.0706993,0.230144
0.06,0.24 ,0.762767, 0.160955,0.0762787,0.237233
0.06,0.25 ,0.755313, 0.162484,0.0822031,0.244687
0.06,0.26 ,0.747483, 0.16403,0.0884866,0.252517
0.06,0.27 ,0.739264, 0.165594,0.0951422,0.260736
0.06,0.28 ,0.730645, 0.167174,0.102181,0.269355
0.06,0.29 ,0.72162, 0.168768,0.109612,0.27838
0.06,0.3 ,0.712182, 0.170375,0.117443,0.287818
0.06,0.31 ,0.70233, 0.171994,0.125676,0.29767
0.06,0.32 ,0.692064, 0.173624,0.134312,0.307936
0.06,0.33 ,0.68139, 0.175262,0.143348,0.31861
0.06,0.34 ,0.670319, 0.176907,0.152774,0.329681
0.06,0.35 ,0.658863, 0.178558,0.162579,0.341137
0.06,0.36 ,0.647043, 0.180212,0.172745,0.352957
0.06,0.37 ,0.634882, 0.181869,0.18325,0.365118
0.06,0.38 ,0.622408, 0.183526,0.194066,0.377592
0.06,0.39 ,0.609654, 0.185182,0.205164,0.390346
0.06,0.4 ,0.596656, 0.186835,0.216509,0.403344
0.06,0.41 ,0.583453, 0.188484,0.228064,0.416547
0.06,0.42 ,0.570085, 0.190127,0.239788,0.429915
0.06,0.43 ,0.556596, 0.191763,0.251641,0.443404
0.06,0.44 ,0.543027, 0.19339,0.263582,0.456973
0.06,0.45 ,0.529422, 0.195008,0.27557,0.470578
0.06,0.46 ,0.515821, 0.196616,0.287564,0.484179
0.06,0.47 ,0.502263, 0.198211,0.299526,0.497737
0.06,0.48 ,0.488786, 0.199794,0.31142,0.511214
0.06,0.49 ,0.475424, 0.201364,0.323213,0.524576
0.06,0.5 ,0.462207, 0.202919,0.334874,0.537793
0.06,0.51 ,0.449163, 0.20446,0.346377,0.550837
0.06,0.52 ,0.436318, 0.205985,0.357697,0.563682
0.06,0.53 ,0.423691, 0.207494,0.368815,0.576309
0.06,0.54 ,0.411301, 0.208988,0.379712,0.588699
0.06,0.55 ,0.399162, 0.210465,0.390373,0.600838
0.06,0.56 ,0.387286, 0.211926,0.400788,0.612714
0.06,0.57 ,0.375684, 0.213369,0.410947,0.624316
0.06,0.58 ,0.364361, 0.214796,0.420842,0.635639
0.06,0.59 ,0.353323, 0.216206,0.43047,0.646677
0.06,0.6 ,0.342573, 0.2176,0.439827,0.657427
0.06,0.61 ,0.332112, 0.218976,0.448912,0.667888
0.06,0.62 ,0.321939, 0.220336,0.457725,0.678061
0.06,0.63 ,0.312053, 0.221679,0.466268,0.687947
0.06,0.64 ,0.302452, 0.223006,0.474542,0.697548
0.06,0.65 ,0.293132, 0.224316,0.482552,0.706868
0.06,0.66 ,0.28409, 0.22561,0.4903,0.71591
0.06,0.67 ,0.27532, 0.226888,0.497793,0.72468
0.06,0.68 ,0.266817, 0.22815,0.505033,0.733183
0.06,0.69 ,0.258575, 0.229397,0.512029,0.741425
0.06,0.7 ,0.250588, 0.230628,0.518784,0.749412
0.06,0.71 ,0.242851, 0.231844,0.525305,0.757149
0.06,0.72 ,0.235356, 0.233046,0.531598,0.764644
0.06,0.73 ,0.228098, 0.234232,0.53767,0.771902
0.06,0.74 ,0.221069, 0.235405,0.543526,0.778931
0.06,0.75 ,0.214263, 0.236563,0.549173,0.785737
0.06,0.76 ,0.207674, 0.237708,0.554618,0.792326
0.06,0.77 ,0.201295, 0.238838,0.559866,0.798705
0.06,0.78 ,0.19512, 0.239956,0.564924,0.80488
0.06,0.79 ,0.189142, 0.24106,0.569798,0.810858
0.06,0.8 ,0.183355, 0.242152,0.574493,0.816645
0.06,0.81 ,0.177754, 0.24323,0.579016,0.822246
0.06,0.82 ,0.172331, 0.244297,0.583372,0.827669
0.06,0.83 ,0.167082, 0.245351,0.587567,0.832918
0.06,0.84 ,0.162, 0.246393,0.591607,0.838
0.06,0.85 ,0.15708, 0.247424,0.595496,0.84292
0.06,0.86 ,0.152318, 0.248443,0.599239,0.847682
0.06,0.87 ,0.147707, 0.249451,0.602842,0.852293
0.06,0.88 ,0.143242, 0.250448,0.60631,0.856758
0.06,0.89 ,0.138919, 0.251434,0.609647,0.861081
0.06,0.9 ,0.134734, 0.252409,0.612857,0.865266
0.06,0.91 ,0.13068, 0.253374,0.615946,0.86932
0.06,0.92 ,0.126755, 0.254329,0.618916,0.873245
0.06,0.93 ,0.122953, 0.255274,0.621774,0.877047
0.06,0.94 ,0.119271, 0.256208,0.624521,0.880729
0.06,0.95 ,0.115704, 0.257134,0.627162,0.884296
0.06,0.96 ,0.112249, 0.258049,0.629701,0.887751
0.06,0.97 ,0.108903, 0.258956,0.632142,0.891097
0.06,0.98 ,0.10566, 0.259853,0.634487,0.89434
0.06,0.99 ,0.102519, 0.260741,0.63674,0.897481
0.06,1 ,0.0994746, 0.261621,0.638905,0.900525
0.07,0 ,0.862684, 0.131364,0.00595244,0.137316
0.07,0.01 ,0.860413, 0.132353,0.00723425,0.139587
0.07,0.02 ,0.858037, 0.133363,0.00859984,0.141963
0.07,0.03 ,0.855551, 0.134394,0.0100549,0.144449
0.07,0.04 ,0.852948, 0.135447,0.0116055,0.147052
0.07,0.05 ,0.850221, 0.136521,0.0132582,0.149779
0.07,0.06 ,0.847362, 0.137618,0.01502,0.152638
0.07,0.07 ,0.844365, 0.138737,0.0168983,0.155635
0.07,0.08 ,0.84122, 0.139879,0.0189012,0.15878
0.07,0.09 ,0.837919, 0.141044,0.0210371,0.162081
0.07,0.1 ,0.834453, 0.142232,0.0233152,0.165547
0.07,0.11 ,0.830812, 0.143443,0.0257452,0.169188
0.07,0.12 ,0.826985, 0.144678,0.0283373,0.173015
0.07,0.13 ,0.822962, 0.145936,0.0311025,0.177038
0.07,0.14 ,0.81873, 0.147217,0.0340524,0.18127
0.07,0.15 ,0.814278, 0.148523,0.0371992,0.185722
0.07,0.16 ,0.809593, 0.149851,0.0405557,0.190407
0.07,0.17 ,0.804661, 0.151203,0.0441355,0.195339
0.07,0.18 ,0.799469, 0.152578,0.0479526,0.200531
0.07,0.19 ,0.794003, 0.153976,0.0520216,0.205997
0.07,0.2 ,0.788247, 0.155396,0.0563575,0.211753
0.07,0.21 ,0.782187, 0.156838,0.0609757,0.217813
0.07,0.22 ,0.775807, 0.158301,0.0658917,0.224193
0.07,0.23 ,0.769094, 0.159785,0.0711211,0.230906
0.07,0.24 ,0.762032, 0.161288,0.0766793,0.237968
0.07,0.25 ,0.754608, 0.162811,0.0825811,0.245392
0.07,0.26 ,0.746808, 0.164352,0.0888405,0.253192
0.07,0.27 ,0.73862, 0.165909,0.0954705,0.26138
0.07,0.28 ,0.730035, 0.167483,0.102482,0.269965
0.07,0.29 ,0.721044, 0.169071,0.109885,0.278956
0.07,0.3 ,0.711642, 0.170672,0.117686,0.288358
0.07,0.31 ,0.701826, 0.172286,0.125888,0.298174
0.07,0.32 ,0.691598, 0.173909,0.134493,0.308402
0.07,0.33 ,0.680964, 0.175541,0.143495,0.319036
0.07,0.34 ,0.669932, 0.177181,0.152888,0.330068
0.07,0.35 ,0.658516, 0.178826,0.162658,0.341484
0.07,0.36 ,0.646736, 0.180474,0.17279,0.353264
0.07,0.37 ,0.634615, 0.182125,0.18326,0.365385
0.07,0.38 ,0.622181, 0.183777,0.194042,0.377819
0.07,0.39 ,0.609466, 0.185428,0.205106,0.390534
0.07,0.4 ,0.596506, 0.187076,0.216418,0.403494
0.07,0.41 ,0.583339, 0.18872,0.227941,0.416661
0.07,0.42 ,0.570007, 0.190358,0.239635,0.429993
0.07,0.43 ,0.556551, 0.191989,0.25146,0.443449
0.07,0.44 ,0.543014, 0.193612,0.263374,0.456986
0.07,0.45 ,0.529439, 0.195226,0.275336,0.470561
0.07,0.46 ,0.515865, 0.196829,0.287306,0.484135
0.07,0.47 ,0.502333, 0.19842,0.299247,0.497667
0.07,0.48 ,0.488879, 0.199999,0.311122,0.511121
0.07,0.49 ,0.475538, 0.201564,0.322897,0.524462
0.07,0.5 ,0.462341, 0.203116,0.334543,0.537659
0.07,0.51 ,0.449314, 0.204653,0.346033,0.550686
0.07,0.52 ,0.436484, 0.206175,0.357341,0.563516
0.07,0.53 ,0.423871, 0.207681,0.368449,0.576129
0.07,0.54 ,0.411492, 0.209171,0.379337,0.588508
0.07,0.55 ,0.399364, 0.210645,0.389992,0.600636
0.07,0.56 ,0.387497, 0.212102,0.400401,0.612503
0.07,0.57 ,0.375902, 0.213543,0.410555,0.624098
0.07,0.58 ,0.364585, 0.214967,0.420447,0.635415
0.07,0.59 ,0.353552, 0.216374,0.430073,0.646448
0.07,0.6 ,0.342806, 0.217765,0.439429,0.657194
0.07,0.61 ,0.332348, 0.219139,0.448514,0.667652
0.07,0.62 ,0.322177, 0.220496,0.457327,0.677823
0.07,0.63 ,0.312293, 0.221837,0.465871,0.687707
0.07,0.64 ,0.302693, 0.223161,0.474147,0.697307
0.07,0.65 ,0.293373, 0.224469,0.482158,0.706627
0.07,0.66 ,0.28433, 0.22576,0.489909,0.71567
0.07,0.67 ,0.275559, 0.227036,0.497405,0.724441
0.07,0.68 ,0.267055, 0.228296,0.504649,0.732945
0.07,0.69 ,0.258812, 0.229541,0.511648,0.741188
0.07,0.7 ,0.250823, 0.23077,0.518407,0.749177
0.07,0.71 ,0.243084, 0.231984,0.524932,0.756916
0.07,0.72 ,0.235587, 0.233184,0.531229,0.764413
0.07,0.73 ,0.228326, 0.234369,0.537306,0.771674
0.07,0.74 ,0.221294, 0.235539,0.543167,0.778706
0.07,0.75 ,0.214485, 0.236696,0.548819,0.785515
0.07,0.76 ,0.207893, 0.237839,0.554268,0.792107
0.07,0.77 ,0.201511, 0.238968,0.559521,0.798489
0.07,0.78 ,0.195332, 0.240084,0.564584,0.804668
0.07,0.79 ,0.189351, 0.241186,0.569463,0.810649
0.07,0.8 ,0.183561, 0.242276,0.574163,0.816439
0.07,0.81 ,0.177956, 0.243353,0.578691,0.822044
0.07,0.82 ,0.172529, 0.244418,0.583052,0.827471
0.07,0.83 ,0.167277, 0.245471,0.587252,0.832723
0.07,0.84 ,0.162191, 0.246512,0.591297,0.837809
0.07,0.85 ,0.157268, 0.247541,0.59519,0.842732
0.07,0.86 ,0.152502, 0.248559,0.598939,0.847498
0.07,0.87 ,0.147887, 0.249566,0.602547,0.852113
0.07,0.88 ,0.143419, 0.250561,0.60602,0.856581
0.07,0.89 ,0.139093, 0.251546,0.609361,0.860907
0.07,0.9 ,0.134904, 0.25252,0.612576,0.865096
0.07,0.91 ,0.130847, 0.253484,0.615669,0.869153
0.07,0.92 ,0.126918, 0.254437,0.618645,0.873082
0.07,0.93 ,0.123113, 0.255381,0.621506,0.876887
0.07,0.94 ,0.119428, 0.256314,0.624258,0.880572
0.07,0.95 ,0.115858, 0.257238,0.626904,0.884142
0.07,0.96 ,0.1124, 0.258153,0.629448,0.8876
0.07,0.97 ,0.10905, 0.259058,0.631892,0.89095
0.07,0.98 ,0.105804, 0.259954,0.634242,0.894196
0.07,0.99 ,0.102659, 0.260842,0.636499,0.897341
0.07,1 ,0.0996124, 0.26172,0.638668,0.900388
0.08,0 ,0.861533, 0.131833,0.00663467,0.138467
0.08,0.01 ,0.85927, 0.132817,0.00791237,0.14073
0.08,0.02 ,0.856903, 0.133823,0.00927357,0.143097
0.08,0.03 ,0.854426, 0.13485,0.0107239,0.145574
0.08,0.04 ,0.851833, 0.135898,0.0122695,0.148167
0.08,0.05 ,0.849115, 0.136968,0.0139168,0.150885
0.08,0.06 ,0.846268, 0.13806,0.0156728,0.153732
0.08,0.07 ,0.843281, 0.139174,0.0175448,0.156719
0.08,0.08 ,0.840148, 0.140311,0.019541,0.159852
0.08,0.09 ,0.83686, 0.14147,0.0216697,0.16314
0.08,0.1 ,0.833407, 0.142653,0.02394,0.166593
0.08,0.11 ,0.829779, 0.143859,0.0263615,0.170221
0.08,0.12 ,0.825967, 0.145089,0.0289446,0.174033
0.08,0.13 ,0.821959, 0.146341,0.0317,0.178041
0.08,0.14 ,0.817743, 0.147617,0.0346394,0.182257
0.08,0.15 ,0.813308, 0.148917,0.0377748,0.186692
0.08,0.16 ,0.808641, 0.15024,0.0411191,0.191359
0.08,0.17 ,0.803728, 0.151586,0.0446856,0.196272
