Betapv,Betamv,V,Rs,Rv,P
0,0 ,0.931636, 0.066364,0.002,0.068364
0,0.01 ,0.93107, 0.066574,0.00235556,0.0689295
0,0.02 ,0.930453, 0.0667945,0.00275201,0.0695465
0,0.03 ,0.929778, 0.0670265,0.00319557,0.070222
0,0.04 ,0.929036, 0.0672707,0.0036937,0.0709644
0,0.05 ,0.928216, 0.0675283,0.00425539,0.0717836
0,0.06 ,0.927308, 0.0678002,0.00489154,0.0726918
0,0.07 ,0.926297, 0.0680879,0.0056155,0.0737034
0,0.08 ,0.925164, 0.0683926,0.00644374,0.0748363
0,0.09 ,0.923887, 0.0687159,0.0073968,0.0761127
0,0.1 ,0.92244, 0.0690595,0.00850048,0.07756
0,0.11 ,0.920787, 0.0694255,0.00978764,0.0792131
0,0.12 ,0.918884, 0.0698159,0.0113005,0.0811164
0,0.13 ,0.916672, 0.0702332,0.0130943,0.0833275
0,0.14 ,0.914078, 0.0706802,0.0152419,0.085922
0,0.15 ,0.910999, 0.07116,0.0178409,0.0890009
0,0.16 ,0.907299, 0.071676,0.0210246,0.0927006
0,0.17 ,0.902791, 0.0722323,0.0249768,0.0972091
0,0.18 ,0.897211, 0.0728331,0.0299557,0.102789
0,0.19 ,0.890191, 0.0734833,0.0363262,0.109809
0,0.2 ,0.881207, 0.0741882,0.0446045,0.118793
0,0.21 ,0.869539, 0.0749536,0.0555072,0.130461
0,0.22 ,0.854245, 0.0757853,0.0699701,0.145755
0,0.23 ,0.834257, 0.0766895,0.0890533,0.165743
0,0.24 ,0.808722, 0.077672,0.113606,0.191278
0,0.25 ,0.777542, 0.0787376,0.143721,0.222458
0,0.26 ,0.741709, 0.0798901,0.1784,0.258291
0,0.27 ,0.70299, 0.0811316,0.215878,0.29701
0,0.28 ,0.663219, 0.0824621,0.254319,0.336781
0,0.29 ,0.62382, 0.0838793,0.292301,0.37618
0,0.3 ,0.585713, 0.0853792,0.328908,0.414287
0,0.31 ,0.549413, 0.0869562,0.363631,0.450587
0,0.32 ,0.515163, 0.0886036,0.396233,0.484837
0,0.33 ,0.483037, 0.0903137,0.42665,0.516963
0,0.34 ,0.453011, 0.0920788,0.454911,0.546989
0,0.35 ,0.425007, 0.0938911,0.481102,0.574993
0,0.36 ,0.39892, 0.0957431,0.505337,0.60108
0,0.37 ,0.374631, 0.0976277,0.527741,0.625369
0,0.38 ,0.352019, 0.0995381,0.548443,0.647981
0,0.39 ,0.330963, 0.101468,0.567569,0.669037
0,0.4 ,0.311349, 0.103413,0.585238,0.688651
0,0.41 ,0.293069, 0.105367,0.601564,0.706931
0,0.42 ,0.276023, 0.107327,0.616651,0.723977
0,0.43 ,0.260117, 0.109287,0.630596,0.739883
0,0.44 ,0.245265, 0.111245,0.64349,0.754735
0,0.45 ,0.231387, 0.113199,0.655414,0.768613
0,0.46 ,0.218411, 0.115144,0.666444,0.781589
0,0.47 ,0.206271, 0.11708,0.676649,0.793729
0,0.48 ,0.194904, 0.119005,0.686092,0.805096
0,0.49 ,0.184254, 0.120915,0.69483,0.815746
0,0.5 ,0.17427, 0.122812,0.702918,0.82573
0,0.51 ,0.164905, 0.124692,0.710403,0.835095
0,0.52 ,0.156115, 0.126555,0.71733,0.843885
0,0.53 ,0.147859, 0.128401,0.723739,0.852141
0,0.54 ,0.140102, 0.130229,0.729669,0.859898
0,0.55 ,0.132809, 0.132038,0.735154,0.867191
0,0.56 ,0.125948, 0.133828,0.740224,0.874052
0,0.57 ,0.119492, 0.135598,0.74491,0.880508
0,0.58 ,0.113413, 0.137349,0.749238,0.886587
0,0.59 ,0.107688, 0.13908,0.753233,0.892312
0,0.6 ,0.102292, 0.14079,0.756918,0.897708
0,0.61 ,0.0972055, 0.142481,0.760313,0.902794
0,0.62 ,0.0924087, 0.144152,0.763439,0.907591
0,0.63 ,0.0878833, 0.145804,0.766313,0.912117
0,0.64 ,0.0836125, 0.147435,0.768952,0.916387
0,0.65 ,0.0795808, 0.149047,0.771372,0.920419
0,0.66 ,0.0757736, 0.150639,0.773587,0.924226
0,0.67 ,0.0721774, 0.152212,0.77561,0.927823
0,0.68 ,0.0687795, 0.153766,0.777454,0.931221
0,0.69 ,0.0655682, 0.155301,0.779131,0.934432
0,0.7 ,0.0625325, 0.156818,0.78065,0.937468
0,0.71 ,0.0596622, 0.158315,0.782022,0.940338
0,0.72 ,0.0569477, 0.159795,0.783257,0.943052
0,0.73 ,0.05438, 0.161257,0.784363,0.94562
0,0.74 ,0.0519509, 0.162701,0.785348,0.948049
0,0.75 ,0.0496523, 0.164128,0.78622,0.950348
0,0.76 ,0.047477, 0.165537,0.786986,0.952523
0,0.77 ,0.045418, 0.16693,0.787652,0.954582
0,0.78 ,0.0434689, 0.168306,0.788225,0.956531
0,0.79 ,0.0416236, 0.169665,0.788711,0.958376
0,0.8 ,0.0398764, 0.171009,0.789115,0.960124
0,0.81 ,0.038222, 0.172336,0.789442,0.961778
0,0.82 ,0.0366552, 0.173648,0.789697,0.963345
0,0.83 ,0.0351713, 0.174945,0.789884,0.964829
0,0.84 ,0.0337658, 0.176227,0.790008,0.966234
0,0.85 ,0.0324346, 0.177493,0.790072,0.967565
0,0.86 ,0.0311736, 0.178745,0.790081,0.968826
0,0.87 ,0.0299791, 0.179983,0.790038,0.970021
0,0.88 ,0.0288476, 0.181207,0.789945,0.971152
0,0.89 ,0.0277757, 0.182417,0.789807,0.972224
0,0.9 ,0.0267603, 0.183613,0.789626,0.97324
0,0.91 ,0.0257984, 0.184796,0.789405,0.974202
0,0.92 ,0.0248871, 0.185966,0.789147,0.975113
0,0.93 ,0.024024, 0.187123,0.788853,0.975976
0,0.94 ,0.0232063, 0.188267,0.788527,0.976794
0,0.95 ,0.0224318, 0.189399,0.78817,0.977568
0,0.96 ,0.0216982, 0.190518,0.787784,0.978302
0,0.97 ,0.0210034, 0.191625,0.787371,0.978997
0,0.98 ,0.0203453, 0.192721,0.786934,0.979655
0,0.99 ,0.019722, 0.193805,0.786473,0.980278
0,1 ,0.0191318, 0.194877,0.785991,0.980868
0.01,0 ,0.929481, 0.0674641,0.00305448,0.0705186
0.01,0.01 ,0.928919, 0.0676724,0.00340867,0.0710811
0.01,0.02 ,0.928305, 0.0678912,0.00380354,0.0716948
0.01,0.03 ,0.927633, 0.0681213,0.00424528,0.0723666
0.01,0.04 ,0.926895, 0.0683635,0.00474128,0.0731048
0.01,0.05 ,0.926081, 0.068619,0.00530046,0.0739194
0.01,0.06 ,0.925178, 0.0688887,0.00593361,0.0748223
0.01,0.07 ,0.924172, 0.0691739,0.00665398,0.0758279
0.01,0.08 ,0.923046, 0.069476,0.00747785,0.0769538
0.01,0.09 ,0.921778, 0.0697965,0.00842554,0.078222
0.01,0.1 ,0.92034, 0.0701371,0.00952257,0.0796597
0.01,0.11 ,0.918699, 0.0704997,0.0108014,0.0813011
0.01,0.12 ,0.91681, 0.0708866,0.0123036,0.0831902
0.01,0.13 ,0.914616, 0.0713,0.0140838,0.0853838
0.01,0.14 ,0.912044, 0.0717428,0.0162134,0.0879563
0.01,0.15 ,0.908993, 0.072218,0.0187888,0.0910068
0.01,0.16 ,0.90533, 0.072729,0.0219406,0.0946696
0.01,0.17 ,0.900871, 0.0732797,0.0258493,0.099129
0.01,0.18 ,0.895358, 0.0738743,0.0307676,0.104642
0.01,0.19 ,0.88843, 0.0745177,0.0370523,0.11157
0.01,0.2 ,0.879577, 0.0752151,0.0452081,0.120423
0.01,0.21 ,0.868093, 0.0759721,0.0559353,0.131907
0.01,0.22 ,0.853054, 0.0767946,0.0701514,0.146946
0.01,0.23 ,0.833407, 0.0776886,0.0889045,0.166593
0.01,0.24 ,0.808284, 0.0786598,0.113057,0.191716
0.01,0.25 ,0.777537, 0.0797132,0.14275,0.222463
0.01,0.26 ,0.742095, 0.0808525,0.177053,0.257905
0.01,0.27 ,0.703678, 0.0820799,0.214242,0.296322
0.01,0.28 ,0.664115, 0.0833954,0.25249,0.335885
0.01,0.29 ,0.624847, 0.0847971,0.290356,0.375153
0.01,0.3 ,0.586816, 0.0862811,0.326903,0.413184
0.01,0.31 ,0.550554, 0.0878418,0.361604,0.449446
0.01,0.32 ,0.516315, 0.0894727,0.394212,0.483685
0.01,0.33 ,0.484184, 0.0911664,0.42465,0.515816
0.01,0.34 ,0.454142, 0.0929151,0.452943,0.545858
0.01,0.35 ,0.426114, 0.0947113,0.479174,0.573886
0.01,0.36 ,0.399999, 0.0965473,0.503454,0.600001
0.01,0.37 ,0.375679, 0.0984162,0.525905,0.624321
0.01,0.38 ,0.353033, 0.100311,0.546656,0.646967
0.01,0.39 ,0.331943, 0.102227,0.565831,0.668057
0.01,0.4 ,0.312295, 0.104157,0.583549,0.687705
0.01,0.41 ,0.293981, 0.106096,0.599923,0.706019
0.01,0.42 ,0.276901, 0.108042,0.615057,0.723099
0.01,0.43 ,0.260961, 0.109989,0.62905,0.739039
0.01,0.44 ,0.246077, 0.111934,0.641989,0.753923
0.01,0.45 ,0.232168, 0.113875,0.653958,0.767832
0.01,0.46 ,0.219162, 0.115808,0.665031,0.780838
0.01,0.47 ,0.206991, 0.117732,0.675277,0.793009
0.01,0.48 ,0.195595, 0.119644,0.68476,0.804405
0.01,0.49 ,0.184918, 0.121544,0.693538,0.815082
0.01,0.5 ,0.174908, 0.123429,0.701664,0.825092
0.01,0.51 ,0.165516, 0.125298,0.709185,0.834484
0.01,0.52 ,0.156701, 0.127151,0.716148,0.843299
0.01,0.53 ,0.148422, 0.128987,0.722591,0.851578
0.01,0.54 ,0.140641, 0.130805,0.728554,0.859359
0.01,0.55 ,0.133326, 0.132604,0.73407,0.866674
0.01,0.56 ,0.126444, 0.134384,0.739172,0.873556
0.01,0.57 ,0.119967, 0.136146,0.743887,0.880033
0.01,0.58 ,0.113869, 0.137887,0.748244,0.886131
0.01,0.59 ,0.108124, 0.13961,0.752266,0.891876
0.01,0.6 ,0.10271, 0.141312,0.755978,0.89729
0.01,0.61 ,0.0976062, 0.142995,0.759399,0.902394
0.01,0.62 ,0.0927924, 0.144658,0.76255,0.907208
0.01,0.63 ,0.0882508, 0.146301,0.765448,0.911749
0.01,0.64 ,0.0839645, 0.147925,0.76811,0.916035
0.01,0.65 ,0.0799179, 0.14953,0.770552,0.920082
0.01,0.66 ,0.0760963, 0.151115,0.772789,0.923904
0.01,0.67 ,0.0724863, 0.152681,0.774833,0.927514
0.01,0.68 ,0.0690751, 0.154228,0.776697,0.930925
0.01,0.69 ,0.0658511, 0.155756,0.778393,0.934149
0.01,0.7 ,0.0628032, 0.157266,0.779931,0.937197
0.01,0.71 ,0.0599212, 0.158758,0.781321,0.940079
0.01,0.72 ,0.0571955, 0.160231,0.782573,0.942805
0.01,0.73 ,0.054617, 0.161687,0.783696,0.945383
0.01,0.74 ,0.0521775, 0.163125,0.784697,0.947823
0.01,0.75 ,0.0498689, 0.164546,0.785585,0.950131
0.01,0.76 ,0.0476841, 0.16595,0.786366,0.952316
0.01,0.77 ,0.045616, 0.167337,0.787047,0.954384
0.01,0.78 ,0.0436581, 0.168708,0.787634,0.956342
0.01,0.79 ,0.0418044, 0.170062,0.788134,0.958196
0.01,0.8 ,0.0400491, 0.1714,0.788551,0.959951
0.01,0.81 ,0.0383869, 0.172723,0.78889,0.961613
0.01,0.82 ,0.0368126, 0.17403,0.789158,0.963187
0.01,0.83 ,0.0353216, 0.175322,0.789357,0.964678
0.01,0.84 ,0.0339093, 0.176599,0.789492,0.966091
0.01,0.85 ,0.0325715, 0.177861,0.789568,0.967429
0.01,0.86 ,0.0313042, 0.179108,0.789587,0.968696
0.01,0.87 ,0.0301037, 0.180342,0.789554,0.969896
0.01,0.88 ,0.0289664, 0.181561,0.789472,0.971034
0.01,0.89 ,0.027889, 0.182767,0.789344,0.972111
0.01,0.9 ,0.0268683, 0.183959,0.789173,0.973132
0.01,0.91 ,0.0259013, 0.185138,0.788961,0.974099
0.01,0.92 ,0.0249852, 0.186304,0.788711,0.975015
0.01,0.93 ,0.0241174, 0.187457,0.788426,0.975883
0.01,0.94 ,0.0232952, 0.188597,0.788108,0.976705
0.01,0.95 ,0.0225165, 0.189725,0.787758,0.977484
0.01,0.96 ,0.0217788, 0.190841,0.78738,0.978221
0.01,0.97 ,0.02108, 0.191945,0.786975,0.97892
0.01,0.98 ,0.0204182, 0.193037,0.786545,0.979582
0.01,0.99 ,0.0197914, 0.194117,0.786092,0.980209
0.01,1 ,0.0191978, 0.195186,0.785616,0.980802
0.02,0 ,0.927178, 0.0686083,0.00421335,0.0728216
0.02,0.01 ,0.926619, 0.0688148,0.00456602,0.0733809
0.02,0.02 ,0.926009, 0.0690318,0.00495916,0.0739909
0.02,0.03 ,0.925341, 0.0692599,0.0053989,0.0746588
0.02,0.04 ,0.924607, 0.0695,0.00589258,0.0753926
0.02,0.05 ,0.923798, 0.0697532,0.00644903,0.0762023
0.02,0.06 ,0.9229, 0.0700205,0.00707896,0.0770995
0.02,0.07 ,0.921901, 0.0703032,0.00779546,0.0780987
0.02,0.08 ,0.920783, 0.0706026,0.00861467,0.0792172
0.02,0.09 ,0.919523, 0.0709201,0.00955665,0.0804768
0.02,0.1 ,0.918096, 0.0712576,0.0106466,0.0819042
0.02,0.11 ,0.916467, 0.0716168,0.0119166,0.0835333
0.02,0.12 ,0.914592, 0.0719999,0.0134077,0.0854076
0.02,0.13 ,0.912417, 0.0724093,0.0151734,0.0875827
0.02,0.14 ,0.909868, 0.0728477,0.0172843,0.090132
0.02,0.15 ,0.906847, 0.073318,0.0198349,0.0931529
0.02,0.16 ,0.903223, 0.0738237,0.0229535,0.0967772
0.02,0.17 ,0.898815, 0.0743685,0.0268167,0.101185
0.02,0.18 ,0.893372, 0.0749567,0.0316717,0.106628
0.02,0.19 ,0.88654, 0.075593,0.0378672,0.11346
0.02,0.2 ,0.877822, 0.0762825,0.0458956,0.122178
0.02,0.21 ,0.866529, 0.0770308,0.0564402,0.133471
0.02,0.22 ,0.851757, 0.0778436,0.0703991,0.148243
0.02,0.23 ,0.832466, 0.078727,0.0888071,0.167534
0.02,0.24 ,0.807776, 0.0796864,0.112537,0.192224
0.02,0.25 ,0.777491, 0.080727,0.141782,0.222509
0.02,0.26 ,0.742467, 0.0818526,0.17568,0.257533
0.02,0.27 ,0.704378, 0.0830652,0.212557,0.295622
0.02,0.28 ,0.665043, 0.0843651,0.250592,0.334957
0.02,0.29 ,0.625921, 0.0857506,0.288328,0.374079
0.02,0.3 ,0.587975, 0.0872178,0.324807,0.412025
0.02,0.31 ,0.551756, 0.0887615,0.359483,0.448244
0.02,0.32 ,0.517532, 0.0903751,0.392093,0.482468
0.02,0.33 ,0.485397, 0.0920515,0.422552,0.514603
0.02,0.34 ,0.455338, 0.0937831,0.450879,0.544662
0.02,0.35 ,0.427286, 0.0955622,0.477151,0.572714
0.02,0.36 ,0.401141, 0.0973815,0.501477,0.598859
0.02,0.37 ,0.376788, 0.0992338,0.523978,0.623212
0.02,0.38 ,0.354107, 0.101113,0.54478,0.645893
0.02,0.39 ,0.332981, 0.103012,0.564007,0.667019
0.02,0.4 ,0.313297, 0.104927,0.581777,0.686703
0.02,0.41 ,0.294946, 0.106852,0.598202,0.705054
0.02,0.42 ,0.27783, 0.108783,0.613387,0.72217
0.02,0.43 ,0.261856, 0.110715,0.627429,0.738144
0.02,0.44 ,0.246937, 0.112647,0.640416,0.753063
0.02,0.45 ,0.232994, 0.114574,0.652432,0.767006
0.02,0.46 ,0.219955, 0.116494,0.663551,0.780045
0.02,0.47 ,0.207753, 0.118405,0.673842,0.792247
0.02,0.48 ,0.196327, 0.120305,0.683368,0.803673
0.02,0.49 ,0.18562, 0.122193,0.692187,0.81438
0.02,0.5 ,0.175581, 0.124066,0.700353,0.824419
0.02,0.51 ,0.166162, 0.125924,0.707913,0.833838
0.02,0.52 ,0.157321, 0.127766,0.714913,0.842679
0.02,0.53 ,0.149015, 0.129591,0.721393,0.850985
0.02,0.54 ,0.14121, 0.131399,0.727391,0.85879
0.02,0.55 ,0.133871, 0.133188,0.732941,0.866129
0.02,0.56 ,0.126967, 0.134959,0.738075,0.873033
0.02,0.57 ,0.120468, 0.13671,0.742821,0.879532
0.02,0.58 ,0.114349, 0.138443,0.747208,0.885651
0.02,0.59 ,0.108584, 0.140156,0.75126,0.891416
0.02,0.6 ,0.103151, 0.14185,0.755,0.896849
0.02,0.61 ,0.098028, 0.143524,0.758448,0.901972
0.02,0.62 ,0.0931963, 0.145179,0.761625,0.906804
0.02,0.63 ,0.0886375, 0.146814,0.764549,0.911362
0.02,0.64 ,0.0843347, 0.14843,0.767235,0.915665
0.02,0.65 ,0.0802722, 0.150027,0.769701,0.919728
0.02,0.66 ,0.0764354, 0.151604,0.77196,0.923565
0.02,0.67 ,0.0728108, 0.153163,0.774026,0.927189
0.02,0.68 ,0.0693856, 0.154703,0.775911,0.930614
0.02,0.69 ,0.0661482, 0.156224,0.777628,0.933852
0.02,0.7 ,0.0630874, 0.157727,0.779185,0.936913
0.02,0.71 ,0.060193, 0.159212,0.780595,0.939807
0.02,0.72 ,0.0574553, 0.160679,0.781865,0.942545
0.02,0.73 ,0.0548655, 0.162129,0.783006,0.945135
0.02,0.74 ,0.052415, 0.163561,0.784024,0.947585
0.02,0.75 ,0.050096, 0.164976,0.784928,0.949904
0.02,0.76 ,0.047901, 0.166374,0.785725,0.952099
0.02,0.77 ,0.0458232, 0.167755,0.786422,0.954177
0.02,0.78 ,0.0438561, 0.16912,0.787024,0.956144
0.02,0.79 ,0.0419935, 0.170469,0.787538,0.958006
0.02,0.8 ,0.0402297, 0.171802,0.787968,0.95977
0.02,0.81 ,0.0385593, 0.173119,0.788322,0.961441
0.02,0.82 ,0.0369773, 0.174421,0.788602,0.963023
0.02,0.83 ,0.0354787, 0.175708,0.788813,0.964521
0.02,0.84 ,0.0340592, 0.17698,0.788961,0.965941
0.02,0.85 ,0.0327145, 0.178237,0.789048,0.967285
0.02,0.86 ,0.0314407, 0.17948,0.789079,0.968559
0.02,0.87 ,0.0302338, 0.180709,0.789057,0.969766
0.02,0.88 ,0.0290905, 0.181924,0.788985,0.97091
0.02,0.89 ,0.0280072, 0.183126,0.788867,0.971993
0.02,0.9 ,0.026981, 0.184313,0.788706,0.973019
0.02,0.91 ,0.0260086, 0.185488,0.788503,0.973991
0.02,0.92 ,0.0250875, 0.18665,0.788263,0.974913
0.02,0.93 ,0.0242147, 0.187799,0.787986,0.975785
0.02,0.94 ,0.023388, 0.188935,0.787677,0.976612
0.02,0.95 ,0.0226047, 0.190059,0.787336,0.977395
0.02,0.96 ,0.0218627, 0.191171,0.786966,0.978137
0.02,0.97 ,0.0211599, 0.192271,0.786569,0.97884
0.02,0.98 ,0.0204941, 0.19336,0.786146,0.979506
0.02,0.99 ,0.0198636, 0.194436,0.7857,0.980136
0.02,1 ,0.0192664, 0.195502,0.785232,0.980734
0.03,0 ,0.924713, 0.0697986,0.00548814,0.0752868
0.03,0.01 ,0.924158, 0.0700034,0.00583912,0.0758425
0.03,0.02 ,0.923551, 0.0702184,0.00623034,0.0764487
0.03,0.03 ,0.922888, 0.0704444,0.00666788,0.0771123
0.03,0.04 ,0.922159, 0.0706823,0.00715902,0.0778413
0.03,0.05 ,0.921354, 0.0709332,0.0077125,0.0786457
0.03,0.06 ,0.920463, 0.071198,0.00833894,0.0795369
0.03,0.07 ,0.919471, 0.071478,0.00905128,0.0805292
0.03,0.08 ,0.91836, 0.0717744,0.00986547,0.0816399
0.03,0.09 ,0.91711, 0.0720889,0.0108014,0.0828903
0.03,0.1 ,0.915693, 0.072423,0.0118838,0.0843068
0.03,0.11 ,0.914077, 0.0727787,0.0131444,0.0859231
0.03,0.12 ,0.912218, 0.0731579,0.0146237,0.0877815
0.03,0.13 ,0.910063, 0.073563,0.0163742,0.0899373
0.03,0.14 ,0.907538, 0.0739968,0.0184655,0.0924623
0.03,0.15 ,0.904548, 0.0744621,0.0209902,0.0954522
0.03,0.16 ,0.900964, 0.0749622,0.0240739,0.0990361
0.03,0.17 ,0.896609, 0.0755009,0.0278896,0.103391
0.03,0.18 ,0.891239, 0.0760824,0.0326787,0.108761
0.03,0.19 ,0.884507, 0.0767113,0.0387813,0.115493
0.03,0.2 ,0.87593, 0.0773925,0.046677,0.12407
0.03,0.21 ,0.864837, 0.0781317,0.0570318,0.135163
0.03,0.22 ,0.850343, 0.0789344,0.0707229,0.149657
0.03,0.23 ,0.831423, 0.0798066,0.0887701,0.168577
0.03,0.24 ,0.80719, 0.0807538,0.112056,0.19281
0.03,0.25 ,0.777395, 0.0817811,0.140824,0.222605
0.03,0.26 ,0.742821, 0.0828922,0.174287,0.257179
0.03,0.27 ,0.705088, 0.0840893,0.210822,0.294912
0.03,0.28 ,0.666004, 0.085373,0.248623,0.333996
0.03,0.29 ,0.627044, 0.0867414,0.286215,0.372956
0.03,0.3 ,0.589193, 0.088191,0.322616,0.410807
0.03,0.31 ,0.553023, 0.0897168,0.357261,0.446977
0.03,0.32 ,0.518817, 0.0913124,0.389871,0.481183
0.03,0.33 ,0.486679, 0.0929706,0.42035,0.513321
0.03,0.34 ,0.456605, 0.0946841,0.448711,0.543395
0.03,0.35 ,0.428528, 0.0964453,0.475027,0.571472
0.03,0.36 ,0.402352, 0.0982469,0.499401,0.597648
0.03,0.37 ,0.377964, 0.100082,0.521954,0.622036
0.03,0.38 ,0.355246, 0.101944,0.54281,0.644754
0.03,0.39 ,0.334082, 0.103827,0.562091,0.665918
0.03,0.4 ,0.314359, 0.105725,0.579916,0.685641
0.03,0.41 ,0.29597, 0.107634,0.596396,0.70403
0.03,0.42 ,0.278816, 0.10955,0.611635,0.721184
0.03,0.43 ,0.262804, 0.111468,0.625729,0.737196
0.03,0.44 ,0.247848, 0.113384,0.638768,0.752152
0.03,0.45 ,0.233869, 0.115297,0.650833,0.766131
0.03,0.46 ,0.220796, 0.117204,0.662001,0.779204
0.03,0.47 ,0.20856, 0.119102,0.672339,0.79144
0.03,0.48 ,0.197101, 0.120989,0.68191,0.802899
0.03,0.49 ,0.186363, 0.122864,0.690774,0.813637
0.03,0.5 ,0.176293, 0.124725,0.698982,0.823707
0.03,0.51 ,0.166845, 0.126571,0.706584,0.833155
0.03,0.52 ,0.157975, 0.128402,0.713623,0.842025
0.03,0.53 ,0.149643, 0.130216,0.720142,0.850357
0.03,0.54 ,0.141811, 0.132012,0.726176,0.858189
0.03,0.55 ,0.134447, 0.133791,0.731762,0.865553
0.03,0.56 ,0.127519, 0.135551,0.73693,0.872481
0.03,0.57 ,0.120997, 0.137293,0.741711,0.879003
0.03,0.58 ,0.114855, 0.139015,0.74613,0.885145
0.03,0.59 ,0.109068, 0.140719,0.750212,0.890932
0.03,0.6 ,0.103615, 0.142404,0.753982,0.896385
0.03,0.61 ,0.0984722, 0.144069,0.757459,0.901528
0.03,0.62 ,0.0936215, 0.145715,0.760664,0.906378
0.03,0.63 ,0.0890445, 0.147342,0.763614,0.910956
0.03,0.64 ,0.0847242, 0.148949,0.766326,0.915276
0.03,0.65 ,0.0806449, 0.150538,0.768817,0.919355
0.03,0.66 ,0.076792, 0.152108,0.7711,0.923208
0.03,0.67 ,0.0731518, 0.153659,0.773189,0.926848
0.03,0.68 ,0.0697118, 0.155191,0.775097,0.930288
0.03,0.69 ,0.0664601, 0.156706,0.776834,0.93354
0.03,0.7 ,0.0633856, 0.158202,0.778413,0.936614
0.03,0.71 ,0.0604781, 0.15968,0.779842,0.939522
0.03,0.72 ,0.0577279, 0.16114,0.781132,0.942272
0.03,0.73 ,0.055126, 0.162583,0.782291,0.944874
0.03,0.74 ,0.052664, 0.164008,0.783328,0.947336
0.03,0.75 ,0.0503339, 0.165417,0.784249,0.949666
0.03,0.76 ,0.0481283, 0.166809,0.785063,0.951872
0.03,0.77 ,0.0460403, 0.168184,0.785775,0.95396
0.03,0.78 ,0.0440634, 0.169543,0.786393,0.955937
0.03,0.79 ,0.0421915, 0.170887,0.786922,0.957809
0.03,0.8 ,0.0404187, 0.172214,0.787367,0.959581
0.03,0.81 ,0.0387397, 0.173526,0.787734,0.96126
0.03,0.82 ,0.0371494, 0.174823,0.788028,0.962851
0.03,0.83 ,0.035643, 0.176104,0.788253,0.964357
0.03,0.84 ,0.0342159, 0.177371,0.788413,0.965784
0.03,0.85 ,0.032864, 0.178624,0.788512,0.967136
0.03,0.86 ,0.0315832, 0.179862,0.788555,0.968417
0.03,0.87 ,0.0303697, 0.181086,0.788544,0.96963
0.03,0.88 ,0.02922, 0.182296,0.788484,0.97078
0.03,0.89 ,0.0281307, 0.183493,0.788376,0.971869
0.03,0.9 ,0.0270985, 0.184676,0.788225,0.972901
0.03,0.91 ,0.0261206, 0.185847,0.788033,0.973879
0.03,0.92 ,0.0251941, 0.187004,0.787802,0.974806
0.03,0.93 ,0.0243163, 0.188149,0.787535,0.975684
0.03,0.94 ,0.0234846, 0.189281,0.787234,0.976515
0.03,0.95 ,0.0226967, 0.190401,0.786902,0.977303
0.03,0.96 ,0.0219502, 0.191509,0.78654,0.97805
0.03,0.97 ,0.0212431, 0.192606,0.786151,0.978757
0.03,0.98 ,0.0205732, 0.19369,0.785737,0.979427
0.03,0.99 ,0.0199388, 0.194763,0.785298,0.980061
0.03,1 ,0.0193378, 0.195825,0.784837,0.980662
0.04,0 ,0.922071, 0.0710375,0.00689179,0.0779293
0.04,0.01 ,0.921519, 0.0712403,0.00724087,0.0784812
0.04,0.02 ,0.920917, 0.0714532,0.00762995,0.0790832
0.04,0.03 ,0.920258, 0.0716771,0.00806506,0.0797421
0.04,0.04 ,0.919534, 0.0719127,0.00855341,0.0804661
0.04,0.05 ,0.918735, 0.0721611,0.00910365,0.0812647
0.04,0.06 ,0.91785, 0.0724233,0.00972629,0.0821495
0.04,0.07 ,0.916865, 0.0727004,0.0104341,0.0831346
0.04,0.08 ,0.915763, 0.0729939,0.0112429,0.0842368
0.04,0.09 ,0.914523, 0.0733051,0.0121723,0.0854774
0.04,0.1 ,0.913118, 0.0736357,0.0132467,0.0868825
0.04,0.11 ,0.911515, 0.0739876,0.0144974,0.088485
0.04,0.12 ,0.909673, 0.0743627,0.0159641,0.0903269
0.04,0.13 ,0.907538, 0.0747634,0.0176987,0.0924622
0.04,0.14 ,0.905038, 0.0751923,0.0197693,0.0949617
0.04,0.15 ,0.902081, 0.0756523,0.0222667,0.097919
0.04,0.16 ,0.898539, 0.0761466,0.025314,0.101461
0.04,0.17 ,0.894241, 0.076679,0.0290801,0.105759
0.04,0.18 ,0.888946, 0.0772534,0.0338005,0.111054
0.04,0.19 ,0.882319, 0.0778745,0.0398063,0.117681
0.04,0.2 ,0.873889, 0.0785472,0.047564,0.126111
0.04,0.21 ,0.863002, 0.0792768,0.0577213,0.136998
0.04,0.22 ,0.848797, 0.080069,0.0711336,0.151203
0.04,0.23 ,0.830267, 0.0809295,0.0888038,0.169733
0.04,0.24 ,0.806513, 0.081864,0.111623,0.193487
0.04,0.25 ,0.777239, 0.0828772,0.139884,0.222761
0.04,0.26 ,0.74315, 0.0839732,0.172877,0.25685
0.04,0.27 ,0.705805, 0.0851542,0.209041,0.294195
0.04,0.28 ,0.666997, 0.0864208,0.246582,0.333003
0.04,0.29 ,0.628216, 0.0877713,0.284013,0.371784
0.04,0.3 ,0.590471, 0.0892026,0.320326,0.409529
0.04,0.31 ,0.554358, 0.0907096,0.354933,0.445642
0.04,0.32 ,0.520175, 0.0922861,0.387539,0.479825
0.04,0.33 ,0.488036, 0.0939253,0.418038,0.511964
0.04,0.34 ,0.457946, 0.0956198,0.446434,0.542054
0.04,0.35 ,0.429844, 0.0973622,0.472794,0.570156
0.04,0.36 ,0.403635, 0.0991452,0.49722,0.596365
0.04,0.37 ,0.379211, 0.100962,0.519827,0.620789
0.04,0.38 ,0.356454, 0.102806,0.54074,0.643546
0.04,0.39 ,0.335249, 0.104672,0.560079,0.664751
0.04,0.4 ,0.315485, 0.106553,0.577962,0.684515
0.04,0.41 ,0.297055, 0.108445,0.594499,0.702945
0.04,0.42 ,0.279861, 0.110345,0.609795,0.720139
0.04,0.43 ,0.263808, 0.112247,0.623945,0.736192
0.04,0.44 ,0.248813, 0.114148,0.637038,0.751187
0.04,0.45 ,0.234797, 0.116046,0.649157,0.765203
0.04,0.46 ,0.221686, 0.117938,0.660376,0.778314
0.04,0.47 ,0.209414, 0.119822,0.670764,0.790586
0.04,0.48 ,0.19792, 0.121696,0.680384,0.80208
0.04,0.49 ,0.187148, 0.123557,0.689294,0.812852
0.04,0.5 ,0.177046, 0.125406,0.697548,0.822954
0.04,0.51 ,0.167567, 0.12724,0.705193,0.832433
0.04,0.52 ,0.158667, 0.129058,0.712275,0.841333
0.04,0.53 ,0.150306, 0.13086,0.718834,0.849694
0.04,0.54 ,0.142446, 0.132645,0.724908,0.857554
0.04,0.55 ,0.135055, 0.134413,0.730532,0.864945
0.04,0.56 ,0.128101, 0.136162,0.735737,0.871899
0.04,0.57 ,0.121554, 0.137893,0.740552,0.878446
0.04,0.58 ,0.115389, 0.139606,0.745005,0.884611
0.04,0.59 ,0.109579, 0.1413,0.749121,0.890421
0.04,0.6 ,0.104104, 0.142975,0.752922,0.895896
0.04,0.61 ,0.0989401, 0.14463,0.756429,0.90106
0.04,0.62 ,0.0940693, 0.146267,0.759663,0.905931
0.04,0.63 ,0.0894729, 0.147885,0.762642,0.910527
0.04,0.64 ,0.085134, 0.149484,0.765382,0.914866
0.04,0.65 ,0.0810368, 0.151065,0.767899,0.918963
0.04,0.66 ,0.0771668, 0.152626,0.770207,0.922833
0.04,0.67 ,0.0735103, 0.154169,0.772321,0.92649
0.04,0.68 ,0.0700545, 0.155694,0.774252,0.929945
0.04,0.69 ,0.0667877, 0.1572,0.776012,0.933212
0.04,0.7 ,0.0636988, 0.158689,0.777612,0.936301
0.04,0.71 ,0.0607774, 0.16016,0.779063,0.939223
0.04,0.72 ,0.0580139, 0.161613,0.780373,0.941986
0.04,0.73 ,0.0553993, 0.163049,0.781552,0.944601
0.04,0.74 ,0.052925, 0.164468,0.782607,0.947075
0.04,0.75 ,0.0505832, 0.16587,0.783547,0.949417
0.04,0.76 ,0.0483665, 0.167256,0.784378,0.951634
0.04,0.77 ,0.0462677, 0.168625,0.785107,0.953732
0.04,0.78 ,0.0442806, 0.169978,0.785741,0.955719
0.04,0.79 ,0.0423987, 0.171315,0.786286,0.957601
0.04,0.8 ,0.0406165, 0.172637,0.786747,0.959383
0.04,0.81 ,0.0389285, 0.173943,0.787128,0.961072
0.04,0.82 ,0.0373295, 0.175234,0.787436,0.962671
0.04,0.83 ,0.0358148, 0.17651,0.787675,0.964185
0.04,0.84 ,0.0343797, 0.177772,0.787848,0.96562
0.04,0.85 ,0.0330202, 0.179019,0.78796,0.96698
0.04,0.86 ,0.0317321, 0.180253,0.788015,0.968268
0.04,0.87 ,0.0305116, 0.181472,0.788017,0.969488
0.04,0.88 ,0.0293552, 0.182677,0.787968,0.970645
0.04,0.89 ,0.0282595, 0.183869,0.787871,0.971741
0.04,0.9 ,0.0272213, 0.185048,0.787731,0.972779
0.04,0.91 ,0.0262375, 0.186214,0.787549,0.973762
0.04,0.92 ,0.0253054, 0.187367,0.787328,0.974695
0.04,0.93 ,0.0244222, 0.188507,0.78707,0.975578
0.04,0.94 ,0.0235854, 0.189635,0.786779,0.976415
0.04,0.95 ,0.0227925, 0.190751,0.786456,0.977207
0.04,0.96 ,0.0220414, 0.191855,0.786103,0.977959
0.04,0.97 ,0.0213298, 0.192947,0.785723,0.97867
0.04,0.98 ,0.0206557, 0.194028,0.785316,0.979344
0.04,0.99 ,0.0200171, 0.195097,0.784886,0.979983
0.04,1 ,0.0194122, 0.196155,0.784432,0.980588
0.05,0 ,0.919234, 0.0723272,0.00843884,0.0807661
0.05,0.01 ,0.918686, 0.072528,0.0087858,0.0813138
0.05,0.02 ,0.918089, 0.0727387,0.0091725,0.0819112
0.05,0.03 ,0.917435, 0.0729603,0.00960492,0.0825652
0.05,0.04 ,0.916716, 0.0731935,0.0100902,0.0832837
0.05,0.05 ,0.915924, 0.0734393,0.0106369,0.0840761
0.05,0.06 ,0.915046, 0.0736987,0.0112554,0.0849541
0.05,0.07 ,0.914069, 0.0739729,0.0119583,0.0859312
0.05,0.08 ,0.912975, 0.0742632,0.0127613,0.0870245
0.05,0.09 ,0.911745, 0.074571,0.0136837,0.0882547
0.05,0.1 ,0.910352, 0.074898,0.0147496,0.0896475
0.05,0.11 ,0.908764, 0.0752459,0.0159896,0.0912355
0.05,0.12 ,0.90694, 0.0756167,0.0174431,0.0930598
0.05,0.13 ,0.904826, 0.0760128,0.0191608,0.0951736
0.05,0.14 ,0.902354, 0.0764366,0.0212096,0.0976462
0.05,0.15 ,0.899431, 0.076891,0.0236784,0.100569
0.05,0.16 ,0.895933, 0.0773793,0.0266874,0.104067
0.05,0.17 ,0.891693, 0.0779049,0.0304017,0.108307
0.05,0.18 ,0.886478, 0.078472,0.0350503,0.113522
0.05,0.19 ,0.87996, 0.0790849,0.0409553,0.12004
0.05,0.2 ,0.871682, 0.0797486,0.0485696,0.128318
0.05,0.21 ,0.86101, 0.0804682,0.0585216,0.13899
0.05,0.22 ,0.847107, 0.0812494,0.0716436,0.152893
0.05,0.23 ,0.828982, 0.0820978,0.0889202,0.171018
0.05,0.24 ,0.805733, 0.0830189,0.111248,0.194267
0.05,0.25 ,0.777013, 0.0840176,0.138969,0.222987
0.05,0.26 ,0.743445, 0.0850978,0.171457,0.256555
0.05,0.27 ,0.706523, 0.0862618,0.207215,0.293477
0.05,0.28 ,0.668019, 0.0875105,0.24447,0.331981
0.05,0.29 ,0.629437, 0.0888424,0.281721,0.370563
0.05,0.3 ,0.591813, 0.0902543,0.317932,0.408187
0.05,0.31 ,0.555765, 0.0917415,0.352494,0.444235
0.05,0.32 ,0.521609, 0.0932981,0.385093,0.478391
0.05,0.33 ,0.489473, 0.0949172,0.41561,0.510527
0.05,0.34 ,0.459367, 0.0965917,0.444041,0.540633
0.05,0.35 ,0.431239, 0.0983143,0.470447,0.568761
0.05,0.36 ,0.404997, 0.100078,0.494925,0.595003
0.05,0.37 ,0.380534, 0.101875,0.51759,0.619466
0.05,0.38 ,0.357736, 0.103701,0.538563,0.642264
0.05,0.39 ,0.336489, 0.105548,0.557964,0.663511
0.05,0.4 ,0.316681, 0.107411,0.575908,0.683319
0.05,0.41 ,0.298207, 0.109286,0.592507,0.701793
0.05,0.42 ,0.280969, 0.111168,0.607863,0.719031
0.05,0.43 ,0.264874, 0.113054,0.622072,0.735126
0.05,0.44 ,0.249837, 0.114939,0.635223,0.750163
0.05,0.45 ,0.23578, 0.116822,0.647398,0.76422
0.05,0.46 ,0.22263, 0.118699,0.658672,0.77737
0.05,0.47 ,0.210319, 0.120568,0.669113,0.789681
0.05,0.48 ,0.198788, 0.122427,0.678785,0.801212
0.05,0.49 ,0.18798, 0.124275,0.687745,0.81202
0.05,0.5 ,0.177844, 0.12611,0.696047,0.822156
0.05,0.51 ,0.168331, 0.12793,0.703739,0.831669
0.05,0.52 ,0.159399, 0.129736,0.710865,0.840601
0.05,0.53 ,0.151006, 0.131526,0.717468,0.848994
0.05,0.54 ,0.143117, 0.133299,0.723584,0.856883
0.05,0.55 ,0.135698, 0.135055,0.729248,0.864302
0.05,0.56 ,0.128716, 0.136793,0.734491,0.871284
0.05,0.57 ,0.122143, 0.138513,0.739344,0.877857
0.05,0.58 ,0.115952, 0.140215,0.743833,0.884048
0.05,0.59 ,0.110118, 0.141898,0.747983,0.889882
0.05,0.6 ,0.104619, 0.143563,0.751818,0.895381
0.05,0.61 ,0.0994333, 0.145209,0.755358,0.900567
0.05,0.62 ,0.094541, 0.146837,0.758622,0.905459
0.05,0.63 ,0.089924, 0.148445,0.761631,0.910076
0.05,0.64 ,0.0855653, 0.150035,0.7644,0.914435
0.05,0.65 ,0.0814492, 0.151607,0.766944,0.918551
0.05,0.66 ,0.0775611, 0.15316,0.769279,0.922439
0.05,0.67 ,0.0738871, 0.154694,0.771419,0.926113
0.05,0.68 ,0.0704147, 0.156211,0.773374,0.929585
0.05,0.69 ,0.0671319, 0.15771,0.775159,0.932868
0.05,0.7 ,0.0640277, 0.15919,0.776782,0.935972
0.05,0.71 ,0.0610916, 0.160654,0.778255,0.938908
0.05,0.72 ,0.0583141, 0.1621,0.779586,0.941686
0.05,0.73 ,0.055686, 0.163529,0.780785,0.944314
0.05,0.74 ,0.0531988, 0.164941,0.781861,0.946801
0.05,0.75 ,0.0508446, 0.166336,0.78282,0.949155
0.05,0.76 ,0.048616, 0.167715,0.783669,0.951384
0.05,0.77 ,0.046506, 0.169077,0.784417,0.953494
0.05,0.78 ,0.0445079, 0.170424,0.785068,0.955492
0.05,0.79 ,0.0426157, 0.171755,0.785629,0.957384
0.05,0.8 ,0.0408235, 0.173071,0.786106,0.959176
0.05,0.81 ,0.0391259, 0.174371,0.786503,0.960874
0.05,0.82 ,0.0375178, 0.175657,0.786826,0.962482
0.05,0.83 ,0.0359944, 0.176927,0.787078,0.964006
0.05,0.84 ,0.034551, 0.178183,0.787266,0.965449
0.05,0.85 ,0.0331834, 0.179425,0.787391,0.966817
0.05,0.86 ,0.0318877, 0.180653,0.787459,0.968112
0.05,0.87 ,0.0306599, 0.181867,0.787473,0.96934
0.05,0.88 ,0.0294964, 0.183068,0.787436,0.970504
0.05,0.89 ,0.028394, 0.184255,0.787351,0.971606
0.05,0.9 ,0.0273494, 0.185429,0.787222,0.972651
0.05,0.91 ,0.0263595, 0.18659,0.787051,0.973641
0.05,0.92 ,0.0254215, 0.187738,0.78684,0.974579
0.05,0.93 ,0.0245326, 0.188874,0.786593,0.975467
0.05,0.94 ,0.0236905, 0.189998,0.786312,0.97631
0.05,0.95 ,0.0228925, 0.19111,0.785998,0.977108
0.05,0.96 ,0.0221364, 0.192209,0.785654,0.977864
0.05,0.97 ,0.0214201, 0.193297,0.785282,0.97858
0.05,0.98 ,0.0207415, 0.194374,0.784884,0.979258
0.05,0.99 ,0.0200986, 0.195439,0.784462,0.979901
0.05,1 ,0.0194897, 0.196494,0.784017,0.98051
0.06,0 ,0.916184, 0.0736703,0.0101457,0.083816
0.06,0.01 ,0.915641, 0.0738689,0.0104903,0.0843591
0.06,0.02 ,0.915048, 0.0740774,0.0108743,0.0849517
0.06,0.03 ,0.9144, 0.0742965,0.0113037,0.0856002
0.06,0.04 ,0.913687, 0.0745271,0.0117856,0.0863127
0.06,0.05 ,0.912901, 0.0747702,0.0123284,0.0870986
0.06,0.06 ,0.912031, 0.0750267,0.0129423,0.087969
0.06,0.07 ,0.911062, 0.0752978,0.01364,0.0889378
0.06,0.08 ,0.909979, 0.0755848,0.0144367,0.0900215
0.06,0.09 ,0.908759, 0.075889,0.0153515,0.0912405
0.06,0.1 ,0.90738, 0.0762121,0.0164082,0.0926203
0.06,0.11 ,0.905807, 0.0765559,0.017637,0.0941928
0.06,0.12 ,0.904001, 0.0769222,0.0190763,0.0959985
0.06,0.13 ,0.90191, 0.0773134,0.0207762,0.0980895
0.06,0.14 ,0.899466, 0.0777319,0.0228019,0.100534
0.06,0.15 ,0.896579, 0.0781805,0.0252406,0.103421
0.06,0.16 ,0.893128, 0.0786624,0.0282096,0.106872
0.06,0.17 ,0.888949, 0.079181,0.0318695,0.111051
0.06,0.18 ,0.883816, 0.0797404,0.0364433,0.116184
0.06,0.19 ,0.877412, 0.0803448,0.0422433,0.122588
0.06,0.2 ,0.869293, 0.0809991,0.0497083,0.130707
0.06,0.21 ,0.858845, 0.0817083,0.0594469,0.141155
0.06,0.22 ,0.845255, 0.082478,0.0722672,0.154745
0.06,0.23 ,0.827553, 0.0833137,0.0891329,0.172447
0.06,0.24 ,0.804835, 0.0842208,0.110944,0.195165
0.06,0.25 ,0.776704, 0.0852042,0.138092,0.223296
0.06,0.26 ,0.743697, 0.0862678,0.170035,0.256303
0.06,0.27 ,0.707236, 0.0874142,0.20535,0.292764
0.06,0.28 ,0.669068, 0.0886441,0.242288,0.330932
0.06,0.29 ,0.630709, 0.0899564,0.279335,0.369291
0.06,0.3 ,0.593221, 0.091348,0.315431,0.406779
0.06,0.31 ,0.557247, 0.0928146,0.349938,0.442753
0.06,0.32 ,0.523125, 0.0943501,0.382525,0.476875
0.06,0.33 ,0.490993, 0.0959482,0.413058,0.509007
0.06,0.34 ,0.460874, 0.0976017,0.441524,0.539126
0.06,0.35 ,0.432719, 0.0993035,0.467977,0.567281
0.06,0.36 ,0.406442, 0.101046,0.492511,0.593558
0.06,0.37 ,0.381939, 0.102824,0.515237,0.618061
0.06,0.38 ,0.359098, 0.104629,0.536273,0.640902
0.06,0.39 ,0.337805, 0.106457,0.555738,0.662195
0.06,0.4 ,0.317951, 0.108301,0.573748,0.682049
0.06,0.41 ,0.299431, 0.110158,0.590411,0.700569
0.06,0.42 ,0.282146, 0.112022,0.605832,0.717854
0.06,0.43 ,0.266006, 0.11389,0.620104,0.733994
0.06,0.44 ,0.250924, 0.115759,0.633317,0.749076
0.06,0.45 ,0.236823, 0.117625,0.645552,0.763177
0.06,0.46 ,0.22363, 0.119486,0.656884,0.77637
0.06,0.47 ,0.211279, 0.121339,0.667382,0.788721
0.06,0.48 ,0.199708, 0.123183,0.677108,0.800292
0.06,0.49 ,0.188862, 0.125017,0.686122,0.811138
0.06,0.5 ,0.178688, 0.126837,0.694475,0.821312
0.06,0.51 ,0.16914, 0.128644,0.702216,0.83086
0.06,0.52 ,0.160173, 0.130437,0.70939,0.839827
0.06,0.53 ,0.151748, 0.132213,0.716039,0.848252
0.06,0.54 ,0.143827, 0.133974,0.722199,0.856173
0.06,0.55 ,0.136377, 0.135718,0.727906,0.863623
0.06,0.56 ,0.129365, 0.137444,0.733191,0.870635
0.06,0.57 ,0.122764, 0.139153,0.738083,0.877236
0.06,0.58 ,0.116546, 0.140843,0.74261,0.883454
0.06,0.59 ,0.110687, 0.142516,0.746797,0.889313
0.06,0.6 ,0.105163, 0.14417,0.750667,0.894837
0.06,0.61 ,0.0999531, 0.145806,0.754241,0.900047
0.06,0.62 ,0.0950379, 0.147423,0.757539,0.904962
0.06,0.63 ,0.090399, 0.149022,0.760579,0.909601
0.06,0.64 ,0.0860194, 0.150603,0.763378,0.913981
0.06,0.65 ,0.0818832, 0.152165,0.765952,0.918117
0.06,0.66 ,0.0779758, 0.153709,0.768315,0.922024
0.06,0.67 ,0.0742834, 0.155235,0.770482,0.925717
0.06,0.68 ,0.0707933, 0.156743,0.772464,0.929207
0.06,0.69 ,0.0674936, 0.158233,0.774273,0.932506
0.06,0.7 ,0.0643731, 0.159706,0.775921,0.935627
0.06,0.71 ,0.0614215, 0.161162,0.777417,0.938578
0.06,0.72 ,0.0586291, 0.1626,0.778771,0.941371
0.06,0.73 ,0.0559867, 0.164021,0.779992,0.944013
0.06,0.74 ,0.0534859, 0.165426,0.781088,0.946514
0.06,0.75 ,0.0511187, 0.166814,0.782067,0.948881
0.06,0.76 ,0.0488776, 0.168186,0.782936,0.951122
0.06,0.77 ,0.0467556, 0.169542,0.783702,0.953244
0.06,0.78 ,0.0447461, 0.170882,0.784372,0.955254
0.06,0.79 ,0.0428429, 0.172207,0.78495,0.957157
0.06,0.8 ,0.0410402, 0.173516,0.785444,0.95896
0.06,0.81 ,0.0393326, 0.17481,0.785857,0.960667
0.06,0.82 ,0.0377149, 0.17609,0.786195,0.962285
0.06,0.83 ,0.0361822, 0.177355,0.786463,0.963818
0.06,0.84 ,0.03473, 0.178605,0.786665,0.96527
0.06,0.85 ,0.033354, 0.179841,0.786805,0.966646
0.06,0.86 ,0.0320502, 0.181064,0.786886,0.96795
0.06,0.87 ,0.0308147, 0.182273,0.786913,0.969185
0.06,0.88 ,0.0296439, 0.183468,0.786888,0.970356
0.06,0.89 ,0.0285344, 0.18465,0.786816,0.971466
0.06,0.9 ,0.027483, 0.185819,0.786698,0.972517
0.06,0.91 ,0.0264867, 0.186975,0.786538,0.973513
0.06,0.92 ,0.0255425, 0.188119,0.786339,0.974457
0.06,0.93 ,0.0246478, 0.18925,0.786102,0.975352
0.06,0.94 ,0.0238, 0.190369,0.785831,0.9762
0.06,0.95 ,0.0229967, 0.191476,0.785527,0.977003
0.06,0.96 ,0.0222355, 0.192572,0.785193,0.977765
0.06,0.97 ,0.0215142, 0.193656,0.78483,0.978486
0.06,0.98 ,0.0208309, 0.194728,0.784441,0.979169
0.06,0.99 ,0.0201836, 0.195789,0.784027,0.979816
0.06,1 ,0.0195704, 0.196839,0.78359,0.98043
0.07,0 ,0.9129, 0.0750692,0.0120308,0.0871
0.07,0.01 ,0.912362, 0.0752655,0.0123727,0.0876382
0.07,0.02 ,0.911775, 0.0754716,0.0127537,0.0882254
0.07,0.03 ,0.911132, 0.0756882,0.0131798,0.088868
0.07,0.04 ,0.910426, 0.0759162,0.0136579,0.0895741
0.07,0.05 ,0.909647, 0.0761564,0.0141963,0.0903527
0.07,0.06 ,0.908785, 0.0764098,0.0148053,0.0912152
0.07,0.07 ,0.907825, 0.0766777,0.0154972,0.0921748
0.07,0.08 ,0.906752, 0.0769611,0.016287,0.0932482
0.07,0.09 ,0.905545, 0.0772616,0.0171937,0.0944553
0.07,0.1 ,0.904179, 0.0775807,0.0182405,0.0958212
0.07,0.11 ,0.902623, 0.07792,0.0194572,0.0973772
0.07,0.12 ,0.900837, 0.0782817,0.0208815,0.0991632
0.07,0.13 ,0.89877, 0.0786677,0.0225624,0.10123
0.07,0.14 ,0.896356, 0.0790806,0.0245638,0.103644
0.07,0.15 ,0.893506, 0.0795231,0.0269708,0.106494
0.07,0.16 ,0.890104, 0.0799983,0.0298977,0.109896
0.07,0.17 ,0.88599, 0.0805097,0.0335008,0.11401
0.07,0.18 ,0.880943, 0.081061,0.0379964,0.119057
0.07,0.19 ,0.874657, 0.0816565,0.043687,0.125343
0.07,0.2 ,0.866702, 0.0823009,0.0509967,0.133298
0.07,0.21 ,0.856487, 0.0829993,0.0605138,0.143513
0.07,0.22 ,0.843223, 0.0837569,0.0730204,0.156777
0.07,0.23 ,0.825963, 0.0845793,0.0894578,0.174037
0.07,0.24 ,0.803802, 0.0854718,0.110727,0.196198
0.07,0.25 ,0.776295, 0.0864393,0.137266,0.223705
0.07,0.26 ,0.743893, 0.0874857,0.168621,0.256107
0.07,0.27 ,0.707936, 0.0886135,0.20345,0.292064
0.07,0.28 ,0.670139, 0.0898238,0.240037,0.329861
0.07,0.29 ,0.632029, 0.0911155,0.276855,0.367971
0.07,0.3 ,0.594696, 0.0924859,0.312818,0.405304
0.07,0.31 ,0.558809, 0.0939306,0.347261,0.441191
0.07,0.32 ,0.524726, 0.0954441,0.379829,0.475274
0.07,0.33 ,0.492604, 0.09702,0.410376,0.507396
0.07,0.34 ,0.462472, 0.0986514,0.438877,0.537528
0.07,0.35 ,0.43429, 0.100331,0.465378,0.56571
0.07,0.36 ,0.407978, 0.102053,0.48997,0.592022
0.07,0.37 ,0.383432, 0.103809,0.512759,0.616568
0.07,0.38 ,0.360545, 0.105593,0.533862,0.639455
0.07,0.39 ,0.339204, 0.107401,0.553396,0.660796
0.07,0.4 ,0.3193, 0.109225,0.571475,0.6807
0.07,0.41 ,0.30073, 0.111062,0.588207,0.69927
0.07,0.42 ,0.283396, 0.112908,0.603696,0.716604
0.07,0.43 ,0.267207, 0.114757,0.618035,0.732793
0.07,0.44 ,0.252078, 0.116608,0.631314,0.747922
0.07,0.45 ,0.23793, 0.118457,0.643613,0.76207
0.07,0.46 ,0.224692, 0.120301,0.655007,0.775308
0.07,0.47 ,0.212297, 0.122138,0.665565,0.787703
0.07,0.48 ,0.200683, 0.123966,0.67535,0.799317
0.07,0.49 ,0.189796, 0.125784,0.68442,0.810204
0.07,0.5 ,0.179583, 0.12759,0.692828,0.820417
0.07,0.51 ,0.169996, 0.129383,0.700622,0.830004
0.07,0.52 ,0.160992, 0.131161,0.707847,0.839008
0.07,0.53 ,0.152532, 0.132924,0.714544,0.847468
0.07,0.54 ,0.144577, 0.134671,0.720752,0.855423
0.07,0.55 ,0.137094, 0.136402,0.726504,0.862906
0.07,0.56 ,0.130052, 0.138116,0.731832,0.869948
0.07,0.57 ,0.12342, 0.139813,0.736767,0.87658
0.07,0.58 ,0.117174, 0.141492,0.741335,0.882826
0.07,0.59 ,0.111287, 0.143153,0.745561,0.888713
0.07,0.6 ,0.105736, 0.144796,0.749468,0.894264
0.07,0.61 ,0.100501, 0.146421,0.753078,0.899499
0.07,0.62 ,0.0955617, 0.148028,0.756411,0.904438
0.07,0.63 ,0.0908995, 0.149616,0.759484,0.909101
0.07,0.64 ,0.0864975, 0.151187,0.762316,0.913502
0.07,0.65 ,0.08234, 0.15274,0.76492,0.91766
0.07,0.66 ,0.0784121, 0.154274,0.767314,0.921588
0.07,0.67 ,0.0747001, 0.155791,0.769509,0.9253
0.07,0.68 ,0.0711913, 0.15729,0.771518,0.928809
0.07,0.69 ,0.0678736, 0.158772,0.773354,0.932126
0.07,0.7 ,0.064736, 0.160236,0.775028,0.935264
0.07,0.71 ,0.0617679, 0.161684,0.776548,0.938232
0.07,0.72 ,0.0589598, 0.163114,0.777926,0.94104
0.07,0.73 ,0.0563023, 0.164528,0.77917,0.943698
0.07,0.74 ,0.0537871, 0.165925,0.780288,0.946213
0.07,0.75 ,0.0514061, 0.167306,0.781288,0.948594
0.07,0.76 ,0.0491518, 0.16867,0.782178,0.950848
0.07,0.77 ,0.0470171, 0.170019,0.782964,0.952983
0.07,0.78 ,0.0449955, 0.171353,0.783652,0.955004
0.07,0.79 ,0.0430808, 0.17267,0.784249,0.956919
0.07,0.8 ,0.041267, 0.173973,0.78476,0.958733
0.07,0.81 ,0.0395488, 0.175261,0.78519,0.960451
0.07,0.82 ,0.037921, 0.176534,0.785545,0.962079
0.07,0.83 ,0.0363786, 0.177793,0.785828,0.963621
0.07,0.84 ,0.0349172, 0.179038,0.786045,0.965083
0.07,0.85 ,0.0335324, 0.180268,0.786199,0.966468
0.07,0.86 ,0.0322201, 0.181485,0.786295,0.96778
0.07,0.87 ,0.0309765, 0.182688,0.786335,0.969024
0.07,0.88 ,0.0297979, 0.183878,0.786324,0.970202
0.07,0.89 ,0.0286811, 0.185055,0.786264,0.971319
0.07,0.9 ,0.0276226, 0.186219,0.786159,0.972377
0.07,0.91 ,0.0266195, 0.18737,0.786011,0.973381
0.07,0.92 ,0.0256689, 0.188509,0.785823,0.974331
0.07,0.93 ,0.024768, 0.189635,0.785597,0.975232
0.07,0.94 ,0.0239143, 0.190749,0.785336,0.976086
0.07,0.95 ,0.0231053, 0.191852,0.785043,0.976895
0.07,0.96 ,0.0223387, 0.192943,0.784719,0.977661
0.07,0.97 ,0.0216124, 0.194022,0.784366,0.978388
0.07,0.98 ,0.0209241, 0.19509,0.783986,0.979076
0.07,0.99 ,0.0202721, 0.196147,0.783581,0.979728
0.07,1 ,0.0196544, 0.197193,0.783153,0.980346
0.08,0 ,0.909358, 0.0765266,0.014115,0.0906417
0.08,0.01 ,0.908826, 0.0767206,0.0144538,0.0911744
0.08,0.02 ,0.908244, 0.0769241,0.0148315,0.0917557
