Betapv,Betamv,V,Rs,Rv,P
0,0 ,0.994616, 0.00338395,0.002,0.00538395
0,0.01 ,0.994569, 0.00338998,0.00204123,0.00543121
0,0.02 ,0.994518, 0.00339624,0.00208549,0.00548173
0,0.03 ,0.994464, 0.00340273,0.00213318,0.00553591
0,0.04 ,0.994406, 0.00340948,0.00218477,0.00559425
0,0.05 ,0.994343, 0.00341651,0.00224081,0.00565732
0,0.06 ,0.994274, 0.00342384,0.00230201,0.00572584
0,0.07 ,0.994199, 0.00343149,0.00236919,0.00580068
0,0.08 ,0.994117, 0.00343949,0.0024434,0.00588289
0,0.09 ,0.994026, 0.00344787,0.00252597,0.00597384
0,0.1 ,0.993925, 0.00345667,0.00261859,0.00607526
0,0.11 ,0.993811, 0.00346592,0.00272346,0.00618938
0,0.12 ,0.993681, 0.00347567,0.00284353,0.0063192
0,0.13 ,0.993531, 0.00348598,0.00298278,0.00646876
0,0.14 ,0.993356, 0.0034969,0.00314686,0.00664376
0,0.15 ,0.993148, 0.00350851,0.0033439,0.00685241
0,0.16 ,0.992893, 0.00352088,0.00358624,0.00710712
0,0.17 ,0.992572, 0.00353412,0.00389344,0.00742756
0,0.18 ,0.992153, 0.00354835,0.00429866,0.00784701
0,0.19 ,0.991573, 0.00356372,0.00486292,0.00842664
0,0.2 ,0.990708, 0.00358039,0.00571211,0.0092925
0,0.21 ,0.989249, 0.00359858,0.00715249,0.0107511
0,0.22 ,0.986233, 0.00361858,0.0101485,0.0137671
0,0.23 ,0.977068, 0.00364073,0.0192909,0.0229317
0,0.24 ,0.940055, 0.00366548,0.0562769,0.0599424
0,0.25 ,0.875331, 0.00369341,0.120976,0.124669
0,0.26 ,0.810087, 0.0037253,0.186188,0.189913
0,0.27 ,0.749627, 0.00376216,0.246611,0.250373
0,0.28 ,0.694351, 0.00380526,0.301844,0.305649
0,0.29 ,0.643932, 0.00385619,0.352212,0.356068
0,0.3 ,0.597926, 0.00391674,0.398157,0.402074
0,0.31 ,0.555897, 0.00398886,0.440114,0.444103
0,0.32 ,0.517442, 0.00407452,0.478483,0.482558
0,0.33 ,0.482205, 0.00417561,0.513619,0.517795
0,0.34 ,0.449867, 0.00429383,0.545839,0.550133
0,0.35 ,0.420148, 0.00443061,0.575422,0.579852
0,0.36 ,0.392797, 0.0045871,0.602616,0.607203
0,0.37 ,0.367593, 0.00476413,0.627643,0.632407
0,0.38 ,0.344339, 0.00496222,0.650699,0.655661
0,0.39 ,0.32286, 0.0051816,0.671958,0.67714
0,0.4 ,0.302999, 0.00542225,0.691579,0.697001
0,0.41 ,0.284615, 0.00568392,0.709701,0.715385
0,0.42 ,0.267582, 0.00596615,0.726452,0.732418
0,0.43 ,0.251787, 0.00626835,0.741944,0.748213
0,0.44 ,0.237128, 0.00658979,0.756282,0.762872
0,0.45 ,0.223512, 0.00692964,0.769559,0.776488
0,0.46 ,0.210855, 0.007287,0.781858,0.789145
0,0.47 ,0.199082, 0.00766093,0.793257,0.800918
0,0.48 ,0.188124, 0.00805045,0.803826,0.811876
0,0.49 ,0.177919, 0.00845457,0.813627,0.822081
0,0.5 ,0.168409, 0.0088723,0.822719,0.831591
0,0.51 ,0.159543, 0.00930265,0.831154,0.840457
0,0.52 ,0.151273, 0.00974466,0.838982,0.848727
0,0.53 ,0.143556, 0.0101974,0.846247,0.856444
0,0.54 ,0.136352, 0.0106599,0.852988,0.863648
0,0.55 ,0.129624, 0.0111314,0.859245,0.870376
0,0.56 ,0.123339, 0.0116109,0.86505,0.876661
0,0.57 ,0.117467, 0.0120977,0.870436,0.882533
0,0.58 ,0.111978, 0.0125911,0.875431,0.888022
0,0.59 ,0.106846, 0.0130902,0.880063,0.893154
0,0.6 ,0.102048, 0.0135944,0.884357,0.897952
0,0.61 ,0.0975618, 0.0141031,0.888335,0.902438
0,0.62 ,0.0933656, 0.0146156,0.892019,0.906634
0,0.63 ,0.0894409, 0.0151313,0.895428,0.910559
0,0.64 ,0.0857699, 0.0156498,0.89858,0.91423
0,0.65 ,0.0823363, 0.0161704,0.901493,0.917664
0,0.66 ,0.0791248, 0.0166928,0.904182,0.920875
0,0.67 ,0.0761213, 0.0172165,0.906662,0.923879
0,0.68 ,0.0733127, 0.0177411,0.908946,0.926687
0,0.69 ,0.0706866, 0.0182661,0.911047,0.929313
0,0.7 ,0.0682317, 0.0187913,0.912977,0.931768
0,0.71 ,0.0659373, 0.0193163,0.914746,0.934063
0,0.72 ,0.0637936, 0.0198407,0.916366,0.936206
0,0.73 ,0.0617912, 0.0203644,0.917844,0.938209
0,0.74 ,0.0599216, 0.020887,0.919191,0.940078
0,0.75 ,0.0581766, 0.0214083,0.920415,0.941823
0,0.76 ,0.0565486, 0.0219281,0.921523,0.943451
0,0.77 ,0.0550307, 0.0224461,0.922523,0.944969
0,0.78 ,0.0536161, 0.0229622,0.923422,0.946384
0,0.79 ,0.0522986, 0.0234762,0.924225,0.947701
0,0.8 ,0.0510725, 0.0239879,0.92494,0.948928
0,0.81 ,0.0499322, 0.0244972,0.925571,0.950068
0,0.82 ,0.0488726, 0.0250039,0.926123,0.951127
0,0.83 ,0.0478889, 0.025508,0.926603,0.952111
0,0.84 ,0.0469766, 0.0260092,0.927014,0.953023
0,0.85 ,0.0461313, 0.0265076,0.927361,0.953869
0,0.86 ,0.0453492, 0.027003,0.927648,0.954651
0,0.87 ,0.0446263, 0.0274954,0.927878,0.955374
0,0.88 ,0.0439593, 0.0279846,0.928056,0.956041
0,0.89 ,0.0433446, 0.0284706,0.928185,0.956655
0,0.9 ,0.0427793, 0.0289533,0.928267,0.957221
0,0.91 ,0.0422602, 0.0294327,0.928307,0.95774
0,0.92 ,0.0417846, 0.0299088,0.928307,0.958215
0,0.93 ,0.04135, 0.0303815,0.928269,0.95865
0,0.94 ,0.0409536, 0.0308507,0.928196,0.959046
0,0.95 ,0.0405934, 0.0313165,0.92809,0.959407
0,0.96 ,0.0402669, 0.0317789,0.927954,0.959733
0,0.97 ,0.0399721, 0.0322377,0.92779,0.960028
0,0.98 ,0.0397071, 0.032693,0.9276,0.960293
0,0.99 ,0.0394699, 0.0331448,0.927385,0.96053
0,1 ,0.0392589, 0.0335931,0.927148,0.960741
0.01,0 ,0.994594, 0.00338673,0.00201976,0.00540649
0.01,0.01 ,0.994546, 0.00339276,0.00206099,0.00545375
0.01,0.02 ,0.994496, 0.00339901,0.00210525,0.00550426
0.01,0.03 ,0.994442, 0.0034055,0.00215294,0.00555844
0.01,0.04 ,0.994383, 0.00341225,0.00220452,0.00561678
0.01,0.05 ,0.99432, 0.00341928,0.00226057,0.00567985
0.01,0.06 ,0.994252, 0.00342661,0.00232176,0.00574837
0.01,0.07 ,0.994177, 0.00343426,0.00238893,0.00582319
0.01,0.08 ,0.994095, 0.00344226,0.00246315,0.00590541
0.01,0.09 ,0.994004, 0.00345064,0.00254571,0.00599635
0.01,0.1 ,0.993902, 0.00345944,0.00263833,0.00609776
0.01,0.11 ,0.993788, 0.00346869,0.00274319,0.00621188
0.01,0.12 ,0.993658, 0.00347844,0.00286325,0.00634169
0.01,0.13 ,0.993509, 0.00348875,0.00300249,0.00649124
0.01,0.14 ,0.993334, 0.00349967,0.00316655,0.00666622
0.01,0.15 ,0.993125, 0.00351127,0.00336358,0.00687485
0.01,0.16 ,0.99287, 0.00352365,0.00360589,0.00712954
0.01,0.17 ,0.99255, 0.00353689,0.00391305,0.00744994
0.01,0.18 ,0.992131, 0.00355112,0.00431821,0.00786933
0.01,0.19 ,0.991551, 0.00356648,0.00488237,0.00844885
0.01,0.2 ,0.990685, 0.00358315,0.00573136,0.00931451
0.01,0.21 ,0.989227, 0.00360135,0.00717128,0.0107726
0.01,0.22 ,0.986213, 0.00362134,0.0101659,0.0137872
0.01,0.23 ,0.977055, 0.00364349,0.0193015,0.022945
0.01,0.24 ,0.940065, 0.00366823,0.0562643,0.0599325
0.01,0.25 ,0.875349, 0.00369616,0.120955,0.124651
0.01,0.26 ,0.810106, 0.00372805,0.186166,0.189894
0.01,0.27 ,0.749645, 0.0037649,0.24659,0.250355
0.01,0.28 ,0.694368, 0.003808,0.301824,0.305632
0.01,0.29 ,0.643949, 0.00385892,0.352192,0.356051
0.01,0.3 ,0.597943, 0.00391946,0.398138,0.402057
0.01,0.31 ,0.555912, 0.00399157,0.440096,0.444088
0.01,0.32 ,0.517457, 0.00407722,0.478465,0.482543
0.01,0.33 ,0.48222, 0.00417829,0.513602,0.51778
0.01,0.34 ,0.449881, 0.00429649,0.545822,0.550119
0.01,0.35 ,0.420161, 0.00443325,0.575406,0.579839
0.01,0.36 ,0.392809, 0.00458972,0.602601,0.607191
0.01,0.37 ,0.367605, 0.00476672,0.627629,0.632395
0.01,0.38 ,0.34435, 0.00496479,0.650685,0.65565
0.01,0.39 ,0.322871, 0.00518414,0.671945,0.677129
0.01,0.4 ,0.303009, 0.00542476,0.691566,0.696991
0.01,0.41 ,0.284625, 0.00568639,0.709689,0.715375
0.01,0.42 ,0.267592, 0.0059686,0.726439,0.732408
0.01,0.43 ,0.251797, 0.00627076,0.741933,0.748203
0.01,0.44 ,0.237137, 0.00659217,0.756271,0.762863
0.01,0.45 ,0.22352, 0.00693198,0.769548,0.77648
0.01,0.46 ,0.210863, 0.00728931,0.781848,0.789137
0.01,0.47 ,0.19909, 0.00766321,0.793247,0.80091
0.01,0.48 ,0.188131, 0.00805269,0.803816,0.811869
0.01,0.49 ,0.177926, 0.00845678,0.813617,0.822074
0.01,0.5 ,0.168416, 0.00887447,0.82271,0.831584
0.01,0.51 ,0.15955, 0.00930479,0.831146,0.84045
0.01,0.52 ,0.151279, 0.00974677,0.838974,0.848721
0.01,0.53 ,0.143562, 0.0101995,0.846239,0.856438
0.01,0.54 ,0.136357, 0.010662,0.852981,0.863643
0.01,0.55 ,0.129629, 0.0111334,0.859237,0.870371
0.01,0.56 ,0.123344, 0.0116129,0.865043,0.876656
0.01,0.57 ,0.117472, 0.0120997,0.870429,0.882528
0.01,0.58 ,0.111982, 0.012593,0.875425,0.888018
0.01,0.59 ,0.106851, 0.0130921,0.880057,0.893149
0.01,0.6 ,0.102053, 0.0135963,0.884351,0.897947
0.01,0.61 ,0.097566, 0.0141049,0.888329,0.902434
0.01,0.62 ,0.0933696, 0.0146173,0.892013,0.90663
0.01,0.63 ,0.0894447, 0.0151331,0.895422,0.910555
0.01,0.64 ,0.0857736, 0.0156515,0.898575,0.914226
0.01,0.65 ,0.0823398, 0.0161721,0.901488,0.91766
0.01,0.66 ,0.0791282, 0.0166945,0.904177,0.920872
0.01,0.67 ,0.0761245, 0.0172182,0.906657,0.923875
0.01,0.68 ,0.0733157, 0.0177427,0.908942,0.926684
0.01,0.69 ,0.0706895, 0.0182677,0.911043,0.929311
0.01,0.7 ,0.0682344, 0.0187929,0.912973,0.931766
0.01,0.71 ,0.0659399, 0.0193178,0.914742,0.93406
0.01,0.72 ,0.0637961, 0.0198423,0.916362,0.936204
0.01,0.73 ,0.0617936, 0.0203659,0.917841,0.938206
0.01,0.74 ,0.0599238, 0.0208885,0.919188,0.940076
0.01,0.75 ,0.0581787, 0.0214098,0.920412,0.941821
0.01,0.76 ,0.0565506, 0.0219295,0.92152,0.943449
0.01,0.77 ,0.0550326, 0.0224475,0.92252,0.944967
0.01,0.78 ,0.0536179, 0.0229636,0.923419,0.946382
0.01,0.79 ,0.0523003, 0.0234776,0.924222,0.9477
0.01,0.8 ,0.0510741, 0.0239893,0.924937,0.948926
0.01,0.81 ,0.0499337, 0.0244985,0.925568,0.950066
0.01,0.82 ,0.0488741, 0.0250052,0.926121,0.951126
0.01,0.83 ,0.0478903, 0.0255093,0.9266,0.95211
0.01,0.84 ,0.0469779, 0.0260105,0.927012,0.953022
0.01,0.85 ,0.0461325, 0.0265089,0.927359,0.953867
0.01,0.86 ,0.0453503, 0.0270043,0.927645,0.95465
0.01,0.87 ,0.0446274, 0.0274966,0.927876,0.955373
0.01,0.88 ,0.0439603, 0.0279858,0.928054,0.95604
0.01,0.89 ,0.0433456, 0.0284718,0.928183,0.956654
0.01,0.9 ,0.0427801, 0.0289545,0.928265,0.95722
0.01,0.91 ,0.042261, 0.0294339,0.928305,0.957739
0.01,0.92 ,0.0417854, 0.02991,0.928305,0.958215
0.01,0.93 ,0.0413507, 0.0303826,0.928267,0.958649
0.01,0.94 ,0.0409543, 0.0308519,0.928194,0.959046
0.01,0.95 ,0.0405939, 0.0313176,0.928088,0.959406
0.01,0.96 ,0.0402674, 0.03178,0.927953,0.959733
0.01,0.97 ,0.0399726, 0.0322388,0.927789,0.960027
0.01,0.98 ,0.0397075, 0.0326941,0.927598,0.960292
0.01,0.99 ,0.0394703, 0.0331458,0.927384,0.96053
0.01,1 ,0.0392592, 0.0335941,0.927147,0.960741
0.02,0 ,0.99457, 0.00338957,0.00204039,0.00542996
0.02,0.01 ,0.994523, 0.0033956,0.00208161,0.00547722
0.02,0.02 ,0.994472, 0.00340185,0.00212587,0.00552773
0.02,0.03 ,0.994418, 0.00340835,0.00217356,0.00558191
0.02,0.04 ,0.99436, 0.0034151,0.00222514,0.00564024
0.02,0.05 ,0.994297, 0.00342213,0.00228118,0.00570331
0.02,0.06 ,0.994228, 0.00342945,0.00234237,0.00577182
0.02,0.07 ,0.994153, 0.0034371,0.00240954,0.00584665
0.02,0.08 ,0.994071, 0.0034451,0.00248375,0.00592885
0.02,0.09 ,0.99398, 0.00345348,0.00256631,0.0060198
0.02,0.1 ,0.993879, 0.00346228,0.00265892,0.0061212
0.02,0.11 ,0.993765, 0.00347153,0.00276378,0.00623531
0.02,0.12 ,0.993635, 0.00348128,0.00288383,0.00636511
0.02,0.13 ,0.993485, 0.00349159,0.00302306,0.00651465
0.02,0.14 ,0.99331, 0.00350251,0.00318711,0.00668962
0.02,0.15 ,0.993102, 0.00351411,0.00338412,0.00689823
0.02,0.16 ,0.992847, 0.00352649,0.0036264,0.00715288
0.02,0.17 ,0.992527, 0.00353973,0.00393352,0.00747325
0.02,0.18 ,0.992107, 0.00355396,0.00433861,0.00789257
0.02,0.19 ,0.991528, 0.00356932,0.00490266,0.00847198
0.02,0.2 ,0.990663, 0.00358599,0.00575145,0.00933743
0.02,0.21 ,0.989205, 0.00360418,0.0071909,0.0107951
0.02,0.22 ,0.986192, 0.00362417,0.0101841,0.0138082
0.02,0.23 ,0.977041, 0.00364632,0.0193126,0.0229589
0.02,0.24 ,0.940075, 0.00367106,0.0562512,0.0599222
0.02,0.25 ,0.875368, 0.00369899,0.120933,0.124632
0.02,0.26 ,0.810125, 0.00373087,0.186144,0.189875
0.02,0.27 ,0.749665, 0.00376772,0.246568,0.250335
0.02,0.28 ,0.694387, 0.00381081,0.301802,0.305613
0.02,0.29 ,0.643967, 0.00386172,0.352172,0.356033
0.02,0.3 ,0.59796, 0.00392225,0.398118,0.40204
0.02,0.31 ,0.555929, 0.00399435,0.440077,0.444071
0.02,0.32 ,0.517473, 0.00407998,0.478447,0.482527
0.02,0.33 ,0.482234, 0.00418104,0.513584,0.517766
0.02,0.34 ,0.449896, 0.00429922,0.545805,0.550104
0.02,0.35 ,0.420175, 0.00443596,0.575389,0.579825
0.02,0.36 ,0.392822, 0.0045924,0.602585,0.607178
0.02,0.37 ,0.367617, 0.00476938,0.627613,0.632383
0.02,0.38 ,0.344362, 0.00496742,0.65067,0.655638
0.02,0.39 ,0.322882, 0.00518674,0.671931,0.677118
0.02,0.4 ,0.30302, 0.00542733,0.691552,0.69698
0.02,0.41 ,0.284636, 0.00568893,0.709675,0.715364
0.02,0.42 ,0.267602, 0.0059711,0.726427,0.732398
0.02,0.43 ,0.251806, 0.00627323,0.74192,0.748194
0.02,0.44 ,0.237146, 0.0065946,0.756259,0.762854
0.02,0.45 ,0.223529, 0.00693438,0.769537,0.776471
0.02,0.46 ,0.210871, 0.00729168,0.781837,0.789129
0.02,0.47 ,0.199098, 0.00766554,0.793237,0.800902
0.02,0.48 ,0.188139, 0.00805499,0.803806,0.811861
0.02,0.49 ,0.177933, 0.00845904,0.813608,0.822067
0.02,0.5 ,0.168423, 0.0088767,0.8227,0.831577
0.02,0.51 ,0.159556, 0.00930698,0.831137,0.840444
0.02,0.52 ,0.151286, 0.00974892,0.838965,0.848714
0.02,0.53 ,0.143568, 0.0102016,0.84623,0.856432
0.02,0.54 ,0.136363, 0.010664,0.852973,0.863637
0.02,0.55 ,0.129635, 0.0111354,0.859229,0.870365
0.02,0.56 ,0.12335, 0.0116149,0.865035,0.87665
0.02,0.57 ,0.117477, 0.0121017,0.870422,0.882523
0.02,0.58 ,0.111987, 0.0125949,0.875418,0.888013
0.02,0.59 ,0.106856, 0.013094,0.88005,0.893144
0.02,0.6 ,0.102057, 0.0135981,0.884344,0.897943
0.02,0.61 ,0.0975704, 0.0141067,0.888323,0.90243
0.02,0.62 ,0.0933738, 0.0146192,0.892007,0.906626
0.02,0.63 ,0.0894487, 0.0151349,0.895416,0.910551
0.02,0.64 ,0.0857774, 0.0156533,0.898569,0.914223
0.02,0.65 ,0.0823434, 0.0161739,0.901483,0.917657
0.02,0.66 ,0.0791316, 0.0166962,0.904172,0.920868
0.02,0.67 ,0.0761278, 0.0172198,0.906652,0.923872
0.02,0.68 ,0.0733188, 0.0177444,0.908937,0.926681
0.02,0.69 ,0.0706925, 0.0182694,0.911038,0.929308
0.02,0.7 ,0.0682373, 0.0187945,0.912968,0.931763
0.02,0.71 ,0.0659426, 0.0193194,0.914738,0.934057
0.02,0.72 ,0.0637987, 0.0198438,0.916358,0.936201
0.02,0.73 ,0.061796, 0.0203675,0.917837,0.938204
0.02,0.74 ,0.0599262, 0.02089,0.919184,0.940074
0.02,0.75 ,0.0581809, 0.0214113,0.920408,0.941819
0.02,0.76 ,0.0565528, 0.021931,0.921516,0.943447
0.02,0.77 ,0.0550346, 0.022449,0.922516,0.944965
0.02,0.78 ,0.0536198, 0.022965,0.923415,0.94638
0.02,0.79 ,0.0523021, 0.023479,0.924219,0.947698
0.02,0.8 ,0.0510758, 0.0239906,0.924934,0.948924
0.02,0.81 ,0.0499353, 0.0244999,0.925565,0.950065
0.02,0.82 ,0.0488756, 0.0250066,0.926118,0.951124
0.02,0.83 ,0.0478917, 0.0255106,0.926598,0.952108
0.02,0.84 ,0.0469792, 0.0260118,0.927009,0.953021
0.02,0.85 ,0.0461338, 0.0265102,0.927356,0.953866
0.02,0.86 ,0.0453515, 0.0270055,0.927643,0.954648
0.02,0.87 ,0.0446285, 0.0274978,0.927874,0.955371
0.02,0.88 ,0.0439613, 0.027987,0.928052,0.956039
0.02,0.89 ,0.0433465, 0.028473,0.92818,0.956653
0.02,0.9 ,0.0427811, 0.0289557,0.928263,0.957219
0.02,0.91 ,0.0422619, 0.0294351,0.928303,0.957738
0.02,0.92 ,0.0417862, 0.0299111,0.928303,0.958214
0.02,0.93 ,0.0413514, 0.0303838,0.928265,0.958649
0.02,0.94 ,0.040955, 0.030853,0.928192,0.959045
0.02,0.95 ,0.0405946, 0.0313188,0.928087,0.959405
0.02,0.96 ,0.040268, 0.0317811,0.927951,0.959732
0.02,0.97 ,0.0399731, 0.0322399,0.927787,0.960027
0.02,0.98 ,0.039708, 0.0326951,0.927597,0.960292
0.02,0.99 ,0.0394708, 0.0331469,0.927382,0.960529
0.02,1 ,0.0392596, 0.0335951,0.927145,0.96074
0.03,0 ,0.994546, 0.00339249,0.00206195,0.00545444
0.03,0.01 ,0.994498, 0.00339852,0.00210317,0.00550169
0.03,0.02 ,0.994448, 0.00340477,0.00214743,0.0055522
0.03,0.03 ,0.994394, 0.00341127,0.00219511,0.00560638
0.03,0.04 ,0.994335, 0.00341802,0.00224669,0.00566471
0.03,0.05 ,0.994272, 0.00342504,0.00230273,0.00572778
0.03,0.06 ,0.994204, 0.00343237,0.00236391,0.00579629
0.03,0.07 ,0.994129, 0.00344002,0.00243108,0.00587111
0.03,0.08 ,0.994047, 0.00344802,0.00250529,0.00595331
0.03,0.09 ,0.993956, 0.0034564,0.00258785,0.00604425
0.03,0.1 ,0.993854, 0.0034652,0.00268045,0.00614565
0.03,0.11 ,0.99374, 0.00347445,0.0027853,0.00625975
0.03,0.12 ,0.99361, 0.0034842,0.00290534,0.00638954
0.03,0.13 ,0.993461, 0.0034945,0.00304456,0.00653907
0.03,0.14 ,0.993286, 0.00350542,0.00320859,0.00671402
0.03,0.15 ,0.993077, 0.00351703,0.00340558,0.00692261
0.03,0.16 ,0.992823, 0.0035294,0.00364783,0.00717723
0.03,0.17 ,0.992502, 0.00354264,0.00395491,0.00749755
0.03,0.18 ,0.992083, 0.00355687,0.00435994,0.00791681
0.03,0.19 ,0.991504, 0.00357223,0.00492388,0.00849611
0.03,0.2 ,0.990639, 0.00358889,0.00577245,0.00936134
0.03,0.21 ,0.989182, 0.00360709,0.00721141,0.0108185
0.03,0.22 ,0.98617, 0.00362708,0.0102031,0.0138301
0.03,0.23 ,0.977026, 0.00364922,0.0193242,0.0229735
0.03,0.24 ,0.940086, 0.00367396,0.0562376,0.0599116
0.03,0.25 ,0.875387, 0.00370188,0.120911,0.124613
0.03,0.26 ,0.810146, 0.00373376,0.186121,0.189854
0.03,0.27 ,0.749685, 0.0037706,0.246545,0.250315
0.03,0.28 ,0.694406, 0.00381369,0.30178,0.305594
0.03,0.29 ,0.643985, 0.0038646,0.35215,0.356015
0.03,0.3 ,0.597978, 0.00392512,0.398097,0.402022
0.03,0.31 ,0.555946, 0.0039972,0.440057,0.444054
0.03,0.32 ,0.517489, 0.00408282,0.478428,0.482511
0.03,0.33 ,0.48225, 0.00418386,0.513566,0.51775
0.03,0.34 ,0.44991, 0.00430202,0.545788,0.55009
0.03,0.35 ,0.420189, 0.00443874,0.575372,0.579811
0.03,0.36 ,0.392836, 0.00459516,0.602569,0.607164
0.03,0.37 ,0.36763, 0.00477211,0.627598,0.63237
0.03,0.38 ,0.344375, 0.00497011,0.650655,0.655625
0.03,0.39 ,0.322894, 0.00518941,0.671916,0.677106
0.03,0.4 ,0.303032, 0.00542997,0.691538,0.696968
0.03,0.41 ,0.284647, 0.00569153,0.709662,0.715353
0.03,0.42 ,0.267613, 0.00597367,0.726414,0.732387
0.03,0.43 ,0.251816, 0.00627577,0.741908,0.748184
0.03,0.44 ,0.237156, 0.0065971,0.756247,0.762844
0.03,0.45 ,0.223538, 0.00693684,0.769525,0.776462
0.03,0.46 ,0.21088, 0.0072941,0.781826,0.78912
0.03,0.47 ,0.199106, 0.00766792,0.793226,0.800894
0.03,0.48 ,0.188147, 0.00805734,0.803795,0.811853
0.03,0.49 ,0.177941, 0.00846135,0.813598,0.822059
0.03,0.5 ,0.16843, 0.00887898,0.822691,0.83157
0.03,0.51 ,0.159563, 0.00930922,0.831127,0.840437
0.03,0.52 ,0.151293, 0.00975113,0.838956,0.848707
0.03,0.53 ,0.143575, 0.0102038,0.846222,0.856425
0.03,0.54 ,0.13637, 0.0106662,0.852964,0.86363
0.03,0.55 ,0.129641, 0.0111375,0.859221,0.870359
0.03,0.56 ,0.123356, 0.011617,0.865027,0.876644
0.03,0.57 ,0.117482, 0.0121037,0.870414,0.882518
0.03,0.58 ,0.111993, 0.0125969,0.87541,0.888007
0.03,0.59 ,0.106861, 0.013096,0.880043,0.893139
0.03,0.6 ,0.102062, 0.0136001,0.884338,0.897938
0.03,0.61 ,0.0975749, 0.0141086,0.888316,0.902425
0.03,0.62 ,0.0933782, 0.014621,0.892001,0.906622
0.03,0.63 ,0.0894529, 0.0151367,0.89541,0.910547
0.03,0.64 ,0.0857814, 0.0156551,0.898564,0.914219
0.03,0.65 ,0.0823472, 0.0161757,0.901477,0.917653
0.03,0.66 ,0.0791353, 0.016698,0.904167,0.920865
0.03,0.67 ,0.0761313, 0.0172216,0.906647,0.923869
0.03,0.68 ,0.0733222, 0.0177461,0.908932,0.926678
0.03,0.69 ,0.0706956, 0.018271,0.911033,0.929304
0.03,0.7 ,0.0682403, 0.0187961,0.912964,0.93176
0.03,0.71 ,0.0659455, 0.019321,0.914733,0.934055
0.03,0.72 ,0.0638014, 0.0198454,0.916353,0.936199
0.03,0.73 ,0.0617986, 0.020369,0.917832,0.938201
0.03,0.74 ,0.0599286, 0.0208916,0.91918,0.940071
0.03,0.75 ,0.0581832, 0.0214128,0.920404,0.941817
0.03,0.76 ,0.056555, 0.0219325,0.921513,0.943445
0.03,0.77 ,0.0550367, 0.0224505,0.922513,0.944963
0.03,0.78 ,0.0536218, 0.0229665,0.923412,0.946378
0.03,0.79 ,0.052304, 0.0234804,0.924216,0.947696
0.03,0.8 ,0.0510776, 0.023992,0.92493,0.948922
0.03,0.81 ,0.049937, 0.0245013,0.925562,0.950063
0.03,0.82 ,0.0488772, 0.0250079,0.926115,0.951123
0.03,0.83 ,0.0478932, 0.0255119,0.926595,0.952107
0.03,0.84 ,0.0469806, 0.0260132,0.927006,0.953019
0.03,0.85 ,0.0461352, 0.0265115,0.927353,0.953865
0.03,0.86 ,0.0453528, 0.0270068,0.92764,0.954647
0.03,0.87 ,0.0446297, 0.0274991,0.927871,0.95537
0.03,0.88 ,0.0439624, 0.0279883,0.928049,0.956038
0.03,0.89 ,0.0433476, 0.0284742,0.928178,0.956652
0.03,0.9 ,0.042782, 0.0289569,0.928261,0.957218
0.03,0.91 ,0.0422628, 0.0294363,0.928301,0.957737
0.03,0.92 ,0.041787, 0.0299123,0.928301,0.958213
0.03,0.93 ,0.0413522, 0.0303849,0.928263,0.958648
0.03,0.94 ,0.0409557, 0.0308542,0.92819,0.959044
0.03,0.95 ,0.0405953, 0.0313199,0.928085,0.959405
0.03,0.96 ,0.0402686, 0.0317822,0.927949,0.959731
0.03,0.97 ,0.0399737, 0.032241,0.927785,0.960026
0.03,0.98 ,0.0397085, 0.0326962,0.927595,0.960291
0.03,0.99 ,0.0394713, 0.033148,0.927381,0.960529
0.03,1 ,0.0392601, 0.0335962,0.927144,0.96074
0.04,0 ,0.99452, 0.00339549,0.00208451,0.00548
0.04,0.01 ,0.994473, 0.00340152,0.00212574,0.00552726
0.04,0.02 ,0.994422, 0.00340777,0.00216999,0.00557776
0.04,0.03 ,0.994368, 0.00341426,0.00221768,0.00563194
0.04,0.04 ,0.99431, 0.00342101,0.00226925,0.00569027
0.04,0.05 ,0.994247, 0.00342804,0.00232529,0.00575333
0.04,0.06 ,0.994178, 0.00343537,0.00238647,0.00582184
0.04,0.07 ,0.994103, 0.00344302,0.00245364,0.00589665
0.04,0.08 ,0.994021, 0.00345102,0.00252784,0.00597885
0.04,0.09 ,0.99393, 0.0034594,0.00261039,0.00606978
0.04,0.1 ,0.993829, 0.00346819,0.00270299,0.00617118
0.04,0.11 ,0.993715, 0.00347744,0.00280783,0.00628527
0.04,0.12 ,0.993585, 0.00348719,0.00292786,0.00641505
0.04,0.13 ,0.993435, 0.0034975,0.00306707,0.00656457
0.04,0.14 ,0.99326, 0.00350842,0.00323109,0.0067395
0.04,0.15 ,0.993052, 0.00352002,0.00342805,0.00694807
0.04,0.16 ,0.992797, 0.00353239,0.00367028,0.00720267
0.04,0.17 ,0.992477, 0.00354563,0.00397731,0.00752294
0.04,0.18 ,0.992058, 0.00355986,0.00438227,0.00794213
0.04,0.19 ,0.991479, 0.00357522,0.0049461,0.00852131
0.04,0.2 ,0.990614, 0.00359188,0.00579444,0.00938632
0.04,0.21 ,0.989157, 0.00361007,0.00723289,0.010843
0.04,0.22 ,0.986147, 0.00363006,0.010223,0.013853
0.04,0.23 ,0.977011, 0.0036522,0.0193365,0.0229887
0.04,0.24 ,0.940097, 0.00367694,0.0562235,0.0599005
0.04,0.25 ,0.875407, 0.00370486,0.120888,0.124593
0.04,0.26 ,0.810167, 0.00373673,0.186096,0.189833
0.04,0.27 ,0.749705, 0.00377357,0.246521,0.250295
0.04,0.28 ,0.694426, 0.00381665,0.301757,0.305574
0.04,0.29 ,0.644005, 0.00386755,0.352128,0.355995
0.04,0.3 ,0.597996, 0.00392806,0.398076,0.402004
0.04,0.31 ,0.555963, 0.00400013,0.440036,0.444037
0.04,0.32 ,0.517506, 0.00408573,0.478408,0.482494
0.04,0.33 ,0.482266, 0.00418675,0.513547,0.517734
0.04,0.34 ,0.449926, 0.00430489,0.545769,0.550074
0.04,0.35 ,0.420204, 0.00444159,0.575355,0.579796
0.04,0.36 ,0.39285, 0.00459798,0.602552,0.60715
0.04,0.37 ,0.367644, 0.0047749,0.627581,0.632356
0.04,0.38 ,0.344388, 0.00497288,0.650639,0.655612
0.04,0.39 ,0.322907, 0.00519214,0.671901,0.677093
0.04,0.4 ,0.303044, 0.00543267,0.691523,0.696956
0.04,0.41 ,0.284658, 0.0056942,0.709648,0.715342
0.04,0.42 ,0.267624, 0.0059763,0.7264,0.732376
0.04,0.43 ,0.251827, 0.00627836,0.741895,0.748173
0.04,0.44 ,0.237166, 0.00659966,0.756235,0.762834
0.04,0.45 ,0.223548, 0.00693937,0.769513,0.776452
0.04,0.46 ,0.21089, 0.00729658,0.781814,0.78911
0.04,0.47 ,0.199115, 0.00767037,0.793215,0.800885
0.04,0.48 ,0.188156, 0.00805975,0.803784,0.811844
0.04,0.49 ,0.177949, 0.00846373,0.813587,0.822051
0.04,0.5 ,0.168438, 0.00888131,0.82268,0.831562
0.04,0.51 ,0.159571, 0.00931152,0.831118,0.840429
0.04,0.52 ,0.1513, 0.00975339,0.838947,0.8487
0.04,0.53 ,0.143581, 0.010206,0.846213,0.856419
0.04,0.54 ,0.136376, 0.0106684,0.852955,0.863624
0.04,0.55 ,0.129647, 0.0111397,0.859213,0.870353
0.04,0.56 ,0.123362, 0.0116191,0.865019,0.876638
0.04,0.57 ,0.117488, 0.0121058,0.870406,0.882512
0.04,0.58 ,0.111998, 0.012599,0.875403,0.888002
0.04,0.59 ,0.106866, 0.013098,0.880036,0.893134
0.04,0.6 ,0.102067, 0.0136021,0.884331,0.897933
0.04,0.61 ,0.0975797, 0.0141106,0.88831,0.90242
0.04,0.62 ,0.0933827, 0.014623,0.891994,0.906617
0.04,0.63 ,0.0894572, 0.0151386,0.895404,0.910543
0.04,0.64 ,0.0857855, 0.0156569,0.898558,0.914214
0.04,0.65 ,0.0823512, 0.0161775,0.901471,0.917649
0.04,0.66 ,0.0791391, 0.0166998,0.904161,0.920861
0.04,0.67 ,0.0761349, 0.0172233,0.906642,0.923865
0.04,0.68 ,0.0733256, 0.0177478,0.908927,0.926674
0.04,0.69 ,0.0706989, 0.0182727,0.911028,0.929301
0.04,0.7 ,0.0682434, 0.0187978,0.912959,0.931757
0.04,0.71 ,0.0659485, 0.0193227,0.914729,0.934052
0.04,0.72 ,0.0638042, 0.0198471,0.916349,0.936196
0.04,0.73 ,0.0618013, 0.0203706,0.917828,0.938199
0.04,0.74 ,0.0599312, 0.0208931,0.919176,0.940069
0.04,0.75 ,0.0581857, 0.0214144,0.9204,0.941814
0.04,0.76 ,0.0565573, 0.021934,0.921509,0.943443
0.04,0.77 ,0.0550389, 0.022452,0.922509,0.944961
0.04,0.78 ,0.0536239, 0.022968,0.923408,0.946376
0.04,0.79 ,0.052306, 0.0234819,0.924212,0.947694
0.04,0.8 ,0.0510795, 0.0239935,0.924927,0.948921
0.04,0.81 ,0.0499388, 0.0245027,0.925559,0.950061
0.04,0.82 ,0.0488789, 0.0250093,0.926112,0.951121
0.04,0.83 ,0.0478948, 0.0255133,0.926592,0.952105
0.04,0.84 ,0.0469821, 0.0260145,0.927003,0.953018
0.04,0.85 ,0.0461366, 0.0265128,0.927351,0.953863
0.04,0.86 ,0.0453541, 0.0270081,0.927638,0.954646
0.04,0.87 ,0.044631, 0.0275004,0.927869,0.955369
0.04,0.88 ,0.0439636, 0.0279895,0.928047,0.956036
0.04,0.89 ,0.0433487, 0.0284755,0.928176,0.956651
0.04,0.9 ,0.042783, 0.0289581,0.928259,0.957217
0.04,0.91 ,0.0422637, 0.0294375,0.928299,0.957736
0.04,0.92 ,0.0417879, 0.0299135,0.928299,0.958212
0.04,0.93 ,0.041353, 0.0303861,0.928261,0.958647
0.04,0.94 ,0.0409565, 0.0308553,0.928188,0.959044
0.04,0.95 ,0.040596, 0.0313211,0.928083,0.959404
0.04,0.96 ,0.0402693, 0.0317833,0.927947,0.959731
0.04,0.97 ,0.0399743, 0.0322421,0.927784,0.960026
0.04,0.98 ,0.0397091, 0.0326973,0.927594,0.960291
0.04,0.99 ,0.0394718, 0.0331491,0.927379,0.960528
0.04,1 ,0.0392605, 0.0335973,0.927142,0.960739
0.05,0 ,0.994493, 0.00339857,0.00210818,0.00550675
0.05,0.01 ,0.994446, 0.0034046,0.0021494,0.005554
0.05,0.02 ,0.994395, 0.00341085,0.00219366,0.00560451
0.05,0.03 ,0.994341, 0.00341734,0.00224134,0.00565868
0.05,0.04 ,0.994283, 0.00342409,0.00229291,0.005717
0.05,0.05 ,0.99422, 0.00343112,0.00234894,0.00578007
0.05,0.06 ,0.994151, 0.00343845,0.00241012,0.00584857
0.05,0.07 ,0.994077, 0.00344609,0.00247729,0.00592338
0.05,0.08 ,0.993994, 0.00345409,0.00255148,0.00600557
0.05,0.09 ,0.993903, 0.00346247,0.00263403,0.0060965
0.05,0.1 ,0.993802, 0.00347127,0.00272662,0.00619789
0.05,0.11 ,0.993688, 0.00348052,0.00283146,0.00631197
0.05,0.12 ,0.993558, 0.00349027,0.00295147,0.00644174
0.05,0.13 ,0.993409, 0.00350057,0.00309068,0.00659125
0.05,0.14 ,0.993234, 0.00351149,0.00325468,0.00676617
0.05,0.15 ,0.993025, 0.00352309,0.00345162,0.00697471
0.05,0.16 ,0.992771, 0.00353546,0.00369381,0.00722928
0.05,0.17 ,0.99245, 0.0035487,0.0040008,0.00754951
0.05,0.18 ,0.992031, 0.00356293,0.00440569,0.00796862
0.05,0.19 ,0.991452, 0.00357829,0.0049694,0.00854768
0.05,0.2 ,0.990588, 0.00359495,0.00581751,0.00941246
0.05,0.21 ,0.989131, 0.00361314,0.00725542,0.0108686
0.05,0.22 ,0.986123, 0.00363313,0.0102439,0.013877
0.05,0.23 ,0.976995, 0.00365526,0.0193493,0.0230046
0.05,0.24 ,0.940108, 0.00368,0.0562089,0.0598889
0.05,0.25 ,0.875429, 0.00370792,0.120863,0.124571
0.05,0.26 ,0.810189, 0.00373979,0.186071,0.189811
0.05,0.27 ,0.749727, 0.00377662,0.246496,0.250273
0.05,0.28 ,0.694447, 0.00381969,0.301733,0.305553
0.05,0.29 ,0.644025, 0.00387058,0.352105,0.355975
0.05,0.3 ,0.598015, 0.00393108,0.398053,0.401985
0.05,0.31 ,0.555982, 0.00400314,0.440015,0.444018
0.05,0.32 ,0.517524, 0.00408872,0.478387,0.482476
0.05,0.33 ,0.482283, 0.00418973,0.513527,0.517717
0.05,0.34 ,0.449942, 0.00430784,0.54575,0.550058
0.05,0.35 ,0.420219, 0.00444451,0.575336,0.579781
0.05,0.36 ,0.392865, 0.00460088,0.602534,0.607135
0.05,0.37 ,0.367658, 0.00477778,0.627564,0.632342
0.05,0.38 ,0.344402, 0.00497572,0.650623,0.655598
0.05,0.39 ,0.32292, 0.00519495,0.671885,0.67708
0.05,0.4 ,0.303056, 0.00543544,0.691508,0.696944
0.05,0.41 ,0.28467, 0.00569694,0.709633,0.71533
0.05,0.42 ,0.267635, 0.005979,0.726386,0.732365
0.05,0.43 ,0.251838, 0.00628103,0.741881,0.748162
0.05,0.44 ,0.237176, 0.00660229,0.756221,0.762824
0.05,0.45 ,0.223558, 0.00694195,0.7695,0.776442
0.05,0.46 ,0.210899, 0.00729913,0.781802,0.789101
0.05,0.47 ,0.199124, 0.00767288,0.793203,0.800876
0.05,0.48 ,0.188165, 0.00806222,0.803773,0.811835
0.05,0.49 ,0.177958, 0.00846616,0.813576,0.822042
0.05,0.5 ,0.168446, 0.0088837,0.82267,0.831554
0.05,0.51 ,0.159579, 0.00931387,0.831107,0.840421
0.05,0.52 ,0.151307, 0.0097557,0.838937,0.848693
0.05,0.53 ,0.143589, 0.0102082,0.846203,0.856411
0.05,0.54 ,0.136383, 0.0106706,0.852946,0.863617
0.05,0.55 ,0.129654, 0.0111419,0.859204,0.870346
0.05,0.56 ,0.123368, 0.0116213,0.865011,0.876632
0.05,0.57 ,0.117494, 0.0121079,0.870398,0.882506
0.05,0.58 ,0.112004, 0.0126011,0.875395,0.887996
0.05,0.59 ,0.106871, 0.0131,0.880029,0.893129
0.05,0.6 ,0.102072, 0.0136041,0.884323,0.897928
0.05,0.61 ,0.0975847, 0.0141126,0.888303,0.902415
0.05,0.62 ,0.0933875, 0.0146249,0.891988,0.906612
0.05,0.63 ,0.0894618, 0.0151405,0.895398,0.910538
0.05,0.64 ,0.0857899, 0.0156588,0.898551,0.91421
0.05,0.65 ,0.0823554, 0.0161793,0.901465,0.917645
0.05,0.66 ,0.079143, 0.0167016,0.904155,0.920857
0.05,0.67 ,0.0761387, 0.0172251,0.906636,0.923861
0.05,0.68 ,0.0733292, 0.0177496,0.908921,0.926671
0.05,0.69 ,0.0707024, 0.0182745,0.911023,0.929298
0.05,0.7 ,0.0682467, 0.0187995,0.912954,0.931753
0.05,0.71 ,0.0659516, 0.0193244,0.914724,0.934048
0.05,0.72 ,0.0638072, 0.0198487,0.916344,0.936193
0.05,0.73 ,0.0618042, 0.0203723,0.917824,0.938196
0.05,0.74 ,0.0599339, 0.0208948,0.919171,0.940066
0.05,0.75 ,0.0581883, 0.0214159,0.920396,0.941812
0.05,0.76 ,0.0565597, 0.0219356,0.921505,0.94344
0.05,0.77 ,0.0550412, 0.0224535,0.922505,0.944959
0.05,0.78 ,0.0536261, 0.0229695,0.923404,0.946374
0.05,0.79 ,0.0523081, 0.0234833,0.924209,0.947692
0.05,0.8 ,0.0510815, 0.0239949,0.924924,0.948919
0.05,0.81 ,0.0499407, 0.0245041,0.925555,0.950059
0.05,0.82 ,0.0488806, 0.0250108,0.926109,0.951119
0.05,0.83 ,0.0478965, 0.0255147,0.926589,0.952104
0.05,0.84 ,0.0469837, 0.0260159,0.927,0.953016
0.05,0.85 ,0.046138, 0.0265142,0.927348,0.953862
0.05,0.86 ,0.0453555, 0.0270095,0.927635,0.954645
0.05,0.87 ,0.0446323, 0.0275017,0.927866,0.955368
0.05,0.88 ,0.0439648, 0.0279908,0.928044,0.956035
0.05,0.89 ,0.0433498, 0.0284768,0.928173,0.95665
0.05,0.9 ,0.0427841, 0.0289594,0.928256,0.957216
0.05,0.91 ,0.0422647, 0.0294388,0.928296,0.957735
0.05,0.92 ,0.0417889, 0.0299148,0.928296,0.958211
0.05,0.93 ,0.0413539, 0.0303874,0.928259,0.958646
0.05,0.94 ,0.0409573, 0.0308565,0.928186,0.959043
0.05,0.95 ,0.0405967, 0.0313222,0.928081,0.959403
0.05,0.96 ,0.04027, 0.0317845,0.927946,0.95973
0.05,0.97 ,0.039975, 0.0322432,0.927782,0.960025
0.05,0.98 ,0.0397097, 0.0326985,0.927592,0.96029
0.05,0.99 ,0.0394723, 0.0331502,0.927377,0.960528
0.05,1 ,0.039261, 0.0335984,0.927141,0.960739
0.06,0 ,0.994465, 0.00340174,0.00213305,0.00553478
0.06,0.01 ,0.994418, 0.00340776,0.00217427,0.00558203
0.06,0.02 ,0.994367, 0.00341402,0.00221852,0.00563254
0.06,0.03 ,0.994313, 0.00342051,0.0022662,0.00568671
0.06,0.04 ,0.994255, 0.00342726,0.00231777,0.00574503
0.06,0.05 ,0.994192, 0.00343429,0.0023738,0.00580809
0.06,0.06 ,0.994123, 0.00344161,0.00243497,0.00587659
0.06,0.07 ,0.994049, 0.00344926,0.00250213,0.00595139
0.06,0.08 ,0.993966, 0.00345726,0.00257632,0.00603358
0.06,0.09 ,0.993875, 0.00346564,0.00265887,0.0061245
0.06,0.1 ,0.993774, 0.00347443,0.00275145,0.00622588
0.06,0.11 ,0.99366, 0.00348368,0.00285628,0.00633996
0.06,0.12 ,0.99353, 0.00349343,0.00297629,0.00646972
0.06,0.13 ,0.993381, 0.00350373,0.00311547,0.00661921
0.06,0.14 ,0.993206, 0.00351465,0.00327946,0.00679411
0.06,0.15 ,0.992997, 0.00352625,0.00347638,0.00700263
0.06,0.16 ,0.992743, 0.00353862,0.00371854,0.00725716
0.06,0.17 ,0.992423, 0.00355186,0.00402549,0.00757735
0.06,0.18 ,0.992004, 0.00356609,0.0044303,0.00799639
0.06,0.19 ,0.991425, 0.00358144,0.00499388,0.00857532
0.06,0.2 ,0.99056, 0.0035981,0.00584175,0.00943985
0.06,0.21 ,0.989105, 0.00361629,0.0072791,0.0108954
0.06,0.22 ,0.986098, 0.00363628,0.0102658,0.0139021
0.06,0.23 ,0.976979, 0.00365841,0.0193629,0.0230213
0.06,0.24 ,0.940121, 0.00368314,0.0561936,0.0598768
0.06,0.25 ,0.875451, 0.00371106,0.120838,0.124549
0.06,0.26 ,0.810212, 0.00374292,0.186045,0.189788
0.06,0.27 ,0.74975, 0.00377975,0.24647,0.25025
0.06,0.28 ,0.694469, 0.00382282,0.301708,0.305531
0.06,0.29 ,0.644046, 0.0038737,0.35208,0.355954
0.06,0.3 ,0.598036, 0.00393418,0.39803,0.401964
0.06,0.31 ,0.556001, 0.00400623,0.439992,0.443999
0.06,0.32 ,0.517543, 0.0040918,0.478366,0.482457
0.06,0.33 ,0.482301, 0.00419278,0.513506,0.517699
0.06,0.34 ,0.449959, 0.00431088,0.54573,0.550041
0.06,0.35 ,0.420236, 0.00444752,0.575317,0.579764
0.06,0.36 ,0.392881, 0.00460386,0.602515,0.607119
0.06,0.37 ,0.367673, 0.00478073,0.627546,0.632327
0.06,0.38 ,0.344416, 0.00497864,0.650605,0.655584
0.06,0.39 ,0.322934, 0.00519784,0.671868,0.677066
0.06,0.4 ,0.30307, 0.00543829,0.691492,0.69693
0.06,0.41 ,0.284683, 0.00569975,0.709618,0.715317
0.06,0.42 ,0.267647, 0.00598178,0.726371,0.732353
0.06,0.43 ,0.251849, 0.00628376,0.741867,0.748151
0.06,0.44 ,0.237187, 0.00660498,0.756208,0.762813
0.06,0.45 ,0.223568, 0.00694461,0.769487,0.776432
0.06,0.46 ,0.210909, 0.00730175,0.781789,0.789091
0.06,0.47 ,0.199134, 0.00767545,0.79319,0.800866
0.06,0.48 ,0.188174, 0.00806475,0.803761,0.811826
0.06,0.49 ,0.177967, 0.00846865,0.813565,0.822033
0.06,0.5 ,0.168455, 0.00888615,0.822659,0.831545
0.06,0.51 ,0.159587, 0.00931628,0.831097,0.840413
0.06,0.52 ,0.151315, 0.00975807,0.838927,0.848685
0.06,0.53 ,0.143596, 0.0102106,0.846193,0.856404
0.06,0.54 ,0.13639, 0.0106729,0.852937,0.86361
0.06,0.55 ,0.129661, 0.0111441,0.859195,0.870339
0.06,0.56 ,0.123374, 0.0116235,0.865002,0.876626
0.06,0.57 ,0.1175, 0.0121101,0.87039,0.8825
0.06,0.58 ,0.11201, 0.0126032,0.875387,0.88799
0.06,0.59 ,0.106877, 0.0131021,0.880021,0.893123
0.06,0.6 ,0.102078, 0.0136062,0.884316,0.897922
0.06,0.61 ,0.09759, 0.0141146,0.888295,0.90241
0.06,0.62 ,0.0933925, 0.0146269,0.891981,0.906607
0.06,0.63 ,0.0894666, 0.0151425,0.895391,0.910533
0.06,0.64 ,0.0857945, 0.0156608,0.898545,0.914206
0.06,0.65 ,0.0823598, 0.0161812,0.901459,0.91764
0.06,0.66 ,0.0791472, 0.0167035,0.904149,0.920853
0.06,0.67 ,0.0761427, 0.017227,0.90663,0.923857
0.06,0.68 ,0.073333, 0.0177514,0.908916,0.926667
0.06,0.69 ,0.070706, 0.0182763,0.911018,0.929294
0.06,0.7 ,0.0682502, 0.0188013,0.912949,0.93175
0.06,0.71 ,0.0659549, 0.0193261,0.914719,0.934045
0.06,0.72 ,0.0638103, 0.0198504,0.916339,0.93619
0.06,0.73 ,0.0618072, 0.0203739,0.917819,0.938193
0.06,0.74 ,0.0599367, 0.0208964,0.919167,0.940063
0.06,0.75 ,0.058191, 0.0214176,0.920391,0.941809
0.06,0.76 ,0.0565623, 0.0219372,0.921501,0.943438
0.06,0.77 ,0.0550436, 0.0224551,0.922501,0.944956
0.06,0.78 ,0.0536284, 0.022971,0.923401,0.946372
0.06,0.79 ,0.0523103, 0.0234849,0.924205,0.94769
0.06,0.8 ,0.0510835, 0.0239964,0.92492,0.948916
0.06,0.81 ,0.0499426, 0.0245056,0.925552,0.950057
0.06,0.82 ,0.0488825, 0.0250122,0.926105,0.951118
0.06,0.83 ,0.0478982, 0.0255162,0.926586,0.952102
0.06,0.84 ,0.0469854, 0.0260173,0.926997,0.953015
0.06,0.85 ,0.0461396, 0.0265156,0.927345,0.95386
0.06,0.86 ,0.045357, 0.0270109,0.927632,0.954643
0.06,0.87 ,0.0446337, 0.0275031,0.927863,0.955366
0.06,0.88 ,0.0439661, 0.0279922,0.928042,0.956034
0.06,0.89 ,0.0433511, 0.0284781,0.928171,0.956649
0.06,0.9 ,0.0427853, 0.0289607,0.928254,0.957215
0.06,0.91 ,0.0422658, 0.02944,0.928294,0.957734
0.06,0.92 ,0.0417899, 0.029916,0.928294,0.95821
0.06,0.93 ,0.0413548, 0.0303886,0.928257,0.958645
0.06,0.94 ,0.0409582, 0.0308577,0.928184,0.959042
0.06,0.95 ,0.0405975, 0.0313234,0.928079,0.959402
0.06,0.96 ,0.0402707, 0.0317857,0.927944,0.959729
0.06,0.97 ,0.0399757, 0.0322444,0.92778,0.960024
0.06,0.98 ,0.0397103, 0.0326996,0.92759,0.96029
0.06,0.99 ,0.0394729, 0.0331513,0.927376,0.960527
0.06,1 ,0.0392616, 0.0335995,0.927139,0.960738
0.07,0 ,0.994436, 0.00340499,0.00215923,0.00556422
0.07,0.01 ,0.994389, 0.00341102,0.00220045,0.00561147
0.07,0.02 ,0.994338, 0.00341728,0.0022447,0.00566197
0.07,0.03 ,0.994284, 0.00342377,0.00229237,0.00571614
0.07,0.04 ,0.994226, 0.00343052,0.00234394,0.00577446
0.07,0.05 ,0.994162, 0.00343754,0.00239996,0.00583751
0.07,0.06 ,0.994094, 0.00344487,0.00246114,0.005906
0.07,0.07 ,0.994019, 0.00345252,0.00252829,0.00598081
0.07,0.08 ,0.993937, 0.00346051,0.00260248,0.00606299
0.07,0.09 ,0.993846, 0.00346889,0.00268501,0.00615391
0.07,0.1 ,0.993745, 0.00347769,0.00277759,0.00625528
0.07,0.11 ,0.993631, 0.00348694,0.00288241,0.00636935
0.07,0.12 ,0.993501, 0.00349669,0.00300241,0.00649909
0.07,0.13 ,0.993351, 0.00350699,0.00314158,0.00664857
0.07,0.14 ,0.993177, 0.0035179,0.00330555,0.00682345
0.07,0.15 ,0.992968, 0.00352951,0.00350245,0.00703195
0.07,0.16 ,0.992714, 0.00354188,0.00374458,0.00728645
0.07,0.17 ,0.992393, 0.00355511,0.00405147,0.00760658
0.07,0.18 ,0.991974, 0.00356934,0.00445621,0.00802555
0.07,0.19 ,0.991396, 0.00358469,0.00501965,0.00860434
0.07,0.2 ,0.990531, 0.00360135,0.00586727,0.00946862
0.07,0.21 ,0.989076, 0.00361954,0.00730404,0.0109236
0.07,0.22 ,0.986072, 0.00363952,0.010289,0.0139285
0.07,0.23 ,0.976961, 0.00366165,0.0193773,0.0230389
0.07,0.24 ,0.940133, 0.00368638,0.0561777,0.0598641
0.07,0.25 ,0.875474, 0.00371429,0.120811,0.124526
0.07,0.26 ,0.810237, 0.00374615,0.186017,0.189763
0.07,0.27 ,0.749774, 0.00378297,0.246443,0.250226
0.07,0.28 ,0.694492, 0.00382604,0.301681,0.305508
0.07,0.29 ,0.644068, 0.0038769,0.352055,0.355932
0.07,0.3 ,0.598057, 0.00393738,0.398006,0.401943
0.07,0.31 ,0.556022, 0.00400941,0.439969,0.443978
0.07,0.32 ,0.517562, 0.00409496,0.478343,0.482438
0.07,0.33 ,0.48232, 0.00419592,0.513484,0.51768
0.07,0.34 ,0.449977, 0.004314,0.545709,0.550023
0.07,0.35 ,0.420253, 0.00445062,0.575297,0.579747
0.07,0.36 ,0.392897, 0.00460693,0.602496,0.607103
0.07,0.37 ,0.367689, 0.00478376,0.627527,0.632311
0.07,0.38 ,0.344431, 0.00498164,0.650587,0.655569
0.07,0.39 ,0.322948, 0.0052008,0.671851,0.677052
0.07,0.4 ,0.303083, 0.00544122,0.691475,0.696917
0.07,0.41 ,0.284696, 0.00570264,0.709601,0.715304
0.07,0.42 ,0.26766, 0.00598463,0.726356,0.73234
0.07,0.43 ,0.251862, 0.00628657,0.741852,0.748138
0.07,0.44 ,0.237199, 0.00660775,0.756193,0.762801
0.07,0.45 ,0.22358, 0.00694734,0.769473,0.77642
0.07,0.46 ,0.21092, 0.00730443,0.781776,0.78908
0.07,0.47 ,0.199144, 0.0076781,0.793178,0.800856
0.07,0.48 ,0.188184, 0.00806735,0.803749,0.811816
0.07,0.49 ,0.177976, 0.00847121,0.813553,0.822024
0.07,0.5 ,0.168464, 0.00888867,0.822648,0.831536
0.07,0.51 ,0.159595, 0.00931876,0.831086,0.840405
0.07,0.52 ,0.151323, 0.00976051,0.838916,0.848677
0.07,0.53 ,0.143604, 0.010213,0.846183,0.856396
0.07,0.54 ,0.136398, 0.0106753,0.852927,0.863602
0.07,0.55 ,0.129668, 0.0111465,0.859186,0.870332
0.07,0.56 ,0.123381, 0.0116257,0.864993,0.876619
0.07,0.57 ,0.117507, 0.0121123,0.870381,0.882493
0.07,0.58 ,0.112016, 0.0126054,0.875378,0.887984
0.07,0.59 ,0.106883, 0.0131043,0.880012,0.893117
0.07,0.6 ,0.102084, 0.0136083,0.884308,0.897916
0.07,0.61 ,0.0975955, 0.0141167,0.888288,0.902405
0.07,0.62 ,0.0933978, 0.014629,0.891973,0.906602
0.07,0.63 ,0.0894717, 0.0151445,0.895384,0.910528
0.07,0.64 ,0.0857993, 0.0156627,0.898538,0.914201
0.07,0.65 ,0.0823644, 0.0161832,0.901452,0.917636
0.07,0.66 ,0.0791516, 0.0167054,0.904143,0.920848
0.07,0.67 ,0.0761469, 0.0172289,0.906624,0.923853
0.07,0.68 ,0.073337, 0.0177532,0.90891,0.926663
0.07,0.69 ,0.0707098, 0.0182781,0.911012,0.92929
0.07,0.7 ,0.0682538, 0.0188031,0.912943,0.931746
0.07,0.71 ,0.0659584, 0.0193279,0.914714,0.934042
0.07,0.72 ,0.0638136, 0.0198522,0.916334,0.936186
0.07,0.73 ,0.0618103, 0.0203756,0.917814,0.93819
0.07,0.74 ,0.0599397, 0.0208981,0.919162,0.94006
0.07,0.75 ,0.0581938, 0.0214192,0.920387,0.941806
0.07,0.76 ,0.056565, 0.0219388,0.921496,0.943435
0.07,0.77 ,0.0550462, 0.0224567,0.922497,0.944954
