Betapv,Betamv,V,Rs,Rv,P
0,0 ,0.974834, 0.0231655,0.002,0.0251655
0,0.01 ,0.974187, 0.0234254,0.00238782,0.0258132
0,0.02 ,0.973478, 0.023699,0.00282344,0.0265225
0,0.03 ,0.972698, 0.0239874,0.00331463,0.0273021
0,0.04 ,0.971837, 0.024292,0.00387077,0.0281628
0,0.05 ,0.970883, 0.024614,0.00450332,0.0291174
0,0.06 ,0.969819, 0.0249551,0.00522635,0.0301815
0,0.07 ,0.968626, 0.025317,0.00605728,0.0313743
0,0.08 ,0.96728, 0.0257016,0.0070179,0.0327195
0,0.09 ,0.965753, 0.0261112,0.00813577,0.0342469
0,0.1 ,0.964006, 0.0265481,0.00944609,0.0359942
0,0.11 ,0.96199, 0.0270152,0.0109944,0.0380096
0,0.12 ,0.959644, 0.0275156,0.0128404,0.040356
0,0.13 ,0.956884, 0.0280529,0.0150633,0.0431162
0,0.14 ,0.953599, 0.0286309,0.0177704,0.0464013
0,0.15 ,0.949637, 0.0292543,0.0211083,0.0503625
0,0.16 ,0.944791, 0.029928,0.0252814,0.0552095
0,0.17 ,0.938763, 0.0306579,0.0305787,0.0612366
0,0.18 ,0.931138, 0.0314501,0.0374122,0.0688623
0,0.19 ,0.921318, 0.0323116,0.0463705,0.0786822
0,0.2 ,0.908474, 0.0332499,0.0582764,0.0915263
0,0.21 ,0.891519, 0.0342726,0.0742088,0.108481
0,0.22 ,0.869234, 0.0353875,0.0953783,0.130766
0,0.23 ,0.840695, 0.0366018,0.122704,0.159305
0,0.24 ,0.805925, 0.0379215,0.156153,0.194075
0,0.25 ,0.766232, 0.0393506,0.194418,0.233768
0,0.26 ,0.723713, 0.0408906,0.235396,0.276287
0,0.27 ,0.680423, 0.0425402,0.277037,0.319577
0,0.28 ,0.637876, 0.044295,0.317829,0.362124
0,0.29 ,0.597004, 0.0461485,0.356848,0.402996
0,0.3 ,0.558297, 0.0480922,0.393611,0.441703
0,0.31 ,0.52196, 0.0501164,0.427923,0.47804
0,0.32 ,0.488032, 0.0522108,0.459758,0.511968
0,0.33 ,0.456451, 0.054365,0.489184,0.543549
0,0.34 ,0.42711, 0.0565691,0.516321,0.57289
0,0.35 ,0.399872, 0.0588136,0.541315,0.600128
0,0.36 ,0.374595, 0.0610895,0.564315,0.625405
0,0.37 ,0.351137, 0.063389,0.585474,0.648863
0,0.38 ,0.329359, 0.0657048,0.604937,0.670641
0,0.39 ,0.30913, 0.0680306,0.622839,0.69087
0,0.4 ,0.29033, 0.0703608,0.63931,0.70967
0,0.41 ,0.272844, 0.0726905,0.654465,0.727156
0,0.42 ,0.256571, 0.0750153,0.668414,0.743429
0,0.43 ,0.241413, 0.0773318,0.681255,0.758587
0,0.44 ,0.227285, 0.0796366,0.693078,0.772715
0,0.45 ,0.214107, 0.0819272,0.703966,0.785893
0,0.46 ,0.201806, 0.0842012,0.713993,0.798194
0,0.47 ,0.190314, 0.0864568,0.723229,0.809686
0,0.48 ,0.179573, 0.0886924,0.731735,0.820427
0,0.49 ,0.169525, 0.0909066,0.739569,0.830475
0,0.5 ,0.16012, 0.0930984,0.746782,0.83988
0,0.51 ,0.151311, 0.0952669,0.753422,0.848689
0,0.52 ,0.143056, 0.0974115,0.759532,0.856944
0,0.53 ,0.135315, 0.0995317,0.765153,0.864685
0,0.54 ,0.128053, 0.101627,0.77032,0.871947
0,0.55 ,0.121236, 0.103697,0.775067,0.878764
0,0.56 ,0.114833, 0.105742,0.779425,0.885167
0,0.57 ,0.108817, 0.107761,0.783422,0.891183
0,0.58 ,0.103162, 0.109755,0.787083,0.896838
0,0.59 ,0.0978431, 0.111724,0.790433,0.902157
0,0.6 ,0.0928392, 0.113668,0.793493,0.907161
0,0.61 ,0.0881296, 0.115586,0.796284,0.91187
0,0.62 ,0.0836953, 0.11748,0.798825,0.916305
0,0.63 ,0.0795189, 0.119349,0.801132,0.920481
0,0.64 ,0.0755839, 0.121194,0.803222,0.924416
0,0.65 ,0.0718753, 0.123014,0.80511,0.928125
0,0.66 ,0.0683791, 0.124811,0.80681,0.931621
0,0.67 ,0.0650822, 0.126585,0.808333,0.934918
0,0.68 ,0.0619725, 0.128335,0.809693,0.938027
0,0.69 ,0.0590386, 0.130062,0.810899,0.940961
0,0.7 ,0.05627, 0.131767,0.811963,0.94373
0,0.71 ,0.0536568, 0.13345,0.812893,0.946343
0,0.72 ,0.0511899, 0.135111,0.813699,0.94881
0,0.73 ,0.0488606, 0.136751,0.814388,0.951139
0,0.74 ,0.0466609, 0.13837,0.814969,0.953339
0,0.75 ,0.0445832, 0.139968,0.815449,0.955417
0,0.76 ,0.0426206, 0.141546,0.815834,0.957379
0,0.77 ,0.0407665, 0.143103,0.81613,0.959234
0,0.78 ,0.0390146, 0.144641,0.816344,0.960985
0,0.79 ,0.0373592, 0.14616,0.816481,0.962641
0,0.8 ,0.0357947, 0.14766,0.816545,0.964205
0,0.81 ,0.0343162, 0.149142,0.816542,0.965684
0,0.82 ,0.0329187, 0.150605,0.816477,0.967081
0,0.83 ,0.0315978, 0.15205,0.816352,0.968402
0,0.84 ,0.0303492, 0.153477,0.816173,0.969651
0,0.85 ,0.029169, 0.154888,0.815943,0.970831
0,0.86 ,0.0280532, 0.156281,0.815666,0.971947
0,0.87 ,0.0269985, 0.157657,0.815344,0.973001
0,0.88 ,0.0260015, 0.159018,0.814981,0.973999
0,0.89 ,0.025059, 0.160362,0.814579,0.974941
0,0.9 ,0.024168, 0.16169,0.814142,0.975832
0,0.91 ,0.0233257, 0.163003,0.813671,0.976674
0,0.92 ,0.0225296, 0.164301,0.81317,0.97747
0,0.93 ,0.021777, 0.165584,0.812639,0.978223
0,0.94 ,0.0210657, 0.166852,0.812083,0.978934
0,0.95 ,0.0203934, 0.168105,0.811501,0.979607
0,0.96 ,0.019758, 0.169345,0.810897,0.980242
0,0.97 ,0.0191575, 0.170571,0.810272,0.980843
0,0.98 ,0.01859, 0.171783,0.809627,0.98141
0,0.99 ,0.0180538, 0.172981,0.808965,0.981946
0,1 ,0.0175472, 0.174167,0.808286,0.982453
0.01,0 ,0.974579, 0.0232704,0.00215025,0.0254207
0.01,0.01 ,0.973932, 0.0235302,0.00253791,0.0260681
0.01,0.02 ,0.973223, 0.0238036,0.00297333,0.0267769
0.01,0.03 ,0.972444, 0.0240918,0.00346427,0.0275561
0.01,0.04 ,0.971584, 0.0243961,0.00402013,0.0284163
0.01,0.05 ,0.97063, 0.024718,0.00465233,0.0293703
0.01,0.06 ,0.969566, 0.0250588,0.00537493,0.0304337
0.01,0.07 ,0.968374, 0.0254204,0.00620533,0.0316258
0.01,0.08 ,0.96703, 0.0258048,0.0071653,0.0329701
0.01,0.09 ,0.965504, 0.026214,0.00828236,0.0344964
0.01,0.1 ,0.963758, 0.0266506,0.00959165,0.0362422
0.01,0.11 ,0.961744, 0.0271173,0.0111386,0.0382559
0.01,0.12 ,0.9594, 0.0276173,0.0129829,0.0406002
0.01,0.13 ,0.956642, 0.0281541,0.0152036,0.0433577
0.01,0.14 ,0.953361, 0.0287316,0.0179077,0.0466393
0.01,0.15 ,0.949404, 0.0293544,0.0212415,0.0505959
0.01,0.16 ,0.944563, 0.0300275,0.0254091,0.0554367
0.01,0.17 ,0.938545, 0.0307567,0.0306986,0.0614553
0.01,0.18 ,0.930931, 0.0315481,0.0375211,0.0690692
0.01,0.19 ,0.921128, 0.0324087,0.0464636,0.0788723
0.01,0.2 ,0.908307, 0.0333459,0.0583467,0.0916927
0.01,0.21 ,0.891385, 0.0343675,0.0742471,0.108615
0.01,0.22 ,0.869145, 0.0354812,0.095374,0.130855
0.01,0.23 ,0.840657, 0.0366942,0.122648,0.159343
0.01,0.24 ,0.805942, 0.0380124,0.156046,0.194058
0.01,0.25 ,0.766294, 0.0394399,0.194266,0.233706
0.01,0.26 ,0.72381, 0.0409782,0.235212,0.27619
0.01,0.27 ,0.680542, 0.0426259,0.276832,0.319458
0.01,0.28 ,0.638009, 0.0443789,0.317612,0.361991
0.01,0.29 ,0.597144, 0.0462305,0.356625,0.402856
0.01,0.3 ,0.55844, 0.0481723,0.393387,0.44156
0.01,0.31 ,0.522104, 0.0501946,0.427701,0.477896
0.01,0.32 ,0.488174, 0.0522872,0.459539,0.511826
0.01,0.33 ,0.456591, 0.0544396,0.488969,0.543409
0.01,0.34 ,0.427246, 0.056642,0.516112,0.572754
0.01,0.35 ,0.400004, 0.0588847,0.541111,0.599996
0.01,0.36 ,0.374724, 0.0611589,0.564117,0.625276
0.01,0.37 ,0.351261, 0.0634568,0.585282,0.648739
0.01,0.38 ,0.329479, 0.0657711,0.60475,0.670521
0.01,0.39 ,0.309246, 0.0680954,0.622659,0.690754
0.01,0.4 ,0.290441, 0.0704242,0.639135,0.709559
0.01,0.41 ,0.272952, 0.0727525,0.654296,0.727048
0.01,0.42 ,0.256674, 0.075076,0.66825,0.743326
0.01,0.43 ,0.241513, 0.0773912,0.681096,0.758487
0.01,0.44 ,0.227381, 0.0796948,0.692924,0.772619
0.01,0.45 ,0.214199, 0.0819841,0.703817,0.785801
0.01,0.46 ,0.201894, 0.084257,0.713849,0.798106
0.01,0.47 ,0.1904, 0.0865115,0.723089,0.8096
0.01,0.48 ,0.179655, 0.088746,0.731599,0.820345
0.01,0.49 ,0.169604, 0.0909592,0.739437,0.830396
0.01,0.5 ,0.160196, 0.0931501,0.746654,0.839804
0.01,0.51 ,0.151384, 0.0953176,0.753298,0.848616
0.01,0.52 ,0.143126, 0.0974613,0.759413,0.856874
0.01,0.53 ,0.135383, 0.0995805,0.765037,0.864617
0.01,0.54 ,0.128118, 0.101675,0.770207,0.871882
0.01,0.55 ,0.121298, 0.103744,0.774958,0.878702
0.01,0.56 ,0.114893, 0.105788,0.779319,0.885107
0.01,0.57 ,0.108874, 0.107807,0.783319,0.891126
0.01,0.58 ,0.103217, 0.1098,0.786983,0.896783
0.01,0.59 ,0.0978962, 0.111768,0.790336,0.902104
0.01,0.6 ,0.0928903, 0.113711,0.793399,0.90711
0.01,0.61 ,0.0881787, 0.115629,0.796192,0.911821
0.01,0.62 ,0.0837425, 0.117522,0.798735,0.916257
0.01,0.63 ,0.0795642, 0.11939,0.801045,0.920436
0.01,0.64 ,0.0756275, 0.121234,0.803138,0.924373
0.01,0.65 ,0.0719172, 0.123054,0.805028,0.928083
0.01,0.66 ,0.0684194, 0.124851,0.80673,0.931581
0.01,0.67 ,0.065121, 0.126623,0.808256,0.934879
0.01,0.68 ,0.0620097, 0.128373,0.809617,0.93799
0.01,0.69 ,0.0590744, 0.1301,0.810826,0.940926
0.01,0.7 ,0.0563044, 0.131804,0.811891,0.943696
0.01,0.71 ,0.0536899, 0.133487,0.812823,0.94631
0.01,0.72 ,0.0512216, 0.135147,0.813631,0.948778
0.01,0.73 ,0.0488911, 0.136787,0.814322,0.951109
0.01,0.74 ,0.0466902, 0.138405,0.814905,0.95331
0.01,0.75 ,0.0446114, 0.140002,0.815386,0.955389
0.01,0.76 ,0.0426477, 0.14158,0.815773,0.957352
0.01,0.77 ,0.0407925, 0.143137,0.81607,0.959207
0.01,0.78 ,0.0390396, 0.144675,0.816286,0.96096
0.01,0.79 ,0.0373832, 0.146193,0.816424,0.962617
0.01,0.8 ,0.0358178, 0.147693,0.81649,0.964182
0.01,0.81 ,0.0343384, 0.149174,0.816488,0.965662
0.01,0.82 ,0.03294, 0.150636,0.816424,0.96706
0.01,0.83 ,0.0316183, 0.152081,0.816301,0.968382
0.01,0.84 ,0.0303689, 0.153508,0.816123,0.969631
0.01,0.85 ,0.0291879, 0.154918,0.815894,0.970812
0.01,0.86 ,0.0280715, 0.156311,0.815618,0.971929
0.01,0.87 ,0.027016, 0.157687,0.815297,0.972984
0.01,0.88 ,0.0260183, 0.159047,0.814935,0.973982
0.01,0.89 ,0.0250751, 0.160391,0.814534,0.974925
0.01,0.9 ,0.0241835, 0.161719,0.814098,0.975816
0.01,0.91 ,0.0233407, 0.163031,0.813628,0.976659
0.01,0.92 ,0.0225439, 0.164329,0.813127,0.977456
0.01,0.93 ,0.0217908, 0.165611,0.812598,0.978209
0.01,0.94 ,0.0210789, 0.166879,0.812042,0.978921
0.01,0.95 ,0.0204061, 0.168132,0.811462,0.979594
0.01,0.96 ,0.0197702, 0.169372,0.810858,0.98023
0.01,0.97 ,0.0191693, 0.170597,0.810234,0.980831
0.01,0.98 ,0.0186013, 0.171809,0.80959,0.981399
0.01,0.99 ,0.0180647, 0.173007,0.808928,0.981935
0.01,1 ,0.0175576, 0.174192,0.80825,0.982442
0.02,0 ,0.974308, 0.0233794,0.00231239,0.0256918
0.02,0.01 ,0.973661, 0.0236389,0.00269986,0.0263388
0.02,0.02 ,0.972953, 0.0239122,0.00313506,0.0270472
0.02,0.03 ,0.972174, 0.0242002,0.00362575,0.027826
0.02,0.04 ,0.971314, 0.0245043,0.00418129,0.0286856
0.02,0.05 ,0.970361, 0.0248259,0.00481313,0.029639
0.02,0.06 ,0.969298, 0.0251665,0.00553527,0.0307018
0.02,0.07 ,0.968107, 0.0255278,0.00636512,0.031893
0.02,0.08 ,0.966764, 0.0259119,0.00732441,0.0332363
0.02,0.09 ,0.965239, 0.0263208,0.0084406,0.0347614
0.02,0.1 ,0.963494, 0.026757,0.0097488,0.0365058
0.02,0.11 ,0.961482, 0.0272233,0.0112944,0.0385177
0.02,0.12 ,0.95914, 0.0277229,0.0131369,0.0408597
0.02,0.13 ,0.956386, 0.0282592,0.0153552,0.0436144
0.02,0.14 ,0.953108, 0.0288362,0.0180561,0.0468923
0.02,0.15 ,0.949156, 0.0294584,0.0213857,0.0508441
0.02,0.16 ,0.944322, 0.0301308,0.0255475,0.0556783
0.02,0.17 ,0.938312, 0.0308592,0.0308288,0.0616881
0.02,0.18 ,0.93071, 0.0316498,0.0376398,0.0692896
0.02,0.19 ,0.920925, 0.0325095,0.0465656,0.0790751
0.02,0.2 ,0.90813, 0.0334457,0.0584248,0.0918704
0.02,0.21 ,0.891243, 0.0344661,0.0742914,0.108757
0.02,0.22 ,0.869048, 0.0355785,0.0953733,0.130952
0.02,0.23 ,0.840616, 0.03679,0.122594,0.159384
0.02,0.24 ,0.805957, 0.0381067,0.155936,0.194043
0.02,0.25 ,0.766358, 0.0395325,0.194109,0.233642
0.02,0.26 ,0.723911, 0.041069,0.23502,0.276089
0.02,0.27 ,0.680668, 0.0427148,0.276617,0.319332
0.02,0.28 ,0.638149, 0.0444658,0.317385,0.361851
0.02,0.29 ,0.597292, 0.0463155,0.356392,0.402708
0.02,0.3 ,0.558592, 0.0482553,0.393153,0.441408
0.02,0.31 ,0.522256, 0.0502757,0.427468,0.477744
0.02,0.32 ,0.488324, 0.0523663,0.459309,0.511676
0.02,0.33 ,0.456739, 0.0545168,0.488744,0.543261
0.02,0.34 ,0.42739, 0.0567173,0.515893,0.57261
0.02,0.35 ,0.400144, 0.0589582,0.540897,0.599856
0.02,0.36 ,0.374859, 0.0612308,0.56391,0.625141
0.02,0.37 ,0.351392, 0.063527,0.585081,0.648608
0.02,0.38 ,0.329605, 0.0658396,0.604555,0.670395
0.02,0.39 ,0.309368, 0.0681624,0.62247,0.690632
0.02,0.4 ,0.290559, 0.0704896,0.638951,0.709441
0.02,0.41 ,0.273065, 0.0728165,0.654118,0.726935
0.02,0.42 ,0.256783, 0.0751386,0.668078,0.743217
0.02,0.43 ,0.241618, 0.0774524,0.68093,0.758382
0.02,0.44 ,0.227482, 0.0797548,0.692763,0.772518
0.02,0.45 ,0.214296, 0.0820429,0.703661,0.785704
0.02,0.46 ,0.201988, 0.0843146,0.713698,0.798012
0.02,0.47 ,0.190489, 0.0865679,0.722943,0.809511
0.02,0.48 ,0.179741, 0.0888013,0.731458,0.820259
0.02,0.49 ,0.169687, 0.0910134,0.7393,0.830313
0.02,0.5 ,0.160275, 0.0932032,0.746521,0.839725
0.02,0.51 ,0.151461, 0.0953698,0.75317,0.848539
0.02,0.52 ,0.1432, 0.0975125,0.759288,0.8568
0.02,0.53 ,0.135453, 0.0996308,0.764916,0.864547
0.02,0.54 ,0.128186, 0.101724,0.77009,0.871814
0.02,0.55 ,0.121363, 0.103793,0.774844,0.878637
0.02,0.56 ,0.114956, 0.105836,0.779209,0.885044
0.02,0.57 ,0.108935, 0.107854,0.783211,0.891065
0.02,0.58 ,0.103275, 0.109846,0.786879,0.896725
0.02,0.59 ,0.0979519, 0.111814,0.790235,0.902048
0.02,0.6 ,0.0929438, 0.113756,0.793301,0.907056
0.02,0.61 ,0.0882302, 0.115673,0.796097,0.91177
0.02,0.62 ,0.083792, 0.117565,0.798643,0.916208
0.02,0.63 ,0.0796117, 0.119433,0.800956,0.920388
0.02,0.64 ,0.0756731, 0.121276,0.803051,0.924327
0.02,0.65 ,0.0719611, 0.123095,0.804943,0.928039
0.02,0.66 ,0.0684616, 0.124891,0.806647,0.931538
0.02,0.67 ,0.0651615, 0.126663,0.808175,0.934839
0.02,0.68 ,0.0620487, 0.128412,0.809539,0.937951
0.02,0.69 ,0.0591118, 0.130139,0.81075,0.940888
0.02,0.7 ,0.0563403, 0.131842,0.811817,0.94366
0.02,0.71 ,0.0537244, 0.133524,0.812751,0.946276
0.02,0.72 ,0.0512548, 0.135184,0.813561,0.948745
0.02,0.73 ,0.048923, 0.136823,0.814254,0.951077
0.02,0.74 ,0.0467208, 0.138441,0.814838,0.953279
0.02,0.75 ,0.0446409, 0.140038,0.815321,0.955359
0.02,0.76 ,0.042676, 0.141615,0.815709,0.957324
0.02,0.77 ,0.0408197, 0.143171,0.816009,0.95918
0.02,0.78 ,0.0390657, 0.144709,0.816226,0.960934
0.02,0.79 ,0.0374083, 0.146227,0.816365,0.962592
0.02,0.8 ,0.0358419, 0.147726,0.816432,0.964158
0.02,0.81 ,0.0343615, 0.149206,0.816432,0.965638
0.02,0.82 ,0.0329623, 0.150668,0.816369,0.967038
0.02,0.83 ,0.0316397, 0.152113,0.816248,0.96836
0.02,0.84 ,0.0303895, 0.153539,0.816071,0.969611
0.02,0.85 ,0.0292076, 0.154949,0.815843,0.970792
0.02,0.86 ,0.0280904, 0.156341,0.815568,0.97191
0.02,0.87 ,0.0270343, 0.157717,0.815248,0.972966
0.02,0.88 ,0.0260358, 0.159077,0.814887,0.973964
0.02,0.89 ,0.0250919, 0.16042,0.814488,0.974908
0.02,0.9 ,0.0241997, 0.161748,0.814052,0.9758
0.02,0.91 ,0.0233562, 0.16306,0.813584,0.976644
0.02,0.92 ,0.0225588, 0.164357,0.813084,0.977441
0.02,0.93 ,0.0218051, 0.165639,0.812556,0.978195
0.02,0.94 ,0.0210927, 0.166907,0.812001,0.978907
0.02,0.95 ,0.0204194, 0.16816,0.811421,0.979581
0.02,0.96 ,0.019783, 0.169399,0.810818,0.980217
0.02,0.97 ,0.0191815, 0.170624,0.810195,0.980818
0.02,0.98 ,0.0186131, 0.171835,0.809552,0.981387
0.02,0.99 ,0.018076, 0.173033,0.808891,0.981924
0.02,1 ,0.0175685, 0.174218,0.808214,0.982431
0.03,0 ,0.97402, 0.0234927,0.00248771,0.0259804
0.03,0.01 ,0.973373, 0.0237521,0.00287498,0.026627
0.03,0.02 ,0.972665, 0.0240251,0.00330995,0.027335
0.03,0.03 ,0.971887, 0.0243129,0.00380035,0.0281133
0.03,0.04 ,0.971028, 0.0246168,0.00435557,0.0289724
0.03,0.05 ,0.970075, 0.0249381,0.004987,0.0299252
0.03,0.06 ,0.969013, 0.0252785,0.00570867,0.0309871
0.03,0.07 ,0.967823, 0.0256395,0.00653792,0.0321774
0.03,0.08 ,0.96648, 0.0260232,0.00749648,0.0335197
0.03,0.09 ,0.964956, 0.0264318,0.00861176,0.0350436
0.03,0.1 ,0.963214, 0.0268677,0.00991882,0.0367865
0.03,0.11 ,0.961203, 0.0273336,0.0114629,0.0387965
0.03,0.12 ,0.958864, 0.0278326,0.0133035,0.0411362
0.03,0.13 ,0.956112, 0.0283684,0.0155194,0.0438878
0.03,0.14 ,0.952838, 0.0289449,0.018217,0.0471619
0.03,0.15 ,0.948891, 0.0295664,0.0215421,0.0511086
0.03,0.16 ,0.944064, 0.0302382,0.0256977,0.0559359
0.03,0.17 ,0.938064, 0.0309658,0.0309705,0.0619363
0.03,0.18 ,0.930475, 0.0317555,0.0377692,0.0695247
0.03,0.19 ,0.920708, 0.0326142,0.0466775,0.0792917
0.03,0.2 ,0.907939, 0.0335493,0.0585114,0.0920607
0.03,0.21 ,0.891089, 0.0345685,0.0743423,0.108911
0.03,0.22 ,0.868944, 0.0356795,0.0953768,0.131056
0.03,0.23 ,0.84057, 0.0368896,0.122541,0.15943
0.03,0.24 ,0.805971, 0.0382045,0.155824,0.194029
0.03,0.25 ,0.766425, 0.0396286,0.193946,0.233575
0.03,0.26 ,0.724017, 0.0411632,0.23482,0.275983
0.03,0.27 ,0.6808, 0.042807,0.276393,0.3192
0.03,0.28 ,0.638297, 0.0445561,0.317147,0.361703
0.03,0.29 ,0.597448, 0.0464036,0.356148,0.402552
0.03,0.3 ,0.558751, 0.0483414,0.392908,0.441249
0.03,0.31 ,0.522416, 0.0503597,0.427224,0.477584
0.03,0.32 ,0.488483, 0.0524482,0.459069,0.511517
0.03,0.33 ,0.456894, 0.0545968,0.488509,0.543106
0.03,0.34 ,0.427542, 0.0567953,0.515663,0.572458
0.03,0.35 ,0.400292, 0.0590344,0.540674,0.599708
0.03,0.36 ,0.375002, 0.0613051,0.563692,0.624998
0.03,0.37 ,0.351531, 0.0635995,0.58487,0.648469
0.03,0.38 ,0.329739, 0.0659105,0.604351,0.670261
0.03,0.39 ,0.309497, 0.0682316,0.622272,0.690503
0.03,0.4 ,0.290683, 0.0705573,0.63876,0.709317
0.03,0.41 ,0.273185, 0.0728826,0.653933,0.726815
0.03,0.42 ,0.256898, 0.0752033,0.667898,0.743102
0.03,0.43 ,0.241729, 0.0775157,0.680756,0.758271
0.03,0.44 ,0.227589, 0.0798166,0.692595,0.772411
0.03,0.45 ,0.214399, 0.0821035,0.703498,0.785601
0.03,0.46 ,0.202086, 0.0843739,0.71354,0.797914
0.03,0.47 ,0.190584, 0.0866261,0.72279,0.809416
0.03,0.48 ,0.179832, 0.0888583,0.73131,0.820168
0.03,0.49 ,0.169774, 0.0910693,0.739157,0.830226
0.03,0.5 ,0.160359, 0.093258,0.746383,0.839641
0.03,0.51 ,0.151541, 0.0954235,0.753035,0.848459
0.03,0.52 ,0.143277, 0.0975652,0.759158,0.856723
0.03,0.53 ,0.135528, 0.0996825,0.76479,0.864472
0.03,0.54 ,0.128257, 0.101775,0.769968,0.871743
0.03,0.55 ,0.121432, 0.103843,0.774726,0.878568
0.03,0.56 ,0.115021, 0.105885,0.779094,0.884979
0.03,0.57 ,0.108998, 0.107902,0.7831,0.891002
0.03,0.58 ,0.103336, 0.109894,0.786771,0.896664
0.03,0.59 ,0.0980104, 0.11186,0.79013,0.90199
0.03,0.6 ,0.093, 0.113801,0.793199,0.907
0.03,0.61 ,0.0882841, 0.115718,0.795998,0.911716
0.03,0.62 ,0.0838438, 0.117609,0.798547,0.916156
0.03,0.63 ,0.0796615, 0.119476,0.800862,0.920338
0.03,0.64 ,0.075721, 0.121319,0.80296,0.924279
0.03,0.65 ,0.072007, 0.123138,0.804855,0.927993
0.03,0.66 ,0.0685057, 0.124933,0.806562,0.931494
0.03,0.67 ,0.0652039, 0.126704,0.808092,0.934796
0.03,0.68 ,0.0620894, 0.128453,0.809458,0.937911
0.03,0.69 ,0.0591509, 0.130178,0.810671,0.940849
0.03,0.7 ,0.0563779, 0.131881,0.811741,0.943622
0.03,0.71 ,0.0537605, 0.133563,0.812677,0.946239
0.03,0.72 ,0.0512895, 0.135222,0.813488,0.94871
0.03,0.73 ,0.0489563, 0.13686,0.814183,0.951044
0.03,0.74 ,0.0467528, 0.138478,0.81477,0.953247
0.03,0.75 ,0.0446716, 0.140074,0.815254,0.955328
0.03,0.76 ,0.0427055, 0.14165,0.815644,0.957294
0.03,0.77 ,0.0408481, 0.143207,0.815945,0.959152
0.03,0.78 ,0.039093, 0.144743,0.816164,0.960907
0.03,0.79 ,0.0374344, 0.146261,0.816305,0.962566
0.03,0.8 ,0.035867, 0.14776,0.816373,0.964133
0.03,0.81 ,0.0343857, 0.14924,0.816375,0.965614
0.03,0.82 ,0.0329855, 0.150701,0.816313,0.967015
0.03,0.83 ,0.031662, 0.152145,0.816193,0.968338
0.03,0.84 ,0.0304109, 0.153572,0.816018,0.969589
0.03,0.85 ,0.0292282, 0.154981,0.815791,0.970772
0.03,0.86 ,0.0281101, 0.156373,0.815517,0.97189
0.03,0.87 ,0.0270532, 0.157748,0.815199,0.972947
0.03,0.88 ,0.026054, 0.159107,0.814839,0.973946
0.03,0.89 ,0.0251094, 0.16045,0.81444,0.974891
0.03,0.9 ,0.0242165, 0.161778,0.814006,0.975784
0.03,0.91 ,0.0233723, 0.16309,0.813538,0.976628
0.03,0.92 ,0.0225744, 0.164386,0.813039,0.977426
0.03,0.93 ,0.0218201, 0.165668,0.812512,0.97818
0.03,0.94 ,0.0211071, 0.166935,0.811958,0.978893
0.03,0.95 ,0.0204331, 0.168188,0.811379,0.979567
0.03,0.96 ,0.0197962, 0.169426,0.810777,0.980204
0.03,0.97 ,0.0191942, 0.170651,0.810155,0.980806
0.03,0.98 ,0.0186254, 0.171862,0.809513,0.981375
0.03,0.99 ,0.0180878, 0.17306,0.808852,0.981912
0.03,1 ,0.0175799, 0.174244,0.808176,0.98242
0.04,0 ,0.973712, 0.0236106,0.00267771,0.0262883
0.04,0.01 ,0.973065, 0.0238698,0.00306476,0.0269345
0.04,0.02 ,0.972358, 0.0241426,0.00349947,0.0276421
0.04,0.03 ,0.97158, 0.0244302,0.00398957,0.0284198
0.04,0.04 ,0.970722, 0.0247339,0.00454443,0.0292783
0.04,0.05 ,0.96977, 0.0250549,0.00517544,0.0302304
0.04,0.06 ,0.968708, 0.025395,0.00589658,0.0312916
0.04,0.07 ,0.967519, 0.0257557,0.00672521,0.0324809
0.04,0.08 ,0.966178, 0.0261391,0.00768299,0.0338221
0.04,0.09 ,0.964655, 0.0265473,0.00879731,0.0353446
0.04,0.1 ,0.962914, 0.0269828,0.0101031,0.0370859
0.04,0.11 ,0.960906, 0.0274482,0.0116457,0.039094
0.04,0.12 ,0.958569, 0.0279468,0.0134843,0.0414311
0.04,0.13 ,0.95582, 0.0284821,0.0156975,0.0441796
0.04,0.14 ,0.95255, 0.0290579,0.0183917,0.0474496
0.04,0.15 ,0.948609, 0.0296788,0.0217121,0.0513909
0.04,0.16 ,0.943789, 0.0303499,0.0258612,0.0562111
0.04,0.17 ,0.937798, 0.0310767,0.0311249,0.0622015
0.04,0.18 ,0.930224, 0.0318655,0.0379107,0.0697762
0.04,0.19 ,0.920476, 0.0327231,0.0468005,0.0795236
0.04,0.2 ,0.907735, 0.0336571,0.0586077,0.0922648
0.04,0.21 ,0.890924, 0.034675,0.074401,0.109076
0.04,0.22 ,0.86883, 0.0357846,0.0953851,0.13117
0.04,0.23 ,0.840519, 0.036993,0.122488,0.159481
0.04,0.24 ,0.805984, 0.0383063,0.15571,0.194016
0.04,0.25 ,0.766493, 0.0397284,0.193778,0.233507
0.04,0.26 ,0.724127, 0.0412611,0.234612,0.275873
0.04,0.27 ,0.680938, 0.0429029,0.276159,0.319062
0.04,0.28 ,0.638452, 0.0446497,0.316898,0.361548
0.04,0.29 ,0.597613, 0.0464951,0.355892,0.402387
0.04,0.3 ,0.558919, 0.0484307,0.39265,0.441081
0.04,0.31 ,0.522585, 0.0504468,0.426968,0.477415
0.04,0.32 ,0.48865, 0.0525332,0.458816,0.51135
0.04,0.33 ,0.457059, 0.0546797,0.488262,0.542941
0.04,0.34 ,0.427702, 0.0568762,0.515422,0.572298
0.04,0.35 ,0.400448, 0.0591132,0.540439,0.599552
0.04,0.36 ,0.375154, 0.061382,0.563464,0.624846
0.04,0.37 ,0.351677, 0.0636746,0.584649,0.648323
0.04,0.38 ,0.32988, 0.0659838,0.604136,0.67012
0.04,0.39 ,0.309633, 0.0683032,0.622064,0.690367
0.04,0.4 ,0.290814, 0.0706272,0.638559,0.709186
0.04,0.41 ,0.273311, 0.0729509,0.653738,0.726689
0.04,0.42 ,0.25702, 0.0752701,0.66771,0.74298
0.04,0.43 ,0.241845, 0.077581,0.680574,0.758155
0.04,0.44 ,0.227701, 0.0798806,0.692419,0.772299
0.04,0.45 ,0.214507, 0.082166,0.703327,0.785493
0.04,0.46 ,0.20219, 0.0844352,0.713375,0.79781
0.04,0.47 ,0.190683, 0.086686,0.72263,0.809317
0.04,0.48 ,0.179927, 0.088917,0.731156,0.820073
0.04,0.49 ,0.169866, 0.0911269,0.739007,0.830134
0.04,0.5 ,0.160447, 0.0933144,0.746238,0.839553
0.04,0.51 ,0.151626, 0.0954789,0.752895,0.848374
0.04,0.52 ,0.143359, 0.0976195,0.759022,0.856641
0.04,0.53 ,0.135606, 0.0997358,0.764658,0.864394
0.04,0.54 ,0.128332, 0.101827,0.769841,0.871668
0.04,0.55 ,0.121504, 0.103894,0.774602,0.878496
0.04,0.56 ,0.115091, 0.105935,0.778974,0.884909
0.04,0.57 ,0.109065, 0.107951,0.782984,0.890935
0.04,0.58 ,0.1034, 0.109942,0.786658,0.8966
0.04,0.59 ,0.0980717, 0.111908,0.79002,0.901928
0.04,0.6 ,0.0930589, 0.113848,0.793093,0.906941
0.04,0.61 ,0.0883407, 0.115764,0.795895,0.911659
0.04,0.62 ,0.0838982, 0.117655,0.798447,0.916102
0.04,0.63 ,0.0797137, 0.119521,0.800765,0.920286
0.04,0.64 ,0.0757711, 0.121363,0.802866,0.924229
0.04,0.65 ,0.0720552, 0.123181,0.804764,0.927945
0.04,0.66 ,0.0685519, 0.124975,0.806473,0.931448
0.04,0.67 ,0.0652483, 0.126746,0.808006,0.934752
0.04,0.68 ,0.062132, 0.128494,0.809374,0.937868
0.04,0.69 ,0.0591919, 0.130219,0.810589,0.940808
0.04,0.7 ,0.0564172, 0.131921,0.811661,0.943583
0.04,0.71 ,0.0537983, 0.133602,0.8126,0.946202
0.04,0.72 ,0.0513258, 0.135261,0.813413,0.948674
0.04,0.73 ,0.0489911, 0.136899,0.81411,0.951009
0.04,0.74 ,0.0467863, 0.138515,0.814698,0.953214
0.04,0.75 ,0.0447037, 0.140111,0.815185,0.955296
0.04,0.76 ,0.0427364, 0.141687,0.815577,0.957264
0.04,0.77 ,0.0408777, 0.143243,0.81588,0.959122
0.04,0.78 ,0.0391214, 0.144779,0.8161,0.960879
0.04,0.79 ,0.0374617, 0.146296,0.816242,0.962538
0.04,0.8 ,0.0358933, 0.147794,0.816313,0.964107
0.04,0.81 ,0.0344108, 0.149274,0.816316,0.965589
0.04,0.82 ,0.0330096, 0.150735,0.816255,0.96699
0.04,0.83 ,0.0316852, 0.152178,0.816136,0.968315
0.04,0.84 ,0.0304331, 0.153604,0.815963,0.969567
0.04,0.85 ,0.0292496, 0.155013,0.815737,0.97075
0.04,0.86 ,0.0281307, 0.156405,0.815465,0.971869
0.04,0.87 ,0.027073, 0.15778,0.815147,0.972927
0.04,0.88 ,0.026073, 0.159138,0.814789,0.973927
0.04,0.89 ,0.0251277, 0.160481,0.814391,0.974872
0.04,0.9 ,0.024234, 0.161808,0.813958,0.975766
0.04,0.91 ,0.0233891, 0.163119,0.813491,0.976611
0.04,0.92 ,0.0225905, 0.164416,0.812994,0.977409
0.04,0.93 ,0.0218356, 0.165697,0.812467,0.978164
0.04,0.94 ,0.021122, 0.166964,0.811914,0.978878
0.04,0.95 ,0.0204475, 0.168216,0.811336,0.979553
0.04,0.96 ,0.01981, 0.169455,0.810736,0.98019
0.04,0.97 ,0.0192075, 0.170679,0.810114,0.980793
0.04,0.98 ,0.0186381, 0.17189,0.809472,0.981362
0.04,0.99 ,0.0181, 0.173087,0.808813,0.9819
0.04,1 ,0.0175916, 0.174271,0.808137,0.982408
0.05,0 ,0.973382, 0.0237335,0.00288409,0.0266176
0.05,0.01 ,0.972737, 0.0239924,0.0032709,0.0272633
0.05,0.02 ,0.97203, 0.024265,0.00370532,0.0279703
0.05,0.03 ,0.971253, 0.0245524,0.0041951,0.0287475
0.05,0.04 ,0.970395, 0.0248558,0.00474957,0.0296053
0.05,0.05 ,0.969443, 0.0251766,0.00538011,0.0305567
0.05,0.06 ,0.968383, 0.0255163,0.00610071,0.031617
0.05,0.07 ,0.967195, 0.0258767,0.00692866,0.0328054
0.05,0.08 ,0.965855, 0.0262598,0.00788561,0.0341454
0.05,0.09 ,0.964334, 0.0266676,0.00899889,0.0356665
0.05,0.1 ,0.962594, 0.0271026,0.0103034,0.0374061
0.05,0.11 ,0.960588, 0.0275677,0.0118444,0.039412
0.05,0.12 ,0.958253, 0.0280657,0.0136808,0.0417466
0.05,0.13 ,0.955508, 0.0286004,0.0158913,0.0444917
0.05,0.14 ,0.952243, 0.0291756,0.0185817,0.0477574
0.05,0.15 ,0.948307, 0.0297959,0.0218972,0.051693
0.05,0.16 ,0.943494, 0.0304661,0.0260395,0.0565056
0.05,0.17 ,0.937514, 0.0311921,0.0312936,0.0624856
0.05,0.18 ,0.929954, 0.0319799,0.0380658,0.0700457
0.05,0.19 ,0.920228, 0.0328365,0.046936,0.0797725
0.05,0.2 ,0.907516, 0.0337692,0.058715,0.0924842
0.05,0.21 ,0.890746, 0.0347858,0.0744683,0.109254
0.05,0.22 ,0.868707, 0.0358939,0.095399,0.131293
0.05,0.23 ,0.840461, 0.0371006,0.122438,0.159539
0.05,0.24 ,0.805995, 0.0384121,0.155593,0.194005
0.05,0.25 ,0.766564, 0.0398323,0.193604,0.233436
0.05,0.26 ,0.724242, 0.0413628,0.234395,0.275758
0.05,0.27 ,0.681083, 0.0430024,0.275914,0.318917
0.05,0.28 ,0.638615, 0.044747,0.316637,0.361385
0.05,0.29 ,0.597786, 0.0465902,0.355624,0.402214
0.05,0.3 ,0.559097, 0.0485234,0.392379,0.440903
0.05,0.31 ,0.522764, 0.0505372,0.426699,0.477236
0.05,0.32 ,0.488827, 0.0526214,0.458551,0.511173
0.05,0.33 ,0.457233, 0.0547657,0.488002,0.542767
0.05,0.34 ,0.427872, 0.05696,0.515168,0.572128
0.05,0.35 ,0.400613, 0.059195,0.540192,0.599387
0.05,0.36 ,0.375314, 0.0614617,0.563225,0.624686
0.05,0.37 ,0.351831, 0.0637524,0.584416,0.648169
0.05,0.38 ,0.330029, 0.0660597,0.603911,0.669971
0.05,0.39 ,0.309777, 0.0683773,0.621846,0.690223
0.05,0.4 ,0.290953, 0.0706995,0.638348,0.709047
0.05,0.41 ,0.273444, 0.0730216,0.653534,0.726556
0.05,0.42 ,0.257148, 0.0753391,0.667513,0.742852
0.05,0.43 ,0.241969, 0.0776485,0.680383,0.758031
0.05,0.44 ,0.227819, 0.0799466,0.692234,0.772181
0.05,0.45 ,0.21462, 0.0822306,0.703149,0.78538
0.05,0.46 ,0.202299, 0.0844984,0.713203,0.797701
0.05,0.47 ,0.190789, 0.0867479,0.722464,0.809211
0.05,0.48 ,0.180028, 0.0889776,0.730994,0.819972
0.05,0.49 ,0.169963, 0.0911862,0.738851,0.830037
0.05,0.5 ,0.16054, 0.0933726,0.746087,0.83946
0.05,0.51 ,0.151715, 0.0955359,0.752749,0.848285
0.05,0.52 ,0.143444, 0.0976754,0.75888,0.856556
0.05,0.53 ,0.135688, 0.0997907,0.764521,0.864312
0.05,0.54 ,0.128411, 0.101881,0.769708,0.871589
0.05,0.55 ,0.12158, 0.103947,0.774473,0.87842
0.05,0.56 ,0.115164, 0.105987,0.778849,0.884836
0.05,0.57 ,0.109135, 0.108002,0.782863,0.890865
0.05,0.58 ,0.103467, 0.109992,0.786541,0.896533
0.05,0.59 ,0.0981362, 0.111957,0.789907,0.901864
0.05,0.6 ,0.0931208, 0.113897,0.792983,0.906879
0.05,0.61 ,0.0884001, 0.115811,0.795789,0.9116
0.05,0.62 ,0.0839552, 0.117701,0.798343,0.916045
0.05,0.63 ,0.0797685, 0.119567,0.800665,0.920232
0.05,0.64 ,0.0758237, 0.121408,0.802768,0.924176
0.05,0.65 ,0.0721056, 0.123225,0.804669,0.927894
0.05,0.66 ,0.0686004, 0.125019,0.806381,0.9314
0.05,0.67 ,0.0652948, 0.126789,0.807916,0.934705
0.05,0.68 ,0.0621767, 0.128536,0.809287,0.937823
0.05,0.69 ,0.0592347, 0.13026,0.810505,0.940765
0.05,0.7 ,0.0564584, 0.131962,0.811579,0.943542
0.05,0.71 ,0.0538378, 0.133642,0.81252,0.946162
0.05,0.72 ,0.0513637, 0.135301,0.813336,0.948636
0.05,0.73 ,0.0490275, 0.136938,0.814035,0.950973
0.05,0.74 ,0.0468212, 0.138554,0.814625,0.953179
0.05,0.75 ,0.0447372, 0.140149,0.815113,0.955263
0.05,0.76 ,0.0427686, 0.141724,0.815507,0.957231
0.05,0.77 ,0.0409086, 0.14328,0.815812,0.959091
0.05,0.78 ,0.0391511, 0.144815,0.816034,0.960849
0.05,0.79 ,0.0374902, 0.146332,0.816178,0.96251
0.05,0.8 ,0.0359206, 0.14783,0.81625,0.964079
0.05,0.81 ,0.0344371, 0.149309,0.816254,0.965563
0.05,0.82 ,0.0330348, 0.150769,0.816196,0.966965
0.05,0.83 ,0.0317094, 0.152212,0.816078,0.968291
0.05,0.84 ,0.0304564, 0.153638,0.815906,0.969544
0.05,0.85 ,0.0292719, 0.155046,0.815682,0.970728
0.05,0.86 ,0.0281521, 0.156437,0.815411,0.971848
0.05,0.87 ,0.0270935, 0.157812,0.815095,0.972906
0.05,0.88 ,0.0260927, 0.15917,0.814737,0.973907
0.05,0.89 ,0.0251466, 0.160512,0.814341,0.974853
0.05,0.9 ,0.0242522, 0.161839,0.813909,0.975748
0.05,0.91 ,0.0234066, 0.16315,0.813443,0.976593
0.05,0.92 ,0.0226073, 0.164446,0.812947,0.977393
0.05,0.93 ,0.0218517, 0.165727,0.812421,0.978148
0.05,0.94 ,0.0211375, 0.166993,0.811869,0.978863
0.05,0.95 ,0.0204624, 0.168245,0.811292,0.979538
0.05,0.96 ,0.0198243, 0.169483,0.810692,0.980176
0.05,0.97 ,0.0192212, 0.170707,0.810071,0.980779
0.05,0.98 ,0.0186513, 0.171918,0.809431,0.981349
0.05,0.99 ,0.0181127, 0.173115,0.808773,0.981887
0.05,1 ,0.0176038, 0.174299,0.808098,0.982396
0.06,0 ,0.97303, 0.0238615,0.00310883,0.0269704
0.06,0.01 ,0.972384, 0.0241203,0.00349536,0.0276156
0.06,0.02 ,0.971678, 0.0243926,0.00392948,0.0283221
0.06,0.03 ,0.970901, 0.0246798,0.0044189,0.0290987
0.06,0.04 ,0.970044, 0.0249829,0.00497294,0.0299558
0.06,0.05 ,0.969094, 0.0253034,0.00560298,0.0309064
0.06,0.06 ,0.968034, 0.0256428,0.00632297,0.0319658
0.06,0.07 ,0.966847, 0.0260029,0.0071502,0.0331531
0.06,0.08 ,0.965508, 0.0263856,0.00810626,0.0344918
0.06,0.09 ,0.963989, 0.026793,0.00921844,0.0360114
0.06,0.1 ,0.962251, 0.0272276,0.0105216,0.0377492
0.06,0.11 ,0.960247, 0.0276921,0.0120608,0.0397529
0.06,0.12 ,0.957915, 0.0281897,0.013895,0.0420847
0.06,0.13 ,0.955174, 0.0287238,0.0161025,0.0448263
0.06,0.14 ,0.951913, 0.0292984,0.018789,0.0480874
0.06,0.15 ,0.947983, 0.0299179,0.0220992,0.0520171
0.06,0.16 ,0.943178, 0.0305873,0.0262343,0.0568216
0.06,0.17 ,0.937209, 0.0313123,0.0314782,0.0627906
0.06,0.18 ,0.929665, 0.0320991,0.0382361,0.0703352
0.06,0.19 ,0.91996, 0.0329546,0.0470855,0.0800401
0.06,0.2 ,0.907279, 0.0338861,0.0588346,0.0927206
0.06,0.21 ,0.890553, 0.0349012,0.0745456,0.109447
0.06,0.22 ,0.868573, 0.0360077,0.0954195,0.131427
0.06,0.23 ,0.840397, 0.0372127,0.12239,0.159603
0.06,0.24 ,0.806003, 0.0385222,0.155474,0.193997
0.06,0.25 ,0.766637, 0.0399404,0.193423,0.233363
0.06,0.26 ,0.724363, 0.0414687,0.234168,0.275637
0.06,0.27 ,0.681236, 0.043106,0.275658,0.318764
0.06,0.28 ,0.638788, 0.0448483,0.316364,0.361212
0.06,0.29 ,0.59797, 0.046689,0.355341,0.40203
0.06,0.3 ,0.559286, 0.0486198,0.392094,0.440714
0.06,0.31 ,0.522953, 0.0506312,0.426416,0.477047
0.06,0.32 ,0.489015, 0.052713,0.458272,0.510985
0.06,0.33 ,0.457417, 0.0548549,0.487728,0.542583
0.06,0.34 ,0.428052, 0.057047,0.514901,0.571948
0.06,0.35 ,0.400788, 0.0592797,0.539932,0.599212
0.06,0.36 ,0.375483, 0.0615444,0.562973,0.624517
0.06,0.37 ,0.351995, 0.063833,0.584172,0.648005
0.06,0.38 ,0.330187, 0.0661383,0.603674,0.669813
0.06,0.39 ,0.309929, 0.068454,0.621617,0.690071
0.06,0.4 ,0.291099, 0.0707744,0.638126,0.708901
0.06,0.41 ,0.273585, 0.0730947,0.65332,0.726415
0.06,0.42 ,0.257284, 0.0754106,0.667306,0.742716
0.06,0.43 ,0.242099, 0.0777183,0.680183,0.757901
0.06,0.44 ,0.227945, 0.0800148,0.692041,0.772055
0.06,0.45 ,0.214741, 0.0822974,0.702962,0.785259
0.06,0.46 ,0.202415, 0.0845637,0.713022,0.797585
0.06,0.47 ,0.190899, 0.0868118,0.722289,0.809101
0.06,0.48 ,0.180135, 0.0890402,0.730825,0.819865
0.06,0.49 ,0.170065, 0.0912475,0.738688,0.829935
0.06,0.5 ,0.160639, 0.0934326,0.745929,0.839361
0.06,0.51 ,0.15181, 0.0955947,0.752596,0.84819
0.06,0.52 ,0.143535, 0.0977331,0.758732,0.856465
0.06,0.53 ,0.135775, 0.0998472,0.764378,0.864225
0.06,0.54 ,0.128494, 0.101937,0.769569,0.871506
0.06,0.55 ,0.12166, 0.104001,0.774339,0.87834
0.06,0.56 ,0.11524, 0.106041,0.778719,0.88476
0.06,0.57 ,0.109208, 0.108055,0.782737,0.890792
0.06,0.58 ,0.103537, 0.110044,0.786419,0.896463
0.06,0.59 ,0.098204, 0.112008,0.789789,0.901796
0.06,0.6 ,0.0931858, 0.113946,0.792868,0.906814
0.06,0.61 ,0.0884625, 0.11586,0.795677,0.911537
0.06,0.62 ,0.0840151, 0.117749,0.798236,0.915985
0.06,0.63 ,0.0798259, 0.119614,0.80056,0.920174
0.06,0.64 ,0.0758788, 0.121454,0.802667,0.924121
0.06,0.65 ,0.0721586, 0.123271,0.804571,0.927841
0.06,0.66 ,0.0686512, 0.125064,0.806285,0.931349
0.06,0.67 ,0.0653435, 0.126833,0.807823,0.934657
0.06,0.68 ,0.0622234, 0.128579,0.809197,0.937777
0.06,0.69 ,0.0592796, 0.130303,0.810417,0.94072
0.06,0.7 ,0.0565014, 0.132005,0.811494,0.943499
0.06,0.71 ,0.0538791, 0.133684,0.812437,0.946121
0.06,0.72 ,0.0514033, 0.135342,0.813255,0.948597
0.06,0.73 ,0.0490656, 0.136978,0.813956,0.950934
0.06,0.74 ,0.0468577, 0.138593,0.814549,0.953142
0.06,0.75 ,0.0447723, 0.140188,0.815039,0.955228
0.06,0.76 ,0.0428022, 0.141763,0.815435,0.957198
0.06,0.77 ,0.0409409, 0.143318,0.815742,0.959059
0.06,0.78 ,0.039182, 0.144853,0.815965,0.960818
0.06,0.79 ,0.03752, 0.146369,0.816111,0.96248
0.06,0.8 ,0.0359491, 0.147866,0.816185,0.964051
0.06,0.81 ,0.0344645, 0.149344,0.816191,0.965536
0.06,0.82 ,0.0330611, 0.150805,0.816134,0.966939
0.06,0.83 ,0.0317346, 0.152247,0.816018,0.968265
0.06,0.84 ,0.0304806, 0.153672,0.815847,0.969519
0.06,0.85 ,0.0292951, 0.15508,0.815625,0.970705
0.06,0.86 ,0.0281744, 0.156471,0.815355,0.971826
0.06,0.87 ,0.0271149, 0.157845,0.81504,0.972885
0.06,0.88 ,0.0261133, 0.159203,0.814684,0.973887
0.06,0.89 ,0.0251664, 0.160545,0.814289,0.974834
0.06,0.9 ,0.0242711, 0.161871,0.813858,0.975729
0.06,0.91 ,0.0234248, 0.163181,0.813394,0.976575
0.06,0.92 ,0.0226248, 0.164477,0.812898,0.977375
0.06,0.93 ,0.0218685, 0.165758,0.812374,0.978132
0.06,0.94 ,0.0211536, 0.167024,0.811823,0.978846
0.06,0.95 ,0.0204778, 0.168275,0.811247,0.979522
0.06,0.96 ,0.0198391, 0.169513,0.810648,0.980161
0.06,0.97 ,0.0192355, 0.170736,0.810028,0.980765
0.06,0.98 ,0.018665, 0.171946,0.809389,0.981335
0.06,0.99 ,0.0181259, 0.173143,0.808731,0.981874
0.06,1 ,0.0176165, 0.174327,0.808057,0.982384
0.07,0 ,0.972651, 0.0239952,0.0033542,0.0273494
0.07,0.01 ,0.972006, 0.0242537,0.00374044,0.0279942
0.07,0.02 ,0.9713, 0.0245258,0.00417421,0.0287
0.07,0.03 ,0.970524, 0.0248127,0.00466323,0.0294759
0.07,0.04 ,0.969668, 0.0251156,0.00521681,0.0303324
0.07,0.05 ,0.968718, 0.0254358,0.0058463,0.0312821
0.07,0.06 ,0.967659, 0.0257749,0.00656564,0.0323405
0.07,0.07 ,0.966473, 0.0261346,0.00739207,0.0335267
0.07,0.08 ,0.965136, 0.0265169,0.00834718,0.034864
0.07,0.09 ,0.963618, 0.0269239,0.00945818,0.036382
0.07,0.1 ,0.961882, 0.027358,0.0107599,0.0381179
0.07,0.11 ,0.959881, 0.027822,0.0122972,0.0401192
0.07,0.12 ,0.957552, 0.028319,0.014129,0.042448
0.07,0.13 ,0.954814, 0.0288525,0.0163334,0.0451859
0.07,0.14 ,0.951558, 0.0294264,0.0190158,0.0484421
0.07,0.15 ,0.947635, 0.0300451,0.0223203,0.0523654
0.07,0.16 ,0.942839, 0.0307137,0.0264477,0.0571614
0.07,0.17 ,0.936881, 0.0314378,0.031681,0.0631187
0.07,0.18 ,0.929353, 0.0322235,0.0384235,0.070647
0.07,0.19 ,0.919671, 0.0330778,0.047251,0.0803287
0.07,0.2 ,0.907024, 0.0340079,0.0589683,0.0929761
0.07,0.21 ,0.890344, 0.0350215,0.0746342,0.109656
0.07,0.22 ,0.868426, 0.0361263,0.0954477,0.131574
0.07,0.23 ,0.840325, 0.0373295,0.122345,0.159675
0.07,0.24 ,0.806009, 0.038637,0.155354,0.193991
0.07,0.25 ,0.766711, 0.040053,0.193236,0.233289
0.07,0.26 ,0.724489, 0.041579,0.233932,0.275511
0.07,0.27 ,0.681397, 0.0432139,0.275389,0.318603
0.07,0.28 ,0.638971, 0.0449536,0.316076,0.361029
0.07,0.29 ,0.598164, 0.0467918,0.355044,0.401836
0.07,0.3 ,0.559485, 0.04872,0.391795,0.440515
0.07,0.31 ,0.523154, 0.0507289,0.426117,0.476846
0.07,0.32 ,0.489214, 0.0528082,0.457978,0.510786
0.07,0.33 ,0.457613, 0.0549477,0.48744,0.542387
0.07,0.34 ,0.428243, 0.0571373,0.51462,0.571757
0.07,0.35 ,0.400973, 0.0593678,0.539659,0.599027
0.07,0.36 ,0.375663, 0.0616302,0.562707,0.624337
0.07,0.37 ,0.352169, 0.0639166,0.583914,0.647831
0.07,0.38 ,0.330355, 0.0662198,0.603425,0.669645
0.07,0.39 ,0.310091, 0.0685335,0.621376,0.689909
0.07,0.4 ,0.291255, 0.070852,0.637893,0.708745
0.07,0.41 ,0.273735, 0.0731704,0.653095,0.726265
0.07,0.42 ,0.257427, 0.0754845,0.667088,0.742573
0.07,0.43 ,0.242237, 0.0777905,0.679972,0.757763
0.07,0.44 ,0.228077, 0.0800854,0.691837,0.771923
0.07,0.45 ,0.214868, 0.0823663,0.702766,0.785132
0.07,0.46 ,0.202537, 0.0846311,0.712832,0.797463
0.07,0.47 ,0.191017, 0.0868778,0.722105,0.808983
0.07,0.48 ,0.180247, 0.0891048,0.730648,0.819753
0.07,0.49 ,0.170173, 0.0913107,0.738516,0.829827
0.07,0.5 ,0.160742, 0.0934946,0.745763,0.839258
0.07,0.51 ,0.151909, 0.0956554,0.752436,0.848091
0.07,0.52 ,0.14363, 0.0977925,0.758577,0.85637
0.07,0.53 ,0.135867, 0.0999055,0.764228,0.864133
0.07,0.54 ,0.128582, 0.101994,0.769424,0.871418
0.07,0.55 ,0.121744, 0.104057,0.774199,0.878256
0.07,0.56 ,0.115321, 0.106096,0.778583,0.884679
0.07,0.57 ,0.109286, 0.108109,0.782606,0.890714
0.07,0.58 ,0.103612, 0.110097,0.786292,0.896388
0.07,0.59 ,0.0982752, 0.11206,0.789665,0.901725
0.07,0.6 ,0.0932542, 0.113997,0.792748,0.906746
0.07,0.61 ,0.0885281, 0.11591,0.795562,0.911472
0.07,0.62 ,0.084078, 0.117799,0.798123,0.915922
0.07,0.63 ,0.0798863, 0.119662,0.800451,0.920114
0.07,0.64 ,0.0759367, 0.121502,0.802561,0.924063
0.07,0.65 ,0.0722141, 0.123318,0.804468,0.927786
0.07,0.66 ,0.0687044, 0.12511,0.806186,0.931296
0.07,0.67 ,0.0653946, 0.126878,0.807727,0.934605
0.07,0.68 ,0.0622724, 0.128624,0.809104,0.937728
0.07,0.69 ,0.0593266, 0.130347,0.810326,0.940673
0.07,0.7 ,0.0565465, 0.132048,0.811406,0.943453
0.07,0.71 ,0.0539224, 0.133726,0.812351,0.946078
0.07,0.72 ,0.0514448, 0.135383,0.813172,0.948555
0.07,0.73 ,0.0491054, 0.137019,0.813875,0.950895
0.07,0.74 ,0.0468959, 0.138634,0.81447,0.953104
0.07,0.75 ,0.0448089, 0.140228,0.814963,0.955191
0.07,0.76 ,0.0428374, 0.141802,0.81536,0.957163
0.07,0.77 ,0.0409746, 0.143356,0.815669,0.959025
0.07,0.78 ,0.0392144, 0.144891,0.815895,0.960786
0.07,0.79 ,0.037551, 0.146406,0.816043,0.962449
0.07,0.8 ,0.0359789, 0.147903,0.816118,0.964021
0.07,0.81 ,0.0344931, 0.149381,0.816126,0.965507
0.07,0.82 ,0.0330886, 0.150841,0.816071,0.966911
0.07,0.83 ,0.0317609, 0.152283,0.815956,0.968239
0.07,0.84 ,0.0305059, 0.153707,0.815787,0.969494
0.07,0.85 ,0.0293194, 0.155114,0.815566,0.970681
0.07,0.86 ,0.0281977, 0.156505,0.815298,0.971802
0.07,0.87 ,0.0271373, 0.157879,0.814984,0.972863
0.07,0.88 ,0.0261347, 0.159236,0.814629,0.973865
0.07,0.89 ,0.0251869, 0.160577,0.814236,0.974813
0.07,0.9 ,0.0242909, 0.161903,0.813806,0.975709
0.07,0.91 ,0.0234438, 0.163213,0.813343,0.976556
0.07,0.92 ,0.022643, 0.164508,0.812849,0.977357
0.07,0.93 ,0.0218859, 0.165789,0.812325,0.978114
0.07,0.94 ,0.0211703, 0.167054,0.811775,0.97883
0.07,0.95 ,0.0204939, 0.168305,0.811201,0.979506
0.07,0.96 ,0.0198546, 0.169543,0.810603,0.980145
0.07,0.97 ,0.0192503, 0.170766,0.809984,0.98075
0.07,0.98 ,0.0186793, 0.171976,0.809345,0.981321
0.07,0.99 ,0.0181396, 0.173172,0.808688,0.98186
