Betapv,Betamv,V,Rs,Rv,P
0,0 ,0.931636, 0.066364,0.002,0.068364
0,0.01 ,0.931328, 0.0664794,0.00219282,0.0686722
0,0.02 ,0.931005, 0.0665979,0.00239749,0.0689954
0,0.03 ,0.930665, 0.0667198,0.00261495,0.0693347
0,0.04 ,0.930309, 0.0668451,0.00284626,0.0696913
0,0.05 ,0.929934, 0.0669739,0.00309257,0.0700665
0,0.06 ,0.929538, 0.0671065,0.00335514,0.0704616
0,0.07 ,0.929122, 0.0672429,0.00363539,0.0708783
0,0.08 ,0.928682, 0.0673835,0.00393489,0.0713184
0,0.09 ,0.928216, 0.0675283,0.00425539,0.0717836
0,0.1 ,0.927724, 0.0676775,0.00459882,0.0722763
0,0.11 ,0.927201, 0.0678314,0.00496737,0.0727988
0,0.12 ,0.926646, 0.0679902,0.00536348,0.0733536
0,0.13 ,0.926056, 0.0681541,0.00578989,0.0739439
0,0.14 ,0.925427, 0.0683233,0.0062497,0.074573
0,0.15 ,0.924755, 0.0684982,0.00674641,0.0752446
0,0.16 ,0.924037, 0.068679,0.00728399,0.075963
0,0.17 ,0.923267, 0.068866,0.00786696,0.076733
0,0.18 ,0.92244, 0.0690595,0.00850048,0.07756
0,0.19 ,0.92155, 0.0692599,0.00919046,0.0784504
0,0.2 ,0.920589, 0.0694676,0.00994371,0.0794113
0,0.21 ,0.919549, 0.0696829,0.0107681,0.0804509
0,0.22 ,0.918421, 0.0699062,0.0116726,0.0815788
0,0.23 ,0.917194, 0.070138,0.012668,0.082806
0,0.24 ,0.915855, 0.0703787,0.0137666,0.0841454
0,0.25 ,0.914388, 0.0706289,0.014983,0.085612
0,0.26 ,0.912777, 0.0708892,0.0163343,0.0872235
0,0.27 ,0.910999, 0.07116,0.0178409,0.0890009
0,0.28 ,0.909031, 0.0714419,0.0195271,0.090969
0,0.29 ,0.906842, 0.0717358,0.0214218,0.0931575
0,0.3 ,0.904398, 0.0720421,0.0235599,0.095602
0,0.31 ,0.901655, 0.0723618,0.0259836,0.0983454
0,0.32 ,0.898561, 0.0726955,0.0287439,0.101439
0,0.33 ,0.895053, 0.0730441,0.0319027,0.104947
0,0.34 ,0.891056, 0.0734084,0.0355351,0.108944
0,0.35 ,0.886478, 0.0737895,0.0397324,0.113522
0,0.36 ,0.881207, 0.0741882,0.0446045,0.118793
0,0.37 ,0.875112, 0.0746056,0.0502825,0.124888
0,0.38 ,0.868038, 0.0750426,0.0569194,0.131962
0,0.39 ,0.859811, 0.0755003,0.0646883,0.140189
0,0.4 ,0.850245, 0.0759798,0.0737749,0.149755
0,0.41 ,0.839156, 0.076482,0.084362,0.160844
0,0.42 ,0.826388, 0.0770081,0.0966043,0.173612
0,0.43 ,0.811845, 0.0775588,0.110596,0.188155
0,0.44 ,0.795527, 0.078135,0.126338,0.204473
0,0.45 ,0.777542, 0.0787376,0.143721,0.222458
0,0.46 ,0.758106, 0.079367,0.162527,0.241894
0,0.47 ,0.737514, 0.0800237,0.182462,0.262486
0,0.48 ,0.716099, 0.0807079,0.203193,0.283901
0,0.49 ,0.694185, 0.0814197,0.224395,0.305815
0,0.5 ,0.672067, 0.0821588,0.245775,0.327933
0,0.51 ,0.649989, 0.082925,0.267086,0.350011
0,0.52 ,0.628146, 0.0837176,0.288136,0.371854
0,0.53 ,0.606685, 0.084536,0.308779,0.393315
0,0.54 ,0.585713, 0.0853792,0.328908,0.414287
0,0.55 ,0.565303, 0.0862462,0.348451,0.434697
0,0.56 ,0.545504, 0.0871359,0.36736,0.454496
0,0.57 ,0.526345, 0.0880471,0.385608,0.473655
0,0.58 ,0.50784, 0.0889784,0.403182,0.49216
0,0.59 ,0.489992, 0.0899286,0.420079,0.510008
0,0.6 ,0.472798, 0.0908963,0.436306,0.527202
0,0.61 ,0.456245, 0.0918802,0.451875,0.543755
0,0.62 ,0.440321, 0.0928789,0.4668,0.559679
0,0.63 ,0.425007, 0.0938911,0.481102,0.574993
0,0.64 ,0.410285, 0.0949156,0.494799,0.589715
0,0.65 ,0.396135, 0.0959511,0.507914,0.603865
0,0.66 ,0.382535, 0.0969963,0.520468,0.617465
0,0.67 ,0.369466, 0.0980502,0.532484,0.630534
0,0.68 ,0.356905, 0.0991117,0.543983,0.643095
0,0.69 ,0.344833, 0.10018,0.554988,0.655167
0,0.7 ,0.333229, 0.101253,0.565518,0.666771
0,0.71 ,0.322074, 0.102331,0.575595,0.677926
0,0.72 ,0.311349, 0.103413,0.585238,0.688651
0,0.73 ,0.301035, 0.104498,0.594467,0.698965
0,0.74 ,0.291116, 0.105585,0.603299,0.708884
0,0.75 ,0.281574, 0.106673,0.611753,0.718426
0,0.76 ,0.272393, 0.107762,0.619845,0.727607
0,0.77 ,0.263557, 0.108851,0.627591,0.736443
0,0.78 ,0.255053, 0.10994,0.635007,0.744947
0,0.79 ,0.246865, 0.111028,0.642107,0.753135
0,0.8 ,0.238981, 0.112114,0.648905,0.761019
0,0.81 ,0.231387, 0.113199,0.655414,0.768613
0,0.82 ,0.224072, 0.114281,0.661648,0.775928
0,0.83 ,0.217022, 0.11536,0.667617,0.782978
0,0.84 ,0.210229, 0.116436,0.673335,0.789771
0,0.85 ,0.20368, 0.117509,0.678811,0.79632
0,0.86 ,0.197366, 0.118578,0.684056,0.802634
0,0.87 ,0.191277, 0.119643,0.68908,0.808723
0,0.88 ,0.185404, 0.120704,0.693893,0.814596
0,0.89 ,0.179738, 0.12176,0.698502,0.820262
0,0.9 ,0.17427, 0.122812,0.702918,0.82573
0,0.91 ,0.168994, 0.123858,0.707148,0.831006
0,0.92 ,0.163901, 0.1249,0.711199,0.836099
0,0.93 ,0.158984, 0.125936,0.71508,0.841016
0,0.94 ,0.154235, 0.126967,0.718798,0.845765
0,0.95 ,0.149649, 0.127993,0.722358,0.850351
0,0.96 ,0.14522, 0.129013,0.725768,0.85478
0,0.97 ,0.14094, 0.130027,0.729033,0.85906
0,0.98 ,0.136805, 0.131035,0.73216,0.863195
0,0.99 ,0.132809, 0.132038,0.735154,0.867191
0,1 ,0.128946, 0.133035,0.73802,0.871054
0.01,0 ,0.930457, 0.0669698,0.00257357,0.0695434
0.01,0.01 ,0.930149, 0.0670848,0.00276598,0.0698507
0.01,0.02 ,0.929827, 0.0672028,0.00297022,0.070173
0.01,0.03 ,0.929489, 0.0673241,0.00318722,0.0705113
0.01,0.04 ,0.929133, 0.0674488,0.00341802,0.0708668
0.01,0.05 ,0.928759, 0.0675771,0.00366378,0.0712409
0.01,0.06 ,0.928365, 0.0677091,0.00392575,0.0716348
0.01,0.07 ,0.92795, 0.0678449,0.00420535,0.0720503
0.01,0.08 ,0.927511, 0.0679848,0.00450413,0.072489
0.01,0.09 ,0.927047, 0.068129,0.00482383,0.0729528
0.01,0.1 ,0.926556, 0.0682775,0.00516639,0.0734439
0.01,0.11 ,0.926035, 0.0684307,0.00553398,0.0739647
0.01,0.12 ,0.925482, 0.0685887,0.00592902,0.0745178
0.01,0.13 ,0.924894, 0.0687519,0.00635424,0.0751061
0.01,0.14 ,0.924267, 0.0689203,0.00681272,0.075733
0.01,0.15 ,0.923598, 0.0690944,0.00730795,0.0764023
0.01,0.16 ,0.922882, 0.0692743,0.00784386,0.0771182
0.01,0.17 ,0.922115, 0.0694604,0.00842495,0.0778854
0.01,0.18 ,0.921291, 0.069653,0.00905634,0.0787093
0.01,0.19 ,0.920404, 0.0698524,0.0097439,0.0795963
0.01,0.2 ,0.919447, 0.070059,0.0104944,0.0805534
0.01,0.21 ,0.918411, 0.0702732,0.0113156,0.0815889
0.01,0.22 ,0.917288, 0.0704954,0.0122166,0.082712
0.01,0.23 ,0.916066, 0.0707261,0.0132078,0.0839339
0.01,0.24 ,0.914733, 0.0709656,0.0143016,0.0852672
0.01,0.25 ,0.913273, 0.0712145,0.0155123,0.0867268
0.01,0.26 ,0.91167, 0.0714733,0.0168571,0.0883304
0.01,0.27 ,0.909901, 0.0717427,0.018356,0.0900987
0.01,0.28 ,0.907944, 0.0720232,0.0200331,0.0920562
0.01,0.29 ,0.905768, 0.0723154,0.021917,0.0942324
0.01,0.3 ,0.903338, 0.0726201,0.0240424,0.0966624
0.01,0.31 ,0.900611, 0.0729379,0.0264508,0.0993887
0.01,0.32 ,0.897538, 0.0732697,0.0291926,0.102462
0.01,0.33 ,0.894055, 0.0736164,0.032329,0.105945
0.01,0.34 ,0.890087, 0.0739786,0.0359342,0.109913
0.01,0.35 ,0.885544, 0.0743575,0.0400984,0.114456
0.01,0.36 ,0.880316, 0.0747538,0.0449301,0.119684
0.01,0.37 ,0.874273, 0.0751687,0.0505586,0.125727
0.01,0.38 ,0.867262, 0.075603,0.0571353,0.132738
0.01,0.39 ,0.85911, 0.076058,0.0648315,0.14089
0.01,0.4 ,0.849634, 0.0765345,0.0738316,0.150366
0.01,0.41 ,0.838649, 0.0770336,0.0843178,0.161351
0.01,0.42 ,0.825998, 0.0775563,0.0964458,0.174002
0.01,0.43 ,0.811583, 0.0781036,0.110313,0.188417
0.01,0.44 ,0.795398, 0.0786762,0.125926,0.204602
0.01,0.45 ,0.777544, 0.079275,0.143181,0.222456
0.01,0.46 ,0.758231, 0.0799004,0.161868,0.241769
0.01,0.47 ,0.737751, 0.0805529,0.181696,0.262249
0.01,0.48 ,0.71643, 0.0812329,0.202337,0.28357
0.01,0.49 ,0.694594, 0.0819402,0.223465,0.305406
0.01,0.5 ,0.672539, 0.0826748,0.244786,0.327461
0.01,0.51 ,0.650511, 0.0834363,0.266053,0.349489
0.01,0.52 ,0.628705, 0.0842242,0.287071,0.371295
0.01,0.53 ,0.607272, 0.0850378,0.30769,0.392728
0.01,0.54 ,0.586319, 0.0858761,0.327805,0.413681
0.01,0.55 ,0.565922, 0.0867381,0.347339,0.434078
0.01,0.56 ,0.546132, 0.0876228,0.366246,0.453868
0.01,0.57 ,0.526977, 0.088529,0.384494,0.473023
0.01,0.58 ,0.508472, 0.0894553,0.402072,0.491528
0.01,0.59 ,0.490623, 0.0904004,0.418976,0.509377
0.01,0.6 ,0.473425, 0.0913631,0.435212,0.526575
0.01,0.61 ,0.456867, 0.092342,0.450791,0.543133
0.01,0.62 ,0.440936, 0.0933358,0.465728,0.559064
0.01,0.63 ,0.425615, 0.0943431,0.480042,0.574385
0.01,0.64 ,0.410884, 0.0953626,0.493753,0.589116
0.01,0.65 ,0.396725, 0.0963932,0.506882,0.603275
0.01,0.66 ,0.383116, 0.0974337,0.519451,0.616884
0.01,0.67 ,0.370036, 0.0984829,0.531481,0.629964
0.01,0.68 ,0.357465, 0.0995396,0.542995,0.642535
0.01,0.69 ,0.345383, 0.100603,0.554014,0.654617
0.01,0.7 ,0.333769, 0.101672,0.564559,0.666231
0.01,0.71 ,0.322603, 0.102746,0.574651,0.677397
0.01,0.72 ,0.311868, 0.103823,0.58431,0.688132
0.01,0.73 ,0.301544, 0.104903,0.593553,0.698456
0.01,0.74 ,0.291614, 0.105986,0.6024,0.708386
0.01,0.75 ,0.282061, 0.10707,0.610869,0.717939
0.01,0.76 ,0.27287, 0.108155,0.618975,0.72713
0.01,0.77 ,0.264025, 0.10924,0.626735,0.735975
0.01,0.78 ,0.25551, 0.110325,0.634165,0.74449
0.01,0.79 ,0.247313, 0.111408,0.641279,0.752687
0.01,0.8 ,0.239419, 0.112491,0.64809,0.760581
0.01,0.81 ,0.231815, 0.113571,0.654613,0.768185
0.01,0.82 ,0.22449, 0.11465,0.66086,0.77551
0.01,0.83 ,0.217432, 0.115725,0.666843,0.782568
0.01,0.84 ,0.210629, 0.116798,0.672573,0.789371
0.01,0.85 ,0.204072, 0.117867,0.678062,0.795928
0.01,0.86 ,0.197749, 0.118932,0.683319,0.802251
0.01,0.87 ,0.191651, 0.119994,0.688355,0.808349
0.01,0.88 ,0.18577, 0.121051,0.693179,0.81423
0.01,0.89 ,0.180095, 0.122104,0.697801,0.819905
0.01,0.9 ,0.17462, 0.123152,0.702228,0.82538
0.01,0.91 ,0.169336, 0.124195,0.706469,0.830664
0.01,0.92 ,0.164235, 0.125234,0.710532,0.835765
0.01,0.93 ,0.15931, 0.126267,0.714423,0.84069
0.01,0.94 ,0.154554, 0.127295,0.718151,0.845446
0.01,0.95 ,0.149961, 0.128317,0.721722,0.850039
0.01,0.96 ,0.145524, 0.129334,0.725142,0.854476
0.01,0.97 ,0.141238, 0.130345,0.728417,0.858762
0.01,0.98 ,0.137096, 0.131351,0.731554,0.862904
0.01,0.99 ,0.133092, 0.13235,0.734557,0.866908
0.01,1 ,0.129223, 0.133344,0.737433,0.870777
0.02,0 ,0.929233, 0.067589,0.00317789,0.0707669
0.02,0.01 ,0.928927, 0.0677034,0.00336988,0.0710733
0.02,0.02 ,0.928605, 0.0678209,0.00357366,0.0713946
0.02,0.03 ,0.928268, 0.0679417,0.00379016,0.0717318
0.02,0.04 ,0.927914, 0.0680658,0.00402043,0.0720863
0.02,0.05 ,0.927541, 0.0681935,0.00426561,0.0724591
0.02,0.06 ,0.927148, 0.0683249,0.00452695,0.0728518
0.02,0.07 ,0.926734, 0.0684601,0.00480586,0.073266
0.02,0.08 ,0.926297, 0.0685994,0.00510389,0.0737032
0.02,0.09 ,0.925834, 0.0687428,0.00542277,0.0741656
0.02,0.1 ,0.925345, 0.0688907,0.00576442,0.0746551
0.02,0.11 ,0.924826, 0.0690431,0.006131,0.0751741
0.02,0.12 ,0.924275, 0.0692004,0.00652493,0.0757253
0.02,0.13 ,0.923688, 0.0693627,0.00694892,0.0763117
0.02,0.14 ,0.923064, 0.0695304,0.00740602,0.0769364
0.02,0.15 ,0.922397, 0.0697036,0.00789971,0.0776033
0.02,0.16 ,0.921683, 0.0698826,0.00843389,0.0783165
0.02,0.17 ,0.920919, 0.0700678,0.00901304,0.0790808
0.02,0.18 ,0.920098, 0.0702594,0.00964223,0.0799017
0.02,0.19 ,0.919215, 0.0704579,0.0103273,0.0807852
0.02,0.2 ,0.918262, 0.0706634,0.011075,0.0817384
0.02,0.21 ,0.917231, 0.0708765,0.0118929,0.0827695
0.02,0.22 ,0.916112, 0.0710975,0.0127902,0.0838877
0.02,0.23 ,0.914896, 0.071327,0.0137771,0.0851041
0.02,0.24 ,0.913569, 0.0715652,0.014866,0.0864312
0.02,0.25 ,0.912116, 0.0718128,0.016071,0.0878838
0.02,0.26 ,0.910521, 0.0720702,0.017409,0.0894792
0.02,0.27 ,0.908762, 0.0723381,0.0189,0.0912381
0.02,0.28 ,0.906815, 0.072617,0.0205678,0.0931848
0.02,0.29 ,0.904652, 0.0729076,0.0224407,0.0953483
0.02,0.3 ,0.902236, 0.0732105,0.024553,0.0977635
0.02,0.31 ,0.899528, 0.0735266,0.0269456,0.100472
0.02,0.32 ,0.896475, 0.0738565,0.0296685,0.103525
0.02,0.33 ,0.893017, 0.0742011,0.0327821,0.106983
0.02,0.34 ,0.889079, 0.0745612,0.0363596,0.110921
0.02,0.35 ,0.884572, 0.0749377,0.0404899,0.115428
0.02,0.36 ,0.879388, 0.0753317,0.0452802,0.120612
0.02,0.37 ,0.873398, 0.075744,0.0508582,0.126602
0.02,0.38 ,0.866451, 0.0761756,0.0573734,0.133549
0.02,0.39 ,0.858377, 0.0766277,0.0649953,0.141623
0.02,0.4 ,0.848992, 0.0771012,0.0739067,0.151008
0.02,0.41 ,0.838114, 0.0775971,0.0842894,0.161886
0.02,0.42 ,0.825583, 0.0781165,0.0963001,0.174417
0.02,0.43 ,0.811301, 0.0786602,0.110039,0.188699
0.02,0.44 ,0.795252, 0.0792291,0.125519,0.204748
0.02,0.45 ,0.777534, 0.0798239,0.142642,0.222466
0.02,0.46 ,0.75835, 0.0804453,0.161205,0.24165
0.02,0.47 ,0.737985, 0.0810936,0.180922,0.262015
0.02,0.48 ,0.716763, 0.0817691,0.201468,0.283237
0.02,0.49 ,0.69501, 0.0824719,0.222518,0.30499
0.02,0.5 ,0.673021, 0.0832018,0.243778,0.326979
0.02,0.51 ,0.651044, 0.0839586,0.264998,0.348956
0.02,0.52 ,0.629278, 0.0847416,0.28598,0.370722
0.02,0.53 ,0.607874, 0.0855502,0.306576,0.392126
0.02,0.54 ,0.586942, 0.0863834,0.326674,0.413058
0.02,0.55 ,0.56656, 0.0872404,0.3462,0.43344
0.02,0.56 ,0.546778, 0.08812,0.365102,0.453222
0.02,0.57 ,0.527627, 0.089021,0.383352,0.472373
0.02,0.58 ,0.509124, 0.0899421,0.400933,0.490876
0.02,0.59 ,0.491274, 0.0908821,0.417844,0.508726
0.02,0.6 ,0.474071, 0.0918397,0.434089,0.525929
0.02,0.61 ,0.457508, 0.0928134,0.449678,0.542492
0.02,0.62 ,0.44157, 0.0938021,0.464627,0.55843
0.02,0.63 ,0.426241, 0.0948043,0.478954,0.573759
0.02,0.64 ,0.411502, 0.0958188,0.492679,0.588498
0.02,0.65 ,0.397334, 0.0968445,0.505822,0.602666
0.02,0.66 ,0.383715, 0.09788,0.518405,0.616285
0.02,0.67 ,0.370625, 0.0989243,0.530451,0.629375
0.02,0.68 ,0.358044, 0.0999762,0.54198,0.641956
0.02,0.69 ,0.345951, 0.101035,0.553015,0.654049
0.02,0.7 ,0.334326, 0.102099,0.563575,0.665674
0.02,0.71 ,0.323149, 0.103168,0.573682,0.676851
0.02,0.72 ,0.312403, 0.104241,0.583356,0.687597
0.02,0.73 ,0.302068, 0.105317,0.592615,0.697932
0.02,0.74 ,0.292128, 0.106395,0.601477,0.707872
0.02,0.75 ,0.282565, 0.107475,0.609961,0.717435
0.02,0.76 ,0.273363, 0.108555,0.618082,0.726637
0.02,0.77 ,0.264507, 0.109636,0.625857,0.735493
0.02,0.78 ,0.255982, 0.110717,0.633301,0.744018
0.02,0.79 ,0.247775, 0.111796,0.640429,0.752225
0.02,0.8 ,0.239871, 0.112875,0.647255,0.760129
0.02,0.81 ,0.232257, 0.113951,0.653792,0.767743
0.02,0.82 ,0.224923, 0.115025,0.660052,0.775077
0.02,0.83 ,0.217855, 0.116097,0.666048,0.782145
0.02,0.84 ,0.211043, 0.117166,0.671792,0.788957
0.02,0.85 ,0.204476, 0.118231,0.677293,0.795524
0.02,0.86 ,0.198144, 0.119293,0.682563,0.801856
0.02,0.87 ,0.192037, 0.120351,0.687612,0.807963
0.02,0.88 ,0.186147, 0.121404,0.692449,0.813853
0.02,0.89 ,0.180464, 0.122454,0.697082,0.819536
0.02,0.9 ,0.174981, 0.123498,0.701521,0.825019
0.02,0.91 ,0.169688, 0.124538,0.705774,0.830312
0.02,0.92 ,0.164579, 0.125573,0.709848,0.835421
0.02,0.93 ,0.159646, 0.126603,0.713751,0.840354
0.02,0.94 ,0.154883, 0.127628,0.717489,0.845117
0.02,0.95 ,0.150282, 0.128647,0.721071,0.849718
0.02,0.96 ,0.145838, 0.129661,0.724501,0.854162
0.02,0.97 ,0.141544, 0.130669,0.727787,0.858456
0.02,0.98 ,0.137395, 0.131671,0.730934,0.862605
0.02,0.99 ,0.133385, 0.132668,0.733947,0.866615
0.02,1 ,0.129509, 0.133659,0.736832,0.870491
0.03,0 ,0.927963, 0.0682219,0.00381478,0.0720366
0.03,0.01 ,0.927658, 0.0683357,0.00400632,0.072342
0.03,0.02 ,0.927338, 0.0684527,0.00420962,0.0726623
0.03,0.03 ,0.927002, 0.0685729,0.0044256,0.0729985
0.03,0.04 ,0.926648, 0.0686964,0.00465531,0.0733517
0.03,0.05 ,0.926277, 0.0688235,0.00489987,0.0737234
0.03,0.06 ,0.925885, 0.0689543,0.00516055,0.0741148
0.03,0.07 ,0.925472, 0.0690888,0.00543874,0.0745276
0.03,0.08 ,0.925037, 0.0692274,0.00573598,0.0749634
0.03,0.09 ,0.924576, 0.0693702,0.006054,0.0754242
0.03,0.1 ,0.924088, 0.0695173,0.0063947,0.075912
0.03,0.11 ,0.923571, 0.069669,0.00676024,0.0764292
0.03,0.12 ,0.923021, 0.0698255,0.00715301,0.0769785
0.03,0.13 ,0.922437, 0.069987,0.00757571,0.0775628
0.03,0.14 ,0.921815, 0.0701538,0.00803139,0.0781852
0.03,0.15 ,0.92115, 0.0703262,0.00852348,0.0788497
0.03,0.16 ,0.92044, 0.0705043,0.00905588,0.0795602
0.03,0.17 ,0.919678, 0.0706885,0.00963301,0.0803215
0.03,0.18 ,0.918861, 0.0708792,0.0102599,0.0811391
0.03,0.19 ,0.917981, 0.0710766,0.0109424,0.082019
0.03,0.2 ,0.917032, 0.071281,0.0116872,0.0829682
0.03,0.21 ,0.916005, 0.071493,0.0125018,0.0839948
0.03,0.22 ,0.914892, 0.0717129,0.0133952,0.0851081
0.03,0.23 ,0.913681, 0.071941,0.0143778,0.0863188
0.03,0.24 ,0.912361, 0.072178,0.0154615,0.0876395
0.03,0.25 ,0.910915, 0.0724242,0.0166606,0.0890848
0.03,0.26 ,0.909328, 0.0726802,0.0179917,0.0906719
0.03,0.27 ,0.907579, 0.0729465,0.0194747,0.0924212
0.03,0.28 ,0.905643, 0.0732239,0.0211329,0.0943568
0.03,0.29 ,0.903493, 0.0735128,0.0229946,0.0965074
0.03,0.3 ,0.901093, 0.0738139,0.0250934,0.0989073
0.03,0.31 ,0.898402, 0.0741281,0.02747,0.101598
0.03,0.32 ,0.89537, 0.074456,0.0301735,0.10463
0.03,0.33 ,0.891938, 0.0747985,0.0332637,0.108062
0.03,0.34 ,0.888031, 0.0751564,0.0368128,0.111969
0.03,0.35 ,0.883561, 0.0755306,0.0409085,0.116439
0.03,0.36 ,0.878421, 0.0759221,0.0456565,0.121579
0.03,0.37 ,0.872485, 0.0763318,0.0511829,0.127515
0.03,0.38 ,0.865604, 0.0767607,0.0576351,0.134396
0.03,0.39 ,0.857609, 0.0772098,0.065181,0.142391
0.03,0.4 ,0.848318, 0.0776802,0.0740017,0.151682
0.03,0.41 ,0.837549, 0.0781728,0.0842783,0.162451
0.03,0.42 ,0.825143, 0.0786887,0.0961685,0.174857
0.03,0.43 ,0.810995, 0.0792288,0.109776,0.189005
0.03,0.44 ,0.795088, 0.0797939,0.125118,0.204912
0.03,0.45 ,0.777511, 0.0803847,0.142104,0.222489
0.03,0.46 ,0.758461, 0.0810019,0.160538,0.241539
0.03,0.47 ,0.738215, 0.0816459,0.180139,0.261785
0.03,0.48 ,0.717097, 0.0823169,0.200586,0.282903
0.03,0.49 ,0.695431, 0.083015,0.221554,0.304569
0.03,0.5 ,0.673511, 0.0837402,0.242749,0.326489
0.03,0.51 ,0.651589, 0.084492,0.263919,0.348411
0.03,0.52 ,0.629865, 0.08527,0.284865,0.370135
0.03,0.53 ,0.608492, 0.0860735,0.305435,0.391508
0.03,0.54 ,0.587582, 0.0869016,0.325516,0.412418
0.03,0.55 ,0.567215, 0.0877533,0.345031,0.432785
0.03,0.56 ,0.547443, 0.0886277,0.363929,0.452557
0.03,0.57 ,0.528298, 0.0895234,0.382179,0.471702
0.03,0.58 ,0.509796, 0.0904392,0.399764,0.490204
0.03,0.59 ,0.491944, 0.0913739,0.416682,0.508056
0.03,0.6 ,0.474739, 0.0923262,0.432935,0.525261
0.03,0.61 ,0.45817, 0.0932946,0.448535,0.54183
0.03,0.62 ,0.442225, 0.094278,0.463497,0.557775
0.03,0.63 ,0.426888, 0.0952751,0.477837,0.573112
0.03,0.64 ,0.41214, 0.0962844,0.491575,0.58786
0.03,0.65 ,0.397962, 0.0973049,0.504733,0.602038
0.03,0.66 ,0.384333, 0.0983354,0.517331,0.615667
0.03,0.67 ,0.371233, 0.0993747,0.529392,0.628767
0.03,0.68 ,0.358641, 0.100422,0.540937,0.641359
0.03,0.69 ,0.346537, 0.101475,0.551988,0.653463
0.03,0.7 ,0.334901, 0.102535,0.562564,0.665099
0.03,0.71 ,0.323714, 0.103599,0.572687,0.676286
0.03,0.72 ,0.312956, 0.104667,0.582377,0.687044
0.03,0.73 ,0.30261, 0.105738,0.591651,0.69739
0.03,0.74 ,0.292659, 0.106812,0.600529,0.707341
0.03,0.75 ,0.283085, 0.107887,0.609028,0.716915
0.03,0.76 ,0.273872, 0.108963,0.617165,0.726128
0.03,0.77 ,0.265005, 0.11004,0.624955,0.734995
0.03,0.78 ,0.25647, 0.111116,0.632414,0.74353
0.03,0.79 ,0.248251, 0.112191,0.639557,0.751749
0.03,0.8 ,0.240337, 0.113266,0.646397,0.759663
0.03,0.81 ,0.232714, 0.114338,0.652948,0.767286
0.03,0.82 ,0.225369, 0.115408,0.659223,0.774631
0.03,0.83 ,0.218291, 0.116476,0.665233,0.781709
0.03,0.84 ,0.211469, 0.117541,0.67099,0.788531
0.03,0.85 ,0.204893, 0.118602,0.676505,0.795107
0.03,0.86 ,0.198551, 0.11966,0.681788,0.801449
0.03,0.87 ,0.192436, 0.120714,0.68685,0.807564
0.03,0.88 ,0.186536, 0.121764,0.691699,0.813464
0.03,0.89 ,0.180845, 0.12281,0.696345,0.819155
0.03,0.9 ,0.175352, 0.123851,0.700796,0.824648
0.03,0.91 ,0.170051, 0.124888,0.705061,0.829949
0.03,0.92 ,0.164934, 0.125919,0.709147,0.835066
0.03,0.93 ,0.159993, 0.126946,0.713061,0.840007
0.03,0.94 ,0.155222, 0.127967,0.716811,0.844778
0.03,0.95 ,0.150613, 0.128983,0.720404,0.849387
0.03,0.96 ,0.146161, 0.129993,0.723845,0.853839
0.03,0.97 ,0.14186, 0.130998,0.727142,0.85814
0.03,0.98 ,0.137703, 0.131998,0.730299,0.862297
0.03,0.99 ,0.133686, 0.132991,0.733323,0.866314
0.03,1 ,0.129803, 0.133979,0.736218,0.870197
0.04,0 ,0.926645, 0.0688687,0.00448619,0.0733549
0.04,0.01 ,0.926341, 0.068982,0.00467725,0.0736593
0.04,0.02 ,0.926022, 0.0690984,0.00488004,0.0739785
0.04,0.03 ,0.925686, 0.069218,0.00509547,0.0743135
0.04,0.04 ,0.925334, 0.069341,0.00532458,0.0746656
0.04,0.05 ,0.924964, 0.0694675,0.00556851,0.075036
0.04,0.06 ,0.924574, 0.0695976,0.00582849,0.0754261
0.04,0.07 ,0.924163, 0.0697315,0.00610592,0.0758374
0.04,0.08 ,0.923728, 0.0698694,0.00640234,0.0762717
0.04,0.09 ,0.923269, 0.0700114,0.00671945,0.0767309
0.04,0.1 ,0.922783, 0.0701578,0.00705916,0.077217
0.04,0.11 ,0.922268, 0.0703087,0.0074236,0.0777323
0.04,0.12 ,0.92172, 0.0704644,0.00781517,0.0782796
0.04,0.13 ,0.921138, 0.0706251,0.00823654,0.0788617
0.04,0.14 ,0.920518, 0.0707911,0.00869073,0.0794818
0.04,0.15 ,0.919856, 0.0709625,0.00918117,0.0801437
0.04,0.16 ,0.919149, 0.0711397,0.00971171,0.0808514
0.04,0.17 ,0.91839, 0.071323,0.0102868,0.0816097
0.04,0.18 ,0.917576, 0.0715126,0.0109113,0.0824239
0.04,0.19 ,0.9167, 0.0717089,0.0115912,0.0833001
0.04,0.2 ,0.915755, 0.0719123,0.0123329,0.0842452
0.04,0.21 ,0.914733, 0.0721231,0.0131441,0.0852672
0.04,0.22 ,0.913625, 0.0723417,0.0140336,0.0863753
0.04,0.23 ,0.91242, 0.0725686,0.0150116,0.0875802
0.04,0.24 ,0.911106, 0.0728042,0.0160901,0.0888943
0.04,0.25 ,0.909668, 0.073049,0.0172831,0.0903321
0.04,0.26 ,0.908089, 0.0733035,0.0186072,0.0919107
0.04,0.27 ,0.90635, 0.0735684,0.0200818,0.0936502
0.04,0.28 ,0.904426, 0.073844,0.0217303,0.0955743
0.04,0.29 ,0.902288, 0.0741312,0.0235804,0.0977116
0.04,0.3 ,0.899904, 0.0744306,0.0256654,0.100096
0.04,0.31 ,0.897232, 0.0747428,0.0280256,0.102768
0.04,0.32 ,0.894222, 0.0750687,0.0307093,0.105778
0.04,0.33 ,0.890815, 0.0754091,0.0337755,0.109185
0.04,0.34 ,0.88694, 0.0757647,0.0372956,0.11306
0.04,0.35 ,0.882508, 0.0761365,0.0413559,0.117492
0.04,0.36 ,0.877414, 0.0765254,0.0460607,0.122586
0.04,0.37 ,0.871533, 0.0769324,0.0515343,0.128467
0.04,0.38 ,0.864719, 0.0773585,0.0579223,0.135281
0.04,0.39 ,0.856805, 0.0778046,0.0653904,0.143195
0.04,0.4 ,0.84761, 0.0782718,0.0741182,0.15239
0.04,0.41 ,0.836953, 0.0787611,0.0842861,0.163047
0.04,0.42 ,0.824674, 0.0792735,0.0960526,0.175326
0.04,0.43 ,0.810666, 0.0798098,0.109524,0.189334
0.04,0.44 ,0.794905, 0.080371,0.124724,0.205095
0.04,0.45 ,0.777474, 0.0809577,0.141568,0.222526
0.04,0.46 ,0.758562, 0.0815706,0.159867,0.241438
0.04,0.47 ,0.738442, 0.0822102,0.179348,0.261558
0.04,0.48 ,0.717432, 0.0828766,0.199691,0.282568
0.04,0.49 ,0.695856, 0.0835699,0.220574,0.304144
0.04,0.5 ,0.67401, 0.0842902,0.2417,0.32599
0.04,0.51 ,0.652146, 0.085037,0.262817,0.347854
0.04,0.52 ,0.630466, 0.0858098,0.283724,0.369534
0.04,0.53 ,0.609126, 0.0866081,0.304266,0.390874
0.04,0.54 ,0.588241, 0.0874309,0.324329,0.411759
0.04,0.55 ,0.56789, 0.0882773,0.343833,0.43211
0.04,0.56 ,0.548128, 0.0891462,0.362726,0.451872
0.04,0.57 ,0.528989, 0.0900364,0.380975,0.471011
0.04,0.58 ,0.510489, 0.0909468,0.398564,0.489511
0.04,0.59 ,0.492636, 0.0918761,0.415488,0.507364
0.04,0.6 ,0.475427, 0.0928229,0.43175,0.524573
0.04,0.61 ,0.458853, 0.093786,0.447361,0.541147
0.04,0.62 ,0.442901, 0.0947639,0.462335,0.557099
0.04,0.63 ,0.427556, 0.0957556,0.476688,0.572444
0.04,0.64 ,0.412799, 0.0967597,0.490441,0.587201
0.04,0.65 ,0.398611, 0.0977749,0.503614,0.601389
0.04,0.66 ,0.384972, 0.0988002,0.516228,0.615028
0.04,0.67 ,0.371861, 0.0998343,0.528305,0.628139
0.04,0.68 ,0.359258, 0.100876,0.539866,0.640742
0.04,0.69 ,0.347143, 0.101925,0.550933,0.652857
0.04,0.7 ,0.335495, 0.102979,0.561526,0.664505
0.04,0.71 ,0.324296, 0.104039,0.571665,0.675704
0.04,0.72 ,0.313527, 0.105102,0.581371,0.686473
0.04,0.73 ,0.30317, 0.106168,0.590662,0.69683
0.04,0.74 ,0.293207, 0.107237,0.599556,0.706793
0.04,0.75 ,0.283621, 0.108308,0.608071,0.716379
0.04,0.76 ,0.274397, 0.109379,0.616223,0.725603
0.04,0.77 ,0.265519, 0.110451,0.624029,0.734481
0.04,0.78 ,0.256973, 0.111523,0.631504,0.743027
0.04,0.79 ,0.248744, 0.112594,0.638662,0.751256
0.04,0.8 ,0.240818, 0.113664,0.645517,0.759182
0.04,0.81 ,0.233184, 0.114732,0.652083,0.766816
0.04,0.82 ,0.225829, 0.115799,0.658372,0.774171
0.04,0.83 ,0.218741, 0.116862,0.664397,0.781259
0.04,0.84 ,0.211909, 0.117923,0.670168,0.788091
0.04,0.85 ,0.205323, 0.11898,0.675697,0.794677
0.04,0.86 ,0.198972, 0.120035,0.680994,0.801028
0.04,0.87 ,0.192847, 0.121085,0.686069,0.807153
0.04,0.88 ,0.186938, 0.122131,0.690931,0.813062
0.04,0.89 ,0.181237, 0.123173,0.69559,0.818763
0.04,0.9 ,0.175736, 0.124211,0.700054,0.824264
0.04,0.91 ,0.170426, 0.125243,0.704331,0.829574
0.04,0.92 ,0.1653, 0.126271,0.708429,0.8347
0.04,0.93 ,0.160351, 0.127294,0.712355,0.839649
0.04,0.94 ,0.155571, 0.128312,0.716117,0.844429
0.04,0.95 ,0.150954, 0.129325,0.719721,0.849046
0.04,0.96 ,0.146494, 0.130332,0.723173,0.853506
0.04,0.97 ,0.142185, 0.131334,0.726481,0.857815
0.04,0.98 ,0.138021, 0.13233,0.729649,0.861979
0.04,0.99 ,0.133997, 0.13332,0.732683,0.866003
0.04,1 ,0.130106, 0.134305,0.735589,0.869894
0.05,0 ,0.925276, 0.06953,0.0051942,0.0747242
0.05,0.01 ,0.924972, 0.0696428,0.00538476,0.0750275
0.05,0.02 ,0.924654, 0.0697586,0.00558699,0.0753456
0.05,0.03 ,0.924321, 0.0698776,0.00580185,0.0756794
0.05,0.04 ,0.92397, 0.0699999,0.00603033,0.0760303
0.05,0.05 ,0.923601, 0.0701257,0.00627357,0.0763993
0.05,0.06 ,0.923212, 0.0702552,0.00653282,0.076788
0.05,0.07 ,0.922802, 0.0703884,0.00680946,0.0771979
0.05,0.08 ,0.922369, 0.0705256,0.00710501,0.0776306
0.05,0.09 ,0.921912, 0.0706669,0.00742117,0.0780881
0.05,0.1 ,0.921428, 0.0708125,0.00775984,0.0785724
0.05,0.11 ,0.920914, 0.0709627,0.00812315,0.0790858
0.05,0.12 ,0.920369, 0.0711176,0.00851346,0.079631
0.05,0.13 ,0.919789, 0.0712774,0.00893344,0.0802109
0.05,0.14 ,0.919171, 0.0714425,0.00938609,0.0808286
0.05,0.15 ,0.918512, 0.071613,0.0098748,0.0814878
0.05,0.16 ,0.917807, 0.0717892,0.0104034,0.0821926
0.05,0.17 ,0.917052, 0.0719715,0.0109763,0.0829478
0.05,0.18 ,0.916241, 0.07216,0.0115985,0.0837585
0.05,0.19 ,0.915369, 0.0723553,0.0122756,0.0846308
0.05,0.2 ,0.914428, 0.0725575,0.0130142,0.0855717
0.05,0.21 ,0.913411, 0.0727671,0.0138218,0.0865889
0.05,0.22 ,0.912308, 0.0729845,0.0147073,0.0876918
0.05,0.23 ,0.911109, 0.0732101,0.0156806,0.0888907
0.05,0.24 ,0.909802, 0.0734443,0.0167537,0.090198
0.05,0.25 ,0.908372, 0.0736877,0.0179405,0.0916282
0.05,0.26 ,0.906802, 0.0739407,0.0192573,0.093198
0.05,0.27 ,0.905073, 0.0742039,0.0207234,0.0949273
0.05,0.28 ,0.90316, 0.0744779,0.0223619,0.0968398
0.05,0.29 ,0.901037, 0.0747633,0.0242001,0.0989634
0.05,0.3 ,0.898668, 0.0750608,0.0262711,0.101332
0.05,0.31 ,0.896015, 0.0753711,0.0286143,0.103985
0.05,0.32 ,0.893027, 0.0756949,0.0312778,0.106973
0.05,0.33 ,0.889647, 0.0760331,0.0343196,0.110353
0.05,0.34 ,0.885804, 0.0763864,0.0378099,0.114196
0.05,0.35 ,0.88141, 0.0767558,0.0418341,0.11859
0.05,0.36 ,0.876363, 0.0771421,0.0464947,0.123637
0.05,0.37 ,0.870539, 0.0775463,0.0519143,0.129461
0.05,0.38 ,0.863794, 0.0779695,0.0582366,0.136206
0.05,0.39 ,0.855962, 0.0784125,0.0656251,0.144038
0.05,0.4 ,0.846866, 0.0788765,0.0742579,0.153134
0.05,0.41 ,0.836323, 0.0793623,0.0843144,0.163677
0.05,0.42 ,0.824175, 0.0798711,0.0959538,0.175825
0.05,0.43 ,0.810311, 0.0804036,0.109286,0.189689
0.05,0.44 ,0.794701, 0.0809608,0.124339,0.205299
0.05,0.45 ,0.777421, 0.0815433,0.141036,0.222579
0.05,0.46 ,0.758653, 0.0821518,0.159196,0.241347
0.05,0.47 ,0.738664, 0.0827867,0.17855,0.261336
0.05,0.48 ,0.717768, 0.0834484,0.198784,0.282232
0.05,0.49 ,0.696287, 0.0841369,0.219576,0.303713
0.05,0.5 ,0.674518, 0.0848521,0.24063,0.325482
0.05,0.51 ,0.652715, 0.0855937,0.261692,0.347285
0.05,0.52 ,0.631082, 0.0863613,0.282557,0.368918
0.05,0.53 ,0.609777, 0.0871542,0.303069,0.390223
0.05,0.54 ,0.588917, 0.0879715,0.323112,0.411083
0.05,0.55 ,0.568584, 0.0888124,0.342604,0.431416
0.05,0.56 ,0.548834, 0.0896758,0.36149,0.451166
0.05,0.57 ,0.529701, 0.0905604,0.379739,0.470299
0.05,0.58 ,0.511204, 0.0914652,0.397331,0.488796
0.05,0.59 ,0.49335, 0.0923889,0.414261,0.50665
0.05,0.6 ,0.476137, 0.0933301,0.430533,0.523863
0.05,0.61 ,0.459558, 0.0942876,0.446155,0.540442
0.05,0.62 ,0.443599, 0.0952601,0.461141,0.556401
0.05,0.63 ,0.428246, 0.0962462,0.475508,0.571754
0.05,0.64 ,0.41348, 0.0972448,0.489276,0.58652
0.05,0.65 ,0.399282, 0.0982546,0.502464,0.600718
0.05,0.66 ,0.385632, 0.0992745,0.515094,0.614368
0.05,0.67 ,0.37251, 0.100303,0.527187,0.62749
0.05,0.68 ,0.359895, 0.10134,0.538765,0.640105
0.05,0.69 ,0.347768, 0.102383,0.549848,0.652232
0.05,0.7 ,0.336109, 0.103433,0.560458,0.663891
0.05,0.71 ,0.324898, 0.104487,0.570615,0.675102
0.05,0.72 ,0.314117, 0.105545,0.580337,0.685883
0.05,0.73 ,0.303748, 0.106607,0.589645,0.696252
0.05,0.74 ,0.293773, 0.107671,0.598556,0.706227
0.05,0.75 ,0.284176, 0.108737,0.607088,0.715824
0.05,0.76 ,0.27494, 0.109804,0.615256,0.72506
0.05,0.77 ,0.26605, 0.110871,0.623079,0.73395
0.05,0.78 ,0.257492, 0.111938,0.630569,0.742508
0.05,0.79 ,0.249252, 0.113005,0.637743,0.750748
0.05,0.8 ,0.241316, 0.11407,0.644614,0.758684
0.05,0.81 ,0.23367, 0.115134,0.651195,0.76633
0.05,0.82 ,0.226304, 0.116196,0.657499,0.773696
0.05,0.83 ,0.219206, 0.117256,0.663539,0.780794
0.05,0.84 ,0.212363, 0.118312,0.669324,0.787637
0.05,0.85 ,0.205767, 0.119366,0.674867,0.794233
0.05,0.86 ,0.199406, 0.120416,0.680178,0.800594
0.05,0.87 ,0.193271, 0.121462,0.685267,0.806729
0.05,0.88 ,0.187352, 0.122505,0.690143,0.812648
0.05,0.89 ,0.181642, 0.123543,0.694815,0.818358
0.05,0.9 ,0.176131, 0.124577,0.699292,0.823869
0.05,0.91 ,0.170812, 0.125606,0.703582,0.829188
0.05,0.92 ,0.165677, 0.12663,0.707692,0.834323
0.05,0.93 ,0.160719, 0.127649,0.711631,0.839281
0.05,0.94 ,0.155931, 0.128664,0.715405,0.844069
0.05,0.95 ,0.151306, 0.129673,0.719021,0.848694
0.05,0.96 ,0.146838, 0.130677,0.722485,0.853162
0.05,0.97 ,0.142521, 0.131675,0.725804,0.857479
0.05,0.98 ,0.138349, 0.132668,0.728983,0.861651
0.05,0.99 ,0.134316, 0.133655,0.732028,0.865684
0.05,1 ,0.130418, 0.134637,0.734945,0.869582
0.06,0 ,0.923853, 0.0702061,0.00594102,0.0761471
0.06,0.01 ,0.923551, 0.0703183,0.00613104,0.0764493
0.06,0.02 ,0.923234, 0.0704335,0.0063327,0.0767662
0.06,0.03 ,0.922901, 0.0705519,0.00654693,0.0770988
0.06,0.04 ,0.922552, 0.0706736,0.00677475,0.0774483
0.06,0.05 ,0.922184, 0.0707987,0.00701728,0.077816
0.06,0.06 ,0.921797, 0.0709275,0.00727575,0.0782033
0.06,0.07 ,0.921388, 0.07106,0.00755155,0.0786116
0.06,0.08 ,0.920957, 0.0711965,0.00784619,0.0790427
0.06,0.09 ,0.920502, 0.071337,0.00816136,0.0794984
0.06,0.1 ,0.920019, 0.0714819,0.00849894,0.0799808
0.06,0.11 ,0.919508, 0.0716312,0.00886106,0.0804923
0.06,0.12 ,0.918965, 0.0717853,0.00925005,0.0810353
0.06,0.13 ,0.918387, 0.0719442,0.00966858,0.0816128
0.06,0.14 ,0.917772, 0.0721084,0.0101196,0.082228
0.06,0.15 ,0.917116, 0.0722779,0.0106066,0.0828845
0.06,0.16 ,0.916414, 0.0724532,0.0111332,0.0835864
0.06,0.17 ,0.915662, 0.0726344,0.0117038,0.0843382
0.06,0.18 ,0.914855, 0.0728219,0.0123235,0.0851454
0.06,0.19 ,0.913986, 0.073016,0.0129978,0.0860138
0.06,0.2 ,0.91305, 0.0732171,0.0137331,0.0869502
0.06,0.21 ,0.912037, 0.0734255,0.0145371,0.0879626
0.06,0.22 ,0.91094, 0.0736416,0.0154184,0.0890599
0.06,0.23 ,0.909747, 0.0738658,0.0163869,0.0902527
0.06,0.24 ,0.908447, 0.0740986,0.0174545,0.0915531
0.06,0.25 ,0.907025, 0.0743405,0.0186349,0.0929754
0.06,0.26 ,0.905464, 0.074592,0.0199442,0.0945362
0.06,0.27 ,0.903745, 0.0748536,0.0214016,0.0962551
0.06,0.28 ,0.901844, 0.0751259,0.0230297,0.0981556
0.06,0.29 ,0.899735, 0.0754095,0.0248558,0.100265
0.06,0.3 ,0.897383, 0.075705,0.0269123,0.102617
0.06,0.31 ,0.894748, 0.0760133,0.0292383,0.105252
0.06,0.32 ,0.891784, 0.076335,0.0318811,0.108216
0.06,0.33 ,0.888431, 0.0766709,0.0348978,0.111569
0.06,0.34 ,0.88462, 0.0770218,0.0383577,0.11538
0.06,0.35 ,0.880266, 0.0773887,0.0423449,0.119734
0.06,0.36 ,0.875267, 0.0777723,0.0469604,0.124733
0.06,0.37 ,0.869501, 0.0781738,0.0523248,0.130499
0.06,0.38 ,0.862826, 0.0785939,0.0585799,0.137174
0.06,0.39 ,0.855079, 0.0790338,0.0658872,0.144921
0.06,0.4 ,0.846083, 0.0794944,0.0744227,0.153917
0.06,0.41 ,0.835658, 0.0799768,0.084365,0.164342
0.06,0.42 ,0.823644, 0.0804818,0.0958741,0.176356
0.06,0.43 ,0.809927, 0.0810104,0.109062,0.190073
0.06,0.44 ,0.794473, 0.0815635,0.123963,0.205527
0.06,0.45 ,0.77735, 0.0821417,0.140508,0.22265
0.06,0.46 ,0.758732, 0.0827457,0.158523,0.241268
0.06,0.47 ,0.738879, 0.083376,0.177745,0.261121
0.06,0.48 ,0.718102, 0.0840328,0.197865,0.281898
0.06,0.49 ,0.696722, 0.0847163,0.218562,0.303278
0.06,0.5 ,0.675034, 0.0854263,0.23954,0.324966
0.06,0.51 ,0.653295, 0.0861626,0.260542,0.346705
0.06,0.52 ,0.631712, 0.0869248,0.281363,0.368288
0.06,0.53 ,0.610445, 0.0877121,0.301843,0.389555
0.06,0.54 ,0.589612, 0.0885239,0.321864,0.410388
0.06,0.55 ,0.569298, 0.0893591,0.341343,0.430702
0.06,0.56 ,0.54956, 0.0902168,0.360223,0.45044
0.06,0.57 ,0.530434, 0.0910957,0.37847,0.469566
0.06,0.58 ,0.51194, 0.0919948,0.396065,0.48806
0.06,0.59 ,0.494086, 0.0929126,0.413002,0.505914
0.06,0.6 ,0.47687, 0.0938481,0.429282,0.52313
0.06,0.61 ,0.460285, 0.0947999,0.444915,0.539715
0.06,0.62 ,0.44432, 0.0957666,0.459914,0.55568
0.06,0.63 ,0.428958, 0.0967471,0.474295,0.571042
0.06,0.64 ,0.414182, 0.0977401,0.488078,0.585818
0.06,0.65 ,0.399974, 0.0987443,0.501282,0.600026
0.06,0.66 ,0.386313, 0.0997587,0.513928,0.613687
0.06,0.67 ,0.37318, 0.100782,0.526038,0.62682
0.06,0.68 ,0.360554, 0.101813,0.537633,0.639446
0.06,0.69 ,0.348415, 0.102851,0.548734,0.651585
0.06,0.7 ,0.336743, 0.103896,0.559361,0.663257
0.06,0.71 ,0.32552, 0.104945,0.569535,0.67448
0.06,0.72 ,0.314727, 0.105998,0.579275,0.685273
0.06,0.73 ,0.304345, 0.107054,0.588601,0.695655
0.06,0.74 ,0.294358, 0.108113,0.597529,0.705642
0.06,0.75 ,0.284748, 0.109174,0.606077,0.715252
0.06,0.76 ,0.2755, 0.110236,0.614263,0.7245
0.06,0.77 ,0.266599, 0.111299,0.622102,0.733401
0.06,0.78 ,0.258029, 0.112362,0.629609,0.741971
0.06,0.79 ,0.249777, 0.113424,0.636799,0.750223
0.06,0.8 ,0.241829, 0.114485,0.643686,0.758171
0.06,0.81 ,0.234172, 0.115544,0.650283,0.765828
0.06,0.82 ,0.226795, 0.116602,0.656603,0.773205
0.06,0.83 ,0.219686, 0.117657,0.662658,0.780314
0.06,0.84 ,0.212832, 0.118709,0.668459,0.787168
0.06,0.85 ,0.206225, 0.119758,0.674016,0.793775
0.06,0.86 ,0.199854, 0.120804,0.679342,0.800146
0.06,0.87 ,0.193708, 0.121847,0.684445,0.806292
0.06,0.88 ,0.18778, 0.122885,0.689335,0.81222
0.06,0.89 ,0.18206, 0.123919,0.694021,0.81794
0.06,0.9 ,0.176539, 0.124949,0.698511,0.823461
0.06,0.91 ,0.171211, 0.125975,0.702814,0.828789
0.06,0.92 ,0.166067, 0.126995,0.706938,0.833933
0.06,0.93 ,0.1611, 0.128011,0.710889,0.8389
0.06,0.94 ,0.156302, 0.129022,0.714676,0.843698
0.06,0.95 ,0.151669, 0.130027,0.718304,0.848331
0.06,0.96 ,0.147192, 0.131028,0.72178,0.852808
0.06,0.97 ,0.142867, 0.132023,0.725111,0.857133
0.06,0.98 ,0.138687, 0.133012,0.728301,0.861313
0.06,0.99 ,0.134646, 0.133996,0.731358,0.865354
0.06,1 ,0.13074, 0.134974,0.734286,0.86926
0.07,0 ,0.922374, 0.0708974,0.00672902,0.0776264
0.07,0.01 ,0.922073, 0.071009,0.00691846,0.0779274
0.07,0.02 ,0.921757, 0.0711236,0.00711951,0.0782431
0.07,0.03 ,0.921426, 0.0712413,0.00733308,0.0785744
0.07,0.04 ,0.921077, 0.0713624,0.0075602,0.0789226
0.07,0.05 ,0.920711, 0.0714869,0.00780197,0.0792888
0.07,0.06 ,0.920325, 0.0716149,0.00805963,0.0796745
0.07,0.07 ,0.919919, 0.0717467,0.00833454,0.0800813
0.07,0.08 ,0.919489, 0.0718824,0.00862822,0.0805106
0.07,0.09 ,0.919035, 0.0720222,0.00894234,0.0809645
0.07,0.1 ,0.918555, 0.0721662,0.00927879,0.081445
0.07,0.11 ,0.918046, 0.0723147,0.00963966,0.0819544
0.07,0.12 ,0.917505, 0.0724679,0.0100273,0.0824952
0.07,0.13 ,0.91693, 0.072626,0.0104443,0.0830703
0.07,0.14 ,0.916317, 0.0727892,0.0108937,0.0836829
0.07,0.15 ,0.915663, 0.0729578,0.0113787,0.0843365
0.07,0.16 ,0.914965, 0.073132,0.0119033,0.0850353
0.07,0.17 ,0.914216, 0.0733122,0.0124716,0.0857838
0.07,0.18 ,0.913413, 0.0734986,0.0130887,0.0865873
0.07,0.19 ,0.912548, 0.0736916,0.01376,0.0874516
0.07,0.2 ,0.911617, 0.0738914,0.0144921,0.0883835
0.07,0.21 ,0.910609, 0.0740985,0.0152923,0.0893908
0.07,0.22 ,0.909517, 0.0743133,0.0161692,0.0904825
0.07,0.23 ,0.908331, 0.0745362,0.0171328,0.091669
0.07,0.24 ,0.907038, 0.0747676,0.0181947,0.0929623
0.07,0.25 ,0.905624, 0.0750079,0.0193684,0.0943764
0.07,0.26 ,0.904072, 0.0752578,0.0206701,0.0959279
0.07,0.27 ,0.902364, 0.0755177,0.0221185,0.0976362
0.07,0.28 ,0.900476, 0.0757882,0.0237361,0.0995243
0.07,0.29 ,0.89838, 0.07607,0.0255497,0.10162
0.07,0.3 ,0.896045, 0.0763636,0.0275914,0.103955
0.07,0.31 ,0.89343, 0.0766698,0.0298997,0.10657
0.07,0.32 ,0.890489, 0.0769893,0.0325212,0.109511
0.07,0.33 ,0.887165, 0.0773229,0.0355123,0.112835
0.07,0.34 ,0.883387, 0.0776714,0.0389412,0.116613
0.07,0.35 ,0.879074, 0.0780357,0.0428906,0.120926
0.07,0.36 ,0.874124, 0.0784166,0.0474599,0.125876
0.07,0.37 ,0.868417, 0.0788151,0.052768,0.131583
0.07,0.38 ,0.861813, 0.0792322,0.0589545,0.138187
0.07,0.39 ,0.854153, 0.0796689,0.0661786,0.145847
0.07,0.4 ,0.845259, 0.0801261,0.0746146,0.154741
0.07,0.41 ,0.834955, 0.0806048,0.0844399,0.165045
0.07,0.42 ,0.823079, 0.081106,0.0958151,0.176921
0.07,0.43 ,0.809514, 0.0816307,0.108855,0.190486
0.07,0.44 ,0.794221, 0.0821795,0.1236,0.205779
0.07,0.45 ,0.77726, 0.0827533,0.139987,0.22274
0.07,0.46 ,0.758797, 0.0833527,0.15785,0.241203
0.07,0.47 ,0.739087, 0.0839782,0.176935,0.260913
0.07,0.48 ,0.718435, 0.08463,0.196935,0.281565
0.07,0.49 ,0.69716, 0.0853083,0.217532,0.30284
0.07,0.5 ,0.675558, 0.0860131,0.238429,0.324442
0.07,0.51 ,0.653887, 0.086744,0.259369,0.346113
0.07,0.52 ,0.632357, 0.0875006,0.280142,0.367643
0.07,0.53 ,0.61113, 0.0882822,0.300588,0.38887
0.07,0.54 ,0.590326, 0.0890883,0.320586,0.409674
0.07,0.55 ,0.570033, 0.0899177,0.340049,0.429967
0.07,0.56 ,0.550309, 0.0907694,0.358922,0.449691
0.07,0.57 ,0.531191, 0.0916425,0.377167,0.468809
0.07,0.58 ,0.5127, 0.0925356,0.394765,0.4873
0.07,0.59 ,0.494845, 0.0934476,0.411707,0.505155
0.07,0.6 ,0.477626, 0.0943772,0.427996,0.522374
0.07,0.61 ,0.461037, 0.095323,0.44364,0.538963
0.07,0.62 ,0.445064, 0.0962839,0.458652,0.554936
0.07,0.63 ,0.429694, 0.0972586,0.473048,0.570306
0.07,0.64 ,0.414908, 0.0982458,0.486846,0.585092
0.07,0.65 ,0.400689, 0.0992443,0.500066,0.599311
0.07,0.66 ,0.387017, 0.100253,0.51273,0.612983
0.07,0.67 ,0.373872, 0.101271,0.524857,0.626128
0.07,0.68 ,0.361234, 0.102296,0.53647,0.638766
0.07,0.69 ,0.349083, 0.103329,0.547588,0.650917
0.07,0.7 ,0.337399, 0.104368,0.558234,0.662601
0.07,0.71 ,0.326163, 0.105412,0.568426,0.673837
0.07,0.72 ,0.315357, 0.106459,0.578184,0.684643
0.07,0.73 ,0.304962, 0.107511,0.587527,0.695038
0.07,0.74 ,0.294962, 0.108565,0.596473,0.705038
0.07,0.75 ,0.28534, 0.109621,0.605039,0.71466
0.07,0.76 ,0.27608, 0.110678,0.613243,0.72392
0.07,0.77 ,0.267166, 0.111736,0.621099,0.732834
0.07,0.78 ,0.258584, 0.112793,0.628623,0.741416
0.07,0.79 ,0.250319, 0.113851,0.63583,0.749681
0.07,0.8 ,0.242359, 0.114907,0.642734,0.757641
0.07,0.81 ,0.234691, 0.115962,0.649347,0.765309
0.07,0.82 ,0.227302, 0.117015,0.655683,0.772698
0.07,0.83 ,0.220181, 0.118065,0.661754,0.779819
0.07,0.84 ,0.213317, 0.119113,0.66757,0.786683
0.07,0.85 ,0.206698, 0.120158,0.673143,0.793302
0.07,0.86 ,0.200316, 0.1212,0.678484,0.799684
0.07,0.87 ,0.19416, 0.122238,0.683602,0.80584
0.07,0.88 ,0.188221, 0.123273,0.688506,0.811779
0.07,0.89 ,0.182491, 0.124303,0.693206,0.817509
0.07,0.9 ,0.176961, 0.125329,0.697711,0.823039
0.07,0.91 ,0.171622, 0.12635,0.702027,0.828378
0.07,0.92 ,0.166468, 0.127367,0.706164,0.833532
0.07,0.93 ,0.161492, 0.128379,0.710129,0.838508
0.07,0.94 ,0.156686, 0.129386,0.713928,0.843314
0.07,0.95 ,0.152043, 0.130388,0.717569,0.847957
0.07,0.96 ,0.147557, 0.131385,0.721058,0.852443
0.07,0.97 ,0.143223, 0.132376,0.7244,0.856777
