Betapv,Betamv,V,Rs,Rv,P
0,0 ,0.982311, 0.0156891,0.002,0.0176891
0,0.01 ,0.981949, 0.0158366,0.00221426,0.0180509
0,0.02 ,0.981569, 0.0159884,0.00244277,0.0184312
0,0.03 ,0.981169, 0.0161447,0.00268676,0.0188314
0,0.04 ,0.980747, 0.0163056,0.00294758,0.0192532
0,0.05 ,0.980302, 0.0164714,0.00322674,0.0196981
0,0.06 ,0.979832, 0.0166423,0.00352593,0.0201682
0,0.07 ,0.979334, 0.0168185,0.00384701,0.0206655
0,0.08 ,0.978808, 0.0170003,0.00419208,0.0211924
0,0.09 ,0.978248, 0.017188,0.00456349,0.0217515
0,0.1 ,0.977654, 0.0173819,0.00496389,0.0223458
0,0.11 ,0.977022, 0.0175822,0.00539626,0.0229784
0,0.12 ,0.976347, 0.0177893,0.00586396,0.0236532
0,0.13 ,0.975626, 0.0180035,0.00637082,0.0243743
0,0.14 ,0.974854, 0.0182252,0.00692119,0.0251464
0,0.15 ,0.974025, 0.0184549,0.00752004,0.0259749
0,0.16 ,0.973134, 0.0186928,0.00817305,0.0268659
0,0.17 ,0.972174, 0.0189396,0.00888676,0.0278263
0,0.18 ,0.971136, 0.0191956,0.00966872,0.0288643
0,0.19 ,0.970011, 0.0194614,0.0105277,0.0299891
0,0.2 ,0.968789, 0.0197375,0.0114738,0.0312113
0,0.21 ,0.967456, 0.0200246,0.012519,0.0325436
0,0.22 ,0.966, 0.0203232,0.0136773,0.0340004
0,0.23 ,0.964401, 0.020634,0.014965,0.035599
0,0.24 ,0.96264, 0.0209579,0.0164017,0.0373596
0,0.25 ,0.960694, 0.0212954,0.0180108,0.0393062
0,0.26 ,0.958533, 0.0216476,0.0198198,0.0414674
0,0.27 ,0.956122, 0.0220152,0.0218625,0.0438776
0,0.28 ,0.953422, 0.0223992,0.024179,0.0465782
0,0.29 ,0.950381, 0.0228006,0.0268186,0.0496192
0,0.3 ,0.946939, 0.0232206,0.0298409,0.0530614
0,0.31 ,0.943021, 0.0236601,0.0333188,0.0569789
0,0.32 ,0.938538, 0.0241204,0.0373413,0.0614618
0,0.33 ,0.93338, 0.0246028,0.042017,0.0666199
0,0.34 ,0.927414, 0.0251086,0.0474771,0.0725857
0,0.35 ,0.920482, 0.0256391,0.0538784,0.0795175
0,0.36 ,0.9124, 0.0261957,0.0614039,0.0875997
0,0.37 ,0.902961, 0.0267798,0.0702595,0.0970393
0,0.38 ,0.891945, 0.0273928,0.0806625,0.108055
0,0.39 ,0.879144, 0.028036,0.09282,0.120856
0,0.4 ,0.864394, 0.0287106,0.106895,0.135606
0,0.41 ,0.847617, 0.0294179,0.122965,0.152383
0,0.42 ,0.828855, 0.0301589,0.140986,0.171145
0,0.43 ,0.808287, 0.0309343,0.160778,0.191713
0,0.44 ,0.786211, 0.0317447,0.182044,0.213789
0,0.45 ,0.762999, 0.0325905,0.204411,0.237001
0,0.46 ,0.739043, 0.0334716,0.227486,0.260957
0,0.47 ,0.71471, 0.0343877,0.250902,0.28529
0,0.48 ,0.690319, 0.0353384,0.274342,0.309681
0,0.49 ,0.666124, 0.0363228,0.297553,0.333876
0,0.5 ,0.64232, 0.0373398,0.320341,0.35768
0,0.51 ,0.619048, 0.038388,0.342564,0.380952
0,0.52 ,0.596408, 0.0394661,0.364125,0.403592
0,0.53 ,0.574466, 0.0405724,0.384962,0.425534
0,0.54 ,0.553258, 0.0417051,0.405037,0.446742
0,0.55 ,0.532806, 0.0428624,0.424331,0.467194
0,0.56 ,0.513115, 0.0440425,0.442843,0.486885
0,0.57 ,0.494179, 0.0452435,0.460578,0.505821
0,0.58 ,0.475986, 0.0464636,0.477551,0.524014
0,0.59 ,0.458518, 0.0477009,0.493781,0.541482
0,0.6 ,0.441755, 0.0489537,0.509291,0.558245
0,0.61 ,0.425673, 0.0502202,0.524107,0.574327
0,0.62 ,0.410248, 0.0514988,0.538253,0.589752
0,0.63 ,0.395454, 0.052788,0.551758,0.604546
0,0.64 ,0.381266, 0.0540862,0.564648,0.618734
0,0.65 ,0.367659, 0.055392,0.576949,0.632341
0,0.66 ,0.354607, 0.0567042,0.588688,0.645393
0,0.67 ,0.342088, 0.0580213,0.599891,0.657912
0,0.68 ,0.330077, 0.0593424,0.610581,0.669923
0,0.69 ,0.318552, 0.0606663,0.620782,0.681448
0,0.7 ,0.30749, 0.0619919,0.630518,0.69251
0,0.71 ,0.296872, 0.0633184,0.639809,0.703128
0,0.72 ,0.286678, 0.0646449,0.648677,0.713322
0,0.73 ,0.276888, 0.0659706,0.657142,0.723112
0,0.74 ,0.267484, 0.0672948,0.665222,0.732516
0,0.75 ,0.258448, 0.0686167,0.672935,0.741552
0,0.76 ,0.249765, 0.0699357,0.680299,0.750235
0,0.77 ,0.241419, 0.0712514,0.687329,0.758581
0,0.78 ,0.233395, 0.0725631,0.694042,0.766605
0,0.79 ,0.225678, 0.0738703,0.700452,0.774322
0,0.8 ,0.218255, 0.0751727,0.706572,0.781745
0,0.81 ,0.211114, 0.0764699,0.712417,0.788886
0,0.82 ,0.204241, 0.0777614,0.717998,0.795759
0,0.83 ,0.197626, 0.079047,0.723327,0.802374
0,0.84 ,0.191257, 0.0803264,0.728417,0.808743
0,0.85 ,0.185124, 0.0815993,0.733277,0.814876
0,0.86 ,0.179217, 0.0828654,0.737917,0.820783
0,0.87 ,0.173527, 0.0841246,0.742349,0.826473
0,0.88 ,0.168043, 0.0853767,0.74658,0.831957
0,0.89 ,0.162759, 0.0866215,0.75062,0.837241
0,0.9 ,0.157665, 0.0878588,0.754476,0.842335
0,0.91 ,0.152754, 0.0890886,0.758158,0.847246
0,0.92 ,0.148018, 0.0903107,0.761672,0.851982
0,0.93 ,0.14345, 0.091525,0.765025,0.85655
0,0.94 ,0.139044, 0.0927314,0.768225,0.860956
0,0.95 ,0.134792, 0.0939299,0.771278,0.865208
0,0.96 ,0.13069, 0.0951205,0.77419,0.86931
0,0.97 ,0.126731, 0.096303,0.776966,0.873269
0,0.98 ,0.122909, 0.0974774,0.779614,0.877091
0,0.99 ,0.119219, 0.0986438,0.782138,0.880781
0,1 ,0.115656, 0.0998021,0.784542,0.884344
0.01,0 ,0.982299, 0.0156906,0.00201083,0.0177014
0.01,0.01 ,0.981937, 0.0158381,0.00222508,0.0180632
0.01,0.02 ,0.981557, 0.0159899,0.00245359,0.0184435
0.01,0.03 ,0.981156, 0.0161462,0.00269757,0.0188437
0.01,0.04 ,0.980735, 0.0163071,0.00295839,0.0192655
0.01,0.05 ,0.98029, 0.0164729,0.00323755,0.0197104
0.01,0.06 ,0.97982, 0.0166437,0.00353672,0.0201805
0.01,0.07 ,0.979322, 0.01682,0.0038578,0.0206778
0.01,0.08 ,0.978795, 0.0170018,0.00420286,0.0212047
0.01,0.09 ,0.978236, 0.0171895,0.00457426,0.0217637
0.01,0.1 ,0.977642, 0.0173833,0.00497465,0.022358
0.01,0.11 ,0.977009, 0.0175836,0.005407,0.0229906
0.01,0.12 ,0.976335, 0.0177907,0.00587469,0.0236654
0.01,0.13 ,0.975614, 0.0180049,0.00638154,0.0243865
0.01,0.14 ,0.974841, 0.0182266,0.00693189,0.0251585
0.01,0.15 ,0.974013, 0.0184563,0.00753071,0.025987
0.01,0.16 ,0.973122, 0.0186942,0.0081837,0.0268779
0.01,0.17 ,0.972162, 0.018941,0.00889738,0.0278384
0.01,0.18 ,0.971124, 0.019197,0.00967931,0.0288763
0.01,0.19 ,0.969999, 0.0194628,0.0105382,0.030001
0.01,0.2 ,0.968777, 0.0197389,0.0114843,0.0312232
0.01,0.21 ,0.967445, 0.0200259,0.0125295,0.0325554
0.01,0.22 ,0.965988, 0.0203246,0.0136877,0.0340122
0.01,0.23 ,0.964389, 0.0206354,0.0149753,0.0356107
0.01,0.24 ,0.962629, 0.0209592,0.016412,0.0373712
0.01,0.25 ,0.960682, 0.0212968,0.0180209,0.0393177
0.01,0.26 ,0.958521, 0.0216489,0.0198299,0.0414788
0.01,0.27 ,0.956111, 0.0220165,0.0218724,0.0438889
0.01,0.28 ,0.953411, 0.0224005,0.0241888,0.0465893
0.01,0.29 ,0.95037, 0.0228019,0.0268282,0.0496301
0.01,0.3 ,0.946928, 0.0232218,0.0298503,0.0530721
0.01,0.31 ,0.943011, 0.0236613,0.0333279,0.0569892
0.01,0.32 ,0.938528, 0.0241217,0.0373501,0.0614718
0.01,0.33 ,0.933371, 0.024604,0.0420254,0.0666295
0.01,0.34 ,0.927405, 0.0251098,0.047485,0.0725948
0.01,0.35 ,0.920474, 0.0256403,0.0538857,0.079526
0.01,0.36 ,0.912393, 0.0261969,0.0614105,0.0876074
0.01,0.37 ,0.902954, 0.0267809,0.0702652,0.0970462
0.01,0.38 ,0.891939, 0.0273939,0.0806672,0.108061
0.01,0.39 ,0.879139, 0.028037,0.0928235,0.120861
0.01,0.4 ,0.864391, 0.0287117,0.106897,0.135609
0.01,0.41 ,0.847615, 0.0294189,0.122966,0.152385
0.01,0.42 ,0.828855, 0.0301599,0.140985,0.171145
0.01,0.43 ,0.808288, 0.0309352,0.160776,0.191712
0.01,0.44 ,0.786214, 0.0317456,0.182041,0.213786
0.01,0.45 ,0.763003, 0.0325913,0.204406,0.236997
0.01,0.46 ,0.739047, 0.0334724,0.227481,0.260953
0.01,0.47 ,0.714716, 0.0343885,0.250896,0.285284
0.01,0.48 ,0.690325, 0.0353391,0.274336,0.309675
0.01,0.49 ,0.66613, 0.0363235,0.297546,0.33387
0.01,0.5 ,0.642326, 0.0373404,0.320333,0.357674
0.01,0.51 ,0.619055, 0.0383886,0.342556,0.380945
0.01,0.52 ,0.596415, 0.0394667,0.364118,0.403585
0.01,0.53 ,0.574473, 0.0405729,0.384954,0.425527
0.01,0.54 ,0.553265, 0.0417055,0.405029,0.446735
0.01,0.55 ,0.532813, 0.0428628,0.424324,0.467187
0.01,0.56 ,0.513122, 0.0440429,0.442835,0.486878
0.01,0.57 ,0.494186, 0.0452439,0.46057,0.505814
0.01,0.58 ,0.475993, 0.0464639,0.477544,0.524007
0.01,0.59 ,0.458525, 0.0477012,0.493774,0.541475
0.01,0.6 ,0.441762, 0.0489539,0.509284,0.558238
0.01,0.61 ,0.42568, 0.0502204,0.5241,0.57432
0.01,0.62 ,0.410254, 0.051499,0.538247,0.589746
0.01,0.63 ,0.39546, 0.0527881,0.551751,0.60454
0.01,0.64 ,0.381272, 0.0540863,0.564641,0.618728
0.01,0.65 ,0.367665, 0.0553921,0.576943,0.632335
0.01,0.66 ,0.354614, 0.0567042,0.588682,0.645386
0.01,0.67 ,0.342094, 0.0580213,0.599885,0.657906
0.01,0.68 ,0.330083, 0.0593424,0.610575,0.669917
0.01,0.69 ,0.318557, 0.0606662,0.620776,0.681443
0.01,0.7 ,0.307496, 0.0619918,0.630512,0.692504
0.01,0.71 ,0.296878, 0.0633183,0.639804,0.703122
0.01,0.72 ,0.286683, 0.0646448,0.648672,0.713317
0.01,0.73 ,0.276893, 0.0659704,0.657136,0.723107
0.01,0.74 ,0.267489, 0.0672946,0.665217,0.732511
0.01,0.75 ,0.258454, 0.0686164,0.67293,0.741546
0.01,0.76 ,0.249771, 0.0699355,0.680294,0.750229
0.01,0.77 ,0.241424, 0.0712511,0.687325,0.758576
0.01,0.78 ,0.2334, 0.0725628,0.694037,0.7666
0.01,0.79 ,0.225683, 0.07387,0.700447,0.774317
0.01,0.8 ,0.21826, 0.0751724,0.706568,0.78174
0.01,0.81 ,0.211118, 0.0764695,0.712412,0.788882
0.01,0.82 ,0.204246, 0.077761,0.717993,0.795754
0.01,0.83 ,0.19763, 0.0790466,0.723323,0.80237
0.01,0.84 ,0.191261, 0.080326,0.728413,0.808739
0.01,0.85 ,0.185129, 0.0815988,0.733273,0.814871
0.01,0.86 ,0.179221, 0.0828649,0.737914,0.820779
0.01,0.87 ,0.173531, 0.0841241,0.742345,0.826469
0.01,0.88 ,0.168047, 0.0853762,0.746576,0.831953
0.01,0.89 ,0.162763, 0.0866209,0.750616,0.837237
0.01,0.9 ,0.157669, 0.0878583,0.754473,0.842331
0.01,0.91 ,0.152757, 0.089088,0.758155,0.847243
0.01,0.92 ,0.148021, 0.0903101,0.761669,0.851979
0.01,0.93 ,0.143454, 0.0915244,0.765022,0.856546
0.01,0.94 ,0.139047, 0.0927308,0.768222,0.860953
0.01,0.95 ,0.134796, 0.0939293,0.771275,0.865204
0.01,0.96 ,0.130693, 0.0951199,0.774187,0.869307
0.01,0.97 ,0.126734, 0.0963024,0.776964,0.873266
0.01,0.98 ,0.122912, 0.0974768,0.779611,0.877088
0.01,0.99 ,0.119222, 0.0986431,0.782135,0.880778
0.01,1 ,0.115659, 0.0998014,0.78454,0.884341
0.02,0 ,0.982286, 0.0156921,0.00202191,0.017714
0.02,0.01 ,0.981924, 0.0158396,0.00223616,0.0180758
0.02,0.02 ,0.981544, 0.0159914,0.00246466,0.0184561
0.02,0.03 ,0.981144, 0.0161477,0.00270864,0.0188563
0.02,0.04 ,0.980722, 0.0163086,0.00296945,0.019278
0.02,0.05 ,0.980277, 0.0164743,0.0032486,0.019723
0.02,0.06 ,0.979807, 0.0166452,0.00354777,0.020193
0.02,0.07 ,0.97931, 0.0168215,0.00386884,0.0206903
0.02,0.08 ,0.978783, 0.0170033,0.00421389,0.0212172
0.02,0.09 ,0.978224, 0.0171909,0.00458528,0.0217762
0.02,0.1 ,0.97763, 0.0173848,0.00498566,0.0223704
0.02,0.11 ,0.976997, 0.0175851,0.005418,0.0230031
0.02,0.12 ,0.976322, 0.0177922,0.00588567,0.0236778
0.02,0.13 ,0.975601, 0.0180064,0.0063925,0.0243989
0.02,0.14 ,0.974829, 0.0182281,0.00694283,0.0251709
0.02,0.15 ,0.974001, 0.0184577,0.00754164,0.0259994
0.02,0.16 ,0.97311, 0.0186957,0.0081946,0.0268903
0.02,0.17 ,0.972149, 0.0189424,0.00890825,0.0278507
0.02,0.18 ,0.971111, 0.0191984,0.00969015,0.0288886
0.02,0.19 ,0.969987, 0.0194642,0.010549,0.0300132
0.02,0.2 ,0.968765, 0.0197403,0.0114951,0.0312354
0.02,0.21 ,0.967432, 0.0200273,0.0125402,0.0325675
0.02,0.22 ,0.965976, 0.0203259,0.0136983,0.0340243
0.02,0.23 ,0.964377, 0.0206368,0.0149859,0.0356227
0.02,0.24 ,0.962617, 0.0209606,0.0164225,0.0373831
0.02,0.25 ,0.960671, 0.0212981,0.0180314,0.0393295
0.02,0.26 ,0.95851, 0.0216503,0.0198402,0.0414905
0.02,0.27 ,0.9561, 0.0220178,0.0218826,0.0439004
0.02,0.28 ,0.953399, 0.0224018,0.0241988,0.0466007
0.02,0.29 ,0.950359, 0.0228032,0.026838,0.0496412
0.02,0.3 ,0.946917, 0.0232231,0.0298599,0.053083
0.02,0.31 ,0.943, 0.0236626,0.0333372,0.0569998
0.02,0.32 ,0.938518, 0.0241229,0.0373592,0.0614821
0.02,0.33 ,0.933361, 0.0246053,0.0420341,0.0666393
0.02,0.34 ,0.927396, 0.025111,0.0474932,0.0726042
0.02,0.35 ,0.920465, 0.0256415,0.0538932,0.0795347
0.02,0.36 ,0.912385, 0.026198,0.0614173,0.0876153
0.02,0.37 ,0.902947, 0.0267821,0.0702711,0.0970532
0.02,0.38 ,0.891933, 0.027395,0.080672,0.108067
0.02,0.39 ,0.879135, 0.0280381,0.0928271,0.120865
0.02,0.4 ,0.864388, 0.0287127,0.106899,0.135612
0.02,0.41 ,0.847613, 0.02942,0.122967,0.152387
0.02,0.42 ,0.828854, 0.0301608,0.140985,0.171146
0.02,0.43 ,0.80829, 0.0309362,0.160774,0.19171
0.02,0.44 ,0.786216, 0.0317465,0.182037,0.213784
0.02,0.45 ,0.763006, 0.0325922,0.204402,0.236994
0.02,0.46 ,0.739052, 0.0334732,0.227475,0.260948
0.02,0.47 ,0.714721, 0.0343893,0.25089,0.285279
0.02,0.48 ,0.690331, 0.0353399,0.274329,0.309669
0.02,0.49 ,0.666137, 0.0363242,0.297539,0.333863
0.02,0.5 ,0.642333, 0.0373411,0.320326,0.357667
0.02,0.51 ,0.619062, 0.0383892,0.342549,0.380938
0.02,0.52 ,0.596423, 0.0394672,0.36411,0.403577
0.02,0.53 ,0.57448, 0.0405734,0.384947,0.42552
0.02,0.54 ,0.553273, 0.041706,0.405021,0.446727
0.02,0.55 ,0.532821, 0.0428633,0.424316,0.467179
0.02,0.56 ,0.513129, 0.0440433,0.442828,0.486871
0.02,0.57 ,0.494193, 0.0452442,0.460563,0.505807
0.02,0.58 ,0.476, 0.0464642,0.477536,0.524
0.02,0.59 ,0.458532, 0.0477014,0.493766,0.541468
0.02,0.6 ,0.441769, 0.0489541,0.509277,0.558231
0.02,0.61 ,0.425687, 0.0502206,0.524093,0.574313
0.02,0.62 ,0.410261, 0.0514992,0.53824,0.589739
0.02,0.63 ,0.395467, 0.0527882,0.551745,0.604533
0.02,0.64 ,0.381279, 0.0540864,0.564635,0.618721
0.02,0.65 ,0.367672, 0.0553921,0.576936,0.632328
0.02,0.66 ,0.35462, 0.0567042,0.588676,0.64538
0.02,0.67 ,0.3421, 0.0580213,0.599878,0.6579
0.02,0.68 ,0.330089, 0.0593423,0.610569,0.669911
0.02,0.69 ,0.318563, 0.0606661,0.62077,0.681437
0.02,0.7 ,0.307502, 0.0619917,0.630506,0.692498
0.02,0.71 ,0.296884, 0.0633182,0.639798,0.703116
0.02,0.72 ,0.286689, 0.0646446,0.648666,0.713311
0.02,0.73 ,0.276899, 0.0659703,0.657131,0.723101
0.02,0.74 ,0.267494, 0.0672943,0.665211,0.732506
0.02,0.75 ,0.258459, 0.0686162,0.672925,0.741541
0.02,0.76 ,0.249776, 0.0699352,0.680289,0.750224
0.02,0.77 ,0.241429, 0.0712508,0.68732,0.758571
0.02,0.78 ,0.233405, 0.0725624,0.694033,0.766595
0.02,0.79 ,0.225688, 0.0738697,0.700443,0.774312
0.02,0.8 ,0.218265, 0.075172,0.706563,0.781735
0.02,0.81 ,0.211123, 0.0764691,0.712408,0.788877
0.02,0.82 ,0.20425, 0.0777606,0.717989,0.79575
0.02,0.83 ,0.197635, 0.0790462,0.723319,0.802365
0.02,0.84 ,0.191266, 0.0803255,0.728409,0.808734
0.02,0.85 ,0.185133, 0.0815984,0.733269,0.814867
0.02,0.86 ,0.179226, 0.0828645,0.73791,0.820774
0.02,0.87 ,0.173535, 0.0841236,0.742341,0.826465
0.02,0.88 ,0.168052, 0.0853757,0.746573,0.831948
0.02,0.89 ,0.162767, 0.0866204,0.750613,0.837233
0.02,0.9 ,0.157673, 0.0878577,0.75447,0.842327
0.02,0.91 ,0.152761, 0.0890875,0.758151,0.847239
0.02,0.92 ,0.148025, 0.0903095,0.761665,0.851975
0.02,0.93 ,0.143457, 0.0915238,0.765019,0.856543
0.02,0.94 ,0.139051, 0.0927302,0.768219,0.860949
0.02,0.95 ,0.134799, 0.0939287,0.771272,0.865201
0.02,0.96 ,0.130697, 0.0951192,0.774184,0.869303
0.02,0.97 ,0.126737, 0.0963017,0.776961,0.873263
0.02,0.98 ,0.122915, 0.0974761,0.779609,0.877085
0.02,0.99 ,0.119225, 0.0986425,0.782132,0.880775
0.02,1 ,0.115662, 0.0998007,0.784537,0.884338
0.03,0 ,0.982273, 0.0156936,0.00203326,0.0177269
0.03,0.01 ,0.981911, 0.0158411,0.00224751,0.0180886
0.03,0.02 ,0.981531, 0.0159929,0.002476,0.0184689
0.03,0.03 ,0.981131, 0.0161492,0.00271997,0.0188691
0.03,0.04 ,0.980709, 0.0163101,0.00298078,0.0192909
0.03,0.05 ,0.980264, 0.0164759,0.00325992,0.0197358
0.03,0.06 ,0.979794, 0.0166467,0.00355908,0.0202058
0.03,0.07 ,0.979297, 0.016823,0.00388014,0.0207031
0.03,0.08 ,0.97877, 0.0170048,0.00422518,0.0212299
0.03,0.09 ,0.978211, 0.0171924,0.00459657,0.021789
0.03,0.1 ,0.977617, 0.0173863,0.00499693,0.0223832
0.03,0.11 ,0.976984, 0.0175866,0.00542926,0.0230158
0.03,0.12 ,0.976309, 0.0177936,0.00589692,0.0236905
0.03,0.13 ,0.975588, 0.0180078,0.00640373,0.0244116
0.03,0.14 ,0.974816, 0.0182296,0.00695404,0.0251836
0.03,0.15 ,0.973988, 0.0184592,0.00755282,0.026012
0.03,0.16 ,0.973097, 0.0186971,0.00820576,0.0269029
0.03,0.17 ,0.972137, 0.0189439,0.00891939,0.0278632
0.03,0.18 ,0.971099, 0.0191998,0.00970125,0.0289011
0.03,0.19 ,0.969974, 0.0194656,0.0105601,0.0300257
0.03,0.2 ,0.968752, 0.0197417,0.0115061,0.0312478
0.03,0.21 ,0.96742, 0.0200288,0.0125512,0.0325799
0.03,0.22 ,0.965963, 0.0203273,0.0137092,0.0340366
0.03,0.23 ,0.964365, 0.0206382,0.0149968,0.035635
0.03,0.24 ,0.962605, 0.020962,0.0164333,0.0373953
0.03,0.25 ,0.960658, 0.0212995,0.018042,0.0393415
0.03,0.26 ,0.958498, 0.0216516,0.0198508,0.0415024
0.03,0.27 ,0.956088, 0.0220192,0.021893,0.0439122
0.03,0.28 ,0.953388, 0.0224032,0.0242091,0.0466123
0.03,0.29 ,0.950347, 0.0228045,0.0268481,0.0496526
0.03,0.3 ,0.946906, 0.0232244,0.0298697,0.0530941
0.03,0.31 ,0.942989, 0.0236639,0.0333468,0.0570107
0.03,0.32 ,0.938507, 0.0241242,0.0373684,0.0614926
0.03,0.33 ,0.933351, 0.0246065,0.0420429,0.0666494
0.03,0.34 ,0.927386, 0.0251122,0.0475015,0.0726137
0.03,0.35 ,0.920456, 0.0256427,0.0539009,0.0795436
0.03,0.36 ,0.912377, 0.0261992,0.0614243,0.0876235
0.03,0.37 ,0.90294, 0.0267832,0.0702772,0.0970604
0.03,0.38 ,0.891927, 0.0273961,0.080677,0.108073
0.03,0.39 ,0.87913, 0.0280392,0.0928309,0.12087
0.03,0.4 ,0.864384, 0.0287138,0.106902,0.135616
0.03,0.41 ,0.847612, 0.029421,0.122967,0.152388
0.03,0.42 ,0.828854, 0.0301618,0.140984,0.171146
0.03,0.43 ,0.808291, 0.0309371,0.160772,0.191709
0.03,0.44 ,0.786219, 0.0317474,0.182034,0.213781
0.03,0.45 ,0.76301, 0.032593,0.204397,0.23699
0.03,0.46 ,0.739056, 0.033474,0.22747,0.260944
0.03,0.47 ,0.714726, 0.0343901,0.250883,0.285274
0.03,0.48 ,0.690337, 0.0353406,0.274322,0.309663
0.03,0.49 ,0.666143, 0.0363249,0.297532,0.333857
0.03,0.5 ,0.64234, 0.0373417,0.320318,0.35766
0.03,0.51 ,0.619069, 0.0383899,0.342541,0.380931
0.03,0.52 ,0.59643, 0.0394678,0.364102,0.40357
0.03,0.53 ,0.574487, 0.0405739,0.384939,0.425513
0.03,0.54 ,0.55328, 0.0417065,0.405013,0.44672
0.03,0.55 ,0.532828, 0.0428637,0.424308,0.467172
0.03,0.56 ,0.513137, 0.0440437,0.44282,0.486863
0.03,0.57 ,0.4942, 0.0452446,0.460555,0.5058
0.03,0.58 ,0.476007, 0.0464645,0.477528,0.523993
0.03,0.59 ,0.458539, 0.0477017,0.493759,0.541461
0.03,0.6 ,0.441776, 0.0489544,0.50927,0.558224
0.03,0.61 ,0.425694, 0.0502208,0.524085,0.574306
0.03,0.62 ,0.410268, 0.0514993,0.538232,0.589732
0.03,0.63 ,0.395474, 0.0527884,0.551738,0.604526
0.03,0.64 ,0.381286, 0.0540865,0.564628,0.618714
0.03,0.65 ,0.367678, 0.0553922,0.57693,0.632322
0.03,0.66 ,0.354627, 0.0567042,0.588669,0.645373
0.03,0.67 ,0.342107, 0.0580213,0.599872,0.657893
0.03,0.68 ,0.330095, 0.0593423,0.610563,0.669905
0.03,0.69 ,0.31857, 0.060666,0.620764,0.68143
0.03,0.7 ,0.307508, 0.0619916,0.6305,0.692492
0.03,0.71 ,0.29689, 0.063318,0.639792,0.70311
0.03,0.72 ,0.286695, 0.0646445,0.648661,0.713305
0.03,0.73 ,0.276904, 0.0659701,0.657126,0.723096
0.03,0.74 ,0.2675, 0.0672941,0.665206,0.7325
0.03,0.75 ,0.258464, 0.068616,0.67292,0.741536
0.03,0.76 ,0.249781, 0.0699349,0.680284,0.750219
0.03,0.77 ,0.241435, 0.0712505,0.687315,0.758565
0.03,0.78 ,0.23341, 0.0725621,0.694028,0.76659
0.03,0.79 ,0.225693, 0.0738693,0.700438,0.774307
0.03,0.8 ,0.21827, 0.0751717,0.706559,0.78173
0.03,0.81 ,0.211128, 0.0764687,0.712403,0.788872
0.03,0.82 ,0.204255, 0.0777602,0.717985,0.795745
0.03,0.83 ,0.19764, 0.0790458,0.723315,0.80236
0.03,0.84 ,0.191271, 0.0803251,0.728404,0.808729
0.03,0.85 ,0.185137, 0.0815979,0.733265,0.814863
0.03,0.86 ,0.17923, 0.082864,0.737906,0.82077
0.03,0.87 ,0.173539, 0.0841231,0.742338,0.826461
0.03,0.88 ,0.168056, 0.0853751,0.746569,0.831944
0.03,0.89 ,0.162771, 0.0866199,0.750609,0.837229
0.03,0.9 ,0.157677, 0.0878572,0.754466,0.842323
0.03,0.91 ,0.152765, 0.0890869,0.758148,0.847235
0.03,0.92 ,0.148029, 0.0903089,0.761662,0.851971
0.03,0.93 ,0.143461, 0.0915232,0.765016,0.856539
0.03,0.94 ,0.139055, 0.0927296,0.768216,0.860945
0.03,0.95 ,0.134803, 0.0939281,0.771269,0.865197
0.03,0.96 ,0.130701, 0.0951186,0.774181,0.869299
0.03,0.97 ,0.126741, 0.0963011,0.776958,0.873259
0.03,0.98 ,0.122919, 0.0974755,0.779606,0.877081
0.03,0.99 ,0.119229, 0.0986418,0.78213,0.880771
0.03,1 ,0.115665, 0.0998,0.784535,0.884335
0.04,0 ,0.98226, 0.0156951,0.00204488,0.01774
0.04,0.01 ,0.981898, 0.0158427,0.00225912,0.0181018
0.04,0.02 ,0.981518, 0.0159945,0.00248762,0.0184821
0.04,0.03 ,0.981118, 0.0161507,0.00273158,0.0188823
0.04,0.04 ,0.980696, 0.0163116,0.00299238,0.019304
0.04,0.05 ,0.980251, 0.0164774,0.00327152,0.0197489
0.04,0.06 ,0.979781, 0.0166483,0.00357067,0.0202189
0.04,0.07 ,0.979284, 0.0168245,0.00389172,0.0207162
0.04,0.08 ,0.978757, 0.0170063,0.00423675,0.021243
0.04,0.09 ,0.978198, 0.017194,0.00460813,0.0218021
0.04,0.1 ,0.977604, 0.0173878,0.00500848,0.0223963
0.04,0.11 ,0.976971, 0.0175881,0.00544079,0.0230289
0.04,0.12 ,0.976296, 0.0177951,0.00590843,0.0237036
0.04,0.13 ,0.975575, 0.0180093,0.00641523,0.0244246
0.04,0.14 ,0.974803, 0.018231,0.00696552,0.0251966
0.04,0.15 ,0.973975, 0.0184607,0.00756428,0.0260249
0.04,0.16 ,0.973084, 0.0186986,0.00821719,0.0269158
0.04,0.17 ,0.972124, 0.0189453,0.00893079,0.0278761
0.04,0.18 ,0.971086, 0.0192013,0.00971262,0.0289139
0.04,0.19 ,0.969961, 0.0194671,0.0105714,0.0300385
0.04,0.2 ,0.968739, 0.0197432,0.0115174,0.0312606
0.04,0.21 ,0.967407, 0.0200302,0.0125624,0.0325926
0.04,0.22 ,0.965951, 0.0203288,0.0137204,0.0340492
0.04,0.23 ,0.964353, 0.0206396,0.0150079,0.0356475
0.04,0.24 ,0.962592, 0.0209634,0.0164443,0.0374077
0.04,0.25 ,0.960646, 0.0213009,0.018053,0.0393539
0.04,0.26 ,0.958485, 0.021653,0.0198616,0.0415146
0.04,0.27 ,0.956076, 0.0220206,0.0219037,0.0439242
0.04,0.28 ,0.953376, 0.0224045,0.0242196,0.0466241
0.04,0.29 ,0.950336, 0.0228059,0.0268584,0.0496643
0.04,0.3 ,0.946894, 0.0232257,0.0298798,0.0531056
0.04,0.31 ,0.942978, 0.0236652,0.0333566,0.0570218
0.04,0.32 ,0.938497, 0.0241255,0.0373779,0.0615033
0.04,0.33 ,0.93334, 0.0246078,0.0420519,0.0666597
0.04,0.34 ,0.927376, 0.0251135,0.04751,0.0726235
0.04,0.35 ,0.920447, 0.0256439,0.0539089,0.0795527
0.04,0.36 ,0.912368, 0.0262004,0.0614314,0.0876318
0.04,0.37 ,0.902932, 0.0267844,0.0702834,0.0970678
0.04,0.38 ,0.891921, 0.0273972,0.0806821,0.108079
0.04,0.39 ,0.879125, 0.0280403,0.0928347,0.120875
0.04,0.4 ,0.864381, 0.0287148,0.106904,0.135619
0.04,0.41 ,0.84761, 0.029422,0.122968,0.15239
0.04,0.42 ,0.828854, 0.0301628,0.140983,0.171146
0.04,0.43 ,0.808292, 0.0309381,0.16077,0.191708
0.04,0.44 ,0.786221, 0.0317483,0.18203,0.213779
0.04,0.45 ,0.763014, 0.0325939,0.204392,0.236986
0.04,0.46 ,0.739061, 0.0334749,0.227464,0.260939
0.04,0.47 ,0.714732, 0.0343909,0.250877,0.285268
0.04,0.48 ,0.690343, 0.0353414,0.274315,0.309657
0.04,0.49 ,0.66615, 0.0363256,0.297525,0.33385
0.04,0.5 ,0.642347, 0.0373424,0.320311,0.357653
0.04,0.51 ,0.619076, 0.0383905,0.342533,0.380924
0.04,0.52 ,0.596437, 0.0394684,0.364094,0.403563
0.04,0.53 ,0.574495, 0.0405745,0.384931,0.425505
0.04,0.54 ,0.553288, 0.041707,0.405005,0.446712
0.04,0.55 ,0.532836, 0.0428641,0.4243,0.467164
0.04,0.56 ,0.513144, 0.0440441,0.442812,0.486856
0.04,0.57 ,0.494208, 0.0452449,0.460547,0.505792
0.04,0.58 ,0.476015, 0.0464648,0.477521,0.523985
0.04,0.59 ,0.458547, 0.047702,0.493751,0.541453
0.04,0.6 ,0.441783, 0.0489546,0.509262,0.558217
0.04,0.61 ,0.425701, 0.050221,0.524078,0.574299
0.04,0.62 ,0.410275, 0.0514995,0.538225,0.589725
0.04,0.63 ,0.395481, 0.0527885,0.551731,0.604519
0.04,0.64 ,0.381293, 0.0540865,0.564621,0.618707
0.04,0.65 ,0.367685, 0.0553922,0.576923,0.632315
0.04,0.66 ,0.354633, 0.0567042,0.588663,0.645367
0.04,0.67 ,0.342113, 0.0580213,0.599866,0.657887
0.04,0.68 ,0.330102, 0.0593422,0.610556,0.669898
0.04,0.69 ,0.318576, 0.0606659,0.620758,0.681424
0.04,0.7 ,0.307514, 0.0619915,0.630494,0.692486
0.04,0.71 ,0.296896, 0.0633179,0.639786,0.703104
0.04,0.72 ,0.286701, 0.0646443,0.648655,0.713299
0.04,0.73 ,0.27691, 0.0659699,0.65712,0.72309
0.04,0.74 ,0.267506, 0.0672939,0.6652,0.732494
0.04,0.75 ,0.25847, 0.0686157,0.672914,0.74153
0.04,0.76 ,0.249787, 0.0699347,0.680279,0.750213
0.04,0.77 ,0.24144, 0.0712502,0.68731,0.75856
0.04,0.78 ,0.233415, 0.0725618,0.694023,0.766585
0.04,0.79 ,0.225698, 0.073869,0.700433,0.774302
0.04,0.8 ,0.218275, 0.0751713,0.706554,0.781725
0.04,0.81 ,0.211133, 0.0764683,0.712399,0.788867
0.04,0.82 ,0.20426, 0.0777598,0.71798,0.79574
0.04,0.83 ,0.197644, 0.0790453,0.72331,0.802356
0.04,0.84 ,0.191275, 0.0803246,0.7284,0.808725
0.04,0.85 ,0.185142, 0.0815974,0.733261,0.814858
0.04,0.86 ,0.179235, 0.0828635,0.737902,0.820765
0.04,0.87 ,0.173544, 0.0841226,0.742334,0.826456
0.04,0.88 ,0.16806, 0.0853746,0.746565,0.83194
0.04,0.89 ,0.162775, 0.0866193,0.750606,0.837225
0.04,0.9 ,0.157681, 0.0878566,0.754463,0.842319
0.04,0.91 ,0.152769, 0.0890863,0.758144,0.847231
0.04,0.92 ,0.148033, 0.0903083,0.761659,0.851967
0.04,0.93 ,0.143465, 0.0915226,0.765012,0.856535
0.04,0.94 ,0.139058, 0.092729,0.768213,0.860942
0.04,0.95 ,0.134807, 0.0939274,0.771266,0.865193
0.04,0.96 ,0.130704, 0.0951179,0.774178,0.869296
0.04,0.97 ,0.126744, 0.0963004,0.776955,0.873256
0.04,0.98 ,0.122922, 0.0974748,0.779603,0.877078
0.04,0.99 ,0.119232, 0.0986411,0.782127,0.880768
0.04,1 ,0.115669, 0.0997993,0.784532,0.884331
0.05,0 ,0.982247, 0.0156967,0.00205679,0.0177535
0.05,0.01 ,0.981885, 0.0158442,0.00227103,0.0181153
0.05,0.02 ,0.981504, 0.015996,0.00249952,0.0184955
0.05,0.03 ,0.981104, 0.0161523,0.00274348,0.0188957
0.05,0.04 ,0.980683, 0.0163132,0.00300427,0.0193174
0.05,0.05 ,0.980238, 0.0164789,0.0032834,0.0197623
0.05,0.06 ,0.979768, 0.0166498,0.00358255,0.0202324
0.05,0.07 ,0.97927, 0.016826,0.00390359,0.0207296
0.05,0.08 ,0.978744, 0.0170078,0.00424861,0.0212564
0.05,0.09 ,0.978185, 0.0171955,0.00461997,0.0218155
0.05,0.1 ,0.97759, 0.0173893,0.00502031,0.0224096
0.05,0.11 ,0.976958, 0.0175896,0.00545261,0.0230422
0.05,0.12 ,0.976283, 0.0177967,0.00592024,0.0237169
0.05,0.13 ,0.975562, 0.0180109,0.00642702,0.0244379
0.05,0.14 ,0.97479, 0.0182326,0.00697729,0.0252098
0.05,0.15 ,0.973962, 0.0184622,0.00757603,0.0260382
0.05,0.16 ,0.973071, 0.0187001,0.00822891,0.026929
0.05,0.17 ,0.972111, 0.0189468,0.00894248,0.0278893
0.05,0.18 ,0.971073, 0.0192028,0.00972428,0.0289271
0.05,0.19 ,0.969948, 0.0194685,0.0105831,0.0300516
0.05,0.2 ,0.968726, 0.0197446,0.011529,0.0312736
0.05,0.21 ,0.967394, 0.0200316,0.0125739,0.0326056
0.05,0.22 ,0.965938, 0.0203302,0.0137319,0.0340621
0.05,0.23 ,0.96434, 0.020641,0.0150193,0.0356603
0.05,0.24 ,0.96258, 0.0209648,0.0164556,0.0374204
0.05,0.25 ,0.960634, 0.0213023,0.0180642,0.0393665
0.05,0.26 ,0.958473, 0.0216544,0.0198727,0.0415271
0.05,0.27 ,0.956063, 0.0220219,0.0219147,0.0439366
0.05,0.28 ,0.953364, 0.0224059,0.0242304,0.0466363
0.05,0.29 ,0.950324, 0.0228072,0.026869,0.0496763
0.05,0.3 ,0.946883, 0.0232271,0.0298902,0.0531173
0.05,0.31 ,0.942967, 0.0236665,0.0333667,0.0570332
0.05,0.32 ,0.938486, 0.0241268,0.0373876,0.0615144
0.05,0.33 ,0.93333, 0.0246091,0.0420612,0.0666703
0.05,0.34 ,0.927366, 0.0251147,0.0475188,0.0726335
0.05,0.35 ,0.920438, 0.0256451,0.053917,0.0795621
0.05,0.36 ,0.91236, 0.0262016,0.0614388,0.0876404
0.05,0.37 ,0.902925, 0.0267856,0.0702898,0.0970754
0.05,0.38 ,0.891914, 0.0273984,0.0806874,0.108086
0.05,0.39 ,0.87912, 0.0280414,0.0928387,0.12088
0.05,0.4 ,0.864377, 0.0287159,0.106907,0.135623
0.05,0.41 ,0.847608, 0.0294231,0.122969,0.152392
0.05,0.42 ,0.828853, 0.0301639,0.140983,0.171147
0.05,0.43 ,0.808293, 0.0309391,0.160768,0.191707
0.05,0.44 ,0.786224, 0.0317493,0.182027,0.213776
0.05,0.45 ,0.763017, 0.0325948,0.204388,0.236983
0.05,0.46 ,0.739066, 0.0334757,0.227458,0.260934
0.05,0.47 ,0.714738, 0.0343917,0.250871,0.285262
0.05,0.48 ,0.69035, 0.0353422,0.274308,0.30965
0.05,0.49 ,0.666157, 0.0363263,0.297517,0.333843
0.05,0.5 ,0.642354, 0.0373431,0.320303,0.357646
0.05,0.51 ,0.619084, 0.0383911,0.342525,0.380916
0.05,0.52 ,0.596445, 0.039469,0.364086,0.403555
0.05,0.53 ,0.574503, 0.040575,0.384922,0.425497
0.05,0.54 ,0.553296, 0.0417075,0.404997,0.446704
0.05,0.55 ,0.532844, 0.0428646,0.424292,0.467156
0.05,0.56 ,0.513152, 0.0440445,0.442804,0.486848
0.05,0.57 ,0.494216, 0.0452453,0.460539,0.505784
0.05,0.58 ,0.476022, 0.0464651,0.477513,0.523978
0.05,0.59 ,0.458554, 0.0477023,0.493743,0.541446
0.05,0.6 ,0.441791, 0.0489548,0.509254,0.558209
0.05,0.61 ,0.425708, 0.0502212,0.52407,0.574292
0.05,0.62 ,0.410283, 0.0514996,0.538218,0.589717
0.05,0.63 ,0.395488, 0.0527886,0.551723,0.604512
0.05,0.64 ,0.3813, 0.0540866,0.564614,0.6187
0.05,0.65 ,0.367692, 0.0553923,0.576916,0.632308
0.05,0.66 ,0.35464, 0.0567042,0.588656,0.64536
0.05,0.67 ,0.34212, 0.0580212,0.599859,0.65788
0.05,0.68 ,0.330108, 0.0593421,0.61055,0.669892
0.05,0.69 ,0.318582, 0.0606659,0.620752,0.681418
0.05,0.7 ,0.307521, 0.0619914,0.630488,0.692479
0.05,0.71 ,0.296902, 0.0633177,0.63978,0.703098
0.05,0.72 ,0.286707, 0.0646441,0.648649,0.713293
0.05,0.73 ,0.276916, 0.0659696,0.657114,0.723084
0.05,0.74 ,0.267511, 0.0672937,0.665195,0.732489
0.05,0.75 ,0.258476, 0.0686154,0.672909,0.741524
0.05,0.76 ,0.249792, 0.0699344,0.680273,0.750208
0.05,0.77 ,0.241446, 0.0712499,0.687305,0.758554
0.05,0.78 ,0.233421, 0.0725615,0.694018,0.766579
0.05,0.79 ,0.225703, 0.0738686,0.700428,0.774297
0.05,0.8 ,0.21828, 0.0751709,0.706549,0.78172
0.05,0.81 ,0.211138, 0.0764679,0.712394,0.788862
0.05,0.82 ,0.204265, 0.0777594,0.717976,0.795735
0.05,0.83 ,0.197649, 0.0790449,0.723306,0.802351
0.05,0.84 ,0.19128, 0.0803241,0.728396,0.80872
0.05,0.85 ,0.185147, 0.0815969,0.733256,0.814853
0.05,0.86 ,0.179239, 0.082863,0.737898,0.820761
0.05,0.87 ,0.173548, 0.0841221,0.74233,0.826452
0.05,0.88 ,0.168064, 0.0853741,0.746562,0.831936
0.05,0.89 ,0.162779, 0.0866188,0.750602,0.837221
0.05,0.9 ,0.157685, 0.087856,0.754459,0.842315
0.05,0.91 ,0.152773, 0.0890857,0.758141,0.847227
0.05,0.92 ,0.148037, 0.0903077,0.761655,0.851963
0.05,0.93 ,0.143469, 0.091522,0.765009,0.856531
0.05,0.94 ,0.139062, 0.0927283,0.768209,0.860938
0.05,0.95 ,0.134811, 0.0939268,0.771263,0.865189
0.05,0.96 ,0.130708, 0.0951173,0.774175,0.869292
0.05,0.97 ,0.126748, 0.0962997,0.776952,0.873252
0.05,0.98 ,0.122926, 0.0974741,0.7796,0.877074
0.05,0.99 ,0.119236, 0.0986404,0.782124,0.880764
0.05,1 ,0.115672, 0.0997986,0.784529,0.884328
0.06,0 ,0.982233, 0.0156983,0.00206901,0.0177673
0.06,0.01 ,0.981871, 0.0158458,0.00228324,0.0181291
0.06,0.02 ,0.981491, 0.0159976,0.00251172,0.0185093
0.06,0.03 ,0.98109, 0.0161538,0.00275568,0.0189095
0.06,0.04 ,0.980669, 0.0163147,0.00301646,0.0193312
0.06,0.05 ,0.980224, 0.0164805,0.00329559,0.0197761
0.06,0.06 ,0.979754, 0.0166514,0.00359472,0.0202461
0.06,0.07 ,0.979257, 0.0168276,0.00391575,0.0207433
0.06,0.08 ,0.97873, 0.0170094,0.00426077,0.0212702
0.06,0.09 ,0.978171, 0.017197,0.00463212,0.0218292
0.06,0.1 ,0.977577, 0.0173909,0.00503245,0.0224233
0.06,0.11 ,0.976944, 0.0175911,0.00546473,0.0230559
0.06,0.12 ,0.976269, 0.0177982,0.00593234,0.0237305
0.06,0.13 ,0.975549, 0.0180124,0.0064391,0.0244515
0.06,0.14 ,0.974777, 0.0182341,0.00698936,0.0252234
0.06,0.15 ,0.973948, 0.0184637,0.00758807,0.0260518
0.06,0.16 ,0.973057, 0.0187016,0.00824093,0.0269425
0.06,0.17 ,0.972097, 0.0189483,0.00895446,0.0279028
0.06,0.18 ,0.971059, 0.0192043,0.00973623,0.0289405
0.06,0.19 ,0.969935, 0.01947,0.010595,0.030065
0.06,0.2 ,0.968713, 0.0197461,0.0115408,0.031287
0.06,0.21 ,0.967381, 0.0200331,0.0125857,0.0326189
0.06,0.22 ,0.965925, 0.0203317,0.0137436,0.0340753
0.06,0.23 ,0.964327, 0.0206425,0.015031,0.0356734
0.06,0.24 ,0.962567, 0.0209662,0.0164672,0.0374335
0.06,0.25 ,0.960621, 0.0213037,0.0180757,0.0393794
0.06,0.26 ,0.95846, 0.0216558,0.0198841,0.0415399
0.06,0.27 ,0.956051, 0.0220233,0.0219259,0.0439492
0.06,0.28 ,0.953351, 0.0224073,0.0242415,0.0466488
0.06,0.29 ,0.950311, 0.0228086,0.0268799,0.0496885
0.06,0.3 ,0.946871, 0.0232284,0.0299008,0.0531292
0.06,0.31 ,0.942955, 0.0236679,0.0333771,0.0570449
0.06,0.32 ,0.938474, 0.0241281,0.0373976,0.0615257
0.06,0.33 ,0.933319, 0.0246104,0.0420708,0.0666811
0.06,0.34 ,0.927356, 0.025116,0.0475278,0.0726438
0.06,0.35 ,0.920428, 0.0256464,0.0539253,0.0795717
0.06,0.36 ,0.912351, 0.0262028,0.0614463,0.0876491
0.06,0.37 ,0.902917, 0.0267868,0.0702964,0.0970831
0.06,0.38 ,0.891908, 0.0273996,0.0806928,0.108092
0.06,0.39 ,0.879115, 0.0280426,0.0928428,0.120885
0.06,0.4 ,0.864374, 0.028717,0.106909,0.135626
0.06,0.41 ,0.847605, 0.0294241,0.12297,0.152395
0.06,0.42 ,0.828853, 0.0301649,0.140982,0.171147
0.06,0.43 ,0.808294, 0.0309401,0.160766,0.191706
0.06,0.44 ,0.786226, 0.0317502,0.182023,0.213774
0.06,0.45 ,0.763021, 0.0325957,0.204383,0.236979
0.06,0.46 ,0.739071, 0.0334766,0.227453,0.260929
0.06,0.47 ,0.714744, 0.0343925,0.250864,0.285256
0.06,0.48 ,0.690356, 0.0353429,0.274301,0.309644
0.06,0.49 ,0.666164, 0.036327,0.297509,0.333836
0.06,0.5 ,0.642361, 0.0373437,0.320295,0.357639
0.06,0.51 ,0.619091, 0.0383917,0.342517,0.380909
0.06,0.52 ,0.596453, 0.0394696,0.364078,0.403547
0.06,0.53 ,0.57451, 0.0405755,0.384914,0.42549
0.06,0.54 ,0.553303, 0.041708,0.404989,0.446697
0.06,0.55 ,0.532851, 0.042865,0.424283,0.467149
0.06,0.56 ,0.51316, 0.0440449,0.442795,0.48684
0.06,0.57 ,0.494223, 0.0452456,0.460531,0.505777
0.06,0.58 ,0.47603, 0.0464655,0.477504,0.52397
0.06,0.59 ,0.458562, 0.0477025,0.493735,0.541438
0.06,0.6 ,0.441798, 0.0489551,0.509246,0.558202
0.06,0.61 ,0.425716, 0.0502214,0.524063,0.574284
0.06,0.62 ,0.41029, 0.0514998,0.53821,0.58971
0.06,0.63 ,0.395495, 0.0527887,0.551716,0.604505
0.06,0.64 ,0.381307, 0.0540867,0.564606,0.618693
0.06,0.65 ,0.367699, 0.0553923,0.576909,0.632301
0.06,0.66 ,0.354647, 0.0567042,0.588649,0.645353
0.06,0.67 ,0.342127, 0.0580212,0.599852,0.657873
0.06,0.68 ,0.330115, 0.0593421,0.610543,0.669885
0.06,0.69 ,0.318589, 0.0606658,0.620745,0.681411
0.06,0.7 ,0.307527, 0.0619912,0.630482,0.692473
0.06,0.71 ,0.296908, 0.0633176,0.639774,0.703092
0.06,0.72 ,0.286713, 0.0646439,0.648643,0.713287
0.06,0.73 ,0.276922, 0.0659694,0.657108,0.723078
0.06,0.74 ,0.267517, 0.0672934,0.665189,0.732483
0.06,0.75 ,0.258482, 0.0686152,0.672903,0.741518
0.06,0.76 ,0.249798, 0.0699341,0.680268,0.750202
0.06,0.77 ,0.241451, 0.0712496,0.687299,0.758549
0.06,0.78 ,0.233426, 0.0725611,0.694013,0.766574
0.06,0.79 ,0.225709, 0.0738682,0.700423,0.774291
0.06,0.8 ,0.218285, 0.0751705,0.706544,0.781715
0.06,0.81 ,0.211143, 0.0764675,0.712389,0.788857
0.06,0.82 ,0.20427, 0.0777589,0.717971,0.79573
0.06,0.83 ,0.197654, 0.0790444,0.723301,0.802346
0.06,0.84 ,0.191285, 0.0803237,0.728392,0.808715
0.06,0.85 ,0.185151, 0.0815964,0.733252,0.814849
0.06,0.86 ,0.179244, 0.0828625,0.737894,0.820756
0.06,0.87 ,0.173553, 0.0841216,0.742326,0.826447
0.06,0.88 ,0.168069, 0.0853735,0.746558,0.831931
0.06,0.89 ,0.162784, 0.0866182,0.750598,0.837216
0.06,0.9 ,0.157689, 0.0878554,0.754455,0.842311
0.06,0.91 ,0.152778, 0.0890851,0.758137,0.847222
0.06,0.92 ,0.148041, 0.0903071,0.761652,0.851959
0.06,0.93 ,0.143473, 0.0915213,0.765006,0.856527
0.06,0.94 ,0.139066, 0.0927277,0.768206,0.860934
0.06,0.95 ,0.134815, 0.0939261,0.771259,0.865185
0.06,0.96 ,0.130712, 0.0951166,0.774172,0.869288
0.06,0.97 ,0.126752, 0.096299,0.776949,0.873248
0.06,0.98 ,0.122929, 0.0974734,0.779597,0.877071
0.06,0.99 ,0.119239, 0.0986397,0.782121,0.880761
0.06,1 ,0.115676, 0.0997978,0.784526,0.884324
0.07,0 ,0.982219, 0.0156999,0.00208154,0.0177814
0.07,0.01 ,0.981857, 0.0158474,0.00229577,0.0181432
0.07,0.02 ,0.981477, 0.0159992,0.00252424,0.0185235
0.07,0.03 ,0.981076, 0.0161554,0.00276819,0.0189236
0.07,0.04 ,0.980655, 0.0163163,0.00302897,0.0193453
0.07,0.05 ,0.98021, 0.0164821,0.00330809,0.0197902
0.07,0.06 ,0.97974, 0.016653,0.00360722,0.0202602
0.07,0.07 ,0.979243, 0.0168292,0.00392824,0.0207574
0.07,0.08 ,0.978716, 0.017011,0.00427324,0.0212842
0.07,0.09 ,0.978157, 0.0171986,0.00464458,0.0218432
0.07,0.1 ,0.977563, 0.0173924,0.00504489,0.0224373
0.07,0.11 ,0.97693, 0.0175927,0.00547716,0.0230699
0.07,0.12 ,0.976255, 0.0177998,0.00594476,0.0237445
0.07,0.13 ,0.975535, 0.0180139,0.0064515,0.0244654
0.07,0.14 ,0.974763, 0.0182356,0.00700173,0.0252374
0.07,0.15 ,0.973934, 0.0184652,0.00760042,0.0260657
0.07,0.16 ,0.973044, 0.0187032,0.00825325,0.0269564
0.07,0.17 ,0.972083, 0.0189499,0.00896676,0.0279166
0.07,0.18 ,0.971046, 0.0192058,0.00974849,0.0289543
0.07,0.19 ,0.969921, 0.0194716,0.0106072,0.0300787
0.07,0.2 ,0.968699, 0.0197476,0.011553,0.0313006
0.07,0.21 ,0.967368, 0.0200346,0.0125979,0.0326325
0.07,0.22 ,0.965911, 0.0203332,0.0137557,0.0340889
0.07,0.23 ,0.964313, 0.020644,0.0150429,0.0356869
0.07,0.24 ,0.962553, 0.0209677,0.0164791,0.0374468
0.07,0.25 ,0.960607, 0.0213052,0.0180875,0.0393927
0.07,0.26 ,0.958447, 0.0216573,0.0198958,0.041553
0.07,0.27 ,0.956038, 0.0220248,0.0219374,0.0439622
0.07,0.28 ,0.953338, 0.0224087,0.0242529,0.0466615
0.07,0.29 ,0.950299, 0.02281,0.0268911,0.0497011
0.07,0.3 ,0.946858, 0.0232298,0.0299117,0.0531415
0.07,0.31 ,0.942943, 0.0236692,0.0333877,0.0570569
0.07,0.32 ,0.938463, 0.0241294,0.0374078,0.0615372
0.07,0.33 ,0.933308, 0.0246117,0.0420806,0.0666923
0.07,0.34 ,0.927346, 0.0251173,0.047537,0.0726544
0.07,0.35 ,0.920418, 0.0256477,0.0539339,0.0795816
0.07,0.36 ,0.912342, 0.0262041,0.0614541,0.0876582
0.07,0.37 ,0.902909, 0.026788,0.0703032,0.0970911
0.07,0.38 ,0.891901, 0.0274007,0.0806984,0.108099
0.07,0.39 ,0.879109, 0.0280437,0.0928471,0.120891
0.07,0.4 ,0.86437, 0.0287182,0.106912,0.13563
0.07,0.41 ,0.847603, 0.0294252,0.122971,0.152397
0.07,0.42 ,0.828852, 0.0301659,0.140982,0.171148
0.07,0.43 ,0.808295, 0.0309411,0.160764,0.191705
0.07,0.44 ,0.786229, 0.0317512,0.18202,0.213771
0.07,0.45 ,0.763025, 0.0325967,0.204378,0.236975
0.07,0.46 ,0.739076, 0.0334775,0.227447,0.260924
0.07,0.47 ,0.714749, 0.0343933,0.250857,0.285251
0.07,0.48 ,0.690363, 0.0353437,0.274294,0.309637
0.07,0.49 ,0.666171, 0.0363278,0.297502,0.333829
0.07,0.5 ,0.642369, 0.0373444,0.320287,0.357631
0.07,0.51 ,0.619099, 0.0383924,0.342508,0.380901
0.07,0.52 ,0.596461, 0.0394702,0.364069,0.403539
0.07,0.53 ,0.574518, 0.0405761,0.384905,0.425482
0.07,0.54 ,0.553312, 0.0417085,0.40498,0.446688
0.07,0.55 ,0.53286, 0.0428655,0.424275,0.46714
0.07,0.56 ,0.513168, 0.0440453,0.442787,0.486832
0.07,0.57 ,0.494232, 0.045246,0.460522,0.505768
0.07,0.58 ,0.476038, 0.0464658,0.477496,0.523962
0.07,0.59 ,0.45857, 0.0477028,0.493727,0.54143
0.07,0.6 ,0.441806, 0.0489553,0.509238,0.558194
0.07,0.61 ,0.425724, 0.0502216,0.524055,0.574276
0.07,0.62 ,0.410298, 0.0514999,0.538202,0.589702
0.07,0.63 ,0.395503, 0.0527888,0.551708,0.604497
0.07,0.64 ,0.381314, 0.0540868,0.564599,0.618686
0.07,0.65 ,0.367706, 0.0553924,0.576902,0.632294
0.07,0.66 ,0.354654, 0.0567042,0.588642,0.645346
0.07,0.67 ,0.342134, 0.0580212,0.599845,0.657866
0.07,0.68 ,0.330122, 0.059342,0.610536,0.669878
0.07,0.69 ,0.318596, 0.0606657,0.620739,0.681404
0.07,0.7 ,0.307534, 0.0619911,0.630475,0.692466
0.07,0.71 ,0.296915, 0.0633174,0.639768,0.703085
0.07,0.72 ,0.286719, 0.0646437,0.648637,0.713281
0.07,0.73 ,0.276928, 0.0659692,0.657102,0.723072
0.07,0.74 ,0.267523, 0.0672932,0.665183,0.732477
0.07,0.75 ,0.258487, 0.0686149,0.672898,0.741513
0.07,0.76 ,0.249804, 0.0699338,0.680262,0.750196
0.07,0.77 ,0.241457, 0.0712492,0.687294,0.758543
0.07,0.78 ,0.233432, 0.0725608,0.694008,0.766568
0.07,0.79 ,0.225714, 0.0738679,0.700418,0.774286
0.07,0.8 ,0.218291, 0.0751701,0.706539,0.781709
0.07,0.81 ,0.211148, 0.0764671,0.712385,0.788852
0.07,0.82 ,0.204275, 0.0777585,0.717966,0.795725
0.07,0.83 ,0.197659, 0.0790439,0.723297,0.802341
0.07,0.84 ,0.19129, 0.0803232,0.728387,0.80871
0.07,0.85 ,0.185156, 0.0815959,0.733248,0.814844
0.07,0.86 ,0.179249, 0.0828619,0.73789,0.820751
0.07,0.87 ,0.173557, 0.084121,0.742322,0.826443
0.07,0.88 ,0.168073, 0.085373,0.746554,0.831927
0.07,0.89 ,0.162788, 0.0866176,0.750594,0.837212
0.07,0.9 ,0.157694, 0.0878548,0.754451,0.842306
0.07,0.91 ,0.152782, 0.0890845,0.758134,0.847218
