Betapv,Betamv,V,Rs,Rv,P
0,0 ,0.994021, 0.00397863,0.002,0.00597863
0,0.01 ,0.993986, 0.00397881,0.002035,0.00601381
0,0.02 ,0.993949, 0.00397899,0.0020717,0.00605069
0,0.03 ,0.993911, 0.00397917,0.00211023,0.0060894
0,0.04 ,0.99387, 0.00397936,0.00215073,0.00613009
0,0.05 ,0.993827, 0.00397954,0.00219336,0.0061729
0,0.06 ,0.993782, 0.00397973,0.00223829,0.00621802
0,0.07 ,0.993734, 0.00397992,0.00228571,0.00626563
0,0.08 ,0.993684, 0.00398011,0.00233585,0.00631596
0,0.09 ,0.993631, 0.0039803,0.00238895,0.00636925
0,0.1 ,0.993574, 0.00398049,0.00244527,0.00642576
0,0.11 ,0.993514, 0.00398069,0.00250512,0.00648581
0,0.12 ,0.99345, 0.00398088,0.00256886,0.00654974
0,0.13 ,0.993382, 0.00398108,0.00263686,0.00661794
0,0.14 ,0.993309, 0.00398128,0.00270959,0.00669087
0,0.15 ,0.993231, 0.00398148,0.00278755,0.00676903
0,0.16 ,0.993147, 0.00398168,0.00287134,0.00685302
0,0.17 ,0.993056, 0.00398188,0.00296164,0.00694352
0,0.18 ,0.992959, 0.00398209,0.00305923,0.00704132
0,0.19 ,0.992853, 0.00398229,0.00316505,0.00714735
0,0.2 ,0.992737, 0.0039825,0.00328019,0.00726269
0,0.21 ,0.992611, 0.00398271,0.00340594,0.00738866
0,0.22 ,0.992473, 0.00398292,0.00354385,0.00752677
0,0.23 ,0.992321, 0.00398314,0.00369576,0.0076789
0,0.24 ,0.992153, 0.00398335,0.00386393,0.00784728
0,0.25 ,0.991965, 0.00398357,0.00405113,0.00803469
0,0.26 ,0.991755, 0.00398379,0.00426076,0.00824455
0,0.27 ,0.991519, 0.00398401,0.00449712,0.00848113
0,0.28 ,0.99125, 0.00398423,0.00476566,0.00874989
0,0.29 ,0.990942, 0.00398445,0.00507339,0.00905784
0,0.3 ,0.990586, 0.00398468,0.00542953,0.0094142
0,0.31 ,0.990169, 0.00398491,0.00584638,0.00983128
0,0.32 ,0.989674, 0.00398514,0.00634076,0.0103259
0,0.33 ,0.989078, 0.00398537,0.00693622,0.0109216
0,0.34 ,0.988348, 0.0039856,0.00766674,0.0116523
0,0.35 ,0.987431, 0.00398584,0.00858308,0.0125689
0,0.36 ,0.98625, 0.00398607,0.00976412,0.0137502
0,0.37 ,0.984675, 0.00398631,0.0113386,0.0153249
0,0.38 ,0.982484, 0.00398655,0.013529,0.0175155
0,0.39 ,0.979269, 0.0039868,0.0167443,0.0207311
0,0.4 ,0.974227, 0.00398704,0.0217855,0.0257726
0,0.41 ,0.965762, 0.00398729,0.0302505,0.0342377
0,0.42 ,0.95113, 0.00398754,0.0448826,0.0488701
0,0.43 ,0.927957, 0.00398779,0.0680548,0.0720426
0,0.44 ,0.897624, 0.00398805,0.0983874,0.102375
0,0.45 ,0.863875, 0.0039883,0.132137,0.136125
0,0.46 ,0.829386, 0.00398856,0.166626,0.170614
0,0.47 ,0.795445, 0.00398882,0.200566,0.204555
0,0.48 ,0.762606, 0.00398909,0.233405,0.237394
0,0.49 ,0.731088, 0.00398935,0.264923,0.268912
0,0.5 ,0.700961, 0.00398962,0.295049,0.299039
0,0.51 ,0.672223, 0.00398989,0.323787,0.327777
0,0.52 ,0.644837, 0.00399017,0.351173,0.355163
0,0.53 ,0.618749, 0.00399044,0.37726,0.381251
0,0.54 ,0.593901, 0.00399072,0.402108,0.406099
0,0.55 ,0.57023, 0.003991,0.425779,0.42977
0,0.56 ,0.547674, 0.00399129,0.448335,0.452326
0,0.57 ,0.526172, 0.00399157,0.469836,0.473828
0,0.58 ,0.505668, 0.00399186,0.49034,0.494332
0,0.59 ,0.486107, 0.00399216,0.509901,0.513893
0,0.6 ,0.467436, 0.00399245,0.528571,0.532564
0,0.61 ,0.449608, 0.00399275,0.546399,0.550392
0,0.62 ,0.432576, 0.00399305,0.563431,0.567424
0,0.63 ,0.416299, 0.00399335,0.579708,0.583701
0,0.64 ,0.400734, 0.00399366,0.595272,0.599266
0,0.65 ,0.385845, 0.00399397,0.610161,0.614155
0,0.66 ,0.371596, 0.00399428,0.624409,0.628404
0,0.67 ,0.357955, 0.0039946,0.638051,0.642045
0,0.68 ,0.344888, 0.00399492,0.651117,0.655112
0,0.69 ,0.332369, 0.00399524,0.663636,0.667631
0,0.7 ,0.320368, 0.00399557,0.675637,0.679632
0,0.71 ,0.30886, 0.0039959,0.687144,0.69114
0,0.72 ,0.297821, 0.00399623,0.698183,0.702179
0,0.73 ,0.287227, 0.00399657,0.708776,0.712773
0,0.74 ,0.277058, 0.00399691,0.718945,0.722942
0,0.75 ,0.267294, 0.00399725,0.728709,0.732706
0,0.76 ,0.257914, 0.0039976,0.738089,0.742086
0,0.77 ,0.248901, 0.00399795,0.747101,0.751099
0,0.78 ,0.240238, 0.00399831,0.755764,0.759762
0,0.79 ,0.231909, 0.00399866,0.764093,0.768091
0,0.8 ,0.223898, 0.00399903,0.772103,0.776102
0,0.81 ,0.216192, 0.00399939,0.779808,0.783808
0,0.82 ,0.208777, 0.00399976,0.787223,0.791223
0,0.83 ,0.20164, 0.00400014,0.79436,0.79836
0,0.84 ,0.194768, 0.00400052,0.801231,0.805232
0,0.85 ,0.188151, 0.0040009,0.807848,0.811849
0,0.86 ,0.181777, 0.00400129,0.814222,0.818223
0,0.87 ,0.175636, 0.00400168,0.820362,0.824364
0,0.88 ,0.169718, 0.00400208,0.82628,0.830282
0,0.89 ,0.164014, 0.00400248,0.831983,0.835986
0,0.9 ,0.158515, 0.00400288,0.837482,0.841485
0,0.91 ,0.153212, 0.00400329,0.842784,0.846788
0,0.92 ,0.148098, 0.00400371,0.847898,0.851902
0,0.93 ,0.143165, 0.00400413,0.852831,0.856835
0,0.94 ,0.138405, 0.00400455,0.857591,0.861595
0,0.95 ,0.133812, 0.00400498,0.862183,0.866188
0,0.96 ,0.129378, 0.00400542,0.866616,0.870622
0,0.97 ,0.125099, 0.00400586,0.870895,0.874901
0,0.98 ,0.120967, 0.0040063,0.875026,0.879033
0,0.99 ,0.116978, 0.00400675,0.879016,0.883022
0,1 ,0.113125, 0.00400721,0.882868,0.886875
0.01,0 ,0.993974, 0.00398096,0.00204526,0.00602622
0.01,0.01 ,0.993939, 0.00398114,0.00208026,0.0060614
0.01,0.02 ,0.993902, 0.00398132,0.00211696,0.00609828
0.01,0.03 ,0.993863, 0.0039815,0.00215549,0.00613699
0.01,0.04 ,0.993822, 0.00398169,0.00219599,0.00617767
0.01,0.05 ,0.99378, 0.00398187,0.00223861,0.00622048
0.01,0.06 ,0.993734, 0.00398206,0.00228354,0.0062656
0.01,0.07 ,0.993687, 0.00398225,0.00233096,0.00631321
0.01,0.08 ,0.993636, 0.00398244,0.0023811,0.00636354
0.01,0.09 ,0.993583, 0.00398263,0.00243419,0.00641682
0.01,0.1 ,0.993527, 0.00398282,0.00249051,0.00647333
0.01,0.11 ,0.993467, 0.00398301,0.00255036,0.00653337
0.01,0.12 ,0.993403, 0.00398321,0.00261409,0.0065973
0.01,0.13 ,0.993335, 0.00398341,0.00268209,0.0066655
0.01,0.14 ,0.993262, 0.00398361,0.00275481,0.00673842
0.01,0.15 ,0.993183, 0.00398381,0.00283277,0.00681658
0.01,0.16 ,0.993099, 0.00398401,0.00291655,0.00690056
0.01,0.17 ,0.993009, 0.00398421,0.00300684,0.00699105
0.01,0.18 ,0.992911, 0.00398442,0.00310442,0.00708884
0.01,0.19 ,0.992805, 0.00398462,0.00321023,0.00719486
0.01,0.2 ,0.99269, 0.00398483,0.00332536,0.00731019
0.01,0.21 ,0.992564, 0.00398504,0.0034511,0.00743614
0.01,0.22 ,0.992426, 0.00398525,0.00358898,0.00757424
0.01,0.23 ,0.992274, 0.00398547,0.00374088,0.00772634
0.01,0.24 ,0.992105, 0.00398568,0.00390903,0.00789471
0.01,0.25 ,0.991918, 0.0039859,0.00409619,0.00808209
0.01,0.26 ,0.991708, 0.00398612,0.00430579,0.00829191
0.01,0.27 ,0.991472, 0.00398634,0.00454211,0.00852845
0.01,0.28 ,0.991203, 0.00398656,0.0048106,0.00879715
0.01,0.29 ,0.990895, 0.00398678,0.00511826,0.00910504
0.01,0.3 ,0.990539, 0.00398701,0.00547432,0.00946132
0.01,0.31 ,0.990122, 0.00398723,0.00589106,0.0098783
0.01,0.32 ,0.989627, 0.00398746,0.0063853,0.0103728
0.01,0.33 ,0.989032, 0.00398769,0.00698057,0.0109683
0.01,0.34 ,0.988301, 0.00398793,0.00771083,0.0116988
0.01,0.35 ,0.987385, 0.00398816,0.00862679,0.012615
0.01,0.36 ,0.986204, 0.0039884,0.00980727,0.0137957
0.01,0.37 ,0.98463, 0.00398864,0.0113809,0.0153695
0.01,0.38 ,0.982441, 0.00398888,0.0135698,0.0175587
0.01,0.39 ,0.979228, 0.00398912,0.0167826,0.0207718
0.01,0.4 ,0.974192, 0.00398937,0.021819,0.0258084
0.01,0.41 ,0.965736, 0.00398962,0.0302745,0.0342642
0.01,0.42 ,0.95112, 0.00398987,0.0448903,0.0488801
0.01,0.43 ,0.927967, 0.00399012,0.0680427,0.0720329
0.01,0.44 ,0.897648, 0.00399037,0.0983612,0.102352
0.01,0.45 ,0.863906, 0.00399063,0.132103,0.136094
0.01,0.46 ,0.829421, 0.00399089,0.166589,0.170579
0.01,0.47 ,0.795481, 0.00399115,0.200528,0.204519
0.01,0.48 ,0.762642, 0.00399142,0.233366,0.237358
0.01,0.49 ,0.731125, 0.00399168,0.264884,0.268875
0.01,0.5 ,0.700997, 0.00399195,0.295011,0.299003
0.01,0.51 ,0.672259, 0.00399222,0.323749,0.327741
0.01,0.52 ,0.644872, 0.00399249,0.351136,0.355128
0.01,0.53 ,0.618784, 0.00399277,0.377223,0.381216
0.01,0.54 ,0.593935, 0.00399305,0.402072,0.406065
0.01,0.55 ,0.570263, 0.00399333,0.425744,0.429737
0.01,0.56 ,0.547706, 0.00399362,0.4483,0.452294
0.01,0.57 ,0.526204, 0.0039939,0.469802,0.473796
0.01,0.58 ,0.505699, 0.00399419,0.490307,0.494301
0.01,0.59 ,0.486137, 0.00399448,0.509869,0.513863
0.01,0.6 ,0.467466, 0.00399478,0.528539,0.532534
0.01,0.61 ,0.449637, 0.00399508,0.546368,0.550363
0.01,0.62 ,0.432605, 0.00399538,0.5634,0.567395
0.01,0.63 ,0.416326, 0.00399568,0.579678,0.583674
0.01,0.64 ,0.400761, 0.00399599,0.595243,0.599239
0.01,0.65 ,0.385872, 0.0039963,0.610132,0.614128
0.01,0.66 ,0.371622, 0.00399661,0.624381,0.628378
0.01,0.67 ,0.35798, 0.00399693,0.638023,0.64202
0.01,0.68 ,0.344913, 0.00399725,0.65109,0.655087
0.01,0.69 ,0.332393, 0.00399757,0.66361,0.667607
0.01,0.7 ,0.320391, 0.0039979,0.675611,0.679609
0.01,0.71 ,0.308883, 0.00399823,0.687119,0.691117
0.01,0.72 ,0.297843, 0.00399856,0.698158,0.702157
0.01,0.73 ,0.28725, 0.0039989,0.708751,0.71275
0.01,0.74 ,0.27708, 0.00399924,0.71892,0.72292
0.01,0.75 ,0.267315, 0.00399958,0.728685,0.732685
0.01,0.76 ,0.257935, 0.00399993,0.738065,0.742065
0.01,0.77 ,0.248921, 0.00400028,0.747078,0.751079
0.01,0.78 ,0.240258, 0.00400063,0.755741,0.759742
0.01,0.79 ,0.231928, 0.00400099,0.764071,0.768072
0.01,0.8 ,0.223918, 0.00400135,0.772081,0.776082
0.01,0.81 ,0.216211, 0.00400172,0.779787,0.783789
0.01,0.82 ,0.208795, 0.00400209,0.787203,0.791205
0.01,0.83 ,0.201658, 0.00400247,0.79434,0.798342
0.01,0.84 ,0.194786, 0.00400285,0.801211,0.805214
0.01,0.85 ,0.188168, 0.00400323,0.807829,0.811832
0.01,0.86 ,0.181794, 0.00400362,0.814203,0.818206
0.01,0.87 ,0.175653, 0.00400401,0.820343,0.824347
0.01,0.88 ,0.169734, 0.0040044,0.826261,0.830266
0.01,0.89 ,0.16403, 0.0040048,0.831965,0.83597
0.01,0.9 ,0.15853, 0.00400521,0.837464,0.84147
0.01,0.91 ,0.153227, 0.00400562,0.842767,0.846773
0.01,0.92 ,0.148113, 0.00400603,0.847881,0.851887
0.01,0.93 ,0.143179, 0.00400645,0.852814,0.856821
0.01,0.94 ,0.138419, 0.00400688,0.857574,0.861581
0.01,0.95 ,0.133826, 0.00400731,0.862167,0.866174
0.01,0.96 ,0.129392, 0.00400774,0.8666,0.870608
0.01,0.97 ,0.125112, 0.00400818,0.870879,0.874888
0.01,0.98 ,0.12098, 0.00400863,0.875011,0.87902
0.01,0.99 ,0.116991, 0.00400908,0.879,0.883009
0.01,1 ,0.113137, 0.00400953,0.882853,0.886863
0.02,0 ,0.993925, 0.0039833,0.00209214,0.00607544
0.02,0.01 ,0.993889, 0.00398348,0.00212714,0.00611062
0.02,0.02 ,0.993853, 0.00398366,0.00216384,0.0061475
0.02,0.03 ,0.993814, 0.00398385,0.00220236,0.00618621
0.02,0.04 ,0.993773, 0.00398403,0.00224286,0.00622689
0.02,0.05 ,0.99373, 0.00398422,0.00228548,0.0062697
0.02,0.06 ,0.993685, 0.0039844,0.00233041,0.00631481
0.02,0.07 ,0.993638, 0.00398459,0.00237783,0.00636242
0.02,0.08 ,0.993587, 0.00398478,0.00242796,0.00641274
0.02,0.09 ,0.993534, 0.00398497,0.00248105,0.00646602
0.02,0.1 ,0.993477, 0.00398517,0.00253736,0.00652253
0.02,0.11 ,0.993417, 0.00398536,0.00259721,0.00658257
0.02,0.12 ,0.993354, 0.00398556,0.00266093,0.00664649
0.02,0.13 ,0.993285, 0.00398575,0.00272893,0.00671468
0.02,0.14 ,0.993212, 0.00398595,0.00280165,0.0067876
0.02,0.15 ,0.993134, 0.00398615,0.0028796,0.00686575
0.02,0.16 ,0.99305, 0.00398635,0.00296337,0.00694972
0.02,0.17 ,0.99296, 0.00398656,0.00305365,0.00704021
0.02,0.18 ,0.992862, 0.00398676,0.00315122,0.00713799
0.02,0.19 ,0.992756, 0.00398697,0.00325702,0.00724399
0.02,0.2 ,0.992641, 0.00398718,0.00337214,0.00735932
0.02,0.21 ,0.992515, 0.00398739,0.00349786,0.00748525
0.02,0.22 ,0.992377, 0.0039876,0.00363573,0.00762333
0.02,0.23 ,0.992225, 0.00398781,0.0037876,0.00777541
0.02,0.24 ,0.992056, 0.00398803,0.00395573,0.00794375
0.02,0.25 ,0.991869, 0.00398824,0.00414287,0.00813111
0.02,0.26 ,0.991659, 0.00398846,0.00435243,0.00834089
0.02,0.27 ,0.991423, 0.00398868,0.00458871,0.00857739
0.02,0.28 ,0.991154, 0.0039889,0.00485714,0.00884604
0.02,0.29 ,0.990846, 0.00398913,0.00516474,0.00915386
0.02,0.3 ,0.99049, 0.00398935,0.00552071,0.00951006
0.02,0.31 ,0.990073, 0.00398958,0.00593734,0.00992692
0.02,0.32 ,0.989579, 0.00398981,0.00643143,0.0104212
0.02,0.33 ,0.988983, 0.00399004,0.00702651,0.0110165
0.02,0.34 ,0.988253, 0.00399027,0.0077565,0.0117468
0.02,0.35 ,0.987337, 0.00399051,0.00867206,0.0126626
0.02,0.36 ,0.986157, 0.00399075,0.00985196,0.0138427
0.02,0.37 ,0.984584, 0.00399098,0.0114247,0.0154157
0.02,0.38 ,0.982397, 0.00399123,0.0136121,0.0176033
0.02,0.39 ,0.979186, 0.00399147,0.0168223,0.0208138
0.02,0.4 ,0.974155, 0.00399171,0.0218537,0.0258455
0.02,0.41 ,0.965708, 0.00399196,0.0302996,0.0342915
0.02,0.42 ,0.951109, 0.00399221,0.0448983,0.0488905
0.02,0.43 ,0.927977, 0.00399246,0.0680304,0.0720229
0.02,0.44 ,0.897673, 0.00399272,0.0983341,0.102327
0.02,0.45 ,0.863939, 0.00399298,0.132068,0.136061
0.02,0.46 ,0.829456, 0.00399323,0.16655,0.170544
0.02,0.47 ,0.795519, 0.0039935,0.200488,0.204481
0.02,0.48 ,0.76268, 0.00399376,0.233326,0.23732
0.02,0.49 ,0.731162, 0.00399403,0.264844,0.268838
0.02,0.5 ,0.701035, 0.00399429,0.294971,0.298965
0.02,0.51 ,0.672296, 0.00399457,0.32371,0.327704
0.02,0.52 ,0.644908, 0.00399484,0.351097,0.355092
0.02,0.53 ,0.61882, 0.00399511,0.377185,0.38118
0.02,0.54 ,0.59397, 0.00399539,0.402035,0.40603
0.02,0.55 ,0.570297, 0.00399567,0.425707,0.429703
0.02,0.56 ,0.54774, 0.00399596,0.448264,0.45226
0.02,0.57 ,0.526237, 0.00399625,0.469767,0.473763
0.02,0.58 ,0.505731, 0.00399654,0.490272,0.494269
0.02,0.59 ,0.486168, 0.00399683,0.509835,0.513832
0.02,0.6 ,0.467496, 0.00399712,0.528506,0.532504
0.02,0.61 ,0.449667, 0.00399742,0.546336,0.550333
0.02,0.62 ,0.432634, 0.00399772,0.563368,0.567366
0.02,0.63 ,0.416355, 0.00399803,0.579647,0.583645
0.02,0.64 ,0.400789, 0.00399833,0.595212,0.599211
0.02,0.65 ,0.385899, 0.00399864,0.610102,0.614101
0.02,0.66 ,0.371649, 0.00399896,0.624352,0.628351
0.02,0.67 ,0.358006, 0.00399927,0.637995,0.641994
0.02,0.68 ,0.344939, 0.00399959,0.651062,0.655061
0.02,0.69 ,0.332418, 0.00399991,0.663582,0.667582
0.02,0.7 ,0.320416, 0.00400024,0.675584,0.679584
0.02,0.71 ,0.308907, 0.00400057,0.687092,0.691093
0.02,0.72 ,0.297867, 0.0040009,0.698132,0.702133
0.02,0.73 ,0.287273, 0.00400124,0.708726,0.712727
0.02,0.74 ,0.277103, 0.00400158,0.718896,0.722897
0.02,0.75 ,0.267337, 0.00400192,0.728661,0.732663
0.02,0.76 ,0.257956, 0.00400227,0.738041,0.742044
0.02,0.77 ,0.248942, 0.00400262,0.747055,0.751058
0.02,0.78 ,0.240279, 0.00400298,0.755718,0.759721
0.02,0.79 ,0.231949, 0.00400333,0.764048,0.768051
0.02,0.8 ,0.223937, 0.0040037,0.772059,0.776063
0.02,0.81 ,0.21623, 0.00400406,0.779765,0.78377
0.02,0.82 ,0.208814, 0.00400443,0.787181,0.791186
0.02,0.83 ,0.201676, 0.00400481,0.794319,0.798324
0.02,0.84 ,0.194804, 0.00400519,0.801191,0.805196
0.02,0.85 ,0.188186, 0.00400557,0.807808,0.811814
0.02,0.86 ,0.181811, 0.00400596,0.814183,0.818189
0.02,0.87 ,0.17567, 0.00400635,0.820324,0.82433
0.02,0.88 ,0.169751, 0.00400675,0.826242,0.830249
0.02,0.89 ,0.164046, 0.00400715,0.831947,0.835954
0.02,0.9 ,0.158546, 0.00400755,0.837446,0.841454
0.02,0.91 ,0.153243, 0.00400796,0.842749,0.846757
0.02,0.92 ,0.148128, 0.00400838,0.847863,0.851872
0.02,0.93 ,0.143194, 0.0040088,0.852797,0.856806
0.02,0.94 ,0.138434, 0.00400922,0.857557,0.861566
0.02,0.95 ,0.13384, 0.00400965,0.86215,0.86616
0.02,0.96 ,0.129406, 0.00401009,0.866584,0.870594
0.02,0.97 ,0.125126, 0.00401052,0.870863,0.874874
0.02,0.98 ,0.120994, 0.00401097,0.874995,0.879006
0.02,0.99 ,0.117004, 0.00401142,0.878985,0.882996
0.02,1 ,0.11315, 0.00401188,0.882838,0.88685
0.03,0 ,0.993874, 0.00398566,0.00214072,0.00612638
0.03,0.01 ,0.993838, 0.00398584,0.00217572,0.00616156
0.03,0.02 ,0.993802, 0.00398602,0.00221241,0.00619844
0.03,0.03 ,0.993763, 0.00398621,0.00225093,0.00623714
0.03,0.04 ,0.993722, 0.00398639,0.00229143,0.00627782
0.03,0.05 ,0.993679, 0.00398658,0.00233405,0.00632063
0.03,0.06 ,0.993634, 0.00398676,0.00237897,0.00636574
0.03,0.07 ,0.993587, 0.00398695,0.00242639,0.00641334
0.03,0.08 ,0.993536, 0.00398714,0.00247652,0.00646366
0.03,0.09 ,0.993483, 0.00398733,0.0025296,0.00651694
0.03,0.1 ,0.993427, 0.00398753,0.00258591,0.00657344
0.03,0.11 ,0.993367, 0.00398772,0.00264576,0.00663348
0.03,0.12 ,0.993303, 0.00398792,0.00270948,0.00669739
0.03,0.13 ,0.993234, 0.00398811,0.00277747,0.00676558
0.03,0.14 ,0.993162, 0.00398831,0.00285018,0.00683849
0.03,0.15 ,0.993083, 0.00398851,0.00292812,0.00691664
0.03,0.16 ,0.992999, 0.00398871,0.00301189,0.0070006
0.03,0.17 ,0.992909, 0.00398892,0.00310216,0.00709108
0.03,0.18 ,0.992811, 0.00398912,0.00319972,0.00718885
0.03,0.19 ,0.992705, 0.00398933,0.00330551,0.00729484
0.03,0.2 ,0.99259, 0.00398954,0.00342062,0.00741015
0.03,0.21 ,0.992464, 0.00398975,0.00354632,0.00753607
0.03,0.22 ,0.992326, 0.00398996,0.00368418,0.00767413
0.03,0.23 ,0.992174, 0.00399017,0.00383603,0.0078262
0.03,0.24 ,0.992005, 0.00399039,0.00400413,0.00799451
0.03,0.25 ,0.991818, 0.0039906,0.00419123,0.00818184
0.03,0.26 ,0.991608, 0.00399082,0.00440076,0.00839158
0.03,0.27 ,0.991372, 0.00399104,0.004637,0.00862804
0.03,0.28 ,0.991103, 0.00399126,0.00490537,0.00889663
0.03,0.29 ,0.990796, 0.00399149,0.0052129,0.00920439
0.03,0.3 ,0.99044, 0.00399171,0.00556878,0.0095605
0.03,0.31 ,0.990023, 0.00399194,0.0059853,0.00997724
0.03,0.32 ,0.989529, 0.00399217,0.00647924,0.0104714
0.03,0.33 ,0.988933, 0.0039924,0.00707412,0.0110665
0.03,0.34 ,0.988204, 0.00399263,0.00780383,0.0117965
0.03,0.35 ,0.987288, 0.00399287,0.00871899,0.0127119
0.03,0.36 ,0.986109, 0.00399311,0.00989829,0.0138914
0.03,0.37 ,0.984537, 0.00399334,0.0114701,0.0154634
0.03,0.38 ,0.98235, 0.00399359,0.013656,0.0176495
0.03,0.39 ,0.979143, 0.00399383,0.0168635,0.0208573
0.03,0.4 ,0.974116, 0.00399408,0.0218898,0.0258838
0.03,0.41 ,0.96568, 0.00399432,0.0303256,0.0343199
0.03,0.42 ,0.951099, 0.00399457,0.0449068,0.0489014
0.03,0.43 ,0.927987, 0.00399482,0.0680178,0.0720126
0.03,0.44 ,0.897699, 0.00399508,0.0983062,0.102301
0.03,0.45 ,0.863972, 0.00399534,0.132032,0.136028
0.03,0.46 ,0.829494, 0.00399559,0.166511,0.170506
0.03,0.47 ,0.795557, 0.00399586,0.200447,0.204443
0.03,0.48 ,0.762719, 0.00399612,0.233285,0.237281
0.03,0.49 ,0.731201, 0.00399639,0.264802,0.268799
0.03,0.5 ,0.701074, 0.00399665,0.29493,0.298926
0.03,0.51 ,0.672334, 0.00399693,0.323669,0.327666
0.03,0.52 ,0.644946, 0.0039972,0.351057,0.355054
0.03,0.53 ,0.618856, 0.00399747,0.377146,0.381144
0.03,0.54 ,0.594006, 0.00399775,0.401996,0.405994
0.03,0.55 ,0.570333, 0.00399803,0.425669,0.429667
0.03,0.56 ,0.547774, 0.00399832,0.448227,0.452226
0.03,0.57 ,0.526271, 0.00399861,0.469731,0.473729
0.03,0.58 ,0.505764, 0.00399889,0.490237,0.494236
0.03,0.59 ,0.486201, 0.00399919,0.5098,0.513799
0.03,0.6 ,0.467528, 0.00399948,0.528472,0.532472
0.03,0.61 ,0.449698, 0.00399978,0.546302,0.550302
0.03,0.62 ,0.432665, 0.00400008,0.563335,0.567335
0.03,0.63 ,0.416385, 0.00400038,0.579615,0.583615
0.03,0.64 ,0.400818, 0.00400069,0.595181,0.599182
0.03,0.65 ,0.385928, 0.004001,0.610071,0.614072
0.03,0.66 ,0.371677, 0.00400132,0.624322,0.628323
0.03,0.67 ,0.358033, 0.00400163,0.637965,0.641967
0.03,0.68 ,0.344966, 0.00400195,0.651033,0.655034
0.03,0.69 ,0.332444, 0.00400227,0.663554,0.667556
0.03,0.7 ,0.320442, 0.0040026,0.675556,0.679558
0.03,0.71 ,0.308932, 0.00400293,0.687065,0.691068
0.03,0.72 ,0.297891, 0.00400326,0.698105,0.702109
0.03,0.73 ,0.287297, 0.0040036,0.7087,0.712703
0.03,0.74 ,0.277126, 0.00400394,0.71887,0.722874
0.03,0.75 ,0.26736, 0.00400428,0.728636,0.73264
0.03,0.76 ,0.257979, 0.00400463,0.738017,0.742021
0.03,0.77 ,0.248964, 0.00400498,0.747031,0.751036
0.03,0.78 ,0.2403, 0.00400534,0.755695,0.7597
0.03,0.79 ,0.23197, 0.00400569,0.764025,0.76803
0.03,0.8 ,0.223958, 0.00400606,0.772036,0.776042
0.03,0.81 ,0.216251, 0.00400642,0.779743,0.783749
0.03,0.82 ,0.208834, 0.00400679,0.787159,0.791166
0.03,0.83 ,0.201695, 0.00400717,0.794297,0.798305
0.03,0.84 ,0.194823, 0.00400755,0.80117,0.805177
0.03,0.85 ,0.188204, 0.00400793,0.807788,0.811796
0.03,0.86 ,0.181829, 0.00400832,0.814162,0.818171
0.03,0.87 ,0.175687, 0.00400871,0.820304,0.824313
0.03,0.88 ,0.169768, 0.0040091,0.826223,0.830232
0.03,0.89 ,0.164063, 0.00400951,0.831927,0.835937
0.03,0.9 ,0.158563, 0.00400991,0.837427,0.841437
0.03,0.91 ,0.153259, 0.00401032,0.84273,0.846741
0.03,0.92 ,0.148144, 0.00401074,0.847845,0.851856
0.03,0.93 ,0.14321, 0.00401115,0.852779,0.85679
0.03,0.94 ,0.138449, 0.00401158,0.857539,0.861551
0.03,0.95 ,0.133855, 0.00401201,0.862133,0.866145
0.03,0.96 ,0.129421, 0.00401244,0.866567,0.870579
0.03,0.97 ,0.125141, 0.00401288,0.870847,0.874859
0.03,0.98 ,0.121008, 0.00401333,0.874979,0.878992
0.03,0.99 ,0.117017, 0.00401378,0.878969,0.882983
0.03,1 ,0.113164, 0.00401423,0.882822,0.886836
0.04,0 ,0.993821, 0.00398804,0.00219109,0.00617913
0.04,0.01 ,0.993786, 0.00398822,0.00222609,0.00621431
0.04,0.02 ,0.993749, 0.0039884,0.00226278,0.00625118
0.04,0.03 ,0.99371, 0.00398858,0.0023013,0.00628988
0.04,0.04 ,0.993669, 0.00398877,0.00234179,0.00633056
0.04,0.05 ,0.993627, 0.00398895,0.00238441,0.00637336
0.04,0.06 ,0.993582, 0.00398914,0.00242933,0.00641847
0.04,0.07 ,0.993534, 0.00398933,0.00247675,0.00646608
0.04,0.08 ,0.993484, 0.00398952,0.00252687,0.00651639
0.04,0.09 ,0.99343, 0.00398971,0.00257995,0.00656966
0.04,0.1 ,0.993374, 0.0039899,0.00263626,0.00662616
0.04,0.11 ,0.993314, 0.0039901,0.0026961,0.00668619
0.04,0.12 ,0.99325, 0.00399029,0.00275981,0.00675011
0.04,0.13 ,0.993182, 0.00399049,0.0028278,0.00681829
0.04,0.14 ,0.993109, 0.00399069,0.0029005,0.00689119
0.04,0.15 ,0.993031, 0.00399089,0.00297844,0.00696933
0.04,0.16 ,0.992947, 0.00399109,0.0030622,0.00705329
0.04,0.17 ,0.992856, 0.00399129,0.00315246,0.00714375
0.04,0.18 ,0.992758, 0.0039915,0.00325002,0.00724151
0.04,0.19 ,0.992653, 0.00399171,0.00335579,0.0073475
0.04,0.2 ,0.992537, 0.00399191,0.00347088,0.0074628
0.04,0.21 ,0.992411, 0.00399212,0.00359657,0.0075887
0.04,0.22 ,0.992273, 0.00399233,0.00373441,0.00772674
0.04,0.23 ,0.992121, 0.00399255,0.00388624,0.00787878
0.04,0.24 ,0.991953, 0.00399276,0.00405431,0.00804707
0.04,0.25 ,0.991766, 0.00399298,0.00424139,0.00823437
0.04,0.26 ,0.991556, 0.0039932,0.00445088,0.00844408
0.04,0.27 ,0.99132, 0.00399342,0.00468707,0.00868048
0.04,0.28 ,0.991051, 0.00399364,0.00495538,0.00894902
0.04,0.29 ,0.990743, 0.00399386,0.00526284,0.00925671
0.04,0.3 ,0.990387, 0.00399409,0.00561864,0.00961272
0.04,0.31 ,0.989971, 0.00399432,0.00603504,0.0100294
0.04,0.32 ,0.989477, 0.00399455,0.00652882,0.0105234
0.04,0.33 ,0.988882, 0.00399478,0.00712349,0.0111183
0.04,0.34 ,0.988152, 0.00399501,0.00785291,0.0118479
0.04,0.35 ,0.987237, 0.00399524,0.00876765,0.0127629
0.04,0.36 ,0.986058, 0.00399548,0.00994634,0.0139418
0.04,0.37 ,0.984487, 0.00399572,0.0115172,0.0155129
0.04,0.38 ,0.982303, 0.00399596,0.0137015,0.0176974
0.04,0.39 ,0.979098, 0.00399621,0.0169061,0.0209024
0.04,0.4 ,0.974076, 0.00399645,0.0219272,0.0259236
0.04,0.41 ,0.965651, 0.0039967,0.0303527,0.0343494
0.04,0.42 ,0.951087, 0.00399695,0.0449157,0.0489127
0.04,0.43 ,0.927998, 0.0039972,0.0680049,0.0720021
0.04,0.44 ,0.897725, 0.00399746,0.0982774,0.102275
0.04,0.45 ,0.864007, 0.00399771,0.131995,0.135993
0.04,0.46 ,0.829532, 0.00399797,0.16647,0.170468
0.04,0.47 ,0.795597, 0.00399823,0.200404,0.204403
0.04,0.48 ,0.76276, 0.0039985,0.233242,0.23724
0.04,0.49 ,0.731242, 0.00399876,0.264759,0.268758
0.04,0.5 ,0.701114, 0.00399903,0.294887,0.298886
0.04,0.51 ,0.672373, 0.0039993,0.323627,0.327627
0.04,0.52 ,0.644984, 0.00399957,0.351016,0.355016
0.04,0.53 ,0.618895, 0.00399985,0.377106,0.381105
0.04,0.54 ,0.594044, 0.00400013,0.401956,0.405956
0.04,0.55 ,0.570369, 0.00400041,0.42563,0.429631
0.04,0.56 ,0.54781, 0.00400069,0.448189,0.45219
0.04,0.57 ,0.526306, 0.00400098,0.469693,0.473694
0.04,0.58 ,0.505799, 0.00400127,0.4902,0.494201
0.04,0.59 ,0.486234, 0.00400156,0.509764,0.513766
0.04,0.6 ,0.467561, 0.00400186,0.528437,0.532439
0.04,0.61 ,0.44973, 0.00400216,0.546268,0.55027
0.04,0.62 ,0.432696, 0.00400246,0.563302,0.567304
0.04,0.63 ,0.416416, 0.00400276,0.579582,0.583584
0.04,0.64 ,0.400848, 0.00400307,0.595148,0.599152
0.04,0.65 ,0.385957, 0.00400338,0.61004,0.614043
0.04,0.66 ,0.371706, 0.00400369,0.62429,0.628294
0.04,0.67 ,0.358062, 0.00400401,0.637934,0.641938
0.04,0.68 ,0.344993, 0.00400433,0.651003,0.655007
0.04,0.69 ,0.332471, 0.00400465,0.663524,0.667529
0.04,0.7 ,0.320468, 0.00400498,0.675527,0.679532
0.04,0.71 ,0.308958, 0.0040053,0.687037,0.691042
0.04,0.72 ,0.297917, 0.00400564,0.698078,0.702083
0.04,0.73 ,0.287321, 0.00400597,0.708673,0.712679
0.04,0.74 ,0.27715, 0.00400631,0.718843,0.72285
0.04,0.75 ,0.267384, 0.00400666,0.72861,0.732616
0.04,0.76 ,0.258002, 0.004007,0.737991,0.741998
0.04,0.77 ,0.248987, 0.00400736,0.747006,0.751013
0.04,0.78 ,0.240322, 0.00400771,0.75567,0.759678
0.04,0.79 ,0.231991, 0.00400807,0.764001,0.768009
0.04,0.8 ,0.223979, 0.00400843,0.772013,0.776021
0.04,0.81 ,0.216271, 0.0040088,0.77972,0.783729
0.04,0.82 ,0.208854, 0.00400917,0.787136,0.791146
0.04,0.83 ,0.201715, 0.00400954,0.794275,0.798285
0.04,0.84 ,0.194842, 0.00400992,0.801148,0.805158
0.04,0.85 ,0.188223, 0.0040103,0.807766,0.811777
0.04,0.86 ,0.181848, 0.00401069,0.814141,0.818152
0.04,0.87 ,0.175705, 0.00401108,0.820283,0.824295
0.04,0.88 ,0.169786, 0.00401148,0.826202,0.830214
0.04,0.89 ,0.164081, 0.00401188,0.831907,0.835919
0.04,0.9 ,0.15858, 0.00401228,0.837408,0.84142
0.04,0.91 ,0.153276, 0.00401269,0.842711,0.846724
0.04,0.92 ,0.148161, 0.00401311,0.847826,0.851839
0.04,0.93 ,0.143226, 0.00401353,0.852761,0.856774
0.04,0.94 ,0.138465, 0.00401395,0.857521,0.861535
0.04,0.95 ,0.13387, 0.00401438,0.862115,0.86613
0.04,0.96 ,0.129436, 0.00401482,0.866549,0.870564
0.04,0.97 ,0.125155, 0.00401526,0.870829,0.874845
0.04,0.98 ,0.121022, 0.0040157,0.874962,0.878978
0.04,0.99 ,0.117032, 0.00401615,0.878952,0.882968
0.04,1 ,0.113177, 0.00401661,0.882806,0.886823
0.05,0 ,0.993766, 0.00399043,0.00224336,0.00623379
0.05,0.01 ,0.993731, 0.00399061,0.00227835,0.00626896
0.05,0.02 ,0.993694, 0.0039908,0.00231504,0.00630583
0.05,0.03 ,0.993655, 0.00399098,0.00235356,0.00634454
0.05,0.04 ,0.993615, 0.00399116,0.00239405,0.00638521
0.05,0.05 ,0.993572, 0.00399135,0.00243666,0.00642801
0.05,0.06 ,0.993527, 0.00399154,0.00248158,0.00647312
0.05,0.07 ,0.993479, 0.00399172,0.00252899,0.00652072
0.05,0.08 ,0.993429, 0.00399191,0.00257912,0.00657103
0.05,0.09 ,0.993376, 0.0039921,0.00263219,0.0066243
0.05,0.1 ,0.993319, 0.0039923,0.0026885,0.00668079
0.05,0.11 ,0.993259, 0.00399249,0.00274833,0.00674082
0.05,0.12 ,0.993195, 0.00399269,0.00281204,0.00680473
0.05,0.13 ,0.993127, 0.00399288,0.00288002,0.0068729
0.05,0.14 ,0.993054, 0.00399308,0.00295272,0.0069458
0.05,0.15 ,0.992976, 0.00399328,0.00303065,0.00702393
0.05,0.16 ,0.992892, 0.00399348,0.0031144,0.00710788
0.05,0.17 ,0.992802, 0.00399369,0.00320465,0.00719834
0.05,0.18 ,0.992704, 0.00399389,0.0033022,0.00729609
0.05,0.19 ,0.992598, 0.0039941,0.00340796,0.00740206
0.05,0.2 ,0.992483, 0.00399431,0.00352304,0.00751734
0.05,0.21 ,0.992357, 0.00399452,0.00364871,0.00764323
0.05,0.22 ,0.992219, 0.00399473,0.00378653,0.00778125
0.05,0.23 ,0.992067, 0.00399494,0.00393833,0.00793327
0.05,0.24 ,0.991898, 0.00399516,0.00410638,0.00810154
0.05,0.25 ,0.991711, 0.00399537,0.00429343,0.0082888
0.05,0.26 ,0.991502, 0.00399559,0.00450288,0.00849847
0.05,0.27 ,0.991265, 0.00399581,0.00473902,0.00873483
0.05,0.28 ,0.990997, 0.00399603,0.00500728,0.00900331
0.05,0.29 ,0.990689, 0.00399626,0.00531466,0.00931092
0.05,0.3 ,0.990333, 0.00399648,0.00567036,0.00966684
0.05,0.31 ,0.989917, 0.00399671,0.00608664,0.0100834
0.05,0.32 ,0.989423, 0.00399694,0.00658027,0.0105772
0.05,0.33 ,0.988828, 0.00399717,0.00717472,0.0111719
0.05,0.34 ,0.988099, 0.0039974,0.00790384,0.0119012
0.05,0.35 ,0.987184, 0.00399764,0.00881816,0.0128158
0.05,0.36 ,0.986006, 0.00399788,0.0099962,0.0139941
0.05,0.37 ,0.984436, 0.00399811,0.011566,0.0155642
0.05,0.38 ,0.982253, 0.00399836,0.0137487,0.017747
0.05,0.39 ,0.979051, 0.0039986,0.0169505,0.0209491
0.05,0.4 ,0.974035, 0.00399884,0.021966,0.0259649
0.05,0.41 ,0.96562, 0.00399909,0.0303809,0.03438
0.05,0.42 ,0.951075, 0.00399934,0.0449252,0.0489245
0.05,0.43 ,0.928009, 0.00399959,0.0679916,0.0719912
0.05,0.44 ,0.897752, 0.00399985,0.0982478,0.102248
0.05,0.45 ,0.864043, 0.0040001,0.131957,0.135957
0.05,0.46 ,0.829572, 0.00400036,0.166428,0.170428
0.05,0.47 ,0.795639, 0.00400062,0.200361,0.204361
0.05,0.48 ,0.762802, 0.00400089,0.233197,0.237198
0.05,0.49 ,0.731284, 0.00400115,0.264715,0.268716
0.05,0.5 ,0.701155, 0.00400142,0.294843,0.298845
0.05,0.51 ,0.672414, 0.00400169,0.323584,0.327586
0.05,0.52 ,0.645025, 0.00400197,0.350973,0.354975
0.05,0.53 ,0.618934, 0.00400224,0.377064,0.381066
0.05,0.54 ,0.594082, 0.00400252,0.401915,0.405918
0.05,0.55 ,0.570407, 0.0040028,0.42559,0.429593
0.05,0.56 ,0.547847, 0.00400309,0.44815,0.452153
0.05,0.57 ,0.526342, 0.00400337,0.469655,0.473658
0.05,0.58 ,0.505834, 0.00400366,0.490162,0.494166
0.05,0.59 ,0.486269, 0.00400396,0.509727,0.513731
0.05,0.6 ,0.467595, 0.00400425,0.528401,0.532405
0.05,0.61 ,0.449764, 0.00400455,0.546232,0.550236
0.05,0.62 ,0.432729, 0.00400485,0.563267,0.567271
0.05,0.63 ,0.416447, 0.00400515,0.579547,0.583553
0.05,0.64 ,0.40088, 0.00400546,0.595115,0.59912
0.05,0.65 ,0.385988, 0.00400577,0.610007,0.614012
0.05,0.66 ,0.371736, 0.00400608,0.624258,0.628264
0.05,0.67 ,0.358091, 0.0040064,0.637903,0.641909
0.05,0.68 ,0.345022, 0.00400672,0.650972,0.654978
0.05,0.69 ,0.332499, 0.00400704,0.663494,0.667501
0.05,0.7 ,0.320495, 0.00400737,0.675497,0.679505
0.05,0.71 ,0.308985, 0.0040077,0.687008,0.691015
0.05,0.72 ,0.297943, 0.00400803,0.698049,0.702057
0.05,0.73 ,0.287347, 0.00400837,0.708645,0.712653
0.05,0.74 ,0.277175, 0.00400871,0.718816,0.722825
0.05,0.75 ,0.267408, 0.00400905,0.728583,0.732592
0.05,0.76 ,0.258026, 0.0040094,0.737965,0.741974
0.05,0.77 ,0.24901, 0.00400975,0.74698,0.75099
0.05,0.78 ,0.240345, 0.0040101,0.755645,0.759655
0.05,0.79 ,0.232014, 0.00401046,0.763976,0.767986
0.05,0.8 ,0.224001, 0.00401082,0.771988,0.775999
0.05,0.81 ,0.216293, 0.00401119,0.779696,0.783707
0.05,0.82 ,0.208875, 0.00401156,0.787113,0.791125
0.05,0.83 ,0.201736, 0.00401193,0.794252,0.798264
0.05,0.84 ,0.194862, 0.00401231,0.801125,0.805138
0.05,0.85 ,0.188243, 0.0040127,0.807744,0.811757
0.05,0.86 ,0.181867, 0.00401308,0.81412,0.818133
0.05,0.87 ,0.175724, 0.00401347,0.820262,0.824276
0.05,0.88 ,0.169805, 0.00401387,0.826181,0.830195
0.05,0.89 ,0.164099, 0.00401427,0.831887,0.835901
0.05,0.9 ,0.158598, 0.00401468,0.837387,0.841402
0.05,0.91 ,0.153294, 0.00401509,0.842691,0.846706
0.05,0.92 ,0.148178, 0.0040155,0.847807,0.851822
0.05,0.93 ,0.143243, 0.00401592,0.852742,0.856757
0.05,0.94 ,0.138481, 0.00401634,0.857503,0.861519
0.05,0.95 ,0.133886, 0.00401677,0.862097,0.866114
0.05,0.96 ,0.129452, 0.00401721,0.866531,0.870548
0.05,0.97 ,0.125171, 0.00401765,0.870812,0.874829
0.05,0.98 ,0.121037, 0.00401809,0.874945,0.878963
0.05,0.99 ,0.117046, 0.00401854,0.878935,0.882954
0.05,1 ,0.113192, 0.004019,0.882789,0.886808
0.06,0 ,0.99371, 0.00399284,0.00229762,0.00629046
0.06,0.01 ,0.993674, 0.00399302,0.00233261,0.00632563
0.06,0.02 ,0.993637, 0.00399321,0.0023693,0.00636251
0.06,0.03 ,0.993599, 0.00399339,0.00240782,0.00640121
0.06,0.04 ,0.993558, 0.00399357,0.0024483,0.00644188
0.06,0.05 ,0.993515, 0.00399376,0.00249092,0.00648467
0.06,0.06 ,0.99347, 0.00399395,0.00253583,0.00652978
0.06,0.07 ,0.993423, 0.00399413,0.00258324,0.00657737
0.06,0.08 ,0.993372, 0.00399432,0.00263336,0.00662768
0.06,0.09 ,0.993319, 0.00399452,0.00268643,0.00668095
0.06,0.1 ,0.993263, 0.00399471,0.00274273,0.00673744
0.06,0.11 ,0.993203, 0.0039949,0.00280256,0.00679746
0.06,0.12 ,0.993139, 0.0039951,0.00286626,0.00686136
0.06,0.13 ,0.99307, 0.00399529,0.00293424,0.00692953
0.06,0.14 ,0.992998, 0.00399549,0.00300693,0.00700242
0.06,0.15 ,0.992919, 0.00399569,0.00308485,0.00708055
0.06,0.16 ,0.992836, 0.00399589,0.00316859,0.00716449
0.06,0.17 ,0.992745, 0.0039961,0.00325884,0.00725493
0.06,0.18 ,0.992647, 0.0039963,0.00335637,0.00735267
0.06,0.19 ,0.992541, 0.00399651,0.00346212,0.00745863
0.06,0.2 ,0.992426, 0.00399672,0.00357719,0.0075739
0.06,0.21 ,0.9923, 0.00399693,0.00370284,0.00769977
0.06,0.22 ,0.992162, 0.00399714,0.00384064,0.00783778
0.06,0.23 ,0.99201, 0.00399735,0.00399242,0.00798978
0.06,0.24 ,0.991842, 0.00399757,0.00416044,0.00815801
0.06,0.25 ,0.991655, 0.00399778,0.00434746,0.00834524
0.06,0.26 ,0.991445, 0.003998,0.00455687,0.00855487
0.06,0.27 ,0.991209, 0.00399822,0.00479296,0.00879118
0.06,0.28 ,0.99094, 0.00399844,0.00506116,0.0090596
0.06,0.29 ,0.990633, 0.00399867,0.00536847,0.00936714
0.06,0.3 ,0.990277, 0.00399889,0.00572407,0.00972296
0.06,0.31 ,0.989861, 0.00399912,0.00614023,0.0101393
0.06,0.32 ,0.989367, 0.00399935,0.00663369,0.010633
0.06,0.33 ,0.988773, 0.00399958,0.00722791,0.0112275
0.06,0.34 ,0.988043, 0.00399981,0.00795672,0.0119565
0.06,0.35 ,0.987129, 0.00400005,0.0088706,0.0128706
0.06,0.36 ,0.985952, 0.00400028,0.010048,0.0140483
0.06,0.37 ,0.984383, 0.00400052,0.0116168,0.0156173
0.06,0.38 ,0.982201, 0.00400077,0.0137977,0.0177985
0.06,0.39 ,0.979002, 0.00400101,0.0169965,0.0209976
0.06,0.4 ,0.973992, 0.00400125,0.0220065,0.0260077
0.06,0.41 ,0.965588, 0.0040015,0.0304102,0.0344117
0.06,0.42 ,0.951063, 0.00400175,0.0449351,0.0489368
0.06,0.43 ,0.92802, 0.004002,0.0679781,0.0719801
0.06,0.44 ,0.897781, 0.00400226,0.0982172,0.102219
0.06,0.45 ,0.86408, 0.00400251,0.131918,0.13592
0.06,0.46 ,0.829613, 0.00400277,0.166384,0.170387
0.06,0.47 ,0.795682, 0.00400303,0.200315,0.204318
0.06,0.48 ,0.762845, 0.0040033,0.233151,0.237155
0.06,0.49 ,0.731327, 0.00400356,0.264669,0.268673
0.06,0.5 ,0.701198, 0.00400383,0.294798,0.298802
0.06,0.51 ,0.672457, 0.0040041,0.323539,0.327543
0.06,0.52 ,0.645066, 0.00400438,0.350929,0.354934
0.06,0.53 ,0.618975, 0.00400465,0.37702,0.381025
0.06,0.54 ,0.594123, 0.00400493,0.401873,0.405877
0.06,0.55 ,0.570447, 0.00400521,0.425548,0.429553
0.06,0.56 ,0.547886, 0.0040055,0.448109,0.452114
0.06,0.57 ,0.52638, 0.00400578,0.469614,0.47362
0.06,0.58 ,0.505871, 0.00400607,0.490123,0.494129
0.06,0.59 ,0.486305, 0.00400636,0.509688,0.513695
0.06,0.6 ,0.46763, 0.00400666,0.528363,0.53237
0.06,0.61 ,0.449798, 0.00400696,0.546195,0.550202
0.06,0.62 ,0.432762, 0.00400726,0.56323,0.567238
0.06,0.63 ,0.41648, 0.00400756,0.579512,0.58352
0.06,0.64 ,0.400912, 0.00400787,0.59508,0.599088
0.06,0.65 ,0.386019, 0.00400818,0.609973,0.613981
0.06,0.66 ,0.371767, 0.00400849,0.624225,0.628233
0.06,0.67 ,0.358121, 0.00400881,0.63787,0.641879
0.06,0.68 ,0.345051, 0.00400913,0.65094,0.654949
0.06,0.69 ,0.332528, 0.00400945,0.663463,0.667472
0.06,0.7 ,0.320523, 0.00400978,0.675467,0.679477
0.06,0.71 ,0.309012, 0.00401011,0.686978,0.690988
0.06,0.72 ,0.29797, 0.00401044,0.69802,0.70203
0.06,0.73 ,0.287373, 0.00401077,0.708616,0.712627
0.06,0.74 ,0.277201, 0.00401111,0.718788,0.722799
0.06,0.75 ,0.267433, 0.00401146,0.728555,0.732567
0.06,0.76 ,0.258051, 0.0040118,0.737938,0.741949
0.06,0.77 ,0.249035, 0.00401216,0.746953,0.750965
0.06,0.78 ,0.240369, 0.00401251,0.755619,0.759631
0.06,0.79 ,0.232037, 0.00401287,0.76395,0.767963
0.06,0.8 ,0.224024, 0.00401323,0.771963,0.775976
0.06,0.81 ,0.216315, 0.0040136,0.779671,0.783685
0.06,0.82 ,0.208897, 0.00401397,0.787089,0.791103
0.06,0.83 ,0.201757, 0.00401434,0.794228,0.798243
0.06,0.84 ,0.194883, 0.00401472,0.801102,0.805117
0.06,0.85 ,0.188264, 0.0040151,0.807721,0.811736
0.06,0.86 ,0.181887, 0.00401549,0.814097,0.818113
0.06,0.87 ,0.175744, 0.00401588,0.82024,0.824256
0.06,0.88 ,0.169824, 0.00401628,0.82616,0.830176
0.06,0.89 ,0.164118, 0.00401668,0.831866,0.835882
0.06,0.9 ,0.158616, 0.00401708,0.837367,0.841384
0.06,0.91 ,0.153311, 0.00401749,0.842671,0.846689
0.06,0.92 ,0.148195, 0.00401791,0.847787,0.851805
0.06,0.93 ,0.14326, 0.00401833,0.852722,0.85674
0.06,0.94 ,0.138498, 0.00401875,0.857483,0.861502
0.06,0.95 ,0.133903, 0.00401918,0.862078,0.866097
0.06,0.96 ,0.129468, 0.00401961,0.866513,0.870532
0.06,0.97 ,0.125186, 0.00402005,0.870794,0.874814
0.06,0.98 ,0.121053, 0.0040205,0.874927,0.878947
0.06,0.99 ,0.117061, 0.00402095,0.878918,0.882939
0.06,1 ,0.113207, 0.0040214,0.882772,0.886793
0.07,0 ,0.993651, 0.00399527,0.002354,0.00634927
0.07,0.01 ,0.993616, 0.00399545,0.00238899,0.00638444
0.07,0.02 ,0.993579, 0.00399563,0.00242567,0.00642131
0.07,0.03 ,0.99354, 0.00399582,0.00246419,0.00646001
0.07,0.04 ,0.993499, 0.003996,0.00250467,0.00650067
0.07,0.05 ,0.993457, 0.00399619,0.00254728,0.00654347
0.07,0.06 ,0.993411, 0.00399637,0.00259219,0.00658857
0.07,0.07 ,0.993364, 0.00399656,0.0026396,0.00663616
0.07,0.08 ,0.993314, 0.00399675,0.00268972,0.00668647
0.07,0.09 ,0.99326, 0.00399694,0.00274278,0.00673973
0.07,0.1 ,0.993204, 0.00399714,0.00279908,0.00679621
0.07,0.11 ,0.993144, 0.00399733,0.0028589,0.00685623
0.07,0.12 ,0.99308, 0.00399752,0.0029226,0.00692013
0.07,0.13 ,0.993012, 0.00399772,0.00299057,0.00698829
0.07,0.14 ,0.992939, 0.00399792,0.00306326,0.00706118
0.07,0.15 ,0.992861, 0.00399812,0.00314117,0.00713929
0.07,0.16 ,0.992777, 0.00399832,0.0032249,0.00722323
0.07,0.17 ,0.992686, 0.00399853,0.00331514,0.00731366
0.07,0.18 ,0.992589, 0.00399873,0.00341266,0.00741139
0.07,0.19 ,0.992483, 0.00399894,0.0035184,0.00751734
0.07,0.2 ,0.992367, 0.00399914,0.00363345,0.00763259
0.07,0.21 ,0.992242, 0.00399935,0.00375909,0.00775844
0.07,0.22 ,0.992104, 0.00399957,0.00389686,0.00789643
0.07,0.23 ,0.991952, 0.00399978,0.00404862,0.0080484
0.07,0.24 ,0.991783, 0.00399999,0.00421661,0.00821661
0.07,0.25 ,0.991596, 0.00400021,0.00440359,0.0084038
0.07,0.26 ,0.991387, 0.00400043,0.00461296,0.00861339
0.07,0.27 ,0.99115, 0.00400065,0.004849,0.00884965
0.07,0.28 ,0.990882, 0.00400087,0.00511714,0.00911801
0.07,0.29 ,0.990575, 0.00400109,0.00542437,0.00942547
0.07,0.3 ,0.990219, 0.00400132,0.00577987,0.00978119
0.07,0.31 ,0.989803, 0.00400155,0.0061959,0.0101974
0.07,0.32 ,0.989309, 0.00400178,0.00668919,0.010691
0.07,0.33 ,0.988715, 0.00400201,0.00728319,0.0112852
0.07,0.34 ,0.987986, 0.00400224,0.00801168,0.0120139
0.07,0.35 ,0.987072, 0.00400247,0.0089251,0.0129276
0.07,0.36 ,0.985895, 0.00400271,0.0101018,0.0141045
0.07,0.37 ,0.984327, 0.00400295,0.0116696,0.0156725
0.07,0.38 ,0.982148, 0.00400319,0.0138487,0.0178519
0.07,0.39 ,0.978952, 0.00400344,0.0170444,0.0210479
0.07,0.4 ,0.973948, 0.00400368,0.0220485,0.0260522
0.07,0.41 ,0.965555, 0.00400393,0.0304408,0.0344448
0.07,0.42 ,0.95105, 0.00400418,0.0449456,0.0489498
0.07,0.43 ,0.928031, 0.00400443,0.0679642,0.0719686
0.07,0.44 ,0.89781, 0.00400468,0.0981856,0.10219
0.07,0.45 ,0.864118, 0.00400494,0.131877,0.135882
0.07,0.46 ,0.829656, 0.0040052,0.166339,0.170344
0.07,0.47 ,0.795726, 0.00400546,0.200268,0.204274
0.07,0.48 ,0.76289, 0.00400572,0.233104,0.23711
0.07,0.49 ,0.731372, 0.00400599,0.264622,0.268628
0.07,0.5 ,0.701243, 0.00400626,0.294751,0.298757
0.07,0.51 ,0.672501, 0.00400653,0.323493,0.327499
0.07,0.52 ,0.64511, 0.0040068,0.350883,0.35489
0.07,0.53 ,0.619018, 0.00400708,0.376975,0.380982
0.07,0.54 ,0.594164, 0.00400736,0.401828,0.405836
0.07,0.55 ,0.570487, 0.00400764,0.425505,0.429513
0.07,0.56 ,0.547926, 0.00400792,0.448066,0.452074
0.07,0.57 ,0.526419, 0.00400821,0.469573,0.473581
0.07,0.58 ,0.505909, 0.0040085,0.490082,0.494091
0.07,0.59 ,0.486343, 0.00400879,0.509649,0.513657
0.07,0.6 ,0.467667, 0.00400908,0.528324,0.532333
0.07,0.61 ,0.449834, 0.00400938,0.546157,0.550166
0.07,0.62 ,0.432797, 0.00400968,0.563193,0.567203
0.07,0.63 ,0.416515, 0.00400999,0.579475,0.583485
0.07,0.64 ,0.400945, 0.00401029,0.595044,0.599055
0.07,0.65 ,0.386052, 0.0040106,0.609938,0.613948
