Betapv,Betamv,V,Rs,Rv,P
0,0 ,0.869656, 0.128344,0.002,0.130344
0,0.01 ,0.865399, 0.130189,0.00441179,0.134601
0,0.02 ,0.860779, 0.132105,0.00711623,0.139221
0,0.03 ,0.855757, 0.134093,0.0101504,0.144243
0,0.04 ,0.850289, 0.136155,0.0135564,0.149711
0,0.05 ,0.844326, 0.138293,0.0173816,0.155674
0,0.06 ,0.837813, 0.140507,0.0216794,0.162187
0,0.07 ,0.83069, 0.1428,0.0265096,0.16931
0,0.08 ,0.82289, 0.145171,0.0319387,0.17711
0,0.09 ,0.81434, 0.14762,0.0380403,0.18566
0,0.1 ,0.80496, 0.150145,0.0448947,0.19504
0,0.11 ,0.794666, 0.152746,0.0525882,0.205334
0,0.12 ,0.78337, 0.155418,0.0612116,0.21663
0,0.13 ,0.770982, 0.15816,0.0708578,0.229018
0,0.14 ,0.757417, 0.160965,0.0816175,0.242583
0,0.15 ,0.742597, 0.163828,0.0935743,0.257403
0,0.16 ,0.726461, 0.166743,0.106797,0.273539
0,0.17 ,0.708969, 0.1697,0.121331,0.291031
0,0.18 ,0.690119, 0.172691,0.13719,0.309881
0,0.19 ,0.669948, 0.175708,0.154345,0.330052
0,0.2 ,0.648541, 0.178739,0.17272,0.351459
0,0.21 ,0.626036, 0.181775,0.192189,0.373964
0,0.22 ,0.602616, 0.184807,0.212577,0.397384
0,0.23 ,0.578502, 0.187824,0.233674,0.421498
0,0.24 ,0.55394, 0.190819,0.255242,0.44606
0,0.25 ,0.529182, 0.193783,0.277035,0.470818
0,0.26 ,0.504474, 0.19671,0.298816,0.495526
0,0.27 ,0.480041, 0.199594,0.320365,0.519959
0,0.28 ,0.456074, 0.202431,0.341494,0.543926
0,0.29 ,0.432735, 0.205218,0.362047,0.567265
0,0.3 ,0.410147, 0.207951,0.381903,0.589853
0,0.31 ,0.388399, 0.210629,0.400972,0.611601
0,0.32 ,0.367551, 0.213251,0.419197,0.632449
0,0.33 ,0.34764, 0.215817,0.436542,0.65236
0,0.34 ,0.328679, 0.218327,0.452994,0.671321
0,0.35 ,0.310665, 0.220782,0.468553,0.689335
0,0.36 ,0.293585, 0.223182,0.483233,0.706415
0,0.37 ,0.277415, 0.225527,0.497058,0.722585
0,0.38 ,0.262123, 0.227821,0.510056,0.737877
0,0.39 ,0.247677, 0.230063,0.52226,0.752323
0,0.4 ,0.234038, 0.232256,0.533706,0.765962
0,0.41 ,0.221168, 0.2344,0.544432,0.778832
0,0.42 ,0.209028, 0.236497,0.554475,0.790972
0,0.43 ,0.197579, 0.23855,0.563872,0.802421
0,0.44 ,0.186782, 0.240558,0.572659,0.813218
0,0.45 ,0.176602, 0.242525,0.580873,0.823398
0,0.46 ,0.167003, 0.244451,0.588546,0.832997
0,0.47 ,0.157951, 0.246337,0.595712,0.842049
0,0.48 ,0.149414, 0.248185,0.602401,0.850586
0,0.49 ,0.141361, 0.249997,0.608642,0.858639
0,0.5 ,0.133764, 0.251773,0.614463,0.866236
0,0.51 ,0.126596, 0.253514,0.61989,0.873404
0,0.52 ,0.11983, 0.255223,0.624947,0.88017
0,0.53 ,0.113443, 0.2569,0.629657,0.886557
0,0.54 ,0.107412, 0.258546,0.634042,0.892588
0,0.55 ,0.101717, 0.260162,0.638121,0.898283
0,0.56 ,0.0963369, 0.261749,0.641914,0.903663
0,0.57 ,0.0912536, 0.263309,0.645438,0.908746
0,0.58 ,0.0864495, 0.264841,0.64871,0.913551
0,0.59 ,0.0819084, 0.266347,0.651744,0.918092
0,0.6 ,0.0776149, 0.267828,0.654557,0.922385
0,0.61 ,0.0735548, 0.269285,0.657161,0.926445
0,0.62 ,0.0697145, 0.270717,0.659568,0.930286
0,0.63 ,0.0660814, 0.272127,0.661792,0.933919
0,0.64 ,0.0626438, 0.273514,0.663842,0.937356
0,0.65 ,0.0593906, 0.27488,0.66573,0.940609
0,0.66 ,0.0563112, 0.276224,0.667464,0.943689
0,0.67 ,0.0533961, 0.277549,0.669055,0.946604
0,0.68 ,0.050636, 0.278853,0.670511,0.949364
0,0.69 ,0.0480223, 0.280138,0.67184,0.951978
0,0.7 ,0.0455469, 0.281404,0.673049,0.954453
0,0.71 ,0.0432022, 0.282652,0.674145,0.956798
0,0.72 ,0.0409811, 0.283883,0.675136,0.959019
0,0.73 ,0.0388767, 0.285096,0.676027,0.961123
0,0.74 ,0.0368829, 0.286292,0.676825,0.963117
0,0.75 ,0.0349936, 0.287472,0.677534,0.965006
0,0.76 ,0.0332032, 0.288636,0.67816,0.966797
0,0.77 ,0.0315064, 0.289785,0.678709,0.968494
0,0.78 ,0.0298982, 0.290919,0.679183,0.970102
0,0.79 ,0.0283739, 0.292037,0.679589,0.971626
0,0.8 ,0.0269291, 0.293142,0.679929,0.973071
0,0.81 ,0.0255596, 0.294232,0.680208,0.97444
0,0.82 ,0.0242614, 0.295309,0.68043,0.975739
0,0.83 ,0.0230307, 0.296372,0.680597,0.976969
0,0.84 ,0.0218642, 0.297422,0.680714,0.978136
0,0.85 ,0.0207583, 0.29846,0.680782,0.979242
0,0.86 ,0.01971, 0.299485,0.680805,0.98029
0,0.87 ,0.0187162, 0.300498,0.680786,0.981284
0,0.88 ,0.0177742, 0.301499,0.680727,0.982226
0,0.89 ,0.0168813, 0.302488,0.68063,0.983119
0,0.9 ,0.0160349, 0.303466,0.680499,0.983965
0,0.91 ,0.0152327, 0.304433,0.680334,0.984767
0,0.92 ,0.0144723, 0.305389,0.680138,0.985528
0,0.93 ,0.0137517, 0.306335,0.679914,0.986248
0,0.94 ,0.0130687, 0.30727,0.679662,0.986931
0,0.95 ,0.0124216, 0.308195,0.679384,0.987578
0,0.96 ,0.0118083, 0.309109,0.679082,0.988192
0,0.97 ,0.0112272, 0.310014,0.678758,0.988773
0,0.98 ,0.0106767, 0.31091,0.678414,0.989323
0,0.99 ,0.0101552, 0.311796,0.678049,0.989845
0,1 ,0.0096612, 0.312673,0.677666,0.990339
0.01,0 ,0.868027, 0.129079,0.00289346,0.131973
0.01,0.01 ,0.863793, 0.130912,0.00529507,0.136207
0.01,0.02 ,0.859197, 0.132815,0.0079878,0.140803
0.01,0.03 ,0.854201, 0.13479,0.0110085,0.145799
0.01,0.04 ,0.848762, 0.136839,0.0143989,0.151238
0.01,0.05 ,0.842831, 0.138963,0.0182061,0.157169
0.01,0.06 ,0.836354, 0.141163,0.0224831,0.163646
0.01,0.07 ,0.82927, 0.143441,0.0272892,0.17073
0.01,0.08 ,0.821514, 0.145796,0.0326905,0.178486
0.01,0.09 ,0.813011, 0.148229,0.03876,0.186989
0.01,0.1 ,0.803685, 0.150738,0.0455774,0.196315
0.01,0.11 ,0.79345, 0.153322,0.0532284,0.20655
0.01,0.12 ,0.782219, 0.155978,0.0618033,0.217781
0.01,0.13 ,0.769903, 0.158702,0.0713943,0.230097
0.01,0.14 ,0.756418, 0.16149,0.0820918,0.243582
0.01,0.15 ,0.741685, 0.164336,0.093979,0.258315
0.01,0.16 ,0.725642, 0.167233,0.107125,0.274358
0.01,0.17 ,0.708251, 0.170173,0.121576,0.291749
0.01,0.18 ,0.689506, 0.173148,0.137346,0.310494
0.01,0.19 ,0.669444, 0.176148,0.154408,0.330556
0.01,0.2 ,0.648148, 0.179164,0.172689,0.351852
0.01,0.21 ,0.625752, 0.182185,0.192063,0.374248
0.01,0.22 ,0.602438, 0.185201,0.212361,0.397562
0.01,0.23 ,0.578423, 0.188205,0.233372,0.421577
0.01,0.24 ,0.553952, 0.191186,0.254862,0.446048
0.01,0.25 ,0.529276, 0.194137,0.276587,0.470724
0.01,0.26 ,0.504639, 0.197052,0.298309,0.495361
0.01,0.27 ,0.480265, 0.199925,0.31981,0.519735
0.01,0.28 ,0.456349, 0.202751,0.3409,0.543651
0.01,0.29 ,0.43305, 0.205528,0.361423,0.56695
0.01,0.3 ,0.410492, 0.208251,0.381256,0.589508
0.01,0.31 ,0.388768, 0.210921,0.400311,0.611232
0.01,0.32 ,0.367938, 0.213535,0.418528,0.632062
0.01,0.33 ,0.348038, 0.216093,0.43587,0.651962
0.01,0.34 ,0.329083, 0.218595,0.452322,0.670917
0.01,0.35 ,0.311072, 0.221043,0.467885,0.688928
0.01,0.36 ,0.293991, 0.223436,0.482573,0.706009
0.01,0.37 ,0.277818, 0.225775,0.496407,0.722182
0.01,0.38 ,0.262522, 0.228062,0.509416,0.737478
0.01,0.39 ,0.248069, 0.230299,0.521633,0.751931
0.01,0.4 ,0.234422, 0.232486,0.533092,0.765578
0.01,0.41 ,0.221543, 0.234625,0.543832,0.778457
0.01,0.42 ,0.209393, 0.236717,0.553889,0.790607
0.01,0.43 ,0.197934, 0.238765,0.563301,0.802066
0.01,0.44 ,0.187127, 0.240769,0.572104,0.812873
0.01,0.45 ,0.176937, 0.242731,0.580332,0.823063
0.01,0.46 ,0.167327, 0.244652,0.588021,0.832673
0.01,0.47 ,0.158264, 0.246534,0.595201,0.841736
0.01,0.48 ,0.149716, 0.248379,0.601905,0.850284
0.01,0.49 ,0.141653, 0.250186,0.60816,0.858347
0.01,0.5 ,0.134046, 0.251959,0.613996,0.865954
0.01,0.51 ,0.126867, 0.253697,0.619436,0.873133
0.01,0.52 ,0.120091, 0.255402,0.624507,0.879909
0.01,0.53 ,0.113694, 0.257076,0.62923,0.886306
0.01,0.54 ,0.107654, 0.258719,0.633627,0.892346
0.01,0.55 ,0.10195, 0.260332,0.637719,0.89805
0.01,0.56 ,0.0965608, 0.261916,0.641523,0.903439
0.01,0.57 ,0.0914687, 0.263472,0.645059,0.908531
0.01,0.58 ,0.0866563, 0.265002,0.648342,0.913344
0.01,0.59 ,0.082107, 0.266505,0.651388,0.917893
0.01,0.6 ,0.0778057, 0.267984,0.654211,0.922194
0.01,0.61 ,0.0737379, 0.269438,0.656825,0.926262
0.01,0.62 ,0.0698903, 0.270868,0.659242,0.93011
0.01,0.63 ,0.0662502, 0.272275,0.661475,0.93375
0.01,0.64 ,0.0628057, 0.27366,0.663534,0.937194
0.01,0.65 ,0.0595459, 0.275023,0.665431,0.940454
0.01,0.66 ,0.0564603, 0.276366,0.667174,0.94354
0.01,0.67 ,0.053539, 0.277688,0.668773,0.946461
0.01,0.68 ,0.050773, 0.27899,0.670237,0.949227
0.01,0.69 ,0.0481537, 0.280273,0.671573,0.951846
0.01,0.7 ,0.0456728, 0.281537,0.67279,0.954327
0.01,0.71 ,0.0433229, 0.282783,0.673894,0.956677
0.01,0.72 ,0.0410968, 0.284012,0.674891,0.958903
0.01,0.73 ,0.0389876, 0.285223,0.675789,0.961012
0.01,0.74 ,0.0369891, 0.286418,0.676593,0.963011
0.01,0.75 ,0.0350954, 0.287596,0.677309,0.964905
0.01,0.76 ,0.0333007, 0.288758,0.677941,0.966699
0.01,0.77 ,0.0315997, 0.289905,0.678495,0.9684
0.01,0.78 ,0.0299876, 0.291037,0.678975,0.970012
0.01,0.79 ,0.0284595, 0.292154,0.679386,0.97154
0.01,0.8 ,0.0270111, 0.293257,0.679732,0.972989
0.01,0.81 ,0.0256381, 0.294346,0.680016,0.974362
0.01,0.82 ,0.0243365, 0.295421,0.680242,0.975664
0.01,0.83 ,0.0231026, 0.296483,0.680414,0.976897
0.01,0.84 ,0.021933, 0.297532,0.680535,0.978067
0.01,0.85 ,0.0208241, 0.298568,0.680608,0.979176
0.01,0.86 ,0.019773, 0.299592,0.680635,0.980227
0.01,0.87 ,0.0187765, 0.300603,0.68062,0.981224
0.01,0.88 ,0.0178319, 0.301603,0.680565,0.982168
0.01,0.89 ,0.0169364, 0.302591,0.680472,0.983064
0.01,0.9 ,0.0160876, 0.303568,0.680344,0.983912
0.01,0.91 ,0.0152831, 0.304534,0.680183,0.984717
0.01,0.92 ,0.0145205, 0.305489,0.679991,0.985479
0.01,0.93 ,0.0137978, 0.306433,0.679769,0.986202
0.01,0.94 ,0.0131128, 0.307367,0.679521,0.986887
0.01,0.95 ,0.0124637, 0.30829,0.679246,0.987536
0.01,0.96 ,0.0118486, 0.309204,0.678948,0.988151
0.01,0.97 ,0.0112657, 0.310108,0.678626,0.988734
0.01,0.98 ,0.0107135, 0.311002,0.678284,0.989286
0.01,0.99 ,0.0101903, 0.311887,0.677922,0.98981
0.01,1 ,0.00969476, 0.312763,0.677542,0.990305
0.02,0 ,0.866291, 0.129842,0.00386679,0.133709
0.02,0.01 ,0.86208, 0.131662,0.00625741,0.13792
0.02,0.02 ,0.85751, 0.133552,0.00893756,0.14249
0.02,0.03 ,0.852542, 0.135514,0.0119438,0.147458
0.02,0.04 ,0.847134, 0.137548,0.0153177,0.152866
0.02,0.05 ,0.841237, 0.139658,0.0191057,0.158763
0.02,0.06 ,0.834796, 0.141843,0.0233607,0.165204
0.02,0.07 ,0.827754, 0.144105,0.0281413,0.172246
0.02,0.08 ,0.820042, 0.146444,0.0335133,0.179958
0.02,0.09 ,0.81159, 0.148861,0.039549,0.18841
0.02,0.1 ,0.802319, 0.151353,0.0463275,0.197681
0.02,0.11 ,0.792146, 0.15392,0.0539339,0.207854
0.02,0.12 ,0.780984, 0.156558,0.0624578,0.219016
0.02,0.13 ,0.768745, 0.159265,0.0719909,0.231255
0.02,0.14 ,0.755342, 0.162035,0.0826231,0.244658
0.02,0.15 ,0.7407, 0.164863,0.0944375,0.2593
0.02,0.16 ,0.724755, 0.167742,0.107503,0.275245
0.02,0.17 ,0.707469, 0.170664,0.121867,0.292531
0.02,0.18 ,0.688836, 0.173621,0.137543,0.311164
0.02,0.19 ,0.668888, 0.176604,0.154508,0.331112
0.02,0.2 ,0.647708, 0.179603,0.172689,0.352292
0.02,0.21 ,0.625428, 0.182608,0.191964,0.374572
0.02,0.22 ,0.602225, 0.185609,0.212166,0.397775
0.02,0.23 ,0.578316, 0.188597,0.233087,0.421684
0.02,0.24 ,0.553942, 0.191565,0.254494,0.446058
0.02,0.25 ,0.529352, 0.194503,0.276145,0.470648
0.02,0.26 ,0.504791, 0.197405,0.297804,0.495209
0.02,0.27 ,0.480481, 0.200266,0.319252,0.519519
0.02,0.28 ,0.456618, 0.203081,0.3403,0.543382
0.02,0.29 ,0.433362, 0.205847,0.360791,0.566638
0.02,0.3 ,0.410839, 0.208561,0.3806,0.589161
0.02,0.31 ,0.38914, 0.211221,0.399639,0.61086
0.02,0.32 ,0.368329, 0.213826,0.417845,0.631671
0.02,0.33 ,0.348441, 0.216376,0.435183,0.651559
0.02,0.34 ,0.329494, 0.218871,0.451635,0.670506
0.02,0.35 ,0.311487, 0.22131,0.467202,0.688513
0.02,0.36 ,0.294407, 0.223696,0.481897,0.705593
0.02,0.37 ,0.278231, 0.226029,0.49574,0.721769
0.02,0.38 ,0.26293, 0.22831,0.50876,0.73707
0.02,0.39 ,0.24847, 0.230541,0.520989,0.75153
0.02,0.4 ,0.234816, 0.232722,0.532463,0.765184
0.02,0.41 ,0.221928, 0.234855,0.543217,0.778072
0.02,0.42 ,0.209769, 0.236943,0.553289,0.790231
0.02,0.43 ,0.198299, 0.238985,0.562716,0.801701
0.02,0.44 ,0.187482, 0.240984,0.571534,0.812518
0.02,0.45 ,0.177281, 0.242942,0.579778,0.822719
0.02,0.46 ,0.16766, 0.244859,0.587481,0.83234
0.02,0.47 ,0.158586, 0.246737,0.594677,0.841414
0.02,0.48 ,0.150027, 0.248577,0.601396,0.849973
0.02,0.49 ,0.141953, 0.25038,0.607666,0.858047
0.02,0.5 ,0.134335, 0.252149,0.613516,0.865665
0.02,0.51 ,0.127146, 0.253884,0.618971,0.872854
0.02,0.52 ,0.12036, 0.255585,0.624055,0.87964
0.02,0.53 ,0.113953, 0.257255,0.628791,0.886047
0.02,0.54 ,0.107903, 0.258895,0.633202,0.892097
0.02,0.55 ,0.102189, 0.260505,0.637306,0.897811
0.02,0.56 ,0.0967909, 0.262086,0.641123,0.903209
0.02,0.57 ,0.0916899, 0.263639,0.644671,0.90831
0.02,0.58 ,0.0868688, 0.265166,0.647965,0.913131
0.02,0.59 ,0.0823111, 0.266667,0.651022,0.917689
0.02,0.6 ,0.0780017, 0.268142,0.653856,0.921998
0.02,0.61 ,0.0739261, 0.269594,0.65648,0.926074
0.02,0.62 ,0.0700709, 0.271021,0.658908,0.929929
0.02,0.63 ,0.0664235, 0.272426,0.661151,0.933577
0.02,0.64 ,0.062972, 0.273808,0.66322,0.937028
0.02,0.65 ,0.0597054, 0.275169,0.665125,0.940295
0.02,0.66 ,0.0566132, 0.276509,0.666877,0.943387
0.02,0.67 ,0.0536857, 0.277829,0.668485,0.946314
0.02,0.68 ,0.0509137, 0.279129,0.669957,0.949086
0.02,0.69 ,0.0482885, 0.28041,0.671301,0.951711
0.02,0.7 ,0.0458021, 0.281672,0.672525,0.954198
0.02,0.71 ,0.0434468, 0.282917,0.673637,0.956553
0.02,0.72 ,0.0412154, 0.284143,0.674641,0.958785
0.02,0.73 ,0.0391013, 0.285353,0.675546,0.960899
0.02,0.74 ,0.0370981, 0.286545,0.676357,0.962902
0.02,0.75 ,0.0351997, 0.287722,0.677079,0.9648
0.02,0.76 ,0.0334006, 0.288882,0.677717,0.966599
0.02,0.77 ,0.0316955, 0.290028,0.678277,0.968305
0.02,0.78 ,0.0300793, 0.291158,0.678763,0.969921
0.02,0.79 ,0.0285473, 0.292273,0.679179,0.971453
0.02,0.8 ,0.0270951, 0.293375,0.67953,0.972905
0.02,0.81 ,0.0257185, 0.294462,0.67982,0.974282
0.02,0.82 ,0.0244135, 0.295535,0.680051,0.975587
0.02,0.83 ,0.0231763, 0.296596,0.680228,0.976824
0.02,0.84 ,0.0220034, 0.297643,0.680353,0.977997
0.02,0.85 ,0.0208916, 0.298678,0.680431,0.979108
0.02,0.86 ,0.0198375, 0.2997,0.680462,0.980163
0.02,0.87 ,0.0188382, 0.30071,0.680451,0.981162
0.02,0.88 ,0.0178909, 0.301709,0.6804,0.982109
0.02,0.89 ,0.0169929, 0.302696,0.680311,0.983007
0.02,0.9 ,0.0161416, 0.303671,0.680187,0.983858
0.02,0.91 ,0.0153347, 0.304636,0.68003,0.984665
0.02,0.92 ,0.0145699, 0.305589,0.679841,0.98543
0.02,0.93 ,0.0138449, 0.306532,0.679623,0.986155
0.02,0.94 ,0.0131579, 0.307465,0.679377,0.986842
0.02,0.95 ,0.0125068, 0.308387,0.679106,0.987493
0.02,0.96 ,0.0118897, 0.3093,0.67881,0.98811
0.02,0.97 ,0.0113051, 0.310203,0.678492,0.988695
0.02,0.98 ,0.0107511, 0.311096,0.678153,0.989249
0.02,0.99 ,0.0102263, 0.31198,0.677794,0.989774
0.02,1 ,0.00972907, 0.312855,0.677416,0.990271
0.03,0 ,0.864438, 0.130634,0.00492803,0.135562
0.03,0.01 ,0.860252, 0.132441,0.00730677,0.139748
0.03,0.02 ,0.855709, 0.134318,0.00997337,0.144291
0.03,0.03 ,0.850771, 0.136265,0.0129642,0.149229
0.03,0.04 ,0.845395, 0.138285,0.0163202,0.154605
0.03,0.05 ,0.839533, 0.140379,0.020088,0.160467
0.03,0.06 ,0.833132, 0.142549,0.0243195,0.166868
0.03,0.07 ,0.826132, 0.144795,0.0290732,0.173868
0.03,0.08 ,0.818469, 0.147117,0.0344141,0.181531
0.03,0.09 ,0.81007, 0.149516,0.0404142,0.18993
0.03,0.1 ,0.800857, 0.151991,0.0471517,0.199143
0.03,0.11 ,0.790749, 0.15454,0.0547112,0.209251
0.03,0.12 ,0.779659, 0.15716,0.0631815,0.220341
0.03,0.13 ,0.767499, 0.159848,0.0726537,0.232501
0.03,0.14 ,0.754184, 0.162599,0.0832174,0.245816
0.03,0.15 ,0.739637, 0.165408,0.0949553,0.260363
0.03,0.16 ,0.723795, 0.168268,0.107936,0.276205
0.03,0.17 ,0.70662, 0.171172,0.122208,0.29338
0.03,0.18 ,0.688102, 0.174111,0.137787,0.311898
0.03,0.19 ,0.668275, 0.177076,0.154649,0.331725
0.03,0.2 ,0.647218, 0.180057,0.172724,0.352782
0.03,0.21 ,0.62506, 0.183045,0.191895,0.37494
0.03,0.22 ,0.601975, 0.18603,0.211995,0.398025
0.03,0.23 ,0.578177, 0.189003,0.232819,0.421823
0.03,0.24 ,0.553905, 0.191956,0.254139,0.446095
0.03,0.25 ,0.529408, 0.19488,0.275712,0.470592
0.03,0.26 ,0.504928, 0.197769,0.297303,0.495072
0.03,0.27 ,0.480687, 0.200618,0.318695,0.519313
0.03,0.28 ,0.456881, 0.203421,0.339697,0.543119
0.03,0.29 ,0.433672, 0.206176,0.360152,0.566328
0.03,0.3 ,0.411185, 0.20888,0.379935,0.588815
0.03,0.31 ,0.389515, 0.21153,0.398955,0.610485
0.03,0.32 ,0.368724, 0.214126,0.41715,0.631276
0.03,0.33 ,0.348851, 0.216667,0.434482,0.651149
0.03,0.34 ,0.329913, 0.219153,0.450934,0.670087
0.03,0.35 ,0.31191, 0.221586,0.466504,0.68809
0.03,0.36 ,0.294831, 0.223964,0.481205,0.705169
0.03,0.37 ,0.278653, 0.22629,0.495057,0.721347
0.03,0.38 ,0.263347, 0.228564,0.508088,0.736653
0.03,0.39 ,0.248882, 0.230788,0.52033,0.751118
0.03,0.4 ,0.235219, 0.232964,0.531817,0.764781
0.03,0.41 ,0.222323, 0.235092,0.542586,0.777677
0.03,0.42 ,0.210154, 0.237173,0.552673,0.789846
0.03,0.43 ,0.198674, 0.239211,0.562115,0.801326
0.03,0.44 ,0.187846, 0.241205,0.570949,0.812154
0.03,0.45 ,0.177634, 0.243157,0.579209,0.822366
0.03,0.46 ,0.168002, 0.24507,0.586928,0.831998
0.03,0.47 ,0.158917, 0.246943,0.59414,0.841083
0.03,0.48 ,0.150347, 0.248779,0.600874,0.849653
0.03,0.49 ,0.142262, 0.250579,0.607159,0.857738
0.03,0.5 ,0.134633, 0.252343,0.613024,0.865367
0.03,0.51 ,0.127432, 0.254074,0.618493,0.872568
0.03,0.52 ,0.120636, 0.255772,0.623592,0.879364
0.03,0.53 ,0.114219, 0.257439,0.628342,0.885781
0.03,0.54 ,0.108159, 0.259075,0.632766,0.891841
0.03,0.55 ,0.102435, 0.260681,0.636883,0.897565
0.03,0.56 ,0.0970273, 0.262259,0.640713,0.902973
0.03,0.57 ,0.0919171, 0.26381,0.644273,0.908083
0.03,0.58 ,0.087087, 0.265333,0.647579,0.912913
0.03,0.59 ,0.0825208, 0.266831,0.650648,0.917479
0.03,0.6 ,0.078203, 0.268304,0.653493,0.921797
0.03,0.61 ,0.0741193, 0.269752,0.656128,0.925881
0.03,0.62 ,0.0702563, 0.271177,0.658566,0.929744
0.03,0.63 ,0.0666014, 0.27258,0.660819,0.933399
0.03,0.64 ,0.0631427, 0.27396,0.662898,0.936857
0.03,0.65 ,0.0598691, 0.275318,0.664813,0.940131
0.03,0.66 ,0.0567702, 0.276656,0.666574,0.94323
0.03,0.67 ,0.0538363, 0.277973,0.66819,0.946164
0.03,0.68 ,0.051058, 0.279271,0.669671,0.948942
0.03,0.69 ,0.0484268, 0.28055,0.671023,0.951573
0.03,0.7 ,0.0459347, 0.28181,0.672255,0.954065
0.03,0.71 ,0.0435738, 0.283052,0.673374,0.956426
0.03,0.72 ,0.0413372, 0.284277,0.674386,0.958663
0.03,0.73 ,0.0392179, 0.285484,0.675298,0.960782
0.03,0.74 ,0.0372098, 0.286675,0.676115,0.96279
0.03,0.75 ,0.0353067, 0.28785,0.676844,0.964693
0.03,0.76 ,0.0335031, 0.289008,0.677488,0.966497
0.03,0.77 ,0.0317936, 0.290152,0.678055,0.968206
0.03,0.78 ,0.0301732, 0.29128,0.678546,0.969827
0.03,0.79 ,0.0286372, 0.292394,0.678969,0.971363
0.03,0.8 ,0.0271812, 0.293494,0.679325,0.972819
0.03,0.81 ,0.0258008, 0.294579,0.67962,0.974199
0.03,0.82 ,0.0244923, 0.295651,0.679856,0.975508
0.03,0.83 ,0.0232517, 0.29671,0.680038,0.976748
0.03,0.84 ,0.0220756, 0.297756,0.680168,0.977924
0.03,0.85 ,0.0209606, 0.298789,0.68025,0.979039
0.03,0.86 ,0.0199035, 0.29981,0.680286,0.980096
0.03,0.87 ,0.0189014, 0.300819,0.680279,0.981099
0.03,0.88 ,0.0179513, 0.301816,0.680233,0.982049
0.03,0.89 ,0.0170506, 0.302802,0.680148,0.982949
0.03,0.9 ,0.0161968, 0.303776,0.680027,0.983803
0.03,0.91 ,0.0153875, 0.304739,0.679873,0.984612
0.03,0.92 ,0.0146203, 0.305691,0.679688,0.98538
0.03,0.93 ,0.0138932, 0.306633,0.679474,0.986107
0.03,0.94 ,0.013204, 0.307565,0.679231,0.986796
0.03,0.95 ,0.0125508, 0.308486,0.678963,0.987449
0.03,0.96 ,0.0119319, 0.309397,0.678671,0.988068
0.03,0.97 ,0.0113453, 0.310299,0.678356,0.988655
0.03,0.98 ,0.0107896, 0.311191,0.678019,0.98921
0.03,0.99 ,0.010263, 0.312074,0.677663,0.989737
0.03,1 ,0.00976416, 0.312948,0.677288,0.990236
0.04,0 ,0.862457, 0.131457,0.00608621,0.137543
0.04,0.01 ,0.858297, 0.133251,0.00845204,0.141703
0.04,0.02 ,0.853783, 0.135113,0.011104,0.146217
0.04,0.03 ,0.848876, 0.137045,0.0140781,0.151124
0.04,0.04 ,0.843535, 0.13905,0.0174152,0.156465
0.04,0.05 ,0.837711, 0.141128,0.0211611,0.162289
0.04,0.06 ,0.831351, 0.143282,0.0253677,0.168649
0.04,0.07 ,0.824397, 0.14551,0.0300928,0.175603
0.04,0.08 ,0.816784, 0.147816,0.0354009,0.183216
0.04,0.09 ,0.80844, 0.150197,0.0413632,0.19156
0.04,0.1 ,0.79929, 0.152653,0.0480575,0.20071
0.04,0.11 ,0.78925, 0.155183,0.0555675,0.21075
0.04,0.12 ,0.778235, 0.157784,0.0639814,0.221765
0.04,0.13 ,0.766158, 0.160452,0.0733897,0.233842
0.04,0.14 ,0.752935, 0.163184,0.0838813,0.247065
0.04,0.15 ,0.738488, 0.165973,0.0955388,0.261512
0.04,0.16 ,0.722755, 0.168814,0.108431,0.277245
0.04,0.17 ,0.705695, 0.171698,0.122606,0.294305
0.04,0.18 ,0.6873, 0.174618,0.138082,0.3127
0.04,0.19 ,0.6676, 0.177564,0.154835,0.3324
0.04,0.2 ,0.646672, 0.180527,0.1728,0.353328
0.04,0.21 ,0.624642, 0.183498,0.19186,0.375358
0.04,0.22 ,0.601682, 0.186466,0.211852,0.398318
0.04,0.23 ,0.578003, 0.189423,0.232574,0.421997
0.04,0.24 ,0.55384, 0.19236,0.2538,0.44616
0.04,0.25 ,0.529441, 0.19527,0.275289,0.470559
0.04,0.26 ,0.505047, 0.198145,0.296808,0.494953
0.04,0.27 ,0.48088, 0.200981,0.318139,0.51912
0.04,0.28 ,0.457136, 0.203772,0.339092,0.542864
0.04,0.29 ,0.433977, 0.206515,0.359508,0.566023
0.04,0.3 ,0.41153, 0.209208,0.379262,0.58847
0.04,0.31 ,0.389891, 0.211848,0.398262,0.610109
0.04,0.32 ,0.369123, 0.214434,0.416443,0.630877
0.04,0.33 ,0.349266, 0.216966,0.433768,0.650734
0.04,0.34 ,0.330338, 0.219444,0.450218,0.669662
0.04,0.35 ,0.312341, 0.221868,0.465791,0.687659
0.04,0.36 ,0.295263, 0.224239,0.480497,0.704737
0.04,0.37 ,0.279084, 0.226558,0.494358,0.720916
0.04,0.38 ,0.263775, 0.228825,0.5074,0.736225
0.04,0.39 ,0.249303, 0.231043,0.519654,0.750697
0.04,0.4 ,0.235633, 0.233212,0.531155,0.764367
0.04,0.41 ,0.222728, 0.235334,0.541939,0.777272
0.04,0.42 ,0.210549, 0.23741,0.552041,0.789451
0.04,0.43 ,0.199059, 0.239442,0.5615,0.800941
0.04,0.44 ,0.18822, 0.241431,0.570349,0.81178
0.04,0.45 ,0.177996, 0.243378,0.578625,0.822004
0.04,0.46 ,0.168353, 0.245286,0.586361,0.831647
0.04,0.47 ,0.159257, 0.247155,0.593589,0.840743
0.04,0.48 ,0.150675, 0.248986,0.600339,0.849325
0.04,0.49 ,0.142579, 0.250782,0.60664,0.857421
0.04,0.5 ,0.134938, 0.252542,0.61252,0.865062
0.04,0.51 ,0.127727, 0.254269,0.618004,0.872273
0.04,0.52 ,0.12092, 0.255963,0.623117,0.87908
0.04,0.53 ,0.114492, 0.257626,0.627882,0.885508
0.04,0.54 ,0.108422, 0.259259,0.63232,0.891578
0.04,0.55 ,0.102688, 0.260862,0.63645,0.897312
0.04,0.56 ,0.0972702, 0.262437,0.640293,0.90273
0.04,0.57 ,0.0921505, 0.263984,0.643866,0.907849
0.04,0.58 ,0.0873113, 0.265504,0.647184,0.912689
0.04,0.59 ,0.0827361, 0.266999,0.650265,0.917264
0.04,0.6 ,0.0784097, 0.268469,0.653121,0.92159
0.04,0.61 ,0.0743177, 0.269915,0.655768,0.925682
0.04,0.62 ,0.0704467, 0.271337,0.658217,0.929553
0.04,0.63 ,0.0667841, 0.272736,0.66048,0.933216
0.04,0.64 ,0.0633179, 0.274114,0.662568,0.936682
0.04,0.65 ,0.0600372, 0.27547,0.664493,0.939963
0.04,0.66 ,0.0569314, 0.276805,0.666264,0.943069
0.04,0.67 ,0.0539907, 0.27812,0.667889,0.946009
0.04,0.68 ,0.0512061, 0.279416,0.669378,0.948794
0.04,0.69 ,0.0485688, 0.280692,0.670739,0.951431
0.04,0.7 ,0.0460707, 0.28195,0.671979,0.953929
0.04,0.71 ,0.0437041, 0.28319,0.673106,0.956296
0.04,0.72 ,0.041462, 0.284413,0.674125,0.958538
0.04,0.73 ,0.0393375, 0.285618,0.675044,0.960662
0.04,0.74 ,0.0373243, 0.286807,0.675869,0.962676
0.04,0.75 ,0.0354164, 0.28798,0.676604,0.964584
0.04,0.76 ,0.0336081, 0.289137,0.677255,0.966392
0.04,0.77 ,0.0318941, 0.290278,0.677828,0.968106
0.04,0.78 ,0.0302694, 0.291405,0.678326,0.969731
0.04,0.79 ,0.0287293, 0.292517,0.678754,0.971271
0.04,0.8 ,0.0272693, 0.293615,0.679116,0.972731
0.04,0.81 ,0.0258852, 0.294699,0.679416,0.974115
0.04,0.82 ,0.024573, 0.295769,0.679658,0.975427
0.04,0.83 ,0.023329, 0.296827,0.679844,0.976671
0.04,0.84 ,0.0221495, 0.297871,0.679979,0.97785
0.04,0.85 ,0.0210313, 0.298903,0.680066,0.978969
0.04,0.86 ,0.0199711, 0.299922,0.680107,0.980029
0.04,0.87 ,0.018966, 0.30093,0.680104,0.981034
0.04,0.88 ,0.0180131, 0.301925,0.680062,0.981987
0.04,0.89 ,0.0171098, 0.302909,0.679981,0.98289
0.04,0.9 ,0.0162534, 0.303882,0.679865,0.983747
0.04,0.91 ,0.0154415, 0.304844,0.679714,0.984558
0.04,0.92 ,0.014672, 0.305795,0.679533,0.985328
0.04,0.93 ,0.0139426, 0.306736,0.679322,0.986057
0.04,0.94 ,0.0132512, 0.307666,0.679083,0.986749
0.04,0.95 ,0.0125959, 0.308586,0.678818,0.987404
0.04,0.96 ,0.0119749, 0.309496,0.678529,0.988025
0.04,0.97 ,0.0113865, 0.310397,0.678217,0.988614
0.04,0.98 ,0.0108289, 0.311288,0.677884,0.989171
0.04,0.99 ,0.0103006, 0.312169,0.67753,0.989699
0.04,1 ,0.00980004, 0.313042,0.677158,0.9902
0.05,0 ,0.860337, 0.132312,0.00735139,0.139663
0.05,0.01 ,0.856206, 0.134091,0.00970313,0.143794
0.05,0.02 ,0.851722, 0.135939,0.0123392,0.148278
0.05,0.03 ,0.846849, 0.137856,0.0152953,0.153151
0.05,0.04 ,0.841543, 0.139845,0.0186119,0.158457
0.05,0.05 ,0.835759, 0.141906,0.0223346,0.164241
0.05,0.06 ,0.829443, 0.144043,0.0265145,0.170557
0.05,0.07 ,0.822537, 0.146254,0.0312091,0.177463
0.05,0.08 ,0.814977, 0.148541,0.0364823,0.185023
0.05,0.09 ,0.806692, 0.150903,0.0424047,0.193308
0.05,0.1 ,0.797607, 0.15334,0.0490533,0.202393
0.05,0.11 ,0.787639, 0.15585,0.0565111,0.212361
0.05,0.12 ,0.776703, 0.158431,0.0648655,0.223297
0.05,0.13 ,0.764714, 0.161079,0.0742064,0.235286
0.05,0.14 ,0.751587, 0.163791,0.0846222,0.248413
0.05,0.15 ,0.737245, 0.16656,0.0961949,0.262755
0.05,0.16 ,0.721626, 0.16938,0.108994,0.278374
0.05,0.17 ,0.704689, 0.172244,0.123067,0.295311
0.05,0.18 ,0.686422, 0.175144,0.138434,0.313578
0.05,0.19 ,0.666856, 0.17807,0.155073,0.333144
0.05,0.2 ,0.646065, 0.181014,0.172921,0.353935
0.05,0.21 ,0.62417, 0.183966,0.191863,0.37583
0.05,0.22 ,0.601342, 0.186917,0.211741,0.398658
0.05,0.23 ,0.577788, 0.189857,0.232355,0.422212
0.05,0.24 ,0.553742, 0.192778,0.25348,0.446258
0.05,0.25 ,0.529447, 0.195672,0.274881,0.470553
0.05,0.26 ,0.505145, 0.198533,0.296322,0.494855
0.05,0.27 ,0.481058, 0.201355,0.317587,0.518942
0.05,0.28 ,0.45738, 0.204133,0.338486,0.54262
0.05,0.29 ,0.434276, 0.206865,0.35886,0.565724
0.05,0.3 ,0.411872, 0.209546,0.378582,0.588128
0.05,0.31 ,0.390266, 0.212175,0.397558,0.609734
0.05,0.32 ,0.369524, 0.214752,0.415725,0.630476
0.05,0.33 ,0.349685, 0.217274,0.433041,0.650315
0.05,0.34 ,0.330769, 0.219743,0.449488,0.669231
0.05,0.35 ,0.312779, 0.222159,0.465062,0.687221
0.05,0.36 ,0.295704, 0.224522,0.479774,0.704296
0.05,0.37 ,0.279524, 0.226833,0.493643,0.720476
0.05,0.38 ,0.264211, 0.229093,0.506696,0.735789
0.05,0.39 ,0.249734, 0.231304,0.518962,0.750266
0.05,0.4 ,0.236057, 0.233466,0.530477,0.763943
0.05,0.41 ,0.223143, 0.235582,0.541276,0.776857
0.05,0.42 ,0.210954, 0.237652,0.551394,0.789046
0.05,0.43 ,0.199453, 0.239678,0.560868,0.800547
0.05,0.44 ,0.188603, 0.241662,0.569735,0.811397
0.05,0.45 ,0.178368, 0.243604,0.578027,0.821632
0.05,0.46 ,0.168714, 0.245507,0.58578,0.831286
0.05,0.47 ,0.159605, 0.247371,0.593024,0.840395
0.05,0.48 ,0.151012, 0.249198,0.59979,0.848988
0.05,0.49 ,0.142904, 0.250989,0.606107,0.857096
0.05,0.5 ,0.135252, 0.252745,0.612003,0.864748
0.05,0.51 ,0.12803, 0.254468,0.617502,0.87197
0.05,0.52 ,0.121211, 0.256158,0.622631,0.878789
0.05,0.53 ,0.114772, 0.257818,0.62741,0.885228
0.05,0.54 ,0.108692, 0.259446,0.631862,0.891308
0.05,0.55 ,0.102947, 0.261046,0.636007,0.897053
0.05,0.56 ,0.0975197, 0.262617,0.639863,0.90248
0.05,0.57 ,0.0923902, 0.264161,0.643449,0.90761
0.05,0.58 ,0.0875415, 0.265678,0.64678,0.912458
0.05,0.59 ,0.0829572, 0.26717,0.649873,0.917043
0.05,0.6 ,0.078622, 0.268637,0.652741,0.921378
0.05,0.61 ,0.0745214, 0.27008,0.655399,0.925479
0.05,0.62 ,0.0706422, 0.271499,0.657859,0.929358
0.05,0.63 ,0.0669716, 0.272896,0.660133,0.933028
0.05,0.64 ,0.0634978, 0.274271,0.662232,0.936502
0.05,0.65 ,0.0602096, 0.275624,0.664166,0.93979
0.05,0.66 ,0.0570967, 0.276957,0.665946,0.942903
0.05,0.67 ,0.0541492, 0.27827,0.667581,0.945851
0.05,0.68 ,0.051358, 0.279563,0.669079,0.948642
0.05,0.69 ,0.0487143, 0.280837,0.670449,0.951286
0.05,0.7 ,0.0462101, 0.282093,0.671697,0.95379
0.05,0.71 ,0.0438377, 0.283331,0.672832,0.956162
0.05,0.72 ,0.04159, 0.284551,0.673859,0.95841
0.05,0.73 ,0.0394601, 0.285754,0.674786,0.96054
0.05,0.74 ,0.0374417, 0.286941,0.675617,0.962558
0.05,0.75 ,0.0355288, 0.288112,0.676359,0.964471
0.05,0.76 ,0.0337157, 0.289267,0.677017,0.966284
0.05,0.77 ,0.0319971, 0.290407,0.677596,0.968003
0.05,0.78 ,0.0303681, 0.291532,0.6781,0.969632
0.05,0.79 ,0.0288237, 0.292642,0.678534,0.971176
0.05,0.8 ,0.0273597, 0.293738,0.678902,0.97264
0.05,0.81 ,0.0259717, 0.29482,0.679208,0.974028
0.05,0.82 ,0.0246557, 0.295889,0.679455,0.975344
0.05,0.83 ,0.0234081, 0.296945,0.679647,0.976592
0.05,0.84 ,0.0222252, 0.297988,0.679787,0.977775
0.05,0.85 ,0.0211037, 0.299018,0.679879,0.978896
0.05,0.86 ,0.0200404, 0.300036,0.679924,0.97996
0.05,0.87 ,0.0190322, 0.301042,0.679926,0.980968
0.05,0.88 ,0.0180764, 0.302036,0.679888,0.981924
0.05,0.89 ,0.0171703, 0.303018,0.679811,0.98283
0.05,0.9 ,0.0163112, 0.30399,0.679699,0.983689
0.05,0.91 ,0.0154968, 0.30495,0.679553,0.984503
0.05,0.92 ,0.0147248, 0.3059,0.679375,0.985275
0.05,0.93 ,0.0139931, 0.306839,0.679167,0.986007
0.05,0.94 ,0.0132994, 0.307768,0.678932,0.986701
0.05,0.95 ,0.012642, 0.308687,0.678671,0.987358
0.05,0.96 ,0.012019, 0.309596,0.678385,0.987981
0.05,0.97 ,0.0114286, 0.310496,0.678076,0.988571
0.05,0.98 ,0.0108691, 0.311385,0.677746,0.989131
0.05,0.99 ,0.010339, 0.312266,0.677395,0.989661
0.05,1 ,0.00983672, 0.313137,0.677026,0.990163
0.06,0 ,0.858065, 0.1332,0.00873482,0.141935
0.06,0.01 ,0.853964, 0.134965,0.0110712,0.146036
0.06,0.02 ,0.849513, 0.136797,0.0136899,0.150487
0.06,0.03 ,0.844675, 0.138698,0.0166265,0.155325
0.06,0.04 ,0.839409, 0.14067,0.019921,0.160591
0.06,0.05 ,0.833667, 0.142715,0.0236186,0.166333
0.06,0.06 ,0.827397, 0.144833,0.02777,0.172603
0.06,0.07 ,0.820542, 0.147026,0.0324321,0.179458
0.06,0.08 ,0.813038, 0.149294,0.0376682,0.186962
0.06,0.09 ,0.804815, 0.151637,0.0435481,0.195185
0.06,0.1 ,0.795798, 0.154054,0.0501482,0.204202
0.06,0.11 ,0.785906, 0.156543,0.0575508,0.214094
0.06,0.12 ,0.775054, 0.159103,0.0658424,0.224946
0.06,0.13 ,0.763157, 0.16173,0.0751122,0.236843
0.06,0.14 ,0.750132, 0.16442,0.085448,0.249868
0.06,0.15 ,0.735901, 0.167168,0.0969315,0.264099
0.06,0.16 ,0.720401, 0.169967,0.109632,0.279599
0.06,0.17 ,0.703592, 0.17281,0.123598,0.296408
0.06,0.18 ,0.685462, 0.175688,0.13885,0.314538
0.06,0.19 ,0.666036, 0.178595,0.155369,0.333964
0.06,0.2 ,0.645389, 0.181519,0.173093,0.354611
0.06,0.21 ,0.623638, 0.184451,0.191911,0.376362
0.06,0.22 ,0.60095, 0.187383,0.211667,0.39905
0.06,0.23 ,0.577529, 0.190305,0.232165,0.422471
0.06,0.24 ,0.553606, 0.19321,0.253184,0.446394
0.06,0.25 ,0.529423, 0.196088,0.274489,0.470577
0.06,0.26 ,0.50522, 0.198934,0.295846,0.49478
0.06,0.27 ,0.481217, 0.201741,0.317041,0.518783
0.06,0.28 ,0.457612, 0.204506,0.337882,0.542388
0.06,0.29 ,0.434566, 0.207225,0.358209,0.565434
0.06,0.3 ,0.41221, 0.209894,0.377896,0.58779
0.06,0.31 ,0.390641, 0.212513,0.396846,0.609359
0.06,0.32 ,0.369926, 0.215078,0.414995,0.630074
0.06,0.33 ,0.350108, 0.217591,0.432301,0.649892
0.06,0.34 ,0.331206, 0.220051,0.448744,0.668794
0.06,0.35 ,0.313224, 0.222457,0.464319,0.686776
0.06,0.36 ,0.296152, 0.224812,0.479036,0.703848
0.06,0.37 ,0.279972, 0.227115,0.492913,0.720028
0.06,0.38 ,0.264657, 0.229368,0.505975,0.735343
0.06,0.39 ,0.250174, 0.231571,0.518254,0.749826
0.06,0.4 ,0.23649, 0.233727,0.529783,0.76351
0.06,0.41 ,0.223567, 0.235836,0.540596,0.776433
0.06,0.42 ,0.211369, 0.2379,0.550731,0.788631
0.06,0.43 ,0.199858, 0.239921,0.560221,0.800142
0.06,0.44 ,0.188997, 0.241899,0.569104,0.811003
0.06,0.45 ,0.17875, 0.243836,0.577414,0.82125
0.06,0.46 ,0.169083, 0.245733,0.585183,0.830917
0.06,0.47 ,0.159963, 0.247592,0.592444,0.840037
0.06,0.48 ,0.151358, 0.249415,0.599227,0.848642
0.06,0.49 ,0.143238, 0.251201,0.605561,0.856762
0.06,0.5 ,0.135574, 0.252953,0.611473,0.864426
0.06,0.51 ,0.12834, 0.254671,0.616988,0.87166
0.06,0.52 ,0.12151, 0.256358,0.622132,0.87849
0.06,0.53 ,0.115061, 0.258013,0.626927,0.884939
0.06,0.54 ,0.108969, 0.259638,0.631393,0.891031
0.06,0.55 ,0.103214, 0.261234,0.635552,0.896786
0.06,0.56 ,0.0977758, 0.262802,0.639423,0.902224
0.06,0.57 ,0.0926363, 0.264342,0.643022,0.907364
0.06,0.58 ,0.0877779, 0.265856,0.646366,0.912222
0.06,0.59 ,0.0831842, 0.267345,0.649471,0.916816
0.06,0.6 ,0.0788398, 0.268808,0.652352,0.92116
0.06,0.61 ,0.0747305, 0.270248,0.655021,0.925269
0.06,0.62 ,0.0708428, 0.271665,0.657493,0.929157
0.06,0.63 ,0.067164, 0.273059,0.659777,0.932836
0.06,0.64 ,0.0636823, 0.274431,0.661887,0.936318
0.06,0.65 ,0.0603865, 0.275781,0.663832,0.939613
0.06,0.66 ,0.0572663, 0.277112,0.665622,0.942734
0.06,0.67 ,0.0543118, 0.278422,0.667266,0.945688
0.06,0.68 ,0.0515138, 0.279713,0.668774,0.948486
0.06,0.69 ,0.0488636, 0.280984,0.670152,0.951136
0.06,0.7 ,0.0463531, 0.282238,0.671409,0.953647
0.06,0.71 ,0.0439747, 0.283473,0.672552,0.956025
0.06,0.72 ,0.0417212, 0.284692,0.673587,0.958279
0.06,0.73 ,0.0395857, 0.285893,0.674521,0.960414
0.06,0.74 ,0.037562, 0.287078,0.67536,0.962438
0.06,0.75 ,0.035644, 0.288246,0.67611,0.964356
0.06,0.76 ,0.033826, 0.289399,0.676775,0.966174
0.06,0.77 ,0.0321027, 0.290537,0.67736,0.967897
0.06,0.78 ,0.0304691, 0.29166,0.677871,0.969531
0.06,0.79 ,0.0289204, 0.292769,0.678311,0.97108
0.06,0.8 ,0.0274522, 0.293863,0.678685,0.972548
0.06,0.81 ,0.0260602, 0.294944,0.678996,0.97394
0.06,0.82 ,0.0247404, 0.296011,0.679249,0.97526
0.06,0.83 ,0.0234891, 0.297065,0.679446,0.976511
0.06,0.84 ,0.0223027, 0.298106,0.679591,0.977697
0.06,0.85 ,0.0211778, 0.299135,0.679688,0.978822
0.06,0.86 ,0.0201112, 0.300151,0.679738,0.979889
0.06,0.87 ,0.0191, 0.301155,0.679745,0.9809
0.06,0.88 ,0.0181412, 0.302148,0.679711,0.981859
0.06,0.89 ,0.0172322, 0.303129,0.679638,0.982768
0.06,0.9 ,0.0163704, 0.304099,0.67953,0.98363
0.06,0.91 ,0.0155534, 0.305059,0.679388,0.984447
0.06,0.92 ,0.0147789, 0.306007,0.679214,0.985221
0.06,0.93 ,0.0140447, 0.306945,0.67901,0.985955
0.06,0.94 ,0.0133488, 0.307873,0.678779,0.986651
0.06,0.95 ,0.0126892, 0.30879,0.678521,0.987311
0.06,0.96 ,0.0120641, 0.309698,0.678238,0.987936
0.06,0.97 ,0.0114716, 0.310596,0.677932,0.988528
0.06,0.98 ,0.0109102, 0.311485,0.677605,0.98909
0.06,0.99 ,0.0103782, 0.312364,0.677258,0.989622
0.06,1 ,0.00987421, 0.313234,0.676891,0.990126
0.07,0 ,0.855627, 0.134124,0.0102491,0.144373
0.07,0.01 ,0.851558, 0.135874,0.0125685,0.148442
0.07,0.02 ,0.847142, 0.13769,0.0151683,0.152858
0.07,0.03 ,0.842342, 0.139574,0.0180837,0.157658
0.07,0.04 ,0.837117, 0.141529,0.0213543,0.162883
0.07,0.05 ,0.83142, 0.143555,0.0250248,0.16858
0.07,0.06 ,0.8252, 0.145655,0.0291456,0.1748
0.07,0.07 ,0.818399, 0.147828,0.0337728,0.181601
0.07,0.08 ,0.810954, 0.150076,0.0389693,0.189046
0.07,0.09 ,0.802797, 0.152399,0.044804,0.197203
0.07,0.1 ,0.793853, 0.154795,0.0513527,0.206147
0.07,0.11 ,0.78404, 0.157263,0.0586966,0.21596
0.07,0.12 ,0.773277, 0.159801,0.0669218,0.226723
0.07,0.13 ,0.761477, 0.162406,0.0761164,0.238523
0.07,0.14 ,0.748558, 0.165074,0.0863678,0.251442
0.07,0.15 ,0.734444, 0.167799,0.0977572,0.265556
0.07,0.16 ,0.719071, 0.170575,0.110354,0.280929
0.07,0.17 ,0.702397, 0.173396,0.124207,0.297603
0.07,0.18 ,0.684409, 0.176253,0.139338,0.315591
0.07,0.19 ,0.665133, 0.179138,0.155729,0.334867
0.07,0.2 ,0.644637, 0.182041,0.173322,0.355363
0.07,0.21 ,0.623039, 0.184954,0.192008,0.376961
0.07,0.22 ,0.600499, 0.187866,0.211635,0.399501
0.07,0.23 ,0.57722, 0.19077,0.232011,0.42278
0.07,0.24 ,0.553428, 0.193656,0.252916,0.446572
0.07,0.25 ,0.529365, 0.196518,0.274118,0.470635
0.07,0.26 ,0.505267, 0.199348,0.295385,0.494733
0.07,0.27 ,0.481356, 0.20214,0.316504,0.518644
0.07,0.28 ,0.457827, 0.204891,0.337281,0.542173
0.07,0.29 ,0.434845, 0.207597,0.357558,0.565155
0.07,0.3 ,0.412541, 0.210254,0.377205,0.587459
0.07,0.31 ,0.391013, 0.21286,0.396127,0.608987
0.07,0.32 ,0.370329, 0.215415,0.414256,0.629671
0.07,0.33 ,0.350533, 0.217917,0.43155,0.649467
0.07,0.34 ,0.331646, 0.220367,0.447987,0.668354
0.07,0.35 ,0.313674, 0.222765,0.463561,0.686326
0.07,0.36 ,0.296608, 0.22511,0.478282,0.703392
0.07,0.37 ,0.280429, 0.227405,0.492166,0.719571
0.07,0.38 ,0.265111, 0.22965,0.505239,0.734889
0.07,0.39 ,0.250624, 0.231846,0.51753,0.749376
0.07,0.4 ,0.236933, 0.233995,0.529072,0.763067
0.07,0.41 ,0.224002, 0.236097,0.539901,0.775998
0.07,0.42 ,0.211794, 0.238155,0.550051,0.788206
0.07,0.43 ,0.200272, 0.240169,0.559559,0.799728
0.07,0.44 ,0.1894, 0.242141,0.568459,0.8106
0.07,0.45 ,0.179142, 0.244073,0.576786,0.820858
0.07,0.46 ,0.169463, 0.245965,0.584572,0.830537
0.07,0.47 ,0.160331, 0.247819,0.591851,0.839669
0.07,0.48 ,0.151713, 0.249636,0.598651,0.848287
0.07,0.49 ,0.143581, 0.251418,0.605001,0.856419
0.07,0.5 ,0.135905, 0.253165,0.61093,0.864095
0.07,0.51 ,0.128659, 0.254879,0.616462,0.871341
0.07,0.52 ,0.121817, 0.256561,0.621621,0.878183
0.07,0.53 ,0.115356, 0.258213,0.626431,0.884644
0.07,0.54 ,0.109253, 0.259834,0.630913,0.890747
0.07,0.55 ,0.103487, 0.261426,0.635087,0.896513
0.07,0.56 ,0.0980387, 0.26299,0.638971,0.901961
0.07,0.57 ,0.0928889, 0.264527,0.642584,0.907111
0.07,0.58 ,0.0880205, 0.266037,0.645942,0.91198
0.07,0.59 ,0.0834171, 0.267523,0.64906,0.916583
0.07,0.6 ,0.0790634, 0.268983,0.651953,0.920937
0.07,0.61 ,0.074945, 0.27042,0.654635,0.925055
0.07,0.62 ,0.0710486, 0.271833,0.657118,0.928951
0.07,0.63 ,0.0673614, 0.273224,0.659414,0.932639
0.07,0.64 ,0.0638715, 0.274594,0.661535,0.936128
0.07,0.65 ,0.060568, 0.275942,0.66349,0.939432
0.07,0.66 ,0.0574402, 0.277269,0.665291,0.94256
0.07,0.67 ,0.0544785, 0.278577,0.666945,0.945522
0.07,0.68 ,0.0516735, 0.279865,0.668461,0.948327
0.07,0.69 ,0.0490166, 0.281134,0.669849,0.950983
0.07,0.7 ,0.0464997, 0.282386,0.671115,0.9535
0.07,0.71 ,0.0441151, 0.283619,0.672266,0.955885
0.07,0.72 ,0.0418557, 0.284835,0.67331,0.958144
0.07,0.73 ,0.0397145, 0.286034,0.674252,0.960285
0.07,0.74 ,0.0376853, 0.287216,0.675098,0.962315
0.07,0.75 ,0.035762, 0.288383,0.675855,0.964238
0.07,0.76 ,0.0339389, 0.289534,0.676527,0.966061
0.07,0.77 ,0.0322108, 0.29067,0.677119,0.967789
0.07,0.78 ,0.0305726, 0.291791,0.677636,0.969427
0.07,0.79 ,0.0290194, 0.292898,0.678083,0.970981
0.07,0.8 ,0.0275469, 0.29399,0.678463,0.972453
0.07,0.81 ,0.0261508, 0.295069,0.67878,0.973849
0.07,0.82 ,0.0248271, 0.296134,0.679038,0.975173
0.07,0.83 ,0.023572, 0.297187,0.679241,0.976428
0.07,0.84 ,0.022382, 0.298226,0.679392,0.977618
0.07,0.85 ,0.0212536, 0.299253,0.679493,0.978746
0.07,0.86 ,0.0201837, 0.300268,0.679548,0.979816
0.07,0.87 ,0.0191693, 0.301271,0.67956,0.980831
0.07,0.88 ,0.0182075, 0.302262,0.67953,0.981793
0.07,0.89 ,0.0172955, 0.303242,0.679463,0.982704
0.07,0.9 ,0.016431, 0.304211,0.679359,0.983569
0.07,0.91 ,0.0156113, 0.305168,0.67922,0.984389
0.07,0.92 ,0.0148342, 0.306115,0.679051,0.985166
0.07,0.93 ,0.0140976, 0.307052,0.678851,0.985902
0.07,0.94 ,0.0133993, 0.307978,0.678623,0.986601
0.07,0.95 ,0.0127374, 0.308894,0.678368,0.987263
0.07,0.96 ,0.0121101, 0.309801,0.678089,0.98789
0.07,0.97 ,0.0115156, 0.310698,0.677787,0.988484
0.07,0.98 ,0.0109522, 0.311585,0.677463,0.989048
0.07,0.99 ,0.0104184, 0.312463,0.677118,0.989582
0.07,1 ,0.00991254, 0.313333,0.676755,0.990087
0.08,0 ,0.853006, 0.135085,0.0119084,0.146994
0.08,0.01 ,0.848972, 0.136819,0.0142091,0.151028
0.08,0.02 ,0.844594, 0.138618,0.0167882,0.155406
0.08,0.03 ,0.839835, 0.140484,0.0196803,0.160165
0.08,0.04 ,0.834654, 0.142421,0.0229249,0.165346
0.08,0.05 ,0.829005, 0.144429,0.0265662,0.170995
0.08,0.06 ,0.822837, 0.146509,0.0306539,0.177163
0.08,0.07 ,0.816094, 0.148662,0.0352437,0.183906
0.08,0.08 ,0.808713, 0.150889,0.0403977,0.191287
0.08,0.09 ,0.800625, 0.153191,0.0461843,0.199375
0.08,0.1 ,0.791757, 0.155565,0.0526781,0.208243
0.08,0.11 ,0.782029, 0.158011,0.0599599,0.217971
0.08,0.12 ,0.771359, 0.160526,0.0681146,0.228641
