Betapv,Betamv,V,Rs,Rv,P
0,0 ,0.994021, 0.00397863,0.002,0.00597863
0,0.01 ,0.993957, 0.00397895,0.00206422,0.00604317
0,0.02 ,0.993886, 0.00397928,0.00213428,0.00611357
0,0.03 ,0.993809, 0.00397962,0.00221104,0.00619066
0,0.04 ,0.993725, 0.00397996,0.00229552,0.00627547
0,0.05 ,0.993631, 0.0039803,0.00238895,0.00636925
0,0.06 ,0.993526, 0.00398065,0.00249285,0.0064735
0,0.07 ,0.99341, 0.003981,0.00260912,0.00659012
0,0.08 ,0.993279, 0.00398136,0.00274012,0.00672148
0,0.09 ,0.993129, 0.00398172,0.00288886,0.00687058
0,0.1 ,0.992959, 0.00398209,0.00305923,0.00704132
0,0.11 ,0.992761, 0.00398246,0.00325636,0.00723882
0,0.12 ,0.99253, 0.00398284,0.00348712,0.00746995
0,0.13 ,0.992256, 0.00398322,0.00376094,0.00774416
0,0.14 ,0.991925, 0.00398361,0.00409113,0.00807475
0,0.15 ,0.991519, 0.00398401,0.00449712,0.00848113
0,0.16 ,0.991007, 0.00398441,0.0050083,0.00899271
0,0.17 ,0.990344, 0.00398481,0.0056714,0.00965621
0,0.18 ,0.98945, 0.00398523,0.00656519,0.0105504
0,0.19 ,0.988181, 0.00398565,0.00783312,0.0118188
0,0.2 ,0.98625, 0.00398607,0.00976412,0.0137502
0,0.21 ,0.982988, 0.0039865,0.0130259,0.0170124
0,0.22 ,0.976541, 0.00398694,0.0194719,0.0234588
0,0.23 ,0.96083, 0.00398739,0.035183,0.0391704
0,0.24 ,0.922348, 0.00398784,0.0736646,0.0776524
0,0.25 ,0.863875, 0.0039883,0.132137,0.136125
0,0.26 ,0.802156, 0.00398877,0.193855,0.197844
0,0.27 ,0.74353, 0.00398925,0.252481,0.25647
0,0.28 ,0.689301, 0.00398973,0.30671,0.310699
0,0.29 ,0.639517, 0.00399022,0.356493,0.360483
0,0.3 ,0.593901, 0.00399072,0.402108,0.406099
0,0.31 ,0.552099, 0.00399123,0.44391,0.447901
0,0.32 ,0.513754, 0.00399175,0.482255,0.486246
0,0.33 ,0.478534, 0.00399227,0.517474,0.521466
0,0.34 ,0.446139, 0.00399281,0.549868,0.553861
0,0.35 ,0.416299, 0.00399335,0.579708,0.583701
0,0.36 ,0.388771, 0.00399391,0.607235,0.611229
0,0.37 ,0.36334, 0.00399447,0.632665,0.63666
0,0.38 ,0.339816, 0.00399505,0.656189,0.660184
0,0.39 ,0.318027, 0.00399564,0.677977,0.681973
0,0.4 ,0.297821, 0.00399623,0.698183,0.702179
0,0.41 ,0.279059, 0.00399684,0.716944,0.720941
0,0.42 ,0.261621, 0.00399746,0.734382,0.738379
0,0.43 ,0.245395, 0.00399809,0.750607,0.754605
0,0.44 ,0.230282, 0.00399874,0.76572,0.769718
0,0.45 ,0.216192, 0.00399939,0.779808,0.783808
0,0.46 ,0.203046, 0.00400006,0.792954,0.796954
0,0.47 ,0.190768, 0.00400075,0.805231,0.809232
0,0.48 ,0.179293, 0.00400145,0.816705,0.820707
0,0.49 ,0.168561, 0.00400216,0.827437,0.831439
0,0.5 ,0.158515, 0.00400288,0.837482,0.841485
0,0.51 ,0.149106, 0.00400363,0.84689,0.850894
0,0.52 ,0.140288, 0.00400438,0.855707,0.859712
0,0.53 ,0.13202, 0.00400516,0.863975,0.86798
0,0.54 ,0.124261, 0.00400595,0.871733,0.875739
0,0.55 ,0.116978, 0.00400675,0.879016,0.883022
0,0.56 ,0.110137, 0.00400758,0.885855,0.889863
0,0.57 ,0.103709, 0.00400842,0.892282,0.896291
0,0.58 ,0.0976664, 0.00400928,0.898324,0.902334
0,0.59 ,0.0919836, 0.00401016,0.904006,0.908016
0,0.6 ,0.0866372, 0.00401106,0.909352,0.913363
0,0.61 ,0.0816055, 0.00401198,0.914383,0.918394
0,0.62 ,0.0768685, 0.00401292,0.919119,0.923132
0,0.63 ,0.0724075, 0.00401388,0.923579,0.927593
0,0.64 ,0.0682052, 0.00401487,0.92778,0.931795
0,0.65 ,0.0642458, 0.00401587,0.931738,0.935754
0,0.66 ,0.0605141, 0.0040169,0.935469,0.939486
0,0.67 ,0.0569965, 0.00401795,0.938986,0.943004
0,0.68 ,0.0536799, 0.00401903,0.942301,0.94632
0,0.69 ,0.0505524, 0.00402013,0.945428,0.949448
0,0.7 ,0.0476026, 0.00402126,0.948376,0.952397
0,0.71 ,0.0448202, 0.00402241,0.951157,0.95518
0,0.72 ,0.0421953, 0.00402359,0.953781,0.957805
0,0.73 ,0.0397187, 0.00402479,0.956257,0.960281
0,0.74 ,0.0373819, 0.00402602,0.958592,0.962618
0,0.75 ,0.0351769, 0.00402728,0.960796,0.964823
0,0.76 ,0.0330961, 0.00402857,0.962875,0.966904
0,0.77 ,0.0311324, 0.00402989,0.964838,0.968868
0,0.78 ,0.0292793, 0.00403124,0.966689,0.970721
0,0.79 ,0.0275306, 0.00403261,0.968437,0.972469
0,0.8 ,0.0258803, 0.00403402,0.970086,0.97412
0,0.81 ,0.024323, 0.00403546,0.971642,0.975677
0,0.82 ,0.0228535, 0.00403693,0.97311,0.977146
0,0.83 ,0.021467, 0.00403843,0.974495,0.978533
0,0.84 ,0.0201588, 0.00403996,0.975801,0.979841
0,0.85 ,0.0189248, 0.00404153,0.977034,0.981075
0,0.86 ,0.0177607, 0.00404313,0.978196,0.982239
0,0.87 ,0.0166628, 0.00404476,0.979292,0.983337
0,0.88 ,0.0156275, 0.00404643,0.980326,0.984373
0,0.89 ,0.0146513, 0.00404813,0.981301,0.985349
0,0.9 ,0.013731, 0.00404987,0.982219,0.986269
0,0.91 ,0.0128636, 0.00405164,0.983085,0.987136
0,0.92 ,0.0120463, 0.00405345,0.9839,0.987954
0,0.93 ,0.0112762, 0.00405529,0.984669,0.988724
0,0.94 ,0.0105508, 0.00405717,0.985392,0.989449
0,0.95 ,0.00986771, 0.00405909,0.986073,0.990132
0,0.96 ,0.00922463, 0.00406104,0.986714,0.990775
0,0.97 ,0.00861936, 0.00406303,0.987318,0.991381
0,0.98 ,0.00804985, 0.00406506,0.987885,0.99195
0,0.99 ,0.00751415, 0.00406712,0.988419,0.992486
0,1 ,0.00701043, 0.00406922,0.98892,0.99299
0.01,0 ,0.993935, 0.00398283,0.00208263,0.00606546
0.01,0.01 ,0.99387, 0.00398316,0.00214685,0.00613
0.01,0.02 ,0.9938, 0.00398349,0.00221691,0.00620039
0.01,0.03 ,0.993723, 0.00398382,0.00229366,0.00627748
0.01,0.04 ,0.993638, 0.00398416,0.00237812,0.00636228
0.01,0.05 ,0.993544, 0.0039845,0.00247154,0.00645605
0.01,0.06 ,0.99344, 0.00398485,0.00257544,0.00656029
0.01,0.07 ,0.993323, 0.0039852,0.00269169,0.00667689
0.01,0.08 ,0.993192, 0.00398556,0.00282267,0.00680823
0.01,0.09 ,0.993043, 0.00398592,0.00297139,0.00695731
0.01,0.1 ,0.992872, 0.00398629,0.00314173,0.00712802
0.01,0.11 ,0.992675, 0.00398666,0.00333882,0.00732549
0.01,0.12 ,0.992443, 0.00398704,0.00356953,0.00755657
0.01,0.13 ,0.992169, 0.00398743,0.00384329,0.00783071
0.01,0.14 ,0.991839, 0.00398781,0.0041734,0.00816121
0.01,0.15 ,0.991433, 0.00398821,0.00457926,0.00856747
0.01,0.16 ,0.990921, 0.00398861,0.00509025,0.00907886
0.01,0.17 ,0.990258, 0.00398902,0.00575306,0.00974208
0.01,0.18 ,0.989364, 0.00398943,0.00664639,0.0106358
0.01,0.19 ,0.988097, 0.00398985,0.0079135,0.0119033
0.01,0.2 ,0.986167, 0.00399027,0.0098429,0.0138332
0.01,0.21 ,0.982908, 0.00399071,0.0131011,0.0170918
0.01,0.22 ,0.976472, 0.00399115,0.0195372,0.0235284
0.01,0.23 ,0.960792, 0.00399159,0.0352167,0.0392083
0.01,0.24 ,0.922372, 0.00399205,0.0736363,0.0776284
0.01,0.25 ,0.863932, 0.00399251,0.132075,0.136068
0.01,0.26 ,0.802222, 0.00399297,0.193785,0.197778
0.01,0.27 ,0.743597, 0.00399345,0.25241,0.256403
0.01,0.28 ,0.689366, 0.00399393,0.30664,0.310634
0.01,0.29 ,0.639581, 0.00399442,0.356425,0.360419
0.01,0.3 ,0.593963, 0.00399492,0.402042,0.406037
0.01,0.31 ,0.552158, 0.00399543,0.443847,0.447842
0.01,0.32 ,0.513811, 0.00399595,0.482193,0.486189
0.01,0.33 ,0.478589, 0.00399648,0.517414,0.521411
0.01,0.34 ,0.446192, 0.00399701,0.549811,0.553808
0.01,0.35 ,0.416349, 0.00399756,0.579653,0.583651
0.01,0.36 ,0.388819, 0.00399811,0.607183,0.611181
0.01,0.37 ,0.363387, 0.00399868,0.632614,0.636613
0.01,0.38 ,0.339861, 0.00399925,0.656139,0.660139
0.01,0.39 ,0.318071, 0.00399984,0.67793,0.681929
0.01,0.4 ,0.297862, 0.00400043,0.698137,0.702138
0.01,0.41 ,0.279099, 0.00400104,0.7169,0.720901
0.01,0.42 ,0.261659, 0.00400166,0.734339,0.738341
0.01,0.43 ,0.245432, 0.00400229,0.750566,0.754568
0.01,0.44 ,0.230317, 0.00400294,0.76568,0.769683
0.01,0.45 ,0.216227, 0.00400359,0.77977,0.783773
0.01,0.46 ,0.203078, 0.00400426,0.792917,0.796922
0.01,0.47 ,0.1908, 0.00400495,0.805195,0.8092
0.01,0.48 ,0.179324, 0.00400564,0.816671,0.820676
0.01,0.49 ,0.16859, 0.00400636,0.827404,0.83141
0.01,0.5 ,0.158543, 0.00400708,0.83745,0.841457
0.01,0.51 ,0.149133, 0.00400782,0.846859,0.850867
0.01,0.52 ,0.140315, 0.00400858,0.855677,0.859685
0.01,0.53 ,0.132045, 0.00400935,0.863946,0.867955
0.01,0.54 ,0.124285, 0.00401014,0.871704,0.875715
0.01,0.55 ,0.117001, 0.00401095,0.878988,0.882999
0.01,0.56 ,0.11016, 0.00401177,0.885829,0.88984
0.01,0.57 ,0.103731, 0.00401262,0.892257,0.896269
0.01,0.58 ,0.0976873, 0.00401348,0.898299,0.902313
0.01,0.59 ,0.0920037, 0.00401436,0.903982,0.907996
0.01,0.6 ,0.0866565, 0.00401526,0.909328,0.913344
0.01,0.61 ,0.0816241, 0.00401618,0.91436,0.918376
0.01,0.62 ,0.0768863, 0.00401712,0.919097,0.923114
0.01,0.63 ,0.0724247, 0.00401808,0.923557,0.927575
0.01,0.64 ,0.0682218, 0.00401906,0.927759,0.931778
0.01,0.65 ,0.0642617, 0.00402007,0.931718,0.935738
0.01,0.66 ,0.0605294, 0.0040211,0.935449,0.939471
0.01,0.67 ,0.0570112, 0.00402215,0.938967,0.942989
0.01,0.68 ,0.0536941, 0.00402322,0.942283,0.946306
0.01,0.69 ,0.050566, 0.00402433,0.94541,0.949434
0.01,0.7 ,0.0476157, 0.00402545,0.948359,0.952384
0.01,0.71 ,0.0448327, 0.0040266,0.951141,0.955167
0.01,0.72 ,0.0422073, 0.00402778,0.953765,0.957793
0.01,0.73 ,0.0397303, 0.00402898,0.956241,0.96027
0.01,0.74 ,0.037393, 0.00403022,0.958577,0.962607
0.01,0.75 ,0.0351876, 0.00403148,0.960781,0.964812
0.01,0.76 ,0.0331063, 0.00403276,0.962861,0.966894
0.01,0.77 ,0.0311423, 0.00403408,0.964824,0.968858
0.01,0.78 ,0.0292888, 0.00403543,0.966676,0.970711
0.01,0.79 ,0.0275396, 0.0040368,0.968424,0.97246
0.01,0.8 ,0.0258889, 0.00403821,0.970073,0.974111
0.01,0.81 ,0.0243313, 0.00403965,0.971629,0.975669
0.01,0.82 ,0.0228615, 0.00404112,0.973097,0.977139
0.01,0.83 ,0.0214746, 0.00404262,0.974483,0.978525
0.01,0.84 ,0.0201661, 0.00404415,0.97579,0.979834
0.01,0.85 ,0.0189318, 0.00404572,0.977023,0.981068
0.01,0.86 ,0.0177674, 0.00404732,0.978185,0.982233
0.01,0.87 ,0.0166692, 0.00404895,0.979282,0.983331
0.01,0.88 ,0.0156336, 0.00405062,0.980316,0.984366
0.01,0.89 ,0.0146571, 0.00405232,0.981291,0.985343
0.01,0.9 ,0.0137366, 0.00405406,0.982209,0.986263
0.01,0.91 ,0.012869, 0.00405583,0.983075,0.987131
0.01,0.92 ,0.0120514, 0.00405763,0.983891,0.987949
0.01,0.93 ,0.011281, 0.00405948,0.984659,0.988719
0.01,0.94 ,0.0105554, 0.00406136,0.985383,0.989445
0.01,0.95 ,0.00987213, 0.00406327,0.986065,0.990128
0.01,0.96 ,0.00922884, 0.00406522,0.986706,0.990771
0.01,0.97 ,0.00862337, 0.00406721,0.987309,0.991377
0.01,0.98 ,0.00805367, 0.00406924,0.987877,0.991946
0.01,0.99 ,0.00751779, 0.0040713,0.988411,0.992482
0.01,1 ,0.00701389, 0.0040734,0.988913,0.992986
0.02,0 ,0.993842, 0.00398709,0.00217072,0.00615781
0.02,0.01 ,0.993778, 0.00398741,0.00223493,0.00622234
0.02,0.02 ,0.993707, 0.00398774,0.00230498,0.00629272
0.02,0.03 ,0.99363, 0.00398808,0.00238173,0.0063698
0.02,0.04 ,0.993545, 0.00398841,0.00246618,0.0064546
0.02,0.05 ,0.993452, 0.00398876,0.00255959,0.00654835
0.02,0.06 ,0.993347, 0.00398911,0.00266347,0.00665258
0.02,0.07 ,0.993231, 0.00398946,0.00277971,0.00676917
0.02,0.08 ,0.9931, 0.00398982,0.00291067,0.00690049
0.02,0.09 ,0.99295, 0.00399018,0.00305936,0.00704954
0.02,0.1 ,0.99278, 0.00399055,0.00322968,0.00722022
0.02,0.11 ,0.992582, 0.00399092,0.00342673,0.00741765
0.02,0.12 ,0.992351, 0.0039913,0.00365739,0.00764869
0.02,0.13 ,0.992077, 0.00399168,0.00393107,0.00792276
0.02,0.14 ,0.991747, 0.00399207,0.00426109,0.00825316
0.02,0.15 ,0.991341, 0.00399246,0.00466682,0.00865928
0.02,0.16 ,0.99083, 0.00399287,0.00517761,0.00917048
0.02,0.17 ,0.990167, 0.00399327,0.00584012,0.00983339
0.02,0.18 ,0.989273, 0.00399368,0.00673295,0.0107266
0.02,0.19 ,0.988007, 0.0039941,0.0079992,0.0119933
0.02,0.2 ,0.986079, 0.00399453,0.00992691,0.0139214
0.02,0.21 ,0.982824, 0.00399496,0.0131813,0.0171762
0.02,0.22 ,0.976398, 0.0039954,0.019607,0.0236024
0.02,0.23 ,0.960751, 0.00399585,0.0352529,0.0392487
0.02,0.24 ,0.922397, 0.0039963,0.0736068,0.0776031
0.02,0.25 ,0.863993, 0.00399676,0.13201,0.136007
0.02,0.26 ,0.802292, 0.00399723,0.193711,0.197708
0.02,0.27 ,0.743668, 0.0039977,0.252335,0.256332
0.02,0.28 ,0.689436, 0.00399819,0.306565,0.310564
0.02,0.29 ,0.639649, 0.00399868,0.356353,0.360351
0.02,0.3 ,0.594028, 0.00399918,0.401972,0.405972
0.02,0.31 ,0.552221, 0.00399969,0.443779,0.447779
0.02,0.32 ,0.513871, 0.0040002,0.482128,0.486129
0.02,0.33 ,0.478647, 0.00400073,0.517352,0.521353
0.02,0.34 ,0.446248, 0.00400126,0.549751,0.553752
0.02,0.35 ,0.416403, 0.00400181,0.579595,0.583597
0.02,0.36 ,0.388871, 0.00400236,0.607127,0.611129
0.02,0.37 ,0.363437, 0.00400293,0.63256,0.636563
0.02,0.38 ,0.339909, 0.0040035,0.656087,0.660091
0.02,0.39 ,0.318117, 0.00400409,0.677879,0.681883
0.02,0.4 ,0.297906, 0.00400469,0.698089,0.702094
0.02,0.41 ,0.279142, 0.00400529,0.716853,0.720858
0.02,0.42 ,0.2617, 0.00400591,0.734294,0.7383
0.02,0.43 ,0.245471, 0.00400654,0.750523,0.754529
0.02,0.44 ,0.230355, 0.00400719,0.765638,0.769645
0.02,0.45 ,0.216263, 0.00400785,0.779729,0.783737
0.02,0.46 ,0.203113, 0.00400852,0.792878,0.796887
0.02,0.47 ,0.190833, 0.0040092,0.805157,0.809167
0.02,0.48 ,0.179356, 0.0040099,0.816634,0.820644
0.02,0.49 ,0.168621, 0.00401061,0.827368,0.831379
0.02,0.5 ,0.158573, 0.00401133,0.837415,0.841427
0.02,0.51 ,0.149162, 0.00401207,0.846826,0.850838
0.02,0.52 ,0.140342, 0.00401283,0.855645,0.859658
0.02,0.53 ,0.132072, 0.0040136,0.863915,0.867928
0.02,0.54 ,0.124311, 0.00401439,0.871674,0.875689
0.02,0.55 ,0.117026, 0.0040152,0.878959,0.882974
0.02,0.56 ,0.110183, 0.00401602,0.885801,0.889817
0.02,0.57 ,0.103754, 0.00401687,0.892229,0.896246
0.02,0.58 ,0.0977094, 0.00401773,0.898273,0.902291
0.02,0.59 ,0.0920249, 0.00401861,0.903956,0.907975
0.02,0.6 ,0.086677, 0.00401951,0.909304,0.913323
0.02,0.61 ,0.0816438, 0.00402043,0.914336,0.918356
0.02,0.62 ,0.0769053, 0.00402137,0.919073,0.923095
0.02,0.63 ,0.0724429, 0.00402233,0.923535,0.927557
0.02,0.64 ,0.0682393, 0.00402331,0.927737,0.931761
0.02,0.65 ,0.0642785, 0.00402432,0.931697,0.935721
0.02,0.66 ,0.0605456, 0.00402534,0.935429,0.939454
0.02,0.67 ,0.0570268, 0.0040264,0.938947,0.942973
0.02,0.68 ,0.053709, 0.00402747,0.942264,0.946291
0.02,0.69 ,0.0505803, 0.00402857,0.945391,0.94942
0.02,0.7 ,0.0476295, 0.0040297,0.948341,0.952371
0.02,0.71 ,0.044846, 0.00403085,0.951123,0.955154
0.02,0.72 ,0.0422201, 0.00403203,0.953748,0.95778
0.02,0.73 ,0.0397425, 0.00403323,0.956224,0.960257
0.02,0.74 ,0.0374048, 0.00403446,0.958561,0.962595
0.02,0.75 ,0.0351988, 0.00403572,0.960765,0.964801
0.02,0.76 ,0.0331171, 0.00403701,0.962846,0.966883
0.02,0.77 ,0.0311527, 0.00403832,0.964809,0.968847
0.02,0.78 ,0.0292987, 0.00403967,0.966662,0.970701
0.02,0.79 ,0.0275492, 0.00404105,0.96841,0.972451
0.02,0.8 ,0.0258981, 0.00404245,0.970059,0.974102
0.02,0.81 ,0.0243401, 0.00404389,0.971616,0.97566
0.02,0.82 ,0.0228699, 0.00404536,0.973085,0.97713
0.02,0.83 ,0.0214826, 0.00404686,0.97447,0.978517
0.02,0.84 ,0.0201738, 0.00404839,0.975778,0.979826
0.02,0.85 ,0.0189391, 0.00404996,0.977011,0.981061
0.02,0.86 ,0.0177744, 0.00405156,0.978174,0.982226
0.02,0.87 ,0.016676, 0.00405319,0.979271,0.983324
0.02,0.88 ,0.0156401, 0.00405486,0.980305,0.98436
0.02,0.89 ,0.0146633, 0.00405656,0.98128,0.985337
0.02,0.9 ,0.0137425, 0.00405829,0.982199,0.986257
0.02,0.91 ,0.0128746, 0.00406006,0.983065,0.987125
0.02,0.92 ,0.0120567, 0.00406187,0.983881,0.987943
0.02,0.93 ,0.0112861, 0.00406371,0.98465,0.988714
0.02,0.94 ,0.0105603, 0.00406559,0.985374,0.98944
0.02,0.95 ,0.00987679, 0.0040675,0.986056,0.990123
0.02,0.96 ,0.00923327, 0.00406946,0.986697,0.990767
0.02,0.97 ,0.00862759, 0.00407144,0.987301,0.991372
0.02,0.98 ,0.00805769, 0.00407347,0.987869,0.991942
0.02,0.99 ,0.00752162, 0.00407553,0.988403,0.992478
0.02,1 ,0.00701753, 0.00407763,0.988905,0.992982
0.03,0 ,0.993744, 0.0039914,0.00226482,0.00625621
0.03,0.01 ,0.993679, 0.00399172,0.00232902,0.00632074
0.03,0.02 ,0.993609, 0.00399205,0.00239906,0.00639111
0.03,0.03 ,0.993532, 0.00399239,0.0024758,0.00646818
0.03,0.04 ,0.993447, 0.00399272,0.00256025,0.00655297
0.03,0.05 ,0.993353, 0.00399307,0.00265364,0.00664671
0.03,0.06 ,0.993249, 0.00399341,0.00275751,0.00675092
0.03,0.07 ,0.993133, 0.00399377,0.00287373,0.0068675
0.03,0.08 ,0.993001, 0.00399412,0.00300467,0.00699879
0.03,0.09 ,0.992852, 0.00399449,0.00315334,0.00714782
0.03,0.1 ,0.992682, 0.00399485,0.00332362,0.00731847
0.03,0.11 ,0.992484, 0.00399523,0.00352063,0.00751586
0.03,0.12 ,0.992253, 0.00399561,0.00375124,0.00774684
0.03,0.13 ,0.991979, 0.00399599,0.00402485,0.00802084
0.03,0.14 ,0.991649, 0.00399638,0.00435476,0.00835114
0.03,0.15 ,0.991243, 0.00399677,0.00476035,0.00875712
0.03,0.16 ,0.990732, 0.00399717,0.00527094,0.00926811
0.03,0.17 ,0.990069, 0.00399758,0.00593312,0.0099307
0.03,0.18 ,0.989177, 0.00399799,0.00682543,0.0108234
0.03,0.19 ,0.987911, 0.00399841,0.00809076,0.0120892
0.03,0.2 ,0.985984, 0.00399884,0.0100167,0.0140155
0.03,0.21 ,0.982734, 0.00399927,0.013267,0.0172663
0.03,0.22 ,0.976319, 0.00399971,0.0196817,0.0236815
0.03,0.23 ,0.960708, 0.00400015,0.0352919,0.0392921
0.03,0.24 ,0.922424, 0.00400061,0.0735758,0.0775764
0.03,0.25 ,0.864057, 0.00400107,0.131942,0.135943
0.03,0.26 ,0.802366, 0.00400153,0.193633,0.197634
0.03,0.27 ,0.743743, 0.00400201,0.252255,0.256257
0.03,0.28 ,0.689511, 0.00400249,0.306487,0.310489
0.03,0.29 ,0.639721, 0.00400298,0.356276,0.360279
0.03,0.3 ,0.594098, 0.00400348,0.401898,0.405902
0.03,0.31 ,0.552288, 0.00400399,0.443708,0.447712
0.03,0.32 ,0.513936, 0.00400451,0.482059,0.486064
0.03,0.33 ,0.47871, 0.00400503,0.517285,0.52129
0.03,0.34 ,0.446308, 0.00400557,0.549687,0.553692
0.03,0.35 ,0.41646, 0.00400611,0.579533,0.58354
0.03,0.36 ,0.388926, 0.00400667,0.607067,0.611074
0.03,0.37 ,0.36349, 0.00400723,0.632503,0.63651
0.03,0.38 ,0.33996, 0.00400781,0.656032,0.66004
0.03,0.39 ,0.318166, 0.00400839,0.677826,0.681834
0.03,0.4 ,0.297953, 0.00400899,0.698038,0.702047
0.03,0.41 ,0.279187, 0.0040096,0.716803,0.720813
0.03,0.42 ,0.261744, 0.00401022,0.734246,0.738256
0.03,0.43 ,0.245513, 0.00401085,0.750476,0.754487
0.03,0.44 ,0.230395, 0.00401149,0.765593,0.769605
0.03,0.45 ,0.216302, 0.00401215,0.779686,0.783698
0.03,0.46 ,0.203151, 0.00401282,0.792836,0.796849
0.03,0.47 ,0.190869, 0.0040135,0.805117,0.809131
0.03,0.48 ,0.179391, 0.0040142,0.816595,0.820609
0.03,0.49 ,0.168654, 0.00401491,0.827331,0.831346
0.03,0.5 ,0.158605, 0.00401564,0.837379,0.841395
0.03,0.51 ,0.149193, 0.00401638,0.846791,0.850807
0.03,0.52 ,0.140372, 0.00401713,0.855611,0.859628
0.03,0.53 ,0.1321, 0.00401791,0.863882,0.8679
0.03,0.54 ,0.124339, 0.0040187,0.871643,0.875661
0.03,0.55 ,0.117052, 0.0040195,0.878928,0.882948
0.03,0.56 ,0.110209, 0.00402033,0.885771,0.889791
0.03,0.57 ,0.103778, 0.00402117,0.892201,0.896222
0.03,0.58 ,0.0977329, 0.00402203,0.898245,0.902267
0.03,0.59 ,0.0920475, 0.00402291,0.90393,0.907952
0.03,0.6 ,0.0866987, 0.00402381,0.909277,0.913301
0.03,0.61 ,0.0816647, 0.00402473,0.914311,0.918335
0.03,0.62 ,0.0769254, 0.00402567,0.919049,0.923075
0.03,0.63 ,0.0724622, 0.00402663,0.923511,0.927538
0.03,0.64 ,0.0682579, 0.00402761,0.927714,0.931742
0.03,0.65 ,0.0642964, 0.00402862,0.931675,0.935704
0.03,0.66 ,0.0605628, 0.00402964,0.935408,0.939437
0.03,0.67 ,0.0570433, 0.00403069,0.938926,0.942957
0.03,0.68 ,0.0537249, 0.00403177,0.942243,0.946275
0.03,0.69 ,0.0505956, 0.00403287,0.945372,0.949404
0.03,0.7 ,0.0476441, 0.004034,0.948322,0.952356
0.03,0.71 ,0.0448601, 0.00403515,0.951105,0.95514
0.03,0.72 ,0.0422336, 0.00403632,0.95373,0.957766
0.03,0.73 ,0.0397555, 0.00403753,0.956207,0.960245
0.03,0.74 ,0.0374172, 0.00403876,0.958544,0.962583
0.03,0.75 ,0.0352108, 0.00404002,0.960749,0.964789
0.03,0.76 ,0.0331286, 0.0040413,0.96283,0.966871
0.03,0.77 ,0.0311636, 0.00404262,0.964794,0.968836
0.03,0.78 ,0.0293093, 0.00404397,0.966647,0.970691
0.03,0.79 ,0.0275593, 0.00404534,0.968395,0.972441
0.03,0.8 ,0.0259078, 0.00404675,0.970045,0.974092
0.03,0.81 ,0.0243493, 0.00404818,0.971602,0.975651
0.03,0.82 ,0.0228787, 0.00404965,0.973072,0.977121
0.03,0.83 ,0.0214911, 0.00405115,0.974458,0.978509
0.03,0.84 ,0.020182, 0.00405269,0.975765,0.979818
0.03,0.85 ,0.0189469, 0.00405425,0.976999,0.981053
0.03,0.86 ,0.0177819, 0.00405585,0.978162,0.982218
0.03,0.87 ,0.0166831, 0.00405748,0.979259,0.983317
0.03,0.88 ,0.0156469, 0.00405915,0.980294,0.984353
0.03,0.89 ,0.0146698, 0.00406085,0.981269,0.98533
0.03,0.9 ,0.0137487, 0.00406258,0.982189,0.986251
0.03,0.91 ,0.0128805, 0.00406435,0.983055,0.987119
0.03,0.92 ,0.0120624, 0.00406616,0.983871,0.987938
0.03,0.93 ,0.0112915, 0.004068,0.98464,0.988708
0.03,0.94 ,0.0105655, 0.00406988,0.985365,0.989435
0.03,0.95 ,0.00988169, 0.00407179,0.986047,0.990118
0.03,0.96 ,0.00923795, 0.00407374,0.986688,0.990762
0.03,0.97 ,0.00863204, 0.00407573,0.987292,0.991368
0.03,0.98 ,0.00806193, 0.00407775,0.98786,0.991938
0.03,0.99 ,0.00752565, 0.00407982,0.988395,0.992474
0.03,1 ,0.00702136, 0.00408191,0.988897,0.992979
0.04,0 ,0.993639, 0.00399576,0.00236554,0.0063613
0.04,0.01 ,0.993574, 0.00399608,0.00242974,0.00642582
0.04,0.02 ,0.993504, 0.00399641,0.00249977,0.00649619
0.04,0.03 ,0.993427, 0.00399675,0.0025765,0.00657325
0.04,0.04 ,0.993342, 0.00399709,0.00266094,0.00665802
0.04,0.05 ,0.993248, 0.00399743,0.00275432,0.00675175
0.04,0.06 ,0.993144, 0.00399778,0.00285817,0.00685595
0.04,0.07 ,0.993027, 0.00399813,0.00297437,0.0069725
0.04,0.08 ,0.992896, 0.00399849,0.00310529,0.00710378
0.04,0.09 ,0.992747, 0.00399885,0.00325393,0.00725278
0.04,0.1 ,0.992577, 0.00399922,0.00342418,0.0074234
0.04,0.11 ,0.992379, 0.00399959,0.00362115,0.00762074
0.04,0.12 ,0.992148, 0.00399997,0.00385169,0.00785166
0.04,0.13 ,0.991874, 0.00400035,0.00412523,0.00812558
0.04,0.14 ,0.991544, 0.00400074,0.00445504,0.00845578
0.04,0.15 ,0.991138, 0.00400113,0.00486048,0.00886161
0.04,0.16 ,0.990628, 0.00400154,0.00537084,0.00937238
0.04,0.17 ,0.989965, 0.00400194,0.00603269,0.0100346
0.04,0.18 ,0.989073, 0.00400235,0.00692444,0.0109268
0.04,0.19 ,0.987808, 0.00400277,0.00818879,0.0121916
0.04,0.2 ,0.985884, 0.0040032,0.0101128,0.014116
0.04,0.21 ,0.982637, 0.00400363,0.0133589,0.0173625
0.04,0.22 ,0.976234, 0.00400407,0.0197619,0.0237659
0.04,0.23 ,0.960661, 0.00400452,0.0353341,0.0393386
0.04,0.24 ,0.922452, 0.00400497,0.0735432,0.0775482
0.04,0.25 ,0.864126, 0.00400543,0.131869,0.135874
0.04,0.26 ,0.802445, 0.0040059,0.193549,0.197555
0.04,0.27 ,0.743824, 0.00400637,0.25217,0.256176
0.04,0.28 ,0.68959, 0.00400685,0.306403,0.31041
0.04,0.29 ,0.639798, 0.00400734,0.356195,0.360202
0.04,0.3 ,0.594173, 0.00400784,0.401819,0.405827
0.04,0.31 ,0.55236, 0.00400835,0.443632,0.44764
0.04,0.32 ,0.514005, 0.00400887,0.481986,0.485995
0.04,0.33 ,0.478776, 0.00400939,0.517215,0.521224
0.04,0.34 ,0.446372, 0.00400993,0.549619,0.553628
0.04,0.35 ,0.416522, 0.00401047,0.579468,0.583478
0.04,0.36 ,0.388985, 0.00401103,0.607004,0.611015
0.04,0.37 ,0.363546, 0.00401159,0.632442,0.636454
0.04,0.38 ,0.340014, 0.00401217,0.655973,0.659986
0.04,0.39 ,0.318218, 0.00401275,0.67777,0.681782
0.04,0.4 ,0.298004, 0.00401335,0.697983,0.701996
0.04,0.41 ,0.279235, 0.00401396,0.716751,0.720765
0.04,0.42 ,0.26179, 0.00401458,0.734196,0.73821
0.04,0.43 ,0.245557, 0.00401521,0.750427,0.754443
0.04,0.44 ,0.230438, 0.00401585,0.765546,0.769562
0.04,0.45 ,0.216343, 0.00401651,0.779641,0.783657
0.04,0.46 ,0.20319, 0.00401718,0.792792,0.79681
0.04,0.47 ,0.190907, 0.00401786,0.805075,0.809093
0.04,0.48 ,0.179427, 0.00401856,0.816554,0.820573
0.04,0.49 ,0.16869, 0.00401927,0.827291,0.83131
0.04,0.5 ,0.158639, 0.00401999,0.837341,0.841361
0.04,0.51 ,0.149226, 0.00402074,0.846753,0.850774
0.04,0.52 ,0.140404, 0.00402149,0.855575,0.859596
0.04,0.53 ,0.13213, 0.00402226,0.863847,0.86787
0.04,0.54 ,0.124368, 0.00402305,0.871609,0.875632
0.04,0.55 ,0.11708, 0.00402386,0.878896,0.88292
0.04,0.56 ,0.110236, 0.00402468,0.88574,0.889764
0.04,0.57 ,0.103804, 0.00402552,0.89217,0.896196
0.04,0.58 ,0.0977578, 0.00402638,0.898216,0.902242
0.04,0.59 ,0.0920716, 0.00402726,0.903901,0.907928
0.04,0.6 ,0.0867218, 0.00402816,0.90925,0.913278
0.04,0.61 ,0.0816869, 0.00402908,0.914284,0.918313
0.04,0.62 ,0.0769468, 0.00403002,0.919023,0.923053
0.04,0.63 ,0.0724828, 0.00403098,0.923486,0.927517
0.04,0.64 ,0.0682777, 0.00403196,0.92769,0.931722
0.04,0.65 ,0.0643154, 0.00403297,0.931652,0.935685
0.04,0.66 ,0.0605811, 0.004034,0.935385,0.939419
0.04,0.67 ,0.0570608, 0.00403505,0.938904,0.942939
0.04,0.68 ,0.0537418, 0.00403612,0.942222,0.946258
0.04,0.69 ,0.0506118, 0.00403722,0.945351,0.949388
0.04,0.7 ,0.0476597, 0.00403835,0.948302,0.95234
0.04,0.71 ,0.044875, 0.0040395,0.951085,0.955125
0.04,0.72 ,0.0422479, 0.00404067,0.953711,0.957752
0.04,0.73 ,0.0397693, 0.00404188,0.956189,0.960231
0.04,0.74 ,0.0374304, 0.00404311,0.958526,0.96257
0.04,0.75 ,0.0352234, 0.00404437,0.960732,0.964777
0.04,0.76 ,0.0331408, 0.00404565,0.962814,0.966859
0.04,0.77 ,0.0311753, 0.00404697,0.964778,0.968825
0.04,0.78 ,0.0293204, 0.00404832,0.966631,0.97068
0.04,0.79 ,0.02757, 0.00404969,0.96838,0.97243
0.04,0.8 ,0.025918, 0.0040511,0.970031,0.974082
0.04,0.81 ,0.0243591, 0.00405253,0.971588,0.975641
0.04,0.82 ,0.0228881, 0.004054,0.973058,0.977112
0.04,0.83 ,0.0215001, 0.0040555,0.974444,0.9785
0.04,0.84 ,0.0201906, 0.00405703,0.975752,0.979809
0.04,0.85 ,0.0189552, 0.0040586,0.976986,0.981045
0.04,0.86 ,0.0177898, 0.00406019,0.97815,0.98221
0.04,0.87 ,0.0166906, 0.00406183,0.979248,0.983309
0.04,0.88 ,0.015654, 0.00406349,0.980282,0.984346
0.04,0.89 ,0.0146767, 0.00406519,0.981258,0.985323
0.04,0.9 ,0.0137553, 0.00406693,0.982178,0.986245
0.04,0.91 ,0.0128868, 0.00406869,0.983045,0.987113
0.04,0.92 ,0.0120684, 0.0040705,0.983861,0.987932
0.04,0.93 ,0.0112972, 0.00407234,0.98463,0.988703
0.04,0.94 ,0.0105709, 0.00407422,0.985355,0.989429
0.04,0.95 ,0.00988687, 0.00407613,0.986037,0.990113
0.04,0.96 ,0.00924288, 0.00407808,0.986679,0.990757
0.04,0.97 ,0.00863674, 0.00408007,0.987283,0.991363
0.04,0.98 ,0.00806639, 0.00408209,0.987852,0.991934
0.04,0.99 ,0.0075299, 0.00408415,0.988386,0.99247
0.04,1 ,0.0070254, 0.00408625,0.988888,0.992975
0.05,0 ,0.993526, 0.00400018,0.00247361,0.00647379
0.05,0.01 ,0.993462, 0.0040005,0.0025378,0.0065383
0.05,0.02 ,0.993391, 0.00400083,0.00260783,0.00660866
0.05,0.03 ,0.993314, 0.00400117,0.00268454,0.00668571
0.05,0.04 ,0.99323, 0.0040015,0.00276897,0.00677047
0.05,0.05 ,0.993136, 0.00400185,0.00286234,0.00686419
0.05,0.06 ,0.993032, 0.0040022,0.00296617,0.00696837
0.05,0.07 ,0.992915, 0.00400255,0.00308236,0.00708491
0.05,0.08 ,0.992784, 0.00400291,0.00321325,0.00721616
0.05,0.09 ,0.992635, 0.00400327,0.00336186,0.00736513
0.05,0.1 ,0.992464, 0.00400364,0.00353207,0.00753571
0.05,0.11 ,0.992267, 0.00400401,0.003729,0.007733
0.05,0.12 ,0.992036, 0.00400439,0.00395948,0.00796387
0.05,0.13 ,0.991762, 0.00400477,0.00423293,0.0082377
0.05,0.14 ,0.991432, 0.00400516,0.00456263,0.00856779
0.05,0.15 ,0.991027, 0.00400555,0.00496791,0.00897346
0.05,0.16 ,0.990516, 0.00400595,0.00547804,0.00948399
0.05,0.17 ,0.989854, 0.00400636,0.00613952,0.0101459
0.05,0.18 ,0.988963, 0.00400677,0.00703069,0.0110375
0.05,0.19 ,0.987699, 0.00400719,0.008294,0.0123012
0.05,0.2 ,0.985776, 0.00400762,0.010216,0.0142236
0.05,0.21 ,0.982534, 0.00400805,0.0134575,0.0174656
0.05,0.22 ,0.976143, 0.00400849,0.019848,0.0238565
0.05,0.23 ,0.960611, 0.00400893,0.0353798,0.0393887
0.05,0.24 ,0.922482, 0.00400938,0.0735089,0.0775183
0.05,0.25 ,0.864199, 0.00400984,0.131791,0.135801
0.05,0.26 ,0.80253, 0.00401031,0.19346,0.19747
0.05,0.27 ,0.74391, 0.00401079,0.252079,0.25609
0.05,0.28 ,0.689675, 0.00401127,0.306314,0.310325
0.05,0.29 ,0.639881, 0.00401176,0.356108,0.360119
0.05,0.3 ,0.594252, 0.00401226,0.401735,0.405748
0.05,0.31 ,0.552437, 0.00401277,0.443551,0.447563
0.05,0.32 ,0.514079, 0.00401328,0.481908,0.485921
0.05,0.33 ,0.478847, 0.00401381,0.517139,0.521153
0.05,0.34 ,0.44644, 0.00401435,0.549546,0.55356
0.05,0.35 ,0.416587, 0.00401489,0.579398,0.583413
0.05,0.36 ,0.389048, 0.00401544,0.606937,0.610952
0.05,0.37 ,0.363607, 0.00401601,0.632377,0.636393
0.05,0.38 ,0.340072, 0.00401658,0.655911,0.659928
0.05,0.39 ,0.318274, 0.00401717,0.677709,0.681726
0.05,0.4 ,0.298057, 0.00401776,0.697925,0.701943
0.05,0.41 ,0.279287, 0.00401837,0.716695,0.720713
0.05,0.42 ,0.261839, 0.00401899,0.734142,0.738161
0.05,0.43 ,0.245605, 0.00401962,0.750375,0.754395
0.05,0.44 ,0.230484, 0.00402027,0.765496,0.769516
0.05,0.45 ,0.216387, 0.00402092,0.779592,0.783613
0.05,0.46 ,0.203233, 0.00402159,0.792746,0.796767
0.05,0.47 ,0.190948, 0.00402227,0.80503,0.809052
0.05,0.48 ,0.179467, 0.00402297,0.81651,0.820533
0.05,0.49 ,0.168727, 0.00402368,0.827249,0.831273
0.05,0.5 ,0.158676, 0.00402441,0.8373,0.841324
0.05,0.51 ,0.149261, 0.00402515,0.846714,0.850739
0.05,0.52 ,0.140437, 0.0040259,0.855537,0.859563
0.05,0.53 ,0.132163, 0.00402668,0.863811,0.867837
0.05,0.54 ,0.124399, 0.00402747,0.871574,0.875601
0.05,0.55 ,0.11711, 0.00402827,0.878861,0.88289
0.05,0.56 ,0.110265, 0.00402909,0.885706,0.889735
0.05,0.57 ,0.103832, 0.00402994,0.892138,0.896168
0.05,0.58 ,0.0977845, 0.0040308,0.898185,0.902216
0.05,0.59 ,0.0920972, 0.00403167,0.903871,0.907903
0.05,0.6 ,0.0867464, 0.00403257,0.909221,0.913254
0.05,0.61 ,0.0817106, 0.00403349,0.914256,0.918289
0.05,0.62 ,0.0769695, 0.00403443,0.918996,0.92303
0.05,0.63 ,0.0725047, 0.00403539,0.92346,0.927495
0.05,0.64 ,0.0682987, 0.00403637,0.927665,0.931701
0.05,0.65 ,0.0643356, 0.00403738,0.931627,0.935664
0.05,0.66 ,0.0606005, 0.00403841,0.935361,0.939399
0.05,0.67 ,0.0570795, 0.00403946,0.938881,0.942921
0.05,0.68 ,0.0537597, 0.00404053,0.9422,0.94624
0.05,0.69 ,0.050629, 0.00404163,0.945329,0.949371
0.05,0.7 ,0.0476762, 0.00404275,0.948281,0.952324
0.05,0.71 ,0.0448909, 0.0040439,0.951065,0.955109
0.05,0.72 ,0.0422631, 0.00404508,0.953692,0.957737
0.05,0.73 ,0.0397839, 0.00404628,0.95617,0.960216
0.05,0.74 ,0.0374445, 0.00404751,0.958508,0.962556
0.05,0.75 ,0.0352369, 0.00404877,0.960714,0.964763
0.05,0.76 ,0.0331536, 0.00405006,0.962796,0.966846
0.05,0.77 ,0.0311876, 0.00405137,0.964761,0.968812
0.05,0.78 ,0.0293323, 0.00405272,0.966615,0.970668
0.05,0.79 ,0.0275813, 0.00405409,0.968365,0.972419
0.05,0.8 ,0.0259289, 0.0040555,0.970016,0.974071
0.05,0.81 ,0.0243695, 0.00405693,0.971574,0.97563
0.05,0.82 ,0.0228981, 0.0040584,0.973044,0.977102
0.05,0.83 ,0.0215097, 0.0040599,0.97443,0.97849
0.05,0.84 ,0.0201997, 0.00406143,0.975739,0.9798
0.05,0.85 ,0.0189639, 0.004063,0.976973,0.981036
0.05,0.86 ,0.0177981, 0.00406459,0.978137,0.982202
0.05,0.87 ,0.0166986, 0.00406622,0.979235,0.983301
0.05,0.88 ,0.0156617, 0.00406789,0.98027,0.984338
0.05,0.89 ,0.0146839, 0.00406959,0.981246,0.985316
0.05,0.9 ,0.0137622, 0.00407132,0.982166,0.986238
0.05,0.91 ,0.0128934, 0.00407309,0.983034,0.987107
0.05,0.92 ,0.0120747, 0.0040749,0.98385,0.987925
0.05,0.93 ,0.0113033, 0.00407674,0.98462,0.988697
0.05,0.94 ,0.0105766, 0.00407861,0.985345,0.989423
0.05,0.95 ,0.00989233, 0.00408052,0.986027,0.990108
0.05,0.96 ,0.00924808, 0.00408247,0.986669,0.990752
0.05,0.97 ,0.00864169, 0.00408446,0.987274,0.991358
0.05,0.98 ,0.0080711, 0.00408648,0.987842,0.991929
0.05,0.99 ,0.00753437, 0.00408854,0.988377,0.992466
0.05,1 ,0.00702966, 0.00409064,0.98888,0.99297
0.06,0 ,0.993405, 0.00400465,0.00258985,0.0065945
0.06,0.01 ,0.993341, 0.00400498,0.00265403,0.00665901
0.06,0.02 ,0.993271, 0.00400531,0.00272405,0.00672935
0.06,0.03 ,0.993194, 0.00400564,0.00280075,0.00680639
0.06,0.04 ,0.993109, 0.00400598,0.00288516,0.00689114
0.06,0.05 ,0.993015, 0.00400632,0.00297852,0.00698484
0.06,0.06 ,0.992911, 0.00400667,0.00308234,0.00708901
0.06,0.07 ,0.992794, 0.00400702,0.0031985,0.00720552
0.06,0.08 ,0.992663, 0.00400738,0.00332937,0.00733675
0.06,0.09 ,0.992514, 0.00400774,0.00347795,0.00748569
0.06,0.1 ,0.992344, 0.00400811,0.00364812,0.00765623
0.06,0.11 ,0.992147, 0.00400848,0.00384499,0.00785347
0.06,0.12 ,0.991916, 0.00400886,0.00407541,0.00808427
0.06,0.13 ,0.991642, 0.00400924,0.00434878,0.00835802
0.06,0.14 ,0.991312, 0.00400963,0.00467835,0.00868798
0.06,0.15 ,0.990907, 0.00401003,0.00508346,0.00909348
0.06,0.16 ,0.990396, 0.00401043,0.00559334,0.00960377
0.06,0.17 ,0.989735, 0.00401083,0.00625444,0.0102653
0.06,0.18 ,0.988844, 0.00401125,0.00714498,0.0111562
0.06,0.19 ,0.987581, 0.00401166,0.00840719,0.0124189
0.06,0.2 ,0.985661, 0.00401209,0.010327,0.0143391
0.06,0.21 ,0.982424, 0.00401252,0.0135637,0.0175762
0.06,0.22 ,0.976046, 0.00401296,0.0199409,0.0239538
0.06,0.23 ,0.960557, 0.0040134,0.0354294,0.0394428
0.06,0.24 ,0.922513, 0.00401386,0.0734729,0.0774867
0.06,0.25 ,0.864278, 0.00401432,0.131708,0.135722
0.06,0.26 ,0.80262, 0.00401478,0.193365,0.19738
0.06,0.27 ,0.744003, 0.00401526,0.251982,0.255997
0.06,0.28 ,0.689766, 0.00401574,0.306218,0.310234
0.06,0.29 ,0.639969, 0.00401623,0.356015,0.360031
0.06,0.3 ,0.594338, 0.00401673,0.401646,0.405662
0.06,0.31 ,0.552519, 0.00401724,0.443464,0.447481
0.06,0.32 ,0.514158, 0.00401776,0.481824,0.485842
0.06,0.33 ,0.478923, 0.00401828,0.517059,0.521077
0.06,0.34 ,0.446513, 0.00401882,0.549468,0.553487
0.06,0.35 ,0.416657, 0.00401936,0.579323,0.583343
0.06,0.36 ,0.389115, 0.00401992,0.606865,0.610885
0.06,0.37 ,0.363672, 0.00402048,0.632308,0.636328
0.06,0.38 ,0.340135, 0.00402105,0.655844,0.659865
0.06,0.39 ,0.318333, 0.00402164,0.677645,0.681667
0.06,0.4 ,0.298115, 0.00402224,0.697863,0.701885
0.06,0.41 ,0.279342, 0.00402284,0.716635,0.720658
0.06,0.42 ,0.261893, 0.00402346,0.734084,0.738107
0.06,0.43 ,0.245656, 0.00402409,0.75032,0.754344
0.06,0.44 ,0.230533, 0.00402474,0.765442,0.769467
0.06,0.45 ,0.216434, 0.00402539,0.77954,0.783566
0.06,0.46 ,0.203278, 0.00402606,0.792696,0.796722
0.06,0.47 ,0.190992, 0.00402674,0.804981,0.809008
0.06,0.48 ,0.179509, 0.00402744,0.816464,0.820491
0.06,0.49 ,0.168768, 0.00402815,0.827204,0.831232
0.06,0.5 ,0.158714, 0.00402888,0.837257,0.841286
0.06,0.51 ,0.149298, 0.00402962,0.846672,0.850702
0.06,0.52 ,0.140473, 0.00403037,0.855497,0.859527
0.06,0.53 ,0.132197, 0.00403114,0.863772,0.867803
0.06,0.54 ,0.124432, 0.00403193,0.871536,0.875568
0.06,0.55 ,0.117142, 0.00403274,0.878825,0.882858
0.06,0.56 ,0.110295, 0.00403356,0.885671,0.889705
0.06,0.57 ,0.103861, 0.0040344,0.892104,0.896139
0.06,0.58 ,0.0978129, 0.00403526,0.898152,0.902187
0.06,0.59 ,0.0921245, 0.00403614,0.903839,0.907875
0.06,0.6 ,0.0867727, 0.00403704,0.90919,0.913227
0.06,0.61 ,0.0817359, 0.00403796,0.914226,0.918264
0.06,0.62 ,0.0769938, 0.0040389,0.918967,0.923006
0.06,0.63 ,0.072528, 0.00403986,0.923432,0.927472
0.06,0.64 ,0.0683211, 0.00404084,0.927638,0.931679
0.06,0.65 ,0.0643572, 0.00404184,0.931601,0.935643
0.06,0.66 ,0.0606212, 0.00404287,0.935336,0.939379
0.06,0.67 ,0.0570994, 0.00404392,0.938857,0.942901
0.06,0.68 ,0.0537788, 0.00404499,0.942176,0.946221
0.06,0.69 ,0.0506473, 0.00404609,0.945307,0.949353
0.06,0.7 ,0.0476938, 0.00404722,0.948259,0.952306
0.06,0.71 ,0.0449077, 0.00404837,0.951044,0.955092
0.06,0.72 ,0.0422793, 0.00404954,0.953671,0.957721
0.06,0.73 ,0.0397994, 0.00405075,0.95615,0.960201
0.06,0.74 ,0.0374593, 0.00405198,0.958489,0.962541
0.06,0.75 ,0.0352512, 0.00405323,0.960696,0.964749
0.06,0.76 ,0.0331673, 0.00405452,0.962778,0.966833
0.06,0.77 ,0.0312007, 0.00405583,0.964743,0.968799
0.06,0.78 ,0.0293448, 0.00405718,0.966598,0.970655
0.06,0.79 ,0.0275933, 0.00405855,0.968348,0.972407
0.06,0.8 ,0.0259404, 0.00405996,0.97,0.97406
0.06,0.81 ,0.0243806, 0.00406139,0.971558,0.975619
0.06,0.82 ,0.0229086, 0.00406286,0.973029,0.977091
0.06,0.83 ,0.0215198, 0.00406436,0.974416,0.97848
0.06,0.84 ,0.0202094, 0.00406589,0.975725,0.979791
0.06,0.85 ,0.0189731, 0.00406745,0.976959,0.981027
0.06,0.86 ,0.0178069, 0.00406905,0.978124,0.982193
0.06,0.87 ,0.016707, 0.00407068,0.979222,0.983293
0.06,0.88 ,0.0156697, 0.00407234,0.980258,0.98433
0.06,0.89 ,0.0146916, 0.00407404,0.981234,0.985308
0.06,0.9 ,0.0137695, 0.00407577,0.982155,0.98623
0.06,0.91 ,0.0129004, 0.00407754,0.983022,0.9871
0.06,0.92 ,0.0120813, 0.00407935,0.983839,0.987919
0.06,0.93 ,0.0113096, 0.00408119,0.984609,0.98869
0.06,0.94 ,0.0105827, 0.00408306,0.985334,0.989417
0.06,0.95 ,0.0098981, 0.00408497,0.986017,0.990102
0.06,0.96 ,0.00925357, 0.00408692,0.98666,0.990746
0.06,0.97 ,0.00864691, 0.00408891,0.987264,0.991353
0.06,0.98 ,0.00807607, 0.00409093,0.987833,0.991924
0.06,0.99 ,0.0075391, 0.00409299,0.988368,0.992461
0.06,1 ,0.00703415, 0.00409509,0.988871,0.992966
0.07,0 ,0.993276, 0.00400918,0.00271521,0.00672439
0.07,0.01 ,0.993211, 0.00400951,0.00277937,0.00678888
0.07,0.02 ,0.993141, 0.00400984,0.00284938,0.00685922
0.07,0.03 ,0.993064, 0.00401017,0.00292607,0.00693625
0.07,0.04 ,0.992979, 0.00401051,0.00301047,0.00702098
0.07,0.05 ,0.992885, 0.00401085,0.00310381,0.00711466
0.07,0.06 ,0.992781, 0.0040112,0.00320761,0.00721881
0.07,0.07 ,0.992665, 0.00401155,0.00332375,0.0073353
0.07,0.08 ,0.992534, 0.00401191,0.00345459,0.0074665
0.07,0.09 ,0.992385, 0.00401227,0.00360313,0.00761541
0.07,0.1 ,0.992214, 0.00401264,0.00377326,0.0077859
0.07,0.11 ,0.992017, 0.00401301,0.00397008,0.00798309
0.07,0.12 ,0.991786, 0.00401339,0.00420043,0.00821382
0.07,0.13 ,0.991513, 0.00401377,0.0044737,0.00848747
0.07,0.14 ,0.991183, 0.00401416,0.00480315,0.00881731
0.07,0.15 ,0.990777, 0.00401456,0.00520807,0.00922263
0.07,0.16 ,0.990267, 0.00401496,0.00571769,0.00973265
0.07,0.17 ,0.989606, 0.00401536,0.00637837,0.0103937
0.07,0.18 ,0.988716, 0.00401578,0.00726824,0.011284
0.07,0.19 ,0.987455, 0.00401619,0.00852928,0.0125455
0.07,0.2 ,0.985537, 0.00401662,0.0104468,0.0144635
0.07,0.21 ,0.982305, 0.00401705,0.0136783,0.0176954
0.07,0.22 ,0.975941, 0.00401749,0.0200412,0.0240587
0.07,0.23 ,0.960499, 0.00401793,0.0354835,0.0395015
0.07,0.24 ,0.922547, 0.00401839,0.0734348,0.0774532
0.07,0.25 ,0.864362, 0.00401885,0.131619,0.135638
0.07,0.26 ,0.802718, 0.00401931,0.193263,0.197282
0.07,0.27 ,0.744102, 0.00401979,0.251878,0.255898
0.07,0.28 ,0.689864, 0.00402027,0.306116,0.310136
0.07,0.29 ,0.640064, 0.00402076,0.355915,0.359936
0.07,0.3 ,0.594429, 0.00402126,0.401549,0.405571
0.07,0.31 ,0.552607, 0.00402177,0.443371,0.447393
0.07,0.32 ,0.514243, 0.00402229,0.481735,0.485757
0.07,0.33 ,0.479005, 0.00402281,0.516973,0.520995
0.07,0.34 ,0.446591, 0.00402335,0.549385,0.553409
0.07,0.35 ,0.416733, 0.00402389,0.579243,0.583267
0.07,0.36 ,0.389188, 0.00402444,0.606788,0.610812
0.07,0.37 ,0.363741, 0.00402501,0.632234,0.636259
0.07,0.38 ,0.340202, 0.00402558,0.655773,0.659798
0.07,0.39 ,0.318398, 0.00402617,0.677576,0.681602
0.07,0.4 ,0.298176, 0.00402676,0.697797,0.701824
0.07,0.41 ,0.279401, 0.00402737,0.716571,0.720599
0.07,0.42 ,0.26195, 0.00402799,0.734022,0.73805
0.07,0.43 ,0.245711, 0.00402862,0.750261,0.754289
0.07,0.44 ,0.230586, 0.00402926,0.765385,0.769414
0.07,0.45 ,0.216485, 0.00402992,0.779485,0.783515
0.07,0.46 ,0.203327, 0.00403059,0.792642,0.796673
0.07,0.47 ,0.191039, 0.00403127,0.80493,0.808961
0.07,0.48 ,0.179554, 0.00403197,0.816414,0.820446
0.07,0.49 ,0.168811, 0.00403268,0.827156,0.831189
0.07,0.5 ,0.158756, 0.0040334,0.837211,0.841244
0.07,0.51 ,0.149338, 0.00403414,0.846628,0.850662
0.07,0.52 ,0.140512, 0.0040349,0.855453,0.859488
0.07,0.53 ,0.132234, 0.00403567,0.86373,0.867766
0.07,0.54 ,0.124468, 0.00403646,0.871496,0.875532
0.07,0.55 ,0.117176, 0.00403726,0.878786,0.882824
0.07,0.56 ,0.110328, 0.00403809,0.885634,0.889672
0.07,0.57 ,0.103893, 0.00403893,0.892068,0.896107
0.07,0.58 ,0.0978433, 0.00403979,0.898117,0.902157
0.07,0.59 ,0.0921538, 0.00404066,0.903806,0.907846
0.07,0.6 ,0.0868008, 0.00404156,0.909158,0.913199
0.07,0.61 ,0.0817629, 0.00404248,0.914195,0.918237
0.07,0.62 ,0.0770198, 0.00404342,0.918937,0.92298
0.07,0.63 ,0.0725529, 0.00404438,0.923403,0.927447
0.07,0.64 ,0.0683451, 0.00404536,0.92761,0.931655
0.07,0.65 ,0.0643801, 0.00404636,0.931573,0.93562
0.07,0.66 ,0.0606433, 0.00404739,0.935309,0.939357
0.07,0.67 ,0.0571206, 0.00404844,0.938831,0.942879
0.07,0.68 ,0.0537991, 0.00404952,0.942151,0.946201
0.07,0.69 ,0.0506668, 0.00405061,0.945283,0.949333
