Betapv,Betamv,V,Rs,Rv,P
0,0 ,0.994936, 0.00306355,0.002,0.00506355
0,0.01 ,0.994872, 0.00306388,0.00206426,0.00512814
0,0.02 ,0.994801, 0.00306421,0.00213438,0.00519859
0,0.03 ,0.994724, 0.00306455,0.00221121,0.00527576
0,0.04 ,0.994639, 0.00306489,0.00229577,0.00536065
0,0.05 ,0.994545, 0.00306523,0.0023893,0.00545453
0,0.06 ,0.994441, 0.00306558,0.00249333,0.00555891
0,0.07 ,0.994324, 0.00306593,0.00260975,0.00567569
0,0.08 ,0.994193, 0.00306629,0.00274095,0.00580724
0,0.09 ,0.994043, 0.00306666,0.00288993,0.00595659
0,0.1 ,0.993872, 0.00306703,0.00306063,0.00612765
0,0.11 ,0.993674, 0.0030674,0.00325817,0.00632557
0,0.12 ,0.993443, 0.00306778,0.00348948,0.00655726
0,0.13 ,0.993168, 0.00306817,0.00376403,0.0068322
0,0.14 ,0.992836, 0.00306856,0.00409525,0.00716381
0,0.15 ,0.992428, 0.00306895,0.00450268,0.00757164
0,0.16 ,0.991915, 0.00306936,0.00501598,0.00808533
0,0.17 ,0.991248, 0.00306977,0.00568231,0.00875207
0,0.18 ,0.990348, 0.00307018,0.00658134,0.00965152
0,0.19 ,0.989071, 0.0030706,0.0078584,0.010929
0,0.2 ,0.987122, 0.00307103,0.009807,0.012878
0,0.21 ,0.983821, 0.00307146,0.013108,0.0161795
0,0.22 ,0.977267, 0.00307191,0.019661,0.0227329
0,0.23 ,0.961213, 0.00307235,0.0357143,0.0387866
0,0.24 ,0.922077, 0.00307281,0.0748497,0.0779225
0,0.25 ,0.863263, 0.00307327,0.133664,0.136737
0,0.26 ,0.801458, 0.00307374,0.195468,0.198542
0,0.27 ,0.742821, 0.00307422,0.254105,0.257179
0,0.28 ,0.688604, 0.00307471,0.308321,0.311396
0,0.29 ,0.638841, 0.0030752,0.358084,0.361159
0,0.3 ,0.593249, 0.0030757,0.403675,0.406751
0,0.31 ,0.55147, 0.00307621,0.445453,0.44853
0,0.32 ,0.513149, 0.00307673,0.483774,0.486851
0,0.33 ,0.477953, 0.00307726,0.518969,0.522047
0,0.34 ,0.445581, 0.0030778,0.551341,0.554419
0,0.35 ,0.415762, 0.00307835,0.581159,0.584238
0,0.36 ,0.388255, 0.00307891,0.608666,0.611745
0,0.37 ,0.362845, 0.00307947,0.634075,0.637155
0,0.38 ,0.33934, 0.00308005,0.65758,0.66066
0,0.39 ,0.31757, 0.00308064,0.67935,0.68243
0,0.4 ,0.297381, 0.00308124,0.699538,0.702619
0,0.41 ,0.278636, 0.00308185,0.718282,0.721364
0,0.42 ,0.261214, 0.00308248,0.735704,0.738786
0,0.43 ,0.245003, 0.00308311,0.751914,0.754997
0,0.44 ,0.229905, 0.00308376,0.767012,0.770095
0,0.45 ,0.21583, 0.00308442,0.781086,0.78417
0,0.46 ,0.202696, 0.00308509,0.794219,0.797304
0,0.47 ,0.190432, 0.00308578,0.806482,0.809568
0,0.48 ,0.17897, 0.00308648,0.817944,0.82103
0,0.49 ,0.168249, 0.0030872,0.828664,0.831751
0,0.5 ,0.158215, 0.00308793,0.838697,0.841785
0,0.51 ,0.148817, 0.00308868,0.848094,0.851183
0,0.52 ,0.14001, 0.00308944,0.8569,0.85999
0,0.53 ,0.131752, 0.00309022,0.865158,0.868248
0,0.54 ,0.124003, 0.00309101,0.872906,0.875997
0,0.55 ,0.116729, 0.00309182,0.880179,0.883271
0,0.56 ,0.109898, 0.00309265,0.88701,0.890102
0,0.57 ,0.103479, 0.0030935,0.893428,0.896521
0,0.58 ,0.0974445, 0.00309437,0.899461,0.902555
0,0.59 ,0.0917699, 0.00309525,0.905135,0.90823
0,0.6 ,0.0864315, 0.00309616,0.910472,0.913569
0,0.61 ,0.0814074, 0.00309708,0.915495,0.918593
0,0.62 ,0.0766778, 0.00309803,0.920224,0.923322
0,0.63 ,0.0722239, 0.003099,0.924677,0.927776
0,0.64 ,0.0680286, 0.00309999,0.928871,0.931971
0,0.65 ,0.0640757, 0.003101,0.932823,0.935924
0,0.66 ,0.0603505, 0.00310204,0.936547,0.939649
0,0.67 ,0.0568391, 0.00310309,0.940058,0.943161
0,0.68 ,0.0535285, 0.00310418,0.943367,0.946472
0,0.69 ,0.0504067, 0.00310529,0.946488,0.949593
0,0.7 ,0.0474625, 0.00310642,0.949431,0.952537
0,0.71 ,0.0446855, 0.00310758,0.952207,0.955315
0,0.72 ,0.0420658, 0.00310877,0.954825,0.957934
0,0.73 ,0.0395942, 0.00310998,0.957296,0.960406
0,0.74 ,0.0372623, 0.00311122,0.959626,0.962738
0,0.75 ,0.035062, 0.00311249,0.961826,0.964938
0,0.76 ,0.0329857, 0.00311378,0.963901,0.967014
0,0.77 ,0.0310264, 0.00311511,0.965858,0.968974
0,0.78 ,0.0291776, 0.00311647,0.967706,0.970822
0,0.79 ,0.0274329, 0.00311785,0.969449,0.972567
0,0.8 ,0.0257865, 0.00311927,0.971094,0.974213
0,0.81 ,0.024233, 0.00312072,0.972646,0.975767
0,0.82 ,0.0227672, 0.0031222,0.974111,0.977233
0,0.83 ,0.0213843, 0.00312371,0.975492,0.978616
0,0.84 ,0.0200796, 0.00312526,0.976795,0.97992
0,0.85 ,0.0188488, 0.00312683,0.978024,0.981151
0,0.86 ,0.017688, 0.00312845,0.979184,0.982312
0,0.87 ,0.0165932, 0.00313009,0.980277,0.983407
0,0.88 ,0.0155608, 0.00313177,0.981307,0.984439
0,0.89 ,0.0145875, 0.00313348,0.982279,0.985413
0,0.9 ,0.01367, 0.00313523,0.983195,0.98633
0,0.91 ,0.0128053, 0.00313702,0.984058,0.987195
0,0.92 ,0.0119905, 0.00313884,0.984871,0.98801
0,0.93 ,0.0112229, 0.00314069,0.985636,0.988777
0,0.94 ,0.0104999, 0.00314259,0.986358,0.9895
0,0.95 ,0.00981912, 0.00314452,0.987036,0.990181
0,0.96 ,0.00917826, 0.00314648,0.987675,0.990822
0,0.97 ,0.00857513, 0.00314849,0.988276,0.991425
0,0.98 ,0.00800769, 0.00315053,0.988842,0.991992
0,0.99 ,0.00747398, 0.00315261,0.989373,0.992526
0,1 ,0.00697217, 0.00315472,0.989873,0.993028
0.01,0 ,0.994877, 0.00306531,0.00205796,0.00512327
0.01,0.01 ,0.994812, 0.00306564,0.00212222,0.00518786
0.01,0.02 ,0.994742, 0.00306597,0.00219234,0.00525831
0.01,0.03 ,0.994665, 0.00306631,0.00226916,0.00533546
0.01,0.04 ,0.99458, 0.00306665,0.00235371,0.00542035
0.01,0.05 ,0.994486, 0.00306699,0.00244723,0.00551422
0.01,0.06 ,0.994381, 0.00306734,0.00255126,0.0056186
0.01,0.07 ,0.994265, 0.0030677,0.00266767,0.00573536
0.01,0.08 ,0.994133, 0.00306805,0.00279885,0.0058669
0.01,0.09 ,0.993984, 0.00306842,0.00294782,0.00601624
0.01,0.1 ,0.993813, 0.00306879,0.00311849,0.00618728
0.01,0.11 ,0.993615, 0.00306916,0.00331601,0.00638518
0.01,0.12 ,0.993383, 0.00306954,0.00354728,0.00661683
0.01,0.13 ,0.993108, 0.00306993,0.0038218,0.00689172
0.01,0.14 ,0.992777, 0.00307032,0.00415295,0.00722327
0.01,0.15 ,0.992369, 0.00307072,0.00456029,0.00763101
0.01,0.16 ,0.991855, 0.00307112,0.00507346,0.00814458
0.01,0.17 ,0.991189, 0.00307153,0.00573959,0.00881111
0.01,0.18 ,0.99029, 0.00307194,0.00663829,0.00971024
0.01,0.19 ,0.989013, 0.00307236,0.00791478,0.0109871
0.01,0.2 ,0.987065, 0.00307279,0.00986227,0.0129351
0.01,0.21 ,0.983766, 0.00307322,0.0131608,0.016234
0.01,0.22 ,0.977219, 0.00307367,0.0197069,0.0227805
0.01,0.23 ,0.961188, 0.00307411,0.0357377,0.0388119
0.01,0.24 ,0.922095, 0.00307457,0.0748305,0.0779051
0.01,0.25 ,0.863303, 0.00307503,0.133622,0.136697
0.01,0.26 ,0.801504, 0.0030755,0.195421,0.198496
0.01,0.27 ,0.742867, 0.00307598,0.254057,0.257133
0.01,0.28 ,0.68865, 0.00307647,0.308274,0.31135
0.01,0.29 ,0.638885, 0.00307696,0.358038,0.361115
0.01,0.3 ,0.593291, 0.00307746,0.403631,0.406709
0.01,0.31 ,0.551511, 0.00307797,0.445411,0.448489
0.01,0.32 ,0.513189, 0.00307849,0.483733,0.486811
0.01,0.33 ,0.477991, 0.00307902,0.51893,0.522009
0.01,0.34 ,0.445618, 0.00307956,0.551303,0.554382
0.01,0.35 ,0.415797, 0.00308011,0.581123,0.584203
0.01,0.36 ,0.388289, 0.00308067,0.60863,0.611711
0.01,0.37 ,0.362877, 0.00308123,0.634041,0.637123
0.01,0.38 ,0.339371, 0.00308181,0.657547,0.660629
0.01,0.39 ,0.317599, 0.0030824,0.679318,0.682401
0.01,0.4 ,0.297409, 0.003083,0.699508,0.702591
0.01,0.41 ,0.278664, 0.00308361,0.718253,0.721336
0.01,0.42 ,0.26124, 0.00308424,0.735676,0.73876
0.01,0.43 ,0.245028, 0.00308487,0.751887,0.754972
0.01,0.44 ,0.229929, 0.00308552,0.766985,0.770071
0.01,0.45 ,0.215853, 0.00308618,0.781061,0.784147
0.01,0.46 ,0.202719, 0.00308685,0.794194,0.797281
0.01,0.47 ,0.190454, 0.00308754,0.806459,0.809546
0.01,0.48 ,0.178991, 0.00308824,0.817921,0.821009
0.01,0.49 ,0.168269, 0.00308896,0.828642,0.831731
0.01,0.5 ,0.158234, 0.00308969,0.838676,0.841766
0.01,0.51 ,0.148836, 0.00309044,0.848074,0.851164
0.01,0.52 ,0.140028, 0.0030912,0.856881,0.859972
0.01,0.53 ,0.131769, 0.00309197,0.865139,0.868231
0.01,0.54 ,0.12402, 0.00309277,0.872887,0.87598
0.01,0.55 ,0.116745, 0.00309358,0.880161,0.883255
0.01,0.56 ,0.109913, 0.00309441,0.886992,0.890087
0.01,0.57 ,0.103494, 0.00309526,0.893411,0.896506
0.01,0.58 ,0.0974588, 0.00309612,0.899445,0.902541
0.01,0.59 ,0.0917837, 0.00309701,0.905119,0.908216
0.01,0.6 ,0.0864447, 0.00309791,0.910457,0.913555
0.01,0.61 ,0.0814202, 0.00309884,0.915481,0.91858
0.01,0.62 ,0.07669, 0.00309979,0.92021,0.92331
0.01,0.63 ,0.0722357, 0.00310075,0.924664,0.927764
0.01,0.64 ,0.0680399, 0.00310174,0.928858,0.93196
0.01,0.65 ,0.0640867, 0.00310276,0.932811,0.935913
0.01,0.66 ,0.060361, 0.00310379,0.936535,0.939639
0.01,0.67 ,0.0568492, 0.00310485,0.940046,0.943151
0.01,0.68 ,0.0535382, 0.00310593,0.943356,0.946462
0.01,0.69 ,0.050416, 0.00310704,0.946477,0.949584
0.01,0.7 ,0.0474715, 0.00310818,0.94942,0.952529
0.01,0.71 ,0.0446941, 0.00310934,0.952197,0.955306
0.01,0.72 ,0.042074, 0.00311052,0.954815,0.957926
0.01,0.73 ,0.0396022, 0.00311173,0.957286,0.960398
0.01,0.74 ,0.0372699, 0.00311297,0.959617,0.96273
0.01,0.75 ,0.0350693, 0.00311424,0.961816,0.964931
0.01,0.76 ,0.0329927, 0.00311554,0.963892,0.967007
0.01,0.77 ,0.0310332, 0.00311687,0.96585,0.968967
0.01,0.78 ,0.029184, 0.00311822,0.967698,0.970816
0.01,0.79 ,0.0274391, 0.00311961,0.969441,0.972561
0.01,0.8 ,0.0257925, 0.00312103,0.971087,0.974208
0.01,0.81 ,0.0242387, 0.00312247,0.972639,0.975761
0.01,0.82 ,0.0227727, 0.00312395,0.974103,0.977227
0.01,0.83 ,0.0213895, 0.00312547,0.975485,0.97861
0.01,0.84 ,0.0200846, 0.00312701,0.976788,0.979915
0.01,0.85 ,0.0188536, 0.00312859,0.978018,0.981146
0.01,0.86 ,0.0176925, 0.0031302,0.979177,0.982307
0.01,0.87 ,0.0165975, 0.00313184,0.980271,0.983402
0.01,0.88 ,0.015565, 0.00313352,0.981301,0.984435
0.01,0.89 ,0.0145915, 0.00313524,0.982273,0.985408
0.01,0.9 ,0.0136738, 0.00313699,0.983189,0.986326
0.01,0.91 ,0.0128089, 0.00313877,0.984052,0.987191
0.01,0.92 ,0.011994, 0.00314059,0.984865,0.988006
0.01,0.93 ,0.0112262, 0.00314245,0.985631,0.988774
0.01,0.94 ,0.0105031, 0.00314434,0.986353,0.989497
0.01,0.95 ,0.00982216, 0.00314627,0.987032,0.990178
0.01,0.96 ,0.00918115, 0.00314823,0.987671,0.990819
0.01,0.97 ,0.00857789, 0.00315024,0.988272,0.991422
0.01,0.98 ,0.00801031, 0.00315228,0.988837,0.99199
0.01,0.99 ,0.00747648, 0.00315436,0.989369,0.992524
0.01,1 ,0.00697454, 0.00315647,0.989869,0.993025
0.02,0 ,0.994813, 0.00306709,0.00211966,0.00518676
0.02,0.01 ,0.994749, 0.00306742,0.00218392,0.00525134
0.02,0.02 ,0.994678, 0.00306775,0.00225403,0.00532178
0.02,0.03 ,0.994601, 0.00306809,0.00233085,0.00539894
0.02,0.04 ,0.994516, 0.00306843,0.00241539,0.00548382
0.02,0.05 ,0.994422, 0.00306877,0.00250891,0.00557768
0.02,0.06 ,0.994318, 0.00306912,0.00261292,0.00568204
0.02,0.07 ,0.994201, 0.00306948,0.00272932,0.0057988
0.02,0.08 ,0.99407, 0.00306984,0.00286049,0.00593033
0.02,0.09 ,0.99392, 0.0030702,0.00300945,0.00607965
0.02,0.1 ,0.993749, 0.00307057,0.0031801,0.00625067
0.02,0.11 ,0.993551, 0.00307094,0.00337759,0.00644854
0.02,0.12 ,0.99332, 0.00307132,0.00360883,0.00668015
0.02,0.13 ,0.993045, 0.00307171,0.00388329,0.006955
0.02,0.14 ,0.992714, 0.0030721,0.00421438,0.00728648
0.02,0.15 ,0.992306, 0.0030725,0.00462163,0.00769413
0.02,0.16 ,0.991792, 0.0030729,0.00513466,0.00820756
0.02,0.17 ,0.991126, 0.00307331,0.00580057,0.00887388
0.02,0.18 ,0.990227, 0.00307372,0.00669894,0.00977266
0.02,0.19 ,0.988951, 0.00307415,0.00797481,0.011049
0.02,0.2 ,0.987004, 0.00307457,0.00992112,0.0129957
0.02,0.21 ,0.983708, 0.00307501,0.013217,0.016292
0.02,0.22 ,0.977169, 0.00307545,0.0197557,0.0228312
0.02,0.23 ,0.961161, 0.0030759,0.0357629,0.0388388
0.02,0.24 ,0.922113, 0.00307635,0.0748104,0.0778867
0.02,0.25 ,0.863345, 0.00307681,0.133579,0.136655
0.02,0.26 ,0.801552, 0.00307728,0.195371,0.198448
0.02,0.27 ,0.742916, 0.00307776,0.254006,0.257084
0.02,0.28 ,0.688698, 0.00307825,0.308224,0.311302
0.02,0.29 ,0.638932, 0.00307874,0.35799,0.361068
0.02,0.3 ,0.593336, 0.00307924,0.403585,0.406664
0.02,0.31 ,0.551554, 0.00307975,0.445366,0.448446
0.02,0.32 ,0.51323, 0.00308027,0.483689,0.48677
0.02,0.33 ,0.478031, 0.0030808,0.518888,0.521969
0.02,0.34 ,0.445656, 0.00308134,0.551263,0.554344
0.02,0.35 ,0.415834, 0.00308189,0.581084,0.584166
0.02,0.36 ,0.388324, 0.00308245,0.608593,0.611676
0.02,0.37 ,0.362912, 0.00308302,0.634005,0.637088
0.02,0.38 ,0.339404, 0.00308359,0.657512,0.660596
0.02,0.39 ,0.317631, 0.00308418,0.679285,0.682369
0.02,0.4 ,0.297439, 0.00308478,0.699476,0.702561
0.02,0.41 ,0.278693, 0.00308539,0.718222,0.721307
0.02,0.42 ,0.261268, 0.00308602,0.735646,0.738732
0.02,0.43 ,0.245055, 0.00308665,0.751858,0.754945
0.02,0.44 ,0.229955, 0.0030873,0.766958,0.770045
0.02,0.45 ,0.215878, 0.00308796,0.781034,0.784122
0.02,0.46 ,0.202743, 0.00308863,0.794168,0.797257
0.02,0.47 ,0.190477, 0.00308932,0.806434,0.809523
0.02,0.48 ,0.179013, 0.00309002,0.817897,0.820987
0.02,0.49 ,0.168291, 0.00309074,0.828619,0.831709
0.02,0.5 ,0.158255, 0.00309147,0.838654,0.841745
0.02,0.51 ,0.148856, 0.00309222,0.848052,0.851144
0.02,0.52 ,0.140047, 0.00309298,0.85686,0.859953
0.02,0.53 ,0.131787, 0.00309375,0.865119,0.868213
0.02,0.54 ,0.124037, 0.00309455,0.872868,0.875963
0.02,0.55 ,0.116762, 0.00309536,0.880142,0.883238
0.02,0.56 ,0.10993, 0.00309619,0.886974,0.89007
0.02,0.57 ,0.103509, 0.00309704,0.893394,0.896491
0.02,0.58 ,0.097474, 0.0030979,0.899428,0.902526
0.02,0.59 ,0.0917983, 0.00309879,0.905103,0.908202
0.02,0.6 ,0.0864588, 0.00309969,0.910442,0.913541
0.02,0.61 ,0.0814337, 0.00310062,0.915466,0.918566
0.02,0.62 ,0.0767031, 0.00310157,0.920195,0.923297
0.02,0.63 ,0.0722482, 0.00310253,0.924649,0.927752
0.02,0.64 ,0.0680519, 0.00310352,0.928845,0.931948
0.02,0.65 ,0.0640982, 0.00310454,0.932797,0.935902
0.02,0.66 ,0.0603721, 0.00310557,0.936522,0.939628
0.02,0.67 ,0.0568599, 0.00310663,0.940034,0.94314
0.02,0.68 ,0.0535484, 0.00310771,0.943344,0.946452
0.02,0.69 ,0.0504259, 0.00310882,0.946465,0.949574
0.02,0.7 ,0.047481, 0.00310995,0.949409,0.952519
0.02,0.71 ,0.0447032, 0.00311111,0.952186,0.955297
0.02,0.72 ,0.0420828, 0.0031123,0.954805,0.957917
0.02,0.73 ,0.0396106, 0.00311351,0.957276,0.960389
0.02,0.74 ,0.037278, 0.00311475,0.959607,0.962722
0.02,0.75 ,0.035077, 0.00311602,0.961807,0.964923
0.02,0.76 ,0.0330001, 0.00311732,0.963883,0.967
0.02,0.77 ,0.0310403, 0.00311864,0.965841,0.96896
0.02,0.78 ,0.0291909, 0.00312,0.967689,0.970809
0.02,0.79 ,0.0274456, 0.00312138,0.969433,0.972554
0.02,0.8 ,0.0257988, 0.0031228,0.971078,0.974201
0.02,0.81 ,0.0242448, 0.00312425,0.972631,0.975755
0.02,0.82 ,0.0227785, 0.00312573,0.974096,0.977222
0.02,0.83 ,0.021395, 0.00312724,0.975478,0.978605
0.02,0.84 ,0.0200899, 0.00312878,0.976781,0.97991
0.02,0.85 ,0.0188587, 0.00313036,0.978011,0.981141
0.02,0.86 ,0.0176974, 0.00313197,0.979171,0.982303
0.02,0.87 ,0.0166022, 0.00313362,0.980264,0.983398
0.02,0.88 ,0.0155694, 0.0031353,0.981295,0.984431
0.02,0.89 ,0.0145957, 0.00313701,0.982267,0.985404
0.02,0.9 ,0.0136779, 0.00313876,0.983183,0.986322
0.02,0.91 ,0.0128128, 0.00314054,0.984047,0.987187
0.02,0.92 ,0.0119977, 0.00314236,0.98486,0.988002
0.02,0.93 ,0.0112297, 0.00314422,0.985626,0.98877
0.02,0.94 ,0.0105064, 0.00314611,0.986347,0.989494
0.02,0.95 ,0.00982535, 0.00314804,0.987027,0.990175
0.02,0.96 ,0.0091842, 0.00315001,0.987666,0.990816
0.02,0.97 ,0.00858079, 0.00315201,0.988267,0.991419
0.02,0.98 ,0.00801307, 0.00315405,0.988833,0.991987
0.02,0.99 ,0.00747911, 0.00315613,0.989365,0.992521
0.02,1 ,0.00697704, 0.00315824,0.989865,0.993023
0.03,0 ,0.994746, 0.0030689,0.00218549,0.00525439
0.03,0.01 ,0.994681, 0.00306923,0.00224974,0.00531896
0.03,0.02 ,0.994611, 0.00306956,0.00231984,0.0053894
0.03,0.03 ,0.994533, 0.00306989,0.00239665,0.00546655
0.03,0.04 ,0.994449, 0.00307023,0.00248119,0.00555143
0.03,0.05 ,0.994355, 0.00307058,0.0025747,0.00564528
0.03,0.06 ,0.99425, 0.00307093,0.00267871,0.00574963
0.03,0.07 ,0.994134, 0.00307128,0.0027951,0.00586638
0.03,0.08 ,0.994002, 0.00307164,0.00292625,0.00599789
0.03,0.09 ,0.993853, 0.00307201,0.00307519,0.00614719
0.03,0.1 ,0.993682, 0.00307237,0.00324582,0.00631819
0.03,0.11 ,0.993484, 0.00307275,0.00344328,0.00651603
0.03,0.12 ,0.993252, 0.00307313,0.00367448,0.00674761
0.03,0.13 ,0.992978, 0.00307351,0.00394889,0.00702241
0.03,0.14 ,0.992646, 0.00307391,0.00427991,0.00735382
0.03,0.15 ,0.992239, 0.0030743,0.00468706,0.00776136
0.03,0.16 ,0.991725, 0.0030747,0.00519994,0.00827465
0.03,0.17 ,0.991059, 0.00307511,0.00586564,0.00894075
0.03,0.18 ,0.990161, 0.00307553,0.00676363,0.00983916
0.03,0.19 ,0.988885, 0.00307595,0.00803887,0.0111148
0.03,0.2 ,0.98694, 0.00307638,0.00998393,0.0130603
0.03,0.21 ,0.983646, 0.00307681,0.0132769,0.0163537
0.03,0.22 ,0.977115, 0.00307725,0.0198079,0.0228851
0.03,0.23 ,0.961132, 0.0030777,0.0357899,0.0388676
0.03,0.24 ,0.922133, 0.00307816,0.0747891,0.0778673
0.03,0.25 ,0.863389, 0.00307862,0.133532,0.136611
0.03,0.26 ,0.801603, 0.00307909,0.195318,0.198397
0.03,0.27 ,0.742968, 0.00307957,0.253953,0.257032
0.03,0.28 ,0.688749, 0.00308005,0.308171,0.311251
0.03,0.29 ,0.638981, 0.00308055,0.357938,0.361019
0.03,0.3 ,0.593384, 0.00308105,0.403535,0.406616
0.03,0.31 ,0.551601, 0.00308156,0.445318,0.448399
0.03,0.32 ,0.513275, 0.00308208,0.483643,0.486725
0.03,0.33 ,0.478074, 0.00308261,0.518843,0.521926
0.03,0.34 ,0.445697, 0.00308315,0.55122,0.554303
0.03,0.35 ,0.415874, 0.00308369,0.581043,0.584126
0.03,0.36 ,0.388362, 0.00308425,0.608554,0.611638
0.03,0.37 ,0.362948, 0.00308482,0.633967,0.637052
0.03,0.38 ,0.339439, 0.0030854,0.657476,0.660561
0.03,0.39 ,0.317665, 0.00308599,0.679249,0.682335
0.03,0.4 ,0.297472, 0.00308659,0.699442,0.702528
0.03,0.41 ,0.278724, 0.0030872,0.718189,0.721276
0.03,0.42 ,0.261298, 0.00308782,0.735614,0.738702
0.03,0.43 ,0.245084, 0.00308846,0.751828,0.754916
0.03,0.44 ,0.229983, 0.0030891,0.766928,0.770017
0.03,0.45 ,0.215905, 0.00308976,0.781006,0.784095
0.03,0.46 ,0.202769, 0.00309044,0.794141,0.797231
0.03,0.47 ,0.190501, 0.00309112,0.806408,0.809499
0.03,0.48 ,0.179036, 0.00309183,0.817872,0.820964
0.03,0.49 ,0.168313, 0.00309254,0.828594,0.831687
0.03,0.5 ,0.158277, 0.00309327,0.83863,0.841723
0.03,0.51 ,0.148877, 0.00309402,0.848029,0.851123
0.03,0.52 ,0.140068, 0.00309478,0.856838,0.859932
0.03,0.53 ,0.131807, 0.00309556,0.865098,0.868193
0.03,0.54 ,0.124056, 0.00309635,0.872847,0.875944
0.03,0.55 ,0.11678, 0.00309716,0.880122,0.88322
0.03,0.56 ,0.109947, 0.00309799,0.886955,0.890053
0.03,0.57 ,0.103526, 0.00309884,0.893375,0.896474
0.03,0.58 ,0.0974901, 0.00309971,0.89941,0.90251
0.03,0.59 ,0.0918138, 0.00310059,0.905086,0.908186
0.03,0.6 ,0.0864737, 0.0031015,0.910425,0.913526
0.03,0.61 ,0.0814481, 0.00310242,0.91545,0.918552
0.03,0.62 ,0.0767169, 0.00310337,0.92018,0.923283
0.03,0.63 ,0.0722615, 0.00310433,0.924634,0.927739
0.03,0.64 ,0.0680647, 0.00310532,0.92883,0.931935
0.03,0.65 ,0.0641105, 0.00310634,0.932783,0.93589
0.03,0.66 ,0.0603839, 0.00310737,0.936509,0.939616
0.03,0.67 ,0.0568712, 0.00310843,0.94002,0.943129
0.03,0.68 ,0.0535593, 0.00310951,0.943331,0.946441
0.03,0.69 ,0.0504364, 0.00311062,0.946453,0.949564
0.03,0.7 ,0.047491, 0.00311175,0.949397,0.952509
0.03,0.71 ,0.0447129, 0.00311291,0.952174,0.955287
0.03,0.72 ,0.0420921, 0.0031141,0.954794,0.957908
0.03,0.73 ,0.0396195, 0.00311531,0.957265,0.960381
0.03,0.74 ,0.0372865, 0.00311655,0.959597,0.962713
0.03,0.75 ,0.0350852, 0.00311782,0.961797,0.964915
0.03,0.76 ,0.033008, 0.00311912,0.963873,0.966992
0.03,0.77 ,0.0310478, 0.00312044,0.965832,0.968952
0.03,0.78 ,0.0291981, 0.0031218,0.96768,0.970802
0.03,0.79 ,0.0274526, 0.00312318,0.969424,0.972547
0.03,0.8 ,0.0258054, 0.0031246,0.97107,0.974195
0.03,0.81 ,0.0242511, 0.00312605,0.972623,0.975749
0.03,0.82 ,0.0227846, 0.00312753,0.974088,0.977215
0.03,0.83 ,0.0214009, 0.00312904,0.97547,0.978599
0.03,0.84 ,0.0200955, 0.00313058,0.976774,0.979905
0.03,0.85 ,0.018864, 0.00313216,0.978004,0.981136
0.03,0.86 ,0.0177025, 0.00313377,0.979164,0.982297
0.03,0.87 ,0.0166071, 0.00313541,0.980258,0.983393
0.03,0.88 ,0.0155741, 0.00313709,0.981289,0.984426
0.03,0.89 ,0.0146002, 0.00313881,0.982261,0.9854
0.03,0.9 ,0.0136821, 0.00314055,0.983177,0.986318
0.03,0.91 ,0.0128169, 0.00314234,0.984041,0.987183
0.03,0.92 ,0.0120015, 0.00314416,0.984854,0.987998
0.03,0.93 ,0.0112334, 0.00314601,0.985621,0.988767
0.03,0.94 ,0.01051, 0.0031479,0.986342,0.98949
0.03,0.95 ,0.00982872, 0.00314983,0.987021,0.990171
0.03,0.96 ,0.00918741, 0.0031518,0.987661,0.990813
0.03,0.97 ,0.00858385, 0.0031538,0.988262,0.991416
0.03,0.98 ,0.00801598, 0.00315584,0.988828,0.991984
0.03,0.99 ,0.00748187, 0.00315792,0.98936,0.992518
0.03,1 ,0.00697967, 0.00316004,0.98986,0.99302
0.04,0 ,0.994673, 0.00307073,0.00225586,0.00532659
0.04,0.01 ,0.994609, 0.00307105,0.00232011,0.00539116
0.04,0.02 ,0.994538, 0.00307138,0.00239021,0.00546159
0.04,0.03 ,0.994461, 0.00307172,0.00246701,0.00553873
0.04,0.04 ,0.994376, 0.00307206,0.00255154,0.0056236
0.04,0.05 ,0.994283, 0.00307241,0.00264504,0.00571745
0.04,0.06 ,0.994178, 0.00307276,0.00274904,0.00582179
0.04,0.07 ,0.994061, 0.00307311,0.00286541,0.00593852
0.04,0.08 ,0.99393, 0.00307347,0.00299655,0.00607002
0.04,0.09 ,0.993781, 0.00307383,0.00314547,0.0062193
0.04,0.1 ,0.99361, 0.0030742,0.00331608,0.00639028
0.04,0.11 ,0.993412, 0.00307458,0.00351351,0.00658808
0.04,0.12 ,0.99318, 0.00307496,0.00374467,0.00681962
0.04,0.13 ,0.992906, 0.00307534,0.00401903,0.00709437
0.04,0.14 ,0.992574, 0.00307573,0.00434997,0.00742571
0.04,0.15 ,0.992167, 0.00307613,0.00475702,0.00783315
0.04,0.16 ,0.991654, 0.00307653,0.00526975,0.00834628
0.04,0.17 ,0.990988, 0.00307694,0.0059352,0.00901214
0.04,0.18 ,0.99009, 0.00307735,0.00683281,0.00991017
0.04,0.19 ,0.988815, 0.00307778,0.00810737,0.0111851
0.04,0.2 ,0.986871, 0.0030782,0.0100511,0.0131293
0.04,0.21 ,0.98358, 0.00307864,0.0133411,0.0164197
0.04,0.22 ,0.977057, 0.00307908,0.0198638,0.0229429
0.04,0.23 ,0.961101, 0.00307953,0.035819,0.0388985
0.04,0.24 ,0.922153, 0.00307998,0.0747667,0.0778467
0.04,0.25 ,0.863437, 0.00308044,0.133483,0.136563
0.04,0.26 ,0.801657, 0.00308091,0.195262,0.198343
0.04,0.27 ,0.743023, 0.00308139,0.253895,0.256977
0.04,0.28 ,0.688803, 0.00308188,0.308115,0.311197
0.04,0.29 ,0.639034, 0.00308237,0.357883,0.360966
0.04,0.3 ,0.593435, 0.00308287,0.403482,0.406565
0.04,0.31 ,0.55165, 0.00308338,0.445267,0.44835
0.04,0.32 ,0.513322, 0.0030839,0.483594,0.486678
0.04,0.33 ,0.478119, 0.00308443,0.518796,0.521881
0.04,0.34 ,0.445741, 0.00308497,0.551174,0.554259
0.04,0.35 ,0.415916, 0.00308552,0.580999,0.584084
0.04,0.36 ,0.388403, 0.00308608,0.608511,0.611597
0.04,0.37 ,0.362987, 0.00308664,0.633927,0.637013
0.04,0.38 ,0.339476, 0.00308722,0.657436,0.660524
0.04,0.39 ,0.3177, 0.00308781,0.679212,0.6823
0.04,0.4 ,0.297506, 0.00308841,0.699405,0.702494
0.04,0.41 ,0.278757, 0.00308902,0.718154,0.721243
0.04,0.42 ,0.26133, 0.00308965,0.735581,0.73867
0.04,0.43 ,0.245115, 0.00309028,0.751795,0.754885
0.04,0.44 ,0.230012, 0.00309093,0.766897,0.769988
0.04,0.45 ,0.215933, 0.00309159,0.780976,0.784067
0.04,0.46 ,0.202796, 0.00309226,0.794112,0.797204
0.04,0.47 ,0.190528, 0.00309295,0.806379,0.809472
0.04,0.48 ,0.179062, 0.00309365,0.817845,0.820938
0.04,0.49 ,0.168338, 0.00309437,0.828568,0.831662
0.04,0.5 ,0.1583, 0.0030951,0.838605,0.8417
0.04,0.51 ,0.148899, 0.00309584,0.848005,0.851101
0.04,0.52 ,0.140089, 0.0030966,0.856814,0.859911
0.04,0.53 ,0.131828, 0.00309738,0.865075,0.868172
0.04,0.54 ,0.124076, 0.00309818,0.872826,0.875924
0.04,0.55 ,0.1168, 0.00309899,0.880101,0.8832
0.04,0.56 ,0.109966, 0.00309982,0.886935,0.890034
0.04,0.57 ,0.103544, 0.00310066,0.893355,0.896456
0.04,0.58 ,0.0975073, 0.00310153,0.899391,0.902493
0.04,0.59 ,0.0918303, 0.00310241,0.905067,0.90817
0.04,0.6 ,0.0864896, 0.00310332,0.910407,0.91351
0.04,0.61 ,0.0814633, 0.00310424,0.915432,0.918537
0.04,0.62 ,0.0767315, 0.00310519,0.920163,0.923268
0.04,0.63 ,0.0722756, 0.00310616,0.924618,0.927724
0.04,0.64 ,0.0680783, 0.00310715,0.928815,0.931922
0.04,0.65 ,0.0641235, 0.00310816,0.932768,0.935876
0.04,0.66 ,0.0603965, 0.00310919,0.936494,0.939604
0.04,0.67 ,0.0568832, 0.00311025,0.940007,0.943117
0.04,0.68 ,0.0535709, 0.00311134,0.943318,0.946429
0.04,0.69 ,0.0504475, 0.00311244,0.94644,0.949553
0.04,0.7 ,0.0475017, 0.00311358,0.949385,0.952498
0.04,0.71 ,0.0447231, 0.00311473,0.952162,0.955277
0.04,0.72 ,0.0421019, 0.00311592,0.954782,0.957898
0.04,0.73 ,0.0396289, 0.00311713,0.957254,0.960371
0.04,0.74 ,0.0372956, 0.00311837,0.959586,0.962704
0.04,0.75 ,0.0350939, 0.00311964,0.961786,0.964906
0.04,0.76 ,0.0330163, 0.00312094,0.963863,0.966984
0.04,0.77 ,0.0310558, 0.00312226,0.965822,0.968944
0.04,0.78 ,0.0292058, 0.00312362,0.967671,0.970794
0.04,0.79 ,0.0274599, 0.003125,0.969415,0.97254
0.04,0.8 ,0.0258124, 0.00312642,0.971061,0.974188
0.04,0.81 ,0.0242579, 0.00312787,0.972614,0.975742
0.04,0.82 ,0.022791, 0.00312935,0.97408,0.977209
0.04,0.83 ,0.021407, 0.00313086,0.975462,0.978593
0.04,0.84 ,0.0201014, 0.0031324,0.976766,0.979899
0.04,0.85 ,0.0188697, 0.00313398,0.977996,0.98113
0.04,0.86 ,0.0177079, 0.00313559,0.979157,0.982292
0.04,0.87 ,0.0166122, 0.00313723,0.980251,0.983388
0.04,0.88 ,0.015579, 0.00313891,0.981282,0.984421
0.04,0.89 ,0.0146049, 0.00314062,0.982254,0.985395
0.04,0.9 ,0.0136866, 0.00314237,0.983171,0.986313
0.04,0.91 ,0.0128212, 0.00314415,0.984035,0.987179
0.04,0.92 ,0.0120056, 0.00314597,0.984848,0.987994
0.04,0.93 ,0.0112373, 0.00314783,0.985615,0.988763
0.04,0.94 ,0.0105137, 0.00314972,0.986337,0.989486
0.04,0.95 ,0.00983228, 0.00315165,0.987016,0.990168
0.04,0.96 ,0.00919079, 0.00315361,0.987656,0.990809
0.04,0.97 ,0.00858707, 0.00315562,0.988257,0.991413
0.04,0.98 ,0.00801905, 0.00315766,0.988823,0.991981
0.04,0.99 ,0.00748479, 0.00315973,0.989355,0.992515
0.04,1 ,0.00698245, 0.00316185,0.989856,0.993018
0.05,0 ,0.994596, 0.00307258,0.00233127,0.00540385
0.05,0.01 ,0.994532, 0.0030729,0.00239551,0.00546842
0.05,0.02 ,0.994461, 0.00307324,0.00246561,0.00553884
0.05,0.03 ,0.994384, 0.00307357,0.00254241,0.00561598
0.05,0.04 ,0.994299, 0.00307391,0.00262693,0.00570084
0.05,0.05 ,0.994205, 0.00307426,0.00272042,0.00579467
0.05,0.06 ,0.994101, 0.00307461,0.0028244,0.00589901
0.05,0.07 ,0.993984, 0.00307496,0.00294077,0.00601572
0.05,0.08 ,0.993853, 0.00307532,0.00307189,0.0061472
0.05,0.09 ,0.993704, 0.00307568,0.00322078,0.00629647
0.05,0.1 ,0.993533, 0.00307605,0.00339136,0.00646742
0.05,0.11 ,0.993335, 0.00307643,0.00358876,0.00666519
0.05,0.12 ,0.993103, 0.00307681,0.00381988,0.00689669
0.05,0.13 ,0.992829, 0.00307719,0.00409418,0.00717137
0.05,0.14 ,0.992497, 0.00307758,0.00442505,0.00750263
0.05,0.15 ,0.99209, 0.00307798,0.00483198,0.00790996
0.05,0.16 ,0.991577, 0.00307838,0.00534455,0.00842293
0.05,0.17 ,0.990911, 0.00307879,0.00600976,0.00908854
0.05,0.18 ,0.990014, 0.0030792,0.00690695,0.00998616
0.05,0.19 ,0.98874, 0.00307963,0.00818079,0.0112604
0.05,0.2 ,0.986797, 0.00308005,0.0101231,0.0132032
0.05,0.21 ,0.98351, 0.00308049,0.0134099,0.0164904
0.05,0.22 ,0.976995, 0.00308093,0.0199238,0.0230047
0.05,0.23 ,0.961068, 0.00308138,0.0358504,0.0389318
0.05,0.24 ,0.922175, 0.00308183,0.0747431,0.0778249
0.05,0.25 ,0.863488, 0.00308229,0.13343,0.136512
0.05,0.26 ,0.801716, 0.00308276,0.195202,0.198284
0.05,0.27 ,0.743083, 0.00308324,0.253834,0.256917
0.05,0.28 ,0.688861, 0.00308373,0.308055,0.311139
0.05,0.29 ,0.639091, 0.00308422,0.357825,0.360909
0.05,0.3 ,0.59349, 0.00308472,0.403425,0.40651
0.05,0.31 ,0.551703, 0.00308523,0.445212,0.448297
0.05,0.32 ,0.513373, 0.00308575,0.483542,0.486627
0.05,0.33 ,0.478168, 0.00308628,0.518746,0.521832
0.05,0.34 ,0.445787, 0.00308682,0.551126,0.554213
0.05,0.35 ,0.41596, 0.00308737,0.580952,0.58404
0.05,0.36 ,0.388446, 0.00308793,0.608466,0.611554
0.05,0.37 ,0.363028, 0.00308849,0.633883,0.636972
0.05,0.38 ,0.339516, 0.00308907,0.657395,0.660484
0.05,0.39 ,0.317739, 0.00308966,0.679172,0.682261
0.05,0.4 ,0.297543, 0.00309026,0.699367,0.702457
0.05,0.41 ,0.278792, 0.00309087,0.718117,0.721208
0.05,0.42 ,0.261364, 0.00309149,0.735545,0.738636
0.05,0.43 ,0.245147, 0.00309213,0.751761,0.754853
0.05,0.44 ,0.230044, 0.00309278,0.766864,0.769956
0.05,0.45 ,0.215963, 0.00309344,0.780943,0.784037
0.05,0.46 ,0.202825, 0.00309411,0.794081,0.797175
0.05,0.47 ,0.190556, 0.0030948,0.80635,0.809444
0.05,0.48 ,0.179089, 0.0030955,0.817816,0.820911
0.05,0.49 ,0.168363, 0.00309621,0.82854,0.831637
0.05,0.5 ,0.158325, 0.00309694,0.838578,0.841675
0.05,0.51 ,0.148923, 0.00309769,0.847979,0.851077
0.05,0.52 ,0.140112, 0.00309845,0.856789,0.859888
0.05,0.53 ,0.13185, 0.00309923,0.865051,0.86815
0.05,0.54 ,0.124098, 0.00310002,0.872802,0.875902
0.05,0.55 ,0.11682, 0.00310083,0.880079,0.88318
0.05,0.56 ,0.109985, 0.00310166,0.886913,0.890015
0.05,0.57 ,0.103563, 0.00310251,0.893335,0.896437
0.05,0.58 ,0.0975256, 0.00310338,0.899371,0.902474
0.05,0.59 ,0.0918479, 0.00310426,0.905048,0.908152
0.05,0.6 ,0.0865065, 0.00310517,0.910388,0.913494
0.05,0.61 ,0.0814796, 0.00310609,0.915414,0.91852
0.05,0.62 ,0.0767472, 0.00310704,0.920146,0.923253
0.05,0.63 ,0.0722906, 0.003108,0.924601,0.927709
0.05,0.64 ,0.0680927, 0.00310899,0.928798,0.931907
0.05,0.65 ,0.0641374, 0.00311,0.932753,0.935863
0.05,0.66 ,0.0604098, 0.00311104,0.936479,0.93959
0.05,0.67 ,0.056896, 0.0031121,0.939992,0.943104
0.05,0.68 ,0.0535832, 0.00311318,0.943304,0.946417
0.05,0.69 ,0.0504593, 0.00311429,0.946426,0.949541
0.05,0.7 ,0.047513, 0.00311542,0.949372,0.952487
0.05,0.71 ,0.044734, 0.00311658,0.952149,0.955266
0.05,0.72 ,0.0421123, 0.00311776,0.95477,0.957888
0.05,0.73 ,0.0396389, 0.00311898,0.957242,0.960361
0.05,0.74 ,0.0373052, 0.00312022,0.959575,0.962695
0.05,0.75 ,0.0351031, 0.00312148,0.961775,0.964897
0.05,0.76 ,0.0330252, 0.00312278,0.963852,0.966975
0.05,0.77 ,0.0310643, 0.00312411,0.965812,0.968936
0.05,0.78 ,0.0292139, 0.00312546,0.967661,0.970786
0.05,0.79 ,0.0274677, 0.00312685,0.969405,0.972532
0.05,0.8 ,0.0258199, 0.00312826,0.971052,0.97418
0.05,0.81 ,0.024265, 0.00312971,0.972605,0.975735
0.05,0.82 ,0.0227978, 0.00313119,0.974071,0.977202
0.05,0.83 ,0.0214136, 0.0031327,0.975454,0.978586
0.05,0.84 ,0.0201076, 0.00313424,0.976758,0.979892
0.05,0.85 ,0.0188757, 0.00313582,0.977989,0.981124
0.05,0.86 ,0.0177136, 0.00313743,0.979149,0.982286
0.05,0.87 ,0.0166177, 0.00313907,0.980243,0.983382
0.05,0.88 ,0.0155843, 0.00314075,0.981275,0.984416
0.05,0.89 ,0.0146099, 0.00314246,0.982248,0.98539
0.05,0.9 ,0.0136914, 0.00314421,0.983164,0.986309
0.05,0.91 ,0.0128257, 0.00314599,0.984028,0.987174
0.05,0.92 ,0.01201, 0.00314781,0.984842,0.98799
0.05,0.93 ,0.0112415, 0.00314967,0.985609,0.988759
0.05,0.94 ,0.0105176, 0.00315156,0.986331,0.989482
0.05,0.95 ,0.00983602, 0.00315349,0.98701,0.990164
0.05,0.96 ,0.00919436, 0.00315545,0.98765,0.990806
0.05,0.97 ,0.00859047, 0.00315745,0.988252,0.99141
0.05,0.98 ,0.00802228, 0.00315949,0.988818,0.991978
0.05,0.99 ,0.00748786, 0.00316157,0.989351,0.992512
0.05,1 ,0.00698537, 0.00316369,0.989851,0.993015
0.06,0 ,0.994513, 0.00307445,0.00241229,0.00548674
0.06,0.01 ,0.994449, 0.00307478,0.00247652,0.0055513
0.06,0.02 ,0.994378, 0.00307511,0.00254661,0.00562172
0.06,0.03 ,0.994301, 0.00307544,0.0026234,0.00569884
0.06,0.04 ,0.994216, 0.00307578,0.00270791,0.0057837
0.06,0.05 ,0.994122, 0.00307613,0.00280139,0.00587752
0.06,0.06 ,0.994018, 0.00307648,0.00290536,0.00598184
0.06,0.07 ,0.993901, 0.00307683,0.00302171,0.00609855
0.06,0.08 ,0.99377, 0.00307719,0.00315282,0.00623001
0.06,0.09 ,0.993621, 0.00307756,0.00330169,0.00637925
0.06,0.1 ,0.99345, 0.00307792,0.00347225,0.00655017
0.06,0.11 ,0.993252, 0.0030783,0.00366961,0.00674791
0.06,0.12 ,0.993021, 0.00307868,0.00390068,0.00697936
0.06,0.13 ,0.992746, 0.00307906,0.00417492,0.00725399
0.06,0.14 ,0.992415, 0.00307946,0.00450571,0.00758516
0.06,0.15 ,0.992008, 0.00307985,0.00491252,0.00799237
0.06,0.16 ,0.991495, 0.00308025,0.00542491,0.00850517
0.06,0.17 ,0.990829, 0.00308066,0.00608985,0.00917051
0.06,0.18 ,0.989932, 0.00308108,0.00698661,0.0100677
0.06,0.19 ,0.988659, 0.0030815,0.00825967,0.0113412
0.06,0.2 ,0.986718, 0.00308193,0.0102005,0.0132824
0.06,0.21 ,0.983434, 0.00308236,0.0134839,0.0165663
0.06,0.22 ,0.976929, 0.0030828,0.0199883,0.0230711
0.06,0.23 ,0.961032, 0.00308325,0.0358844,0.0389676
0.06,0.24 ,0.922198, 0.0030837,0.074718,0.0778017
0.06,0.25 ,0.863542, 0.00308417,0.133374,0.136458
0.06,0.26 ,0.801778, 0.00308464,0.195137,0.198222
0.06,0.27 ,0.743146, 0.00308511,0.253769,0.256854
0.06,0.28 ,0.688924, 0.0030856,0.30799,0.311076
0.06,0.29 ,0.639152, 0.00308609,0.357762,0.360848
0.06,0.3 ,0.593548, 0.0030866,0.403365,0.406452
0.06,0.31 ,0.551759, 0.00308711,0.445154,0.448241
0.06,0.32 ,0.513427, 0.00308763,0.483485,0.486573
0.06,0.33 ,0.47822, 0.00308815,0.518692,0.52178
0.06,0.34 ,0.445838, 0.00308869,0.551074,0.554162
0.06,0.35 ,0.416009, 0.00308924,0.580902,0.583991
0.06,0.36 ,0.388492, 0.0030898,0.608418,0.611508
0.06,0.37 ,0.363073, 0.00309036,0.633837,0.636927
0.06,0.38 ,0.339559, 0.00309094,0.65735,0.660441
0.06,0.39 ,0.31778, 0.00309153,0.679129,0.68222
0.06,0.4 ,0.297582, 0.00309213,0.699325,0.702418
0.06,0.41 ,0.27883, 0.00309274,0.718077,0.72117
0.06,0.42 ,0.2614, 0.00309337,0.735506,0.7386
0.06,0.43 ,0.245182, 0.003094,0.751724,0.754818
0.06,0.44 ,0.230077, 0.00309465,0.766828,0.769923
0.06,0.45 ,0.215996, 0.00309531,0.780909,0.784004
0.06,0.46 ,0.202856, 0.00309598,0.794048,0.797144
0.06,0.47 ,0.190586, 0.00309667,0.806318,0.809414
0.06,0.48 ,0.179117, 0.00309737,0.817785,0.820883
0.06,0.49 ,0.168391, 0.00309808,0.828511,0.831609
0.06,0.5 ,0.158352, 0.00309881,0.838549,0.841648
0.06,0.51 ,0.148949, 0.00309956,0.847951,0.851051
0.06,0.52 ,0.140137, 0.00310032,0.856763,0.859863
0.06,0.53 ,0.131874, 0.0031011,0.865025,0.868126
0.06,0.54 ,0.12412, 0.00310189,0.872778,0.87588
0.06,0.55 ,0.116842, 0.0031027,0.880055,0.883158
0.06,0.56 ,0.110006, 0.00310353,0.88689,0.889994
0.06,0.57 ,0.103583, 0.00310438,0.893312,0.896417
0.06,0.58 ,0.0975451, 0.00310525,0.89935,0.902455
0.06,0.59 ,0.0918666, 0.00310613,0.905027,0.908133
0.06,0.6 ,0.0865245, 0.00310704,0.910368,0.913476
0.06,0.61 ,0.0814969, 0.00310796,0.915395,0.918503
0.06,0.62 ,0.0767638, 0.00310891,0.920127,0.923236
0.06,0.63 ,0.0723066, 0.00310987,0.924584,0.927693
0.06,0.64 ,0.0681081, 0.00311086,0.928781,0.931892
0.06,0.65 ,0.0641522, 0.00311187,0.932736,0.935848
0.06,0.66 ,0.060424, 0.00311291,0.936463,0.939576
0.06,0.67 ,0.0569097, 0.00311397,0.939976,0.94309
0.06,0.68 ,0.0535963, 0.00311505,0.943289,0.946404
0.06,0.69 ,0.0504718, 0.00311616,0.946412,0.949528
0.06,0.7 ,0.0475251, 0.00311729,0.949358,0.952475
0.06,0.71 ,0.0447456, 0.00311845,0.952136,0.955254
0.06,0.72 ,0.0421234, 0.00311963,0.954757,0.957877
0.06,0.73 ,0.0396496, 0.00312084,0.95723,0.96035
0.06,0.74 ,0.0373154, 0.00312208,0.959562,0.962685
0.06,0.75 ,0.0351129, 0.00312335,0.961764,0.964887
0.06,0.76 ,0.0330346, 0.00312465,0.963841,0.966965
0.06,0.77 ,0.0310733, 0.00312597,0.965801,0.968927
0.06,0.78 ,0.0292225, 0.00312733,0.96765,0.970778
0.06,0.79 ,0.0274759, 0.00312871,0.969395,0.972524
0.06,0.8 ,0.0258278, 0.00313013,0.971042,0.974172
0.06,0.81 ,0.0242726, 0.00313157,0.972596,0.975727
0.06,0.82 ,0.0228051, 0.00313305,0.974062,0.977195
0.06,0.83 ,0.0214205, 0.00313456,0.975445,0.978579
0.06,0.84 ,0.0201142, 0.00313611,0.97675,0.979886
0.06,0.85 ,0.018882, 0.00313768,0.97798,0.981118
0.06,0.86 ,0.0177197, 0.00313929,0.979141,0.98228
0.06,0.87 ,0.0166235, 0.00314094,0.980236,0.983377
0.06,0.88 ,0.0155898, 0.00314261,0.981268,0.98441
0.06,0.89 ,0.0146152, 0.00314433,0.982241,0.985385
0.06,0.9 ,0.0136964, 0.00314607,0.983158,0.986304
0.06,0.91 ,0.0128305, 0.00314786,0.984022,0.987169
0.06,0.92 ,0.0120146, 0.00314967,0.984836,0.987985
0.06,0.93 ,0.0112458, 0.00315153,0.985603,0.988754
0.06,0.94 ,0.0105218, 0.00315342,0.986325,0.989478
0.06,0.95 ,0.00983999, 0.00315535,0.987005,0.99016
0.06,0.96 ,0.00919813, 0.00315731,0.987645,0.990802
0.06,0.97 ,0.00859405, 0.00315931,0.988247,0.991406
0.06,0.98 ,0.0080257, 0.00316135,0.988813,0.991974
0.06,0.99 ,0.00749111, 0.00316343,0.989345,0.992509
0.06,1 ,0.00698845, 0.00316554,0.989846,0.993012
0.07,0 ,0.994424, 0.00307635,0.00249955,0.0055759
0.07,0.01 ,0.99436, 0.00307667,0.00256378,0.00564046
0.07,0.02 ,0.994289, 0.00307701,0.00263386,0.00571087
0.07,0.03 ,0.994212, 0.00307734,0.00271064,0.00578798
0.07,0.04 ,0.994127, 0.00307768,0.00279515,0.00587283
0.07,0.05 ,0.994033, 0.00307803,0.00288861,0.00596664
0.07,0.06 ,0.993929, 0.00307838,0.00299257,0.00607095
0.07,0.07 ,0.993812, 0.00307873,0.00310891,0.00618764
0.07,0.08 ,0.993681, 0.00307909,0.00323999,0.00631908
0.07,0.09 ,0.993532, 0.00307945,0.00338884,0.0064683
0.07,0.1 ,0.993361, 0.00307982,0.00355937,0.00663919
0.07,0.11 ,0.993163, 0.0030802,0.00375669,0.00683689
0.07,0.12 ,0.992932, 0.00308058,0.00398771,0.00706829
0.07,0.13 ,0.992657, 0.00308096,0.00426189,0.00734285
0.07,0.14 ,0.992326, 0.00308135,0.00459259,0.00767394
0.07,0.15 ,0.991919, 0.00308175,0.00499927,0.00808102
0.07,0.16 ,0.991406, 0.00308215,0.00551148,0.00859363
0.07,0.17 ,0.990741, 0.00308256,0.00617613,0.00925869
0.07,0.18 ,0.989845, 0.00308297,0.00707243,0.0101554
0.07,0.19 ,0.988572, 0.0030834,0.00834467,0.0114281
0.07,0.2 ,0.986632, 0.00308382,0.0102839,0.0133677
0.07,0.21 ,0.983352, 0.00308426,0.0135636,0.0166479
0.07,0.22 ,0.976857, 0.0030847,0.020058,0.0231427
0.07,0.23 ,0.960994, 0.00308515,0.0359213,0.0390064
0.07,0.24 ,0.922223, 0.0030856,0.0746915,0.0777771
0.07,0.25 ,0.863601, 0.00308606,0.133313,0.136399
0.07,0.26 ,0.801845, 0.00308653,0.195069,0.198155
0.07,0.27 ,0.743214, 0.00308701,0.253699,0.256786
0.07,0.28 ,0.688991, 0.0030875,0.307921,0.311009
0.07,0.29 ,0.639217, 0.00308799,0.357695,0.360783
0.07,0.3 ,0.593611, 0.00308849,0.4033,0.406389
0.07,0.31 ,0.55182, 0.003089,0.445091,0.44818
0.07,0.32 ,0.513485, 0.00308952,0.483425,0.486515
0.07,0.33 ,0.478276, 0.00309005,0.518634,0.521724
0.07,0.34 ,0.445891, 0.00309059,0.551018,0.554109
0.07,0.35 ,0.41606, 0.00309114,0.580849,0.58394
0.07,0.36 ,0.388542, 0.00309169,0.608367,0.611458
0.07,0.37 ,0.36312, 0.00309226,0.633787,0.63688
0.07,0.38 ,0.339605, 0.00309284,0.657302,0.660395
0.07,0.39 ,0.317824, 0.00309343,0.679083,0.682176
0.07,0.4 ,0.297625, 0.00309403,0.699281,0.702375
0.07,0.41 ,0.278871, 0.00309464,0.718035,0.721129
0.07,0.42 ,0.261439, 0.00309526,0.735465,0.738561
0.07,0.43 ,0.24522, 0.0030959,0.751684,0.75478
0.07,0.44 ,0.230113, 0.00309654,0.76679,0.769887
0.07,0.45 ,0.21603, 0.0030972,0.780873,0.78397
0.07,0.46 ,0.202889, 0.00309788,0.794013,0.797111
0.07,0.47 ,0.190618, 0.00309856,0.806284,0.809382
0.07,0.48 ,0.179148, 0.00309926,0.817752,0.820852
0.07,0.49 ,0.168421, 0.00309998,0.828479,0.831579
0.07,0.5 ,0.15838, 0.00310071,0.838519,0.84162
0.07,0.51 ,0.148976, 0.00310146,0.847922,0.851024
0.07,0.52 ,0.140163, 0.00310222,0.856734,0.859837
0.07,0.53 ,0.131899, 0.00310299,0.864998,0.868101
0.07,0.54 ,0.124145, 0.00310379,0.872751,0.875855
0.07,0.55 ,0.116866, 0.0031046,0.88003,0.883134
0.07,0.56 ,0.110029, 0.00310543,0.886866,0.889971
0.07,0.57 ,0.103605, 0.00310627,0.893289,0.896395
0.07,0.58 ,0.0975659, 0.00310714,0.899327,0.902434
0.07,0.59 ,0.0918867, 0.00310802,0.905005,0.908113
0.07,0.6 ,0.0865437, 0.00310893,0.910347,0.913456
0.07,0.61 ,0.0815154, 0.00310985,0.915375,0.918485
0.07,0.62 ,0.0767816, 0.0031108,0.920108,0.923218
0.07,0.63 ,0.0723237, 0.00311177,0.924565,0.927676
0.07,0.64 ,0.0681245, 0.00311275,0.928763,0.931876
0.07,0.65 ,0.0641679, 0.00311377,0.932718,0.935832
0.07,0.66 ,0.0604391, 0.0031148,0.936446,0.939561
0.07,0.67 ,0.0569242, 0.00311586,0.93996,0.943076
0.07,0.68 ,0.0536102, 0.00311694,0.943273,0.94639
0.07,0.69 ,0.0504852, 0.00311805,0.946397,0.949515
