Betapv,Betamv,V,Rs,Rv,P
0,0 ,0.986862, 0.0111383,0.002,0.0131383
0,0.01 ,0.986815, 0.0111442,0.00204101,0.0131852
0,0.02 ,0.986765, 0.0111503,0.00208501,0.0132353
0,0.03 ,0.986711, 0.0111567,0.00213239,0.0132891
0,0.04 ,0.986653, 0.0111633,0.0021836,0.0133469
0,0.05 ,0.986591, 0.0111702,0.00223921,0.0134094
0,0.06 ,0.986523, 0.0111774,0.00229986,0.0134772
0,0.07 ,0.986449, 0.0111849,0.00236639,0.0135512
0,0.08 ,0.986368, 0.0111927,0.00243981,0.0136325
0,0.09 ,0.986278, 0.0112009,0.00252139,0.0137223
0,0.1 ,0.986178, 0.0112095,0.00261276,0.0138222
0,0.11 ,0.986065, 0.0112185,0.00271604,0.0139345
0,0.12 ,0.985938, 0.011228,0.00283404,0.0140621
0,0.13 ,0.985791, 0.0112381,0.00297058,0.0142087
0,0.14 ,0.98562, 0.0112487,0.00313097,0.0143797
0,0.15 ,0.985417, 0.01126,0.00332288,0.0145829
0,0.16 ,0.98517, 0.0112721,0.0035578,0.0148299
0,0.17 ,0.984861, 0.011285,0.0038538,0.0151388
0,0.18 ,0.98446, 0.0112988,0.0042411,0.0155399
0,0.19 ,0.983912, 0.0113137,0.00477432,0.016088
0,0.2 ,0.983107, 0.0113299,0.00556342,0.0168933
0,0.21 ,0.981786, 0.0113475,0.00686622,0.0182137
0,0.22 ,0.979186, 0.0113668,0.00944722,0.020814
0,0.23 ,0.971993, 0.0113882,0.0166189,0.0280071
0,0.24 ,0.942676, 0.011412,0.0459091,0.057321
0,0.25 ,0.881357, 0.0114387,0.107204,0.118643
0,0.26 ,0.8165, 0.0114692,0.172031,0.1835
0,0.27 ,0.755943, 0.0115043,0.232553,0.244057
0,0.28 ,0.70046, 0.0115452,0.287994,0.29954
0,0.29 ,0.649807, 0.0115934,0.3386,0.350193
0,0.3 ,0.603562, 0.0116505,0.384788,0.396438
0,0.31 ,0.561296, 0.0117185,0.426985,0.438704
0,0.32 ,0.522613, 0.0117991,0.465588,0.477387
0,0.33 ,0.487155, 0.0118943,0.500951,0.512845
0,0.34 ,0.454606, 0.0120057,0.533389,0.545394
0,0.35 ,0.424683, 0.0121348,0.563183,0.575317
0,0.36 ,0.397137, 0.0122828,0.590581,0.602863
0,0.37 ,0.371746, 0.0124504,0.615804,0.628254
0,0.38 ,0.348313, 0.0126384,0.639048,0.651687
0,0.39 ,0.326663, 0.0128469,0.66049,0.673337
0,0.4 ,0.306637, 0.0130761,0.680286,0.693363
0,0.41 ,0.288096, 0.0133257,0.698578,0.711904
0,0.42 ,0.270912, 0.0135954,0.715492,0.729088
0,0.43 ,0.254973, 0.0138846,0.731143,0.745027
0,0.44 ,0.240174, 0.0141927,0.745633,0.759826
0,0.45 ,0.226424, 0.0145189,0.759057,0.773576
0,0.46 ,0.21364, 0.0148622,0.771498,0.78636
0,0.47 ,0.201744, 0.015222,0.783034,0.798256
0,0.48 ,0.190668, 0.0155971,0.793735,0.809332
0,0.49 ,0.180349, 0.0159867,0.803665,0.819651
0,0.5 ,0.17073, 0.0163898,0.81288,0.82927
0,0.51 ,0.161759, 0.0168055,0.821436,0.838241
0,0.52 ,0.153388, 0.0172327,0.829379,0.846612
0,0.53 ,0.145574, 0.0176707,0.836755,0.854426
0,0.54 ,0.138276, 0.0181185,0.843605,0.861724
0,0.55 ,0.131458, 0.0185752,0.849966,0.868542
0,0.56 ,0.125087, 0.0190401,0.855873,0.874913
0,0.57 ,0.119131, 0.0195123,0.861357,0.880869
0,0.58 ,0.113562, 0.0199911,0.866447,0.886438
0,0.59 ,0.108353, 0.0204758,0.871171,0.891647
0,0.6 ,0.103481, 0.0209656,0.875554,0.896519
0,0.61 ,0.098922, 0.02146,0.879618,0.901078
0,0.62 ,0.0946565, 0.0219584,0.883385,0.905343
0,0.63 ,0.090665, 0.0224601,0.886875,0.909335
0,0.64 ,0.0869295, 0.0229647,0.890106,0.91307
0,0.65 ,0.0834338, 0.0234716,0.893095,0.916566
0,0.66 ,0.0801623, 0.0239804,0.895857,0.919838
0,0.67 ,0.077101, 0.0244907,0.898408,0.922899
0,0.68 ,0.0742365, 0.0250019,0.900762,0.925763
0,0.69 ,0.0715566, 0.0255138,0.90293,0.928443
0,0.7 ,0.0690497, 0.0260259,0.904924,0.93095
0,0.71 ,0.0667052, 0.0265381,0.906757,0.933295
0,0.72 ,0.0645131, 0.0270498,0.908437,0.935487
0,0.73 ,0.062464, 0.0275609,0.909975,0.937536
0,0.74 ,0.0605493, 0.0280711,0.91138,0.939451
0,0.75 ,0.0587609, 0.0285801,0.912659,0.941239
0,0.76 ,0.057091, 0.0290878,0.913821,0.942909
0,0.77 ,0.0555325, 0.0295938,0.914874,0.944467
0,0.78 ,0.0540789, 0.0300981,0.915823,0.945921
0,0.79 ,0.0527237, 0.0306004,0.916676,0.947276
0,0.8 ,0.0514612, 0.0311006,0.917438,0.948539
0,0.81 ,0.0502859, 0.0315985,0.918116,0.949714
0,0.82 ,0.0491925, 0.032094,0.918714,0.950808
0,0.83 ,0.0481761, 0.032587,0.919237,0.951824
0,0.84 ,0.0472323, 0.0330773,0.91969,0.952768
0,0.85 ,0.0463568, 0.0335649,0.920078,0.953643
0,0.86 ,0.0455454, 0.0340496,0.920405,0.954455
0,0.87 ,0.0447944, 0.0345314,0.920674,0.955206
0,0.88 ,0.0441001, 0.0350102,0.92089,0.9559
0,0.89 ,0.0434594, 0.035486,0.921055,0.956541
0,0.9 ,0.0428688, 0.0359586,0.921173,0.957131
0,0.91 ,0.0423255, 0.036428,0.921247,0.957675
0,0.92 ,0.0418266, 0.0368942,0.921279,0.958173
0,0.93 ,0.0413694, 0.0373571,0.921273,0.958631
0,0.94 ,0.0409515, 0.0378168,0.921232,0.959048
0,0.95 ,0.0405704, 0.038273,0.921157,0.95943
0,0.96 ,0.040224, 0.038726,0.92105,0.959776
0,0.97 ,0.03991, 0.0391755,0.920914,0.96009
0,0.98 ,0.0396266, 0.0396217,0.920752,0.960373
0,0.99 ,0.0393717, 0.0400644,0.920564,0.960628
0,1 ,0.0391437, 0.0405038,0.920353,0.960856
0.01,0 ,0.986598, 0.0112484,0.0021534,0.0134018
0.01,0.01 ,0.986551, 0.0112543,0.0021944,0.0134487
0.01,0.02 ,0.986501, 0.0112604,0.00223839,0.0134988
0.01,0.03 ,0.986447, 0.0112668,0.00228575,0.0135526
0.01,0.04 ,0.98639, 0.0112734,0.00233695,0.0136104
0.01,0.05 ,0.986327, 0.0112803,0.00239253,0.0136728
0.01,0.06 ,0.986259, 0.0112874,0.00245317,0.0137406
0.01,0.07 ,0.986185, 0.0112949,0.00251967,0.0138146
0.01,0.08 ,0.986104, 0.0113027,0.00259306,0.0138958
0.01,0.09 ,0.986014, 0.0113109,0.0026746,0.0139855
0.01,0.1 ,0.985915, 0.0113195,0.00276593,0.0140855
0.01,0.11 ,0.985802, 0.0113285,0.00286916,0.0141977
0.01,0.12 ,0.985675, 0.0113381,0.00298709,0.0143252
0.01,0.13 ,0.985528, 0.0113481,0.00312354,0.0144716
0.01,0.14 ,0.985357, 0.0113587,0.00328381,0.0146426
0.01,0.15 ,0.985154, 0.01137,0.00347556,0.0148456
0.01,0.16 ,0.984908, 0.0113821,0.00371025,0.0150923
0.01,0.17 ,0.984599, 0.0113949,0.0040059,0.0154009
0.01,0.18 ,0.984199, 0.0114088,0.00439264,0.0158014
0.01,0.19 ,0.983651, 0.0114237,0.00492489,0.0163486
0.01,0.2 ,0.982848, 0.0114398,0.00571213,0.0171519
0.01,0.21 ,0.981532, 0.0114574,0.00701074,0.0184681
0.01,0.22 ,0.978944, 0.0114767,0.0095794,0.0210561
0.01,0.23 ,0.971807, 0.011498,0.0166952,0.0281932
0.01,0.24 ,0.942738, 0.0115218,0.0457379,0.0572597
0.01,0.25 ,0.881557, 0.0115485,0.106895,0.118443
0.01,0.26 ,0.816716, 0.011579,0.171705,0.183284
0.01,0.27 ,0.756157, 0.011614,0.232229,0.243843
0.01,0.28 ,0.700668, 0.0116549,0.287677,0.299332
0.01,0.29 ,0.650007, 0.0117029,0.33829,0.349993
0.01,0.3 ,0.603754, 0.01176,0.384486,0.396246
0.01,0.31 ,0.56148, 0.0118278,0.426692,0.43852
0.01,0.32 ,0.522789, 0.0119083,0.465302,0.477211
0.01,0.33 ,0.487324, 0.0120033,0.500673,0.512676
0.01,0.34 ,0.454767, 0.0121145,0.533118,0.545233
0.01,0.35 ,0.424838, 0.0122433,0.562919,0.575162
0.01,0.36 ,0.397285, 0.012391,0.590324,0.602715
0.01,0.37 ,0.371888, 0.0125584,0.615554,0.628112
0.01,0.38 ,0.348449, 0.012746,0.638805,0.651551
0.01,0.39 ,0.326793, 0.0129543,0.660253,0.673207
0.01,0.4 ,0.306762, 0.0131831,0.680055,0.693238
0.01,0.41 ,0.288216, 0.0134323,0.698352,0.711784
0.01,0.42 ,0.271027, 0.0137016,0.715272,0.728973
0.01,0.43 ,0.255082, 0.0139904,0.730928,0.744918
0.01,0.44 ,0.240279, 0.0142981,0.745423,0.759721
0.01,0.45 ,0.226525, 0.0146238,0.758851,0.773475
0.01,0.46 ,0.213736, 0.0149668,0.771298,0.786264
0.01,0.47 ,0.201835, 0.0153261,0.782838,0.798165
0.01,0.48 ,0.190756, 0.0157008,0.793544,0.809244
0.01,0.49 ,0.180433, 0.01609,0.803477,0.819567
0.01,0.5 ,0.17081, 0.0164926,0.812697,0.82919
0.01,0.51 ,0.161836, 0.0169078,0.821256,0.838164
0.01,0.52 ,0.153462, 0.0173347,0.829204,0.846538
0.01,0.53 ,0.145644, 0.0177722,0.836584,0.854356
0.01,0.54 ,0.138343, 0.0182195,0.843437,0.861657
0.01,0.55 ,0.131523, 0.0186758,0.849802,0.868477
0.01,0.56 ,0.125148, 0.0191403,0.855711,0.874852
0.01,0.57 ,0.11919, 0.019612,0.861198,0.88081
0.01,0.58 ,0.113618, 0.0200904,0.866292,0.886382
0.01,0.59 ,0.108406, 0.0205746,0.871019,0.891594
0.01,0.6 ,0.103531, 0.0210641,0.875405,0.896469
0.01,0.61 ,0.0989704, 0.021558,0.879472,0.90103
0.01,0.62 ,0.0947026, 0.022056,0.883241,0.905297
0.01,0.63 ,0.0907088, 0.0225573,0.886734,0.909291
0.01,0.64 ,0.0869712, 0.0230615,0.889967,0.913029
0.01,0.65 ,0.0834734, 0.023568,0.892959,0.916527
0.01,0.66 ,0.0801999, 0.0240764,0.895724,0.9198
0.01,0.67 ,0.0771367, 0.0245862,0.898277,0.922863
0.01,0.68 ,0.0742704, 0.0250971,0.900633,0.92573
0.01,0.69 ,0.0715886, 0.0256086,0.902803,0.928411
0.01,0.7 ,0.06908, 0.0261204,0.9048,0.93092
0.01,0.71 ,0.0667339, 0.0266321,0.906634,0.933266
0.01,0.72 ,0.0645402, 0.0271435,0.908316,0.93546
0.01,0.73 ,0.0624896, 0.0276542,0.909856,0.93751
0.01,0.74 ,0.0605734, 0.028164,0.911263,0.939427
0.01,0.75 ,0.0587835, 0.0286727,0.912544,0.941217
0.01,0.76 ,0.0571122, 0.02918,0.913708,0.942888
0.01,0.77 ,0.0555524, 0.0296857,0.914762,0.944448
0.01,0.78 ,0.0540975, 0.0301896,0.915713,0.945902
0.01,0.79 ,0.0527411, 0.0306916,0.916567,0.947259
0.01,0.8 ,0.0514775, 0.0311915,0.917331,0.948523
0.01,0.81 ,0.0503009, 0.031689,0.91801,0.949699
0.01,0.82 ,0.0492064, 0.0321842,0.918609,0.950794
0.01,0.83 ,0.048189, 0.0326769,0.919134,0.951811
0.01,0.84 ,0.0472442, 0.0331669,0.919589,0.952756
0.01,0.85 ,0.0463677, 0.0336541,0.919978,0.953632
0.01,0.86 ,0.0455553, 0.0341385,0.920306,0.954445
0.01,0.87 ,0.0448034, 0.03462,0.920577,0.955197
0.01,0.88 ,0.0441083, 0.0350985,0.920793,0.955892
0.01,0.89 ,0.0434667, 0.035574,0.920959,0.956533
0.01,0.9 ,0.0428753, 0.0360463,0.921078,0.957125
0.01,0.91 ,0.0423312, 0.0365154,0.921153,0.957669
0.01,0.92 ,0.0418315, 0.0369813,0.921187,0.958168
0.01,0.93 ,0.0413737, 0.0374439,0.921182,0.958626
0.01,0.94 ,0.0409551, 0.0379033,0.921142,0.959045
0.01,0.95 ,0.0405733, 0.0383593,0.921067,0.959427
0.01,0.96 ,0.0402263, 0.0388119,0.920962,0.959774
0.01,0.97 ,0.0399117, 0.0392612,0.920827,0.960088
0.01,0.98 ,0.0396277, 0.0397071,0.920665,0.960372
0.01,0.99 ,0.0393722, 0.0401496,0.920478,0.960628
0.01,1 ,0.0391437, 0.0405886,0.920268,0.960856
0.02,0 ,0.986318, 0.0113629,0.00231915,0.013682
0.02,0.01 ,0.986271, 0.0113688,0.00236013,0.0137289
0.02,0.02 ,0.986221, 0.0113749,0.00240411,0.013779
0.02,0.03 ,0.986167, 0.0113812,0.00245146,0.0138327
0.02,0.04 ,0.98611, 0.0113878,0.00250264,0.0138905
0.02,0.05 ,0.986047, 0.0113947,0.0025582,0.0139529
0.02,0.06 ,0.985979, 0.0114019,0.00261881,0.0140207
0.02,0.07 ,0.985905, 0.0114093,0.00268529,0.0140946
0.02,0.08 ,0.985824, 0.0114171,0.00275865,0.0141758
0.02,0.09 ,0.985735, 0.0114253,0.00284015,0.0142655
0.02,0.1 ,0.985635, 0.0114339,0.00293143,0.0143653
0.02,0.11 ,0.985522, 0.0114429,0.00303461,0.0144775
0.02,0.12 ,0.985395, 0.0114524,0.00315247,0.0146049
0.02,0.13 ,0.985249, 0.0114625,0.00328882,0.0147513
0.02,0.14 ,0.985078, 0.0114731,0.00344897,0.0149221
0.02,0.15 ,0.984875, 0.0114844,0.00364054,0.0151249
0.02,0.16 ,0.984629, 0.0114964,0.00387498,0.0153714
0.02,0.17 ,0.98432, 0.0115092,0.00417027,0.0156795
0.02,0.18 ,0.983921, 0.011523,0.00455641,0.0160795
0.02,0.19 ,0.983374, 0.0115379,0.00508765,0.0166256
0.02,0.2 ,0.982573, 0.011554,0.00587293,0.017427
0.02,0.21 ,0.981261, 0.0115716,0.0071671,0.0187387
0.02,0.22 ,0.978686, 0.0115909,0.00972277,0.0213137
0.02,0.23 ,0.971608, 0.0116122,0.0167798,0.028392
0.02,0.24 ,0.942801, 0.0116359,0.0455608,0.0571967
0.02,0.25 ,0.881768, 0.0116626,0.106569,0.118231
0.02,0.26 ,0.816947, 0.011693,0.17136,0.183053
0.02,0.27 ,0.756386, 0.011728,0.231886,0.243614
0.02,0.28 ,0.700889, 0.0117688,0.287342,0.299111
0.02,0.29 ,0.65022, 0.0118168,0.337964,0.34978
0.02,0.3 ,0.603958, 0.0118737,0.384168,0.396042
0.02,0.31 ,0.561676, 0.0119414,0.426383,0.438324
0.02,0.32 ,0.522977, 0.0120217,0.465001,0.477023
0.02,0.33 ,0.487504, 0.0121165,0.50038,0.512496
0.02,0.34 ,0.454939, 0.0122275,0.532833,0.545061
0.02,0.35 ,0.425002, 0.0123561,0.562642,0.574998
0.02,0.36 ,0.397443, 0.0125035,0.590054,0.602557
0.02,0.37 ,0.372039, 0.0126706,0.61529,0.627961
0.02,0.38 ,0.348594, 0.0128579,0.638548,0.651406
0.02,0.39 ,0.326932, 0.0130657,0.660003,0.673068
0.02,0.4 ,0.306895, 0.0132942,0.679811,0.693105
0.02,0.41 ,0.288343, 0.0135431,0.698114,0.711657
0.02,0.42 ,0.271148, 0.013812,0.71504,0.728852
0.02,0.43 ,0.255198, 0.0141003,0.730701,0.744802
0.02,0.44 ,0.24039, 0.0144076,0.745202,0.75961
0.02,0.45 ,0.226631, 0.0147329,0.758636,0.773369
0.02,0.46 ,0.213838, 0.0150754,0.771087,0.786162
0.02,0.47 ,0.201933, 0.0154342,0.782633,0.798067
0.02,0.48 ,0.190849, 0.0158085,0.793343,0.809151
0.02,0.49 ,0.180522, 0.0161972,0.803281,0.819478
0.02,0.5 ,0.170896, 0.0165994,0.812505,0.829104
0.02,0.51 ,0.161918, 0.0170141,0.821068,0.838082
0.02,0.52 ,0.15354, 0.0174405,0.82902,0.84646
0.02,0.53 ,0.145719, 0.0178775,0.836404,0.854281
0.02,0.54 ,0.138415, 0.0183244,0.843261,0.861585
0.02,0.55 ,0.131591, 0.0187802,0.849629,0.868409
0.02,0.56 ,0.125214, 0.0192442,0.855542,0.874786
0.02,0.57 ,0.119252, 0.0197155,0.861033,0.880748
0.02,0.58 ,0.113677, 0.0201934,0.86613,0.886323
0.02,0.59 ,0.108463, 0.0206772,0.87086,0.891537
0.02,0.6 ,0.103585, 0.0211662,0.875248,0.896415
0.02,0.61 ,0.0990218, 0.0216597,0.879318,0.900978
0.02,0.62 ,0.0947515, 0.0221572,0.883091,0.905248
0.02,0.63 ,0.0907554, 0.0226581,0.886587,0.909245
0.02,0.64 ,0.0870155, 0.0231618,0.889823,0.912984
0.02,0.65 ,0.0835155, 0.0236679,0.892817,0.916484
0.02,0.66 ,0.08024, 0.0241759,0.895584,0.91976
0.02,0.67 ,0.0771747, 0.0246853,0.89814,0.922825
0.02,0.68 ,0.0743064, 0.0251957,0.900498,0.925694
0.02,0.69 ,0.0716228, 0.0257068,0.90267,0.928377
0.02,0.7 ,0.0691123, 0.0262182,0.904669,0.930888
0.02,0.71 ,0.0667644, 0.0267295,0.906506,0.933236
0.02,0.72 ,0.064569, 0.0272405,0.90819,0.935431
0.02,0.73 ,0.0625168, 0.0277509,0.909732,0.937483
0.02,0.74 ,0.060599, 0.0282603,0.911141,0.939401
0.02,0.75 ,0.0588076, 0.0287686,0.912424,0.941192
0.02,0.76 ,0.0571348, 0.0292755,0.91359,0.942865
0.02,0.77 ,0.0555737, 0.0297809,0.914645,0.944426
0.02,0.78 ,0.0541174, 0.0302844,0.915598,0.945883
0.02,0.79 ,0.0527597, 0.030786,0.916454,0.94724
0.02,0.8 ,0.0514947, 0.0312855,0.91722,0.948505
0.02,0.81 ,0.050317, 0.0317827,0.9179,0.949683
0.02,0.82 ,0.0492213, 0.0322776,0.918501,0.950779
0.02,0.83 ,0.0482028, 0.0327699,0.919027,0.951797
0.02,0.84 ,0.0472569, 0.0332595,0.919484,0.952743
0.02,0.85 ,0.0463793, 0.0337464,0.919874,0.953621
0.02,0.86 ,0.045566, 0.0342305,0.920204,0.954434
0.02,0.87 ,0.0448131, 0.0347117,0.920475,0.955187
0.02,0.88 ,0.044117, 0.0351899,0.920693,0.955883
0.02,0.89 ,0.0434745, 0.035665,0.920861,0.956525
0.02,0.9 ,0.0428823, 0.036137,0.920981,0.957118
0.02,0.91 ,0.0423374, 0.0366058,0.921057,0.957663
0.02,0.92 ,0.0418369, 0.0370714,0.921092,0.958163
0.02,0.93 ,0.0413783, 0.0375337,0.921088,0.958622
0.02,0.94 ,0.040959, 0.0379928,0.921048,0.959041
0.02,0.95 ,0.0405765, 0.0384485,0.920975,0.959423
0.02,0.96 ,0.0402288, 0.0389008,0.92087,0.959771
0.02,0.97 ,0.0399136, 0.0393498,0.920737,0.960086
0.02,0.98 ,0.0396289, 0.0397954,0.920576,0.960371
0.02,0.99 ,0.0393729, 0.0402376,0.920389,0.960627
0.02,1 ,0.0391438, 0.0406764,0.92018,0.960856
0.03,0 ,0.986019, 0.011482,0.00249862,0.0139806
0.03,0.01 ,0.985973, 0.0114878,0.00253959,0.0140274
0.03,0.02 ,0.985922, 0.011494,0.00258355,0.0140775
0.03,0.03 ,0.985869, 0.0115003,0.00263088,0.0141312
0.03,0.04 ,0.985811, 0.0115069,0.00268204,0.0141889
0.03,0.05 ,0.985749, 0.0115137,0.00273758,0.0142513
0.03,0.06 ,0.985681, 0.0115209,0.00279817,0.0143191
0.03,0.07 ,0.985607, 0.0115284,0.00286462,0.014393
0.03,0.08 ,0.985526, 0.0115362,0.00293794,0.0144741
0.03,0.09 ,0.985436, 0.0115443,0.0030194,0.0145637
0.03,0.1 ,0.985336, 0.0115529,0.00311064,0.0146635
0.03,0.11 ,0.985224, 0.0115619,0.00321375,0.0147757
0.03,0.12 ,0.985097, 0.0115714,0.00333153,0.0149029
0.03,0.13 ,0.984951, 0.0115814,0.00346779,0.0150492
0.03,0.14 ,0.98478, 0.011592,0.0036278,0.0152198
0.03,0.15 ,0.984578, 0.0116033,0.00381919,0.0154225
0.03,0.16 ,0.984331, 0.0116153,0.00405337,0.0156687
0.03,0.17 ,0.984024, 0.0116282,0.00434826,0.0159764
0.03,0.18 ,0.983624, 0.0116419,0.00473379,0.0163757
0.03,0.19 ,0.983079, 0.0116568,0.00526394,0.0169207
0.03,0.2 ,0.98228, 0.0116729,0.00604715,0.01772
0.03,0.21 ,0.980973, 0.0116904,0.00733665,0.0190271
0.03,0.22 ,0.978412, 0.0117097,0.00987863,0.0215883
0.03,0.23 ,0.971395, 0.011731,0.0168738,0.0286048
0.03,0.24 ,0.942865, 0.0117547,0.0453775,0.0571322
0.03,0.25 ,0.881994, 0.0117813,0.106225,0.118006
0.03,0.26 ,0.817192, 0.0118117,0.170996,0.182808
0.03,0.27 ,0.756629, 0.0118466,0.231525,0.243371
0.03,0.28 ,0.701125, 0.0118873,0.286988,0.298875
0.03,0.29 ,0.650446, 0.0119352,0.337618,0.349554
0.03,0.3 ,0.604176, 0.011992,0.383832,0.395824
0.03,0.31 ,0.561885, 0.0120595,0.426056,0.438115
0.03,0.32 ,0.523177, 0.0121396,0.464684,0.476823
0.03,0.33 ,0.487695, 0.0122343,0.50007,0.512305
0.03,0.34 ,0.455123, 0.012345,0.532532,0.544877
0.03,0.35 ,0.425178, 0.0124733,0.562349,0.574822
0.03,0.36 ,0.397611, 0.0126205,0.589769,0.602389
0.03,0.37 ,0.3722, 0.0127872,0.615013,0.6278
0.03,0.38 ,0.348748, 0.0129742,0.638278,0.651252
0.03,0.39 ,0.327079, 0.0131817,0.659739,0.672921
0.03,0.4 ,0.307036, 0.0134097,0.679554,0.692964
0.03,0.41 ,0.288478, 0.0136582,0.697864,0.711522
0.03,0.42 ,0.271278, 0.0139266,0.714795,0.728722
0.03,0.43 ,0.255323, 0.0142146,0.730463,0.744677
0.03,0.44 ,0.240509, 0.0145214,0.74497,0.759491
0.03,0.45 ,0.226745, 0.0148462,0.758409,0.773255
0.03,0.46 ,0.213946, 0.0151882,0.770865,0.786054
0.03,0.47 ,0.202037, 0.0155466,0.782416,0.797963
0.03,0.48 ,0.190949, 0.0159204,0.793131,0.809051
0.03,0.49 ,0.180618, 0.0163086,0.803074,0.819382
0.03,0.5 ,0.170987, 0.0167103,0.812303,0.829013
0.03,0.51 ,0.162005, 0.0171245,0.820871,0.837995
0.03,0.52 ,0.153623, 0.0175504,0.828826,0.846377
0.03,0.53 ,0.145799, 0.0179869,0.836214,0.854201
0.03,0.54 ,0.138491, 0.0184333,0.843076,0.861509
0.03,0.55 ,0.131664, 0.0188887,0.849448,0.868336
0.03,0.56 ,0.125283, 0.0193521,0.855365,0.874717
0.03,0.57 ,0.119318, 0.019823,0.860859,0.880682
0.03,0.58 ,0.11374, 0.0203004,0.865959,0.88626
0.03,0.59 ,0.108523, 0.0207837,0.870693,0.891477
0.03,0.6 ,0.103643, 0.0212722,0.875085,0.896357
0.03,0.61 ,0.0990766, 0.0217652,0.879158,0.900923
0.03,0.62 ,0.0948037, 0.0222623,0.882934,0.905196
0.03,0.63 ,0.0908051, 0.0227627,0.886432,0.909195
0.03,0.64 ,0.0870628, 0.023266,0.889671,0.912937
0.03,0.65 ,0.0835604, 0.0237716,0.892668,0.91644
0.03,0.66 ,0.0802826, 0.0242791,0.895438,0.919717
0.03,0.67 ,0.0772151, 0.0247881,0.897997,0.922785
0.03,0.68 ,0.0743447, 0.0252981,0.900357,0.925655
0.03,0.69 ,0.0716591, 0.0258087,0.902532,0.928341
0.03,0.7 ,0.0691467, 0.0263197,0.904534,0.930853
0.03,0.71 ,0.0667969, 0.0268306,0.906372,0.933203
0.03,0.72 ,0.0645997, 0.0273412,0.908059,0.9354
0.03,0.73 ,0.0625458, 0.0278511,0.909603,0.937454
0.03,0.74 ,0.0606263, 0.0283601,0.911014,0.939374
0.03,0.75 ,0.0588333, 0.028868,0.912299,0.941167
0.03,0.76 ,0.057159, 0.0293745,0.913467,0.942841
0.03,0.77 ,0.0555963, 0.0298795,0.914524,0.944404
0.03,0.78 ,0.0541385, 0.0303826,0.915479,0.945861
0.03,0.79 ,0.0527795, 0.0308839,0.916337,0.947221
0.03,0.8 ,0.0515132, 0.031383,0.917104,0.948487
0.03,0.81 ,0.0503342, 0.0318798,0.917786,0.949666
0.03,0.82 ,0.0492372, 0.0323743,0.918388,0.950763
0.03,0.83 ,0.0482175, 0.0328662,0.918916,0.951782
0.03,0.84 ,0.0472705, 0.0333555,0.919374,0.95273
0.03,0.85 ,0.0463917, 0.0338421,0.919766,0.953608
0.03,0.86 ,0.0455773, 0.0343258,0.920097,0.954423
0.03,0.87 ,0.0448234, 0.0348066,0.92037,0.955177
0.03,0.88 ,0.0441264, 0.0352845,0.920589,0.955874
0.03,0.89 ,0.0434829, 0.0357592,0.920758,0.956517
0.03,0.9 ,0.0428898, 0.0362309,0.920879,0.95711
0.03,0.91 ,0.042344, 0.0366994,0.920957,0.957656
0.03,0.92 ,0.0418427, 0.0371646,0.920993,0.958157
0.03,0.93 ,0.0413833, 0.0376266,0.92099,0.958617
0.03,0.94 ,0.0409632, 0.0380854,0.920951,0.959037
0.03,0.95 ,0.04058, 0.0385407,0.920879,0.95942
0.03,0.96 ,0.0402316, 0.0389928,0.920776,0.959768
0.03,0.97 ,0.0399157, 0.0394415,0.920643,0.960084
0.03,0.98 ,0.0396304, 0.0398867,0.920483,0.96037
0.03,0.99 ,0.0393738, 0.0403286,0.920298,0.960626
0.03,1 ,0.039144, 0.0407671,0.920089,0.960856
0.04,0 ,0.985701, 0.0116059,0.0026934,0.0142993
0.04,0.01 ,0.985654, 0.0116118,0.00273435,0.0143462
0.04,0.02 ,0.985604, 0.0116179,0.00277829,0.0143962
0.04,0.03 ,0.98555, 0.0116243,0.0028256,0.0144499
0.04,0.04 ,0.985492, 0.0116308,0.00287674,0.0145076
0.04,0.05 ,0.98543, 0.0116377,0.00293226,0.01457
0.04,0.06 ,0.985362, 0.0116448,0.00299282,0.0146377
0.04,0.07 ,0.985288, 0.0116523,0.00305923,0.0147115
0.04,0.08 ,0.985207, 0.0116601,0.00313252,0.0147926
0.04,0.09 ,0.985118, 0.0116682,0.00321394,0.0148822
0.04,0.1 ,0.985018, 0.0116768,0.00330512,0.0149819
0.04,0.11 ,0.984906, 0.0116858,0.00340816,0.015094
0.04,0.12 ,0.984779, 0.0116953,0.00352586,0.0152211
0.04,0.13 ,0.984633, 0.0117053,0.00366201,0.0153673
0.04,0.14 ,0.984462, 0.0117159,0.00382188,0.0155378
0.04,0.15 ,0.98426, 0.0117271,0.00401308,0.0157402
0.04,0.16 ,0.984014, 0.0117391,0.00424698,0.0159861
0.04,0.17 ,0.983707, 0.011752,0.00454146,0.0162934
0.04,0.18 ,0.983308, 0.0117657,0.00492632,0.016692
0.04,0.19 ,0.982764, 0.0117806,0.00545534,0.0172359
0.04,0.2 ,0.981967, 0.0117966,0.00623636,0.018033
0.04,0.21 ,0.980665, 0.0118142,0.0075209,0.0193351
0.04,0.22 ,0.978118, 0.0118334,0.0100484,0.0218818
0.04,0.23 ,0.971167, 0.0118546,0.0169786,0.0288332
0.04,0.24 ,0.942931, 0.0118783,0.0451879,0.0570662
0.04,0.25 ,0.882233, 0.0119049,0.105862,0.117767
0.04,0.26 ,0.817454, 0.0119352,0.170611,0.182546
0.04,0.27 ,0.756888, 0.0119701,0.231142,0.243112
0.04,0.28 ,0.701376, 0.0120107,0.286613,0.298624
0.04,0.29 ,0.650689, 0.0120585,0.337253,0.349311
0.04,0.3 ,0.604408, 0.0121151,0.383477,0.395592
0.04,0.31 ,0.562107, 0.0121825,0.42571,0.437893
0.04,0.32 ,0.52339, 0.0122625,0.464347,0.47661
0.04,0.33 ,0.4879, 0.0123568,0.499743,0.5121
0.04,0.34 ,0.455319, 0.0124674,0.532214,0.544681
0.04,0.35 ,0.425365, 0.0125954,0.562039,0.574635
0.04,0.36 ,0.39779, 0.0127422,0.589467,0.60221
0.04,0.37 ,0.372372, 0.0129086,0.614719,0.627628
0.04,0.38 ,0.348913, 0.0130952,0.637992,0.651087
0.04,0.39 ,0.327237, 0.0133023,0.659461,0.672763
0.04,0.4 ,0.307187, 0.01353,0.679283,0.692813
0.04,0.41 ,0.288622, 0.013778,0.6976,0.711378
0.04,0.42 ,0.271416, 0.014046,0.714538,0.728584
0.04,0.43 ,0.255455, 0.0143335,0.730212,0.744545
0.04,0.44 ,0.240636, 0.0146397,0.744724,0.759364
0.04,0.45 ,0.226866, 0.0149641,0.758169,0.773134
0.04,0.46 ,0.214063, 0.0153056,0.770632,0.785937
0.04,0.47 ,0.202149, 0.0156635,0.782188,0.797851
0.04,0.48 ,0.191055, 0.0160367,0.792908,0.808945
0.04,0.49 ,0.180719, 0.0164244,0.802856,0.819281
0.04,0.5 ,0.171084, 0.0168256,0.81209,0.828916
0.04,0.51 ,0.162098, 0.0172393,0.820663,0.837902
0.04,0.52 ,0.153712, 0.0176647,0.828623,0.846288
0.04,0.53 ,0.145884, 0.0181007,0.836016,0.854116
0.04,0.54 ,0.138572, 0.0185465,0.842881,0.861428
0.04,0.55 ,0.131741, 0.0190014,0.849257,0.868259
0.04,0.56 ,0.125357, 0.0194643,0.855179,0.874643
0.04,0.57 ,0.119389, 0.0199346,0.860677,0.880611
0.04,0.58 ,0.113808, 0.0204115,0.865781,0.886192
0.04,0.59 ,0.108588, 0.0208943,0.870518,0.891412
0.04,0.6 ,0.103704, 0.0213823,0.874913,0.896296
0.04,0.61 ,0.0991351, 0.0218749,0.87899,0.900865
0.04,0.62 ,0.0948594, 0.0223714,0.882769,0.905141
0.04,0.63 ,0.0908581, 0.0228713,0.886271,0.909142
0.04,0.64 ,0.0871132, 0.0233741,0.889513,0.912887
0.04,0.65 ,0.0836083, 0.0238793,0.892512,0.916392
0.04,0.66 ,0.0803281, 0.0243863,0.895286,0.919672
0.04,0.67 ,0.0772583, 0.0248948,0.897847,0.922742
0.04,0.68 ,0.0743857, 0.0254044,0.90021,0.925614
0.04,0.69 ,0.0716979, 0.0259145,0.902388,0.928302
0.04,0.7 ,0.0691835, 0.026425,0.904392,0.930817
0.04,0.71 ,0.0668317, 0.0269355,0.906233,0.933168
0.04,0.72 ,0.0646325, 0.0274456,0.907922,0.935367
0.04,0.73 ,0.0625767, 0.0279551,0.909468,0.937423
0.04,0.74 ,0.0606555, 0.0284637,0.910881,0.939345
0.04,0.75 ,0.0588607, 0.0289711,0.912168,0.941139
0.04,0.76 ,0.0571847, 0.0294772,0.913338,0.942815
0.04,0.77 ,0.0556204, 0.0299818,0.914398,0.94438
0.04,0.78 ,0.0541612, 0.0304845,0.915354,0.945839
0.04,0.79 ,0.0528006, 0.0309853,0.916214,0.947199
0.04,0.8 ,0.0515329, 0.031484,0.916983,0.948467
0.04,0.81 ,0.0503525, 0.0319805,0.917667,0.949648
0.04,0.82 ,0.0492542, 0.0324746,0.918271,0.950746
0.04,0.83 ,0.0482332, 0.0329661,0.918801,0.951767
0.04,0.84 ,0.047285, 0.033455,0.91926,0.952715
0.04,0.85 ,0.0464051, 0.0339412,0.919654,0.953595
0.04,0.86 ,0.0455895, 0.0344245,0.919986,0.95441
0.04,0.87 ,0.0448345, 0.034905,0.92026,0.955165
0.04,0.88 ,0.0441365, 0.0353825,0.920481,0.955864
0.04,0.89 ,0.043492, 0.0358569,0.920651,0.956508
0.04,0.9 ,0.0428979, 0.0363282,0.920774,0.957102
0.04,0.91 ,0.0423512, 0.0367963,0.920853,0.957649
0.04,0.92 ,0.041849, 0.0372612,0.92089,0.958151
0.04,0.93 ,0.0413888, 0.0377229,0.920888,0.958611
0.04,0.94 ,0.0409678, 0.0381812,0.920851,0.959032
0.04,0.95 ,0.0405839, 0.0386363,0.92078,0.959416
0.04,0.96 ,0.0402347, 0.039088,0.920677,0.959765
0.04,0.97 ,0.0399181, 0.0395363,0.920546,0.960082
0.04,0.98 ,0.0396321, 0.0399813,0.920387,0.960368
0.04,0.99 ,0.0393748, 0.0404228,0.920202,0.960625
0.04,1 ,0.0391445, 0.040861,0.919995,0.960856
0.05,0 ,0.98536, 0.0117352,0.00290529,0.0146405
0.05,0.01 ,0.985313, 0.0117411,0.00294623,0.0146873
0.05,0.02 ,0.985263, 0.0117472,0.00299015,0.0147373
0.05,0.03 ,0.985209, 0.0117535,0.00303743,0.0147909
0.05,0.04 ,0.985151, 0.0117601,0.00308855,0.0148486
0.05,0.05 ,0.985089, 0.0117669,0.00314404,0.0149109
0.05,0.06 ,0.985021, 0.011774,0.00320457,0.0149786
0.05,0.07 ,0.984948, 0.0117815,0.00327095,0.0150524
0.05,0.08 ,0.984867, 0.0117892,0.00334419,0.0151334
0.05,0.09 ,0.984777, 0.0117974,0.00342556,0.015223
0.05,0.1 ,0.984677, 0.0118059,0.00351668,0.0153226
0.05,0.11 ,0.984565, 0.0118149,0.00361966,0.0154346
0.05,0.12 ,0.984438, 0.0118244,0.00373727,0.0155617
0.05,0.13 ,0.984292, 0.0118344,0.0038733,0.0157077
0.05,0.14 ,0.984122, 0.011845,0.00403302,0.015878
0.05,0.15 ,0.98392, 0.0118562,0.00422402,0.0160802
0.05,0.16 ,0.983674, 0.0118682,0.00445762,0.0163258
0.05,0.17 ,0.983367, 0.011881,0.00475166,0.0166327
0.05,0.18 ,0.982969, 0.0118947,0.00513582,0.0170306
0.05,0.19 ,0.982427, 0.0119096,0.00566363,0.0175732
0.05,0.2 ,0.981632, 0.0119256,0.00644232,0.0183679
0.05,0.21 ,0.980335, 0.0119431,0.00772163,0.0196647
0.05,0.22 ,0.977804, 0.0119623,0.0102339,0.0221962
0.05,0.23 ,0.970921, 0.0119835,0.0170954,0.0290789
0.05,0.24 ,0.942998, 0.0120071,0.0449919,0.056999
0.05,0.25 ,0.882489, 0.0120337,0.105477,0.117511
0.05,0.26 ,0.817734, 0.0120639,0.170202,0.182266
0.05,0.27 ,0.757165, 0.0120987,0.230736,0.242835
0.05,0.28 ,0.701645, 0.0121392,0.286215,0.298355
0.05,0.29 ,0.650948, 0.0121869,0.336866,0.349052
0.05,0.3 ,0.604657, 0.0122435,0.3831,0.395343
0.05,0.31 ,0.562346, 0.0123107,0.425343,0.437654
0.05,0.32 ,0.523619, 0.0123904,0.463991,0.476381
0.05,0.33 ,0.488119, 0.0124846,0.499397,0.511881
0.05,0.34 ,0.455528, 0.0125948,0.531877,0.544472
0.05,0.35 ,0.425566, 0.0127226,0.561711,0.574434
0.05,0.36 ,0.397983, 0.0128691,0.589148,0.602017
0.05,0.37 ,0.372556, 0.0130351,0.614409,0.627444
0.05,0.38 ,0.349089, 0.0132213,0.63769,0.650911
0.05,0.39 ,0.327406, 0.013428,0.659166,0.672594
0.05,0.4 ,0.307349, 0.0136552,0.678996,0.692651
0.05,0.41 ,0.288777, 0.0139027,0.69732,0.711223
0.05,0.42 ,0.271564, 0.0141703,0.714265,0.728436
0.05,0.43 ,0.255597, 0.0144573,0.729946,0.744403
0.05,0.44 ,0.240772, 0.014763,0.744465,0.759228
0.05,0.45 ,0.226996, 0.0150868,0.757917,0.773004
0.05,0.46 ,0.214187, 0.0154278,0.770385,0.785813
0.05,0.47 ,0.202268, 0.0157852,0.781947,0.797732
0.05,0.48 ,0.191169, 0.0161579,0.792673,0.808831
0.05,0.49 ,0.180828, 0.016545,0.802627,0.819172
0.05,0.5 ,0.171189, 0.0169456,0.811866,0.828811
0.05,0.51 ,0.162198, 0.0173588,0.820444,0.837802
0.05,0.52 ,0.153807, 0.0177836,0.828409,0.846193
0.05,0.53 ,0.145975, 0.018219,0.835806,0.854025
0.05,0.54 ,0.138659, 0.0186643,0.842676,0.861341
0.05,0.55 ,0.131824, 0.0191186,0.849057,0.868176
0.05,0.56 ,0.125436, 0.019581,0.854982,0.874564
0.05,0.57 ,0.119465, 0.0200508,0.860485,0.880535
0.05,0.58 ,0.11388, 0.0205271,0.865593,0.88612
0.05,0.59 ,0.108657, 0.0210094,0.870334,0.891343
0.05,0.6 ,0.10377, 0.0214968,0.874733,0.89623
0.05,0.61 ,0.0991976, 0.0219889,0.878814,0.900802
0.05,0.62 ,0.094919, 0.0224849,0.882596,0.905081
0.05,0.63 ,0.0909147, 0.0229843,0.886101,0.909085
0.05,0.64 ,0.0871671, 0.0234865,0.889346,0.912833
0.05,0.65 ,0.0836595, 0.0239912,0.892349,0.91634
0.05,0.66 ,0.0803767, 0.0244977,0.895126,0.919623
0.05,0.67 ,0.0773045, 0.0250057,0.89769,0.922696
0.05,0.68 ,0.0744294, 0.0255147,0.900056,0.925571
0.05,0.69 ,0.0717394, 0.0260244,0.902236,0.928261
0.05,0.7 ,0.0692227, 0.0265344,0.904243,0.930777
0.05,0.71 ,0.0668688, 0.0270444,0.906087,0.933131
0.05,0.72 ,0.0646675, 0.0275541,0.907778,0.935332
0.05,0.73 ,0.0626097, 0.0280631,0.909327,0.93739
0.05,0.74 ,0.0606866, 0.0285712,0.910742,0.939313
0.05,0.75 ,0.05889, 0.0290782,0.912032,0.94111
0.05,0.76 ,0.0572122, 0.0295839,0.913204,0.942788
0.05,0.77 ,0.0556463, 0.0300879,0.914266,0.944354
0.05,0.78 ,0.0541853, 0.0305903,0.915224,0.945815
0.05,0.79 ,0.0528232, 0.0310906,0.916086,0.947177
0.05,0.8 ,0.0515539, 0.0315889,0.916857,0.948446
0.05,0.81 ,0.0503721, 0.0320849,0.917543,0.949628
0.05,0.82 ,0.0492724, 0.0325786,0.918149,0.950728
0.05,0.83 ,0.0482501, 0.0330697,0.91868,0.95175
0.05,0.84 ,0.0473005, 0.0335582,0.919141,0.952699
0.05,0.85 ,0.0464194, 0.034044,0.919537,0.953581
0.05,0.86 ,0.0456026, 0.0345269,0.91987,0.954397
0.05,0.87 ,0.0448465, 0.035007,0.920147,0.955154
0.05,0.88 ,0.0441473, 0.035484,0.920369,0.955853
0.05,0.89 ,0.0435018, 0.0359581,0.92054,0.956498
0.05,0.9 ,0.0429066, 0.036429,0.920664,0.957093
0.05,0.91 ,0.042359, 0.0368967,0.920744,0.957641
0.05,0.92 ,0.0418558, 0.0373612,0.920783,0.958144
0.05,0.93 ,0.0413947, 0.0378225,0.920783,0.958605
0.05,0.94 ,0.0409729, 0.0382805,0.920747,0.959027
0.05,0.95 ,0.0405881, 0.0387352,0.920677,0.959412
0.05,0.96 ,0.0402381, 0.0391866,0.920575,0.959762
0.05,0.97 ,0.0399208, 0.0396345,0.920445,0.960079
0.05,0.98 ,0.039634, 0.0400792,0.920287,0.960366
0.05,0.99 ,0.0393761, 0.0405204,0.920104,0.960624
0.05,1 ,0.039145, 0.0409582,0.919897,0.960855
0.06,0 ,0.984994, 0.01187,0.0031364,0.0150064
0.06,0.01 ,0.984947, 0.0118759,0.00317731,0.0150532
0.06,0.02 ,0.984897, 0.011882,0.00322121,0.0151032
0.06,0.03 ,0.984843, 0.0118883,0.00326847,0.0151568
0.06,0.04 ,0.984786, 0.0118949,0.00331956,0.0152144
0.06,0.05 ,0.984723, 0.0119017,0.00337502,0.0152767
0.06,0.06 ,0.984656, 0.0119088,0.00343551,0.0153443
0.06,0.07 ,0.984582, 0.0119162,0.00350185,0.0154181
0.06,0.08 ,0.984501, 0.011924,0.00357505,0.0154991
0.06,0.09 ,0.984411, 0.0119322,0.00365637,0.0155885
0.06,0.1 ,0.984312, 0.0119407,0.00374743,0.0156881
0.06,0.11 ,0.9842, 0.0119497,0.00385032,0.0158
0.06,0.12 ,0.984073, 0.0119591,0.00396784,0.015927
0.06,0.13 ,0.983927, 0.0119691,0.00410375,0.0160728
0.06,0.14 ,0.983757, 0.0119797,0.00426331,0.016243
0.06,0.15 ,0.983555, 0.0119909,0.00445408,0.016445
0.06,0.16 ,0.98331, 0.0120029,0.00468737,0.0166902
0.06,0.17 ,0.983003, 0.0120156,0.00498094,0.0169966
0.06,0.18 ,0.982606, 0.0120294,0.00536435,0.0173937
0.06,0.19 ,0.982065, 0.0120442,0.00589087,0.017935
0.06,0.2 ,0.981273, 0.0120602,0.0066671,0.0187273
0.06,0.21 ,0.979982, 0.0120777,0.00794085,0.0200185
0.06,0.22 ,0.977466, 0.0120968,0.0104369,0.0225337
0.06,0.23 ,0.970656, 0.012118,0.017226,0.029344
0.06,0.24 ,0.943067, 0.0121415,0.0447893,0.0569308
0.06,0.25 ,0.882762, 0.0121681,0.105069,0.117238
0.06,0.26 ,0.818034, 0.0121982,0.169768,0.181966
0.06,0.27 ,0.757463, 0.012233,0.230304,0.242537
0.06,0.28 ,0.701934, 0.0122734,0.285793,0.298066
0.06,0.29 ,0.651225, 0.012321,0.336454,0.348775
0.06,0.3 ,0.604923, 0.0123773,0.382699,0.395077
0.06,0.31 ,0.562602, 0.0124444,0.424954,0.437398
0.06,0.32 ,0.523864, 0.0125239,0.463612,0.476136
0.06,0.33 ,0.488353, 0.0126179,0.499029,0.511647
0.06,0.34 ,0.455753, 0.0127278,0.531519,0.544247
0.06,0.35 ,0.425781, 0.0128553,0.561363,0.574219
0.06,0.36 ,0.398189, 0.0130014,0.58881,0.601811
0.06,0.37 ,0.372753, 0.013167,0.61408,0.627247
0.06,0.38 ,0.349278, 0.0133528,0.637369,0.650722
0.06,0.39 ,0.327587, 0.0135591,0.658854,0.672413
0.06,0.4 ,0.307522, 0.0137858,0.678692,0.692478
0.06,0.41 ,0.288943, 0.0140328,0.697024,0.711057
0.06,0.42 ,0.271723, 0.0142999,0.713977,0.728277
0.06,0.43 ,0.255749, 0.0145863,0.729665,0.744251
0.06,0.44 ,0.240917, 0.0148915,0.744191,0.759083
0.06,0.45 ,0.227136, 0.0152148,0.75765,0.772864
0.06,0.46 ,0.21432, 0.0155552,0.770124,0.78568
0.06,0.47 ,0.202395, 0.015912,0.781693,0.797605
0.06,0.48 ,0.191291, 0.0162841,0.792425,0.808709
0.06,0.49 ,0.180945, 0.0166706,0.802384,0.819055
0.06,0.5 ,0.1713, 0.0170707,0.811629,0.8287
0.06,0.51 ,0.162304, 0.0174832,0.820212,0.837696
0.06,0.52 ,0.15391, 0.0179074,0.828183,0.84609
0.06,0.53 ,0.146072, 0.0183423,0.835585,0.853928
0.06,0.54 ,0.138752, 0.018787,0.842461,0.861248
0.06,0.55 ,0.131913, 0.0192407,0.848846,0.868087
0.06,0.56 ,0.125521, 0.0197025,0.854776,0.874479
0.06,0.57 ,0.119546, 0.0201717,0.860283,0.880454
0.06,0.58 ,0.113957, 0.0206474,0.865395,0.886043
0.06,0.59 ,0.10873, 0.0211291,0.870141,0.89127
0.06,0.6 ,0.10384, 0.021616,0.874544,0.89616
0.06,0.61 ,0.0992646, 0.0221075,0.878628,0.900735
0.06,0.62 ,0.0949827, 0.0226029,0.882414,0.905017
0.06,0.63 ,0.0909754, 0.0231018,0.885923,0.909025
0.06,0.64 ,0.0872248, 0.0236035,0.889172,0.912775
0.06,0.65 ,0.0837144, 0.0241076,0.892178,0.916286
0.06,0.66 ,0.0804288, 0.0246136,0.894958,0.919571
0.06,0.67 ,0.0773539, 0.025121,0.897525,0.922646
0.06,0.68 ,0.0744763, 0.0256295,0.899894,0.925524
0.06,0.69 ,0.0717837, 0.0261387,0.902078,0.928216
0.06,0.7 ,0.0692647, 0.0266482,0.904087,0.930735
0.06,0.71 ,0.0669085, 0.0271576,0.905934,0.933092
0.06,0.72 ,0.064705, 0.0276668,0.907628,0.935295
0.06,0.73 ,0.0626451, 0.0281753,0.90918,0.937355
0.06,0.74 ,0.0607199, 0.0286829,0.910597,0.93928
0.06,0.75 ,0.0589213, 0.0291895,0.911889,0.941079
0.06,0.76 ,0.0572417, 0.0296946,0.913064,0.942758
0.06,0.77 ,0.0556739, 0.0301982,0.914128,0.944326
0.06,0.78 ,0.0542112, 0.0307001,0.915089,0.945789
0.06,0.79 ,0.0528474, 0.0312,0.915953,0.947153
0.06,0.8 ,0.0515765, 0.0316978,0.916726,0.948423
0.06,0.81 ,0.0503931, 0.0321933,0.917414,0.949607
0.06,0.82 ,0.0492919, 0.0326865,0.918022,0.950708
0.06,0.83 ,0.0482682, 0.0331772,0.918555,0.951732
0.06,0.84 ,0.0473172, 0.0336653,0.919018,0.952683
0.06,0.85 ,0.0464347, 0.0341506,0.919415,0.953565
0.06,0.86 ,0.0456167, 0.0346331,0.91975,0.954383
0.06,0.87 ,0.0448593, 0.0351128,0.920028,0.955141
0.06,0.88 ,0.044159, 0.0355894,0.920252,0.955841
0.06,0.89 ,0.0435123, 0.036063,0.920425,0.956488
0.06,0.9 ,0.0429161, 0.0365335,0.92055,0.957084
0.06,0.91 ,0.0423673, 0.0370008,0.920632,0.957633
0.06,0.92 ,0.0418632, 0.037465,0.920672,0.958137
0.06,0.93 ,0.0414011, 0.0379259,0.920673,0.958599
0.06,0.94 ,0.0409784, 0.0383835,0.920638,0.959022
0.06,0.95 ,0.0405927, 0.0388378,0.920569,0.959407
0.06,0.96 ,0.0402419, 0.0392887,0.920469,0.959758
0.06,0.97 ,0.0399237, 0.0397363,0.92034,0.960076
0.06,0.98 ,0.0396362, 0.0401806,0.920183,0.960364
0.06,0.99 ,0.0393775, 0.0406214,0.920001,0.960622
0.06,1 ,0.0391458, 0.0410588,0.919795,0.960854
0.07,0 ,0.9846, 0.0120109,0.00338915,0.0154
0.07,0.01 ,0.984553, 0.0120167,0.00343003,0.0154468
0.07,0.02 ,0.984503, 0.0120228,0.00347391,0.0154967
0.07,0.03 ,0.98445, 0.0120291,0.00352114,0.0155503
0.07,0.04 ,0.984392, 0.0120357,0.0035722,0.0156079
0.07,0.05 ,0.98433, 0.0120425,0.00362762,0.0156701
0.07,0.06 ,0.984262, 0.0120496,0.00368808,0.0157377
0.07,0.07 ,0.984189, 0.012057,0.00375438,0.0158114
0.07,0.08 ,0.984108, 0.0120648,0.00382752,0.0158923
0.07,0.09 ,0.984018, 0.0120729,0.00390879,0.0159817
0.07,0.1 ,0.983919, 0.0120814,0.00399978,0.0160812
0.07,0.11 ,0.983807, 0.0120904,0.00410259,0.016193
0.07,0.12 ,0.98368, 0.0120998,0.00422,0.0163198
0.07,0.13 ,0.983534, 0.0121098,0.00435578,0.0164656
0.07,0.14 ,0.983364, 0.0121203,0.00451516,0.0166355
0.07,0.15 ,0.983163, 0.0121316,0.0047057,0.0168372
0.07,0.16 ,0.982918, 0.0121435,0.00493865,0.0170821
0.07,0.17 ,0.982612, 0.0121563,0.00523172,0.017388
0.07,0.18 ,0.982216, 0.01217,0.00561433,0.0177843
0.07,0.19 ,0.981676, 0.0121847,0.00613949,0.0183242
0.07,0.2 ,0.980886, 0.0122007,0.00691309,0.0191138
0.07,0.21 ,0.979601, 0.0122182,0.00818093,0.0203991
0.07,0.22 ,0.977103, 0.0122373,0.0106598,0.022897
0.07,0.23 ,0.970369, 0.0122584,0.0173723,0.0296308
0.07,0.24 ,0.943135, 0.0122819,0.0445801,0.0568621
0.07,0.25 ,0.883055, 0.0123084,0.104636,0.116945
0.07,0.26 ,0.818357, 0.0123385,0.169305,0.181643
0.07,0.27 ,0.757783, 0.0123732,0.229844,0.242217
0.07,0.28 ,0.702244, 0.0124135,0.285342,0.297756
0.07,0.29 ,0.651524, 0.0124609,0.336015,0.348476
0.07,0.3 ,0.60521, 0.0125172,0.382273,0.39479
0.07,0.31 ,0.562877, 0.012584,0.424539,0.437123
0.07,0.32 ,0.524127, 0.0126634,0.463209,0.475873
0.07,0.33 ,0.488606, 0.012757,0.498637,0.511394
0.07,0.34 ,0.455995, 0.0128667,0.531139,0.544005
0.07,0.35 ,0.426013, 0.0129938,0.560993,0.573987
0.07,0.36 ,0.39841, 0.0131395,0.58845,0.60159
0.07,0.37 ,0.372966, 0.0133048,0.61373,0.627034
0.07,0.38 ,0.349481, 0.0134901,0.637029,0.650519
0.07,0.39 ,0.327781, 0.0136959,0.658523,0.672219
0.07,0.4 ,0.307708, 0.0139221,0.67837,0.692292
0.07,0.41 ,0.289121, 0.0141686,0.69671,0.710879
0.07,0.42 ,0.271894, 0.0144351,0.713671,0.728106
0.07,0.43 ,0.255912, 0.014721,0.729367,0.744088
0.07,0.44 ,0.241074, 0.0150256,0.743901,0.758926
0.07,0.45 ,0.227285, 0.0153483,0.757366,0.772715
0.07,0.46 ,0.214464, 0.0156881,0.769848,0.785536
0.07,0.47 ,0.202532, 0.0160442,0.781423,0.797468
0.07,0.48 ,0.191422, 0.0164157,0.792162,0.808578
0.07,0.49 ,0.181071, 0.0168016,0.802128,0.818929
0.07,0.5 ,0.17142, 0.0172011,0.811379,0.82858
0.07,0.51 ,0.162419, 0.017613,0.819968,0.837581
0.07,0.52 ,0.154019, 0.0180366,0.827944,0.845981
0.07,0.53 ,0.146177, 0.0184708,0.835352,0.853823
0.07,0.54 ,0.138853, 0.0189149,0.842233,0.861147
0.07,0.55 ,0.132009, 0.0193679,0.848623,0.867991
0.07,0.56 ,0.125613, 0.0198291,0.854558,0.874387
0.07,0.57 ,0.119633, 0.0202976,0.86007,0.880367
0.07,0.58 ,0.11404, 0.0207728,0.865187,0.88596
0.07,0.59 ,0.10881, 0.0212539,0.869937,0.89119
0.07,0.6 ,0.103916, 0.0217401,0.874344,0.896084
0.07,0.61 ,0.0993365, 0.022231,0.878433,0.900664
0.07,0.62 ,0.0950512, 0.0227258,0.882223,0.904949
0.07,0.63 ,0.0910405, 0.0232241,0.885735,0.90896
0.07,0.64 ,0.0872867, 0.0237252,0.888988,0.912713
0.07,0.65 ,0.0837732, 0.0242287,0.891998,0.916227
0.07,0.66 ,0.0804846, 0.0247341,0.894781,0.919515
0.07,0.67 ,0.0774068, 0.025241,0.897352,0.922593
0.07,0.68 ,0.0745265, 0.025749,0.899725,0.925474
0.07,0.69 ,0.0718313, 0.0262576,0.901911,0.928169
0.07,0.7 ,0.0693097, 0.0267665,0.903924,0.93069
0.07,0.71 ,0.066951, 0.0272754,0.905774,0.933049
0.07,0.72 ,0.0647452, 0.027784,0.907471,0.935255
0.07,0.73 ,0.062683, 0.028292,0.909025,0.937317
0.07,0.74 ,0.0607556, 0.0287991,0.910445,0.939244
0.07,0.75 ,0.0589549, 0.0293051,0.91174,0.941045
0.07,0.76 ,0.0572733, 0.0298097,0.912917,0.942727
0.07,0.77 ,0.0557035, 0.0303128,0.913984,0.944297
0.07,0.78 ,0.0542389, 0.0308142,0.914947,0.945761
0.07,0.79 ,0.0528733, 0.0313136,0.915813,0.947127
0.07,0.8 ,0.0516007, 0.0318109,0.916588,0.948399
0.07,0.81 ,0.0504156, 0.032306,0.917278,0.949584
0.07,0.82 ,0.0493128, 0.0327987,0.917888,0.950687
0.07,0.83 ,0.0482875, 0.0332889,0.918424,0.951712
0.07,0.84 ,0.0473351, 0.0337765,0.918888,0.952665
0.07,0.85 ,0.0464512, 0.0342614,0.919287,0.953549
0.07,0.86 ,0.0456318, 0.0347434,0.919625,0.954368
0.07,0.87 ,0.0448731, 0.0352226,0.919904,0.955127
0.07,0.88 ,0.0441715, 0.0356988,0.92013,0.955829
0.07,0.89 ,0.0435236, 0.0361719,0.920304,0.956476
