Betapv,Betamv,V,Rs,Rv,P
0,0 ,0.986862, 0.0111383,0.002,0.0131383
0,0.01 ,0.986836, 0.0111416,0.00202243,0.013164
0,0.02 ,0.986809, 0.0111449,0.00204574,0.0131906
0,0.03 ,0.986782, 0.0111483,0.00206999,0.0132183
0,0.04 ,0.986753, 0.0111517,0.00209523,0.013247
0,0.05 ,0.986723, 0.0111553,0.00212155,0.0132768
0,0.06 ,0.986692, 0.0111589,0.00214901,0.0133079
0,0.07 ,0.98666, 0.0111626,0.00217771,0.0133403
0,0.08 ,0.986626, 0.0111663,0.00220774,0.0133741
0,0.09 ,0.986591, 0.0111702,0.00223921,0.0134094
0,0.1 ,0.986554, 0.0111741,0.00227223,0.0134464
0,0.11 ,0.986515, 0.0111782,0.00230695,0.0134851
0,0.12 ,0.986474, 0.0111823,0.00234351,0.0135258
0,0.13 ,0.986431, 0.0111866,0.00238207,0.0135686
0,0.14 ,0.986386, 0.0111909,0.00242284,0.0136137
0,0.15 ,0.986339, 0.0111954,0.00246602,0.0136614
0,0.16 ,0.986288, 0.0111999,0.00251187,0.0137118
0,0.17 ,0.986235, 0.0112046,0.00256068,0.0137653
0,0.18 ,0.986178, 0.0112095,0.00261276,0.0138222
0,0.19 ,0.986117, 0.0112144,0.00266851,0.0138829
0,0.2 ,0.986052, 0.0112195,0.00272837,0.0139479
0,0.21 ,0.985982, 0.0112248,0.00279286,0.0140177
0,0.22 ,0.985907, 0.0112302,0.00286262,0.0140928
0,0.23 ,0.985826, 0.0112358,0.00293839,0.0141742
0,0.24 ,0.985737, 0.0112416,0.00302107,0.0142626
0,0.25 ,0.985641, 0.0112475,0.00311176,0.0143593
0,0.26 ,0.985535, 0.0112537,0.0032118,0.0144655
0,0.27 ,0.985417, 0.01126,0.00332288,0.0145829
0,0.28 ,0.985286, 0.0112666,0.00344712,0.0147138
0,0.29 ,0.985139, 0.0112735,0.00358725,0.0148607
0,0.3 ,0.984973, 0.0112806,0.00374682,0.0150274
0,0.31 ,0.984781, 0.011288,0.00393057,0.0152185
0,0.32 ,0.984559, 0.0112956,0.0041449,0.0154405
0,0.33 ,0.984298, 0.0113036,0.00439881,0.0157025
0,0.34 ,0.983983, 0.011312,0.0047052,0.0160172
0,0.35 ,0.983596, 0.0113207,0.00508337,0.0164041
0,0.36 ,0.983107, 0.0113299,0.00556342,0.0168933
0,0.37 ,0.982466, 0.0113395,0.00619502,0.0175345
0,0.38 ,0.981585, 0.0113495,0.00706592,0.0184155
0,0.39 ,0.980294, 0.0113602,0.00834568,0.0197058
0,0.4 ,0.978226, 0.0113714,0.0104022,0.0217736
0,0.41 ,0.974457, 0.0113832,0.0141598,0.025543
0,0.42 ,0.966358, 0.0113958,0.0222455,0.0336413
0,0.43 ,0.948002, 0.0114092,0.0405861,0.0519953
0,0.44 ,0.917281, 0.0114235,0.0712934,0.0827169
0,0.45 ,0.881357, 0.0114387,0.107204,0.118643
0,0.46 ,0.84494, 0.0114552,0.143604,0.15506
0,0.47 ,0.809526, 0.0114729,0.179002,0.190474
0,0.48 ,0.775565, 0.011492,0.212942,0.224435
0,0.49 ,0.743178, 0.0115129,0.245309,0.256822
0,0.5 ,0.712359, 0.0115356,0.276105,0.287641
0,0.51 ,0.683059, 0.0115604,0.305381,0.316941
0,0.52 ,0.655209, 0.0115877,0.333203,0.344791
0,0.53 ,0.628735, 0.0116176,0.359647,0.371265
0,0.54 ,0.603562, 0.0116505,0.384788,0.396438
0,0.55 ,0.579616, 0.0116868,0.408697,0.420384
0,0.56 ,0.556828, 0.0117268,0.431445,0.443172
0,0.57 ,0.535132, 0.0117707,0.453097,0.464868
0,0.58 ,0.514466, 0.011819,0.473715,0.485534
0,0.59 ,0.494773, 0.0118718,0.493355,0.505227
0,0.6 ,0.475997, 0.0119296,0.512074,0.524003
0,0.61 ,0.458088, 0.0119925,0.52992,0.541912
0,0.62 ,0.440998, 0.0120608,0.546941,0.559002
0,0.63 ,0.424683, 0.0121348,0.563183,0.575317
0,0.64 ,0.409101, 0.0122146,0.578685,0.590899
0,0.65 ,0.394213, 0.0123004,0.593487,0.605787
0,0.66 ,0.379983, 0.0123923,0.607625,0.620017
0,0.67 ,0.366376, 0.0124904,0.621134,0.633624
0,0.68 ,0.353361, 0.0125948,0.634044,0.646639
0,0.69 ,0.340907, 0.0127056,0.646388,0.659093
0,0.7 ,0.328986, 0.0128227,0.658192,0.671014
0,0.71 ,0.317571, 0.0129463,0.669483,0.682429
0,0.72 ,0.306637, 0.0130761,0.680286,0.693363
0,0.73 ,0.296162, 0.0132123,0.690626,0.703838
0,0.74 ,0.286122, 0.0133547,0.700523,0.713878
0,0.75 ,0.276497, 0.0135033,0.71,0.723503
0,0.76 ,0.267266, 0.013658,0.719075,0.732734
0,0.77 ,0.258413, 0.0138187,0.727769,0.741587
0,0.78 ,0.249918, 0.0139853,0.736097,0.750082
0,0.79 ,0.241765, 0.0141576,0.744077,0.758235
0,0.8 ,0.233939, 0.0143355,0.751726,0.766061
0,0.81 ,0.226424, 0.0145189,0.759057,0.773576
0,0.82 ,0.219208, 0.0147076,0.766085,0.780792
0,0.83 ,0.212275, 0.0149014,0.772823,0.787725
0,0.84 ,0.205615, 0.0151003,0.779285,0.794385
0,0.85 ,0.199214, 0.015304,0.785482,0.800786
0,0.86 ,0.193061, 0.0155125,0.791426,0.806939
0,0.87 ,0.187147, 0.0157254,0.797128,0.812853
0,0.88 ,0.18146, 0.0159427,0.802598,0.81854
0,0.89 ,0.175991, 0.0161643,0.807845,0.824009
0,0.9 ,0.17073, 0.0163898,0.81288,0.82927
0,0.91 ,0.165669, 0.0166193,0.817712,0.834331
0,0.92 ,0.1608, 0.0168524,0.822348,0.8392
0,0.93 ,0.156114, 0.0170891,0.826796,0.843886
0,0.94 ,0.151605, 0.0173292,0.831066,0.848395
0,0.95 ,0.147264, 0.0175725,0.835163,0.852736
0,0.96 ,0.143086, 0.0178189,0.839095,0.856914
0,0.97 ,0.139063, 0.0180683,0.842869,0.860937
0,0.98 ,0.135189, 0.0183204,0.846491,0.864811
0,0.99 ,0.131458, 0.0185752,0.849966,0.868542
0,1 ,0.127866, 0.0188325,0.853302,0.872134
0.01,0 ,0.986717, 0.011199,0.00208377,0.0132827
0.01,0.01 ,0.986692, 0.0112022,0.0021062,0.0133084
0.01,0.02 ,0.986665, 0.0112055,0.00212951,0.013335
0.01,0.03 ,0.986637, 0.0112089,0.00215375,0.0133627
0.01,0.04 ,0.986609, 0.0112124,0.00217899,0.0133914
0.01,0.05 ,0.986579, 0.0112159,0.0022053,0.0134212
0.01,0.06 ,0.986548, 0.0112195,0.00223276,0.0134523
0.01,0.07 ,0.986515, 0.0112232,0.00226145,0.0134847
0.01,0.08 ,0.986482, 0.011227,0.00229148,0.0135185
0.01,0.09 ,0.986446, 0.0112308,0.00232294,0.0135538
0.01,0.1 ,0.986409, 0.0112348,0.00235596,0.0135907
0.01,0.11 ,0.986371, 0.0112388,0.00239067,0.0136295
0.01,0.12 ,0.98633, 0.011243,0.00242722,0.0136702
0.01,0.13 ,0.986287, 0.0112472,0.00246578,0.013713
0.01,0.14 ,0.986242, 0.0112515,0.00250653,0.0137581
0.01,0.15 ,0.986194, 0.011256,0.00254971,0.0138057
0.01,0.16 ,0.986144, 0.0112606,0.00259555,0.0138561
0.01,0.17 ,0.98609, 0.0112653,0.00264434,0.0139096
0.01,0.18 ,0.986034, 0.0112701,0.00269641,0.0139665
0.01,0.19 ,0.985973, 0.0112751,0.00275214,0.0140272
0.01,0.2 ,0.985908, 0.0112802,0.00281198,0.0140921
0.01,0.21 ,0.985838, 0.0112854,0.00287646,0.0141619
0.01,0.22 ,0.985763, 0.0112908,0.0029462,0.014237
0.01,0.23 ,0.985682, 0.0112964,0.00302194,0.0143183
0.01,0.24 ,0.985593, 0.0113022,0.00310459,0.0144068
0.01,0.25 ,0.985497, 0.0113081,0.00319523,0.0145034
0.01,0.26 ,0.98539, 0.0113143,0.00329523,0.0146095
0.01,0.27 ,0.985273, 0.0113206,0.00340626,0.0147269
0.01,0.28 ,0.985142, 0.0113272,0.00353043,0.0148577
0.01,0.29 ,0.984995, 0.0113341,0.00367049,0.0150046
0.01,0.3 ,0.984829, 0.0113412,0.00382996,0.0151711
0.01,0.31 ,0.984638, 0.0113485,0.00401357,0.0153621
0.01,0.32 ,0.984416, 0.0113562,0.00422774,0.015584
0.01,0.33 ,0.984154, 0.0113642,0.00448142,0.0158456
0.01,0.34 ,0.98384, 0.0113726,0.0047875,0.0161601
0.01,0.35 ,0.983453, 0.0113813,0.00516522,0.0165465
0.01,0.36 ,0.982965, 0.0113904,0.00564462,0.017035
0.01,0.37 ,0.982325, 0.0114,0.0062752,0.0176752
0.01,0.38 ,0.981446, 0.0114101,0.0071444,0.0185545
0.01,0.39 ,0.980158, 0.0114207,0.00842103,0.0198417
0.01,0.4 ,0.978097, 0.0114319,0.0104712,0.021903
0.01,0.41 ,0.974343, 0.0114437,0.0142132,0.0256569
0.01,0.42 ,0.966287, 0.0114563,0.0222566,0.0337129
0.01,0.43 ,0.948018, 0.0114697,0.0405098,0.0519795
0.01,0.44 ,0.917366, 0.0114839,0.0711482,0.0826322
0.01,0.45 ,0.881467, 0.0114992,0.107034,0.118533
0.01,0.46 ,0.845058, 0.0115156,0.143427,0.154942
0.01,0.47 ,0.809645, 0.0115333,0.178822,0.190355
0.01,0.48 ,0.775684, 0.0115525,0.212764,0.224316
0.01,0.49 ,0.743295, 0.0115733,0.245132,0.256705
0.01,0.5 ,0.712474, 0.011596,0.27593,0.287526
0.01,0.51 ,0.683172, 0.0116208,0.305208,0.316828
0.01,0.52 ,0.655319, 0.011648,0.333033,0.344681
0.01,0.53 ,0.628843, 0.0116779,0.359479,0.371157
0.01,0.54 ,0.603667, 0.0117108,0.384622,0.396333
0.01,0.55 ,0.579719, 0.0117471,0.408534,0.420281
0.01,0.56 ,0.556928, 0.011787,0.431285,0.443072
0.01,0.57 ,0.53523, 0.0118309,0.452939,0.46477
0.01,0.58 ,0.514562, 0.0118791,0.473559,0.485438
0.01,0.59 ,0.494866, 0.0119319,0.493202,0.505134
0.01,0.6 ,0.476088, 0.0119896,0.511922,0.523912
0.01,0.61 ,0.458177, 0.0120524,0.529771,0.541823
0.01,0.62 ,0.441085, 0.0121207,0.546795,0.558915
0.01,0.63 ,0.424767, 0.0121946,0.563038,0.575233
0.01,0.64 ,0.409183, 0.0122743,0.578542,0.590817
0.01,0.65 ,0.394294, 0.01236,0.593346,0.605706
0.01,0.66 ,0.380062, 0.0124518,0.607487,0.619938
0.01,0.67 ,0.366453, 0.0125499,0.620997,0.633547
0.01,0.68 ,0.353436, 0.0126542,0.63391,0.646564
0.01,0.69 ,0.34098, 0.0127649,0.646255,0.65902
0.01,0.7 ,0.329057, 0.0128819,0.658061,0.670943
0.01,0.71 ,0.317641, 0.0130053,0.669354,0.682359
0.01,0.72 ,0.306706, 0.013135,0.680159,0.693294
0.01,0.73 ,0.296229, 0.0132711,0.6905,0.703771
0.01,0.74 ,0.286187, 0.0134134,0.700399,0.713813
0.01,0.75 ,0.27656, 0.0135619,0.709878,0.72344
0.01,0.76 ,0.267329, 0.0137165,0.718955,0.732671
0.01,0.77 ,0.258473, 0.0138771,0.72765,0.741527
0.01,0.78 ,0.249977, 0.0140435,0.73598,0.750023
0.01,0.79 ,0.241823, 0.0142157,0.743962,0.758177
0.01,0.8 ,0.233995, 0.0143934,0.751611,0.766005
0.01,0.81 ,0.226479, 0.0145767,0.758944,0.773521
0.01,0.82 ,0.219261, 0.0147653,0.765973,0.780739
0.01,0.83 ,0.212328, 0.014959,0.772713,0.787672
0.01,0.84 ,0.205666, 0.0151578,0.779177,0.794334
0.01,0.85 ,0.199264, 0.0153614,0.785375,0.800736
0.01,0.86 ,0.19311, 0.0155697,0.79132,0.80689
0.01,0.87 ,0.187194, 0.0157825,0.797023,0.812806
0.01,0.88 ,0.181506, 0.0159997,0.802494,0.818494
0.01,0.89 ,0.176036, 0.0162211,0.807743,0.823964
0.01,0.9 ,0.170774, 0.0164465,0.81278,0.829226
0.01,0.91 ,0.165712, 0.0166758,0.817612,0.834288
0.01,0.92 ,0.160842, 0.0169088,0.822249,0.839158
0.01,0.93 ,0.156155, 0.0171453,0.826699,0.843845
0.01,0.94 ,0.151645, 0.0173853,0.83097,0.848355
0.01,0.95 ,0.147303, 0.0176285,0.835068,0.852697
0.01,0.96 ,0.143124, 0.0178748,0.839002,0.856876
0.01,0.97 ,0.1391, 0.018124,0.842776,0.8609
0.01,0.98 ,0.135225, 0.018376,0.846399,0.864775
0.01,0.99 ,0.131494, 0.0186307,0.849876,0.868506
0.01,1 ,0.1279, 0.0188878,0.853212,0.8721
0.02,0 ,0.986568, 0.0112609,0.00217118,0.0134321
0.02,0.01 ,0.986542, 0.0112642,0.00219361,0.0134578
0.02,0.02 ,0.986516, 0.0112675,0.00221691,0.0134844
0.02,0.03 ,0.986488, 0.0112709,0.00224115,0.013512
0.02,0.04 ,0.986459, 0.0112743,0.00226638,0.0135407
0.02,0.05 ,0.986429, 0.0112779,0.00229269,0.0135706
0.02,0.06 ,0.986398, 0.0112815,0.00232014,0.0136016
0.02,0.07 ,0.986366, 0.0112852,0.00234883,0.013634
0.02,0.08 ,0.986332, 0.0112889,0.00237885,0.0136678
0.02,0.09 ,0.986297, 0.0112928,0.00241031,0.0137031
0.02,0.1 ,0.98626, 0.0112967,0.00244332,0.01374
0.02,0.11 ,0.986221, 0.0113008,0.00247802,0.0137788
0.02,0.12 ,0.986181, 0.0113049,0.00251457,0.0138195
0.02,0.13 ,0.986138, 0.0113091,0.00255311,0.0138622
0.02,0.14 ,0.986093, 0.0113135,0.00259386,0.0139073
0.02,0.15 ,0.986045, 0.0113179,0.00263703,0.013955
0.02,0.16 ,0.985995, 0.0113225,0.00268286,0.0140053
0.02,0.17 ,0.985941, 0.0113272,0.00273163,0.0140588
0.02,0.18 ,0.985884, 0.011332,0.00278369,0.0141157
0.02,0.19 ,0.985824, 0.011337,0.00283941,0.0141764
0.02,0.2 ,0.985759, 0.0113421,0.00289923,0.0142413
0.02,0.21 ,0.985689, 0.0113473,0.00296369,0.014311
0.02,0.22 ,0.985614, 0.0113527,0.0030334,0.0143861
0.02,0.23 ,0.985533, 0.0113583,0.00310911,0.0144674
0.02,0.24 ,0.985444, 0.0113641,0.00319173,0.0145558
0.02,0.25 ,0.985348, 0.01137,0.00328234,0.0146524
0.02,0.26 ,0.985242, 0.0113762,0.00338229,0.0147585
0.02,0.27 ,0.985124, 0.0113825,0.00349326,0.0148758
0.02,0.28 ,0.984994, 0.0113891,0.00361737,0.0150065
0.02,0.29 ,0.984847, 0.0113959,0.00375734,0.0151533
0.02,0.3 ,0.98468, 0.011403,0.00391671,0.0153197
0.02,0.31 ,0.984489, 0.0114104,0.00410018,0.0155106
0.02,0.32 ,0.984268, 0.0114181,0.00431418,0.0157323
0.02,0.33 ,0.984006, 0.0114261,0.00456762,0.0159937
0.02,0.34 ,0.983692, 0.0114344,0.00487339,0.0163078
0.02,0.35 ,0.983306, 0.0114431,0.00525066,0.0166938
0.02,0.36 ,0.982818, 0.0114523,0.00572938,0.0171817
0.02,0.37 ,0.982179, 0.0114619,0.00635891,0.0178208
0.02,0.38 ,0.981302, 0.0114719,0.00722635,0.0186983
0.02,0.39 ,0.980018, 0.0114825,0.00849977,0.0199823
0.02,0.4 ,0.977963, 0.0114937,0.0105433,0.022037
0.02,0.41 ,0.974225, 0.0115055,0.0142694,0.0257749
0.02,0.42 ,0.966212, 0.0115181,0.0222693,0.0337874
0.02,0.43 ,0.948034, 0.0115315,0.0404324,0.0519639
0.02,0.44 ,0.917453, 0.0115457,0.0709992,0.0825449
0.02,0.45 ,0.88158, 0.011561,0.106859,0.11842
0.02,0.46 ,0.845179, 0.0115774,0.143244,0.154821
0.02,0.47 ,0.809768, 0.0115951,0.178637,0.190232
0.02,0.48 ,0.775806, 0.0116142,0.212579,0.224194
0.02,0.49 ,0.743416, 0.011635,0.244949,0.256584
0.02,0.5 ,0.712593, 0.0116577,0.27575,0.287407
0.02,0.51 ,0.683288, 0.0116824,0.30503,0.316712
0.02,0.52 ,0.655433, 0.0117096,0.332857,0.344567
0.02,0.53 ,0.628954, 0.0117395,0.359306,0.371046
0.02,0.54 ,0.603776, 0.0117724,0.384452,0.396224
0.02,0.55 ,0.579825, 0.0118086,0.408366,0.420175
0.02,0.56 ,0.557032, 0.0118485,0.431119,0.442968
0.02,0.57 ,0.535332, 0.0118923,0.452776,0.464668
0.02,0.58 ,0.514661, 0.0119404,0.473398,0.485339
0.02,0.59 ,0.494963, 0.0119932,0.493044,0.505037
0.02,0.6 ,0.476182, 0.0120508,0.511767,0.523818
0.02,0.61 ,0.458269, 0.0121136,0.529618,0.541731
0.02,0.62 ,0.441175, 0.0121818,0.546644,0.558825
0.02,0.63 ,0.424855, 0.0122556,0.562889,0.575145
0.02,0.64 ,0.409269, 0.0123353,0.578395,0.590731
0.02,0.65 ,0.394377, 0.0124209,0.593202,0.605623
0.02,0.66 ,0.380143, 0.0125126,0.607344,0.619857
0.02,0.67 ,0.366533, 0.0126106,0.620857,0.633467
0.02,0.68 ,0.353514, 0.0127148,0.633771,0.646486
0.02,0.69 ,0.341056, 0.0128254,0.646118,0.658944
0.02,0.7 ,0.329132, 0.0129423,0.657926,0.670868
0.02,0.71 ,0.317713, 0.0130656,0.669221,0.682287
0.02,0.72 ,0.306777, 0.0131952,0.680028,0.693223
0.02,0.73 ,0.296298, 0.0133312,0.690371,0.703702
0.02,0.74 ,0.286254, 0.0134734,0.700272,0.713746
0.02,0.75 ,0.276626, 0.0136217,0.709752,0.723374
0.02,0.76 ,0.267393, 0.0137762,0.718831,0.732607
0.02,0.77 ,0.258536, 0.0139366,0.727527,0.741464
0.02,0.78 ,0.250038, 0.0141029,0.735859,0.749962
0.02,0.79 ,0.241882, 0.014275,0.743843,0.758118
0.02,0.8 ,0.234053, 0.0144526,0.751494,0.765947
0.02,0.81 ,0.226536, 0.0146357,0.758828,0.773464
0.02,0.82 ,0.219317, 0.0148242,0.765859,0.780683
0.02,0.83 ,0.212382, 0.0150178,0.772601,0.787618
0.02,0.84 ,0.205718, 0.0152164,0.779065,0.794282
0.02,0.85 ,0.199315, 0.0154199,0.785265,0.800685
0.02,0.86 ,0.19316, 0.015628,0.791212,0.80684
0.02,0.87 ,0.187243, 0.0158407,0.796916,0.812757
0.02,0.88 ,0.181554, 0.0160578,0.802388,0.818446
0.02,0.89 ,0.176082, 0.016279,0.807639,0.823918
0.02,0.9 ,0.17082, 0.0165043,0.812676,0.82918
0.02,0.91 ,0.165757, 0.0167335,0.81751,0.834243
0.02,0.92 ,0.160885, 0.0169663,0.822148,0.839115
0.02,0.93 ,0.156198, 0.0172027,0.8266,0.843802
0.02,0.94 ,0.151686, 0.0174426,0.830871,0.848314
0.02,0.95 ,0.147343, 0.0176856,0.834971,0.852657
0.02,0.96 ,0.143163, 0.0179318,0.838905,0.856837
0.02,0.97 ,0.139138, 0.0181808,0.842681,0.860862
0.02,0.98 ,0.135262, 0.0184327,0.846305,0.864738
0.02,0.99 ,0.13153, 0.0186872,0.849783,0.86847
0.02,1 ,0.127936, 0.0189443,0.85312,0.872064
0.03,0 ,0.986413, 0.0113242,0.00226245,0.0135867
0.03,0.01 ,0.986388, 0.0113275,0.00228487,0.0136124
0.03,0.02 ,0.986361, 0.0113308,0.00230817,0.013639
0.03,0.03 ,0.986333, 0.0113342,0.0023324,0.0136666
0.03,0.04 ,0.986305, 0.0113376,0.00235763,0.0136953
0.03,0.05 ,0.986275, 0.0113412,0.00238393,0.0137251
0.03,0.06 ,0.986244, 0.0113448,0.00241138,0.0137561
0.03,0.07 ,0.986211, 0.0113485,0.00244006,0.0137885
0.03,0.08 ,0.986178, 0.0113522,0.00247008,0.0138223
0.03,0.09 ,0.986142, 0.0113561,0.00250153,0.0138576
0.03,0.1 ,0.986105, 0.01136,0.00253453,0.0138945
0.03,0.11 ,0.986067, 0.011364,0.00256923,0.0139333
0.03,0.12 ,0.986026, 0.0113682,0.00260576,0.0139739
0.03,0.13 ,0.985983, 0.0113724,0.0026443,0.0140167
0.03,0.14 ,0.985938, 0.0113767,0.00268504,0.0140618
0.03,0.15 ,0.985891, 0.0113812,0.00272819,0.0141094
0.03,0.16 ,0.98584, 0.0113858,0.00277401,0.0141598
0.03,0.17 ,0.985787, 0.0113905,0.00282277,0.0142132
0.03,0.18 ,0.98573, 0.0113953,0.00287482,0.0142701
0.03,0.19 ,0.985669, 0.0114002,0.00293052,0.0143307
0.03,0.2 ,0.985604, 0.0114053,0.00299032,0.0143957
0.03,0.21 ,0.985535, 0.0114106,0.00305476,0.0144653
0.03,0.22 ,0.98546, 0.011416,0.00312444,0.0145404
0.03,0.23 ,0.985378, 0.0114216,0.00320013,0.0146217
0.03,0.24 ,0.98529, 0.0114273,0.00328271,0.01471
0.03,0.25 ,0.985193, 0.0114333,0.00337328,0.0148065
0.03,0.26 ,0.985087, 0.0114394,0.00347318,0.0149126
0.03,0.27 ,0.98497, 0.0114458,0.0035841,0.0150299
0.03,0.28 ,0.98484, 0.0114524,0.00370814,0.0151605
0.03,0.29 ,0.984693, 0.0114592,0.00384802,0.0153072
0.03,0.3 ,0.984526, 0.0114663,0.00400728,0.0154735
0.03,0.31 ,0.984336, 0.0114736,0.00419062,0.0156643
0.03,0.32 ,0.984114, 0.0114813,0.00440444,0.0158857
0.03,0.33 ,0.983853, 0.0114893,0.00465764,0.0161469
0.03,0.34 ,0.983539, 0.0114976,0.00496308,0.0164607
0.03,0.35 ,0.983154, 0.0115063,0.00533988,0.0168462
0.03,0.36 ,0.982667, 0.0115155,0.00581791,0.0173334
0.03,0.37 ,0.982029, 0.011525,0.00644635,0.0179714
0.03,0.38 ,0.981153, 0.0115351,0.00731198,0.0188471
0.03,0.39 ,0.979872, 0.0115457,0.00858211,0.0201278
0.03,0.4 ,0.977824, 0.0115569,0.0106188,0.0221757
0.03,0.41 ,0.974103, 0.0115687,0.0143285,0.0258972
0.03,0.42 ,0.966135, 0.0115812,0.0222838,0.0338651
0.03,0.43 ,0.948049, 0.0115946,0.0403538,0.0519484
0.03,0.44 ,0.917543, 0.0116088,0.0708461,0.0824549
0.03,0.45 ,0.881696, 0.0116241,0.106679,0.118303
0.03,0.46 ,0.845304, 0.0116405,0.143055,0.154696
0.03,0.47 ,0.809895, 0.0116582,0.178447,0.190105
0.03,0.48 ,0.775933, 0.0116773,0.21239,0.224067
0.03,0.49 ,0.743541, 0.011698,0.244761,0.256459
0.03,0.5 ,0.712716, 0.0117207,0.275564,0.287284
0.03,0.51 ,0.683408, 0.0117454,0.304846,0.316592
0.03,0.52 ,0.655551, 0.0117726,0.332676,0.344449
0.03,0.53 ,0.62907, 0.0118024,0.359128,0.37093
0.03,0.54 ,0.603888, 0.0118353,0.384276,0.396112
0.03,0.55 ,0.579935, 0.0118715,0.408193,0.420065
0.03,0.56 ,0.55714, 0.0119113,0.430949,0.44286
0.03,0.57 ,0.535437, 0.0119551,0.452608,0.464563
0.03,0.58 ,0.514764, 0.0120031,0.473233,0.485236
0.03,0.59 ,0.495063, 0.0120558,0.492881,0.504937
0.03,0.6 ,0.47628, 0.0121134,0.511606,0.52372
0.03,0.61 ,0.458364, 0.0121761,0.52946,0.541636
0.03,0.62 ,0.441268, 0.0122443,0.546488,0.558732
0.03,0.63 ,0.424946, 0.012318,0.562736,0.575054
0.03,0.64 ,0.409358, 0.0123976,0.578244,0.590642
0.03,0.65 ,0.394464, 0.0124831,0.593053,0.605536
0.03,0.66 ,0.380228, 0.0125747,0.607197,0.619772
0.03,0.67 ,0.366615, 0.0126726,0.620712,0.633385
0.03,0.68 ,0.353594, 0.0127767,0.633629,0.646406
0.03,0.69 ,0.341135, 0.0128871,0.645978,0.658865
0.03,0.7 ,0.329208, 0.013004,0.657788,0.670792
0.03,0.71 ,0.317788, 0.0131272,0.669085,0.682212
0.03,0.72 ,0.30685, 0.0132567,0.679894,0.69315
0.03,0.73 ,0.296369, 0.0133925,0.690238,0.703631
0.03,0.74 ,0.286324, 0.0135346,0.700141,0.713676
0.03,0.75 ,0.276694, 0.0136828,0.709623,0.723306
0.03,0.76 ,0.267459, 0.0138372,0.718704,0.732541
0.03,0.77 ,0.258601, 0.0139975,0.727402,0.741399
0.03,0.78 ,0.250101, 0.0141636,0.735735,0.749899
0.03,0.79 ,0.241944, 0.0143356,0.74372,0.758056
0.03,0.8 ,0.234114, 0.0145131,0.751373,0.765886
0.03,0.81 ,0.226595, 0.0146961,0.758709,0.773405
0.03,0.82 ,0.219374, 0.0148844,0.765741,0.780626
0.03,0.83 ,0.212438, 0.0150778,0.772484,0.787562
0.03,0.84 ,0.205773, 0.0152763,0.778951,0.794227
0.03,0.85 ,0.199369, 0.0154796,0.785152,0.800631
0.03,0.86 ,0.193212, 0.0156877,0.7911,0.806788
0.03,0.87 ,0.187294, 0.0159002,0.796806,0.812706
0.03,0.88 ,0.181604, 0.0161171,0.802279,0.818396
0.03,0.89 ,0.176131, 0.0163382,0.807531,0.823869
0.03,0.9 ,0.170867, 0.0165633,0.81257,0.829133
0.03,0.91 ,0.165803, 0.0167924,0.817405,0.834197
0.03,0.92 ,0.16093, 0.0170251,0.822045,0.83907
0.03,0.93 ,0.156241, 0.0172614,0.826497,0.843759
0.03,0.94 ,0.151729, 0.017501,0.83077,0.848271
0.03,0.95 ,0.147385, 0.0177439,0.834871,0.852615
0.03,0.96 ,0.143204, 0.0179899,0.838806,0.856796
0.03,0.97 ,0.139178, 0.0182389,0.842584,0.860822
0.03,0.98 ,0.135301, 0.0184906,0.846208,0.864699
0.03,0.99 ,0.131568, 0.018745,0.849687,0.868432
0.03,1 ,0.127972, 0.0190019,0.853026,0.872028
0.04,0 ,0.986253, 0.0113889,0.00235779,0.0137467
0.04,0.01 ,0.986228, 0.0113922,0.00238021,0.0137724
0.04,0.02 ,0.986201, 0.0113955,0.00240351,0.013799
0.04,0.03 ,0.986173, 0.0113989,0.00242773,0.0138266
0.04,0.04 ,0.986145, 0.0114023,0.00245296,0.0138553
0.04,0.05 ,0.986115, 0.0114059,0.00247925,0.0138851
0.04,0.06 ,0.986084, 0.0114095,0.0025067,0.0139162
0.04,0.07 ,0.986051, 0.0114131,0.00253538,0.0139485
0.04,0.08 ,0.986018, 0.0114169,0.00256538,0.0139823
0.04,0.09 ,0.985982, 0.0114208,0.00259683,0.0140176
0.04,0.1 ,0.985945, 0.0114247,0.00262983,0.0140545
0.04,0.11 ,0.985907, 0.0114287,0.00266451,0.0140932
0.04,0.12 ,0.985866, 0.0114329,0.00270104,0.0141339
0.04,0.13 ,0.985823, 0.0114371,0.00273957,0.0141767
0.04,0.14 ,0.985778, 0.0114414,0.0027803,0.0142217
0.04,0.15 ,0.985731, 0.0114459,0.00282344,0.0142693
0.04,0.16 ,0.98568, 0.0114504,0.00286924,0.0143197
0.04,0.17 ,0.985627, 0.0114551,0.00291799,0.0143731
0.04,0.18 ,0.98557, 0.0114599,0.00297002,0.01443
0.04,0.19 ,0.985509, 0.0114649,0.0030257,0.0144906
0.04,0.2 ,0.985445, 0.01147,0.00308549,0.0145555
0.04,0.21 ,0.985375, 0.0114752,0.0031499,0.0146251
0.04,0.22 ,0.9853, 0.0114806,0.00321956,0.0147002
0.04,0.23 ,0.985219, 0.0114862,0.00329522,0.0147814
0.04,0.24 ,0.98513, 0.011492,0.00337777,0.0148697
0.04,0.25 ,0.985034, 0.0114979,0.0034683,0.0149662
0.04,0.26 ,0.984928, 0.011504,0.00356815,0.0150722
0.04,0.27 ,0.984811, 0.0115104,0.00367901,0.0151894
0.04,0.28 ,0.98468, 0.011517,0.00380298,0.01532
0.04,0.29 ,0.984533, 0.0115238,0.00394277,0.0154666
0.04,0.3 ,0.984367, 0.0115309,0.00410192,0.0156328
0.04,0.31 ,0.984177, 0.0115382,0.00428512,0.0158234
0.04,0.32 ,0.983955, 0.0115459,0.00449875,0.0160447
0.04,0.33 ,0.983694, 0.0115539,0.00475171,0.0163056
0.04,0.34 ,0.983381, 0.0115622,0.0050568,0.016619
0.04,0.35 ,0.982996, 0.0115709,0.00543312,0.017004
0.04,0.36 ,0.98251, 0.01158,0.00591043,0.0174905
0.04,0.37 ,0.981873, 0.0115896,0.00653776,0.0181274
0.04,0.38 ,0.980999, 0.0115997,0.00740152,0.0190012
0.04,0.39 ,0.979722, 0.0116102,0.00866825,0.0202785
0.04,0.4 ,0.977681, 0.0116214,0.010698,0.0223194
0.04,0.41 ,0.973976, 0.0116332,0.0143909,0.0260241
0.04,0.42 ,0.966054, 0.0116458,0.0223002,0.033946
0.04,0.43 ,0.948064, 0.0116591,0.0402741,0.0519332
0.04,0.44 ,0.917636, 0.0116734,0.0706889,0.0823622
0.04,0.45 ,0.881817, 0.0116886,0.106494,0.118182
0.04,0.46 ,0.845434, 0.011705,0.142861,0.154566
0.04,0.47 ,0.810027, 0.0117226,0.178251,0.189973
0.04,0.48 ,0.776064, 0.0117417,0.212194,0.223936
0.04,0.49 ,0.74367, 0.0117625,0.244567,0.25633
0.04,0.5 ,0.712843, 0.0117851,0.275372,0.287157
0.04,0.51 ,0.683533, 0.0118098,0.304657,0.316467
0.04,0.52 ,0.655673, 0.0118369,0.33249,0.344327
0.04,0.53 ,0.629189, 0.0118668,0.358944,0.370811
0.04,0.54 ,0.604005, 0.0118996,0.384095,0.395995
0.04,0.55 ,0.580049, 0.0119357,0.408015,0.419951
0.04,0.56 ,0.557251, 0.0119755,0.430773,0.442749
0.04,0.57 ,0.535545, 0.0120192,0.452435,0.464455
0.04,0.58 ,0.51487, 0.0120672,0.473063,0.48513
0.04,0.59 ,0.495167, 0.0121199,0.492713,0.504833
0.04,0.6 ,0.476381, 0.0121774,0.511441,0.523619
0.04,0.61 ,0.458463, 0.01224,0.529297,0.541537
0.04,0.62 ,0.441364, 0.0123081,0.546328,0.558636
0.04,0.63 ,0.42504, 0.0123817,0.562578,0.57496
0.04,0.64 ,0.40945, 0.0124612,0.578089,0.59055
0.04,0.65 ,0.394554, 0.0125467,0.5929,0.605446
0.04,0.66 ,0.380315, 0.0126382,0.607046,0.619685
0.04,0.67 ,0.366701, 0.0127359,0.620563,0.633299
0.04,0.68 ,0.353678, 0.0128399,0.633482,0.646322
0.04,0.69 ,0.341216, 0.0129503,0.645833,0.658784
0.04,0.7 ,0.329288, 0.013067,0.657645,0.670712
0.04,0.71 ,0.317866, 0.0131901,0.668944,0.682134
0.04,0.72 ,0.306925, 0.0133195,0.679755,0.693075
0.04,0.73 ,0.296443, 0.0134552,0.690102,0.703557
0.04,0.74 ,0.286396, 0.0135971,0.700006,0.713604
0.04,0.75 ,0.276765, 0.0137453,0.70949,0.723235
0.04,0.76 ,0.267528, 0.0138995,0.718573,0.732472
0.04,0.77 ,0.258668, 0.0140596,0.727272,0.741332
0.04,0.78 ,0.250167, 0.0142257,0.735608,0.749833
0.04,0.79 ,0.242008, 0.0143974,0.743594,0.757992
0.04,0.8 ,0.234176, 0.0145748,0.751249,0.765824
0.04,0.81 ,0.226656, 0.0147577,0.758586,0.773344
0.04,0.82 ,0.219434, 0.0149458,0.765621,0.780566
0.04,0.83 ,0.212496, 0.0151392,0.772365,0.787504
0.04,0.84 ,0.20583, 0.0153375,0.778833,0.79417
0.04,0.85 ,0.199424, 0.0155407,0.785036,0.800576
0.04,0.86 ,0.193266, 0.0157485,0.790985,0.806734
0.04,0.87 ,0.187347, 0.0159609,0.796692,0.812653
0.04,0.88 ,0.181655, 0.0161777,0.802167,0.818345
0.04,0.89 ,0.176181, 0.0163987,0.80742,0.823819
0.04,0.9 ,0.170916, 0.0166236,0.812461,0.829084
0.04,0.91 ,0.16585, 0.0168525,0.817297,0.83415
0.04,0.92 ,0.160977, 0.0170851,0.821938,0.839023
0.04,0.93 ,0.156287, 0.0173212,0.826392,0.843713
0.04,0.94 ,0.151773, 0.0175607,0.830666,0.848227
0.04,0.95 ,0.147428, 0.0178035,0.834768,0.852572
0.04,0.96 ,0.143246, 0.0180494,0.838705,0.856754
0.04,0.97 ,0.139219, 0.0182982,0.842483,0.860781
0.04,0.98 ,0.135341, 0.0185497,0.846109,0.864659
0.04,0.99 ,0.131607, 0.018804,0.849589,0.868393
0.04,1 ,0.12801, 0.0190607,0.852929,0.87199
0.05,0 ,0.986087, 0.0114551,0.00245748,0.0139126
0.05,0.01 ,0.986062, 0.0114583,0.00247989,0.0139382
0.05,0.02 ,0.986035, 0.0114616,0.00250318,0.0139648
0.05,0.03 ,0.986008, 0.011465,0.0025274,0.0139924
0.05,0.04 ,0.985979, 0.0114685,0.00255262,0.0140211
0.05,0.05 ,0.985949, 0.011472,0.00257891,0.0140509
0.05,0.06 ,0.985918, 0.0114756,0.00260635,0.0140819
0.05,0.07 ,0.985886, 0.0114793,0.00263502,0.0141143
0.05,0.08 ,0.985852, 0.011483,0.00266502,0.0141481
0.05,0.09 ,0.985817, 0.0114869,0.00269646,0.0141833
0.05,0.1 ,0.98578, 0.0114908,0.00272945,0.0142203
0.05,0.11 ,0.985741, 0.0114948,0.00276413,0.014259
0.05,0.12 ,0.9857, 0.011499,0.00280065,0.0142996
0.05,0.13 ,0.985658, 0.0115032,0.00283917,0.0143424
0.05,0.14 ,0.985613, 0.0115075,0.00287989,0.0143874
0.05,0.15 ,0.985565, 0.011512,0.00292302,0.014435
0.05,0.16 ,0.985515, 0.0115165,0.00296881,0.0144853
0.05,0.17 ,0.985461, 0.0115212,0.00301754,0.0145388
0.05,0.18 ,0.985404, 0.011526,0.00306955,0.0145956
0.05,0.19 ,0.985344, 0.011531,0.00312522,0.0146562
0.05,0.2 ,0.985279, 0.0115361,0.00318498,0.0147211
0.05,0.21 ,0.985209, 0.0115413,0.00324937,0.0147907
0.05,0.22 ,0.985134, 0.0115467,0.00331901,0.0148657
0.05,0.23 ,0.985053, 0.0115523,0.00339463,0.0149469
0.05,0.24 ,0.984965, 0.011558,0.00347715,0.0150352
0.05,0.25 ,0.984868, 0.011564,0.00356763,0.0151316
0.05,0.26 ,0.984762, 0.0115701,0.00366744,0.0152376
0.05,0.27 ,0.984645, 0.0115765,0.00377823,0.0153547
0.05,0.28 ,0.984515, 0.011583,0.00390213,0.0154852
0.05,0.29 ,0.984368, 0.0115899,0.00404183,0.0156317
0.05,0.3 ,0.984202, 0.0115969,0.00420087,0.0157978
0.05,0.31 ,0.984012, 0.0116043,0.00438392,0.0159882
0.05,0.32 ,0.983791, 0.011612,0.00459736,0.0162093
0.05,0.33 ,0.98353, 0.0116199,0.00485006,0.01647
0.05,0.34 ,0.983217, 0.0116283,0.0051548,0.0167831
0.05,0.35 ,0.982832, 0.011637,0.00553062,0.0171676
0.05,0.36 ,0.982347, 0.0116461,0.0060072,0.0176533
0.05,0.37 ,0.981711, 0.0116556,0.00663337,0.018289
0.05,0.38 ,0.980839, 0.0116657,0.00749522,0.0191609
0.05,0.39 ,0.979565, 0.0116762,0.00875844,0.0204347
0.05,0.4 ,0.977532, 0.0116874,0.010781,0.0224684
0.05,0.41 ,0.973844, 0.0116992,0.0144565,0.0261558
0.05,0.42 ,0.965969, 0.0117118,0.0223186,0.0340304
0.05,0.43 ,0.948079, 0.0117251,0.0401933,0.0519184
0.05,0.44 ,0.917732, 0.0117393,0.0705273,0.0822666
0.05,0.45 ,0.881942, 0.0117545,0.106303,0.118057
0.05,0.46 ,0.845568, 0.0117709,0.142661,0.154432
0.05,0.47 ,0.810163, 0.0117885,0.178048,0.189837
0.05,0.48 ,0.7762, 0.0118076,0.211992,0.2238
0.05,0.49 ,0.743804, 0.0118283,0.244367,0.256196
0.05,0.5 ,0.712975, 0.0118509,0.275174,0.287025
0.05,0.51 ,0.683662, 0.0118756,0.304462,0.316338
0.05,0.52 ,0.6558, 0.0119027,0.332297,0.3442
0.05,0.53 ,0.629313, 0.0119325,0.358755,0.370687
0.05,0.54 ,0.604126, 0.0119653,0.383909,0.395874
0.05,0.55 ,0.580167, 0.0120014,0.407831,0.419833
0.05,0.56 ,0.557366, 0.0120411,0.430593,0.442634
0.05,0.57 ,0.535658, 0.0120848,0.452257,0.464342
0.05,0.58 ,0.51498, 0.0121327,0.472887,0.48502
0.05,0.59 ,0.495274, 0.0121853,0.492541,0.504726
0.05,0.6 ,0.476486, 0.0122427,0.511271,0.523514
0.05,0.61 ,0.458565, 0.0123053,0.529129,0.541435
0.05,0.62 ,0.441464, 0.0123733,0.546163,0.558536
0.05,0.63 ,0.425138, 0.0124469,0.562415,0.574862
0.05,0.64 ,0.409545, 0.0125263,0.577929,0.590455
0.05,0.65 ,0.394647, 0.0126116,0.592742,0.605353
0.05,0.66 ,0.380406, 0.012703,0.606891,0.619594
0.05,0.67 ,0.366789, 0.0128007,0.62041,0.633211
0.05,0.68 ,0.353764, 0.0129046,0.633331,0.646236
0.05,0.69 ,0.341301, 0.0130148,0.645684,0.658699
0.05,0.7 ,0.32937, 0.0131314,0.657498,0.67063
0.05,0.71 ,0.317946, 0.0132544,0.668799,0.682054
0.05,0.72 ,0.307004, 0.0133837,0.679612,0.692996
0.05,0.73 ,0.29652, 0.0135192,0.689961,0.70348
0.05,0.74 ,0.286471, 0.0136611,0.699868,0.713529
0.05,0.75 ,0.276838, 0.013809,0.709353,0.723162
0.05,0.76 ,0.267599, 0.0139631,0.718438,0.732401
0.05,0.77 ,0.258737, 0.0141232,0.727139,0.741263
0.05,0.78 ,0.250235, 0.0142891,0.735476,0.749765
0.05,0.79 ,0.242074, 0.0144607,0.743465,0.757926
0.05,0.8 ,0.234241, 0.0146379,0.751121,0.765759
0.05,0.81 ,0.226719, 0.0148206,0.75846,0.773281
0.05,0.82 ,0.219495, 0.0150086,0.765496,0.780505
0.05,0.83 ,0.212556, 0.0152018,0.772242,0.787444
0.05,0.84 ,0.205889, 0.0154,0.778711,0.794111
0.05,0.85 ,0.199481, 0.015603,0.784916,0.800519
0.05,0.86 ,0.193322, 0.0158108,0.790867,0.806678
0.05,0.87 ,0.187401, 0.016023,0.796576,0.812599
0.05,0.88 ,0.181708, 0.0162396,0.802052,0.818292
0.05,0.89 ,0.176233, 0.0164604,0.807307,0.823767
0.05,0.9 ,0.170966, 0.0166853,0.812348,0.829034
0.05,0.91 ,0.1659, 0.016914,0.817186,0.8341
0.05,0.92 ,0.161025, 0.0171464,0.821829,0.838975
0.05,0.93 ,0.156334, 0.0173824,0.826284,0.843666
0.05,0.94 ,0.151819, 0.0176217,0.830559,0.848181
0.05,0.95 ,0.147473, 0.0178643,0.834663,0.852527
0.05,0.96 ,0.143289, 0.01811,0.838601,0.856711
0.05,0.97 ,0.139261, 0.0183587,0.84238,0.860739
0.05,0.98 ,0.135382, 0.0186101,0.846008,0.864618
0.05,0.99 ,0.131647, 0.0188642,0.849489,0.868353
0.05,1 ,0.12805, 0.0191208,0.85283,0.87195
0.06,0 ,0.985916, 0.0115227,0.00256176,0.0140845
0.06,0.01 ,0.98589, 0.011526,0.00258417,0.0141101
0.06,0.02 ,0.985863, 0.0115293,0.00260746,0.0141367
0.06,0.03 ,0.985836, 0.0115327,0.00263167,0.0141643
0.06,0.04 ,0.985807, 0.0115361,0.00265689,0.014193
0.06,0.05 ,0.985777, 0.0115396,0.00268317,0.0142228
0.06,0.06 ,0.985746, 0.0115432,0.00271061,0.0142538
0.06,0.07 ,0.985714, 0.0115469,0.00273927,0.0142862
0.06,0.08 ,0.98568, 0.0115507,0.00276926,0.0143199
0.06,0.09 ,0.985645, 0.0115545,0.00280069,0.0143552
0.06,0.1 ,0.985608, 0.0115584,0.00283368,0.0143921
0.06,0.11 ,0.985569, 0.0115625,0.00286835,0.0144308
0.06,0.12 ,0.985529, 0.0115666,0.00290485,0.0144714
0.06,0.13 ,0.985486, 0.0115708,0.00294337,0.0145142
0.06,0.14 ,0.985441, 0.0115751,0.00298407,0.0145592
0.06,0.15 ,0.985393, 0.0115796,0.00302719,0.0146068
0.06,0.16 ,0.985343, 0.0115841,0.00307297,0.0146571
0.06,0.17 ,0.985289, 0.0115888,0.00312169,0.0147105
0.06,0.18 ,0.985233, 0.0115936,0.00317368,0.0147673
0.06,0.19 ,0.985172, 0.0115986,0.00322933,0.0148279
0.06,0.2 ,0.985107, 0.0116037,0.00328907,0.0148927
0.06,0.21 ,0.985038, 0.0116089,0.00335344,0.0149623
0.06,0.22 ,0.984963, 0.0116143,0.00342305,0.0150374
0.06,0.23 ,0.984881, 0.0116199,0.00349864,0.0151185
0.06,0.24 ,0.984793, 0.0116256,0.00358111,0.0152067
0.06,0.25 ,0.984697, 0.0116315,0.00367156,0.0153031
0.06,0.26 ,0.984591, 0.0116377,0.00377131,0.015409
0.06,0.27 ,0.984474, 0.011644,0.00388204,0.0155261
0.06,0.28 ,0.984344, 0.0116506,0.00400586,0.0156565
0.06,0.29 ,0.984197, 0.0116574,0.00414547,0.0158029
0.06,0.3 ,0.984031, 0.0116645,0.00430439,0.0159689
0.06,0.31 ,0.983841, 0.0116718,0.00448729,0.0161591
0.06,0.32 ,0.98362, 0.0116795,0.00470053,0.01638
0.06,0.33 ,0.98336, 0.0116875,0.00495297,0.0166404
0.06,0.34 ,0.983047, 0.0116958,0.00525735,0.0169531
0.06,0.35 ,0.982663, 0.0117045,0.00563266,0.0173371
0.06,0.36 ,0.982178, 0.0117136,0.00610847,0.0178221
0.06,0.37 ,0.981543, 0.0117231,0.00673346,0.0184566
0.06,0.38 ,0.980674, 0.0117332,0.00759332,0.0193265
0.06,0.39 ,0.979403, 0.0117437,0.00885293,0.0205967
0.06,0.4 ,0.977377, 0.0117549,0.010868,0.0226229
0.06,0.41 ,0.973707, 0.0117667,0.0145258,0.0262925
0.06,0.42 ,0.965881, 0.0117792,0.0223393,0.0341185
0.06,0.43 ,0.948094, 0.0117925,0.0401113,0.0519038
0.06,0.44 ,0.91783, 0.0118067,0.0703612,0.0821679
0.06,0.45 ,0.882072, 0.011822,0.106106,0.117928
0.06,0.46 ,0.845707, 0.0118383,0.142455,0.154293
0.06,0.47 ,0.810304, 0.0118559,0.17784,0.189696
0.06,0.48 ,0.776341, 0.011875,0.211784,0.223659
0.06,0.49 ,0.743943, 0.0118957,0.244161,0.256057
0.06,0.5 ,0.713111, 0.0119182,0.27497,0.286889
0.06,0.51 ,0.683796, 0.0119429,0.304261,0.316204
0.06,0.52 ,0.655931, 0.01197,0.332099,0.344069
0.06,0.53 ,0.629441, 0.0119997,0.358559,0.370559
0.06,0.54 ,0.604251, 0.0120325,0.383716,0.395749
0.06,0.55 ,0.58029, 0.0120685,0.407642,0.41971
0.06,0.56 ,0.557486, 0.0121082,0.430406,0.442514
0.06,0.57 ,0.535775, 0.0121518,0.452073,0.464225
0.06,0.58 ,0.515094, 0.0121997,0.472706,0.484906
0.06,0.59 ,0.495385, 0.0122522,0.492362,0.504615
0.06,0.6 ,0.476595, 0.0123096,0.511096,0.523405
0.06,0.61 ,0.458672, 0.0123721,0.528956,0.541328
0.06,0.62 ,0.441568, 0.01244,0.545992,0.558432
0.06,0.63 ,0.425239, 0.0125135,0.562247,0.574761
0.06,0.64 ,0.409644, 0.0125928,0.577763,0.590356
0.06,0.65 ,0.394743, 0.012678,0.592579,0.605257
0.06,0.66 ,0.3805, 0.0127694,0.60673,0.6195
0.06,0.67 ,0.366881, 0.0128669,0.620252,0.633119
0.06,0.68 ,0.353854, 0.0129707,0.633175,0.646146
0.06,0.69 ,0.341388, 0.0130808,0.645531,0.658612
0.06,0.7 ,0.329456, 0.0131973,0.657347,0.670544
0.06,0.71 ,0.31803, 0.0133201,0.66865,0.68197
0.06,0.72 ,0.307085, 0.0134493,0.679465,0.692915
0.06,0.73 ,0.296599, 0.0135847,0.689816,0.703401
0.06,0.74 ,0.286549, 0.0137264,0.699725,0.713451
0.06,0.75 ,0.276913, 0.0138743,0.709212,0.723087
0.06,0.76 ,0.267673, 0.0140282,0.718299,0.732327
0.06,0.77 ,0.25881, 0.0141881,0.727002,0.74119
0.06,0.78 ,0.250305, 0.0143538,0.735341,0.749695
0.06,0.79 ,0.242143, 0.0145253,0.743332,0.757857
0.06,0.8 ,0.234308, 0.0147024,0.75099,0.765692
0.06,0.81 ,0.226785, 0.014885,0.75833,0.773215
0.06,0.82 ,0.219559, 0.0150728,0.765368,0.780441
0.06,0.83 ,0.212618, 0.0152659,0.772116,0.787382
0.06,0.84 ,0.205949, 0.0154639,0.778587,0.794051
0.06,0.85 ,0.19954, 0.0156668,0.784793,0.80046
0.06,0.86 ,0.19338, 0.0158743,0.790745,0.80662
0.06,0.87 ,0.187458, 0.0160864,0.796456,0.812542
0.06,0.88 ,0.181763, 0.0163029,0.801934,0.818237
0.06,0.89 ,0.176287, 0.0165235,0.80719,0.823713
0.06,0.9 ,0.171019, 0.0167482,0.812233,0.828981
0.06,0.91 ,0.165951, 0.0169768,0.817072,0.834049
0.06,0.92 ,0.161075, 0.017209,0.821716,0.838925
0.06,0.93 ,0.156383, 0.0174448,0.826173,0.843617
0.06,0.94 ,0.151866, 0.0176841,0.830449,0.848134
0.06,0.95 ,0.147519, 0.0179265,0.834554,0.852481
0.06,0.96 ,0.143334, 0.0181721,0.838493,0.856666
0.06,0.97 ,0.139305, 0.0184205,0.842274,0.860695
0.06,0.98 ,0.135425, 0.0186718,0.845903,0.864575
0.06,0.99 ,0.131689, 0.0189257,0.849385,0.868311
0.06,1 ,0.12809, 0.0191822,0.852727,0.87191
0.07,0 ,0.985737, 0.0115919,0.00267095,0.0142629
0.07,0.01 ,0.985711, 0.0115952,0.00269335,0.0142885
0.07,0.02 ,0.985685, 0.0115985,0.00271663,0.0143151
0.07,0.03 ,0.985657, 0.0116018,0.00274084,0.0143427
0.07,0.04 ,0.985629, 0.0116053,0.00276605,0.0143713
0.07,0.05 ,0.985599, 0.0116088,0.00279233,0.0144011
0.07,0.06 ,0.985568, 0.0116124,0.00281975,0.0144322
0.07,0.07 ,0.985536, 0.0116161,0.00284841,0.0144645
0.07,0.08 ,0.985502, 0.0116198,0.0028784,0.0144982
0.07,0.09 ,0.985467, 0.0116237,0.00290982,0.0145335
0.07,0.1 ,0.98543, 0.0116276,0.00294279,0.0145704
0.07,0.11 ,0.985391, 0.0116316,0.00297746,0.0146091
0.07,0.12 ,0.98535, 0.0116357,0.00301395,0.0146497
0.07,0.13 ,0.985308, 0.01164,0.00305245,0.0146924
0.07,0.14 ,0.985263, 0.0116443,0.00309315,0.0147374
0.07,0.15 ,0.985215, 0.0116487,0.00313625,0.014785
0.07,0.16 ,0.985165, 0.0116533,0.00318202,0.0148353
0.07,0.17 ,0.985111, 0.011658,0.00323072,0.0148887
0.07,0.18 ,0.985055, 0.0116628,0.0032827,0.0149455
0.07,0.19 ,0.984994, 0.0116677,0.00333833,0.015006
0.07,0.2 ,0.984929, 0.0116728,0.00339805,0.0150709
0.07,0.21 ,0.98486, 0.011678,0.00346239,0.0151404
0.07,0.22 ,0.984785, 0.0116834,0.00353197,0.0152154
0.07,0.23 ,0.984703, 0.011689,0.00360753,0.0152965
0.07,0.24 ,0.984615, 0.0116947,0.00368997,0.0153847
0.07,0.25 ,0.984519, 0.0117007,0.00378036,0.015481
0.07,0.26 ,0.984413, 0.0117068,0.00388006,0.0155869
0.07,0.27 ,0.984296, 0.0117131,0.00399073,0.0157039
0.07,0.28 ,0.984166, 0.0117197,0.00411447,0.0158342
0.07,0.29 ,0.98402, 0.0117265,0.00425398,0.0159805
0.07,0.3 ,0.983854, 0.0117336,0.00441278,0.0161464
0.07,0.31 ,0.983664, 0.0117409,0.00459552,0.0163364
0.07,0.32 ,0.983443, 0.0117486,0.00480856,0.0165571
0.07,0.33 ,0.983183, 0.0117565,0.00506073,0.0168173
0.07,0.34 ,0.98287, 0.0117649,0.00536474,0.0171296
0.07,0.35 ,0.982487, 0.0117735,0.00573951,0.0175131
0.07,0.36 ,0.982003, 0.0117826,0.00621454,0.0179972
0.07,0.37 ,0.98137, 0.0117922,0.0068383,0.0186305
0.07,0.38 ,0.980502, 0.0118022,0.00769612,0.0194983
0.07,0.39 ,0.979235, 0.0118128,0.00895201,0.0207648
0.07,0.4 ,0.977217, 0.0118239,0.0109595,0.0227834
0.07,0.41 ,0.973565, 0.0118357,0.0145989,0.0264346
0.07,0.42 ,0.965789, 0.0118482,0.0223623,0.0342105
0.07,0.43 ,0.948108, 0.0118615,0.0400283,0.0518898
0.07,0.44 ,0.917932, 0.0118757,0.0701904,0.0820661
0.07,0.45 ,0.882206, 0.0118909,0.105903,0.117794
0.07,0.46 ,0.845851, 0.0119072,0.142242,0.154149
0.07,0.47 ,0.810451, 0.0119248,0.177624,0.189549
0.07,0.48 ,0.776487, 0.0119439,0.211569,0.223513
0.07,0.49 ,0.744088, 0.0119646,0.243948,0.255912
0.07,0.5 ,0.713253, 0.0119871,0.27476,0.286747
0.07,0.51 ,0.683935, 0.0120118,0.304053,0.316065
0.07,0.52 ,0.656067, 0.0120388,0.331894,0.343933
0.07,0.53 ,0.629574, 0.0120685,0.358358,0.370426
0.07,0.54 ,0.604381, 0.0121012,0.383517,0.395619
0.07,0.55 ,0.580417, 0.0121372,0.407446,0.419583
0.07,0.56 ,0.55761, 0.0121768,0.430213,0.44239
0.07,0.57 ,0.535896, 0.0122204,0.451884,0.464104
0.07,0.58 ,0.515212, 0.0122682,0.47252,0.484788
0.07,0.59 ,0.495501, 0.0123207,0.492178,0.504499
0.07,0.6 ,0.476708, 0.012378,0.510914,0.523292
0.07,0.61 ,0.458782, 0.0124404,0.528778,0.541218
0.07,0.62 ,0.441675, 0.0125082,0.545817,0.558325
0.07,0.63 ,0.425344, 0.0125816,0.562074,0.574656
0.07,0.64 ,0.409746, 0.0126608,0.577593,0.590254
0.07,0.65 ,0.394843, 0.0127459,0.592411,0.605157
0.07,0.66 ,0.380598, 0.0128372,0.606565,0.619402
0.07,0.67 ,0.366977, 0.0129346,0.620089,0.633023
0.07,0.68 ,0.353947, 0.0130383,0.633015,0.646053
0.07,0.69 ,0.341479, 0.0131483,0.645373,0.658521
0.07,0.7 ,0.329544, 0.0132646,0.657191,0.670456
0.07,0.71 ,0.318116, 0.0133873,0.668496,0.681884
0.07,0.72 ,0.30717, 0.0135164,0.679314,0.69283
0.07,0.73 ,0.296682, 0.0136517,0.689667,0.703318
0.07,0.74 ,0.286629, 0.0137932,0.699578,0.713371
0.07,0.75 ,0.276992, 0.0139409,0.709067,0.723008
0.07,0.76 ,0.26775, 0.0140947,0.718155,0.73225
0.07,0.77 ,0.258884, 0.0142545,0.726861,0.741116
0.07,0.78 ,0.250378, 0.0144201,0.735202,0.749622
0.07,0.79 ,0.242214, 0.0145914,0.743194,0.757786
0.07,0.8 ,0.234378, 0.0147684,0.750854,0.765622
0.07,0.81 ,0.226853, 0.0149507,0.758197,0.773147
0.07,0.82 ,0.219625, 0.0151385,0.765236,0.780375
0.07,0.83 ,0.212683, 0.0153313,0.771986,0.787317
0.07,0.84 ,0.206013, 0.0155292,0.778458,0.793987
0.07,0.85 ,0.199602, 0.0157319,0.784666,0.800398
0.07,0.86 ,0.19344, 0.0159393,0.79062,0.80656
