Betapv,Betamv,V,Rs,Rv,P
0,0 ,0.94161, 0.0563899,0.002,0.0583899
0,0.01 ,0.941585, 0.0563927,0.00202202,0.0584147
0,0.02 ,0.94156, 0.0563955,0.00204488,0.0584404
0,0.03 ,0.941533, 0.0563984,0.00206862,0.058467
0,0.04 ,0.941505, 0.0564013,0.0020933,0.0584946
0,0.05 ,0.941477, 0.0564043,0.00211898,0.0585233
0,0.06 ,0.941447, 0.0564073,0.00214575,0.0585531
0,0.07 ,0.941416, 0.0564104,0.00217367,0.0585841
0,0.08 ,0.941384, 0.0564136,0.00220282,0.0586164
0,0.09 ,0.94135, 0.0564169,0.00223331,0.0586502
0,0.1 ,0.941315, 0.0564202,0.00226524,0.0586854
0,0.11 ,0.941278, 0.0564236,0.00229872,0.0587223
0,0.12 ,0.941239, 0.0564271,0.00233389,0.058761
0,0.13 ,0.941198, 0.0564307,0.00237088,0.0588015
0,0.14 ,0.941156, 0.0564343,0.00240987,0.0588442
0,0.15 ,0.941111, 0.0564381,0.00245102,0.0588891
0,0.16 ,0.941064, 0.0564419,0.00249457,0.0589365
0,0.17 ,0.941013, 0.0564458,0.00254073,0.0589866
0,0.18 ,0.94096, 0.0564499,0.00258978,0.0590397
0,0.19 ,0.940904, 0.056454,0.00264204,0.0590961
0,0.2 ,0.940844, 0.0564583,0.00269786,0.0591562
0,0.21 ,0.94078, 0.0564627,0.00275765,0.0592204
0,0.22 ,0.940711, 0.0564672,0.00282191,0.0592891
0,0.23 ,0.940637, 0.0564719,0.00289122,0.0593631
0,0.24 ,0.940557, 0.0564767,0.00296624,0.0594429
0,0.25 ,0.940471, 0.0564816,0.0030478,0.0595294
0,0.26 ,0.940376, 0.0564867,0.00313687,0.0596236
0,0.27 ,0.940273, 0.056492,0.00323466,0.0597266
0,0.28 ,0.94016, 0.0564974,0.00334263,0.0598401
0,0.29 ,0.940034, 0.0565031,0.0034626,0.0599657
0,0.3 ,0.939894, 0.0565089,0.0035969,0.0601058
0,0.31 ,0.939737, 0.056515,0.00374848,0.0602635
0,0.32 ,0.939558, 0.0565213,0.0039212,0.0604425
0,0.33 ,0.939352, 0.0565278,0.00412017,0.060648
0,0.34 ,0.939113, 0.0565346,0.00435235,0.0608869
0,0.35 ,0.938831, 0.0565417,0.0046274,0.0611691
0,0.36 ,0.938492, 0.056549,0.00495921,0.0615083
0,0.37 ,0.938075, 0.0565568,0.00536841,0.0619252
0,0.38 ,0.937548, 0.0565648,0.00588702,0.0624519
0,0.39 ,0.936859, 0.0565733,0.00656743,0.0631407
0,0.4 ,0.935917, 0.0565822,0.00750116,0.0640833
0,0.41 ,0.934547, 0.0565915,0.00886193,0.0654535
0,0.42 ,0.932382, 0.0566014,0.0110163,0.0676177
0,0.43 ,0.928548, 0.0566118,0.0148403,0.0714522
0,0.44 ,0.920759, 0.0566228,0.022618,0.0792408
0,0.45 ,0.904348, 0.0566346,0.0390161,0.0956507
0,0.46 ,0.877443, 0.0566471,0.0659088,0.122556
0,0.47 ,0.845382, 0.0566604,0.0979575,0.154618
0,0.48 ,0.812403, 0.0566747,0.130923,0.187597
0,0.49 ,0.780059, 0.05669,0.163251,0.219941
0,0.5 ,0.748874, 0.0567066,0.194419,0.251126
0,0.51 ,0.719011, 0.0567245,0.224264,0.280989
0,0.52 ,0.6905, 0.0567439,0.252756,0.3095
0,0.53 ,0.663315, 0.0567651,0.27992,0.336685
0,0.54 ,0.637407, 0.0567881,0.305804,0.362593
0,0.55 ,0.61272, 0.0568134,0.330467,0.38728
0,0.56 ,0.589191, 0.056841,0.353968,0.410809
0,0.57 ,0.566761, 0.0568713,0.376368,0.433239
0,0.58 ,0.54537, 0.0569044,0.397725,0.45463
0,0.59 ,0.524963, 0.0569407,0.418096,0.475037
0,0.6 ,0.505487, 0.0569803,0.437532,0.494513
0,0.61 ,0.486891, 0.0570236,0.456085,0.513109
0,0.62 ,0.469129, 0.0570708,0.4738,0.530871
0,0.63 ,0.452155, 0.057122,0.490723,0.547845
0,0.64 ,0.435928, 0.0571774,0.506894,0.564072
0,0.65 ,0.42041, 0.0572373,0.522353,0.57959
0,0.66 ,0.405563, 0.0573018,0.537135,0.594437
0,0.67 ,0.391353, 0.0573709,0.551276,0.608647
0,0.68 ,0.377748, 0.057445,0.564807,0.622252
0,0.69 ,0.364717, 0.0575239,0.57776,0.635283
0,0.7 ,0.352231, 0.0576079,0.590161,0.647769
0,0.71 ,0.340264, 0.0576969,0.602039,0.659736
0,0.72 ,0.328791, 0.057791,0.613418,0.671209
0,0.73 ,0.317788, 0.0578902,0.624322,0.682212
0,0.74 ,0.307231, 0.0579945,0.634775,0.692769
0,0.75 ,0.2971, 0.0581038,0.644796,0.7029
0,0.76 ,0.287376, 0.0582182,0.654406,0.712624
0,0.77 ,0.278038, 0.0583376,0.663624,0.721962
0,0.78 ,0.26907, 0.058462,0.672468,0.73093
0,0.79 ,0.260454, 0.0585912,0.680955,0.739546
0,0.8 ,0.252175, 0.0587252,0.6891,0.747825
0,0.81 ,0.244216, 0.0588638,0.69692,0.755784
0,0.82 ,0.236565, 0.0590071,0.704428,0.763435
0,0.83 ,0.229208, 0.0591549,0.711637,0.770792
0,0.84 ,0.222131, 0.0593071,0.718562,0.777869
0,0.85 ,0.215322, 0.0594635,0.725214,0.784678
0,0.86 ,0.208771, 0.0596241,0.731605,0.791229
0,0.87 ,0.202465, 0.0597887,0.737746,0.797535
0,0.88 ,0.196395, 0.0599573,0.743648,0.803605
0,0.89 ,0.190551, 0.0601296,0.749319,0.809449
0,0.9 ,0.184923, 0.0603056,0.754772,0.815077
0,0.91 ,0.179502, 0.0604851,0.760013,0.820498
0,0.92 ,0.17428, 0.060668,0.765052,0.82572
0,0.93 ,0.169249, 0.0608543,0.769897,0.830751
0,0.94 ,0.164401, 0.0610436,0.774555,0.835599
0,0.95 ,0.159728, 0.061236,0.779036,0.840272
0,0.96 ,0.155224, 0.0614313,0.783344,0.844776
0,0.97 ,0.150882, 0.0616294,0.787488,0.849118
0,0.98 ,0.146696, 0.0618301,0.791474,0.853304
0,0.99 ,0.142659, 0.0620334,0.795307,0.857341
0,1 ,0.138766, 0.0622391,0.798995,0.861234
0.01,0 ,0.940371, 0.0570328,0.00259606,0.0596289
0.01,0.01 ,0.940346, 0.0570355,0.00261806,0.0596536
0.01,0.02 ,0.940321, 0.0570383,0.00264088,0.0596792
0.01,0.03 ,0.940294, 0.0570412,0.00266459,0.0597058
0.01,0.04 ,0.940267, 0.0570441,0.00268924,0.0597333
0.01,0.05 ,0.940238, 0.057047,0.0027149,0.0597619
0.01,0.06 ,0.940208, 0.0570501,0.00274163,0.0597917
0.01,0.07 ,0.940177, 0.0570532,0.00276951,0.0598227
0.01,0.08 ,0.940145, 0.0570563,0.00279863,0.0598549
0.01,0.09 ,0.940111, 0.0570595,0.00282908,0.0598886
0.01,0.1 ,0.940076, 0.0570628,0.00286097,0.0599238
0.01,0.11 ,0.940039, 0.0570662,0.0028944,0.0599606
0.01,0.12 ,0.940001, 0.0570697,0.00292951,0.0599992
0.01,0.13 ,0.93996, 0.0570732,0.00296645,0.0600397
0.01,0.14 ,0.939918, 0.0570768,0.00300538,0.0600822
0.01,0.15 ,0.939873, 0.0570806,0.00304647,0.060127
0.01,0.16 ,0.939826, 0.0570844,0.00308994,0.0601743
0.01,0.17 ,0.939776, 0.0570883,0.00313602,0.0602243
0.01,0.18 ,0.939723, 0.0570923,0.00318499,0.0602773
0.01,0.19 ,0.939666, 0.0570964,0.00323714,0.0603336
0.01,0.2 ,0.939606, 0.0571007,0.00329285,0.0603935
0.01,0.21 ,0.939542, 0.057105,0.00335251,0.0604575
0.01,0.22 ,0.939474, 0.0571095,0.00341663,0.0605261
0.01,0.23 ,0.9394, 0.0571141,0.00348576,0.0605999
0.01,0.24 ,0.939321, 0.0571189,0.00356059,0.0606795
0.01,0.25 ,0.939234, 0.0571238,0.00364192,0.0607657
0.01,0.26 ,0.93914, 0.0571288,0.00373073,0.0608596
0.01,0.27 ,0.939038, 0.0571341,0.00382819,0.0609623
0.01,0.28 ,0.938925, 0.0571395,0.00393577,0.0610753
0.01,0.29 ,0.9388, 0.0571451,0.00405528,0.0612004
0.01,0.3 ,0.93866, 0.0571509,0.004189,0.0613399
0.01,0.31 ,0.938503, 0.0571569,0.00433986,0.0614968
0.01,0.32 ,0.938325, 0.0571631,0.00451167,0.0616748
0.01,0.33 ,0.938121, 0.0571696,0.00470946,0.0618791
0.01,0.34 ,0.937884, 0.0571764,0.00494009,0.0621164
0.01,0.35 ,0.937604, 0.0571834,0.00521306,0.0623964
0.01,0.36 ,0.937267, 0.0571907,0.00554198,0.0627327
0.01,0.37 ,0.936855, 0.0571984,0.00594706,0.0631454
0.01,0.38 ,0.936334, 0.0572064,0.00645954,0.0636659
0.01,0.39 ,0.935655, 0.0572148,0.00713036,0.0643451
0.01,0.4 ,0.934728, 0.0572236,0.00804812,0.0652717
0.01,0.41 ,0.933387, 0.0572329,0.00938001,0.0666129
0.01,0.42 ,0.931281, 0.0572427,0.0114761,0.0687188
0.01,0.43 ,0.927581, 0.057253,0.0151659,0.0724189
0.01,0.44 ,0.920131, 0.0572639,0.0226049,0.0798688
0.01,0.45 ,0.904389, 0.0572756,0.0383337,0.0956093
0.01,0.46 ,0.878075, 0.0572879,0.0646352,0.121923
0.01,0.47 ,0.846266, 0.0573012,0.0964323,0.153734
0.01,0.48 ,0.813376, 0.0573153,0.129308,0.186624
0.01,0.49 ,0.781062, 0.0573305,0.161608,0.218938
0.01,0.5 ,0.74988, 0.0573469,0.192773,0.25012
0.01,0.51 ,0.720009, 0.0573647,0.222626,0.279991
0.01,0.52 ,0.691484, 0.0573839,0.251132,0.308516
0.01,0.53 ,0.664282, 0.0574049,0.278313,0.335718
0.01,0.54 ,0.638356, 0.0574277,0.304216,0.361644
0.01,0.55 ,0.613649, 0.0574527,0.328898,0.386351
0.01,0.56 ,0.590101, 0.0574801,0.352419,0.409899
0.01,0.57 ,0.567651, 0.05751,0.374839,0.432349
0.01,0.58 ,0.546241, 0.0575428,0.396217,0.453759
0.01,0.59 ,0.525814, 0.0575787,0.416607,0.474186
0.01,0.6 ,0.506319, 0.057618,0.436063,0.493681
0.01,0.61 ,0.487705, 0.0576608,0.454635,0.512295
0.01,0.62 ,0.469924, 0.0577075,0.472369,0.530076
0.01,0.63 ,0.452932, 0.0577582,0.48931,0.547068
0.01,0.64 ,0.436688, 0.0578131,0.505499,0.563312
0.01,0.65 ,0.421152, 0.0578724,0.520976,0.578848
0.01,0.66 ,0.406288, 0.0579362,0.535776,0.593712
0.01,0.67 ,0.392061, 0.0580047,0.549934,0.607939
0.01,0.68 ,0.37844, 0.058078,0.563482,0.62156
0.01,0.69 ,0.365393, 0.0581563,0.576451,0.634607
0.01,0.7 ,0.352892, 0.0582395,0.588869,0.647108
0.01,0.71 ,0.34091, 0.0583277,0.600762,0.65909
0.01,0.72 ,0.329422, 0.0584209,0.612157,0.670578
0.01,0.73 ,0.318404, 0.0585193,0.623077,0.681596
0.01,0.74 ,0.307833, 0.0586227,0.633544,0.692167
0.01,0.75 ,0.297689, 0.0587311,0.64358,0.702311
0.01,0.76 ,0.28795, 0.0588446,0.653205,0.71205
0.01,0.77 ,0.278599, 0.058963,0.662437,0.721401
0.01,0.78 ,0.269618, 0.0590864,0.671295,0.730382
0.01,0.79 ,0.260989, 0.0592146,0.679796,0.739011
0.01,0.8 ,0.252697, 0.0593475,0.687955,0.747303
0.01,0.81 ,0.244727, 0.0594852,0.695788,0.755273
0.01,0.82 ,0.237064, 0.0596274,0.703309,0.762936
0.01,0.83 ,0.229695, 0.0597741,0.710531,0.770305
0.01,0.84 ,0.222606, 0.0599251,0.717469,0.777394
0.01,0.85 ,0.215787, 0.0600805,0.724133,0.784213
0.01,0.86 ,0.209224, 0.0602399,0.730536,0.790776
0.01,0.87 ,0.202908, 0.0604034,0.736689,0.797092
0.01,0.88 ,0.196827, 0.0605708,0.742602,0.803173
0.01,0.89 ,0.190973, 0.060742,0.748285,0.809027
0.01,0.9 ,0.185334, 0.0609168,0.753749,0.814666
0.01,0.91 ,0.179904, 0.0610951,0.759001,0.820096
0.01,0.92 ,0.174672, 0.0612769,0.764051,0.825328
0.01,0.93 ,0.169631, 0.0614619,0.768907,0.830369
0.01,0.94 ,0.164774, 0.06165,0.773576,0.835226
0.01,0.95 ,0.160092, 0.0618412,0.778067,0.839908
0.01,0.96 ,0.155579, 0.0620353,0.782385,0.844421
0.01,0.97 ,0.151228, 0.0622321,0.786539,0.848772
0.01,0.98 ,0.147033, 0.0624316,0.790535,0.852967
0.01,0.99 ,0.142988, 0.0626337,0.794378,0.857012
0.01,1 ,0.139087, 0.0628382,0.798075,0.860913
0.02,0 ,0.939085, 0.0576899,0.0032246,0.0609145
0.02,0.01 ,0.939061, 0.0576926,0.00324657,0.0609392
0.02,0.02 ,0.939035, 0.0576954,0.00326937,0.0609648
0.02,0.03 ,0.939009, 0.0576982,0.00329305,0.0609913
0.02,0.04 ,0.938981, 0.0577011,0.00331767,0.0610188
0.02,0.05 ,0.938953, 0.057704,0.00334329,0.0610473
0.02,0.06 ,0.938923, 0.057707,0.00336999,0.061077
0.02,0.07 ,0.938892, 0.0577101,0.00339783,0.0611079
0.02,0.08 ,0.93886, 0.0577132,0.00342691,0.0611401
0.02,0.09 ,0.938826, 0.0577164,0.00345732,0.0611737
0.02,0.1 ,0.938791, 0.0577197,0.00348916,0.0612089
0.02,0.11 ,0.938754, 0.0577231,0.00352254,0.0612456
0.02,0.12 ,0.938716, 0.0577265,0.0035576,0.0612841
0.02,0.13 ,0.938676, 0.05773,0.00359448,0.0613245
0.02,0.14 ,0.938633, 0.0577336,0.00363334,0.0613669
0.02,0.15 ,0.938588, 0.0577373,0.00367437,0.0614116
0.02,0.16 ,0.938541, 0.0577411,0.00371776,0.0614588
0.02,0.17 ,0.938491, 0.0577449,0.00376376,0.0615087
0.02,0.18 ,0.938438, 0.0577489,0.00381263,0.0615615
0.02,0.19 ,0.938382, 0.057753,0.00386468,0.0616177
0.02,0.2 ,0.938323, 0.0577572,0.00392026,0.0616775
0.02,0.21 ,0.938259, 0.0577615,0.0039798,0.0617413
0.02,0.22 ,0.93819, 0.057766,0.00404376,0.0618097
0.02,0.23 ,0.938117, 0.0577706,0.00411272,0.0618833
0.02,0.24 ,0.938037, 0.0577753,0.00418734,0.0619626
0.02,0.25 ,0.937951, 0.0577802,0.00426844,0.0620486
0.02,0.26 ,0.937858, 0.0577852,0.00435696,0.0621421
0.02,0.27 ,0.937756, 0.0577904,0.0044541,0.0622445
0.02,0.28 ,0.937643, 0.0577957,0.00456128,0.062357
0.02,0.29 ,0.937518, 0.0578013,0.0046803,0.0624816
0.02,0.3 ,0.93738, 0.057807,0.00481343,0.0626205
0.02,0.31 ,0.937223, 0.057813,0.00496355,0.0627766
0.02,0.32 ,0.937046, 0.0578192,0.00513442,0.0629536
0.02,0.33 ,0.936843, 0.0578256,0.00533101,0.0631566
0.02,0.34 ,0.936608, 0.0578323,0.00556005,0.0633924
0.02,0.35 ,0.93633, 0.0578393,0.00583088,0.0636702
0.02,0.36 ,0.935997, 0.0578466,0.00615686,0.0640034
0.02,0.37 ,0.935588, 0.0578542,0.00655774,0.0644119
0.02,0.38 ,0.935074, 0.0578621,0.00706399,0.0649261
0.02,0.39 ,0.934404, 0.0578704,0.00772511,0.0655956
0.02,0.4 ,0.933494, 0.0578792,0.00862677,0.066506
0.02,0.41 ,0.932182, 0.0578884,0.00992969,0.0678181
0.02,0.42 ,0.930134, 0.0578981,0.0119678,0.0698659
0.02,0.43 ,0.926566, 0.0579084,0.0155253,0.0734337
0.02,0.44 ,0.919449, 0.0579192,0.0226313,0.0805505
0.02,0.45 ,0.904385, 0.0579307,0.0376829,0.0956136
0.02,0.46 ,0.878704, 0.057943,0.0633514,0.121294
0.02,0.47 ,0.847173, 0.0579561,0.0948706,0.152827
0.02,0.48 ,0.814383, 0.0579701,0.127647,0.185617
0.02,0.49 ,0.782101, 0.0579852,0.159914,0.217899
0.02,0.5 ,0.750924, 0.0580015,0.191075,0.249076
0.02,0.51 ,0.721045, 0.058019,0.220936,0.278955
0.02,0.52 ,0.692505, 0.0580381,0.249457,0.307495
0.02,0.53 ,0.665286, 0.0580589,0.276655,0.334714
0.02,0.54 ,0.639341, 0.0580815,0.302578,0.360659
0.02,0.55 ,0.614614, 0.0581062,0.32728,0.385386
0.02,0.56 ,0.591046, 0.0581333,0.350821,0.408954
0.02,0.57 ,0.568575, 0.0581629,0.373262,0.431425
0.02,0.58 ,0.547145, 0.0581953,0.39466,0.452855
0.02,0.59 ,0.526699, 0.0582309,0.41507,0.473301
0.02,0.6 ,0.507184, 0.0582697,0.434546,0.492816
0.02,0.61 ,0.48855, 0.0583121,0.453138,0.51145
0.02,0.62 ,0.47075, 0.0583583,0.470892,0.52925
0.02,0.63 ,0.453739, 0.0584084,0.487852,0.546261
0.02,0.64 ,0.437477, 0.0584627,0.50406,0.562523
0.02,0.65 ,0.421923, 0.0585214,0.519555,0.578077
0.02,0.66 ,0.407042, 0.0585846,0.534374,0.592958
0.02,0.67 ,0.392798, 0.0586525,0.54855,0.607202
0.02,0.68 ,0.379159, 0.0587251,0.562115,0.620841
0.02,0.69 ,0.366096, 0.0588025,0.575101,0.633904
0.02,0.7 ,0.353579, 0.0588849,0.587536,0.646421
0.02,0.71 ,0.341581, 0.0589723,0.599446,0.658419
0.02,0.72 ,0.330078, 0.0590647,0.610858,0.669922
0.02,0.73 ,0.319044, 0.0591622,0.621793,0.680956
0.02,0.74 ,0.308459, 0.0592647,0.632276,0.691541
0.02,0.75 ,0.2983, 0.0593722,0.642328,0.7017
0.02,0.76 ,0.288548, 0.0594847,0.651968,0.711452
0.02,0.77 ,0.279183, 0.0596021,0.661215,0.720817
0.02,0.78 ,0.270188, 0.0597245,0.670087,0.729812
0.02,0.79 ,0.261546, 0.0598516,0.678602,0.738454
0.02,0.8 ,0.253241, 0.0599835,0.686775,0.746759
0.02,0.81 ,0.245258, 0.0601201,0.694622,0.754742
0.02,0.82 ,0.237583, 0.0602612,0.702156,0.762417
0.02,0.83 ,0.230201, 0.0604068,0.709392,0.769799
0.02,0.84 ,0.223101, 0.0605567,0.716343,0.776899
0.02,0.85 ,0.216269, 0.0607109,0.72302,0.783731
0.02,0.86 ,0.209695, 0.0608692,0.729435,0.790305
0.02,0.87 ,0.203368, 0.0610315,0.735601,0.796632
0.02,0.88 ,0.197276, 0.0611977,0.741526,0.802724
0.02,0.89 ,0.191411, 0.0613677,0.747221,0.808589
0.02,0.9 ,0.185762, 0.0615413,0.752696,0.814238
0.02,0.91 ,0.180321, 0.0617184,0.75796,0.819679
0.02,0.92 ,0.17508, 0.0618989,0.763021,0.82492
0.02,0.93 ,0.170029, 0.0620826,0.767888,0.829971
0.02,0.94 ,0.165162, 0.0622696,0.772569,0.834838
0.02,0.95 ,0.160471, 0.0624595,0.77707,0.839529
0.02,0.96 ,0.155948, 0.0626523,0.781399,0.844052
0.02,0.97 ,0.151588, 0.0628479,0.785564,0.848412
0.02,0.98 ,0.147384, 0.0630461,0.789569,0.852616
0.02,0.99 ,0.14333, 0.0632469,0.793423,0.85667
0.02,1 ,0.13942, 0.0634501,0.79713,0.86058
0.03,0 ,0.937751, 0.0583616,0.00388759,0.0622492
0.03,0.01 ,0.937726, 0.0583643,0.00390953,0.0622739
0.03,0.02 ,0.937701, 0.0583671,0.0039323,0.0622994
0.03,0.03 ,0.937674, 0.0583699,0.00395595,0.0623258
0.03,0.04 ,0.937647, 0.0583727,0.00398053,0.0623533
0.03,0.05 ,0.937618, 0.0583756,0.00400612,0.0623818
0.03,0.06 ,0.937589, 0.0583786,0.00403277,0.0624114
0.03,0.07 ,0.937558, 0.0583817,0.00406058,0.0624422
0.03,0.08 ,0.937526, 0.0583848,0.00408961,0.0624744
0.03,0.09 ,0.937492, 0.0583879,0.00411997,0.0625079
0.03,0.1 ,0.937457, 0.0583912,0.00415176,0.0625429
0.03,0.11 ,0.93742, 0.0583945,0.00418509,0.0625796
0.03,0.12 ,0.937382, 0.0583979,0.0042201,0.062618
0.03,0.13 ,0.937342, 0.0584014,0.00425692,0.0626583
0.03,0.14 ,0.937299, 0.0584049,0.00429571,0.0627007
0.03,0.15 ,0.937255, 0.0584086,0.00433666,0.0627453
0.03,0.16 ,0.937208, 0.0584124,0.00437997,0.0627923
0.03,0.17 ,0.937158, 0.0584162,0.00442588,0.0628421
0.03,0.18 ,0.937105, 0.0584202,0.00447465,0.0628948
0.03,0.19 ,0.937049, 0.0584242,0.00452659,0.0629508
0.03,0.2 ,0.93699, 0.0584284,0.00458205,0.0630104
0.03,0.21 ,0.936926, 0.0584327,0.00464145,0.0630741
0.03,0.22 ,0.936858, 0.0584371,0.00470525,0.0631423
0.03,0.23 ,0.936784, 0.0584416,0.00477403,0.0632156
0.03,0.24 ,0.936705, 0.0584463,0.00484844,0.0632947
0.03,0.25 ,0.93662, 0.0584511,0.00492929,0.0633804
0.03,0.26 ,0.936526, 0.0584561,0.00501753,0.0634736
0.03,0.27 ,0.936424, 0.0584613,0.00511432,0.0635756
0.03,0.28 ,0.936312, 0.0584666,0.00522109,0.0636877
0.03,0.29 ,0.936188, 0.0584721,0.00533962,0.0638117
0.03,0.3 ,0.93605, 0.0584778,0.00547213,0.0639499
0.03,0.31 ,0.935895, 0.0584837,0.00562149,0.0641052
0.03,0.32 ,0.935719, 0.0584899,0.00579139,0.0642812
0.03,0.33 ,0.935517, 0.0584962,0.00598674,0.064483
0.03,0.34 ,0.935283, 0.0585029,0.00621416,0.064717
0.03,0.35 ,0.935007, 0.0585098,0.00648281,0.0649926
0.03,0.36 ,0.934677, 0.058517,0.00680579,0.0653228
0.03,0.37 ,0.934273, 0.0585245,0.00720239,0.0657269
0.03,0.38 ,0.933765, 0.0585324,0.00770231,0.0662347
0.03,0.39 ,0.933106, 0.0585407,0.0083536,0.0668943
0.03,0.4 ,0.932212, 0.0585494,0.00923904,0.0677884
0.03,0.41 ,0.930929, 0.0585585,0.0105129,0.0690714
0.03,0.42 ,0.928938, 0.0585681,0.0124934,0.0710615
0.03,0.43 ,0.925501, 0.0585783,0.0159207,0.0744989
0.03,0.44 ,0.918711, 0.058589,0.0227,0.081289
0.03,0.45 ,0.90433, 0.0586005,0.0370686,0.095669
0.03,0.46 ,0.879325, 0.0586126,0.0620606,0.120673
0.03,0.47 ,0.848102, 0.0586256,0.0932724,0.151898
0.03,0.48 ,0.815422, 0.0586395,0.125938,0.184578
0.03,0.49 ,0.783177, 0.0586544,0.158169,0.216823
0.03,0.5 ,0.752006, 0.0586705,0.189323,0.247994
0.03,0.51 ,0.72212, 0.0586879,0.219192,0.27788
0.03,0.52 ,0.693566, 0.0587068,0.247727,0.306434
0.03,0.53 ,0.666329, 0.0587273,0.274943,0.333671
0.03,0.54 ,0.640365, 0.0587497,0.300885,0.359635
0.03,0.55 ,0.615617, 0.0587742,0.325608,0.384383
0.03,0.56 ,0.592028, 0.0588009,0.349171,0.407972
0.03,0.57 ,0.569537, 0.0588302,0.371633,0.430463
0.03,0.58 ,0.548085, 0.0588623,0.393052,0.451915
0.03,0.59 ,0.527618, 0.0588975,0.413484,0.472382
0.03,0.6 ,0.508083, 0.0589359,0.432981,0.491917
0.03,0.61 ,0.489429, 0.0589778,0.451593,0.510571
0.03,0.62 ,0.471609, 0.0590235,0.469368,0.528391
0.03,0.63 ,0.454579, 0.0590731,0.486348,0.545421
0.03,0.64 ,0.438298, 0.0591268,0.502576,0.561702
0.03,0.65 ,0.422725, 0.0591849,0.51809,0.577275
0.03,0.66 ,0.407825, 0.0592474,0.532927,0.592175
0.03,0.67 ,0.393564, 0.0593145,0.547122,0.606436
0.03,0.68 ,0.379908, 0.0593864,0.560706,0.620092
0.03,0.69 ,0.366827, 0.0594631,0.57371,0.633173
0.03,0.7 ,0.354293, 0.0595447,0.586162,0.645707
0.03,0.71 ,0.342279, 0.0596313,0.598089,0.657721
0.03,0.72 ,0.33076, 0.0597228,0.609517,0.66924
0.03,0.73 ,0.319711, 0.0598193,0.62047,0.680289
0.03,0.74 ,0.30911, 0.0599209,0.630969,0.69089
0.03,0.75 ,0.298936, 0.0600274,0.641036,0.701064
0.03,0.76 ,0.289169, 0.0601389,0.650692,0.710831
0.03,0.77 ,0.27979, 0.0602554,0.659955,0.72021
0.03,0.78 ,0.270781, 0.0603766,0.668842,0.729219
0.03,0.79 ,0.262125, 0.0605027,0.677372,0.737875
0.03,0.8 ,0.253807, 0.0606335,0.685559,0.746193
0.03,0.81 ,0.245811, 0.060769,0.69342,0.754189
0.03,0.82 ,0.238122, 0.0609089,0.700969,0.761878
0.03,0.83 ,0.230728, 0.0610534,0.708219,0.769272
0.03,0.84 ,0.223615, 0.0612021,0.715182,0.776385
0.03,0.85 ,0.216772, 0.0613551,0.721873,0.783228
0.03,0.86 ,0.210186, 0.0615122,0.728302,0.789814
0.03,0.87 ,0.203847, 0.0616733,0.73448,0.796153
0.03,0.88 ,0.197744, 0.0618383,0.740418,0.802256
0.03,0.89 ,0.191867, 0.062007,0.746126,0.808133
0.03,0.9 ,0.186208, 0.0621793,0.751613,0.813792
0.03,0.91 ,0.180756, 0.0623552,0.756889,0.819244
0.03,0.92 ,0.175504, 0.0625344,0.761962,0.824496
0.03,0.93 ,0.170443, 0.0627169,0.76684,0.829557
0.03,0.94 ,0.165566, 0.0629026,0.771532,0.834434
0.03,0.95 ,0.160865, 0.0630912,0.776044,0.839135
0.03,0.96 ,0.156333, 0.0632827,0.780385,0.843667
0.03,0.97 ,0.151963, 0.063477,0.78456,0.848037
0.03,0.98 ,0.14775, 0.0636739,0.788576,0.85225
0.03,0.99 ,0.143687, 0.0638734,0.79244,0.856313
0.03,1 ,0.139767, 0.0640753,0.796157,0.860233
0.04,0 ,0.936364, 0.0590484,0.00458711,0.0636355
0.04,0.01 ,0.93634, 0.0590511,0.00460901,0.0636601
0.04,0.02 ,0.936314, 0.0590538,0.00463175,0.0636855
0.04,0.03 ,0.936288, 0.0590566,0.00465536,0.0637119
0.04,0.04 ,0.936261, 0.0590594,0.00467991,0.0637393
0.04,0.05 ,0.936232, 0.0590623,0.00470545,0.0637677
0.04,0.06 ,0.936203, 0.0590652,0.00473207,0.0637973
0.04,0.07 ,0.936172, 0.0590682,0.00475983,0.0638281
0.04,0.08 ,0.93614, 0.0590713,0.00478882,0.0638601
0.04,0.09 ,0.936106, 0.0590745,0.00481913,0.0638936
0.04,0.1 ,0.936071, 0.0590777,0.00485086,0.0639285
0.04,0.11 ,0.936035, 0.059081,0.00488414,0.0639651
0.04,0.12 ,0.935997, 0.0590843,0.00491908,0.0640034
0.04,0.13 ,0.935956, 0.0590878,0.00495583,0.0640436
0.04,0.14 ,0.935914, 0.0590913,0.00499456,0.0640859
0.04,0.15 ,0.93587, 0.0590949,0.00503543,0.0641304
0.04,0.16 ,0.935823, 0.0590987,0.00507866,0.0641773
0.04,0.17 ,0.935773, 0.0591025,0.00512447,0.0642269
0.04,0.18 ,0.93572, 0.0591064,0.00517314,0.0642795
0.04,0.19 ,0.935665, 0.0591104,0.00522497,0.0643354
0.04,0.2 ,0.935605, 0.0591145,0.0052803,0.0643948
0.04,0.21 ,0.935542, 0.0591188,0.00533955,0.0644583
0.04,0.22 ,0.935474, 0.0591232,0.00540318,0.0645264
0.04,0.23 ,0.935401, 0.0591277,0.00547177,0.0645994
0.04,0.24 ,0.935322, 0.0591323,0.00554597,0.0646783
0.04,0.25 ,0.935236, 0.0591371,0.00562656,0.0647637
0.04,0.26 ,0.935143, 0.059142,0.0057145,0.0648565
0.04,0.27 ,0.935042, 0.0591471,0.00581093,0.0649581
0.04,0.28 ,0.93493, 0.0591524,0.00591728,0.0650697
0.04,0.29 ,0.934807, 0.0591579,0.00603529,0.0651932
0.04,0.3 ,0.934669, 0.0591635,0.00616718,0.0653307
0.04,0.31 ,0.934515, 0.0591694,0.00631575,0.0654852
0.04,0.32 ,0.93434, 0.0591755,0.00648467,0.0656602
0.04,0.33 ,0.934139, 0.0591818,0.00667874,0.0658606
0.04,0.34 ,0.933907, 0.0591884,0.0069045,0.0660929
0.04,0.35 ,0.933634, 0.0591953,0.00717092,0.0663662
0.04,0.36 ,0.933307, 0.0592024,0.00749083,0.0666932
0.04,0.37 ,0.932907, 0.0592099,0.00788307,0.0670929
0.04,0.38 ,0.932406, 0.0592177,0.00837657,0.0675943
0.04,0.39 ,0.931756, 0.0592259,0.00901792,0.0682438
0.04,0.4 ,0.930879, 0.0592345,0.009887,0.0691215
0.04,0.41 ,0.929625, 0.0592435,0.0111318,0.0703754
0.04,0.42 ,0.927692, 0.0592531,0.0130551,0.0723082
0.04,0.43 ,0.924383, 0.0592631,0.0163541,0.0756173
0.04,0.44 ,0.917912, 0.0592738,0.0228136,0.0820874
0.04,0.45 ,0.904218, 0.0592851,0.0364962,0.0957813
0.04,0.46 ,0.879934, 0.0592972,0.0607667,0.120064
0.04,0.47 ,0.849052, 0.05931,0.0916379,0.150948
0.04,0.48 ,0.816497, 0.0593238,0.12418,0.183503
0.04,0.49 ,0.784293, 0.0593386,0.156369,0.215707
0.04,0.5 ,0.75313, 0.0593545,0.187515,0.24687
0.04,0.51 ,0.723237, 0.0593717,0.217391,0.276763
0.04,0.52 ,0.694669, 0.0593904,0.24594,0.305331
0.04,0.53 ,0.667414, 0.0594107,0.273175,0.332586
0.04,0.54 ,0.641429, 0.0594329,0.299138,0.358571
0.04,0.55 ,0.616661, 0.059457,0.323882,0.383339
0.04,0.56 ,0.59305, 0.0594835,0.347467,0.40695
0.04,0.57 ,0.570537, 0.0595125,0.369951,0.429463
0.04,0.58 ,0.549064, 0.0595442,0.391392,0.450936
0.04,0.59 ,0.528575, 0.0595789,0.411846,0.471425
0.04,0.6 ,0.509018, 0.0596169,0.431365,0.490982
0.04,0.61 ,0.490343, 0.0596583,0.449998,0.509657
0.04,0.62 ,0.472503, 0.0597035,0.467794,0.527497
0.04,0.63 ,0.455453, 0.0597525,0.484795,0.544547
0.04,0.64 ,0.439151, 0.0598057,0.501043,0.560849
0.04,0.65 ,0.42356, 0.0598631,0.516577,0.57644
0.04,0.66 ,0.408641, 0.0599249,0.531434,0.591359
0.04,0.67 ,0.394361, 0.0599914,0.545648,0.605639
0.04,0.68 ,0.380687, 0.0600625,0.559251,0.619313
0.04,0.69 ,0.367588, 0.0601384,0.572273,0.632412
0.04,0.7 ,0.355037, 0.0602191,0.584744,0.644963
0.04,0.71 ,0.343006, 0.0603048,0.596689,0.656994
0.04,0.72 ,0.33147, 0.0603954,0.608135,0.66853
0.04,0.73 ,0.320405, 0.060491,0.619104,0.679595
0.04,0.74 ,0.309788, 0.0605916,0.629621,0.690212
0.04,0.75 ,0.299598, 0.0606972,0.639705,0.700402
0.04,0.76 ,0.289816, 0.0608077,0.649376,0.710184
0.04,0.77 ,0.280422, 0.060923,0.658655,0.719578
0.04,0.78 ,0.271398, 0.0610432,0.667558,0.728602
0.04,0.79 ,0.262728, 0.0611682,0.676103,0.737272
0.04,0.8 ,0.254396, 0.0612979,0.684306,0.745604
0.04,0.81 ,0.246386, 0.0614322,0.692182,0.753614
0.04,0.82 ,0.238684, 0.061571,0.699745,0.761316
0.04,0.83 ,0.231277, 0.0617142,0.707009,0.768723
0.04,0.84 ,0.224151, 0.0618618,0.713987,0.775849
0.04,0.85 ,0.217295, 0.0620135,0.720692,0.782705
0.04,0.86 ,0.210697, 0.0621694,0.727134,0.789303
0.04,0.87 ,0.204346, 0.0623292,0.733325,0.795654
0.04,0.88 ,0.198231, 0.0624929,0.739276,0.801769
0.04,0.89 ,0.192343, 0.0626604,0.744997,0.807657
0.04,0.9 ,0.186672, 0.0628314,0.750497,0.813328
0.04,0.91 ,0.181209, 0.063006,0.755785,0.818791
0.04,0.92 ,0.175946, 0.0631839,0.76087,0.824054
0.04,0.93 ,0.170874, 0.0633651,0.765761,0.829126
0.04,0.94 ,0.165986, 0.0635494,0.770464,0.834014
0.04,0.95 ,0.161275, 0.0637367,0.774989,0.838725
0.04,0.96 ,0.156733, 0.0639269,0.77934,0.843267
0.04,0.97 ,0.152353, 0.0641198,0.783527,0.847647
0.04,0.98 ,0.14813, 0.0643154,0.787554,0.85187
0.04,0.99 ,0.144057, 0.0645135,0.791429,0.855943
0.04,1 ,0.140129, 0.064714,0.795157,0.859871
0.05,0 ,0.934924, 0.0597506,0.00532536,0.065076
0.05,0.01 ,0.9349, 0.0597532,0.00534724,0.0651005
0.05,0.02 ,0.934874, 0.0597559,0.00536993,0.0651259
0.05,0.03 ,0.934848, 0.0597587,0.00539351,0.0651522
0.05,0.04 ,0.934821, 0.0597615,0.00541801,0.0651795
0.05,0.05 ,0.934792, 0.0597643,0.00544352,0.0652079
0.05,0.06 ,0.934763, 0.0597673,0.00547009,0.0652373
0.05,0.07 ,0.934732, 0.0597702,0.0054978,0.065268
0.05,0.08 ,0.9347, 0.0597733,0.00552674,0.0653
0.05,0.09 ,0.934667, 0.0597764,0.005557,0.0653334
0.05,0.1 ,0.934632, 0.0597796,0.00558868,0.0653683
0.05,0.11 ,0.934595, 0.0597829,0.0056219,0.0654048
0.05,0.12 ,0.934557, 0.0597862,0.00565678,0.065443
0.05,0.13 ,0.934517, 0.0597896,0.00569346,0.0654831
0.05,0.14 ,0.934475, 0.0597931,0.00573211,0.0655252
0.05,0.15 ,0.93443, 0.0597967,0.0057729,0.0655696
0.05,0.16 ,0.934384, 0.0598004,0.00581603,0.0656164
0.05,0.17 ,0.934334, 0.0598042,0.00586175,0.0656659
0.05,0.18 ,0.934282, 0.059808,0.00591031,0.0657184
0.05,0.19 ,0.934226, 0.059812,0.00596201,0.065774
0.05,0.2 ,0.934167, 0.0598161,0.00601721,0.0658333
0.05,0.21 ,0.934103, 0.0598203,0.00607631,0.0658966
0.05,0.22 ,0.934036, 0.0598247,0.00613977,0.0659644
0.05,0.23 ,0.933963, 0.0598291,0.00620816,0.0660373
0.05,0.24 ,0.933884, 0.0598337,0.00628213,0.0661159
0.05,0.25 ,0.933799, 0.0598385,0.00636245,0.0662009
0.05,0.26 ,0.933707, 0.0598434,0.00645008,0.0662935
0.05,0.27 ,0.933605, 0.0598484,0.00654615,0.0663946
0.05,0.28 ,0.933494, 0.0598537,0.00665206,0.0665057
0.05,0.29 ,0.933371, 0.0598591,0.00676954,0.0666286
0.05,0.3 ,0.933235, 0.0598647,0.00690078,0.0667655
0.05,0.31 ,0.933081, 0.0598705,0.00704854,0.066919
0.05,0.32 ,0.932907, 0.0598765,0.00721644,0.067093
0.05,0.33 ,0.932708, 0.0598828,0.00740922,0.067292
0.05,0.34 ,0.932477, 0.0598893,0.00763326,0.0675226
0.05,0.35 ,0.932206, 0.0598961,0.00789741,0.0677935
0.05,0.36 ,0.931883, 0.0599032,0.00821418,0.0681174
0.05,0.37 ,0.931487, 0.0599106,0.00860199,0.0685126
0.05,0.38 ,0.930993, 0.0599183,0.00908896,0.0690073
0.05,0.39 ,0.930353, 0.0599265,0.00972025,0.0696467
0.05,0.4 ,0.929492, 0.059935,0.0105729,0.0705078
0.05,0.41 ,0.928267, 0.0599439,0.0117886,0.0717326
0.05,0.42 ,0.926392, 0.0599534,0.0136551,0.0736084
0.05,0.43 ,0.923208, 0.0599634,0.0168281,0.0767915
0.05,0.44 ,0.917051, 0.0599739,0.0229752,0.0829491
0.05,0.45 ,0.904042, 0.0599851,0.0359714,0.0959565
0.05,0.46 ,0.880527, 0.0599971,0.0594747,0.119472
0.05,0.47 ,0.850022, 0.0600098,0.0899678,0.149978
0.05,0.48 ,0.817606, 0.0600234,0.122371,0.182394
0.05,0.49 ,0.785449, 0.0600381,0.154512,0.214551
0.05,0.5 ,0.754297, 0.0600538,0.185649,0.245703
0.05,0.51 ,0.724398, 0.0600709,0.215531,0.275602
0.05,0.52 ,0.695816, 0.0600893,0.244095,0.304184
0.05,0.53 ,0.668542, 0.0601094,0.271348,0.331458
0.05,0.54 ,0.642537, 0.0601313,0.297332,0.357463
0.05,0.55 ,0.617746, 0.0601552,0.322098,0.382254
0.05,0.56 ,0.594113, 0.0601814,0.345706,0.405887
0.05,0.57 ,0.571577, 0.06021,0.368213,0.428423
0.05,0.58 ,0.550081, 0.0602413,0.389677,0.449919
0.05,0.59 ,0.529571, 0.0602757,0.410154,0.470429
0.05,0.6 ,0.509992, 0.0603132,0.429695,0.490008
0.05,0.61 ,0.491295, 0.0603541,0.448351,0.508705
0.05,0.62 ,0.473433, 0.0603987,0.466168,0.526567
0.05,0.63 ,0.456362, 0.0604472,0.483191,0.543638
0.05,0.64 ,0.44004, 0.0604997,0.49946,0.55996
0.05,0.65 ,0.424428, 0.0605565,0.515015,0.575572
0.05,0.66 ,0.40949, 0.0606176,0.529892,0.59051
0.05,0.67 ,0.39519, 0.0606833,0.544126,0.60481
0.05,0.68 ,0.381497, 0.0607536,0.557749,0.618503
0.05,0.69 ,0.368381, 0.0608287,0.570791,0.631619
0.05,0.7 ,0.355811, 0.0609086,0.58328,0.644189
0.05,0.71 ,0.343763, 0.0609934,0.595244,0.656237
0.05,0.72 ,0.332209, 0.0610831,0.606708,0.667791
0.05,0.73 ,0.321127, 0.0611777,0.617695,0.678873
0.05,0.74 ,0.310493, 0.0612773,0.628229,0.689507
0.05,0.75 ,0.300288, 0.0613818,0.638331,0.699712
0.05,0.76 ,0.290489, 0.0614913,0.648019,0.709511
0.05,0.77 ,0.28108, 0.0616055,0.657315,0.71892
0.05,0.78 ,0.272041, 0.0617246,0.666234,0.727959
0.05,0.79 ,0.263356, 0.0618485,0.674795,0.736644
0.05,0.8 ,0.255009, 0.061977,0.683014,0.744991
0.05,0.81 ,0.246985, 0.0621101,0.690905,0.753015
0.05,0.82 ,0.239269, 0.0622477,0.698483,0.760731
0.05,0.83 ,0.231848, 0.0623897,0.705762,0.768152
0.05,0.84 ,0.224709, 0.062536,0.712755,0.775291
0.05,0.85 ,0.21784, 0.0626865,0.719474,0.78216
0.05,0.86 ,0.211229, 0.0628411,0.72593,0.788771
0.05,0.87 ,0.204865, 0.0629996,0.732135,0.795135
0.05,0.88 ,0.198738, 0.063162,0.7381,0.801262
0.05,0.89 ,0.192838, 0.0633281,0.743834,0.807162
0.05,0.9 ,0.187155, 0.0634979,0.749347,0.812845
0.05,0.91 ,0.18168, 0.0636711,0.754649,0.81832
0.05,0.92 ,0.176406, 0.0638477,0.759747,0.823594
0.05,0.93 ,0.171323, 0.0640275,0.76465,0.828677
0.05,0.94 ,0.166424, 0.0642104,0.769365,0.833576
0.05,0.95 ,0.161702, 0.0643963,0.773902,0.838298
0.05,0.96 ,0.157149, 0.0645851,0.778265,0.842851
0.05,0.97 ,0.15276, 0.0647767,0.782464,0.84724
0.05,0.98 ,0.148527, 0.0649708,0.786502,0.851473
0.05,0.99 ,0.144444, 0.0651676,0.790388,0.855556
0.05,1 ,0.140506, 0.0653667,0.794128,0.859494
0.06,0 ,0.933427, 0.0604687,0.00610474,0.0665734
0.06,0.01 ,0.933402, 0.0604713,0.00612658,0.0665978
0.06,0.02 ,0.933377, 0.0604739,0.00614923,0.0666232
0.06,0.03 ,0.933351, 0.0604766,0.00617277,0.0666494
0.06,0.04 ,0.933323, 0.0604794,0.00619723,0.0666767
0.06,0.05 ,0.933295, 0.0604823,0.00622269,0.0667049
0.06,0.06 ,0.933266, 0.0604851,0.00624921,0.0667344
0.06,0.07 ,0.933235, 0.0604881,0.00627688,0.066765
0.06,0.08 ,0.933203, 0.0604911,0.00630576,0.0667969
0.06,0.09 ,0.93317, 0.0604942,0.00633597,0.0668302
0.06,0.1 ,0.933135, 0.0604974,0.00636759,0.0668649
0.06,0.11 ,0.933099, 0.0605006,0.00640074,0.0669013
0.06,0.12 ,0.933061, 0.0605039,0.00643555,0.0669394
0.06,0.13 ,0.933021, 0.0605073,0.00647216,0.0669794
0.06,0.14 ,0.932979, 0.0605107,0.00651072,0.0670215
0.06,0.15 ,0.932934, 0.0605143,0.00655143,0.0670657
0.06,0.16 ,0.932888, 0.0605179,0.00659447,0.0671124
0.06,0.17 ,0.932838, 0.0605217,0.00664008,0.0671618
0.06,0.18 ,0.932786, 0.0605255,0.00668853,0.0672141
0.06,0.19 ,0.93273, 0.0605295,0.0067401,0.0672696
0.06,0.2 ,0.932671, 0.0605335,0.00679516,0.0673287
0.06,0.21 ,0.932608, 0.0605377,0.00685409,0.0673918
0.06,0.22 ,0.932541, 0.060542,0.00691738,0.0674594
0.06,0.23 ,0.932468, 0.0605464,0.00698556,0.067532
0.06,0.24 ,0.93239, 0.060551,0.00705929,0.0676103
0.06,0.25 ,0.932305, 0.0605557,0.00713934,0.067695
0.06,0.26 ,0.932213, 0.0605605,0.00722665,0.0677872
0.06,0.27 ,0.932112, 0.0605655,0.00732234,0.0678879
0.06,0.28 ,0.932001, 0.0605707,0.00742779,0.0679985
0.06,0.29 ,0.931879, 0.0605761,0.00754473,0.0681208
0.06,0.3 ,0.931743, 0.0605816,0.00767529,0.0682569
0.06,0.31 ,0.93159, 0.0605874,0.00782223,0.0684096
0.06,0.32 ,0.931418, 0.0605934,0.00798908,0.0685824
0.06,0.33 ,0.93122, 0.0605996,0.00818052,0.0687801
0.06,0.34 ,0.930991, 0.060606,0.00840282,0.0690088
0.06,0.35 ,0.930723, 0.0606128,0.00866463,0.0692774
0.06,0.36 ,0.930402, 0.0606198,0.00897821,0.069598
0.06,0.37 ,0.930011, 0.0606271,0.00936151,0.0699886
0.06,0.38 ,0.929523, 0.0606348,0.00984185,0.0704766
0.06,0.39 ,0.928894, 0.0606428,0.010463,0.0711058
0.06,0.4 ,0.92805, 0.0606513,0.011299,0.0719503
0.06,0.41 ,0.926854, 0.0606601,0.0124857,0.0731458
0.06,0.42 ,0.925035, 0.0606695,0.0142957,0.0749652
0.06,0.43 ,0.921975, 0.0606794,0.0173452,0.0780245
0.06,0.44 ,0.916123, 0.0606898,0.0231876,0.0838774
0.06,0.45 ,0.903798, 0.0607009,0.0355,0.096201
0.06,0.46 ,0.881095, 0.0607127,0.0581903,0.118903
0.06,0.47 ,0.851011, 0.0607253,0.088263,0.148988
0.06,0.48 ,0.818751, 0.0607388,0.12051,0.181249
0.06,0.49 ,0.786649, 0.0607533,0.152598,0.213351
0.06,0.5 ,0.75551, 0.0607689,0.183721,0.24449
0.06,0.51 ,0.725605, 0.0607857,0.213609,0.274395
0.06,0.52 ,0.697009, 0.060804,0.242187,0.302991
0.06,0.53 ,0.669716, 0.0608239,0.26946,0.330284
0.06,0.54 ,0.64369, 0.0608455,0.295465,0.35631
0.06,0.55 ,0.618876, 0.0608691,0.320254,0.381124
0.06,0.56 ,0.59522, 0.0608949,0.343886,0.40478
0.06,0.57 ,0.57266, 0.0609232,0.366416,0.42734
0.06,0.58 ,0.551141, 0.0609542,0.387904,0.448859
0.06,0.59 ,0.530607, 0.0609881,0.408405,0.469393
0.06,0.6 ,0.511005, 0.0610251,0.427969,0.488995
0.06,0.61 ,0.492286, 0.0610655,0.446648,0.507714
0.06,0.62 ,0.474402, 0.0611096,0.464488,0.525598
0.06,0.63 ,0.457309, 0.0611575,0.481533,0.542691
0.06,0.64 ,0.440966, 0.0612093,0.497825,0.559034
0.06,0.65 ,0.425333, 0.0612654,0.513401,0.574667
0.06,0.66 ,0.410374, 0.0613259,0.5283,0.589626
0.06,0.67 ,0.396055, 0.0613908,0.542555,0.603945
0.06,0.68 ,0.382342, 0.0614603,0.556198,0.617658
0.06,0.69 ,0.369206, 0.0615345,0.56926,0.630794
0.06,0.7 ,0.356618, 0.0616136,0.581769,0.643382
0.06,0.71 ,0.344551, 0.0616974,0.593752,0.655449
0.06,0.72 ,0.332979, 0.0617862,0.605235,0.667021
0.06,0.73 ,0.321879, 0.0618798,0.616241,0.678121
0.06,0.74 ,0.311229, 0.0619784,0.626793,0.688771
0.06,0.75 ,0.301006, 0.0620818,0.636912,0.698994
0.06,0.76 ,0.291191, 0.0621902,0.646619,0.708809
0.06,0.77 ,0.281765, 0.0623033,0.655931,0.718235
0.06,0.78 ,0.272711, 0.0624213,0.664868,0.727289
0.06,0.79 ,0.26401, 0.0625439,0.673446,0.73599
0.06,0.8 ,0.255648, 0.0626713,0.681681,0.744352
0.06,0.81 ,0.247609, 0.0628031,0.689588,0.752391
0.06,0.82 ,0.239879, 0.0629395,0.697182,0.760121
0.06,0.83 ,0.232443, 0.0630802,0.704476,0.767557
0.06,0.84 ,0.22529, 0.0632253,0.711484,0.77471
0.06,0.85 ,0.218407, 0.0633744,0.718218,0.781593
0.06,0.86 ,0.211783, 0.0635277,0.724689,0.788217
0.06,0.87 ,0.205406, 0.0636849,0.730909,0.794594
0.06,0.88 ,0.199266, 0.063846,0.736888,0.800734
0.06,0.89 ,0.193353, 0.0640107,0.742636,0.806647
0.06,0.9 ,0.187658, 0.0641791,0.748163,0.812342
0.06,0.91 ,0.182172, 0.0643509,0.753478,0.817828
0.06,0.92 ,0.176885, 0.0645261,0.758589,0.823115
0.06,0.93 ,0.171791, 0.0647045,0.763505,0.828209
0.06,0.94 ,0.166881, 0.064886,0.768233,0.833119
0.06,0.95 ,0.162147, 0.0650705,0.772782,0.837853
0.06,0.96 ,0.157584, 0.0652578,0.777158,0.842416
0.06,0.97 ,0.153183, 0.0654479,0.781369,0.846817
0.06,0.98 ,0.14894, 0.0656407,0.78542,0.85106
0.06,0.99 ,0.144847, 0.0658359,0.789317,0.855153
0.06,1 ,0.140898, 0.0660336,0.793068,0.859102
0.07,0 ,0.931869, 0.061203,0.00692778,0.0681308
0.07,0.01 ,0.931845, 0.0612056,0.00694957,0.0681551
0.07,0.02 ,0.93182, 0.0612082,0.00697218,0.0681804
0.07,0.03 ,0.931793, 0.0612109,0.00699567,0.0682066
0.07,0.04 ,0.931766, 0.0612136,0.00702009,0.0682337
0.07,0.05 ,0.931738, 0.0612164,0.0070455,0.0682619
0.07,0.06 ,0.931709, 0.0612193,0.00707197,0.0682913
0.07,0.07 ,0.931678, 0.0612222,0.00709958,0.0683218
0.07,0.08 ,0.931646, 0.0612252,0.00712841,0.0683536
0.07,0.09 ,0.931613, 0.0612283,0.00715855,0.0683868
0.07,0.1 ,0.931579, 0.0612314,0.00719011,0.0684215
0.07,0.11 ,0.931542, 0.0612346,0.00722319,0.0684578
0.07,0.12 ,0.931504, 0.0612379,0.00725793,0.0684958
0.07,0.13 ,0.931464, 0.0612412,0.00729446,0.0685357
0.07,0.14 ,0.931422, 0.0612446,0.00733294,0.0685776
0.07,0.15 ,0.931378, 0.0612482,0.00737355,0.0686217
0.07,0.16 ,0.931332, 0.0612518,0.0074165,0.0686683
0.07,0.17 ,0.931283, 0.0612555,0.007462,0.0687175
0.07,0.18 ,0.93123, 0.0612593,0.00751032,0.0687696
0.07,0.19 ,0.931175, 0.0612632,0.00756177,0.0688249
0.07,0.2 ,0.931116, 0.0612672,0.00761667,0.0688839
0.07,0.21 ,0.931053, 0.0612713,0.00767544,0.0689468
0.07,0.22 ,0.930986, 0.0612756,0.00773853,0.0690141
0.07,0.23 ,0.930914, 0.0612799,0.0078065,0.0690864
0.07,0.24 ,0.930836, 0.0612845,0.00787998,0.0691644
0.07,0.25 ,0.930751, 0.0612891,0.00795975,0.0692489
0.07,0.26 ,0.930659, 0.0612939,0.00804672,0.0693406
0.07,0.27 ,0.930559, 0.0612989,0.00814202,0.0694409
0.07,0.28 ,0.930449, 0.061304,0.008247,0.069551
0.07,0.29 ,0.930327, 0.0613093,0.00836337,0.0696727
0.07,0.3 ,0.930192, 0.0613148,0.00849324,0.069808
0.07,0.31 ,0.93004, 0.0613205,0.00863932,0.0699598
0.07,0.32 ,0.929868, 0.0613264,0.0088051,0.0701315
0.07,0.33 ,0.929672, 0.0613326,0.00899516,0.0703277
0.07,0.34 ,0.929445, 0.061339,0.00921567,0.0705546
0.07,0.35 ,0.929179, 0.0613456,0.0094751,0.0708207
0.07,0.36 ,0.928862, 0.0613526,0.00978542,0.071138
0.07,0.37 ,0.928476, 0.0613598,0.0101641,0.071524
0.07,0.38 ,0.927995, 0.0613674,0.0106377,0.0720052
0.07,0.39 ,0.927376, 0.0613754,0.0112486,0.072624
0.07,0.4 ,0.926548, 0.0613838,0.0120679,0.0734517
0.07,0.41 ,0.925382, 0.0613925,0.0132255,0.074618
0.07,0.42 ,0.923619, 0.0614018,0.0149797,0.0763815
0.07,0.43 ,0.920681, 0.0614116,0.0179079,0.0793195
0.07,0.44 ,0.915124, 0.0614219,0.0234539,0.0848758
0.07,0.45 ,0.903478, 0.0614329,0.0350882,0.0965212
0.07,0.46 ,0.881634, 0.0614446,0.0569201,0.118365
0.07,0.47 ,0.852017, 0.0614571,0.0865251,0.147982
0.07,0.48 ,0.819933, 0.0614704,0.118596,0.180067
0.07,0.49 ,0.787893, 0.0614847,0.150623,0.212107
0.07,0.5 ,0.75677, 0.0615001,0.18173,0.24323
0.07,0.51 ,0.726861, 0.0615168,0.211622,0.273139
0.07,0.52 ,0.69825, 0.0615348,0.240215,0.30175
0.07,0.53 ,0.670938, 0.0615544,0.267507,0.329062
0.07,0.54 ,0.64489, 0.0615758,0.293534,0.35511
0.07,0.55 ,0.620053, 0.0615991,0.318348,0.379947
0.07,0.56 ,0.596372, 0.0616246,0.342003,0.403628
0.07,0.57 ,0.573789, 0.0616525,0.364559,0.426211
0.07,0.58 ,0.552245, 0.0616831,0.386071,0.447755
0.07,0.59 ,0.531687, 0.0617165,0.406596,0.468313
0.07,0.6 ,0.512062, 0.0617531,0.426185,0.487938
0.07,0.61 ,0.493319, 0.061793,0.444888,0.506681
0.07,0.62 ,0.475412, 0.0618365,0.462752,0.524588
0.07,0.63 ,0.458296, 0.0618838,0.47982,0.541704
0.07,0.64 ,0.441931, 0.061935,0.496134,0.558069
0.07,0.65 ,0.426276, 0.0619904,0.511734,0.573724
0.07,0.66 ,0.411296, 0.0620501,0.526654,0.588704
0.07,0.67 ,0.396955, 0.0621142,0.540931,0.603045
0.07,0.68 ,0.383222, 0.0621829,0.554595,0.616778
0.07,0.69 ,0.370066, 0.0622563,0.567678,0.629934
0.07,0.7 ,0.357458, 0.0623344,0.580207,0.642542
0.07,0.71 ,0.345372, 0.0624173,0.592211,0.654628
0.07,0.72 ,0.333782, 0.0625051,0.603713,0.666218
0.07,0.73 ,0.322663, 0.0625977,0.614739,0.677337
0.07,0.74 ,0.311995, 0.0626952,0.62531,0.688005
0.07,0.75 ,0.301755, 0.0627976,0.635448,0.698245
0.07,0.76 ,0.291923, 0.0629048,0.645173,0.708077
0.07,0.77 ,0.28248, 0.0630168,0.654503,0.71752
0.07,0.78 ,0.273409, 0.0631335,0.663458,0.726591
0.07,0.79 ,0.264692, 0.063255,0.672053,0.735308
0.07,0.8 ,0.256314, 0.0633811,0.680305,0.743686
0.07,0.81 ,0.24826, 0.0635117,0.688229,0.75174
0.07,0.82 ,0.240514, 0.0636468,0.695839,0.759486
0.07,0.83 ,0.233064, 0.0637862,0.70315,0.766936
0.07,0.84 ,0.225897, 0.0639299,0.710174,0.774103
0.07,0.85 ,0.218999, 0.0640777,0.716923,0.781001
