Betapv,Betamv,V,Rs,Rv,P
0,0 ,0.992254, 0.00574639,0.002,0.00774639
0,0.01 ,0.992178, 0.00574928,0.00207292,0.0078222
0,0.02 ,0.992098, 0.00575219,0.0021495,0.00790169
0,0.03 ,0.992015, 0.00575513,0.00223003,0.00798516
0,0.04 ,0.991927, 0.00575809,0.00231481,0.0080729
0,0.05 ,0.991835, 0.00576107,0.00240419,0.00816526
0,0.06 ,0.991737, 0.00576407,0.00249854,0.00826261
0,0.07 ,0.991635, 0.0057671,0.00259827,0.00836537
0,0.08 ,0.991526, 0.00577014,0.00270386,0.008474
0,0.09 ,0.991411, 0.00577321,0.00281582,0.00858904
0,0.1 ,0.991289, 0.00577631,0.00293475,0.00871106
0,0.11 ,0.991159, 0.00577943,0.0030613,0.00884073
0,0.12 ,0.991021, 0.00578257,0.00319622,0.00897879
0,0.13 ,0.990874, 0.00578573,0.00334035,0.00912609
0,0.14 ,0.990716, 0.00578892,0.00349466,0.00928358
0,0.15 ,0.990548, 0.00579214,0.00366023,0.00945237
0,0.16 ,0.990366, 0.00579538,0.00383835,0.00963373
0,0.17 ,0.990171, 0.00579864,0.00403046,0.00982911
0,0.18 ,0.98996, 0.00580194,0.00423826,0.0100402
0,0.19 ,0.989731, 0.00580525,0.00446373,0.010269
0,0.2 ,0.989482, 0.0058086,0.00470918,0.0105178
0,0.21 ,0.989211, 0.00581197,0.00497735,0.0107893
0,0.22 ,0.988913, 0.00581536,0.00527151,0.0110869
0,0.23 ,0.988586, 0.00581879,0.00559557,0.0114144
0,0.24 ,0.988223, 0.00582224,0.00595427,0.0117765
0,0.25 ,0.987821, 0.00582572,0.00635337,0.0121791
0,0.26 ,0.987371, 0.00582923,0.0068,0.0126292
0,0.27 ,0.986864, 0.00583277,0.00730305,0.0131358
0,0.28 ,0.98629, 0.00583634,0.0078737,0.01371
0,0.29 ,0.985634, 0.00583993,0.00852628,0.0143662
0,0.3 ,0.984877, 0.00584356,0.0092794,0.015123
0,0.31 ,0.983995, 0.00584722,0.0101576,0.0160048
0,0.32 ,0.982955, 0.00585091,0.011194,0.0170449
0,0.33 ,0.981712, 0.00585462,0.0124338,0.0182884
0,0.34 ,0.980201, 0.00585837,0.013941,0.0197994
0,0.35 ,0.97833, 0.00586216,0.0158077,0.0216698
0,0.36 ,0.975963, 0.00586597,0.0181707,0.0240366
0,0.37 ,0.972891, 0.00586982,0.0212393,0.0271091
0,0.38 ,0.968783, 0.0058737,0.0253429,0.0312166
0,0.39 ,0.963114, 0.00587762,0.0310084,0.0368861
0,0.4 ,0.955048, 0.00588156,0.0390701,0.0449517
0,0.41 ,0.943374, 0.00588555,0.0507402,0.0566258
0,0.42 ,0.926731, 0.00588957,0.0673789,0.0732685
0,0.43 ,0.904446, 0.00589362,0.0896606,0.0955542
0,0.44 ,0.87732, 0.00589771,0.116782,0.12268
0,0.45 ,0.847167, 0.00590184,0.146931,0.152833
0,0.46 ,0.815717, 0.005906,0.178377,0.184283
0,0.47 ,0.78414, 0.0059102,0.20995,0.21586
0,0.48 ,0.753113, 0.00591444,0.240972,0.246887
0,0.49 ,0.722999, 0.00591872,0.271082,0.277001
0,0.5 ,0.693977, 0.00592303,0.3001,0.306023
0,0.51 ,0.666123, 0.00592739,0.32795,0.333877
0,0.52 ,0.639457, 0.00593178,0.354612,0.360543
0,0.53 ,0.613964, 0.00593622,0.380099,0.386036
0,0.54 ,0.589614, 0.0059407,0.404445,0.410386
0,0.55 ,0.566365, 0.00594522,0.42769,0.433635
0,0.56 ,0.54417, 0.00594978,0.449881,0.45583
0,0.57 ,0.52298, 0.00595439,0.471065,0.47702
0,0.58 ,0.502748, 0.00595904,0.491293,0.497252
0,0.59 ,0.483424, 0.00596373,0.510612,0.516576
0,0.6 ,0.464964, 0.00596847,0.529067,0.535036
0,0.61 ,0.447323, 0.00597325,0.546704,0.552677
0,0.62 ,0.430458, 0.00597808,0.563564,0.569542
0,0.63 ,0.41433, 0.00598296,0.579687,0.58567
0,0.64 ,0.3989, 0.00598788,0.595112,0.6011
0,0.65 ,0.384133, 0.00599285,0.609874,0.615867
0,0.66 ,0.369995, 0.00599787,0.624007,0.630005
0,0.67 ,0.356454, 0.00600294,0.637543,0.643546
0,0.68 ,0.34348, 0.00600806,0.650512,0.65652
0,0.69 ,0.331044, 0.00601323,0.662943,0.668956
0,0.7 ,0.319121, 0.00601845,0.674861,0.680879
0,0.71 ,0.307684, 0.00602372,0.686292,0.692316
0,0.72 ,0.296711, 0.00602905,0.69726,0.703289
0,0.73 ,0.286179, 0.00603443,0.707787,0.713821
0,0.74 ,0.276066, 0.00603986,0.717894,0.723934
0,0.75 ,0.266354, 0.00604535,0.7276,0.733646
0,0.76 ,0.257023, 0.0060509,0.736926,0.742977
0,0.77 ,0.248056, 0.0060565,0.745888,0.751944
0,0.78 ,0.239435, 0.00606216,0.754502,0.760565
0,0.79 ,0.231146, 0.00606787,0.762786,0.768854
0,0.8 ,0.223173, 0.00607364,0.770754,0.776827
0,0.81 ,0.215502, 0.00607948,0.778419,0.784498
0,0.82 ,0.208119, 0.00608537,0.785795,0.791881
0,0.83 ,0.201013, 0.00609132,0.792896,0.798987
0,0.84 ,0.19417, 0.00609734,0.799732,0.80583
0,0.85 ,0.18758, 0.00610342,0.806316,0.81242
0,0.86 ,0.181232, 0.00610956,0.812658,0.818768
0,0.87 ,0.175115, 0.00611576,0.818769,0.824885
0,0.88 ,0.169221, 0.00612203,0.824657,0.830779
0,0.89 ,0.163538, 0.00612837,0.830333,0.836462
0,0.9 ,0.15806, 0.00613476,0.835806,0.84194
0,0.91 ,0.152777, 0.00614123,0.841082,0.847223
0,0.92 ,0.147681, 0.00614777,0.846171,0.852319
0,0.93 ,0.142765, 0.00615437,0.851081,0.857235
0,0.94 ,0.138022, 0.00616104,0.855817,0.861978
0,0.95 ,0.133444, 0.00616778,0.860388,0.866556
0,0.96 ,0.129026, 0.00617459,0.864799,0.870974
0,0.97 ,0.124761, 0.00618147,0.869057,0.875239
0,0.98 ,0.120643, 0.00618842,0.873168,0.879357
0,0.99 ,0.116667, 0.00619545,0.877138,0.883333
0,1 ,0.112826, 0.00620255,0.880972,0.887174
0.01,0 ,0.992206, 0.0057487,0.00204516,0.00779386
0.01,0.01 ,0.99213, 0.00575159,0.00211808,0.00786967
0.01,0.02 ,0.992051, 0.0057545,0.00219466,0.00794916
0.01,0.03 ,0.991967, 0.00575744,0.00227518,0.00803262
0.01,0.04 ,0.99188, 0.0057604,0.00235996,0.00812036
0.01,0.05 ,0.991787, 0.00576338,0.00244933,0.00821271
0.01,0.06 ,0.99169, 0.00576638,0.00254367,0.00831005
0.01,0.07 ,0.991587, 0.0057694,0.0026434,0.00841281
0.01,0.08 ,0.991479, 0.00577245,0.00274899,0.00852144
0.01,0.09 ,0.991364, 0.00577552,0.00286095,0.00863647
0.01,0.1 ,0.991242, 0.00577862,0.00297987,0.00875848
0.01,0.11 ,0.991112, 0.00578173,0.00310641,0.00888814
0.01,0.12 ,0.990974, 0.00578487,0.00324132,0.00902619
0.01,0.13 ,0.990827, 0.00578804,0.00338544,0.00917348
0.01,0.14 ,0.990669, 0.00579123,0.00353973,0.00933096
0.01,0.15 ,0.9905, 0.00579444,0.00370529,0.00949974
0.01,0.16 ,0.990319, 0.00579768,0.00388339,0.00968108
0.01,0.17 ,0.990124, 0.00580095,0.00407549,0.00987644
0.01,0.18 ,0.989912, 0.00580424,0.00428327,0.0100875
0.01,0.19 ,0.989684, 0.00580756,0.00450871,0.0103163
0.01,0.2 ,0.989435, 0.0058109,0.00475413,0.010565
0.01,0.21 ,0.989163, 0.00581427,0.00502227,0.0108365
0.01,0.22 ,0.988866, 0.00581767,0.0053164,0.0111341
0.01,0.23 ,0.988538, 0.00582109,0.00564042,0.0114615
0.01,0.24 ,0.988176, 0.00582455,0.00599906,0.0118236
0.01,0.25 ,0.987774, 0.00582803,0.0063981,0.0122261
0.01,0.26 ,0.987324, 0.00583154,0.00684466,0.0126762
0.01,0.27 ,0.986817, 0.00583507,0.00734761,0.0131827
0.01,0.28 ,0.986243, 0.00583864,0.00791815,0.0137568
0.01,0.29 ,0.985587, 0.00584224,0.0085706,0.0144128
0.01,0.3 ,0.984831, 0.00584586,0.00932355,0.0151694
0.01,0.31 ,0.983949, 0.00584952,0.0102015,0.0160511
0.01,0.32 ,0.982909, 0.00585321,0.0112376,0.0170908
0.01,0.33 ,0.981666, 0.00585693,0.0124771,0.018334
0.01,0.34 ,0.980156, 0.00586068,0.0139837,0.0198444
0.01,0.35 ,0.978286, 0.00586446,0.0158497,0.0217141
0.01,0.36 ,0.97592, 0.00586827,0.0182116,0.0240799
0.01,0.37 ,0.972849, 0.00587212,0.0212787,0.0271508
0.01,0.38 ,0.968744, 0.005876,0.0253798,0.0312558
0.01,0.39 ,0.963078, 0.00587992,0.0310417,0.0369216
0.01,0.4 ,0.955019, 0.00588386,0.0390973,0.0449812
0.01,0.41 ,0.943354, 0.00588785,0.0507584,0.0566463
0.01,0.42 ,0.926723, 0.00589187,0.0673848,0.0732767
0.01,0.43 ,0.904451, 0.00589592,0.0896532,0.0955491
0.01,0.44 ,0.877337, 0.00590001,0.116763,0.122663
0.01,0.45 ,0.847191, 0.00590414,0.146905,0.152809
0.01,0.46 ,0.815745, 0.0059083,0.178346,0.184255
0.01,0.47 ,0.784171, 0.0059125,0.209916,0.215829
0.01,0.48 ,0.753146, 0.00591674,0.240937,0.246854
0.01,0.49 ,0.723033, 0.00592101,0.271046,0.276967
0.01,0.5 ,0.69401, 0.00592533,0.300064,0.30599
0.01,0.51 ,0.666156, 0.00592969,0.327914,0.333844
0.01,0.52 ,0.63949, 0.00593408,0.354576,0.36051
0.01,0.53 ,0.613997, 0.00593852,0.380064,0.386003
0.01,0.54 ,0.589647, 0.005943,0.40441,0.410353
0.01,0.55 ,0.566397, 0.00594752,0.427656,0.433603
0.01,0.56 ,0.544201, 0.00595208,0.449847,0.455799
0.01,0.57 ,0.523011, 0.00595668,0.471032,0.476989
0.01,0.58 ,0.502778, 0.00596133,0.491261,0.497222
0.01,0.59 ,0.483454, 0.00596603,0.51058,0.516546
0.01,0.6 ,0.464993, 0.00597076,0.529036,0.535007
0.01,0.61 ,0.447351, 0.00597555,0.546673,0.552649
0.01,0.62 ,0.430486, 0.00598037,0.563534,0.569514
0.01,0.63 ,0.414357, 0.00598525,0.579658,0.585643
0.01,0.64 ,0.398927, 0.00599017,0.595083,0.601073
0.01,0.65 ,0.384159, 0.00599514,0.609846,0.615841
0.01,0.66 ,0.37002, 0.00600016,0.62398,0.62998
0.01,0.67 ,0.356479, 0.00600523,0.637516,0.643521
0.01,0.68 ,0.343504, 0.00601035,0.650486,0.656496
0.01,0.69 ,0.331068, 0.00601552,0.662916,0.668932
0.01,0.7 ,0.319144, 0.00602074,0.674835,0.680856
0.01,0.71 ,0.307707, 0.00602602,0.686267,0.692293
0.01,0.72 ,0.296734, 0.00603134,0.697235,0.703266
0.01,0.73 ,0.286201, 0.00603672,0.707763,0.713799
0.01,0.74 ,0.276088, 0.00604215,0.71787,0.723912
0.01,0.75 ,0.266375, 0.00604764,0.727577,0.733625
0.01,0.76 ,0.257044, 0.00605319,0.736903,0.742956
0.01,0.77 ,0.248076, 0.00605879,0.745865,0.751924
0.01,0.78 ,0.239455, 0.00606444,0.754481,0.760545
0.01,0.79 ,0.231165, 0.00607016,0.762765,0.768835
0.01,0.8 ,0.223192, 0.00607593,0.770732,0.776808
0.01,0.81 ,0.21552, 0.00608176,0.778398,0.78448
0.01,0.82 ,0.208137, 0.00608766,0.785775,0.791863
0.01,0.83 ,0.20103, 0.00609361,0.792876,0.79897
0.01,0.84 ,0.194187, 0.00609962,0.799713,0.805813
0.01,0.85 ,0.187597, 0.0061057,0.806297,0.812403
0.01,0.86 ,0.181249, 0.00611184,0.81264,0.818751
0.01,0.87 ,0.175132, 0.00611805,0.81875,0.824868
0.01,0.88 ,0.169236, 0.00612431,0.824639,0.830764
0.01,0.89 ,0.163554, 0.00613065,0.830316,0.836446
0.01,0.9 ,0.158075, 0.00613705,0.835788,0.841925
0.01,0.91 ,0.152791, 0.00614351,0.841065,0.847209
0.01,0.92 ,0.147695, 0.00615005,0.846155,0.852305
0.01,0.93 ,0.142779, 0.00615665,0.851064,0.857221
0.01,0.94 ,0.138036, 0.00616332,0.855801,0.861964
0.01,0.95 ,0.133458, 0.00617006,0.860372,0.866542
0.01,0.96 ,0.12904, 0.00617687,0.864783,0.87096
0.01,0.97 ,0.124774, 0.00618375,0.869042,0.875226
0.01,0.98 ,0.120656, 0.0061907,0.873153,0.879344
0.01,0.99 ,0.116679, 0.00619772,0.877123,0.883321
0.01,1 ,0.112838, 0.00620482,0.880957,0.887162
0.02,0 ,0.992157, 0.00575102,0.00209194,0.00784296
0.02,0.01 ,0.992081, 0.00575391,0.00216485,0.00791876
0.02,0.02 ,0.992002, 0.00575683,0.00224142,0.00799825
0.02,0.03 ,0.991918, 0.00575976,0.00232194,0.00808171
0.02,0.04 ,0.991831, 0.00576272,0.00240672,0.00816944
0.02,0.05 ,0.991738, 0.0057657,0.00249608,0.00826179
0.02,0.06 ,0.991641, 0.0057687,0.00259042,0.00835912
0.02,0.07 ,0.991538, 0.00577173,0.00269014,0.00846187
0.02,0.08 ,0.99143, 0.00577477,0.00279572,0.00857049
0.02,0.09 ,0.991314, 0.00577784,0.00290767,0.00868552
0.02,0.1 ,0.991192, 0.00578094,0.00302658,0.00880752
0.02,0.11 ,0.991063, 0.00578406,0.00315312,0.00893717
0.02,0.12 ,0.990925, 0.0057872,0.00328802,0.00907521
0.02,0.13 ,0.990778, 0.00579036,0.00343212,0.00922249
0.02,0.14 ,0.99062, 0.00579355,0.0035864,0.00937996
0.02,0.15 ,0.990451, 0.00579677,0.00375195,0.00954872
0.02,0.16 ,0.99027, 0.00580001,0.00393004,0.00973004
0.02,0.17 ,0.990075, 0.00580327,0.00412211,0.00992539
0.02,0.18 ,0.989864, 0.00580656,0.00432987,0.0101364
0.02,0.19 ,0.989635, 0.00580988,0.00455529,0.0103652
0.02,0.2 ,0.989386, 0.00581322,0.00480069,0.0106139
0.02,0.21 ,0.989115, 0.00581659,0.0050688,0.0108854
0.02,0.22 ,0.988817, 0.00581999,0.00536288,0.0111829
0.02,0.23 ,0.98849, 0.00582341,0.00568686,0.0115103
0.02,0.24 ,0.988128, 0.00582687,0.00604545,0.0118723
0.02,0.25 ,0.987725, 0.00583035,0.00644443,0.0122748
0.02,0.26 ,0.987275, 0.00583386,0.00689091,0.0127248
0.02,0.27 ,0.986769, 0.00583739,0.00739377,0.0132312
0.02,0.28 ,0.986195, 0.00584096,0.0079642,0.0138052
0.02,0.29 ,0.985539, 0.00584456,0.0086165,0.0144611
0.02,0.3 ,0.984783, 0.00584818,0.00936927,0.0152175
0.02,0.31 ,0.983901, 0.00585184,0.010247,0.0160989
0.02,0.32 ,0.982862, 0.00585553,0.0112828,0.0171383
0.02,0.33 ,0.981619, 0.00585925,0.0125218,0.0183811
0.02,0.34 ,0.980109, 0.005863,0.014028,0.019891
0.02,0.35 ,0.97824, 0.00586678,0.0158931,0.0217599
0.02,0.36 ,0.975875, 0.00587059,0.018254,0.0241246
0.02,0.37 ,0.972806, 0.00587444,0.0213194,0.0271939
0.02,0.38 ,0.968704, 0.00587832,0.0254182,0.0312965
0.02,0.39 ,0.963042, 0.00588223,0.0310761,0.0369583
0.02,0.4 ,0.954988, 0.00588618,0.0391256,0.0450118
0.02,0.41 ,0.943333, 0.00589016,0.0507773,0.0566675
0.02,0.42 ,0.926715, 0.00589418,0.067391,0.0732852
0.02,0.43 ,0.904456, 0.00589824,0.0896457,0.0955439
0.02,0.44 ,0.877353, 0.00590232,0.116744,0.122647
0.02,0.45 ,0.847216, 0.00590645,0.146878,0.152784
0.02,0.46 ,0.815775, 0.00591061,0.178314,0.184225
0.02,0.47 ,0.784203, 0.00591481,0.209882,0.215797
0.02,0.48 ,0.75318, 0.00591905,0.240901,0.24682
0.02,0.49 ,0.723067, 0.00592333,0.27101,0.276933
0.02,0.5 ,0.694045, 0.00592764,0.300027,0.305955
0.02,0.51 ,0.666191, 0.005932,0.327877,0.333809
0.02,0.52 ,0.639524, 0.0059364,0.35454,0.360476
0.02,0.53 ,0.614031, 0.00594083,0.380028,0.385969
0.02,0.54 ,0.58968, 0.00594531,0.404375,0.41032
0.02,0.55 ,0.56643, 0.00594983,0.427621,0.43357
0.02,0.56 ,0.544233, 0.00595439,0.449812,0.455767
0.02,0.57 ,0.523043, 0.005959,0.470998,0.476957
0.02,0.58 ,0.502809, 0.00596364,0.491228,0.497191
0.02,0.59 ,0.483484, 0.00596834,0.510547,0.516516
0.02,0.6 ,0.465023, 0.00597307,0.529004,0.534977
0.02,0.61 ,0.44738, 0.00597786,0.546642,0.55262
0.02,0.62 ,0.430514, 0.00598268,0.563503,0.569486
0.02,0.63 ,0.414385, 0.00598756,0.579627,0.585615
0.02,0.64 ,0.398954, 0.00599248,0.595053,0.601046
0.02,0.65 ,0.384186, 0.00599745,0.609817,0.615814
0.02,0.66 ,0.370047, 0.00600247,0.623951,0.629953
0.02,0.67 ,0.356504, 0.00600754,0.637488,0.643496
0.02,0.68 ,0.343529, 0.00601266,0.650458,0.656471
0.02,0.69 ,0.331093, 0.00601783,0.662889,0.668907
0.02,0.7 ,0.319168, 0.00602305,0.674809,0.680832
0.02,0.71 ,0.307731, 0.00602832,0.686241,0.692269
0.02,0.72 ,0.296757, 0.00603365,0.69721,0.703243
0.02,0.73 ,0.286223, 0.00603903,0.707738,0.713777
0.02,0.74 ,0.27611, 0.00604446,0.717845,0.72389
0.02,0.75 ,0.266397, 0.00604995,0.727553,0.733603
0.02,0.76 ,0.257065, 0.00605549,0.73688,0.742935
0.02,0.77 ,0.248097, 0.00606109,0.745842,0.751903
0.02,0.78 ,0.239475, 0.00606675,0.754458,0.760525
0.02,0.79 ,0.231185, 0.00607246,0.762742,0.768815
0.02,0.8 ,0.223211, 0.00607823,0.770711,0.776789
0.02,0.81 ,0.215539, 0.00608407,0.778377,0.784461
0.02,0.82 ,0.208156, 0.00608996,0.785754,0.791844
0.02,0.83 ,0.201049, 0.00609591,0.792855,0.798951
0.02,0.84 ,0.194205, 0.00610192,0.799693,0.805795
0.02,0.85 ,0.187615, 0.006108,0.806277,0.812385
0.02,0.86 ,0.181266, 0.00611414,0.81262,0.818734
0.02,0.87 ,0.175148, 0.00612034,0.818731,0.824852
0.02,0.88 ,0.169253, 0.00612661,0.82462,0.830747
0.02,0.89 ,0.16357, 0.00613294,0.830297,0.83643
0.02,0.9 ,0.158091, 0.00613934,0.83577,0.841909
0.02,0.91 ,0.152807, 0.00614581,0.841047,0.847193
0.02,0.92 ,0.147711, 0.00615234,0.846137,0.852289
0.02,0.93 ,0.142794, 0.00615894,0.851047,0.857206
0.02,0.94 ,0.13805, 0.00616561,0.855784,0.86195
0.02,0.95 ,0.133472, 0.00617235,0.860355,0.866528
0.02,0.96 ,0.129054, 0.00617916,0.864767,0.870946
0.02,0.97 ,0.124788, 0.00618604,0.869026,0.875212
0.02,0.98 ,0.120669, 0.00619299,0.873138,0.879331
0.02,0.99 ,0.116692, 0.00620001,0.877108,0.883308
0.02,1 ,0.112851, 0.00620711,0.880942,0.887149
0.03,0 ,0.992106, 0.00575336,0.0021404,0.00789376
0.03,0.01 ,0.99203, 0.00575625,0.00221331,0.00796956
0.03,0.02 ,0.991951, 0.00575917,0.00228988,0.00804905
0.03,0.03 ,0.991868, 0.0057621,0.0023704,0.0081325
0.03,0.04 ,0.99178, 0.00576506,0.00245517,0.00822023
0.03,0.05 ,0.991687, 0.00576804,0.00254453,0.00831257
0.03,0.06 ,0.99159, 0.00577104,0.00263886,0.0084099
0.03,0.07 ,0.991487, 0.00577407,0.00273857,0.00851264
0.03,0.08 ,0.991379, 0.00577711,0.00284414,0.00862126
0.03,0.09 ,0.991264, 0.00578018,0.00295609,0.00873627
0.03,0.1 ,0.991142, 0.00578328,0.00307499,0.00885827
0.03,0.11 ,0.991012, 0.00578639,0.00320152,0.00898791
0.03,0.12 ,0.990874, 0.00578953,0.00333641,0.00912594
0.03,0.13 ,0.990727, 0.0057927,0.0034805,0.0092732
0.03,0.14 ,0.990569, 0.00579589,0.00363477,0.00943066
0.03,0.15 ,0.990401, 0.0057991,0.0038003,0.00959941
0.03,0.16 ,0.990219, 0.00580234,0.00397837,0.00978072
0.03,0.17 ,0.990024, 0.00580561,0.00417043,0.00997604
0.03,0.18 ,0.989813, 0.0058089,0.00437817,0.0101871
0.03,0.19 ,0.989584, 0.00581222,0.00460356,0.0104158
0.03,0.2 ,0.989336, 0.00581556,0.00484893,0.0106645
0.03,0.21 ,0.989064, 0.00581893,0.005117,0.0109359
0.03,0.22 ,0.988767, 0.00582233,0.00541105,0.0112334
0.03,0.23 ,0.988439, 0.00582575,0.00573498,0.0115607
0.03,0.24 ,0.988077, 0.0058292,0.00609352,0.0119227
0.03,0.25 ,0.987675, 0.00583268,0.00649243,0.0123251
0.03,0.26 ,0.987225, 0.00583619,0.00693884,0.012775
0.03,0.27 ,0.986719, 0.00583973,0.0074416,0.0132813
0.03,0.28 ,0.986145, 0.0058433,0.00801191,0.0138552
0.03,0.29 ,0.985489, 0.00584689,0.00866407,0.014511
0.03,0.3 ,0.984733, 0.00585052,0.00941665,0.0152672
0.03,0.31 ,0.983852, 0.00585417,0.0102942,0.0161483
0.03,0.32 ,0.982813, 0.00585786,0.0113296,0.0171875
0.03,0.33 ,0.98157, 0.00586158,0.0125683,0.0184298
0.03,0.34 ,0.980061, 0.00586533,0.0140738,0.0199392
0.03,0.35 ,0.978193, 0.00586911,0.0159382,0.0218073
0.03,0.36 ,0.975829, 0.00587293,0.0182979,0.0241709
0.03,0.37 ,0.972761, 0.00587677,0.0213617,0.0272385
0.03,0.38 ,0.968661, 0.00588065,0.0254579,0.0313386
0.03,0.39 ,0.963004, 0.00588457,0.0311118,0.0369964
0.03,0.4 ,0.954956, 0.00588851,0.039155,0.0450436
0.03,0.41 ,0.94331, 0.0058925,0.050797,0.0566895
0.03,0.42 ,0.926706, 0.00589651,0.0673976,0.0732941
0.03,0.43 ,0.904461, 0.00590057,0.089638,0.0955386
0.03,0.44 ,0.87737, 0.00590466,0.116725,0.12263
0.03,0.45 ,0.847241, 0.00590878,0.14685,0.152759
0.03,0.46 ,0.815805, 0.00591294,0.178282,0.184195
0.03,0.47 ,0.784237, 0.00591714,0.209846,0.215763
0.03,0.48 ,0.753215, 0.00592138,0.240864,0.246785
0.03,0.49 ,0.723103, 0.00592566,0.270972,0.276897
0.03,0.5 ,0.694081, 0.00592997,0.299989,0.305919
0.03,0.51 ,0.666227, 0.00593433,0.327839,0.333773
0.03,0.52 ,0.63956, 0.00593872,0.354502,0.36044
0.03,0.53 ,0.614066, 0.00594316,0.379991,0.385934
0.03,0.54 ,0.589715, 0.00594764,0.404338,0.410285
0.03,0.55 ,0.566464, 0.00595216,0.427584,0.433536
0.03,0.56 ,0.544267, 0.00595672,0.449777,0.455733
0.03,0.57 ,0.523075, 0.00596132,0.470963,0.476925
0.03,0.58 ,0.502841, 0.00596597,0.491193,0.497159
0.03,0.59 ,0.483516, 0.00597066,0.510513,0.516484
0.03,0.6 ,0.465054, 0.0059754,0.528971,0.534946
0.03,0.61 ,0.447411, 0.00598018,0.546609,0.552589
0.03,0.62 ,0.430544, 0.00598501,0.563471,0.569456
0.03,0.63 ,0.414414, 0.00598989,0.579596,0.585586
0.03,0.64 ,0.398982, 0.00599481,0.595023,0.601018
0.03,0.65 ,0.384214, 0.00599978,0.609787,0.615786
0.03,0.66 ,0.370074, 0.0060048,0.623921,0.629926
0.03,0.67 ,0.356531, 0.00600987,0.637459,0.643469
0.03,0.68 ,0.343555, 0.00601498,0.65043,0.656445
0.03,0.69 ,0.331118, 0.00602015,0.662862,0.668882
0.03,0.7 ,0.319193, 0.00602537,0.674781,0.680807
0.03,0.71 ,0.307755, 0.00603064,0.686214,0.692245
0.03,0.72 ,0.296781, 0.00603597,0.697184,0.703219
0.03,0.73 ,0.286247, 0.00604135,0.707712,0.713753
0.03,0.74 ,0.276133, 0.00604678,0.71782,0.723867
0.03,0.75 ,0.266419, 0.00605227,0.727528,0.733581
0.03,0.76 ,0.257087, 0.00605781,0.736855,0.742913
0.03,0.77 ,0.248118, 0.00606341,0.745818,0.751882
0.03,0.78 ,0.239496, 0.00606907,0.754435,0.760504
0.03,0.79 ,0.231206, 0.00607478,0.762719,0.768794
0.03,0.8 ,0.223231, 0.00608055,0.770688,0.776769
0.03,0.81 ,0.215559, 0.00608638,0.778355,0.784441
0.03,0.82 ,0.208175, 0.00609227,0.785732,0.791825
0.03,0.83 ,0.201068, 0.00609823,0.792834,0.798932
0.03,0.84 ,0.194224, 0.00610424,0.799672,0.805776
0.03,0.85 ,0.187633, 0.00611032,0.806257,0.812367
0.03,0.86 ,0.181284, 0.00611646,0.8126,0.818716
0.03,0.87 ,0.175166, 0.00612266,0.818712,0.824834
0.03,0.88 ,0.16927, 0.00612892,0.824601,0.83073
0.03,0.89 ,0.163587, 0.00613526,0.830278,0.836413
0.03,0.9 ,0.158107, 0.00614165,0.835751,0.841893
0.03,0.91 ,0.152823, 0.00614812,0.841029,0.847177
0.03,0.92 ,0.147726, 0.00615465,0.846119,0.852274
0.03,0.93 ,0.142809, 0.00616125,0.851029,0.857191
0.03,0.94 ,0.138065, 0.00616792,0.855767,0.861935
0.03,0.95 ,0.133487, 0.00617466,0.860338,0.866513
0.03,0.96 ,0.129068, 0.00618147,0.864751,0.870932
0.03,0.97 ,0.124802, 0.00618835,0.86901,0.875198
0.03,0.98 ,0.120683, 0.0061953,0.873122,0.879317
0.03,0.99 ,0.116706, 0.00620232,0.877092,0.883294
0.03,1 ,0.112864, 0.00620942,0.880926,0.887136
0.04,0 ,0.992054, 0.00575572,0.00219065,0.00794637
0.04,0.01 ,0.991978, 0.00575861,0.00226355,0.00802216
0.04,0.02 ,0.991898, 0.00576152,0.00234012,0.00810164
0.04,0.03 ,0.991815, 0.00576446,0.00242063,0.00818509
0.04,0.04 ,0.991727, 0.00576742,0.0025054,0.00827282
0.04,0.05 ,0.991635, 0.0057704,0.00259476,0.00836515
0.04,0.06 ,0.991538, 0.0057734,0.00268908,0.00846248
0.04,0.07 ,0.991435, 0.00577642,0.00278879,0.00856521
0.04,0.08 ,0.991326, 0.00577947,0.00289435,0.00867382
0.04,0.09 ,0.991211, 0.00578254,0.00300629,0.00878883
0.04,0.1 ,0.991089, 0.00578563,0.00312518,0.00891082
0.04,0.11 ,0.99096, 0.00578875,0.0032517,0.00904045
0.04,0.12 ,0.990822, 0.00579189,0.00338658,0.00917847
0.04,0.13 ,0.990674, 0.00579505,0.00353066,0.00932572
0.04,0.14 ,0.990517, 0.00579824,0.00368492,0.00948316
0.04,0.15 ,0.990348, 0.00580146,0.00385044,0.00965189
0.04,0.16 ,0.990167, 0.0058047,0.00402849,0.00983318
0.04,0.17 ,0.989972, 0.00580796,0.00422052,0.0100285
0.04,0.18 ,0.989761, 0.00581125,0.00442824,0.0102395
0.04,0.19 ,0.989532, 0.00581457,0.00465361,0.0104682
0.04,0.2 ,0.989283, 0.00581791,0.00489894,0.0107169
0.04,0.21 ,0.989012, 0.00582128,0.00516699,0.0109883
0.04,0.22 ,0.988714, 0.00582468,0.005461,0.0112857
0.04,0.23 ,0.988387, 0.0058281,0.00578488,0.011613
0.04,0.24 ,0.988025, 0.00583156,0.00614336,0.0119749
0.04,0.25 ,0.987623, 0.00583504,0.00654221,0.0123772
0.04,0.26 ,0.987173, 0.00583854,0.00698853,0.0128271
0.04,0.27 ,0.986667, 0.00584208,0.00749119,0.0133333
0.04,0.28 ,0.986093, 0.00584565,0.00806138,0.013907
0.04,0.29 ,0.985437, 0.00584924,0.00871339,0.0145626
0.04,0.3 ,0.984681, 0.00585287,0.00946578,0.0153186
0.04,0.31 ,0.9838, 0.00585653,0.0103431,0.0161996
0.04,0.32 ,0.982762, 0.00586021,0.0113782,0.0172384
0.04,0.33 ,0.98152, 0.00586393,0.0126164,0.0184803
0.04,0.34 ,0.980011, 0.00586768,0.0141214,0.0199891
0.04,0.35 ,0.978144, 0.00587146,0.015985,0.0218564
0.04,0.36 ,0.975781, 0.00587528,0.0183435,0.0242188
0.04,0.37 ,0.972715, 0.00587912,0.0214056,0.0272847
0.04,0.38 ,0.968618, 0.005883,0.0254991,0.0313821
0.04,0.39 ,0.962964, 0.00588692,0.031149,0.0370359
0.04,0.4 ,0.954924, 0.00589086,0.0391856,0.0450765
0.04,0.41 ,0.943288, 0.00589484,0.0508175,0.0567124
0.04,0.42 ,0.926697, 0.00589886,0.0674046,0.0733035
0.04,0.43 ,0.904467, 0.00590291,0.0896303,0.0955332
0.04,0.44 ,0.877388, 0.005907,0.116705,0.122612
0.04,0.45 ,0.847268, 0.00591113,0.146821,0.152732
0.04,0.46 ,0.815837, 0.00591529,0.178248,0.184163
0.04,0.47 ,0.784271, 0.00591949,0.20981,0.215729
0.04,0.48 ,0.753251, 0.00592373,0.240826,0.246749
0.04,0.49 ,0.723139, 0.005928,0.270933,0.276861
0.04,0.5 ,0.694118, 0.00593232,0.29995,0.305882
0.04,0.51 ,0.666264, 0.00593667,0.3278,0.333736
0.04,0.52 ,0.639596, 0.00594107,0.354463,0.360404
0.04,0.53 ,0.614102, 0.00594551,0.379952,0.385898
0.04,0.54 ,0.58975, 0.00594998,0.4043,0.41025
0.04,0.55 ,0.566499, 0.0059545,0.427547,0.433501
0.04,0.56 ,0.544301, 0.00595906,0.44974,0.455699
0.04,0.57 ,0.523109, 0.00596367,0.470927,0.476891
0.04,0.58 ,0.502874, 0.00596831,0.491158,0.497126
0.04,0.59 ,0.483548, 0.00597301,0.510479,0.516452
0.04,0.6 ,0.465086, 0.00597774,0.528936,0.534914
0.04,0.61 ,0.447442, 0.00598252,0.546575,0.552558
0.04,0.62 ,0.430575, 0.00598735,0.563438,0.569425
0.04,0.63 ,0.414444, 0.00599223,0.579564,0.585556
0.04,0.64 ,0.399012, 0.00599715,0.594991,0.600988
0.04,0.65 ,0.384242, 0.00600212,0.609755,0.615758
0.04,0.66 ,0.370102, 0.00600714,0.623891,0.629898
0.04,0.67 ,0.356559, 0.0060122,0.637429,0.643441
0.04,0.68 ,0.343582, 0.00601732,0.6504,0.656418
0.04,0.69 ,0.331145, 0.00602249,0.662833,0.668855
0.04,0.7 ,0.319219, 0.00602771,0.674753,0.680781
0.04,0.71 ,0.307781, 0.00603298,0.686187,0.692219
0.04,0.72 ,0.296805, 0.00603831,0.697156,0.703195
0.04,0.73 ,0.286271, 0.00604368,0.707685,0.713729
0.04,0.74 ,0.276157, 0.00604912,0.717794,0.723843
0.04,0.75 ,0.266442, 0.0060546,0.727503,0.733558
0.04,0.76 ,0.25711, 0.00606015,0.73683,0.74289
0.04,0.77 ,0.24814, 0.00606574,0.745794,0.75186
0.04,0.78 ,0.239518, 0.0060714,0.75441,0.760482
0.04,0.79 ,0.231227, 0.00607711,0.762696,0.768773
0.04,0.8 ,0.223252, 0.00608288,0.770665,0.776748
0.04,0.81 ,0.215579, 0.00608872,0.778332,0.784421
0.04,0.82 ,0.208195, 0.00609461,0.78571,0.791805
0.04,0.83 ,0.201087, 0.00610056,0.792812,0.798913
0.04,0.84 ,0.194243, 0.00610657,0.79965,0.805757
0.04,0.85 ,0.187651, 0.00611265,0.806236,0.812349
0.04,0.86 ,0.181302, 0.00611879,0.812579,0.818698
0.04,0.87 ,0.175184, 0.00612499,0.818691,0.824816
0.04,0.88 ,0.169287, 0.00613125,0.824581,0.830713
0.04,0.89 ,0.163604, 0.00613759,0.830259,0.836396
0.04,0.9 ,0.158124, 0.00614398,0.835732,0.841876
0.04,0.91 ,0.152839, 0.00615045,0.84101,0.847161
0.04,0.92 ,0.147742, 0.00615698,0.846101,0.852258
0.04,0.93 ,0.142825, 0.00616358,0.851011,0.857175
0.04,0.94 ,0.138081, 0.00617025,0.855749,0.861919
0.04,0.95 ,0.133502, 0.00617698,0.860321,0.866498
0.04,0.96 ,0.129083, 0.00618379,0.864733,0.870917
0.04,0.97 ,0.124816, 0.00619067,0.868993,0.875184
0.04,0.98 ,0.120697, 0.00619762,0.873105,0.879303
0.04,0.99 ,0.116719, 0.00620464,0.877076,0.883281
0.04,1 ,0.112878, 0.00621174,0.880911,0.887122
0.05,0 ,0.991999, 0.00575809,0.00224279,0.00800088
0.05,0.01 ,0.991923, 0.00576098,0.00231568,0.00807667
0.05,0.02 ,0.991844, 0.0057639,0.00239225,0.00815614
0.05,0.03 ,0.99176, 0.00576683,0.00247276,0.00823959
0.05,0.04 ,0.991673, 0.00576979,0.00255752,0.0083273
0.05,0.05 ,0.99158, 0.00577277,0.00264687,0.00841963
0.05,0.06 ,0.991483, 0.00577577,0.00274118,0.00851695
0.05,0.07 ,0.99138, 0.00577879,0.00284089,0.00861968
0.05,0.08 ,0.991272, 0.00578184,0.00294644,0.00872828
0.05,0.09 ,0.991157, 0.00578491,0.00305837,0.00884328
0.05,0.1 ,0.991035, 0.005788,0.00317726,0.00896526
0.05,0.11 ,0.990905, 0.00579112,0.00330376,0.00909488
0.05,0.12 ,0.990767, 0.00579426,0.00343863,0.00923289
0.05,0.13 ,0.99062, 0.00579742,0.0035827,0.00938013
0.05,0.14 ,0.990462, 0.00580061,0.00373694,0.00953756
0.05,0.15 ,0.990294, 0.00580383,0.00390245,0.00970627
0.05,0.16 ,0.990112, 0.00580707,0.00408048,0.00988755
0.05,0.17 ,0.989917, 0.00581033,0.0042725,0.0100828
0.05,0.18 ,0.989706, 0.00581362,0.00448019,0.0102938
0.05,0.19 ,0.989478, 0.00581694,0.00470553,0.0105225
0.05,0.2 ,0.989229, 0.00582028,0.00495084,0.0107711
0.05,0.21 ,0.988958, 0.00582365,0.00521885,0.0110425
0.05,0.22 ,0.98866, 0.00582705,0.00551281,0.0113399
0.05,0.23 ,0.988333, 0.00583047,0.00583665,0.0116671
0.05,0.24 ,0.987971, 0.00583392,0.00619507,0.012029
0.05,0.25 ,0.987569, 0.0058374,0.00659385,0.0124312
0.05,0.26 ,0.987119, 0.00584091,0.00704009,0.012881
0.05,0.27 ,0.986613, 0.00584445,0.00754265,0.0133871
0.05,0.28 ,0.986039, 0.00584801,0.00811271,0.0139607
0.05,0.29 ,0.985384, 0.00585161,0.00876456,0.0146162
0.05,0.3 ,0.984628, 0.00585524,0.00951676,0.015372
0.05,0.31 ,0.983747, 0.00585889,0.0103938,0.0162527
0.05,0.32 ,0.982709, 0.00586258,0.0114286,0.0172912
0.05,0.33 ,0.981467, 0.0058663,0.0126664,0.0185327
0.05,0.34 ,0.979959, 0.00587005,0.0141707,0.0200408
0.05,0.35 ,0.978093, 0.00587383,0.0160335,0.0219073
0.05,0.36 ,0.975732, 0.00587764,0.0183908,0.0242685
0.05,0.37 ,0.972667, 0.00588149,0.0214512,0.0273326
0.05,0.38 ,0.968573, 0.00588537,0.025542,0.0314273
0.05,0.39 ,0.962923, 0.00588928,0.0311875,0.0370768
0.05,0.4 ,0.954889, 0.00589323,0.0392174,0.0451106
0.05,0.41 ,0.943264, 0.00589721,0.050839,0.0567362
0.05,0.42 ,0.926687, 0.00590123,0.067412,0.0733132
0.05,0.43 ,0.904472, 0.00590528,0.0896224,0.0955277
0.05,0.44 ,0.877407, 0.00590937,0.116684,0.122593
0.05,0.45 ,0.847295, 0.00591349,0.146792,0.152705
0.05,0.46 ,0.815869, 0.00591765,0.178213,0.184131
0.05,0.47 ,0.784307, 0.00592185,0.209772,0.215693
0.05,0.48 ,0.753288, 0.00592609,0.240786,0.246712
0.05,0.49 ,0.723177, 0.00593037,0.270892,0.276823
0.05,0.5 ,0.694156, 0.00593468,0.299909,0.305844
0.05,0.51 ,0.666302, 0.00593904,0.327759,0.333698
0.05,0.52 ,0.639634, 0.00594343,0.354422,0.360366
0.05,0.53 ,0.61414, 0.00594787,0.379912,0.38586
0.05,0.54 ,0.589787, 0.00595234,0.40426,0.410213
0.05,0.55 ,0.566535, 0.00595686,0.427508,0.433465
0.05,0.56 ,0.544337, 0.00596142,0.449702,0.455663
0.05,0.57 ,0.523144, 0.00596603,0.47089,0.476856
0.05,0.58 ,0.502909, 0.00597067,0.491121,0.497091
0.05,0.59 ,0.483582, 0.00597536,0.510442,0.516418
0.05,0.6 ,0.465119, 0.0059801,0.528901,0.534881
0.05,0.61 ,0.447474, 0.00598488,0.546541,0.552526
0.05,0.62 ,0.430606, 0.00598971,0.563404,0.569394
0.05,0.63 ,0.414475, 0.00599458,0.57953,0.585525
0.05,0.64 ,0.399042, 0.00599951,0.594958,0.600958
0.05,0.65 ,0.384272, 0.00600447,0.609723,0.615728
0.05,0.66 ,0.370131, 0.00600949,0.623859,0.629869
0.05,0.67 ,0.356587, 0.00601456,0.637398,0.643413
0.05,0.68 ,0.34361, 0.00601968,0.65037,0.65639
0.05,0.69 ,0.331172, 0.00602485,0.662803,0.668828
0.05,0.7 ,0.319246, 0.00603006,0.674724,0.680754
0.05,0.71 ,0.307807, 0.00603534,0.686158,0.692193
0.05,0.72 ,0.296831, 0.00604066,0.697129,0.703169
0.05,0.73 ,0.286296, 0.00604604,0.707658,0.713704
0.05,0.74 ,0.276181, 0.00605147,0.717767,0.723819
0.05,0.75 ,0.266466, 0.00605695,0.727477,0.733534
0.05,0.76 ,0.257133, 0.0060625,0.736804,0.742867
0.05,0.77 ,0.248163, 0.00606809,0.745769,0.751837
0.05,0.78 ,0.239541, 0.00607375,0.754386,0.760459
0.05,0.79 ,0.231249, 0.00607946,0.762672,0.768751
0.05,0.8 ,0.223274, 0.00608523,0.770641,0.776726
0.05,0.81 ,0.2156, 0.00609106,0.778309,0.7844
0.05,0.82 ,0.208216, 0.00609696,0.785687,0.791784
0.05,0.83 ,0.201107, 0.00610291,0.79279,0.798893
0.05,0.84 ,0.194263, 0.00610892,0.799628,0.805737
0.05,0.85 ,0.187671, 0.00611499,0.806214,0.812329
0.05,0.86 ,0.181321, 0.00612113,0.812558,0.818679
0.05,0.87 ,0.175202, 0.00612733,0.81867,0.824798
0.05,0.88 ,0.169306, 0.0061336,0.824561,0.830694
0.05,0.89 ,0.163621, 0.00613993,0.830239,0.836379
0.05,0.9 ,0.158141, 0.00614633,0.835712,0.841859
0.05,0.91 ,0.152856, 0.00615279,0.840991,0.847144
0.05,0.92 ,0.147759, 0.00615932,0.846082,0.852241
0.05,0.93 ,0.142841, 0.00616592,0.850993,0.857159
0.05,0.94 ,0.138097, 0.00617259,0.855731,0.861903
0.05,0.95 ,0.133518, 0.00617932,0.860303,0.866482
0.05,0.96 ,0.129098, 0.00618613,0.864716,0.870902
0.05,0.97 ,0.124831, 0.00619301,0.868976,0.875169
0.05,0.98 ,0.120712, 0.00619996,0.873088,0.879288
0.05,0.99 ,0.116734, 0.00620698,0.877059,0.883266
0.05,1 ,0.112892, 0.00621407,0.880894,0.887108
0.06,0 ,0.991943, 0.00576048,0.00229691,0.00805739
0.06,0.01 ,0.991867, 0.00576337,0.00236981,0.00813318
0.06,0.02 ,0.991787, 0.00576628,0.00244637,0.00821265
0.06,0.03 ,0.991704, 0.00576922,0.00252687,0.00829609
0.06,0.04 ,0.991616, 0.00577218,0.00261162,0.0083838
0.06,0.05 ,0.991524, 0.00577516,0.00270097,0.00847612
0.06,0.06 ,0.991427, 0.00577816,0.00279528,0.00857344
0.06,0.07 ,0.991324, 0.00578118,0.00289497,0.00867616
0.06,0.08 ,0.991215, 0.00578423,0.00300052,0.00878475
0.06,0.09 ,0.9911, 0.0057873,0.00311244,0.00889974
0.06,0.1 ,0.990978, 0.00579039,0.00323132,0.00902171
0.06,0.11 ,0.990849, 0.00579351,0.00335781,0.00915132
0.06,0.12 ,0.990711, 0.00579665,0.00349267,0.00928932
0.06,0.13 ,0.990563, 0.00579981,0.00363673,0.00943654
0.06,0.14 ,0.990406, 0.005803,0.00379095,0.00959395
0.06,0.15 ,0.990237, 0.00580621,0.00395644,0.00976266
0.06,0.16 ,0.990056, 0.00580945,0.00413446,0.00994391
0.06,0.17 ,0.989861, 0.00581272,0.00432645,0.0101392
0.06,0.18 ,0.98965, 0.00581601,0.00453412,0.0103501
0.06,0.19 ,0.989421, 0.00581933,0.00475944,0.0105788
0.06,0.2 ,0.989173, 0.00582267,0.00500471,0.0108274
0.06,0.21 ,0.988901, 0.00582604,0.00527268,0.0110987
0.06,0.22 ,0.988604, 0.00582943,0.00556661,0.011396
0.06,0.23 ,0.988277, 0.00583286,0.00589039,0.0117232
0.06,0.24 ,0.987915, 0.00583631,0.00624875,0.0120851
0.06,0.25 ,0.987513, 0.00583979,0.00664746,0.0124872
0.06,0.26 ,0.987063, 0.0058433,0.00709362,0.0129369
0.06,0.27 ,0.986557, 0.00584683,0.00759607,0.0134429
0.06,0.28 ,0.985984, 0.0058504,0.00816601,0.0140164
0.06,0.29 ,0.985328, 0.00585399,0.0088177,0.0146717
0.06,0.3 ,0.984573, 0.00585762,0.00956969,0.0154273
0.06,0.31 ,0.983692, 0.00586128,0.0104465,0.0163077
0.06,0.32 ,0.982654, 0.00586496,0.0114809,0.0173459
0.06,0.33 ,0.981413, 0.00586868,0.0127182,0.0185869
0.06,0.34 ,0.979906, 0.00587243,0.014222,0.0200944
0.06,0.35 ,0.97804, 0.00587621,0.0160839,0.0219601
0.06,0.36 ,0.97568, 0.00588002,0.01844,0.02432
0.06,0.37 ,0.972618, 0.00588387,0.0214985,0.0273823
0.06,0.38 ,0.968526, 0.00588775,0.0255865,0.0314742
0.06,0.39 ,0.962881, 0.00589166,0.0312276,0.0371193
0.06,0.4 ,0.954854, 0.00589561,0.0392505,0.0451461
0.06,0.41 ,0.943239, 0.00589959,0.0508613,0.0567609
0.06,0.42 ,0.926677, 0.00590361,0.0674198,0.0733234
0.06,0.43 ,0.904478, 0.00590766,0.0896144,0.0955221
0.06,0.44 ,0.877425, 0.00591175,0.116663,0.122575
0.06,0.45 ,0.847323, 0.00591587,0.146761,0.152677
0.06,0.46 ,0.815903, 0.00592003,0.178177,0.184097
0.06,0.47 ,0.784343, 0.00592423,0.209732,0.215657
0.06,0.48 ,0.753327, 0.00592847,0.240745,0.246673
0.06,0.49 ,0.723217, 0.00593275,0.27085,0.276783
0.06,0.5 ,0.694196, 0.00593706,0.299867,0.305804
0.06,0.51 ,0.666342, 0.00594141,0.327717,0.333658
0.06,0.52 ,0.639674, 0.00594581,0.354381,0.360326
0.06,0.53 ,0.614179, 0.00595024,0.379871,0.385821
0.06,0.54 ,0.589826, 0.00595472,0.40422,0.410174
0.06,0.55 ,0.566573, 0.00595924,0.427468,0.433427
0.06,0.56 ,0.544374, 0.0059638,0.449662,0.455626
0.06,0.57 ,0.523181, 0.0059684,0.470851,0.476819
0.06,0.58 ,0.502944, 0.00597305,0.491083,0.497056
0.06,0.59 ,0.483617, 0.00597774,0.510405,0.516383
0.06,0.6 ,0.465153, 0.00598248,0.528864,0.534847
0.06,0.61 ,0.447508, 0.00598726,0.546505,0.552492
0.06,0.62 ,0.430639, 0.00599208,0.563369,0.569361
0.06,0.63 ,0.414507, 0.00599696,0.579496,0.585493
0.06,0.64 ,0.399074, 0.00600188,0.594924,0.600926
0.06,0.65 ,0.384303, 0.00600685,0.60969,0.615697
0.06,0.66 ,0.370161, 0.00601187,0.623827,0.629839
0.06,0.67 ,0.356617, 0.00601693,0.637367,0.643383
0.06,0.68 ,0.343639, 0.00602205,0.650339,0.656361
0.06,0.69 ,0.3312, 0.00602722,0.662773,0.6688
0.06,0.7 ,0.319273, 0.00603244,0.674694,0.680727
0.06,0.71 ,0.307834, 0.00603771,0.686129,0.692166
0.06,0.72 ,0.296857, 0.00604303,0.6971,0.703143
0.06,0.73 ,0.286322, 0.00604841,0.70763,0.713678
0.06,0.74 ,0.276207, 0.00605384,0.71774,0.723793
0.06,0.75 ,0.266491, 0.00605932,0.727449,0.733509
0.06,0.76 ,0.257157, 0.00606486,0.736778,0.742843
0.06,0.77 ,0.248187, 0.00607046,0.745742,0.751813
0.06,0.78 ,0.239564, 0.00607612,0.75436,0.760436
0.06,0.79 ,0.231272, 0.00608183,0.762646,0.768728
0.06,0.8 ,0.223296, 0.0060876,0.770616,0.776704
0.06,0.81 ,0.215622, 0.00609343,0.778284,0.784378
0.06,0.82 ,0.208237, 0.00609932,0.785663,0.791763
0.06,0.83 ,0.201128, 0.00610527,0.792767,0.798872
0.06,0.84 ,0.194283, 0.00611128,0.799605,0.805717
0.06,0.85 ,0.187691, 0.00611736,0.806192,0.812309
0.06,0.86 ,0.18134, 0.00612349,0.812536,0.81866
0.06,0.87 ,0.175221, 0.00612969,0.818649,0.824779
0.06,0.88 ,0.169324, 0.00613596,0.82454,0.830676
0.06,0.89 ,0.16364, 0.00614229,0.830218,0.83636
0.06,0.9 ,0.158159, 0.00614869,0.835692,0.841841
0.06,0.91 ,0.152874, 0.00615515,0.840971,0.847126
0.06,0.92 ,0.147776, 0.00616168,0.846062,0.852224
0.06,0.93 ,0.142858, 0.00616828,0.850973,0.857142
0.06,0.94 ,0.138113, 0.00617494,0.855712,0.861887
0.06,0.95 ,0.133534, 0.00618168,0.860284,0.866466
0.06,0.96 ,0.129114, 0.00618849,0.864698,0.870886
0.06,0.97 ,0.124847, 0.00619536,0.868958,0.875153
0.06,0.98 ,0.120727, 0.00620231,0.873071,0.879273
0.06,0.99 ,0.116749, 0.00620933,0.877042,0.883251
0.06,1 ,0.112906, 0.00621643,0.880877,0.887094
0.07,0 ,0.991884, 0.00576288,0.00235315,0.00811603
0.07,0.01 ,0.991808, 0.00576578,0.00242603,0.00819181
0.07,0.02 ,0.991729, 0.00576869,0.00250259,0.00827128
0.07,0.03 ,0.991645, 0.00577162,0.00258308,0.00835471
0.07,0.04 ,0.991558, 0.00577458,0.00266783,0.00844241
0.07,0.05 ,0.991465, 0.00577756,0.00275717,0.00853473
0.07,0.06 ,0.991368, 0.00578056,0.00285148,0.00863204
0.07,0.07 ,0.991265, 0.00578359,0.00295116,0.00873475
0.07,0.08 ,0.991157, 0.00578663,0.0030567,0.00884334
0.07,0.09 ,0.991042, 0.0057897,0.00316862,0.00895832
0.07,0.1 ,0.99092, 0.00579279,0.00328748,0.00908028
0.07,0.11 ,0.99079, 0.00579591,0.00341397,0.00920988
0.07,0.12 ,0.990652, 0.00579905,0.00354881,0.00934786
0.07,0.13 ,0.990505, 0.00580222,0.00369286,0.00949507
0.07,0.14 ,0.990348, 0.0058054,0.00384707,0.00965247
0.07,0.15 ,0.990179, 0.00580862,0.00401254,0.00982116
0.07,0.16 ,0.989998, 0.00581186,0.00419053,0.0100024
0.07,0.17 ,0.989802, 0.00581512,0.00438251,0.0101976
0.07,0.18 ,0.989591, 0.00581841,0.00459015,0.0104086
0.07,0.19 ,0.989363, 0.00582173,0.00481544,0.0106372
0.07,0.2 ,0.989114, 0.00582507,0.00506068,0.0108858
0.07,0.21 ,0.988843, 0.00582844,0.00532861,0.0111571
0.07,0.22 ,0.988546, 0.00583184,0.0056225,0.0114543
0.07,0.23 ,0.988219, 0.00583526,0.00594623,0.0117815
0.07,0.24 ,0.987857, 0.00583871,0.00630453,0.0121432
0.07,0.25 ,0.987455, 0.00584219,0.00670316,0.0125453
0.07,0.26 ,0.987005, 0.0058457,0.00714923,0.0129949
0.07,0.27 ,0.986499, 0.00584923,0.00765158,0.0135008
0.07,0.28 ,0.985926, 0.0058528,0.00822137,0.0140742
0.07,0.29 ,0.985271, 0.00585639,0.0088729,0.0147293
0.07,0.3 ,0.984515, 0.00586002,0.00962468,0.0154847
0.07,0.31 ,0.983635, 0.00586368,0.0105012,0.0163648
0.07,0.32 ,0.982597, 0.00586736,0.0115353,0.0174026
0.07,0.33 ,0.981357, 0.00587108,0.0127721,0.0186432
0.07,0.34 ,0.97985, 0.00587483,0.0142753,0.0201501
0.07,0.35 ,0.977985, 0.00587861,0.0161362,0.0220149
0.07,0.36 ,0.975626, 0.00588242,0.0184911,0.0243735
0.07,0.37 ,0.972566, 0.00588627,0.0215477,0.0274339
0.07,0.38 ,0.968477, 0.00589015,0.0256328,0.0315229
0.07,0.39 ,0.962837, 0.00589406,0.0312693,0.0371634
0.07,0.4 ,0.954817, 0.00589801,0.0392849,0.0451829
0.07,0.41 ,0.943213, 0.00590199,0.0508847,0.0567866
0.07,0.42 ,0.926666, 0.005906,0.0674281,0.0733341
0.07,0.43 ,0.904484, 0.00591006,0.0896063,0.0955164
0.07,0.44 ,0.877445, 0.00591414,0.116641,0.122555
0.07,0.45 ,0.847352, 0.00591827,0.14673,0.152648
0.07,0.46 ,0.815938, 0.00592243,0.17814,0.184062
0.07,0.47 ,0.784382, 0.00592663,0.209692,0.215618
0.07,0.48 ,0.753367, 0.00593086,0.240703,0.246633
0.07,0.49 ,0.723258, 0.00593514,0.270807,0.276742
0.07,0.5 ,0.694237, 0.00593945,0.299823,0.305763
0.07,0.51 ,0.666383, 0.00594381,0.327674,0.333617
0.07,0.52 ,0.639714, 0.0059482,0.354338,0.360286
0.07,0.53 ,0.614219, 0.00595264,0.379828,0.385781
0.07,0.54 ,0.589865, 0.00595711,0.404178,0.410135
0.07,0.55 ,0.566612, 0.00596163,0.427427,0.433388
0.07,0.56 ,0.544412, 0.00596619,0.449622,0.455588
0.07,0.57 ,0.523218, 0.00597079,0.470811,0.476782
0.07,0.58 ,0.502981, 0.00597544,0.491043,0.497019
0.07,0.59 ,0.483653, 0.00598013,0.510367,0.516347
0.07,0.6 ,0.465189, 0.00598487,0.528827,0.534811
0.07,0.61 ,0.447543, 0.00598965,0.546468,0.552457
0.07,0.62 ,0.430673, 0.00599447,0.563332,0.569327
0.07,0.63 ,0.41454, 0.00599935,0.57946,0.58546
0.07,0.64 ,0.399106, 0.00600427,0.594889,0.600894
0.07,0.65 ,0.384335, 0.00600924,0.609656,0.615665
0.07,0.66 ,0.370192, 0.00601425,0.623793,0.629808
0.07,0.67 ,0.356647, 0.00601932,0.637334,0.643353
0.07,0.68 ,0.343669, 0.00602444,0.650307,0.656331
0.07,0.69 ,0.331229, 0.0060296,0.662741,0.668771
