Betapv,Betamv,V,Rs,Rv,P
0,0 ,0.994936, 0.00306355,0.002,0.00506355
0,0.01 ,0.994901, 0.00306373,0.00203502,0.00509876
0,0.02 ,0.994864, 0.00306391,0.00207175,0.00513567
0,0.03 ,0.994826, 0.0030641,0.00211031,0.00517441
0,0.04 ,0.994785, 0.00306428,0.00215084,0.00521513
0,0.05 ,0.994742, 0.00306447,0.00219351,0.00525798
0,0.06 ,0.994697, 0.00306466,0.00223848,0.00530314
0,0.07 ,0.994649, 0.00306485,0.00228596,0.0053508
0,0.08 ,0.994599, 0.00306504,0.00233615,0.00540118
0,0.09 ,0.994545, 0.00306523,0.0023893,0.00545453
0,0.1 ,0.994489, 0.00306542,0.00244569,0.00551111
0,0.11 ,0.994429, 0.00306562,0.00250562,0.00557123
0,0.12 ,0.994365, 0.00306582,0.00256943,0.00563525
0,0.13 ,0.994296, 0.00306601,0.00263754,0.00570355
0,0.14 ,0.994223, 0.00306621,0.00271037,0.00577659
0,0.15 ,0.994145, 0.00306641,0.00278846,0.00585487
0,0.16 ,0.994061, 0.00306662,0.00287239,0.00593901
0,0.17 ,0.99397, 0.00306682,0.00296285,0.00602967
0,0.18 ,0.993872, 0.00306703,0.00306063,0.00612765
0,0.19 ,0.993766, 0.00306723,0.00316667,0.0062339
0,0.2 ,0.99365, 0.00306744,0.00328206,0.0063495
0,0.21 ,0.993524, 0.00306765,0.0034081,0.00647576
0,0.22 ,0.993386, 0.00306787,0.00354635,0.00661422
0,0.23 ,0.993233, 0.00306808,0.00369867,0.00676676
0,0.24 ,0.993064, 0.0030683,0.00386733,0.00693563
0,0.25 ,0.992876, 0.00306851,0.00405511,0.00712363
0,0.26 ,0.992666, 0.00306873,0.00426545,0.00733419
0,0.27 ,0.992428, 0.00306895,0.00450268,0.00757164
0,0.28 ,0.992159, 0.00306918,0.00477229,0.00784146
0,0.29 ,0.991849, 0.0030694,0.00508136,0.00815076
0,0.3 ,0.991491, 0.00306963,0.00543919,0.00850882
0,0.31 ,0.991072, 0.00306986,0.00585823,0.00892809
0,0.32 ,0.990574, 0.00307009,0.00635549,0.00942558
0,0.33 ,0.989975, 0.00307032,0.00695483,0.0100251
0,0.34 ,0.989239, 0.00307056,0.00769071,0.0107613
0,0.35 ,0.988315, 0.00307079,0.00861467,0.0116855
0,0.36 ,0.987122, 0.00307103,0.009807,0.012878
0,0.37 ,0.98553, 0.00307127,0.011399,0.0144703
0,0.38 ,0.98331, 0.00307151,0.0136182,0.0166897
0,0.39 ,0.980044, 0.00307176,0.0168841,0.0199559
0,0.4 ,0.974908, 0.003072,0.0220204,0.0250924
0,0.41 ,0.966258, 0.00307225,0.03067,0.0337423
0,0.42 ,0.951305, 0.0030725,0.0456226,0.0486951
0,0.43 ,0.927753, 0.00307276,0.069174,0.0722468
0,0.44 ,0.897151, 0.00307301,0.0997761,0.102849
0,0.45 ,0.863263, 0.00307327,0.133664,0.136737
0,0.46 ,0.828711, 0.00307353,0.168216,0.171289
0,0.47 ,0.794744, 0.00307379,0.202182,0.205256
0,0.48 ,0.761897, 0.00307406,0.235029,0.238103
0,0.49 ,0.730381, 0.00307433,0.266545,0.269619
0,0.5 ,0.700261, 0.0030746,0.296664,0.299739
0,0.51 ,0.671533, 0.00307487,0.325392,0.328467
0,0.52 ,0.644158, 0.00307514,0.352767,0.355842
0,0.53 ,0.618084, 0.00307542,0.378841,0.381916
0,0.54 ,0.593249, 0.0030757,0.403675,0.406751
0,0.55 ,0.569591, 0.00307599,0.427333,0.430409
0,0.56 ,0.547048, 0.00307627,0.449876,0.452952
0,0.57 ,0.52556, 0.00307656,0.471363,0.47444
0,0.58 ,0.505069, 0.00307685,0.491854,0.494931
0,0.59 ,0.485521, 0.00307714,0.511402,0.514479
0,0.6 ,0.466863, 0.00307744,0.53006,0.533137
0,0.61 ,0.449047, 0.00307774,0.547875,0.550953
0,0.62 ,0.432028, 0.00307804,0.564894,0.567972
0,0.63 ,0.415762, 0.00307835,0.581159,0.584238
0,0.64 ,0.40021, 0.00307866,0.596712,0.59979
0,0.65 ,0.385332, 0.00307897,0.611589,0.614668
0,0.66 ,0.371095, 0.00307928,0.625826,0.628905
0,0.67 ,0.357464, 0.0030796,0.639457,0.642536
0,0.68 ,0.344408, 0.00307992,0.652512,0.655592
0,0.69 ,0.331899, 0.00308025,0.665021,0.668101
0,0.7 ,0.319908, 0.00308058,0.677011,0.680092
0,0.71 ,0.30841, 0.00308091,0.688509,0.69159
0,0.72 ,0.297381, 0.00308124,0.699538,0.702619
0,0.73 ,0.286797, 0.00308158,0.710122,0.713203
0,0.74 ,0.276637, 0.00308192,0.720281,0.723363
0,0.75 ,0.266881, 0.00308227,0.730036,0.733119
0,0.76 ,0.25751, 0.00308262,0.739407,0.74249
0,0.77 ,0.248506, 0.00308297,0.748411,0.751494
0,0.78 ,0.239851, 0.00308333,0.757066,0.760149
0,0.79 ,0.23153, 0.00308369,0.765386,0.76847
0,0.8 ,0.223528, 0.00308405,0.773388,0.776472
0,0.81 ,0.21583, 0.00308442,0.781086,0.78417
0,0.82 ,0.208422, 0.00308479,0.788493,0.791578
0,0.83 ,0.201292, 0.00308517,0.795623,0.798708
0,0.84 ,0.194428, 0.00308555,0.802487,0.805572
0,0.85 ,0.187818, 0.00308594,0.809096,0.812182
0,0.86 ,0.181451, 0.00308633,0.815463,0.818549
0,0.87 ,0.175316, 0.00308672,0.821597,0.824684
0,0.88 ,0.169405, 0.00308712,0.827508,0.830595
0,0.89 ,0.163708, 0.00308752,0.833205,0.836292
0,0.9 ,0.158215, 0.00308793,0.838697,0.841785
0,0.91 ,0.152919, 0.00308834,0.843993,0.847081
0,0.92 ,0.14781, 0.00308876,0.849101,0.85219
0,0.93 ,0.142883, 0.00308918,0.854028,0.857117
0,0.94 ,0.138129, 0.00308961,0.858781,0.861871
0,0.95 ,0.133541, 0.00309004,0.863368,0.866459
0,0.96 ,0.129114, 0.00309048,0.867796,0.870886
0,0.97 ,0.12484, 0.00309092,0.872069,0.87516
0,0.98 ,0.120714, 0.00309137,0.876195,0.879286
0,0.99 ,0.116729, 0.00309182,0.880179,0.883271
0,1 ,0.112881, 0.00309228,0.884026,0.887119
0.01,0 ,0.994904, 0.00306453,0.00203176,0.00509628
0.01,0.01 ,0.994869, 0.00306471,0.00206678,0.00513149
0.01,0.02 ,0.994832, 0.00306489,0.00210351,0.0051684
0.01,0.03 ,0.994793, 0.00306507,0.00214207,0.00520714
0.01,0.04 ,0.994752, 0.00306526,0.0021826,0.00524786
0.01,0.05 ,0.994709, 0.00306545,0.00222526,0.00529071
0.01,0.06 ,0.994664, 0.00306563,0.00227023,0.00533587
0.01,0.07 ,0.994616, 0.00306582,0.0023177,0.00538353
0.01,0.08 ,0.994566, 0.00306601,0.00236789,0.00543391
0.01,0.09 ,0.994513, 0.00306621,0.00242104,0.00548725
0.01,0.1 ,0.994456, 0.0030664,0.00247743,0.00554383
0.01,0.11 ,0.994396, 0.00306659,0.00253735,0.00560395
0.01,0.12 ,0.994332, 0.00306679,0.00260117,0.00566796
0.01,0.13 ,0.994264, 0.00306699,0.00266927,0.00573626
0.01,0.14 ,0.994191, 0.00306719,0.0027421,0.00580929
0.01,0.15 ,0.994112, 0.00306739,0.00282018,0.00588757
0.01,0.16 ,0.994028, 0.00306759,0.00290411,0.0059717
0.01,0.17 ,0.993938, 0.0030678,0.00299456,0.00606236
0.01,0.18 ,0.99384, 0.003068,0.00309233,0.00616034
0.01,0.19 ,0.993733, 0.00306821,0.00319837,0.00626658
0.01,0.2 ,0.993618, 0.00306842,0.00331375,0.00638217
0.01,0.21 ,0.993492, 0.00306863,0.00343978,0.00650841
0.01,0.22 ,0.993353, 0.00306884,0.00357802,0.00664686
0.01,0.23 ,0.993201, 0.00306906,0.00373033,0.00679939
0.01,0.24 ,0.993032, 0.00306927,0.00389897,0.00696825
0.01,0.25 ,0.992844, 0.00306949,0.00408673,0.00715622
0.01,0.26 ,0.992633, 0.00306971,0.00429705,0.00736676
0.01,0.27 ,0.992396, 0.00306993,0.00453425,0.00760418
0.01,0.28 ,0.992126, 0.00307015,0.00480382,0.00787397
0.01,0.29 ,0.991817, 0.00307038,0.00511284,0.00818322
0.01,0.3 ,0.991459, 0.0030706,0.00547062,0.00854122
0.01,0.31 ,0.99104, 0.00307083,0.00588959,0.00896042
0.01,0.32 ,0.990542, 0.00307106,0.00638675,0.00945781
0.01,0.33 ,0.989943, 0.0030713,0.00698595,0.0100572
0.01,0.34 ,0.989207, 0.00307153,0.00772164,0.0107932
0.01,0.35 ,0.988283, 0.00307177,0.00864534,0.0117171
0.01,0.36 ,0.987091, 0.00307201,0.00983728,0.0129093
0.01,0.37 ,0.985499, 0.00307225,0.0114287,0.014501
0.01,0.38 ,0.983281, 0.00307249,0.0136468,0.0167193
0.01,0.39 ,0.980016, 0.00307273,0.016911,0.0199837
0.01,0.4 ,0.974883, 0.00307298,0.0220438,0.0251168
0.01,0.41 ,0.96624, 0.00307323,0.0306869,0.0337601
0.01,0.42 ,0.951298, 0.00307348,0.045628,0.0487015
0.01,0.43 ,0.92776, 0.00307373,0.0691658,0.0722396
0.01,0.44 ,0.897168, 0.00307399,0.0997584,0.102832
0.01,0.45 ,0.863285, 0.00307425,0.133641,0.136715
0.01,0.46 ,0.828735, 0.00307451,0.168191,0.171265
0.01,0.47 ,0.794769, 0.00307477,0.202157,0.205231
0.01,0.48 ,0.761922, 0.00307503,0.235003,0.238078
0.01,0.49 ,0.730406, 0.0030753,0.266519,0.269594
0.01,0.5 ,0.700286, 0.00307557,0.296638,0.299714
0.01,0.51 ,0.671557, 0.00307584,0.325367,0.328443
0.01,0.52 ,0.644182, 0.00307612,0.352742,0.355818
0.01,0.53 ,0.618107, 0.0030764,0.378816,0.381893
0.01,0.54 ,0.593272, 0.00307668,0.403651,0.406728
0.01,0.55 ,0.569614, 0.00307696,0.427309,0.430386
0.01,0.56 ,0.54707, 0.00307725,0.449852,0.45293
0.01,0.57 ,0.525582, 0.00307753,0.471341,0.474418
0.01,0.58 ,0.50509, 0.00307783,0.491832,0.49491
0.01,0.59 ,0.485542, 0.00307812,0.51138,0.514458
0.01,0.6 ,0.466883, 0.00307842,0.530038,0.533117
0.01,0.61 ,0.449067, 0.00307872,0.547854,0.550933
0.01,0.62 ,0.432048, 0.00307902,0.564873,0.567952
0.01,0.63 ,0.415781, 0.00307932,0.581139,0.584219
0.01,0.64 ,0.400228, 0.00307963,0.596692,0.599772
0.01,0.65 ,0.38535, 0.00307994,0.61157,0.61465
0.01,0.66 ,0.371112, 0.00308026,0.625807,0.628888
0.01,0.67 ,0.357481, 0.00308058,0.639438,0.642519
0.01,0.68 ,0.344425, 0.0030809,0.652494,0.655575
0.01,0.69 ,0.331915, 0.00308122,0.665003,0.668085
0.01,0.7 ,0.319924, 0.00308155,0.676994,0.680076
0.01,0.71 ,0.308426, 0.00308188,0.688492,0.691574
0.01,0.72 ,0.297396, 0.00308222,0.699522,0.702604
0.01,0.73 ,0.286812, 0.00308256,0.710105,0.713188
0.01,0.74 ,0.276652, 0.0030829,0.720265,0.723348
0.01,0.75 ,0.266896, 0.00308324,0.730021,0.733104
0.01,0.76 ,0.257525, 0.00308359,0.739392,0.742475
0.01,0.77 ,0.24852, 0.00308394,0.748396,0.75148
0.01,0.78 ,0.239865, 0.0030843,0.757051,0.760135
0.01,0.79 ,0.231544, 0.00308466,0.765372,0.768456
0.01,0.8 ,0.223541, 0.00308503,0.773374,0.776459
0.01,0.81 ,0.215842, 0.0030854,0.781072,0.784158
0.01,0.82 ,0.208434, 0.00308577,0.78848,0.791566
0.01,0.83 ,0.201304, 0.00308615,0.795609,0.798696
0.01,0.84 ,0.19444, 0.00308653,0.802474,0.80556
0.01,0.85 ,0.187829, 0.00308691,0.809084,0.812171
0.01,0.86 ,0.181462, 0.0030873,0.81545,0.818538
0.01,0.87 ,0.175328, 0.0030877,0.821585,0.824672
0.01,0.88 ,0.169416, 0.00308809,0.827496,0.830584
0.01,0.89 ,0.163719, 0.0030885,0.833193,0.836281
0.01,0.9 ,0.158226, 0.0030889,0.838686,0.841774
0.01,0.91 ,0.152929, 0.00308932,0.843982,0.847071
0.01,0.92 ,0.147821, 0.00308973,0.84909,0.852179
0.01,0.93 ,0.142893, 0.00309016,0.854017,0.857107
0.01,0.94 ,0.138139, 0.00309058,0.858771,0.861861
0.01,0.95 ,0.133551, 0.00309102,0.863358,0.866449
0.01,0.96 ,0.129123, 0.00309145,0.867785,0.870877
0.01,0.97 ,0.124849, 0.0030919,0.872059,0.875151
0.01,0.98 ,0.120723, 0.00309234,0.876185,0.879277
0.01,0.99 ,0.116738, 0.0030928,0.880169,0.883262
0.01,1 ,0.11289, 0.00309326,0.884017,0.88711
0.02,0 ,0.99487, 0.00306551,0.00206462,0.00513013
0.02,0.01 ,0.994835, 0.00306569,0.00209965,0.00516534
0.02,0.02 ,0.994798, 0.00306587,0.00213637,0.00520224
0.02,0.03 ,0.994759, 0.00306606,0.00217493,0.00524098
0.02,0.04 ,0.994718, 0.00306624,0.00221546,0.0052817
0.02,0.05 ,0.994675, 0.00306643,0.00225812,0.00532455
0.02,0.06 ,0.99463, 0.00306662,0.00230309,0.0053697
0.02,0.07 ,0.994583, 0.00306681,0.00235056,0.00541736
0.02,0.08 ,0.994532, 0.003067,0.00240075,0.00546774
0.02,0.09 ,0.994479, 0.00306719,0.00245389,0.00552108
0.02,0.1 ,0.994422, 0.00306738,0.00251028,0.00557766
0.02,0.11 ,0.994362, 0.00306758,0.0025702,0.00563778
0.02,0.12 ,0.994298, 0.00306777,0.00263401,0.00570179
0.02,0.13 ,0.99423, 0.00306797,0.00270211,0.00577008
0.02,0.14 ,0.994157, 0.00306817,0.00277494,0.00584311
0.02,0.15 ,0.994079, 0.00306837,0.00285301,0.00592139
0.02,0.16 ,0.993994, 0.00306857,0.00293693,0.00600551
0.02,0.17 ,0.993904, 0.00306878,0.00302738,0.00609616
0.02,0.18 ,0.993806, 0.00306898,0.00312515,0.00619413
0.02,0.19 ,0.9937, 0.00306919,0.00323117,0.00630036
0.02,0.2 ,0.993584, 0.0030694,0.00334655,0.00641595
0.02,0.21 ,0.993458, 0.00306961,0.00347257,0.00654218
0.02,0.22 ,0.993319, 0.00306982,0.0036108,0.00668062
0.02,0.23 ,0.993167, 0.00307004,0.00376309,0.00683313
0.02,0.24 ,0.992998, 0.00307025,0.00393172,0.00700197
0.02,0.25 ,0.99281, 0.00307047,0.00411946,0.00718993
0.02,0.26 ,0.9926, 0.00307069,0.00432975,0.00740044
0.02,0.27 ,0.992362, 0.00307091,0.00456692,0.00763783
0.02,0.28 ,0.992092, 0.00307114,0.00483645,0.00790758
0.02,0.29 ,0.991783, 0.00307136,0.00514543,0.00821679
0.02,0.3 ,0.991425, 0.00307159,0.00550314,0.00857473
0.02,0.31 ,0.991006, 0.00307182,0.00592204,0.00899385
0.02,0.32 ,0.990509, 0.00307205,0.00641909,0.00949114
0.02,0.33 ,0.98991, 0.00307228,0.00701816,0.0100904
0.02,0.34 ,0.989174, 0.00307251,0.00775366,0.0108262
0.02,0.35 ,0.98825, 0.00307275,0.00867709,0.0117498
0.02,0.36 ,0.987058, 0.00307299,0.00986862,0.0129416
0.02,0.37 ,0.985467, 0.00307323,0.0114594,0.0145326
0.02,0.38 ,0.98325, 0.00307347,0.0136765,0.0167499
0.02,0.39 ,0.979988, 0.00307372,0.0169388,0.0200125
0.02,0.4 ,0.974858, 0.00307396,0.0220682,0.0251421
0.02,0.41 ,0.966221, 0.00307421,0.0307043,0.0337785
0.02,0.42 ,0.951292, 0.00307446,0.0456336,0.048708
0.02,0.43 ,0.927768, 0.00307472,0.0691574,0.0722321
0.02,0.44 ,0.897185, 0.00307497,0.09974,0.102815
0.02,0.45 ,0.863307, 0.00307523,0.133618,0.136693
0.02,0.46 ,0.828759, 0.00307549,0.168165,0.171241
0.02,0.47 ,0.794794, 0.00307575,0.20213,0.205206
0.02,0.48 ,0.761948, 0.00307602,0.234976,0.238052
0.02,0.49 ,0.730432, 0.00307628,0.266492,0.269568
0.02,0.5 ,0.700312, 0.00307655,0.296612,0.299688
0.02,0.51 ,0.671583, 0.00307683,0.32534,0.328417
0.02,0.52 ,0.644207, 0.0030771,0.352716,0.355793
0.02,0.53 ,0.618132, 0.00307738,0.378791,0.381868
0.02,0.54 ,0.593296, 0.00307766,0.403626,0.406704
0.02,0.55 ,0.569637, 0.00307794,0.427285,0.430363
0.02,0.56 ,0.547093, 0.00307823,0.449828,0.452907
0.02,0.57 ,0.525604, 0.00307852,0.471317,0.474396
0.02,0.58 ,0.505112, 0.00307881,0.491809,0.494888
0.02,0.59 ,0.485563, 0.0030791,0.511358,0.514437
0.02,0.6 ,0.466904, 0.0030794,0.530016,0.533096
0.02,0.61 ,0.449088, 0.0030797,0.547832,0.550912
0.02,0.62 ,0.432068, 0.00308,0.564852,0.567932
0.02,0.63 ,0.415801, 0.00308031,0.581119,0.584199
0.02,0.64 ,0.400248, 0.00308061,0.596672,0.599752
0.02,0.65 ,0.385369, 0.00308093,0.61155,0.614631
0.02,0.66 ,0.371131, 0.00308124,0.625788,0.628869
0.02,0.67 ,0.357499, 0.00308156,0.639419,0.642501
0.02,0.68 ,0.344443, 0.00308188,0.652475,0.655557
0.02,0.69 ,0.331933, 0.0030822,0.664985,0.668067
0.02,0.7 ,0.319941, 0.00308253,0.676976,0.680059
0.02,0.71 ,0.308443, 0.00308286,0.688475,0.691557
0.02,0.72 ,0.297412, 0.0030832,0.699504,0.702588
0.02,0.73 ,0.286828, 0.00308354,0.710089,0.713172
0.02,0.74 ,0.276668, 0.00308388,0.720249,0.723332
0.02,0.75 ,0.266911, 0.00308422,0.730005,0.733089
0.02,0.76 ,0.257539, 0.00308457,0.739376,0.742461
0.02,0.77 ,0.248534, 0.00308493,0.748381,0.751466
0.02,0.78 ,0.239879, 0.00308528,0.757036,0.760121
0.02,0.79 ,0.231558, 0.00308564,0.765357,0.768442
0.02,0.8 ,0.223555, 0.00308601,0.773359,0.776445
0.02,0.81 ,0.215856, 0.00308638,0.781058,0.784144
0.02,0.82 ,0.208448, 0.00308675,0.788466,0.791552
0.02,0.83 ,0.201317, 0.00308713,0.795596,0.798683
0.02,0.84 ,0.194452, 0.00308751,0.80246,0.805548
0.02,0.85 ,0.187842, 0.00308789,0.80907,0.812158
0.02,0.86 ,0.181474, 0.00308828,0.815438,0.818526
0.02,0.87 ,0.17534, 0.00308868,0.821572,0.82466
0.02,0.88 ,0.169428, 0.00308907,0.827483,0.830572
0.02,0.89 ,0.16373, 0.00308948,0.833181,0.83627
0.02,0.9 ,0.158237, 0.00308989,0.838674,0.841763
0.02,0.91 ,0.15294, 0.0030903,0.84397,0.84706
0.02,0.92 ,0.147831, 0.00309072,0.849078,0.852169
0.02,0.93 ,0.142903, 0.00309114,0.854006,0.857097
0.02,0.94 ,0.138149, 0.00309156,0.85876,0.861851
0.02,0.95 ,0.133561, 0.003092,0.863347,0.866439
0.02,0.96 ,0.129133, 0.00309243,0.867775,0.870867
0.02,0.97 ,0.124859, 0.00309288,0.872048,0.875141
0.02,0.98 ,0.120732, 0.00309332,0.876175,0.879268
0.02,0.99 ,0.116747, 0.00309378,0.880159,0.883253
0.02,1 ,0.112899, 0.00309424,0.884007,0.887101
0.03,0 ,0.994835, 0.0030665,0.00209866,0.00516515
0.03,0.01 ,0.9948, 0.00306668,0.00213368,0.00520036
0.03,0.02 ,0.994763, 0.00306686,0.0021704,0.00523726
0.03,0.03 ,0.994724, 0.00306705,0.00220896,0.005276
0.03,0.04 ,0.994683, 0.00306723,0.00224949,0.00531672
0.03,0.05 ,0.99464, 0.00306742,0.00229215,0.00535956
0.03,0.06 ,0.994595, 0.00306761,0.00233711,0.00540472
0.03,0.07 ,0.994548, 0.00306779,0.00238458,0.00545237
0.03,0.08 ,0.994497, 0.00306799,0.00243477,0.00550275
0.03,0.09 ,0.994444, 0.00306818,0.00248791,0.00555609
0.03,0.1 ,0.994387, 0.00306837,0.00254429,0.00561266
0.03,0.11 ,0.994327, 0.00306857,0.00260421,0.00567278
0.03,0.12 ,0.994263, 0.00306876,0.00266802,0.00573678
0.03,0.13 ,0.994195, 0.00306896,0.00273611,0.00580507
0.03,0.14 ,0.994122, 0.00306916,0.00280894,0.0058781
0.03,0.15 ,0.994044, 0.00306936,0.00288701,0.00595637
0.03,0.16 ,0.99396, 0.00306956,0.00297092,0.00604049
0.03,0.17 ,0.993869, 0.00306977,0.00306136,0.00613113
0.03,0.18 ,0.993771, 0.00306997,0.00315913,0.0062291
0.03,0.19 ,0.993665, 0.00307018,0.00326514,0.00633532
0.03,0.2 ,0.993549, 0.00307039,0.00338051,0.0064509
0.03,0.21 ,0.993423, 0.0030706,0.00350652,0.00657712
0.03,0.22 ,0.993284, 0.00307081,0.00364474,0.00671555
0.03,0.23 ,0.993132, 0.00307103,0.00379701,0.00686804
0.03,0.24 ,0.992963, 0.00307124,0.00396562,0.00703687
0.03,0.25 ,0.992775, 0.00307146,0.00415334,0.0072248
0.03,0.26 ,0.992565, 0.00307168,0.00436361,0.00743529
0.03,0.27 ,0.992327, 0.0030719,0.00460075,0.00767265
0.03,0.28 ,0.992058, 0.00307212,0.00487024,0.00794236
0.03,0.29 ,0.991748, 0.00307235,0.00517917,0.00825152
0.03,0.3 ,0.991391, 0.00307258,0.00553683,0.0086094
0.03,0.31 ,0.990972, 0.0030728,0.00595564,0.00902844
0.03,0.32 ,0.990474, 0.00307303,0.00645259,0.00952563
0.03,0.33 ,0.989875, 0.00307327,0.00705152,0.0101248
0.03,0.34 ,0.98914, 0.0030735,0.00778682,0.0108603
0.03,0.35 ,0.988216, 0.00307374,0.00870997,0.0117837
0.03,0.36 ,0.987025, 0.00307398,0.00990108,0.0129751
0.03,0.37 ,0.985435, 0.00307422,0.0114912,0.0145654
0.03,0.38 ,0.983218, 0.00307446,0.0137072,0.0167817
0.03,0.39 ,0.979958, 0.0030747,0.0169676,0.0200423
0.03,0.4 ,0.974832, 0.00307495,0.0220934,0.0251683
0.03,0.41 ,0.966202, 0.0030752,0.0307225,0.0337977
0.03,0.42 ,0.951285, 0.00307545,0.0456394,0.0487149
0.03,0.43 ,0.927775, 0.0030757,0.0691488,0.0722245
0.03,0.44 ,0.897203, 0.00307596,0.0997211,0.102797
0.03,0.45 ,0.86333, 0.00307622,0.133593,0.13667
0.03,0.46 ,0.828785, 0.00307648,0.168138,0.171215
0.03,0.47 ,0.794821, 0.00307674,0.202102,0.205179
0.03,0.48 ,0.761975, 0.00307701,0.234948,0.238025
0.03,0.49 ,0.730459, 0.00307727,0.266464,0.269541
0.03,0.5 ,0.700338, 0.00307754,0.296584,0.299662
0.03,0.51 ,0.671609, 0.00307782,0.325313,0.328391
0.03,0.52 ,0.644233, 0.00307809,0.352689,0.355767
0.03,0.53 ,0.618157, 0.00307837,0.378764,0.381843
0.03,0.54 ,0.593321, 0.00307865,0.4036,0.406679
0.03,0.55 ,0.569662, 0.00307893,0.42726,0.430338
0.03,0.56 ,0.547117, 0.00307922,0.449804,0.452883
0.03,0.57 ,0.525628, 0.0030795,0.471293,0.474372
0.03,0.58 ,0.505135, 0.0030798,0.491785,0.494865
0.03,0.59 ,0.485585, 0.00308009,0.511335,0.514415
0.03,0.6 ,0.466926, 0.00308039,0.529993,0.533074
0.03,0.61 ,0.449109, 0.00308069,0.54781,0.550891
0.03,0.62 ,0.432089, 0.00308099,0.56483,0.567911
0.03,0.63 ,0.415822, 0.00308129,0.581097,0.584178
0.03,0.64 ,0.400268, 0.0030816,0.596651,0.599732
0.03,0.65 ,0.385389, 0.00308191,0.611529,0.614611
0.03,0.66 ,0.37115, 0.00308223,0.625768,0.62885
0.03,0.67 ,0.357518, 0.00308255,0.6394,0.642482
0.03,0.68 ,0.344461, 0.00308287,0.652456,0.655539
0.03,0.69 ,0.331951, 0.00308319,0.664966,0.668049
0.03,0.7 ,0.319959, 0.00308352,0.676958,0.680041
0.03,0.71 ,0.30846, 0.00308385,0.688456,0.69154
0.03,0.72 ,0.297429, 0.00308419,0.699487,0.702571
0.03,0.73 ,0.286844, 0.00308452,0.710071,0.713156
0.03,0.74 ,0.276684, 0.00308487,0.720232,0.723316
0.03,0.75 ,0.266927, 0.00308521,0.729988,0.733073
0.03,0.76 ,0.257555, 0.00308556,0.73936,0.742445
0.03,0.77 ,0.248549, 0.00308591,0.748365,0.751451
0.03,0.78 ,0.239894, 0.00308627,0.75702,0.760106
0.03,0.79 ,0.231572, 0.00308663,0.765341,0.768428
0.03,0.8 ,0.223569, 0.003087,0.773344,0.776431
0.03,0.81 ,0.21587, 0.00308736,0.781043,0.78413
0.03,0.82 ,0.208461, 0.00308774,0.788451,0.791539
0.03,0.83 ,0.20133, 0.00308811,0.795582,0.79867
0.03,0.84 ,0.194465, 0.0030885,0.802446,0.805535
0.03,0.85 ,0.187854, 0.00308888,0.809057,0.812146
0.03,0.86 ,0.181487, 0.00308927,0.815424,0.818513
0.03,0.87 ,0.175352, 0.00308966,0.821559,0.824648
0.03,0.88 ,0.16944, 0.00309006,0.82747,0.83056
0.03,0.89 ,0.163741, 0.00309047,0.833168,0.836259
0.03,0.9 ,0.158248, 0.00309087,0.838661,0.841752
0.03,0.91 ,0.152951, 0.00309129,0.843958,0.847049
0.03,0.92 ,0.147842, 0.0030917,0.849066,0.852158
0.03,0.93 ,0.142914, 0.00309213,0.853994,0.857086
0.03,0.94 ,0.138159, 0.00309255,0.858748,0.861841
0.03,0.95 ,0.133571, 0.00309298,0.863336,0.866429
0.03,0.96 ,0.129143, 0.00309342,0.867764,0.870857
0.03,0.97 ,0.124868, 0.00309386,0.872038,0.875132
0.03,0.98 ,0.120742, 0.00309431,0.876164,0.879258
0.03,0.99 ,0.116757, 0.00309476,0.880149,0.883243
0.03,1 ,0.112908, 0.00309522,0.883997,0.887092
0.04,0 ,0.994799, 0.00306749,0.00213392,0.00520141
0.04,0.01 ,0.994763, 0.00306767,0.00216894,0.00523661
0.04,0.02 ,0.994726, 0.00306786,0.00220566,0.00527352
0.04,0.03 ,0.994688, 0.00306804,0.00224422,0.00531226
0.04,0.04 ,0.994647, 0.00306823,0.00228474,0.00535297
0.04,0.05 ,0.994604, 0.00306841,0.0023274,0.00539581
0.04,0.06 ,0.994559, 0.0030686,0.00237237,0.00544097
0.04,0.07 ,0.994511, 0.00306879,0.00241983,0.00548862
0.04,0.08 ,0.994461, 0.00306898,0.00247001,0.005539
0.04,0.09 ,0.994408, 0.00306917,0.00252316,0.00559233
0.04,0.1 ,0.994351, 0.00306937,0.00257954,0.0056489
0.04,0.11 ,0.994291, 0.00306956,0.00263945,0.00570901
0.04,0.12 ,0.994227, 0.00306976,0.00270326,0.00577302
0.04,0.13 ,0.994159, 0.00306996,0.00277135,0.0058413
0.04,0.14 ,0.994086, 0.00307016,0.00284417,0.00591432
0.04,0.15 ,0.994007, 0.00307036,0.00292224,0.00599259
0.04,0.16 ,0.993923, 0.00307056,0.00300614,0.0060767
0.04,0.17 ,0.993833, 0.00307076,0.00309658,0.00616734
0.04,0.18 ,0.993735, 0.00307097,0.00319433,0.0062653
0.04,0.19 ,0.993628, 0.00307118,0.00330034,0.00637152
0.04,0.2 ,0.993513, 0.00307139,0.0034157,0.00648708
0.04,0.21 ,0.993387, 0.0030716,0.0035417,0.0066133
0.04,0.22 ,0.993248, 0.00307181,0.0036799,0.00675171
0.04,0.23 ,0.993096, 0.00307202,0.00383217,0.00690419
0.04,0.24 ,0.992927, 0.00307224,0.00400076,0.007073
0.04,0.25 ,0.992739, 0.00307246,0.00418845,0.00726091
0.04,0.26 ,0.992529, 0.00307268,0.0043987,0.00747137
0.04,0.27 ,0.992291, 0.0030729,0.0046358,0.0077087
0.04,0.28 ,0.992022, 0.00307312,0.00490525,0.00797837
0.04,0.29 ,0.991713, 0.00307334,0.00521413,0.00828748
0.04,0.3 ,0.991355, 0.00307357,0.00557173,0.0086453
0.04,0.31 ,0.990936, 0.0030738,0.00599046,0.00906426
0.04,0.32 ,0.990439, 0.00307403,0.0064873,0.00956133
0.04,0.33 ,0.98984, 0.00307426,0.00708608,0.0101603
0.04,0.34 ,0.989104, 0.0030745,0.00782119,0.0108957
0.04,0.35 ,0.988181, 0.00307473,0.00874404,0.0118188
0.04,0.36 ,0.98699, 0.00307497,0.00993473,0.0130097
0.04,0.37 ,0.985401, 0.00307521,0.0115242,0.0145994
0.04,0.38 ,0.983185, 0.00307545,0.0137391,0.0168145
0.04,0.39 ,0.979927, 0.0030757,0.0169975,0.0200732
0.04,0.4 ,0.974805, 0.00307595,0.0221195,0.0251954
0.04,0.41 ,0.966183, 0.00307619,0.0307413,0.0338175
0.04,0.42 ,0.951278, 0.00307645,0.0456456,0.048722
0.04,0.43 ,0.927783, 0.0030767,0.0691399,0.0722166
0.04,0.44 ,0.897221, 0.00307695,0.0997016,0.102779
0.04,0.45 ,0.863354, 0.00307721,0.133568,0.136646
0.04,0.46 ,0.828812, 0.00307747,0.168111,0.171188
0.04,0.47 ,0.794849, 0.00307774,0.202074,0.205151
0.04,0.48 ,0.762003, 0.003078,0.234919,0.237997
0.04,0.49 ,0.730487, 0.00307827,0.266435,0.269513
0.04,0.5 ,0.700366, 0.00307854,0.296556,0.299634
0.04,0.51 ,0.671636, 0.00307881,0.325285,0.328364
0.04,0.52 ,0.64426, 0.00307909,0.352661,0.35574
0.04,0.53 ,0.618183, 0.00307936,0.378737,0.381817
0.04,0.54 ,0.593347, 0.00307964,0.403574,0.406653
0.04,0.55 ,0.569687, 0.00307993,0.427233,0.430313
0.04,0.56 ,0.547142, 0.00308021,0.449778,0.452858
0.04,0.57 ,0.525652, 0.0030805,0.471268,0.474348
0.04,0.58 ,0.505159, 0.00308079,0.49176,0.494841
0.04,0.59 ,0.485608, 0.00308108,0.51131,0.514392
0.04,0.6 ,0.466949, 0.00308138,0.52997,0.533051
0.04,0.61 ,0.449131, 0.00308168,0.547787,0.550869
0.04,0.62 ,0.43211, 0.00308198,0.564808,0.56789
0.04,0.63 ,0.415843, 0.00308229,0.581075,0.584157
0.04,0.64 ,0.400288, 0.0030826,0.596629,0.599712
0.04,0.65 ,0.385409, 0.00308291,0.611508,0.614591
0.04,0.66 ,0.37117, 0.00308322,0.625747,0.62883
0.04,0.67 ,0.357537, 0.00308354,0.639379,0.642463
0.04,0.68 ,0.34448, 0.00308386,0.652436,0.65552
0.04,0.69 ,0.331969, 0.00308419,0.664947,0.668031
0.04,0.7 ,0.319977, 0.00308452,0.676939,0.680023
0.04,0.71 ,0.308477, 0.00308485,0.688438,0.691523
0.04,0.72 ,0.297446, 0.00308518,0.699468,0.702554
0.04,0.73 ,0.286861, 0.00308552,0.710053,0.713139
0.04,0.74 ,0.2767, 0.00308586,0.720214,0.7233
0.04,0.75 ,0.266943, 0.00308621,0.729971,0.733057
0.04,0.76 ,0.257571, 0.00308656,0.739343,0.742429
0.04,0.77 ,0.248565, 0.00308691,0.748348,0.751435
0.04,0.78 ,0.239909, 0.00308727,0.757004,0.760091
0.04,0.79 ,0.231587, 0.00308763,0.765326,0.768413
0.04,0.8 ,0.223583, 0.00308799,0.773329,0.776417
0.04,0.81 ,0.215884, 0.00308836,0.781028,0.784116
0.04,0.82 ,0.208475, 0.00308873,0.788436,0.791525
0.04,0.83 ,0.201344, 0.00308911,0.795567,0.798656
0.04,0.84 ,0.194479, 0.00308949,0.802432,0.805521
0.04,0.85 ,0.187867, 0.00308988,0.809043,0.812133
0.04,0.86 ,0.181499, 0.00309026,0.81541,0.818501
0.04,0.87 ,0.175364, 0.00309066,0.821545,0.824636
0.04,0.88 ,0.169452, 0.00309106,0.827457,0.830548
0.04,0.89 ,0.163753, 0.00309146,0.833155,0.836247
0.04,0.9 ,0.15826, 0.00309187,0.838648,0.84174
0.04,0.91 ,0.152962, 0.00309228,0.843945,0.847038
0.04,0.92 ,0.147853, 0.0030927,0.849054,0.852147
0.04,0.93 ,0.142925, 0.00309312,0.853982,0.857075
0.04,0.94 ,0.13817, 0.00309355,0.858736,0.86183
0.04,0.95 ,0.133582, 0.00309398,0.863324,0.866418
0.04,0.96 ,0.129153, 0.00309442,0.867752,0.870847
0.04,0.97 ,0.124879, 0.00309486,0.872027,0.875121
0.04,0.98 ,0.120751, 0.00309531,0.876153,0.879249
0.04,0.99 ,0.116766, 0.00309576,0.880138,0.883234
0.04,1 ,0.112918, 0.00309622,0.883986,0.887082
0.05,0 ,0.994761, 0.0030685,0.00217048,0.00523898
0.05,0.01 ,0.994726, 0.00306868,0.0022055,0.00527418
0.05,0.02 ,0.994689, 0.00306886,0.00224222,0.00531108
0.05,0.03 ,0.99465, 0.00306904,0.00228077,0.00534982
0.05,0.04 ,0.994609, 0.00306923,0.0023213,0.00539053
0.05,0.05 ,0.994567, 0.00306942,0.00236396,0.00543337
0.05,0.06 ,0.994521, 0.0030696,0.00240892,0.00547852
0.05,0.07 ,0.994474, 0.00306979,0.00245638,0.00552617
0.05,0.08 ,0.994423, 0.00306998,0.00250656,0.00557655
0.05,0.09 ,0.99437, 0.00307018,0.0025597,0.00562988
0.05,0.1 ,0.994314, 0.00307037,0.00261608,0.00568645
0.05,0.11 ,0.994253, 0.00307056,0.00267599,0.00574656
0.05,0.12 ,0.994189, 0.00307076,0.00273979,0.00581056
0.05,0.13 ,0.994121, 0.00307096,0.00280788,0.00587884
0.05,0.14 ,0.994048, 0.00307116,0.0028807,0.00595185
0.05,0.15 ,0.99397, 0.00307136,0.00295876,0.00603012
0.05,0.16 ,0.993886, 0.00307156,0.00304266,0.00611422
0.05,0.17 ,0.993795, 0.00307177,0.00313309,0.00620485
0.05,0.18 ,0.993697, 0.00307197,0.00323084,0.00630281
0.05,0.19 ,0.993591, 0.00307218,0.00333684,0.00640901
0.05,0.2 ,0.993475, 0.00307239,0.00345218,0.00652457
0.05,0.21 ,0.993349, 0.0030726,0.00357817,0.00665077
0.05,0.22 ,0.993211, 0.00307281,0.00371636,0.00678917
0.05,0.23 ,0.993058, 0.00307303,0.00386861,0.00694164
0.05,0.24 ,0.99289, 0.00307324,0.00403718,0.00711042
0.05,0.25 ,0.992702, 0.00307346,0.00422486,0.00729832
0.05,0.26 ,0.992491, 0.00307368,0.00443507,0.00750875
0.05,0.27 ,0.992254, 0.0030739,0.00467215,0.00774604
0.05,0.28 ,0.991984, 0.00307412,0.00494156,0.00801568
0.05,0.29 ,0.991675, 0.00307435,0.00525039,0.00832473
0.05,0.3 ,0.991318, 0.00307457,0.00560792,0.00868249
0.05,0.31 ,0.990899, 0.0030748,0.00602656,0.00910136
0.05,0.32 ,0.990402, 0.00307503,0.0065233,0.00959833
0.05,0.33 ,0.989803, 0.00307526,0.00712192,0.0101972
0.05,0.34 ,0.989068, 0.0030755,0.00785682,0.0109323
0.05,0.35 ,0.988145, 0.00307574,0.00877937,0.0118551
0.05,0.36 ,0.986954, 0.00307597,0.00996961,0.0130456
0.05,0.37 ,0.985365, 0.00307621,0.0115584,0.0146346
0.05,0.38 ,0.983151, 0.00307646,0.0137721,0.0168485
0.05,0.39 ,0.979895, 0.0030767,0.0170285,0.0201052
0.05,0.4 ,0.974776, 0.00307695,0.0221466,0.0252236
0.05,0.41 ,0.966162, 0.0030772,0.0307609,0.0338381
0.05,0.42 ,0.95127, 0.00307745,0.045652,0.0487295
0.05,0.43 ,0.927791, 0.0030777,0.0691308,0.0722085
0.05,0.44 ,0.897241, 0.00307796,0.0996815,0.102759
0.05,0.45 ,0.863379, 0.00307822,0.133543,0.136621
0.05,0.46 ,0.828839, 0.00307848,0.168083,0.171161
0.05,0.47 ,0.794877, 0.00307874,0.202044,0.205123
0.05,0.48 ,0.762032, 0.003079,0.234889,0.237968
0.05,0.49 ,0.730515, 0.00307927,0.266405,0.269485
0.05,0.5 ,0.700394, 0.00307954,0.296526,0.299606
0.05,0.51 ,0.671664, 0.00307981,0.325256,0.328336
0.05,0.52 ,0.644288, 0.00308009,0.352632,0.355712
0.05,0.53 ,0.618211, 0.00308036,0.378709,0.381789
0.05,0.54 ,0.593373, 0.00308064,0.403546,0.406627
0.05,0.55 ,0.569713, 0.00308093,0.427206,0.430287
0.05,0.56 ,0.547167, 0.00308121,0.449751,0.452833
0.05,0.57 ,0.525677, 0.0030815,0.471242,0.474323
0.05,0.58 ,0.505183, 0.00308179,0.491735,0.494817
0.05,0.59 ,0.485632, 0.00308209,0.511286,0.514368
0.05,0.6 ,0.466972, 0.00308238,0.529945,0.533028
0.05,0.61 ,0.449154, 0.00308268,0.547763,0.550846
0.05,0.62 ,0.432133, 0.00308298,0.564784,0.567867
0.05,0.63 ,0.415865, 0.00308329,0.581052,0.584135
0.05,0.64 ,0.40031, 0.0030836,0.596607,0.59969
0.05,0.65 ,0.38543, 0.00308391,0.611486,0.61457
0.05,0.66 ,0.37119, 0.00308423,0.625726,0.62881
0.05,0.67 ,0.357557, 0.00308454,0.639358,0.642443
0.05,0.68 ,0.3445, 0.00308486,0.652415,0.6555
0.05,0.69 ,0.331988, 0.00308519,0.664927,0.668012
0.05,0.7 ,0.319996, 0.00308552,0.676919,0.680004
0.05,0.71 ,0.308496, 0.00308585,0.688418,0.691504
0.05,0.72 ,0.297464, 0.00308618,0.699449,0.702536
0.05,0.73 ,0.286879, 0.00308652,0.710035,0.713121
0.05,0.74 ,0.276717, 0.00308686,0.720196,0.723283
0.05,0.75 ,0.26696, 0.00308721,0.729953,0.73304
0.05,0.76 ,0.257587, 0.00308756,0.739325,0.742413
0.05,0.77 ,0.248581, 0.00308791,0.748331,0.751419
0.05,0.78 ,0.239925, 0.00308827,0.756987,0.760075
0.05,0.79 ,0.231602, 0.00308863,0.765309,0.768398
0.05,0.8 ,0.223598, 0.00308899,0.773313,0.776402
0.05,0.81 ,0.215899, 0.00308936,0.781012,0.784101
0.05,0.82 ,0.208489, 0.00308973,0.788421,0.791511
0.05,0.83 ,0.201358, 0.00309011,0.795552,0.798642
0.05,0.84 ,0.194492, 0.00309049,0.802417,0.805508
0.05,0.85 ,0.187881, 0.00309088,0.809028,0.812119
0.05,0.86 ,0.181513, 0.00309127,0.815396,0.818487
0.05,0.87 ,0.175377, 0.00309166,0.821531,0.824623
0.05,0.88 ,0.169465, 0.00309206,0.827443,0.830535
0.05,0.89 ,0.163766, 0.00309246,0.833142,0.836234
0.05,0.9 ,0.158272, 0.00309287,0.838635,0.841728
0.05,0.91 ,0.152974, 0.00309328,0.843932,0.847026
0.05,0.92 ,0.147865, 0.0030937,0.849041,0.852135
0.05,0.93 ,0.142936, 0.00309412,0.853969,0.857064
0.05,0.94 ,0.138181, 0.00309455,0.858724,0.861819
0.05,0.95 ,0.133593, 0.00309498,0.863312,0.866407
0.05,0.96 ,0.129164, 0.00309542,0.867741,0.870836
0.05,0.97 ,0.124889, 0.00309586,0.872015,0.875111
0.05,0.98 ,0.120762, 0.00309631,0.876142,0.879238
0.05,0.99 ,0.116776, 0.00309676,0.880127,0.883224
0.05,1 ,0.112927, 0.00309722,0.883975,0.887073
0.06,0 ,0.994722, 0.00306951,0.00220842,0.00527792
0.06,0.01 ,0.994687, 0.00306969,0.00224343,0.00531312
0.06,0.02 ,0.99465, 0.00306987,0.00228015,0.00535002
0.06,0.03 ,0.994611, 0.00307005,0.0023187,0.00538876
0.06,0.04 ,0.994571, 0.00307024,0.00235923,0.00542947
0.06,0.05 ,0.994528, 0.00307043,0.00240188,0.00547231
0.06,0.06 ,0.994483, 0.00307061,0.00244684,0.00551746
0.06,0.07 ,0.994435, 0.0030708,0.0024943,0.00556511
0.06,0.08 ,0.994385, 0.00307099,0.00254448,0.00561547
0.06,0.09 ,0.994331, 0.00307119,0.00259762,0.00566881
0.06,0.1 ,0.994275, 0.00307138,0.00265399,0.00572537
0.06,0.11 ,0.994215, 0.00307157,0.0027139,0.00578548
0.06,0.12 ,0.994151, 0.00307177,0.0027777,0.00584947
0.06,0.13 ,0.994082, 0.00307197,0.00284578,0.00591775
0.06,0.14 ,0.994009, 0.00307217,0.00291859,0.00599076
0.06,0.15 ,0.993931, 0.00307237,0.00299665,0.00606902
0.06,0.16 ,0.993847, 0.00307257,0.00308055,0.00615312
0.06,0.17 ,0.993756, 0.00307278,0.00317097,0.00624374
0.06,0.18 ,0.993658, 0.00307298,0.00326871,0.00634169
0.06,0.19 ,0.993552, 0.00307319,0.0033747,0.00644789
0.06,0.2 ,0.993437, 0.0030734,0.00349004,0.00656343
0.06,0.21 ,0.99331, 0.00307361,0.00361602,0.00668963
0.06,0.22 ,0.993172, 0.00307382,0.00375419,0.00682801
0.06,0.23 ,0.99302, 0.00307403,0.00390642,0.00698046
0.06,0.24 ,0.992851, 0.00307425,0.00407498,0.00714923
0.06,0.25 ,0.992663, 0.00307447,0.00426263,0.0073371
0.06,0.26 ,0.992452, 0.00307469,0.00447282,0.0075475
0.06,0.27 ,0.992215, 0.00307491,0.00470985,0.00778476
0.06,0.28 ,0.991946, 0.00307513,0.00497922,0.00805436
0.06,0.29 ,0.991637, 0.00307536,0.005288,0.00836336
0.06,0.3 ,0.991279, 0.00307558,0.00564546,0.00872105
0.06,0.31 ,0.99086, 0.00307581,0.00606402,0.00913983
0.06,0.32 ,0.990363, 0.00307604,0.00656064,0.00963668
0.06,0.33 ,0.989765, 0.00307627,0.00715911,0.0102354
0.06,0.34 ,0.98903, 0.00307651,0.00789379,0.0109703
0.06,0.35 ,0.988107, 0.00307674,0.00881603,0.0118928
0.06,0.36 ,0.986917, 0.00307698,0.0100058,0.0130828
0.06,0.37 ,0.985329, 0.00307722,0.0115939,0.0146711
0.06,0.38 ,0.983116, 0.00307747,0.0138064,0.0168838
0.06,0.39 ,0.979862, 0.00307771,0.0170606,0.0201383
0.06,0.4 ,0.974747, 0.00307796,0.0221748,0.0252528
0.06,0.41 ,0.966141, 0.00307821,0.0307812,0.0338595
0.06,0.42 ,0.951263, 0.00307846,0.0456588,0.0487372
0.06,0.43 ,0.9278, 0.00307871,0.0691215,0.0722002
0.06,0.44 ,0.89726, 0.00307897,0.0996607,0.10274
0.06,0.45 ,0.863405, 0.00307922,0.133516,0.136595
0.06,0.46 ,0.828867, 0.00307948,0.168053,0.171133
0.06,0.47 ,0.794907, 0.00307975,0.202014,0.205093
0.06,0.48 ,0.762062, 0.00308001,0.234858,0.237938
0.06,0.49 ,0.730545, 0.00308028,0.266374,0.269455
0.06,0.5 ,0.700424, 0.00308055,0.296495,0.299576
0.06,0.51 ,0.671693, 0.00308082,0.325226,0.328307
0.06,0.52 ,0.644316, 0.0030811,0.352603,0.355684
0.06,0.53 ,0.618239, 0.00308137,0.37868,0.381761
0.06,0.54 ,0.593401, 0.00308165,0.403518,0.406599
0.06,0.55 ,0.56974, 0.00308194,0.427178,0.43026
0.06,0.56 ,0.547194, 0.00308222,0.449724,0.452806
0.06,0.57 ,0.525703, 0.00308251,0.471215,0.474297
0.06,0.58 ,0.505209, 0.0030828,0.491709,0.494791
0.06,0.59 ,0.485657, 0.00308309,0.51126,0.514343
0.06,0.6 ,0.466996, 0.00308339,0.52992,0.533004
0.06,0.61 ,0.449178, 0.00308369,0.547738,0.550822
0.06,0.62 ,0.432156, 0.00308399,0.56476,0.567844
0.06,0.63 ,0.415887, 0.0030843,0.581028,0.584113
0.06,0.64 ,0.400332, 0.00308461,0.596584,0.599668
0.06,0.65 ,0.385452, 0.00308492,0.611463,0.614548
0.06,0.66 ,0.371211, 0.00308523,0.625703,0.628789
0.06,0.67 ,0.357578, 0.00308555,0.639336,0.642422
0.06,0.68 ,0.34452, 0.00308587,0.652394,0.65548
0.06,0.69 ,0.332008, 0.0030862,0.664906,0.667992
0.06,0.7 ,0.320015, 0.00308653,0.676898,0.679985
0.06,0.71 ,0.308515, 0.00308686,0.688398,0.691485
0.06,0.72 ,0.297483, 0.00308719,0.69943,0.702517
0.06,0.73 ,0.286897, 0.00308753,0.710015,0.713103
0.06,0.74 ,0.276735, 0.00308787,0.720177,0.723265
0.06,0.75 ,0.266977, 0.00308822,0.729935,0.733023
0.06,0.76 ,0.257604, 0.00308857,0.739307,0.742396
0.06,0.77 ,0.248598, 0.00308892,0.748313,0.751402
0.06,0.78 ,0.239941, 0.00308928,0.75697,0.760059
0.06,0.79 ,0.231618, 0.00308964,0.765292,0.768382
0.06,0.8 ,0.223614, 0.00309,0.773296,0.776386
0.06,0.81 ,0.215914, 0.00309037,0.780996,0.784086
0.06,0.82 ,0.208504, 0.00309074,0.788405,0.791496
0.06,0.83 ,0.201373, 0.00309112,0.795536,0.798627
0.06,0.84 ,0.194507, 0.0030915,0.802402,0.805493
0.06,0.85 ,0.187895, 0.00309188,0.809013,0.812105
0.06,0.86 ,0.181526, 0.00309227,0.815381,0.818474
0.06,0.87 ,0.175391, 0.00309267,0.821517,0.824609
0.06,0.88 ,0.169478, 0.00309307,0.827429,0.830522
0.06,0.89 ,0.163779, 0.00309347,0.833128,0.836221
0.06,0.9 ,0.158285, 0.00309388,0.838622,0.841715
0.06,0.91 ,0.152987, 0.00309429,0.843919,0.847013
0.06,0.92 ,0.147877, 0.00309471,0.849028,0.852123
0.06,0.93 ,0.142948, 0.00309513,0.853957,0.857052
0.06,0.94 ,0.138193, 0.00309556,0.858712,0.861807
0.06,0.95 ,0.133604, 0.00309599,0.8633,0.866396
0.06,0.96 ,0.129175, 0.00309643,0.867728,0.870825
0.06,0.97 ,0.1249, 0.00309687,0.872003,0.8751
0.06,0.98 ,0.120772, 0.00309732,0.87613,0.879228
0.06,0.99 ,0.116787, 0.00309777,0.880116,0.883213
0.06,1 ,0.112938, 0.00309823,0.883964,0.887062
0.07,0 ,0.994682, 0.00307052,0.0022478,0.00531832
0.07,0.01 ,0.994646, 0.0030707,0.00228282,0.00535352
0.07,0.02 ,0.99461, 0.00307089,0.00231953,0.00539042
0.07,0.03 ,0.994571, 0.00307107,0.00235808,0.00542915
0.07,0.04 ,0.99453, 0.00307126,0.00239861,0.00546986
0.07,0.05 ,0.994487, 0.00307144,0.00244126,0.0055127
0.07,0.06 ,0.994442, 0.00307163,0.00248622,0.00555785
0.07,0.07 ,0.994395, 0.00307182,0.00253368,0.00560549
0.07,0.08 ,0.994344, 0.00307201,0.00258385,0.00565586
0.07,0.09 ,0.994291, 0.0030722,0.00263699,0.00570919
0.07,0.1 ,0.994234, 0.0030724,0.00269335,0.00576575
0.07,0.11 ,0.994174, 0.00307259,0.00275326,0.00582585
0.07,0.12 ,0.99411, 0.00307279,0.00281706,0.00588984
0.07,0.13 ,0.994042, 0.00307298,0.00288513,0.00595812
0.07,0.14 ,0.993969, 0.00307318,0.00295794,0.00603112
0.07,0.15 ,0.993891, 0.00307339,0.00303599,0.00610938
0.07,0.16 ,0.993807, 0.00307359,0.00311988,0.00619347
0.07,0.17 ,0.993716, 0.00307379,0.0032103,0.00628409
0.07,0.18 ,0.993618, 0.003074,0.00330803,0.00638203
0.07,0.19 ,0.993512, 0.00307421,0.00341401,0.00648822
0.07,0.2 ,0.993396, 0.00307441,0.00352934,0.00660375
0.07,0.21 ,0.99327, 0.00307462,0.00365531,0.00672993
0.07,0.22 ,0.993132, 0.00307484,0.00379347,0.0068683
0.07,0.23 ,0.992979, 0.00307505,0.00394568,0.00702073
0.07,0.24 ,0.992811, 0.00307527,0.00411422,0.00718948
0.07,0.25 ,0.992623, 0.00307548,0.00430184,0.00737733
0.07,0.26 ,0.992412, 0.0030757,0.004512,0.00758771
0.07,0.27 ,0.992175, 0.00307592,0.00474901,0.00782493
0.07,0.28 ,0.991906, 0.00307615,0.00501833,0.00809448
0.07,0.29 ,0.991597, 0.00307637,0.00532706,0.00840343
0.07,0.3 ,0.991239, 0.0030766,0.00568445,0.00876105
0.07,0.31 ,0.99082, 0.00307683,0.00610292,0.00917974
0.07,0.32 ,0.990324, 0.00307706,0.00659942,0.00967647
0.07,0.33 ,0.989725, 0.00307729,0.00719773,0.010275
0.07,0.34 ,0.98899, 0.00307752,0.00793218,0.0110097
0.07,0.35 ,0.988068, 0.00307776,0.00885411,0.0119319
0.07,0.36 ,0.986879, 0.003078,0.0100434,0.0131214
0.07,0.37 ,0.985291, 0.00307824,0.0116307,0.0147089
0.07,0.38 ,0.98308, 0.00307848,0.013842,0.0169205
0.07,0.39 ,0.979827, 0.00307873,0.0170941,0.0201728
0.07,0.4 ,0.974717, 0.00307897,0.0222041,0.0252831
0.07,0.41 ,0.966118, 0.00307922,0.0308024,0.0338817
0.07,0.42 ,0.951255, 0.00307947,0.0456659,0.0487453
0.07,0.43 ,0.927808, 0.00307973,0.0691119,0.0721916
0.07,0.44 ,0.897281, 0.00307998,0.0996392,0.102719
0.07,0.45 ,0.863431, 0.00308024,0.133488,0.136569
0.07,0.46 ,0.828897, 0.0030805,0.168023,0.171103
0.07,0.47 ,0.794937, 0.00308076,0.201982,0.205063
0.07,0.48 ,0.762093, 0.00308103,0.234826,0.237907
0.07,0.49 ,0.730576, 0.0030813,0.266342,0.269424
0.07,0.5 ,0.700455, 0.00308157,0.296464,0.299545
0.07,0.51 ,0.671724, 0.00308184,0.325194,0.328276
0.07,0.52 ,0.644346, 0.00308211,0.352572,0.355654
0.07,0.53 ,0.618268, 0.00308239,0.37865,0.381732
0.07,0.54 ,0.593429, 0.00308267,0.403488,0.406571
0.07,0.55 ,0.569768, 0.00308295,0.427149,0.430232
0.07,0.56 ,0.547221, 0.00308324,0.449696,0.452779
0.07,0.57 ,0.525729, 0.00308353,0.471187,0.474271
0.07,0.58 ,0.505235, 0.00308382,0.491681,0.494765
0.07,0.59 ,0.485683, 0.00308411,0.511233,0.514317
0.07,0.6 ,0.467022, 0.00308441,0.529894,0.532978
0.07,0.61 ,0.449203, 0.00308471,0.547713,0.550797
0.07,0.62 ,0.43218, 0.00308501,0.564735,0.56782
0.07,0.63 ,0.415911, 0.00308531,0.581004,0.584089
0.07,0.64 ,0.400355, 0.00308562,0.59656,0.599645
0.07,0.65 ,0.385474, 0.00308594,0.61144,0.614526
0.07,0.66 ,0.371233, 0.00308625,0.62568,0.628767
