Betapv,Betamv,V,Rs,Rv,P
0,0 ,0.993235, 0.00476453,0.002,0.00676453
0,0.01 ,0.993138, 0.00476675,0.00209494,0.00686169
0,0.02 ,0.993032, 0.004769,0.0021987,0.00696769
0,0.03 ,0.992916, 0.00477128,0.00231254,0.00708382
0,0.04 ,0.992788, 0.00477359,0.00243801,0.0072116
0,0.05 ,0.992647, 0.00477593,0.00257698,0.00735291
0,0.06 ,0.99249, 0.0047783,0.00273174,0.00751005
0,0.07 ,0.992314, 0.00478071,0.00290513,0.00768584
0,0.08 ,0.992116, 0.00478315,0.00310071,0.00788387
0,0.09 ,0.991891, 0.00478563,0.00332301,0.00810864
0,0.1 ,0.991634, 0.00478814,0.00357788,0.00836602
0,0.11 ,0.991336, 0.00479068,0.003873,0.00866368
0,0.12 ,0.990988, 0.00479326,0.00421865,0.00901192
0,0.13 ,0.990575, 0.00479588,0.00462894,0.00942482
0,0.14 ,0.990078, 0.00479854,0.0051237,0.00992224
0,0.15 ,0.989467, 0.00480124,0.00573175,0.010533
0,0.16 ,0.988699, 0.00480398,0.00649654,0.0113005
0,0.17 ,0.987707, 0.00480676,0.00748661,0.0122934
0,0.18 ,0.986374, 0.00480958,0.00881643,0.013626
0,0.19 ,0.984496, 0.00481244,0.0106911,0.0155036
0,0.2 ,0.981671, 0.00481535,0.0135135,0.0183288
0,0.21 ,0.977011, 0.0048183,0.0181709,0.0229892
0,0.22 ,0.968281, 0.0048213,0.0268973,0.0317186
0,0.23 ,0.949563, 0.00482435,0.0456127,0.050437
0,0.24 ,0.911269, 0.00482744,0.0839036,0.088731
0,0.25 ,0.856147, 0.00483059,0.139022,0.143853
0,0.26 ,0.796877, 0.00483379,0.198289,0.203123
0,0.27 ,0.73971, 0.00483704,0.255453,0.26029
0,0.28 ,0.686392, 0.00484034,0.308767,0.313608
0,0.29 ,0.637217, 0.0048437,0.357939,0.362783
0,0.3 ,0.592031, 0.00484712,0.403122,0.407969
0,0.31 ,0.550545, 0.00485059,0.444605,0.449455
0,0.32 ,0.512441, 0.00485412,0.482705,0.487559
0,0.33 ,0.47741, 0.00485772,0.517732,0.52259
0,0.34 ,0.445166, 0.00486138,0.549972,0.554834
0,0.35 ,0.415449, 0.0048651,0.579686,0.584551
0,0.36 ,0.388023, 0.00486889,0.607108,0.611977
0,0.37 ,0.362678, 0.00487275,0.632449,0.637322
0,0.38 ,0.339226, 0.00487668,0.655897,0.660774
0,0.39 ,0.317499, 0.00488068,0.67762,0.682501
0,0.4 ,0.297346, 0.00488475,0.69777,0.702654
0,0.41 ,0.278631, 0.0048889,0.71648,0.721369
0,0.42 ,0.261233, 0.00489313,0.733874,0.738767
0,0.43 ,0.245042, 0.00489744,0.750061,0.754958
0,0.44 ,0.229961, 0.00490183,0.765138,0.770039
0,0.45 ,0.215899, 0.00490631,0.779195,0.784101
0,0.46 ,0.202777, 0.00491087,0.792312,0.797223
0,0.47 ,0.190522, 0.00491552,0.804562,0.809478
0,0.48 ,0.179067, 0.00492027,0.816012,0.820933
0,0.49 ,0.168353, 0.00492511,0.826722,0.831647
0,0.5 ,0.158323, 0.00493004,0.836747,0.841677
0,0.51 ,0.14893, 0.00493507,0.846135,0.85107
0,0.52 ,0.140125, 0.00494021,0.854935,0.859875
0,0.53 ,0.131869, 0.00494545,0.863186,0.868131
0,0.54 ,0.124121, 0.00495079,0.870928,0.875879
0,0.55 ,0.116848, 0.00495625,0.878196,0.883152
0,0.56 ,0.110017, 0.00496181,0.885021,0.889983
0,0.57 ,0.103598, 0.00496749,0.891435,0.896402
0,0.58 ,0.0975628, 0.00497329,0.897464,0.902437
0,0.59 ,0.0918872, 0.00497921,0.903134,0.908113
0,0.6 ,0.0865476, 0.00498524,0.908467,0.913452
0,0.61 ,0.0815221, 0.00499141,0.913487,0.918478
0,0.62 ,0.0767908, 0.00499769,0.918212,0.923209
0,0.63 ,0.0723351, 0.00500411,0.922661,0.927665
0,0.64 ,0.0681378, 0.00501066,0.926852,0.931862
0,0.65 ,0.0641829, 0.00501735,0.9308,0.935817
0,0.66 ,0.0604555, 0.00502416,0.93452,0.939544
0,0.67 ,0.0569418, 0.00503112,0.938027,0.943058
0,0.68 ,0.0536289, 0.00503822,0.941333,0.946371
0,0.69 ,0.0505048, 0.00504546,0.94445,0.949495
0,0.7 ,0.0475582, 0.00505285,0.947389,0.952442
0,0.71 ,0.0447787, 0.00506038,0.950161,0.955221
0,0.72 ,0.0421566, 0.00506807,0.952775,0.957843
0,0.73 ,0.0396826, 0.0050759,0.955242,0.960317
0,0.74 ,0.0373482, 0.00508389,0.957568,0.962652
0,0.75 ,0.0351454, 0.00509203,0.959763,0.964855
0,0.76 ,0.0330667, 0.00510033,0.961833,0.966933
0,0.77 ,0.031105, 0.00510879,0.963786,0.968895
0,0.78 ,0.0292537, 0.0051174,0.965629,0.970746
0,0.79 ,0.0275066, 0.00512618,0.967367,0.972493
0,0.8 ,0.0258579, 0.00513512,0.969007,0.974142
0,0.81 ,0.0243021, 0.00514422,0.970554,0.975698
0,0.82 ,0.022834, 0.00515349,0.972013,0.977166
0,0.83 ,0.0214488, 0.00516292,0.973388,0.978551
0,0.84 ,0.0201418, 0.00517253,0.974686,0.979858
0,0.85 ,0.0189089, 0.00518229,0.975909,0.981091
0,0.86 ,0.0177459, 0.00519223,0.977062,0.982254
0,0.87 ,0.0166489, 0.00520234,0.978149,0.983351
0,0.88 ,0.0156145, 0.00521262,0.979173,0.984385
0,0.89 ,0.0146392, 0.00522307,0.980138,0.985361
0,0.9 ,0.0137197, 0.0052337,0.981047,0.98628
0,0.91 ,0.012853, 0.00524449,0.981902,0.987147
0,0.92 ,0.0120363, 0.00525546,0.982708,0.987964
0,0.93 ,0.0112668, 0.0052666,0.983467,0.988733
0,0.94 ,0.010542, 0.00527791,0.98418,0.989458
0,0.95 ,0.00985948, 0.0052894,0.984851,0.990141
0,0.96 ,0.00921689, 0.00530107,0.985482,0.990783
0,0.97 ,0.00861207, 0.0053129,0.986075,0.991388
0,0.98 ,0.00804298, 0.00532491,0.986632,0.991957
0,0.99 ,0.00750766, 0.0053371,0.987155,0.992492
0,1 ,0.00700428, 0.00534946,0.987646,0.992996
0.01,0 ,0.993149, 0.00476871,0.00208255,0.00685126
0.01,0.01 ,0.993052, 0.00477093,0.00217748,0.00694842
0.01,0.02 ,0.992946, 0.00477318,0.00228123,0.00705441
0.01,0.03 ,0.992829, 0.00477546,0.00239506,0.00717053
0.01,0.04 ,0.992702, 0.00477778,0.00252052,0.0072983
0.01,0.05 ,0.99256, 0.00478012,0.00265947,0.00743959
0.01,0.06 ,0.992403, 0.00478249,0.00281422,0.00759671
0.01,0.07 ,0.992228, 0.0047849,0.00298758,0.00777248
0.01,0.08 ,0.99203, 0.00478734,0.00318314,0.00797048
0.01,0.09 ,0.991805, 0.00478981,0.00340541,0.00819522
0.01,0.1 ,0.991547, 0.00479232,0.00366023,0.00845256
0.01,0.11 ,0.99125, 0.00479487,0.00395529,0.00875016
0.01,0.12 ,0.990902, 0.00479745,0.00430087,0.00909832
0.01,0.13 ,0.990489, 0.00480007,0.00471106,0.00951113
0.01,0.14 ,0.989992, 0.00480273,0.00520568,0.0100084
0.01,0.15 ,0.989381, 0.00480542,0.00581354,0.010619
0.01,0.16 ,0.988614, 0.00480816,0.00657805,0.0113862
0.01,0.17 ,0.987621, 0.00481094,0.00756769,0.0123786
0.01,0.18 ,0.986289, 0.00481376,0.00889682,0.0137106
0.01,0.19 ,0.984413, 0.00481662,0.0107703,0.015587
0.01,0.2 ,0.98159, 0.00481953,0.0135904,0.0184099
0.01,0.21 ,0.976935, 0.00482248,0.018243,0.0230654
0.01,0.22 ,0.968217, 0.00482548,0.0269573,0.0317828
0.01,0.23 ,0.94953, 0.00482853,0.0456413,0.0504698
0.01,0.24 ,0.911287, 0.00483163,0.0838811,0.0887128
0.01,0.25 ,0.856197, 0.00483477,0.138968,0.143803
0.01,0.26 ,0.796939, 0.00483797,0.198223,0.203061
0.01,0.27 ,0.739774, 0.00484122,0.255385,0.260226
0.01,0.28 ,0.686456, 0.00484452,0.3087,0.313544
0.01,0.29 ,0.637279, 0.00484788,0.357873,0.362721
0.01,0.3 ,0.592091, 0.00485129,0.403057,0.407909
0.01,0.31 ,0.550603, 0.00485477,0.444542,0.449397
0.01,0.32 ,0.512497, 0.0048583,0.482645,0.487503
0.01,0.33 ,0.477464, 0.0048619,0.517674,0.522536
0.01,0.34 ,0.445219, 0.00486556,0.549916,0.554781
0.01,0.35 ,0.415499, 0.00486928,0.579632,0.584501
0.01,0.36 ,0.388071, 0.00487307,0.607056,0.611929
0.01,0.37 ,0.362724, 0.00487692,0.632399,0.637276
0.01,0.38 ,0.339271, 0.00488085,0.655848,0.660729
0.01,0.39 ,0.317542, 0.00488485,0.677573,0.682458
0.01,0.4 ,0.297387, 0.00488893,0.697724,0.702613
0.01,0.41 ,0.27867, 0.00489308,0.716437,0.72133
0.01,0.42 ,0.261271, 0.0048973,0.733832,0.738729
0.01,0.43 ,0.245079, 0.00490161,0.75002,0.754921
0.01,0.44 ,0.229996, 0.004906,0.765098,0.770004
0.01,0.45 ,0.215933, 0.00491048,0.779156,0.784067
0.01,0.46 ,0.20281, 0.00491504,0.792275,0.79719
0.01,0.47 ,0.190554, 0.00491969,0.804527,0.809446
0.01,0.48 ,0.179098, 0.00492444,0.815978,0.820902
0.01,0.49 ,0.168382, 0.00492927,0.826689,0.831618
0.01,0.5 ,0.158351, 0.00493421,0.836714,0.841649
0.01,0.51 ,0.148957, 0.00493924,0.846104,0.851043
0.01,0.52 ,0.140151, 0.00494437,0.854904,0.859849
0.01,0.53 ,0.131894, 0.00494961,0.863157,0.868106
0.01,0.54 ,0.124145, 0.00495496,0.8709,0.875855
0.01,0.55 ,0.116871, 0.00496041,0.878168,0.883129
0.01,0.56 ,0.110039, 0.00496597,0.884995,0.889961
0.01,0.57 ,0.103619, 0.00497165,0.891409,0.896381
0.01,0.58 ,0.0975834, 0.00497745,0.897439,0.902417
0.01,0.59 ,0.0919071, 0.00498336,0.90311,0.908093
0.01,0.6 ,0.0865667, 0.0049894,0.908444,0.913433
0.01,0.61 ,0.0815405, 0.00499556,0.913464,0.918459
0.01,0.62 ,0.0768085, 0.00500185,0.91819,0.923191
0.01,0.63 ,0.0723522, 0.00500826,0.92264,0.927648
0.01,0.64 ,0.0681542, 0.00501481,0.926831,0.931846
0.01,0.65 ,0.0641987, 0.00502149,0.93078,0.935801
0.01,0.66 ,0.0604707, 0.00502831,0.934501,0.939529
0.01,0.67 ,0.0569564, 0.00503527,0.938008,0.943044
0.01,0.68 ,0.0536429, 0.00504237,0.941315,0.946357
0.01,0.69 ,0.0505182, 0.00504961,0.944432,0.949482
0.01,0.7 ,0.0475711, 0.00505699,0.947372,0.952429
0.01,0.71 ,0.0447912, 0.00506452,0.950144,0.955209
0.01,0.72 ,0.0421685, 0.00507221,0.952759,0.957831
0.01,0.73 ,0.039694, 0.00508004,0.955226,0.960306
0.01,0.74 ,0.0373592, 0.00508802,0.957553,0.962641
0.01,0.75 ,0.035156, 0.00509616,0.959748,0.964844
0.01,0.76 ,0.0330768, 0.00510446,0.961819,0.966923
0.01,0.77 ,0.0311147, 0.00511292,0.963772,0.968885
0.01,0.78 ,0.029263, 0.00512153,0.965615,0.970737
0.01,0.79 ,0.0275156, 0.0051303,0.967354,0.972484
0.01,0.8 ,0.0258665, 0.00513924,0.968994,0.974134
0.01,0.81 ,0.0243103, 0.00514834,0.970541,0.97569
0.01,0.82 ,0.0228419, 0.00515761,0.972001,0.977158
0.01,0.83 ,0.0214563, 0.00516704,0.973377,0.978544
0.01,0.84 ,0.020149, 0.00517664,0.974674,0.979851
0.01,0.85 ,0.0189158, 0.00518641,0.975898,0.981084
0.01,0.86 ,0.0177525, 0.00519634,0.977051,0.982248
0.01,0.87 ,0.0166553, 0.00520645,0.978138,0.983345
0.01,0.88 ,0.0156205, 0.00521673,0.979163,0.984379
0.01,0.89 ,0.0146449, 0.00522718,0.980128,0.985355
0.01,0.9 ,0.0137252, 0.0052378,0.981037,0.986275
0.01,0.91 ,0.0128583, 0.00524859,0.981893,0.987142
0.01,0.92 ,0.0120413, 0.00525955,0.982699,0.987959
0.01,0.93 ,0.0112716, 0.00527069,0.983458,0.988728
0.01,0.94 ,0.0105466, 0.00528201,0.984171,0.989453
0.01,0.95 ,0.00986384, 0.00529349,0.984843,0.990136
0.01,0.96 ,0.00922104, 0.00530515,0.985474,0.990779
0.01,0.97 ,0.00861602, 0.00531699,0.986067,0.991384
0.01,0.98 ,0.00804674, 0.00532899,0.986624,0.991953
0.01,0.99 ,0.00751124, 0.00534118,0.987148,0.992489
0.01,1 ,0.00700769, 0.00535353,0.987639,0.992992
0.02,0 ,0.993057, 0.00477295,0.00217054,0.0069435
0.02,0.01 ,0.992959, 0.00477517,0.00226547,0.00704064
0.02,0.02 ,0.992853, 0.00477742,0.0023692,0.00714663
0.02,0.03 ,0.992737, 0.0047797,0.00248302,0.00726273
0.02,0.04 ,0.99261, 0.00478202,0.00260847,0.00739048
0.02,0.05 ,0.992468, 0.00478436,0.00274741,0.00753177
0.02,0.06 ,0.992311, 0.00478673,0.00290213,0.00768886
0.02,0.07 ,0.992135, 0.00478914,0.00307547,0.00786461
0.02,0.08 ,0.991937, 0.00479158,0.003271,0.00806258
0.02,0.09 ,0.991713, 0.00479405,0.00349323,0.00828728
0.02,0.1 ,0.991455, 0.00479656,0.00374801,0.00854457
0.02,0.11 ,0.991158, 0.00479911,0.00404301,0.00884212
0.02,0.12 ,0.99081, 0.00480169,0.00438851,0.0091902
0.02,0.13 ,0.990397, 0.00480431,0.0047986,0.0096029
0.02,0.14 ,0.9899, 0.00480696,0.00529308,0.0101
0.02,0.15 ,0.98929, 0.00480966,0.00590074,0.0107104
0.02,0.16 ,0.988523, 0.0048124,0.00666495,0.0114773
0.02,0.17 ,0.987531, 0.00481518,0.00765414,0.0124693
0.02,0.18 ,0.986199, 0.004818,0.00898253,0.0138005
0.02,0.19 ,0.984324, 0.00482086,0.0108548,0.0156756
0.02,0.2 ,0.981504, 0.00482377,0.0136724,0.0184962
0.02,0.21 ,0.976853, 0.00482672,0.0183198,0.0231466
0.02,0.22 ,0.968149, 0.00482972,0.0270214,0.0318511
0.02,0.23 ,0.949495, 0.00483276,0.0456721,0.0505049
0.02,0.24 ,0.911306, 0.00483586,0.0838577,0.0886936
0.02,0.25 ,0.856251, 0.004839,0.13891,0.143749
0.02,0.26 ,0.797003, 0.0048422,0.198154,0.202997
0.02,0.27 ,0.739842, 0.00484545,0.255313,0.260158
0.02,0.28 ,0.686523, 0.00484875,0.308628,0.313477
0.02,0.29 ,0.637346, 0.00485211,0.357802,0.362654
0.02,0.3 ,0.592155, 0.00485553,0.402989,0.407845
0.02,0.31 ,0.550665, 0.004859,0.444476,0.449335
0.02,0.32 ,0.512557, 0.00486253,0.482581,0.487443
0.02,0.33 ,0.477522, 0.00486613,0.517612,0.522478
0.02,0.34 ,0.445274, 0.00486978,0.549856,0.554726
0.02,0.35 ,0.415552, 0.00487351,0.579574,0.584448
0.02,0.36 ,0.388122, 0.00487729,0.607,0.611878
0.02,0.37 ,0.362774, 0.00488115,0.632345,0.637226
0.02,0.38 ,0.339318, 0.00488508,0.655797,0.660682
0.02,0.39 ,0.317588, 0.00488908,0.677523,0.682412
0.02,0.4 ,0.297431, 0.00489315,0.697676,0.702569
0.02,0.41 ,0.278712, 0.0048973,0.71639,0.721288
0.02,0.42 ,0.261311, 0.00490153,0.733787,0.738689
0.02,0.43 ,0.245118, 0.00490584,0.749976,0.754882
0.02,0.44 ,0.230033, 0.00491023,0.765056,0.769967
0.02,0.45 ,0.215969, 0.0049147,0.779116,0.784031
0.02,0.46 ,0.202845, 0.00491926,0.792236,0.797155
0.02,0.47 ,0.190587, 0.00492391,0.804489,0.809413
0.02,0.48 ,0.17913, 0.00492866,0.815942,0.82087
0.02,0.49 ,0.168413, 0.00493349,0.826654,0.831587
0.02,0.5 ,0.158381, 0.00493843,0.83668,0.841619
0.02,0.51 ,0.148985, 0.00494346,0.846071,0.851015
0.02,0.52 ,0.140179, 0.00494859,0.854873,0.859821
0.02,0.53 ,0.13192, 0.00495383,0.863126,0.86808
0.02,0.54 ,0.124171, 0.00495917,0.87087,0.875829
0.02,0.55 ,0.116896, 0.00496462,0.878139,0.883104
0.02,0.56 ,0.110063, 0.00497019,0.884967,0.889937
0.02,0.57 ,0.103642, 0.00497586,0.891382,0.896358
0.02,0.58 ,0.0976053, 0.00498166,0.897413,0.902395
0.02,0.59 ,0.0919282, 0.00498757,0.903084,0.908072
0.02,0.6 ,0.086587, 0.00499361,0.908419,0.913413
0.02,0.61 ,0.08156, 0.00499977,0.91344,0.91844
0.02,0.62 ,0.0768273, 0.00500605,0.918167,0.923173
0.02,0.63 ,0.0723702, 0.00501247,0.922617,0.92763
0.02,0.64 ,0.0681716, 0.00501901,0.926809,0.931828
0.02,0.65 ,0.0642154, 0.00502569,0.930759,0.935785
0.02,0.66 ,0.0604867, 0.00503251,0.934481,0.939513
0.02,0.67 ,0.0569718, 0.00503947,0.937989,0.943028
0.02,0.68 ,0.0536577, 0.00504656,0.941296,0.946342
0.02,0.69 ,0.0505325, 0.0050538,0.944414,0.949468
0.02,0.7 ,0.0475848, 0.00506118,0.947354,0.952415
0.02,0.71 ,0.0448043, 0.00506872,0.950127,0.955196
0.02,0.72 ,0.0421811, 0.0050764,0.952742,0.957819
0.02,0.73 ,0.0397061, 0.00508423,0.95521,0.960294
0.02,0.74 ,0.0373708, 0.00509221,0.957537,0.962629
0.02,0.75 ,0.0351671, 0.00510035,0.959733,0.964833
0.02,0.76 ,0.0330875, 0.00510864,0.961804,0.966912
0.02,0.77 ,0.031125, 0.0051171,0.963758,0.968875
0.02,0.78 ,0.0292729, 0.00512571,0.965601,0.970727
0.02,0.79 ,0.027525, 0.00513448,0.967341,0.972475
0.02,0.8 ,0.0258755, 0.00514342,0.968981,0.974124
0.02,0.81 ,0.024319, 0.00515251,0.970529,0.975681
0.02,0.82 ,0.0228502, 0.00516178,0.971988,0.97715
0.02,0.83 ,0.0214642, 0.00517121,0.973365,0.978536
0.02,0.84 ,0.0201566, 0.00518081,0.974663,0.979843
0.02,0.85 ,0.0189231, 0.00519057,0.975886,0.981077
0.02,0.86 ,0.0177594, 0.0052005,0.97704,0.982241
0.02,0.87 ,0.0166619, 0.00521061,0.978127,0.983338
0.02,0.88 ,0.0156269, 0.00522088,0.979152,0.984373
0.02,0.89 ,0.014651, 0.00523133,0.980118,0.985349
0.02,0.9 ,0.013731, 0.00524195,0.981027,0.986269
0.02,0.91 ,0.0128638, 0.00525274,0.981883,0.987136
0.02,0.92 ,0.0120466, 0.0052637,0.98269,0.987953
0.02,0.93 ,0.0112767, 0.00527484,0.983448,0.988723
0.02,0.94 ,0.0105514, 0.00528615,0.984162,0.989449
0.02,0.95 ,0.00986843, 0.00529763,0.984834,0.990132
0.02,0.96 ,0.00922541, 0.00530929,0.985465,0.990775
0.02,0.97 ,0.00862018, 0.00532112,0.986059,0.99138
0.02,0.98 ,0.0080507, 0.00533312,0.986616,0.991949
0.02,0.99 ,0.00751501, 0.0053453,0.98714,0.992485
0.02,1 ,0.00701127, 0.00535765,0.987631,0.992989
0.03,0 ,0.992958, 0.00477725,0.00226453,0.00704178
0.03,0.01 ,0.992861, 0.00477947,0.00235945,0.00713892
0.03,0.02 ,0.992755, 0.00478172,0.00246317,0.00724489
0.03,0.03 ,0.992639, 0.004784,0.00257698,0.00736098
0.03,0.04 ,0.992511, 0.00478631,0.00270241,0.00748872
0.03,0.05 ,0.99237, 0.00478865,0.00284133,0.00762998
0.03,0.06 ,0.992213, 0.00479102,0.00299603,0.00778705
0.03,0.07 ,0.992037, 0.00479343,0.00316935,0.00796278
0.03,0.08 ,0.991839, 0.00479587,0.00336484,0.00816071
0.03,0.09 ,0.991615, 0.00479834,0.00358704,0.00838538
0.03,0.1 ,0.991357, 0.00480085,0.00384177,0.00864262
0.03,0.11 ,0.99106, 0.0048034,0.00413671,0.0089401
0.03,0.12 ,0.990712, 0.00480598,0.00448212,0.0092881
0.03,0.13 ,0.990299, 0.0048086,0.0048921,0.00970069
0.03,0.14 ,0.989802, 0.00481125,0.00538643,0.0101977
0.03,0.15 ,0.989192, 0.00481395,0.00599387,0.0108078
0.03,0.16 ,0.988426, 0.00481669,0.00675777,0.0115745
0.03,0.17 ,0.987434, 0.00481946,0.00774648,0.0125659
0.03,0.18 ,0.986104, 0.00482228,0.0090741,0.0138964
0.03,0.19 ,0.98423, 0.00482515,0.010945,0.0157702
0.03,0.2 ,0.981412, 0.00482805,0.0137601,0.0185881
0.03,0.21 ,0.976767, 0.00483101,0.018402,0.0232331
0.03,0.22 ,0.968076, 0.004834,0.02709,0.031924
0.03,0.23 ,0.949458, 0.00483705,0.0457054,0.0505425
0.03,0.24 ,0.911327, 0.00484015,0.0838333,0.0886734
0.03,0.25 ,0.856307, 0.00484329,0.13885,0.143693
0.03,0.26 ,0.797072, 0.00484649,0.198081,0.202928
0.03,0.27 ,0.739914, 0.00484973,0.255237,0.260086
0.03,0.28 ,0.686595, 0.00485304,0.308552,0.313405
0.03,0.29 ,0.637416, 0.00485639,0.357728,0.362584
0.03,0.3 ,0.592224, 0.00485981,0.402916,0.407776
0.03,0.31 ,0.550731, 0.00486328,0.444406,0.449269
0.03,0.32 ,0.51262, 0.00486681,0.482513,0.48738
0.03,0.33 ,0.477583, 0.00487041,0.517546,0.522417
0.03,0.34 ,0.445333, 0.00487407,0.549793,0.554667
0.03,0.35 ,0.415609, 0.00487779,0.579513,0.584391
0.03,0.36 ,0.388177, 0.00488158,0.606942,0.611823
0.03,0.37 ,0.362826, 0.00488543,0.632288,0.637174
0.03,0.38 ,0.339369, 0.00488936,0.655742,0.660631
0.03,0.39 ,0.317636, 0.00489336,0.677471,0.682364
0.03,0.4 ,0.297477, 0.00489743,0.697625,0.702523
0.03,0.41 ,0.278757, 0.00490158,0.716341,0.721243
0.03,0.42 ,0.261354, 0.0049058,0.73374,0.738646
0.03,0.43 ,0.245159, 0.00491011,0.749931,0.754841
0.03,0.44 ,0.230073, 0.0049145,0.765012,0.769927
0.03,0.45 ,0.216008, 0.00491898,0.779073,0.783992
0.03,0.46 ,0.202882, 0.00492354,0.792195,0.797118
0.03,0.47 ,0.190622, 0.00492819,0.804449,0.809378
0.03,0.48 ,0.179164, 0.00493293,0.815903,0.820836
0.03,0.49 ,0.168446, 0.00493776,0.826617,0.831554
0.03,0.5 ,0.158413, 0.0049427,0.836644,0.841587
0.03,0.51 ,0.149016, 0.00494773,0.846037,0.850984
0.03,0.52 ,0.140208, 0.00495286,0.854839,0.859792
0.03,0.53 ,0.131948, 0.00495809,0.863094,0.868052
0.03,0.54 ,0.124198, 0.00496344,0.870839,0.875802
0.03,0.55 ,0.116922, 0.00496889,0.878109,0.883078
0.03,0.56 ,0.110088, 0.00497445,0.884938,0.889912
0.03,0.57 ,0.103666, 0.00498013,0.891354,0.896334
0.03,0.58 ,0.0976286, 0.00498592,0.897385,0.902371
0.03,0.59 ,0.0919506, 0.00499183,0.903058,0.908049
0.03,0.6 ,0.0866085, 0.00499787,0.908394,0.913392
0.03,0.61 ,0.0815807, 0.00500402,0.913415,0.918419
0.03,0.62 ,0.0768472, 0.00501031,0.918143,0.923153
0.03,0.63 ,0.0723893, 0.00501672,0.922594,0.927611
0.03,0.64 ,0.06819, 0.00502327,0.926787,0.93181
0.03,0.65 ,0.0642331, 0.00502995,0.930737,0.935767
0.03,0.66 ,0.0605037, 0.00503676,0.93446,0.939496
0.03,0.67 ,0.0569882, 0.00504372,0.937968,0.943012
0.03,0.68 ,0.0536734, 0.00505081,0.941276,0.946327
0.03,0.69 ,0.0505476, 0.00505805,0.944394,0.949452
0.03,0.7 ,0.0475993, 0.00506543,0.947335,0.952401
0.03,0.71 ,0.0448182, 0.00507296,0.950109,0.955182
0.03,0.72 ,0.0421945, 0.00508064,0.952725,0.957806
0.03,0.73 ,0.039719, 0.00508846,0.955193,0.960281
0.03,0.74 ,0.0373831, 0.00509645,0.95752,0.962617
0.03,0.75 ,0.0351789, 0.00510458,0.959717,0.964821
0.03,0.76 ,0.0330988, 0.00511288,0.961788,0.966901
0.03,0.77 ,0.0311358, 0.00512133,0.963743,0.968864
0.03,0.78 ,0.0292833, 0.00512994,0.965587,0.970717
0.03,0.79 ,0.027535, 0.00513871,0.967326,0.972465
0.03,0.8 ,0.0258851, 0.00514764,0.968967,0.974115
0.03,0.81 ,0.0243281, 0.00515674,0.970515,0.975672
0.03,0.82 ,0.0228589, 0.005166,0.971975,0.977141
0.03,0.83 ,0.0214726, 0.00517543,0.973352,0.978527
0.03,0.84 ,0.0201647, 0.00518502,0.97465,0.979835
0.03,0.85 ,0.0189307, 0.00519478,0.975874,0.981069
0.03,0.86 ,0.0177667, 0.00520472,0.977029,0.982233
0.03,0.87 ,0.0166689, 0.00521482,0.978116,0.983331
0.03,0.88 ,0.0156336, 0.00522509,0.979141,0.984366
0.03,0.89 ,0.0146574, 0.00523553,0.980107,0.985343
0.03,0.9 ,0.0137371, 0.00524615,0.981017,0.986263
0.03,0.91 ,0.0128696, 0.00525693,0.981873,0.98713
0.03,0.92 ,0.0120522, 0.00526789,0.98268,0.987948
0.03,0.93 ,0.011282, 0.00527903,0.983439,0.988718
0.03,0.94 ,0.0105565, 0.00529033,0.984153,0.989444
0.03,0.95 ,0.00987325, 0.00530182,0.984825,0.990127
0.03,0.96 ,0.00923, 0.00531347,0.985457,0.99077
0.03,0.97 ,0.00862456, 0.0053253,0.98605,0.991375
0.03,0.98 ,0.00805486, 0.0053373,0.986608,0.991945
0.03,0.99 ,0.00751897, 0.00534948,0.987132,0.992481
0.03,1 ,0.00701504, 0.00536183,0.987623,0.992985
0.04,0 ,0.992853, 0.00478159,0.00236514,0.00714673
0.04,0.01 ,0.992756, 0.00478381,0.00246004,0.00724386
0.04,0.02 ,0.99265, 0.00478606,0.00256375,0.00734982
0.04,0.03 ,0.992534, 0.00478834,0.00267755,0.00746589
0.04,0.04 ,0.992406, 0.00479065,0.00280296,0.00759361
0.04,0.05 ,0.992265, 0.00479299,0.00294186,0.00773486
0.04,0.06 ,0.992108, 0.00479537,0.00309654,0.00789191
0.04,0.07 ,0.991932, 0.00479777,0.00326983,0.00806761
0.04,0.08 ,0.991734, 0.00480021,0.00346529,0.00826551
0.04,0.09 ,0.99151, 0.00480269,0.00368744,0.00849013
0.04,0.1 ,0.991253, 0.0048052,0.00394212,0.00874732
0.04,0.11 ,0.990955, 0.00480774,0.00423699,0.00904474
0.04,0.12 ,0.990607, 0.00481032,0.00458233,0.00939265
0.04,0.13 ,0.990195, 0.00481294,0.00499218,0.00980512
0.04,0.14 ,0.989698, 0.0048156,0.00548635,0.010302
0.04,0.15 ,0.989088, 0.00481829,0.00609357,0.0109119
0.04,0.16 ,0.988322, 0.00482103,0.00685714,0.0116782
0.04,0.17 ,0.987331, 0.00482381,0.00784534,0.0126691
0.04,0.18 ,0.986001, 0.00482663,0.00917214,0.0139988
0.04,0.19 ,0.984129, 0.00482949,0.0110416,0.0158711
0.04,0.2 ,0.981314, 0.00483239,0.013854,0.0186864
0.04,0.21 ,0.976675, 0.00483535,0.0184902,0.0233255
0.04,0.22 ,0.967998, 0.00483834,0.0271637,0.0320021
0.04,0.23 ,0.949417, 0.00484139,0.0457415,0.0505829
0.04,0.24 ,0.911348, 0.00484448,0.0838077,0.0886522
0.04,0.25 ,0.856367, 0.00484763,0.138785,0.143633
0.04,0.26 ,0.797146, 0.00485082,0.198003,0.202854
0.04,0.27 ,0.739991, 0.00485407,0.255155,0.260009
0.04,0.28 ,0.686672, 0.00485737,0.30847,0.313328
0.04,0.29 ,0.637491, 0.00486073,0.357648,0.362509
0.04,0.3 ,0.592297, 0.00486415,0.402839,0.407703
0.04,0.31 ,0.550801, 0.00486762,0.444331,0.449199
0.04,0.32 ,0.512688, 0.00487115,0.482441,0.487312
0.04,0.33 ,0.477649, 0.00487474,0.517477,0.522351
0.04,0.34 ,0.445396, 0.0048784,0.549726,0.554604
0.04,0.35 ,0.415669, 0.00488212,0.579448,0.584331
0.04,0.36 ,0.388235, 0.00488591,0.606879,0.611765
0.04,0.37 ,0.362882, 0.00488976,0.632228,0.637118
0.04,0.38 ,0.339422, 0.00489369,0.655684,0.660578
0.04,0.39 ,0.317688, 0.00489769,0.677415,0.682312
0.04,0.4 ,0.297527, 0.00490176,0.697571,0.702473
0.04,0.41 ,0.278805, 0.00490591,0.716289,0.721195
0.04,0.42 ,0.2614, 0.00491013,0.73369,0.7386
0.04,0.43 ,0.245203, 0.00491444,0.749882,0.754797
0.04,0.44 ,0.230116, 0.00491883,0.764965,0.769884
0.04,0.45 ,0.216048, 0.0049233,0.779028,0.783952
0.04,0.46 ,0.202921, 0.00492786,0.792151,0.797079
0.04,0.47 ,0.19066, 0.00493251,0.804407,0.80934
0.04,0.48 ,0.1792, 0.00493725,0.815862,0.8208
0.04,0.49 ,0.168481, 0.00494209,0.826577,0.831519
0.04,0.5 ,0.158447, 0.00494702,0.836606,0.841553
0.04,0.51 ,0.149048, 0.00495205,0.846,0.850952
0.04,0.52 ,0.140239, 0.00495718,0.854804,0.859761
0.04,0.53 ,0.131978, 0.00496241,0.863059,0.868022
0.04,0.54 ,0.124227, 0.00496776,0.870805,0.875773
0.04,0.55 ,0.11695, 0.00497321,0.878077,0.88305
0.04,0.56 ,0.110115, 0.00497877,0.884907,0.889885
0.04,0.57 ,0.103692, 0.00498444,0.891324,0.896308
0.04,0.58 ,0.0976533, 0.00499023,0.897356,0.902347
0.04,0.59 ,0.0919744, 0.00499615,0.90303,0.908026
0.04,0.6 ,0.0866314, 0.00500218,0.908366,0.913369
0.04,0.61 ,0.0816027, 0.00500833,0.913389,0.918397
0.04,0.62 ,0.0768683, 0.00501462,0.918117,0.923132
0.04,0.63 ,0.0724096, 0.00502103,0.922569,0.92759
0.04,0.64 ,0.0682095, 0.00502757,0.926763,0.931791
0.04,0.65 ,0.0642518, 0.00503425,0.930714,0.935748
0.04,0.66 ,0.0605218, 0.00504106,0.934437,0.939478
0.04,0.67 ,0.0570055, 0.00504802,0.937947,0.942995
0.04,0.68 ,0.0536901, 0.00505511,0.941255,0.94631
0.04,0.69 ,0.0505635, 0.00506234,0.944374,0.949436
0.04,0.7 ,0.0476146, 0.00506972,0.947316,0.952385
0.04,0.71 ,0.0448329, 0.00507725,0.95009,0.955167
0.04,0.72 ,0.0422086, 0.00508493,0.952706,0.957791
0.04,0.73 ,0.0397325, 0.00509276,0.955175,0.960267
0.04,0.74 ,0.0373961, 0.00510074,0.957503,0.962604
0.04,0.75 ,0.0351914, 0.00510887,0.9597,0.964809
0.04,0.76 ,0.0331108, 0.00511716,0.961772,0.966889
0.04,0.77 ,0.0311473, 0.00512561,0.963727,0.968853
0.04,0.78 ,0.0292942, 0.00513422,0.965572,0.970706
0.04,0.79 ,0.0275455, 0.00514299,0.967312,0.972455
0.04,0.8 ,0.0258952, 0.00515192,0.968953,0.974105
0.04,0.81 ,0.0243378, 0.00516101,0.970501,0.975662
0.04,0.82 ,0.0228681, 0.00517027,0.971962,0.977132
0.04,0.83 ,0.0214815, 0.0051797,0.973339,0.978519
0.04,0.84 ,0.0201731, 0.00518929,0.974638,0.979827
0.04,0.85 ,0.0189388, 0.00519905,0.975862,0.981061
0.04,0.86 ,0.0177745, 0.00520898,0.977017,0.982226
0.04,0.87 ,0.0166763, 0.00521908,0.978105,0.983324
0.04,0.88 ,0.0156407, 0.00522935,0.97913,0.984359
0.04,0.89 ,0.0146641, 0.00523979,0.980096,0.985336
0.04,0.9 ,0.0137435, 0.0052504,0.981006,0.986256
0.04,0.91 ,0.0128758, 0.00526118,0.981863,0.987124
0.04,0.92 ,0.012058, 0.00527214,0.98267,0.987942
0.04,0.93 ,0.0112876, 0.00528327,0.983429,0.988712
0.04,0.94 ,0.0105618, 0.00529457,0.984144,0.989438
0.04,0.95 ,0.00987832, 0.00530605,0.984816,0.990122
0.04,0.96 ,0.00923483, 0.0053177,0.985447,0.990765
0.04,0.97 ,0.00862916, 0.00532953,0.986041,0.991371
0.04,0.98 ,0.00805924, 0.00534153,0.986599,0.991941
0.04,0.99 ,0.00752313, 0.0053537,0.987123,0.992477
0.04,1 ,0.00701899, 0.00536605,0.987615,0.992981
0.05,0 ,0.992741, 0.004786,0.00247307,0.00725907
0.05,0.01 ,0.992644, 0.00478822,0.00256797,0.00735618
0.05,0.02 ,0.992538, 0.00479047,0.00267166,0.00746213
0.05,0.03 ,0.992422, 0.00479274,0.00278544,0.00757819
0.05,0.04 ,0.992294, 0.00479505,0.00291084,0.00770589
0.05,0.05 ,0.992153, 0.0047974,0.00304972,0.00784711
0.05,0.06 ,0.991996, 0.00479977,0.00320437,0.00800414
0.05,0.07 ,0.99182, 0.00480217,0.00337763,0.00817981
0.05,0.08 ,0.991622, 0.00480461,0.00357306,0.00837767
0.05,0.09 ,0.991398, 0.00480709,0.00379516,0.00860225
0.05,0.1 ,0.991141, 0.0048096,0.00404979,0.00885938
0.05,0.11 ,0.990843, 0.00481214,0.00434459,0.00915673
0.05,0.12 ,0.990495, 0.00481472,0.00468983,0.00950455
0.05,0.13 ,0.990083, 0.00481734,0.00509956,0.0099169
0.05,0.14 ,0.989586, 0.00482,0.00559356,0.0104136
0.05,0.15 ,0.988977, 0.00482269,0.00620054,0.0110232
0.05,0.16 ,0.988211, 0.00482543,0.00696375,0.0117892
0.05,0.17 ,0.98722, 0.0048282,0.00795142,0.0127796
0.05,0.18 ,0.985892, 0.00483102,0.00927734,0.0141084
0.05,0.19 ,0.984021, 0.00483388,0.0111453,0.0159792
0.05,0.2 ,0.981208, 0.00483679,0.0139548,0.0187916
0.05,0.21 ,0.976575, 0.00483974,0.0185848,0.0234245
0.05,0.22 ,0.967914, 0.00484274,0.027243,0.0320857
0.05,0.23 ,0.949373, 0.00484579,0.0457808,0.0506265
0.05,0.24 ,0.91137, 0.00484888,0.083781,0.0886298
0.05,0.25 ,0.856431, 0.00485202,0.138717,0.143569
0.05,0.26 ,0.797224, 0.00485522,0.19792,0.202776
0.05,0.27 ,0.740073, 0.00485847,0.255069,0.259927
0.05,0.28 ,0.686754, 0.00486177,0.308384,0.313246
0.05,0.29 ,0.637571, 0.00486512,0.357563,0.362429
0.05,0.3 ,0.592375, 0.00486854,0.402757,0.407625
0.05,0.31 ,0.550877, 0.00487201,0.444251,0.449123
0.05,0.32 ,0.512761, 0.00487554,0.482364,0.487239
0.05,0.33 ,0.477719, 0.00487913,0.517402,0.522281
0.05,0.34 ,0.445463, 0.00488279,0.549654,0.554537
0.05,0.35 ,0.415734, 0.00488651,0.579379,0.584266
0.05,0.36 ,0.388297, 0.0048903,0.606813,0.611703
0.05,0.37 ,0.362942, 0.00489415,0.632164,0.637058
0.05,0.38 ,0.33948, 0.00489808,0.655622,0.66052
0.05,0.39 ,0.317743, 0.00490207,0.677355,0.682257
0.05,0.4 ,0.29758, 0.00490615,0.697514,0.70242
0.05,0.41 ,0.278856, 0.00491029,0.716234,0.721144
0.05,0.42 ,0.261449, 0.00491452,0.733636,0.738551
0.05,0.43 ,0.245251, 0.00491882,0.749831,0.754749
0.05,0.44 ,0.230161, 0.00492321,0.764916,0.769839
0.05,0.45 ,0.216092, 0.00492768,0.77898,0.783908
0.05,0.46 ,0.202963, 0.00493224,0.792105,0.797037
0.05,0.47 ,0.190701, 0.00493689,0.804362,0.809299
0.05,0.48 ,0.179239, 0.00494163,0.815819,0.820761
0.05,0.49 ,0.168518, 0.00494647,0.826536,0.831482
0.05,0.5 ,0.158483, 0.0049514,0.836566,0.841517
0.05,0.51 ,0.149083, 0.00495642,0.845961,0.850917
0.05,0.52 ,0.140272, 0.00496155,0.854766,0.859728
0.05,0.53 ,0.13201, 0.00496679,0.863023,0.86799
0.05,0.54 ,0.124258, 0.00497213,0.87077,0.875742
0.05,0.55 ,0.116979, 0.00497758,0.878043,0.883021
0.05,0.56 ,0.110143, 0.00498314,0.884874,0.889857
0.05,0.57 ,0.103719, 0.00498881,0.891292,0.896281
0.05,0.58 ,0.0976796, 0.0049946,0.897326,0.90232
0.05,0.59 ,0.0919996, 0.00500051,0.903,0.908
0.05,0.6 ,0.0866557, 0.00500654,0.908338,0.913344
0.05,0.61 ,0.0816261, 0.0050127,0.913361,0.918374
0.05,0.62 ,0.0768908, 0.00501898,0.91809,0.923109
0.05,0.63 ,0.0724312, 0.00502539,0.922543,0.927569
0.05,0.64 ,0.0682302, 0.00503193,0.926738,0.93177
0.05,0.65 ,0.0642717, 0.00503861,0.93069,0.935728
0.05,0.66 ,0.0605409, 0.00504542,0.934414,0.939459
0.05,0.67 ,0.0570239, 0.00505237,0.937924,0.942976
0.05,0.68 ,0.0537077, 0.00505946,0.941233,0.946292
0.05,0.69 ,0.0505805, 0.0050667,0.944353,0.94942
0.05,0.7 ,0.0476309, 0.00507407,0.947295,0.952369
0.05,0.71 ,0.0448485, 0.0050816,0.95007,0.955151
0.05,0.72 ,0.0422236, 0.00508927,0.952687,0.957776
0.05,0.73 ,0.0397469, 0.0050971,0.955156,0.960253
0.05,0.74 ,0.0374099, 0.00510508,0.957485,0.96259
0.05,0.75 ,0.0352046, 0.00511321,0.959682,0.964795
0.05,0.76 ,0.0331234, 0.0051215,0.961755,0.966877
0.05,0.77 ,0.0311594, 0.00512994,0.963711,0.968841
0.05,0.78 ,0.0293059, 0.00513855,0.965556,0.970694
0.05,0.79 ,0.0275566, 0.00514732,0.967296,0.972443
0.05,0.8 ,0.0259058, 0.00515625,0.968938,0.974094
0.05,0.81 ,0.024348, 0.00516534,0.970487,0.975652
0.05,0.82 ,0.0228779, 0.00517459,0.971947,0.977122
0.05,0.83 ,0.0214908, 0.00518402,0.973325,0.978509
0.05,0.84 ,0.0201821, 0.00519361,0.974624,0.979818
0.05,0.85 ,0.0189474, 0.00520336,0.975849,0.981053
0.05,0.86 ,0.0177827, 0.00521329,0.977004,0.982217
0.05,0.87 ,0.0166841, 0.00522339,0.978092,0.983316
0.05,0.88 ,0.0156481, 0.00523365,0.979118,0.984352
0.05,0.89 ,0.0146713, 0.00524409,0.980085,0.985329
0.05,0.9 ,0.0137503, 0.0052547,0.980995,0.98625
0.05,0.91 ,0.0128823, 0.00526548,0.981852,0.987118
0.05,0.92 ,0.0120642, 0.00527644,0.982659,0.987936
0.05,0.93 ,0.0112935, 0.00528757,0.983419,0.988707
0.05,0.94 ,0.0105674, 0.00529887,0.984134,0.989433
0.05,0.95 ,0.00988367, 0.00531034,0.984806,0.990116
0.05,0.96 ,0.00923992, 0.00532199,0.985438,0.99076
0.05,0.97 ,0.008634, 0.00533381,0.986032,0.991366
0.05,0.98 ,0.00806385, 0.00534581,0.98659,0.991936
0.05,0.99 ,0.00752751, 0.00535798,0.987115,0.992472
0.05,1 ,0.00702316, 0.00537032,0.987607,0.992977
0.06,0 ,0.99262, 0.00479045,0.00258916,0.00737961
0.06,0.01 ,0.992523, 0.00479267,0.00268404,0.00747671
0.06,0.02 ,0.992417, 0.00479492,0.00278772,0.00758264
0.06,0.03 ,0.992301, 0.0047972,0.00290148,0.00769868
0.06,0.04 ,0.992174, 0.00479951,0.00302686,0.00782637
0.06,0.05 ,0.992032, 0.00480185,0.00316572,0.00796757
0.06,0.06 ,0.991875, 0.00480423,0.00332034,0.00812457
0.06,0.07 ,0.9917, 0.00480663,0.00349357,0.0083002
0.06,0.08 ,0.991502, 0.00480907,0.00368896,0.00849803
0.06,0.09 ,0.991277, 0.00481154,0.00391102,0.00872256
0.06,0.1 ,0.99102, 0.00481405,0.00416558,0.00897963
0.06,0.11 ,0.990723, 0.00481659,0.0044603,0.0092769
0.06,0.12 ,0.990375, 0.00481918,0.00480544,0.00962462
0.06,0.13 ,0.989963, 0.00482179,0.00521504,0.0100368
0.06,0.14 ,0.989467, 0.00482445,0.00570886,0.0105333
0.06,0.15 ,0.988857, 0.00482714,0.00631558,0.0111427
0.06,0.16 ,0.988092, 0.00482988,0.00707842,0.0119083
0.06,0.17 ,0.987102, 0.00483266,0.00806551,0.0128982
0.06,0.18 ,0.985774, 0.00483548,0.00939051,0.014226
0.06,0.19 ,0.983905, 0.00483834,0.0112569,0.0160952
0.06,0.2 ,0.981095, 0.00484124,0.0140633,0.0189046
0.06,0.21 ,0.976469, 0.00484419,0.0186867,0.0235309
0.06,0.22 ,0.967824, 0.00484719,0.0273285,0.0321757
0.06,0.23 ,0.949326, 0.00485024,0.0458235,0.0506737
0.06,0.24 ,0.911394, 0.00485333,0.083753,0.0886063
0.06,0.25 ,0.8565, 0.00485647,0.138644,0.1435
0.06,0.26 ,0.797308, 0.00485967,0.197832,0.202692
0.06,0.27 ,0.740161, 0.00486291,0.254976,0.259839
0.06,0.28 ,0.686842, 0.00486622,0.308292,0.313158
0.06,0.29 ,0.637657, 0.00486957,0.357473,0.362343
0.06,0.3 ,0.592458, 0.00487298,0.402669,0.407542
0.06,0.31 ,0.550957, 0.00487646,0.444166,0.449043
0.06,0.32 ,0.512839, 0.00487999,0.482281,0.487161
0.06,0.33 ,0.477793, 0.00488358,0.517323,0.522207
0.06,0.34 ,0.445535, 0.00488723,0.549578,0.554465
0.06,0.35 ,0.415803, 0.00489095,0.579306,0.584197
0.06,0.36 ,0.388364, 0.00489474,0.606742,0.611636
0.06,0.37 ,0.363006, 0.0048986,0.632096,0.636994
0.06,0.38 ,0.339541, 0.00490252,0.655556,0.660459
0.06,0.39 ,0.317802, 0.00490652,0.677291,0.682198
0.06,0.4 ,0.297637, 0.00491059,0.697452,0.702363
0.06,0.41 ,0.278911, 0.00491473,0.716175,0.721089
0.06,0.42 ,0.261502, 0.00491896,0.733579,0.738498
0.06,0.43 ,0.245301, 0.00492326,0.749776,0.754699
0.06,0.44 ,0.23021, 0.00492765,0.764863,0.76979
0.06,0.45 ,0.216139, 0.00493212,0.778929,0.783861
0.06,0.46 ,0.203008, 0.00493668,0.792056,0.796992
0.06,0.47 ,0.190744, 0.00494133,0.804315,0.809256
0.06,0.48 ,0.179281, 0.00494607,0.815773,0.820719
0.06,0.49 ,0.168558, 0.0049509,0.826491,0.831442
0.06,0.5 ,0.158521, 0.00495583,0.836523,0.841479
0.06,0.51 ,0.14912, 0.00496086,0.84592,0.85088
0.06,0.52 ,0.140308, 0.00496598,0.854726,0.859692
0.06,0.53 ,0.132044, 0.00497122,0.862984,0.867956
0.06,0.54 ,0.124291, 0.00497656,0.870733,0.875709
0.06,0.55 ,0.117011, 0.004982,0.878007,0.882989
0.06,0.56 ,0.110173, 0.00498756,0.884839,0.889827
0.06,0.57 ,0.103748, 0.00499324,0.891259,0.896252
0.06,0.58 ,0.0977077, 0.00499903,0.897293,0.902292
0.06,0.59 ,0.0920266, 0.00500493,0.902968,0.907973
0.06,0.6 ,0.0866816, 0.00501096,0.908307,0.913318
0.06,0.61 ,0.081651, 0.00501712,0.913332,0.918349
0.06,0.62 ,0.0769147, 0.0050234,0.918062,0.923085
0.06,0.63 ,0.0724542, 0.00502981,0.922516,0.927546
0.06,0.64 ,0.0682523, 0.00503635,0.926711,0.931748
0.06,0.65 ,0.0642929, 0.00504302,0.930664,0.935707
0.06,0.66 ,0.0605613, 0.00504983,0.934389,0.939439
0.06,0.67 ,0.0570434, 0.00505678,0.9379,0.942957
0.06,0.68 ,0.0537265, 0.00506387,0.94121,0.946274
0.06,0.69 ,0.0505985, 0.0050711,0.94433,0.949402
0.06,0.7 ,0.0476482, 0.00507848,0.947273,0.952352
0.06,0.71 ,0.0448651, 0.005086,0.950049,0.955135
0.06,0.72 ,0.0422395, 0.00509367,0.952667,0.957761
0.06,0.73 ,0.0397621, 0.0051015,0.955136,0.960238
0.06,0.74 ,0.0374245, 0.00510947,0.957466,0.962575
0.06,0.75 ,0.0352186, 0.0051176,0.959664,0.964781
0.06,0.76 ,0.0331369, 0.00512589,0.961737,0.966863
0.06,0.77 ,0.0311723, 0.00513433,0.963693,0.968828
0.06,0.78 ,0.0293182, 0.00514294,0.965539,0.970682
0.06,0.79 ,0.0275684, 0.0051517,0.96728,0.972432
0.06,0.8 ,0.0259171, 0.00516063,0.968922,0.974083
0.06,0.81 ,0.0243588, 0.00516972,0.970472,0.975641
0.06,0.82 ,0.0228883, 0.00517897,0.971933,0.977112
0.06,0.83 ,0.0215007, 0.00518839,0.973311,0.978499
0.06,0.84 ,0.0201915, 0.00519798,0.974611,0.979808
0.06,0.85 ,0.0189564, 0.00520773,0.975836,0.981044
0.06,0.86 ,0.0177913, 0.00521766,0.976991,0.982209
0.06,0.87 ,0.0166924, 0.00522775,0.97808,0.983308
0.06,0.88 ,0.015656, 0.00523802,0.979106,0.984344
0.06,0.89 ,0.0146788, 0.00524845,0.980073,0.985321
0.06,0.9 ,0.0137575, 0.00525906,0.980983,0.986242
0.06,0.91 ,0.0128891, 0.00526984,0.981841,0.987111
0.06,0.92 ,0.0120707, 0.00528079,0.982648,0.987929
0.06,0.93 ,0.0112997, 0.00529191,0.983408,0.9887
0.06,0.94 ,0.0105733, 0.00530321,0.984123,0.989427
0.06,0.95 ,0.00988931, 0.00531468,0.984796,0.990111
0.06,0.96 ,0.00924529, 0.00532633,0.985428,0.990755
0.06,0.97 ,0.00863911, 0.00533815,0.986023,0.991361
0.06,0.98 ,0.0080687, 0.00535014,0.986581,0.991931
0.06,0.99 ,0.00753213, 0.00536231,0.987106,0.992468
0.06,1 ,0.00702754, 0.00537465,0.987598,0.992972
0.07,0 ,0.992491, 0.00479497,0.00271433,0.0075093
0.07,0.01 ,0.992394, 0.00479719,0.0028092,0.00760639
0.07,0.02 ,0.992288, 0.00479944,0.00291287,0.0077123
0.07,0.03 ,0.992172, 0.00480172,0.00302661,0.00782833
0.07,0.04 ,0.992044, 0.00480403,0.00315196,0.00795599
0.07,0.05 ,0.991903, 0.00480637,0.0032908,0.00809716
0.07,0.06 ,0.991746, 0.00480874,0.0034454,0.00825413
0.07,0.07 ,0.99157, 0.00481114,0.00361859,0.00842973
0.07,0.08 ,0.991372, 0.00481358,0.00381393,0.00862751
0.07,0.09 ,0.991148, 0.00481606,0.00403594,0.00885199
0.07,0.1 ,0.990891, 0.00481856,0.00429044,0.009109
0.07,0.11 ,0.990594, 0.00482111,0.00458508,0.00940619
0.07,0.12 ,0.990246, 0.00482369,0.00493011,0.0097538
0.07,0.13 ,0.989834, 0.0048263,0.00533957,0.0101659
0.07,0.14 ,0.989338, 0.00482896,0.00583319,0.0106622
0.07,0.15 ,0.988729, 0.00483166,0.00643964,0.0112713
0.07,0.16 ,0.987964, 0.00483439,0.00720208,0.0120365
0.07,0.17 ,0.986974, 0.00483717,0.00818856,0.0130257
0.07,0.18 ,0.985647, 0.00483999,0.00951257,0.0143526
0.07,0.19 ,0.98378, 0.00484285,0.0113772,0.0162201
0.07,0.2 ,0.980974, 0.00484575,0.0141804,0.0190261
0.07,0.21 ,0.976355, 0.0048487,0.0187967,0.0236454
0.07,0.22 ,0.967727, 0.0048517,0.027421,0.0322727
0.07,0.23 ,0.949275, 0.00485474,0.0458701,0.0507248
0.07,0.24 ,0.911419, 0.00485784,0.0837236,0.0885814
0.07,0.25 ,0.856573, 0.00486098,0.138566,0.143427
0.07,0.26 ,0.797398, 0.00486417,0.197737,0.202602
0.07,0.27 ,0.740255, 0.00486742,0.254877,0.259745
0.07,0.28 ,0.686936, 0.00487072,0.308193,0.313064
0.07,0.29 ,0.63775, 0.00487408,0.357376,0.36225
0.07,0.3 ,0.592548, 0.00487749,0.402575,0.407452
0.07,0.31 ,0.551044, 0.00488096,0.444075,0.448956
0.07,0.32 ,0.512922, 0.00488449,0.482193,0.487078
0.07,0.33 ,0.477874, 0.00488808,0.517238,0.522126
0.07,0.34 ,0.445612, 0.00489174,0.549496,0.554388
0.07,0.35 ,0.415878, 0.00489546,0.579227,0.584122
0.07,0.36 ,0.388435, 0.00489924,0.606666,0.611565
0.07,0.37 ,0.363074, 0.0049031,0.632022,0.636926
0.07,0.38 ,0.339607, 0.00490702,0.655486,0.660393
0.07,0.39 ,0.317865, 0.00491102,0.677223,0.682135
0.07,0.4 ,0.297698, 0.00491509,0.697387,0.702302
0.07,0.41 ,0.278969, 0.00491923,0.716111,0.721031
0.07,0.42 ,0.261558, 0.00492345,0.733518,0.738442
0.07,0.43 ,0.245355, 0.00492776,0.749717,0.754645
0.07,0.44 ,0.230262, 0.00493214,0.764806,0.769738
0.07,0.45 ,0.216189, 0.00493662,0.778875,0.783811
0.07,0.46 ,0.203056, 0.00494117,0.792003,0.796944
0.07,0.47 ,0.19079, 0.00494582,0.804264,0.80921
0.07,0.48 ,0.179325, 0.00495056,0.815724,0.820675
0.07,0.49 ,0.168601, 0.00495539,0.826444,0.831399
0.07,0.5 ,0.158562, 0.00496032,0.836478,0.841438
0.07,0.51 ,0.149159, 0.00496534,0.845876,0.850841
0.07,0.52 ,0.140346, 0.00497047,0.854684,0.859654
0.07,0.53 ,0.132081, 0.0049757,0.862943,0.867919
0.07,0.54 ,0.124326, 0.00498104,0.870693,0.875674
0.07,0.55 ,0.117045, 0.00498649,0.877969,0.882955
0.07,0.56 ,0.110206, 0.00499205,0.884802,0.889794
0.07,0.57 ,0.103779, 0.00499772,0.891223,0.896221
0.07,0.58 ,0.0977376, 0.00500351,0.897259,0.902262
0.07,0.59 ,0.0920554, 0.00500941,0.902935,0.907945
0.07,0.6 ,0.0867092, 0.00501544,0.908275,0.913291
0.07,0.61 ,0.0816775, 0.00502159,0.913301,0.918322
0.07,0.62 ,0.0769402, 0.00502787,0.918032,0.92306
0.07,0.63 ,0.0724787, 0.00503428,0.922487,0.927521
0.07,0.64 ,0.0682758, 0.00504082,0.926683,0.931724
0.07,0.65 ,0.0643155, 0.00504749,0.930637,0.935684
0.07,0.66 ,0.0605829, 0.0050543,0.934363,0.939417
0.07,0.67 ,0.0570642, 0.00506125,0.937875,0.942936
0.07,0.68 ,0.0537464, 0.00506833,0.941185,0.946254
0.07,0.69 ,0.0506176, 0.00507556,0.944307,0.949382
0.07,0.7 ,0.0476666, 0.00508294,0.947251,0.952333
