e1,e2,V,Rs,Rv,P
0,0 ,0.0174268, 0.285985,0.696588,0.982573
0,0.01 ,0.0181041, 0.285397,0.696499,0.981896
0,0.02 ,0.0188028, 0.284809,0.696389,0.981197
0,0.03 ,0.0195229, 0.28422,0.696257,0.980477
0,0.04 ,0.0202643, 0.283631,0.696105,0.979736
0,0.05 ,0.0210268, 0.283041,0.695932,0.978973
0,0.06 ,0.0218102, 0.282452,0.695737,0.97819
0,0.07 ,0.022614, 0.281864,0.695522,0.977386
0,0.08 ,0.0234379, 0.281275,0.695287,0.976562
0,0.09 ,0.0242813, 0.280687,0.695032,0.975719
0,0.1 ,0.0251434, 0.2801,0.694757,0.974857
0,0.11 ,0.0260235, 0.279513,0.694463,0.973976
0,0.12 ,0.0269207, 0.278927,0.694152,0.973079
0,0.13 ,0.0278338, 0.278343,0.693823,0.972166
0,0.14 ,0.0287617, 0.27776,0.693478,0.971238
0,0.15 ,0.0297031, 0.277178,0.693119,0.970297
0,0.16 ,0.0306564, 0.276598,0.692745,0.969344
0,0.17 ,0.0316202, 0.27602,0.69236,0.96838
0,0.18 ,0.0325926, 0.275444,0.691963,0.967407
0,0.19 ,0.0335717, 0.274871,0.691558,0.966428
0,0.2 ,0.0345558, 0.274299,0.691145,0.965444
0,0.21 ,0.0355425, 0.273731,0.690727,0.964457
0,0.22 ,0.0365298, 0.273165,0.690305,0.96347
0,0.23 ,0.0375154, 0.272603,0.689882,0.962485
0,0.24 ,0.0384968, 0.272043,0.68946,0.961503
0,0.25 ,0.0394718, 0.271487,0.689041,0.960528
0,0.26 ,0.0404378, 0.270935,0.688627,0.959562
0,0.27 ,0.0413924, 0.270387,0.688221,0.958608
0,0.28 ,0.0423331, 0.269843,0.687824,0.957667
0,0.29 ,0.0432574, 0.269303,0.68744,0.956743
0,0.3 ,0.044163, 0.268767,0.68707,0.955837
0,0.31 ,0.0450474, 0.268237,0.686716,0.954953
0,0.32 ,0.0459086, 0.267711,0.686381,0.954091
0,0.33 ,0.0467442, 0.26719,0.686066,0.953256
0,0.34 ,0.0475524, 0.266675,0.685773,0.952448
0,0.35 ,0.0483313, 0.266165,0.685504,0.951669
0,0.36 ,0.0490791, 0.26566,0.685261,0.950921
0,0.37 ,0.0497945, 0.265162,0.685044,0.950205
0,0.38 ,0.0504761, 0.264669,0.684855,0.949524
0,0.39 ,0.0511228, 0.264182,0.684695,0.948877
0,0.4 ,0.0517337, 0.263702,0.684564,0.948266
0,0.41 ,0.0523082, 0.263228,0.684464,0.947692
0,0.42 ,0.0528458, 0.26276,0.684394,0.947154
0,0.43 ,0.0533463, 0.262299,0.684354,0.946654
0,0.44 ,0.0538096, 0.261845,0.684345,0.94619
0,0.45 ,0.054236, 0.261397,0.684367,0.945764
0,0.46 ,0.0546256, 0.260957,0.684418,0.945374
0,0.47 ,0.0549792, 0.260523,0.684498,0.945021
0,0.48 ,0.0552974, 0.260096,0.684606,0.944703
0,0.49 ,0.055581, 0.259677,0.684742,0.944419
0,0.5 ,0.055831, 0.259264,0.684905,0.944169
0,0.51 ,0.0560484, 0.258859,0.685093,0.943952
0,0.52 ,0.0562345, 0.25846,0.685305,0.943765
0,0.53 ,0.0563906, 0.258069,0.68554,0.943609
0,0.54 ,0.0565179, 0.257685,0.685797,0.943482
0,0.55 ,0.0566178, 0.257308,0.686074,0.943382
0,0.56 ,0.0566918, 0.256939,0.68637,0.943308
0,0.57 ,0.0567413, 0.256576,0.686683,0.943259
0,0.58 ,0.0567677, 0.25622,0.687012,0.943232
0,0.59 ,0.0567725, 0.255872,0.687356,0.943227
0,0.6 ,0.0567572, 0.25553,0.687713,0.943243
0,0.61 ,0.056723, 0.255196,0.688081,0.943277
0,0.62 ,0.0566716, 0.254868,0.68846,0.943328
0,0.63 ,0.0566041, 0.254547,0.688849,0.943396
0,0.64 ,0.0565219, 0.254233,0.689245,0.943478
0,0.65 ,0.0564263, 0.253925,0.689648,0.943574
0,0.66 ,0.0563184, 0.253624,0.690057,0.943682
0,0.67 ,0.0561995, 0.25333,0.690471,0.9438
0,0.68 ,0.0560707, 0.253042,0.690888,0.943929
0,0.69 ,0.0559329, 0.25276,0.691307,0.944067
0,0.7 ,0.0557873, 0.252484,0.691728,0.944213
0,0.71 ,0.0556347, 0.252215,0.69215,0.944365
0,0.72 ,0.0554761, 0.251951,0.692573,0.944524
0,0.73 ,0.0553122, 0.251694,0.692994,0.944688
0,0.74 ,0.0551439, 0.251442,0.693414,0.944856
0,0.75 ,0.0549719, 0.251196,0.693832,0.945028
0,0.76 ,0.0547969, 0.250955,0.694248,0.945203
0,0.77 ,0.0546194, 0.25072,0.69466,0.945381
0,0.78 ,0.0544401, 0.250491,0.695069,0.94556
0,0.79 ,0.0542595, 0.250266,0.695474,0.945741
0,0.8 ,0.054078, 0.250047,0.695875,0.945922
0,0.81 ,0.0538963, 0.249833,0.696271,0.946104
0,0.82 ,0.0537145, 0.249624,0.696662,0.946285
0,0.83 ,0.0535332, 0.249419,0.697047,0.946467
0,0.84 ,0.0533527, 0.24922,0.697428,0.946647
0,0.85 ,0.0531733, 0.249025,0.697802,0.946827
0,0.86 ,0.0529952, 0.248834,0.698171,0.947005
0,0.87 ,0.0528187, 0.248648,0.698533,0.947181
0,0.88 ,0.0526441, 0.248466,0.69889,0.947356
0,0.89 ,0.0524715, 0.248289,0.69924,0.947528
0,0.9 ,0.0523011, 0.248115,0.699584,0.947699
0,0.91 ,0.0521331, 0.247946,0.699921,0.947867
0,0.92 ,0.0519676, 0.24778,0.700252,0.948032
0,0.93 ,0.0518047, 0.247618,0.700577,0.948195
0,0.94 ,0.0516446, 0.24746,0.700895,0.948355
0,0.95 ,0.0514872, 0.247306,0.701207,0.948513
0,0.96 ,0.0513328, 0.247155,0.701512,0.948667
0,0.97 ,0.0511812, 0.247007,0.701811,0.948819
0,0.98 ,0.0510327, 0.246863,0.702104,0.948967
0,0.99 ,0.0508871, 0.246723,0.70239,0.949113
0,1 ,0.0507447, 0.246585,0.70267,0.949255
0.01,0 ,0.0174477, 0.285684,0.696869,0.982552
0.01,0.01 ,0.0181341, 0.28509,0.696776,0.981866
0.01,0.02 ,0.0188429, 0.284495,0.696662,0.981157
0.01,0.03 ,0.019574, 0.2839,0.696526,0.980426
0.01,0.04 ,0.0203276, 0.283304,0.696368,0.979672
0.01,0.05 ,0.0211034, 0.282708,0.696188,0.978897
0.01,0.06 ,0.0219013, 0.282113,0.695986,0.978099
0.01,0.07 ,0.022721, 0.281517,0.695762,0.977279
0.01,0.08 ,0.0235621, 0.280921,0.695517,0.976438
0.01,0.09 ,0.0244241, 0.280326,0.69525,0.975576
0.01,0.1 ,0.0253064, 0.279731,0.694962,0.974694
0.01,0.11 ,0.0262083, 0.279137,0.694654,0.973792
0.01,0.12 ,0.0271288, 0.278544,0.694327,0.972871
0.01,0.13 ,0.028067, 0.277952,0.693981,0.971933
0.01,0.14 ,0.0290217, 0.277361,0.693617,0.970978
0.01,0.15 ,0.0299916, 0.276771,0.693237,0.970008
0.01,0.16 ,0.0309753, 0.276183,0.692842,0.969025
0.01,0.17 ,0.0319712, 0.275597,0.692432,0.968029
0.01,0.18 ,0.0329777, 0.275012,0.69201,0.967022
0.01,0.19 ,0.0339927, 0.27443,0.691577,0.966007
0.01,0.2 ,0.0350145, 0.27385,0.691135,0.964986
0.01,0.21 ,0.0360407, 0.273273,0.690687,0.963959
0.01,0.22 ,0.0370693, 0.272698,0.690233,0.962931
0.01,0.23 ,0.0380978, 0.272126,0.689776,0.961902
0.01,0.24 ,0.0391238, 0.271558,0.689318,0.960876
0.01,0.25 ,0.0401448, 0.270993,0.688863,0.959855
0.01,0.26 ,0.0411582, 0.270431,0.688411,0.958842
0.01,0.27 ,0.0421615, 0.269873,0.687965,0.957838
0.01,0.28 ,0.043152, 0.269319,0.687529,0.956848
0.01,0.29 ,0.044127, 0.26877,0.687103,0.955873
0.01,0.3 ,0.0450841, 0.268225,0.686691,0.954916
0.01,0.31 ,0.0460206, 0.267684,0.686295,0.953979
0.01,0.32 ,0.0469341, 0.267149,0.685917,0.953066
0.01,0.33 ,0.0478223, 0.266618,0.68556,0.952178
0.01,0.34 ,0.048683, 0.266093,0.685224,0.951317
0.01,0.35 ,0.049514, 0.265573,0.684913,0.950486
0.01,0.36 ,0.0503135, 0.265058,0.684628,0.949687
0.01,0.37 ,0.0510798, 0.26455,0.68437,0.94892
0.01,0.38 ,0.0518114, 0.264047,0.684141,0.948189
0.01,0.39 ,0.0525069, 0.263551,0.683942,0.947493
0.01,0.4 ,0.0531653, 0.263061,0.683774,0.946835
0.01,0.41 ,0.0537858, 0.262577,0.683638,0.946214
0.01,0.42 ,0.0543678, 0.262099,0.683533,0.945632
0.01,0.43 ,0.0549108, 0.261629,0.68346,0.945089
0.01,0.44 ,0.0554148, 0.261165,0.68342,0.944585
0.01,0.45 ,0.0558797, 0.260708,0.683413,0.94412
0.01,0.46 ,0.0563059, 0.260258,0.683436,0.943694
0.01,0.47 ,0.0566938, 0.259815,0.683492,0.943306
0.01,0.48 ,0.0570441, 0.259379,0.683577,0.942956
0.01,0.49 ,0.0573575, 0.25895,0.683692,0.942642
0.01,0.5 ,0.0576351, 0.258528,0.683836,0.942365
0.01,0.51 ,0.057878, 0.258114,0.684008,0.942122
0.01,0.52 ,0.0580873, 0.257707,0.684205,0.941913
0.01,0.53 ,0.0582644, 0.257308,0.684428,0.941736
0.01,0.54 ,0.0584106, 0.256915,0.684674,0.941589
0.01,0.55 ,0.0585274, 0.25653,0.684943,0.941473
0.01,0.56 ,0.0586162, 0.256152,0.685231,0.941384
0.01,0.57 ,0.0586787, 0.255782,0.685539,0.941321
0.01,0.58 ,0.0587164, 0.255419,0.685865,0.941284
0.01,0.59 ,0.0587307, 0.255062,0.686207,0.941269
0.01,0.6 ,0.0587232, 0.254714,0.686563,0.941277
0.01,0.61 ,0.0586955, 0.254372,0.686933,0.941305
0.01,0.62 ,0.0586489, 0.254037,0.687314,0.941351
0.01,0.63 ,0.0585851, 0.253709,0.687706,0.941415
0.01,0.64 ,0.0585053, 0.253388,0.688106,0.941495
0.01,0.65 ,0.0584109, 0.253074,0.688515,0.941589
0.01,0.66 ,0.0583033, 0.252767,0.68893,0.941697
0.01,0.67 ,0.0581837, 0.252466,0.68935,0.941816
0.01,0.68 ,0.0580533, 0.252172,0.689774,0.941947
0.01,0.69 ,0.0579132, 0.251885,0.690202,0.942087
0.01,0.7 ,0.0577645, 0.251603,0.690632,0.942236
0.01,0.71 ,0.0576082, 0.251329,0.691063,0.942392
0.01,0.72 ,0.0574454, 0.25106,0.691495,0.942555
0.01,0.73 ,0.0572768, 0.250797,0.691926,0.942723
0.01,0.74 ,0.0571033, 0.25054,0.692356,0.942897
0.01,0.75 ,0.0569257, 0.250289,0.692785,0.943074
0.01,0.76 ,0.0567448, 0.250044,0.693211,0.943255
0.01,0.77 ,0.0565612, 0.249805,0.693634,0.943439
0.01,0.78 ,0.0563755, 0.249571,0.694054,0.943624
0.01,0.79 ,0.0561883, 0.249342,0.69447,0.943812
0.01,0.8 ,0.0560002, 0.249119,0.694881,0.944
0.01,0.81 ,0.0558116, 0.248901,0.695288,0.944188
0.01,0.82 ,0.055623, 0.248687,0.69569,0.944377
0.01,0.83 ,0.0554348, 0.248479,0.696086,0.944565
0.01,0.84 ,0.0552473, 0.248276,0.696477,0.944753
0.01,0.85 ,0.0550609, 0.248077,0.696862,0.944939
0.01,0.86 ,0.0548758, 0.247884,0.697241,0.945124
0.01,0.87 ,0.0546924, 0.247694,0.697613,0.945308
0.01,0.88 ,0.0545109, 0.247509,0.69798,0.945489
0.01,0.89 ,0.0543315, 0.247329,0.69834,0.945668
0.01,0.9 ,0.0541544, 0.247152,0.698693,0.945846
0.01,0.91 ,0.0539798, 0.24698,0.69904,0.94602
0.01,0.92 ,0.0538078, 0.246812,0.699381,0.946192
0.01,0.93 ,0.0536385, 0.246647,0.699714,0.946362
0.01,0.94 ,0.053472, 0.246487,0.700041,0.946528
0.01,0.95 ,0.0533085, 0.24633,0.700362,0.946692
0.01,0.96 ,0.053148, 0.246176,0.700676,0.946852
0.01,0.97 ,0.0529905, 0.246027,0.700983,0.947009
0.01,0.98 ,0.0528362, 0.24588,0.701283,0.947164
0.01,0.99 ,0.052685, 0.245737,0.701578,0.947315
0.01,1 ,0.052537, 0.245598,0.701865,0.947463
0.02,0 ,0.0174616, 0.285386,0.697153,0.982538
0.02,0.01 ,0.0181566, 0.284785,0.697058,0.981843
0.02,0.02 ,0.0188749, 0.284185,0.69694,0.981125
0.02,0.03 ,0.0196167, 0.283583,0.6968,0.980383
0.02,0.04 ,0.0203819, 0.282981,0.696637,0.979618
0.02,0.05 ,0.0211705, 0.282379,0.696451,0.978829
0.02,0.06 ,0.0219825, 0.281776,0.696241,0.978018
0.02,0.07 ,0.0228175, 0.281174,0.696009,0.977182
0.02,0.08 ,0.0236753, 0.280571,0.695753,0.976325
0.02,0.09 ,0.0245555, 0.279969,0.695476,0.975444
0.02,0.1 ,0.0254575, 0.279367,0.695176,0.974542
0.02,0.11 ,0.0263807, 0.278765,0.694854,0.973619
0.02,0.12 ,0.0273241, 0.278164,0.694511,0.972676
0.02,0.13 ,0.028287, 0.277565,0.694149,0.971713
0.02,0.14 ,0.0292682, 0.276966,0.693766,0.970732
0.02,0.15 ,0.0302664, 0.276368,0.693366,0.969734
0.02,0.16 ,0.0312803, 0.275772,0.692948,0.96872
0.02,0.17 ,0.0323084, 0.275177,0.692515,0.967692
0.02,0.18 ,0.0333489, 0.274584,0.692067,0.966651
0.02,0.19 ,0.0343999, 0.273993,0.691607,0.9656
0.02,0.2 ,0.0354596, 0.273404,0.691136,0.96454
0.02,0.21 ,0.0365258, 0.272818,0.690656,0.963474
0.02,0.22 ,0.0375961, 0.272234,0.69017,0.962404
0.02,0.23 ,0.0386682, 0.271653,0.689679,0.961332
0.02,0.24 ,0.0397396, 0.271075,0.689185,0.96026
0.02,0.25 ,0.0408077, 0.270501,0.688692,0.959192
0.02,0.26 ,0.0418698, 0.26993,0.688201,0.95813
0.02,0.27 ,0.0429231, 0.269362,0.687715,0.957077
0.02,0.28 ,0.0439649, 0.268799,0.687236,0.956035
0.02,0.29 ,0.0449924, 0.268239,0.686768,0.955008
0.02,0.3 ,0.0460029, 0.267684,0.686313,0.953997
0.02,0.31 ,0.0469936, 0.267134,0.685873,0.953006
0.02,0.32 ,0.0479618, 0.266588,0.68545,0.952038
0.02,0.33 ,0.0489049, 0.266048,0.685047,0.951095
0.02,0.34 ,0.0498207, 0.265512,0.684667,0.950179
0.02,0.35 ,0.0507066, 0.264982,0.684311,0.949293
0.02,0.36 ,0.0515607, 0.264458,0.683982,0.948439
0.02,0.37 ,0.0523809, 0.263939,0.68368,0.947619
0.02,0.38 ,0.0531655, 0.263426,0.683408,0.946835
0.02,0.39 ,0.053913, 0.26292,0.683167,0.946087
0.02,0.4 ,0.0546222, 0.262419,0.682959,0.945378
0.02,0.41 ,0.0552919, 0.261925,0.682783,0.944708
0.02,0.42 ,0.0559214, 0.261438,0.68264,0.944079
0.02,0.43 ,0.0565102, 0.260958,0.682532,0.94349
0.02,0.44 ,0.0570579, 0.260484,0.682458,0.942942
0.02,0.45 ,0.0575646, 0.260017,0.682418,0.942435
0.02,0.46 ,0.0580302, 0.259557,0.682413,0.94197
0.02,0.47 ,0.0584554, 0.259105,0.68244,0.941545
0.02,0.48 ,0.0588406, 0.258659,0.6825,0.941159
0.02,0.49 ,0.0591866, 0.258221,0.682592,0.940813
0.02,0.5 ,0.0594944, 0.25779,0.682715,0.940506
0.02,0.51 ,0.0597651, 0.257367,0.682868,0.940235
0.02,0.52 ,0.0599998, 0.256951,0.683049,0.94
0.02,0.53 ,0.0602, 0.256543,0.683257,0.9398
0.02,0.54 ,0.0603671, 0.256142,0.683491,0.939633
0.02,0.55 ,0.0605026, 0.255748,0.683749,0.939497
0.02,0.56 ,0.0606081, 0.255362,0.68403,0.939392
0.02,0.57 ,0.0606851, 0.254983,0.684331,0.939315
0.02,0.58 ,0.0607354, 0.254612,0.684652,0.939265
0.02,0.59 ,0.0607604, 0.254248,0.684991,0.93924
0.02,0.6 ,0.060762, 0.253892,0.685346,0.939238
0.02,0.61 ,0.0607416, 0.253543,0.685716,0.939258
0.02,0.62 ,0.0607009, 0.253201,0.686099,0.939299
0.02,0.63 ,0.0606414, 0.252866,0.686493,0.939359
0.02,0.64 ,0.0605646, 0.252538,0.686897,0.939435
0.02,0.65 ,0.0604721, 0.252217,0.687311,0.939528
0.02,0.66 ,0.0603652, 0.251903,0.687731,0.939635
0.02,0.67 ,0.0602452, 0.251596,0.688158,0.939755
0.02,0.68 ,0.0601135, 0.251296,0.68859,0.939887
0.02,0.69 ,0.0599712, 0.251003,0.689026,0.940029
0.02,0.7 ,0.0598197, 0.250716,0.689465,0.94018
0.02,0.71 ,0.0596598, 0.250435,0.689905,0.94034
0.02,0.72 ,0.0594927, 0.250161,0.690347,0.940507
0.02,0.73 ,0.0593194, 0.249893,0.690788,0.940681
0.02,0.74 ,0.0591407, 0.249631,0.691229,0.940859
0.02,0.75 ,0.0589575, 0.249375,0.691668,0.941042
0.02,0.76 ,0.0587706, 0.249125,0.692105,0.941229
0.02,0.77 ,0.0585807, 0.248881,0.692539,0.941419
0.02,0.78 ,0.0583885, 0.248642,0.692969,0.941612
0.02,0.79 ,0.0581946, 0.248409,0.693396,0.941805
0.02,0.8 ,0.0579996, 0.248181,0.693819,0.942
0.02,0.81 ,0.0578039, 0.247959,0.694237,0.942196
0.02,0.82 ,0.0576082, 0.247742,0.69465,0.942392
0.02,0.83 ,0.0574128, 0.24753,0.695057,0.942587
0.02,0.84 ,0.0572181, 0.247323,0.695459,0.942782
0.02,0.85 ,0.0570244, 0.247121,0.695854,0.942976
0.02,0.86 ,0.0568322, 0.246924,0.696244,0.943168
0.02,0.87 ,0.0566416, 0.246731,0.696627,0.943358
0.02,0.88 ,0.056453, 0.246543,0.697004,0.943547
0.02,0.89 ,0.0562665, 0.246359,0.697374,0.943733
0.02,0.9 ,0.0560825, 0.24618,0.697738,0.943918
0.02,0.91 ,0.0559009, 0.246004,0.698095,0.944099
0.02,0.92 ,0.0557221, 0.245833,0.698445,0.944278
0.02,0.93 ,0.0555462, 0.245666,0.698788,0.944454
0.02,0.94 ,0.0553732, 0.245503,0.699124,0.944627
0.02,0.95 ,0.0552032, 0.245344,0.699453,0.944797
0.02,0.96 ,0.0550364, 0.245188,0.699776,0.944964
0.02,0.97 ,0.0548728, 0.245036,0.700091,0.945127
0.02,0.98 ,0.0547125, 0.244887,0.7004,0.945288
0.02,0.99 ,0.0545554, 0.244742,0.700702,0.945445
0.02,1 ,0.0544017, 0.2446,0.700998,0.945598
0.03,0 ,0.0174686, 0.285091,0.69744,0.982531
0.03,0.01 ,0.0181718, 0.284485,0.697343,0.981828
0.03,0.02 ,0.0188992, 0.283878,0.697223,0.981101
0.03,0.03 ,0.019651, 0.28327,0.697079,0.980349
0.03,0.04 ,0.0204273, 0.282662,0.696911,0.979573
0.03,0.05 ,0.0212282, 0.282053,0.696719,0.978772
0.03,0.06 ,0.0220536, 0.281444,0.696503,0.977946
0.03,0.07 ,0.0229035, 0.280834,0.696262,0.977097
0.03,0.08 ,0.0237775, 0.280225,0.695998,0.976223
0.03,0.09 ,0.0246753, 0.279615,0.695709,0.975325
0.03,0.1 ,0.0255965, 0.279006,0.695398,0.974404
0.03,0.11 ,0.0265404, 0.278397,0.695063,0.97346
0.03,0.12 ,0.0275064, 0.277789,0.694705,0.972494
0.03,0.13 ,0.0284935, 0.277181,0.694326,0.971507
0.03,0.14 ,0.0295008, 0.276574,0.693925,0.970499
0.03,0.15 ,0.030527, 0.275968,0.693505,0.969473
0.03,0.16 ,0.0315709, 0.275364,0.693066,0.968429
0.03,0.17 ,0.0326309, 0.27476,0.692609,0.967369
0.03,0.18 ,0.0337053, 0.274159,0.692136,0.966295
0.03,0.19 ,0.0347925, 0.273559,0.691648,0.965208
0.03,0.2 ,0.0358902, 0.272962,0.691148,0.96411
0.03,0.21 ,0.0369965, 0.272366,0.690637,0.963003
0.03,0.22 ,0.0381091, 0.271773,0.690118,0.961891
0.03,0.23 ,0.0392254, 0.271183,0.689591,0.960775
0.03,0.24 ,0.0403429, 0.270596,0.689061,0.959657
0.03,0.25 ,0.0414589, 0.270012,0.688529,0.958541
0.03,0.26 ,0.0425707, 0.269431,0.687998,0.957429
0.03,0.27 ,0.0436754, 0.268854,0.687471,0.956325
0.03,0.28 ,0.0447701, 0.268281,0.686949,0.95523
0.03,0.29 ,0.0458517, 0.267711,0.686437,0.954148
0.03,0.3 ,0.0469175, 0.267146,0.685936,0.953083
0.03,0.31 ,0.0479644, 0.266586,0.68545,0.952036
0.03,0.32 ,0.0489896, 0.26603,0.68498,0.95101
0.03,0.33 ,0.0499902, 0.265479,0.684531,0.95001
0.03,0.34 ,0.0509636, 0.264933,0.684103,0.949036
0.03,0.35 ,0.0519073, 0.264393,0.6837,0.948093
0.03,0.36 ,0.0528188, 0.263858,0.683323,0.947181
0.03,0.37 ,0.053696, 0.263329,0.682975,0.946304
0.03,0.38 ,0.0545369, 0.262806,0.682657,0.945463
0.03,0.39 ,0.0553397, 0.262289,0.682371,0.94466
0.03,0.4 ,0.0561029, 0.261778,0.682119,0.943897
0.03,0.41 ,0.0568252, 0.261274,0.6819,0.943175
0.03,0.42 ,0.0575057, 0.260777,0.681718,0.942494
0.03,0.43 ,0.0581436, 0.260286,0.68157,0.941856
0.03,0.44 ,0.0587384, 0.259802,0.681459,0.941262
0.03,0.45 ,0.0592901, 0.259325,0.681385,0.94071
0.03,0.46 ,0.0597985, 0.258856,0.681346,0.940202
0.03,0.47 ,0.060264, 0.258393,0.681343,0.939736
0.03,0.48 ,0.0606872, 0.257938,0.681375,0.939313
0.03,0.49 ,0.0610687, 0.25749,0.681441,0.938931
0.03,0.5 ,0.0614094, 0.25705,0.68154,0.938591
0.03,0.51 ,0.0617105, 0.256617,0.681672,0.938289
0.03,0.52 ,0.0619733, 0.256192,0.681834,0.938027
0.03,0.53 ,0.062199, 0.255775,0.682026,0.937801
0.03,0.54 ,0.0623892, 0.255365,0.682246,0.937611
0.03,0.55 ,0.0625454, 0.254963,0.682492,0.937455
0.03,0.56 ,0.0626693, 0.254568,0.682763,0.937331
0.03,0.57 ,0.0627625, 0.254181,0.683057,0.937237
0.03,0.58 ,0.0628269, 0.253801,0.683372,0.937173
0.03,0.59 ,0.0628641, 0.25343,0.683706,0.937136
0.03,0.6 ,0.0628758, 0.253065,0.684059,0.937124
0.03,0.61 ,0.0628639, 0.252708,0.684428,0.937136
0.03,0.62 ,0.06283, 0.252359,0.684811,0.93717
0.03,0.63 ,0.0627757, 0.252017,0.685208,0.937224
0.03,0.64 ,0.0627027, 0.251682,0.685616,0.937297
0.03,0.65 ,0.0626126, 0.251354,0.686033,0.937387
0.03,0.66 ,0.0625069, 0.251033,0.68646,0.937493
0.03,0.67 ,0.062387, 0.25072,0.686893,0.937613
0.03,0.68 ,0.0622543, 0.250413,0.687332,0.937746
0.03,0.69 ,0.0621102, 0.250113,0.687776,0.93789
0.03,0.7 ,0.0619559, 0.24982,0.688224,0.938044
0.03,0.71 ,0.0617926, 0.249534,0.688673,0.938207
0.03,0.72 ,0.0616214, 0.249254,0.689125,0.938379
0.03,0.73 ,0.0614433, 0.248981,0.689576,0.938557
0.03,0.74 ,0.0612594, 0.248713,0.690027,0.938741
0.03,0.75 ,0.0610705, 0.248452,0.690477,0.93893
0.03,0.76 ,0.0608775, 0.248197,0.690925,0.939123
0.03,0.77 ,0.0606811, 0.247948,0.691371,0.939319
0.03,0.78 ,0.0604822, 0.247705,0.691813,0.939518
0.03,0.79 ,0.0602814, 0.247467,0.692251,0.939719
0.03,0.8 ,0.0600793, 0.247235,0.692685,0.939921
0.03,0.81 ,0.0598764, 0.247009,0.693115,0.940124
0.03,0.82 ,0.0596733, 0.246788,0.693539,0.940327
0.03,0.83 ,0.0594704, 0.246572,0.693958,0.94053
0.03,0.84 ,0.0592682, 0.246361,0.694371,0.940732
0.03,0.85 ,0.0590671, 0.246155,0.694778,0.940933
0.03,0.86 ,0.0588674, 0.245954,0.695178,0.941133
0.03,0.87 ,0.0586694, 0.245758,0.695572,0.941331
0.03,0.88 ,0.0584734, 0.245567,0.69596,0.941527
0.03,0.89 ,0.0582796, 0.24538,0.696341,0.94172
0.03,0.9 ,0.0580883, 0.245197,0.696714,0.941912
0.03,0.91 ,0.0578996, 0.245019,0.697081,0.9421
0.03,0.92 ,0.0577138, 0.244845,0.697441,0.942286
0.03,0.93 ,0.0575309, 0.244675,0.697794,0.942469
0.03,0.94 ,0.0573511, 0.244509,0.69814,0.942649
0.03,0.95 ,0.0571745, 0.244347,0.698478,0.942825
0.03,0.96 ,0.0570012, 0.244189,0.69881,0.942999
0.03,0.97 ,0.0568312, 0.244035,0.699134,0.943169
0.03,0.98 ,0.0566647, 0.243884,0.699452,0.943335
0.03,0.99 ,0.0565015, 0.243736,0.699762,0.943498
0.03,1 ,0.0563419, 0.243593,0.700066,0.943658
0.04,0 ,0.0174688, 0.2848,0.697731,0.982531
0.04,0.01 ,0.0181797, 0.284188,0.697633,0.98182
0.04,0.02 ,0.0189156, 0.283575,0.69751,0.981084
0.04,0.03 ,0.0196769, 0.282961,0.697362,0.980323
0.04,0.04 ,0.0204638, 0.282346,0.69719,0.979536
0.04,0.05 ,0.0212764, 0.281731,0.696993,0.978724
0.04,0.06 ,0.0221148, 0.281115,0.69677,0.977885
0.04,0.07 ,0.0229789, 0.280499,0.696522,0.977021
0.04,0.08 ,0.0238685, 0.279882,0.696249,0.976132
0.04,0.09 ,0.0247833, 0.279265,0.695951,0.975217
0.04,0.1 ,0.0257231, 0.278649,0.695628,0.974277
0.04,0.11 ,0.0266873, 0.278032,0.69528,0.973313
0.04,0.12 ,0.0276752, 0.277416,0.694908,0.972325
0.04,0.13 ,0.0286861, 0.276801,0.694513,0.971314
0.04,0.14 ,0.029719, 0.276186,0.694095,0.970281
0.04,0.15 ,0.0307729, 0.275572,0.693655,0.969227
0.04,0.16 ,0.0318463, 0.274959,0.693194,0.968154
0.04,0.17 ,0.032938, 0.274348,0.692714,0.967062
0.04,0.18 ,0.0340463, 0.273738,0.692216,0.965954
0.04,0.19 ,0.0351694, 0.273129,0.691701,0.964831
0.04,0.2 ,0.0363053, 0.272523,0.691172,0.963695
0.04,0.21 ,0.0374519, 0.271918,0.69063,0.962548
0.04,0.22 ,0.0386069, 0.271316,0.690077,0.961393
0.04,0.23 ,0.0397679, 0.270717,0.689515,0.960232
0.04,0.24 ,0.0409321, 0.27012,0.688948,0.959068
0.04,0.25 ,0.0420969, 0.269526,0.688377,0.957903
0.04,0.26 ,0.0432594, 0.268936,0.687805,0.956741
0.04,0.27 ,0.0444167, 0.268349,0.687235,0.955583
0.04,0.28 ,0.0455656, 0.267765,0.686669,0.954434
0.04,0.29 ,0.046703, 0.267186,0.686111,0.953297
0.04,0.3 ,0.0478259, 0.266611,0.685563,0.952174
0.04,0.31 ,0.0489311, 0.26604,0.685029,0.951069
0.04,0.32 ,0.0500155, 0.265474,0.684511,0.949985
0.04,0.33 ,0.051076, 0.264913,0.684011,0.948924
0.04,0.34 ,0.0521098, 0.264356,0.683534,0.94789
0.04,0.35 ,0.053114, 0.263806,0.68308,0.946886
0.04,0.36 ,0.0540861, 0.26326,0.682654,0.945914
0.04,0.37 ,0.0550234, 0.262721,0.682256,0.944977
0.04,0.38 ,0.0559238, 0.262187,0.681889,0.944076
0.04,0.39 ,0.0567852, 0.261659,0.681555,0.943215
0.04,0.4 ,0.0576059, 0.261138,0.681256,0.942394
0.04,0.41 ,0.0583844, 0.260624,0.680992,0.941616
0.04,0.42 ,0.0591194, 0.260116,0.680765,0.940881
0.04,0.43 ,0.05981, 0.259614,0.680576,0.94019
0.04,0.44 ,0.0604556, 0.25912,0.680424,0.939544
0.04,0.45 ,0.0610557, 0.258633,0.680311,0.938944
0.04,0.46 ,0.0616103, 0.258153,0.680237,0.93839
0.04,0.47 ,0.0621196, 0.25768,0.6802,0.93788
0.04,0.48 ,0.062584, 0.257215,0.680201,0.937416
0.04,0.49 ,0.0630041, 0.256758,0.680238,0.936996
0.04,0.5 ,0.0633809, 0.256308,0.680311,0.936619
0.04,0.51 ,0.0637153, 0.255865,0.680419,0.936285
0.04,0.52 ,0.0640087, 0.255431,0.680561,0.935991
0.04,0.53 ,0.0642624, 0.255004,0.680734,0.935738
0.04,0.54 ,0.064478, 0.254585,0.680937,0.935522
0.04,0.55 ,0.0646572, 0.254173,0.681169,0.935343
0.04,0.56 ,0.0648015, 0.25377,0.681429,0.935198
0.04,0.57 ,0.0649129, 0.253374,0.681713,0.935087
0.04,0.58 ,0.0649931, 0.252986,0.682021,0.935007
0.04,0.59 ,0.0650439, 0.252606,0.68235,0.934956
0.04,0.6 ,0.0650673, 0.252234,0.682699,0.934933
0.04,0.61 ,0.0650651, 0.251869,0.683066,0.934935
0.04,0.62 ,0.065039, 0.251511,0.68345,0.934961
0.04,0.63 ,0.0649909, 0.251162,0.683847,0.935009
0.04,0.64 ,0.0649225, 0.25082,0.684258,0.935078
0.04,0.65 ,0.0648355, 0.250485,0.68468,0.935164
0.04,0.66 ,0.0647316, 0.250157,0.685111,0.935268
0.04,0.67 ,0.0646122, 0.249837,0.685551,0.935388
0.04,0.68 ,0.064479, 0.249524,0.685997,0.935521
0.04,0.69 ,0.0643333, 0.249217,0.686449,0.935667
0.04,0.7 ,0.0641765, 0.248918,0.686905,0.935824
0.04,0.71 ,0.0640098, 0.248626,0.687365,0.93599
0.04,0.72 ,0.0638346, 0.24834,0.687826,0.936165
0.04,0.73 ,0.0636518, 0.248061,0.688288,0.936348
0.04,0.74 ,0.0634626, 0.247788,0.688749,0.936537
0.04,0.75 ,0.0632679, 0.247522,0.689211,0.936732
0.04,0.76 ,0.0630688, 0.247261,0.68967,0.936931
0.04,0.77 ,0.0628659, 0.247007,0.690127,0.937134
0.04,0.78 ,0.0626601, 0.246759,0.690581,0.93734
0.04,0.79 ,0.0624522, 0.246517,0.691031,0.937548
0.04,0.8 ,0.0622427, 0.246281,0.691477,0.937757
0.04,0.81 ,0.0620323, 0.24605,0.691918,0.937968
0.04,0.82 ,0.0618216, 0.245824,0.692354,0.938178
0.04,0.83 ,0.0616111, 0.245604,0.692784,0.938389
0.04,0.84 ,0.0614012, 0.24539,0.693209,0.938599
0.04,0.85 ,0.0611923, 0.24518,0.693628,0.938808
0.04,0.86 ,0.0609848, 0.244976,0.69404,0.939015
0.04,0.87 ,0.0607791, 0.244776,0.694445,0.939221
0.04,0.88 ,0.0605754, 0.244581,0.694844,0.939425
0.04,0.89 ,0.0603741, 0.244391,0.695235,0.939626
0.04,0.9 ,0.0601752, 0.244205,0.69562,0.939825
0.04,0.91 ,0.0599792, 0.244024,0.695997,0.940021
0.04,0.92 ,0.059786, 0.243847,0.696367,0.940214
0.04,0.93 ,0.059596, 0.243674,0.69673,0.940404
0.04,0.94 ,0.0594091, 0.243505,0.697086,0.940591
0.04,0.95 ,0.0592256, 0.243341,0.697434,0.940774
0.04,0.96 ,0.0590455, 0.24318,0.697775,0.940954
0.04,0.97 ,0.0588689, 0.243023,0.698108,0.941131
0.04,0.98 ,0.0586959, 0.24287,0.698434,0.941304
0.04,0.99 ,0.0585265, 0.24272,0.698753,0.941474
0.04,1 ,0.0583607, 0.242574,0.699065,0.941639
0.05,0 ,0.0174624, 0.284512,0.698025,0.982538
0.05,0.01 ,0.0181804, 0.283894,0.697925,0.98182
0.05,0.02 ,0.0189243, 0.283275,0.6978,0.981076
0.05,0.03 ,0.0196947, 0.282655,0.69765,0.980305
0.05,0.04 ,0.0204916, 0.282034,0.697474,0.979508
0.05,0.05 ,0.0213153, 0.281412,0.697272,0.978685
0.05,0.06 ,0.022166, 0.28079,0.697044,0.977834
0.05,0.07 ,0.0230437, 0.280167,0.69679,0.976956
0.05,0.08 ,0.0239483, 0.279543,0.696508,0.976052
0.05,0.09 ,0.0248796, 0.278919,0.696201,0.97512
0.05,0.1 ,0.0258374, 0.278296,0.695867,0.974163
0.05,0.11 ,0.0268212, 0.277672,0.695507,0.973179
0.05,0.12 ,0.0278305, 0.277048,0.695121,0.97217
0.05,0.13 ,0.0288646, 0.276425,0.694711,0.971135
0.05,0.14 ,0.0299226, 0.275802,0.694275,0.970077
0.05,0.15 ,0.0310035, 0.27518,0.693817,0.968996
0.05,0.16 ,0.0321062, 0.274559,0.693335,0.967894
0.05,0.17 ,0.0332292, 0.273939,0.692832,0.966771
0.05,0.18 ,0.034371, 0.27332,0.692309,0.965629
0.05,0.19 ,0.0355298, 0.272703,0.691767,0.96447
0.05,0.2 ,0.0367038, 0.272087,0.691209,0.963296
0.05,0.21 ,0.0378908, 0.271474,0.690635,0.962109
0.05,0.22 ,0.0390884, 0.270863,0.690049,0.960912
0.05,0.23 ,0.0402944, 0.270254,0.689452,0.959706
0.05,0.24 ,0.0415059, 0.269647,0.688847,0.958494
0.05,0.25 ,0.0427201, 0.269044,0.688236,0.95728
0.05,0.26 ,0.0439342, 0.268444,0.687622,0.956066
0.05,0.27 ,0.0451451, 0.267847,0.687008,0.954855
0.05,0.28 ,0.0463495, 0.267253,0.686397,0.95365
0.05,0.29 ,0.0475443, 0.266664,0.685792,0.952456
0.05,0.3 ,0.048726, 0.266078,0.685196,0.951274
0.05,0.31 ,0.0498914, 0.265497,0.684612,0.950109
0.05,0.32 ,0.0510373, 0.26492,0.684042,0.948963
0.05,0.33 ,0.0521602, 0.264349,0.683491,0.94784
0.05,0.34 ,0.053257, 0.263782,0.682961,0.946743
0.05,0.35 ,0.0543246, 0.26322,0.682455,0.945675
0.05,0.36 ,0.0553602, 0.262664,0.681976,0.94464
0.05,0.37 ,0.0563609, 0.262114,0.681525,0.943639
0.05,0.38 ,0.0573242, 0.261569,0.681107,0.942676
0.05,0.39 ,0.0582477, 0.261031,0.680721,0.941752
0.05,0.4 ,0.0591296, 0.260499,0.680372,0.94087
0.05,0.41 ,0.0599679, 0.259973,0.680059,0.940032
0.05,0.42 ,0.0607612, 0.259455,0.679784,0.939239
0.05,0.43 ,0.0615083, 0.258943,0.679549,0.938492
0.05,0.44 ,0.0622083, 0.258438,0.679354,0.937792
0.05,0.45 ,0.0628607, 0.25794,0.679199,0.937139
0.05,0.46 ,0.0634652, 0.25745,0.679085,0.936535
0.05,0.47 ,0.0640219, 0.256967,0.679011,0.935978
0.05,0.48 ,0.064531, 0.256491,0.678978,0.935469
0.05,0.49 ,0.0649932, 0.256023,0.678983,0.935007
0.05,0.5 ,0.0654091, 0.255563,0.679028,0.934591
0.05,0.51 ,0.06578, 0.255111,0.679109,0.93422
0.05,0.52 ,0.066107, 0.254667,0.679226,0.933893
0.05,0.53 ,0.0663916, 0.25423,0.679378,0.933608
0.05,0.54 ,0.0666352, 0.253802,0.679563,0.933365
0.05,0.55 ,0.0668397, 0.253381,0.679779,0.93316
0.05,0.56 ,0.0670068, 0.252968,0.680025,0.932993
0.05,0.57 ,0.0671383, 0.252564,0.680298,0.932862
0.05,0.58 ,0.0672362, 0.252167,0.680597,0.932764
0.05,0.59 ,0.0673024, 0.251778,0.68092,0.932698
0.05,0.6 ,0.0673389, 0.251397,0.681264,0.932661
0.05,0.61 ,0.0673477, 0.251024,0.681628,0.932652
0.05,0.62 ,0.0673307, 0.250659,0.682011,0.932669
0.05,0.63 ,0.0672898, 0.250301,0.682409,0.93271
0.05,0.64 ,0.0672269, 0.249951,0.682822,0.932773
0.05,0.65 ,0.0671438, 0.249609,0.683247,0.932856
0.05,0.66 ,0.0670423, 0.249274,0.683683,0.932958
0.05,0.67 ,0.0669241, 0.248947,0.684129,0.933076
0.05,0.68 ,0.0667907, 0.248627,0.684582,0.933209
0.05,0.69 ,0.0666438, 0.248314,0.685042,0.933356
0.05,0.7 ,0.0664848, 0.248008,0.685507,0.933515
0.05,0.71 ,0.066315, 0.24771,0.685975,0.933685
0.05,0.72 ,0.0661358, 0.247418,0.686446,0.933864
0.05,0.73 ,0.0659484, 0.247133,0.686919,0.934052
0.05,0.74 ,0.0657539, 0.246854,0.687392,0.934246
0.05,0.75 ,0.0655534, 0.246583,0.687864,0.934447
0.05,0.76 ,0.065348, 0.246317,0.688335,0.934652
0.05,0.77 ,0.0651384, 0.246058,0.688804,0.934862
0.05,0.78 ,0.0649256, 0.245805,0.68927,0.935074
0.05,0.79 ,0.0647103, 0.245558,0.689732,0.93529
0.05,0.8 ,0.0644934, 0.245317,0.69019,0.935507
0.05,0.81 ,0.0642753, 0.245081,0.690643,0.935725
0.05,0.82 ,0.0640567, 0.244852,0.691092,0.935943
0.05,0.83 ,0.0638383, 0.244628,0.691534,0.936162
0.05,0.84 ,0.0636203, 0.244409,0.691971,0.93638
0.05,0.85 ,0.0634034, 0.244195,0.692401,0.936597
0.05,0.86 ,0.0631879, 0.243987,0.692825,0.936812
0.05,0.87 ,0.0629742, 0.243784,0.693242,0.937026
0.05,0.88 ,0.0627626, 0.243585,0.693652,0.937237
0.05,0.89 ,0.0625533, 0.243391,0.694055,0.937447
0.05,0.9 ,0.0623467, 0.243202,0.694451,0.937653
0.05,0.91 ,0.062143, 0.243018,0.694839,0.937857
0.05,0.92 ,0.0619422, 0.242838,0.69522,0.938058
0.05,0.93 ,0.0617447, 0.242662,0.695593,0.938255
0.05,0.94 ,0.0615506, 0.242491,0.695959,0.938449
0.05,0.95 ,0.0613599, 0.242323,0.696317,0.93864
0.05,0.96 ,0.0611728, 0.24216,0.696667,0.938827
0.05,0.97 ,0.0609893, 0.242,0.69701,0.939011
0.05,0.98 ,0.0608096, 0.241845,0.697346,0.93919
0.05,0.99 ,0.0606336, 0.241693,0.697674,0.939366
0.05,1 ,0.0604615, 0.241544,0.697994,0.939539
0.06,0 ,0.0174495, 0.284228,0.698322,0.98255
0.06,0.01 ,0.0181741, 0.283605,0.698221,0.981826
0.06,0.02 ,0.0189256, 0.28298,0.698095,0.981074
0.06,0.03 ,0.0197043, 0.282353,0.697942,0.980296
0.06,0.04 ,0.0205107, 0.281726,0.697763,0.979489
0.06,0.05 ,0.0213449, 0.281098,0.697557,0.978655
0.06,0.06 ,0.0222073, 0.280469,0.697324,0.977793
0.06,0.07 ,0.023098, 0.279839,0.697063,0.976902
0.06,0.08 ,0.0240169, 0.279208,0.696775,0.975983
0.06,0.09 ,0.024964, 0.278577,0.696459,0.975036
0.06,0.1 ,0.0259391, 0.277946,0.696115,0.974061
0.06,0.11 ,0.0269419, 0.277315,0.695743,0.973058
0.06,0.12 ,0.027972, 0.276684,0.695344,0.972028
0.06,0.13 ,0.0290286, 0.276053,0.694919,0.970971
0.06,0.14 ,0.0301111, 0.275422,0.694467,0.969889
0.06,0.15 ,0.0312186, 0.274792,0.69399,0.968781
0.06,0.16 ,0.0323499, 0.274162,0.693488,0.96765
0.06,0.17 ,0.0335038, 0.273534,0.692962,0.966496
0.06,0.18 ,0.0346787, 0.272907,0.692415,0.965321
0.06,0.19 ,0.035873, 0.272281,0.691846,0.964127
0.06,0.2 ,0.0370848, 0.271656,0.691259,0.962915
0.06,0.21 ,0.0383121, 0.271033,0.690654,0.961688
0.06,0.22 ,0.0395525, 0.270413,0.690035,0.960448
0.06,0.23 ,0.0408036, 0.269794,0.689402,0.959196
0.06,0.24 ,0.0420627, 0.269179,0.688759,0.957937
0.06,0.25 ,0.043327, 0.268565,0.688108,0.956673
0.06,0.26 ,0.0445935, 0.267955,0.687451,0.955407
0.06,0.27 ,0.0458589, 0.267348,0.686793,0.954141
0.06,0.28 ,0.04712, 0.266744,0.686136,0.95288
0.06,0.29 ,0.0483735, 0.266145,0.685482,0.951627
0.06,0.3 ,0.0496157, 0.265549,0.684836,0.950384
0.06,0.31 ,0.0508433, 0.264957,0.6842,0.949157
0.06,0.32 ,0.0520527, 0.26437,0.683578,0.947947
0.06,0.33 ,0.0532403, 0.263787,0.682973,0.94676
0.06,0.34 ,0.0544028, 0.263209,0.682388,0.945597
0.06,0.35 ,0.0555367, 0.262637,0.681826,0.944463
0.06,0.36 ,0.0566389, 0.26207,0.681291,0.943361
0.06,0.37 ,0.0577062, 0.261508,0.680785,0.942294
0.06,0.38 ,0.0587358, 0.260953,0.680311,0.941264
0.06,0.39 ,0.0597252, 0.260404,0.679871,0.940275
0.06,0.4 ,0.0606719, 0.25986,0.679468,0.939328
0.06,0.41 ,0.0615739, 0.259324,0.679102,0.938426
0.06,0.42 ,0.0624294, 0.258794,0.678776,0.937571
0.06,0.43 ,0.063237, 0.258271,0.678492,0.936763
0.06,0.44 ,0.0639955, 0.257755,0.678249,0.936005
0.06,0.45 ,0.0647041, 0.257247,0.678049,0.935296
0.06,0.46 ,0.0653625, 0.256746,0.677892,0.934638
0.06,0.47 ,0.0659704, 0.256252,0.677778,0.93403
0.06,0.48 ,0.066528, 0.255766,0.677706,0.933472
0.06,0.49 ,0.0670359, 0.255288,0.677677,0.932964
0.06,0.5 ,0.0674946, 0.254817,0.677688,0.932505
0.06,0.51 ,0.0679053, 0.254355,0.67774,0.932095
0.06,0.52 ,0.0682691, 0.2539,0.677831,0.931731
0.06,0.53 ,0.0685875, 0.253454,0.677959,0.931412
0.06,0.54 ,0.0688621, 0.253015,0.678123,0.931138
0.06,0.55 ,0.0690945, 0.252585,0.67832,0.930905
0.06,0.56 ,0.0692867, 0.252163,0.67855,0.930713
0.06,0.57 ,0.0694406, 0.251749,0.67881,0.930559
0.06,0.58 ,0.0695583, 0.251343,0.679099,0.930442
0.06,0.59 ,0.0696417, 0.250946,0.679413,0.930358
0.06,0.6 ,0.0696931, 0.250556,0.679751,0.930307
0.06,0.61 ,0.0697144, 0.250174,0.680111,0.930286
0.06,0.62 ,0.0697078, 0.249801,0.680491,0.930292
0.06,0.63 ,0.0696753, 0.249435,0.680889,0.930325
0.06,0.64 ,0.069619, 0.249078,0.681304,0.930381
0.06,0.65 ,0.0695407, 0.248728,0.681732,0.930459
0.06,0.66 ,0.0694424, 0.248385,0.682172,0.930558
0.06,0.67 ,0.0693259, 0.248051,0.682623,0.930674
0.06,0.68 ,0.0691929, 0.247724,0.683083,0.930807
0.06,0.69 ,0.0690452, 0.247404,0.683551,0.930955
0.06,0.7 ,0.0688842, 0.247092,0.684024,0.931116
0.06,0.71 ,0.0687116, 0.246786,0.684502,0.931288
0.06,0.72 ,0.0685286, 0.246488,0.684983,0.931471
0.06,0.73 ,0.0683366, 0.246197,0.685466,0.931663
0.06,0.74 ,0.0681369, 0.245913,0.68595,0.931863
0.06,0.75 ,0.0679306, 0.245635,0.686434,0.932069
0.06,0.76 ,0.0677187, 0.245364,0.686917,0.932281
0.06,0.77 ,0.0675024, 0.2451,0.687398,0.932498
0.06,0.78 ,0.0672824, 0.244842,0.687876,0.932718
0.06,0.79 ,0.0670597, 0.24459,0.688351,0.93294
0.06,0.8 ,0.0668349, 0.244344,0.688821,0.933165
0.06,0.81 ,0.0666089, 0.244104,0.689287,0.933391
0.06,0.82 ,0.0663823, 0.24387,0.689748,0.933618
0.06,0.83 ,0.0661556, 0.243641,0.690203,0.933844
0.06,0.84 ,0.0659294, 0.243418,0.690653,0.934071
0.06,0.85 ,0.0657042, 0.243201,0.691095,0.934296
0.06,0.86 ,0.0654804, 0.242988,0.691531,0.93452
0.06,0.87 ,0.0652583, 0.242781,0.69196,0.934742
0.06,0.88 ,0.0650385, 0.242579,0.692382,0.934962
0.06,0.89 ,0.064821, 0.242382,0.692797,0.935179
0.06,0.9 ,0.0646063, 0.24219,0.693204,0.935394
0.06,0.91 ,0.0643946, 0.242002,0.693604,0.935605
0.06,0.92 ,0.064186, 0.241819,0.693995,0.935814
0.06,0.93 ,0.0639808, 0.24164,0.694379,0.936019
0.06,0.94 ,0.063779, 0.241466,0.694755,0.936221
0.06,0.95 ,0.0635809, 0.241295,0.695124,0.936419
0.06,0.96 ,0.0633865, 0.241129,0.695484,0.936613
0.06,0.97 ,0.0631959, 0.240967,0.695837,0.936804
0.06,0.98 ,0.0630092, 0.240809,0.696182,0.936991
0.06,0.99 ,0.0628265, 0.240654,0.696519,0.937174
0.06,1 ,0.0626477, 0.240504,0.696849,0.937352
0.07,0 ,0.0174303, 0.283948,0.698622,0.98257
0.07,0.01 ,0.018161, 0.283318,0.698521,0.981839
0.07,0.02 ,0.0189194, 0.282688,0.698393,0.981081
0.07,0.03 ,0.019706, 0.282055,0.698239,0.980294
0.07,0.04 ,0.0205212, 0.281422,0.698057,0.979479
0.07,0.05 ,0.0213654, 0.280787,0.697848,0.978635
0.07,0.06 ,0.0222388, 0.280151,0.69761,0.977761
0.07,0.07 ,0.0231418, 0.279515,0.697344,0.976858
0.07,0.08 ,0.0240744, 0.278877,0.697048,0.975926
0.07,0.09 ,0.0250366, 0.278239,0.696724,0.974963
0.07,0.1 ,0.0260283, 0.277601,0.696371,0.973972
0.07,0.11 ,0.0270494, 0.276962,0.695988,0.972951
0.07,0.12 ,0.0280995, 0.276323,0.695577,0.971901
0.07,0.13 ,0.029178, 0.275685,0.695137,0.970822
0.07,0.14 ,0.0302844, 0.275046,0.69467,0.969716
0.07,0.15 ,0.0314177, 0.274408,0.694175,0.968582
0.07,0.16 ,0.0325771, 0.27377,0.693653,0.967423
0.07,0.17 ,0.0337613, 0.273133,0.693106,0.966239
0.07,0.18 ,0.0349688, 0.272497,0.692534,0.965031
0.07,0.19 ,0.0361982, 0.271862,0.69194,0.963802
0.07,0.2 ,0.0374476, 0.271229,0.691324,0.962552
0.07,0.21 ,0.0387149, 0.270597,0.690688,0.961285
0.07,0.22 ,0.039998, 0.269967,0.690035,0.960002
0.07,0.23 ,0.0412943, 0.269339,0.689367,0.958706
0.07,0.24 ,0.0426013, 0.268713,0.688685,0.957399
0.07,0.25 ,0.043916, 0.26809,0.687994,0.956084
0.07,0.26 ,0.0452354, 0.26747,0.687295,0.954765
0.07,0.27 ,0.0465562, 0.266853,0.686591,0.953444
0.07,0.28 ,0.0478751, 0.266239,0.685886,0.952125
0.07,0.29 ,0.0491886, 0.265629,0.685183,0.950811
0.07,0.3 ,0.0504929, 0.265022,0.684485,0.949507
0.07,0.31 ,0.0517844, 0.26442,0.683796,0.948216
0.07,0.32 ,0.0530594, 0.263822,0.683119,0.946941
0.07,0.33 ,0.0543141, 0.263228,0.682458,0.945686
0.07,0.34 ,0.0555448, 0.262639,0.681816,0.944455
0.07,0.35 ,0.0567478, 0.262056,0.681196,0.943252
0.07,0.36 ,0.0579197, 0.261478,0.680603,0.94208
0.07,0.37 ,0.0590569, 0.260905,0.680038,0.940943
0.07,0.38 ,0.0601565, 0.260338,0.679505,0.939844
0.07,0.39 ,0.0612153, 0.259778,0.679007,0.938785
0.07,0.4 ,0.0622308, 0.259223,0.678546,0.937769
0.07,0.41 ,0.0632004, 0.258676,0.678124,0.9368
0.07,0.42 ,0.0641222, 0.258134,0.677743,0.935878
0.07,0.43 ,0.0649944, 0.2576,0.677405,0.935006
0.07,0.44 ,0.0658156, 0.257073,0.677111,0.934184
0.07,0.45 ,0.0665847, 0.256553,0.676862,0.933415
0.07,0.46 ,0.0673011, 0.256041,0.676658,0.932699
0.07,0.47 ,0.0679644, 0.255536,0.676499,0.932036
0.07,0.48 ,0.0685746, 0.25504,0.676386,0.931425
0.07,0.49 ,0.0691321, 0.25455,0.676317,0.930868
0.07,0.5 ,0.0696374, 0.254069,0.676293,0.930363
0.07,0.51 ,0.0700916, 0.253596,0.676312,0.929908
0.07,0.52 ,0.0704957, 0.253131,0.676373,0.929504
0.07,0.53 ,0.0708513, 0.252675,0.676474,0.929149
0.07,0.54 ,0.0711598, 0.252226,0.676614,0.92884
0.07,0.55 ,0.0714231, 0.251786,0.676791,0.928577
0.07,0.56 ,0.0716432, 0.251354,0.677003,0.928357
0.07,0.57 ,0.071822, 0.250931,0.677247,0.928178
0.07,0.58 ,0.0719617, 0.250515,0.677523,0.928038
0.07,0.59 ,0.0720645, 0.250109,0.677827,0.927936
0.07,0.6 ,0.0721325, 0.24971,0.678158,0.927868
0.07,0.61 ,0.0721681, 0.24932,0.678512,0.927832
0.07,0.62 ,0.0721733, 0.248938,0.678889,0.927827
0.07,0.63 ,0.0721506, 0.248564,0.679286,0.927849
0.07,0.64 ,0.0721019, 0.248198,0.6797,0.927898
0.07,0.65 ,0.0720294, 0.24784,0.680131,0.927971
0.07,0.66 ,0.0719352, 0.24749,0.680575,0.928065
0.07,0.67 ,0.0718211, 0.247148,0.681031,0.928179
0.07,0.68 ,0.0716891, 0.246813,0.681498,0.928311
0.07,0.69 ,0.071541, 0.246487,0.681972,0.928459
0.07,0.7 ,0.0713785, 0.246167,0.682454,0.928621
0.07,0.71 ,0.0712032, 0.245855,0.682941,0.928797
0.07,0.72 ,0.0710167, 0.245551,0.683432,0.928983
0.07,0.73 ,0.0708203, 0.245254,0.683926,0.92918
0.07,0.74 ,0.0706153, 0.244963,0.684421,0.929385
0.07,0.75 ,0.0704032, 0.24468,0.684917,0.929597
0.07,0.76 ,0.0701849, 0.244403,0.685412,0.929815
0.07,0.77 ,0.0699616, 0.244133,0.685905,0.930038
0.07,0.78 ,0.0697343, 0.24387,0.686396,0.930266
0.07,0.79 ,0.0695039, 0.243612,0.686884,0.930496
0.07,0.8 ,0.0692712, 0.243361,0.687367,0.930729
0.07,0.81 ,0.0690371, 0.243117,0.687846,0.930963
0.07,0.82 ,0.0688021, 0.242878,0.68832,0.931198
0.07,0.83 ,0.0685669, 0.242645,0.688788,0.931433
0.07,0.84 ,0.0683321, 0.242418,0.68925,0.931668
0.07,0.85 ,0.0680983, 0.242196,0.689706,0.931902
0.07,0.86 ,0.0678659, 0.24198,0.690155,0.932134
0.07,0.87 ,0.0676353, 0.241769,0.690596,0.932365
0.07,0.88 ,0.0674069, 0.241563,0.69103,0.932593
0.07,0.89 ,0.0671809, 0.241362,0.691457,0.932819
0.07,0.9 ,0.0669579, 0.241166,0.691876,0.933042
0.07,0.91 ,0.0667378, 0.240975,0.692287,0.933262
0.07,0.92 ,0.0665211, 0.240789,0.69269,0.933479
0.07,0.93 ,0.0663078, 0.240607,0.693085,0.933692
0.07,0.94 ,0.0660982, 0.240429,0.693472,0.933902
0.07,0.95 ,0.0658923, 0.240256,0.693851,0.934108
0.07,0.96 ,0.0656904, 0.240087,0.694222,0.93431
0.07,0.97 ,0.0654924, 0.239923,0.694585,0.934508
0.07,0.98 ,0.0652985, 0.239762,0.69494,0.934702
0.07,0.99 ,0.0651087, 0.239605,0.695286,0.934891
0.07,1 ,0.0649231, 0.239452,0.695625,0.935077
0.08,0 ,0.0174049, 0.283671,0.698924,0.982595
0.08,0.01 ,0.0181412, 0.283036,0.698823,0.981859
0.08,0.02 ,0.018906, 0.282399,0.698695,0.981094
0.08,0.03 ,0.0196999, 0.281761,0.698539,0.9803
0.08,0.04 ,0.0205233, 0.281121,0.698356,0.979477
0.08,0.05 ,0.0213768, 0.28048,0.698143,0.978623
0.08,0.06 ,0.0222607, 0.279838,0.697902,0.977739
