e1,e2,V,Rs,Rv,P
0,0 ,0.0140414, 0.256202,0.729757,0.985959
0,0.01 ,0.014741, 0.255326,0.729933,0.985259
0,0.02 ,0.0154777, 0.254445,0.730078,0.984522
0,0.03 ,0.0162533, 0.253556,0.730191,0.983747
0,0.04 ,0.0170698, 0.25266,0.73027,0.98293
0,0.05 ,0.0179295, 0.251757,0.730314,0.982071
0,0.06 ,0.0188344, 0.250847,0.730319,0.981166
0,0.07 ,0.019787, 0.24993,0.730283,0.980213
0,0.08 ,0.0207896, 0.249006,0.730205,0.97921
0,0.09 ,0.0218449, 0.248074,0.730081,0.978155
0,0.1 ,0.0229556, 0.247136,0.729909,0.977044
0,0.11 ,0.0241244, 0.246189,0.729686,0.975876
0,0.12 ,0.0253545, 0.245236,0.72941,0.974645
0,0.13 ,0.026649, 0.244275,0.729076,0.973351
0,0.14 ,0.028011, 0.243307,0.728682,0.971989
0,0.15 ,0.0294442, 0.242331,0.728225,0.970556
0,0.16 ,0.0309521, 0.241347,0.727701,0.969048
0,0.17 ,0.0325385, 0.240356,0.727105,0.967461
0,0.18 ,0.0342075, 0.239358,0.726435,0.965793
0,0.19 ,0.0359631, 0.238352,0.725685,0.964037
0,0.2 ,0.0378098, 0.237338,0.724852,0.96219
0,0.21 ,0.0397521, 0.236317,0.723931,0.960248
0,0.22 ,0.0417949, 0.235288,0.722917,0.958205
0,0.23 ,0.0439432, 0.234251,0.721805,0.956057
0,0.24 ,0.046202, 0.233208,0.72059,0.953798
0,0.25 ,0.048577, 0.232156,0.719267,0.951423
0,0.26 ,0.0510737, 0.231097,0.717829,0.948926
0,0.27 ,0.053698, 0.230031,0.716271,0.946302
0,0.28 ,0.056456, 0.228957,0.714587,0.943544
0,0.29 ,0.059354, 0.227876,0.71277,0.940646
0,0.3 ,0.0623984, 0.226788,0.710814,0.937602
0,0.31 ,0.065596, 0.225693,0.708711,0.934404
0,0.32 ,0.0689535, 0.224591,0.706456,0.931047
0,0.33 ,0.0724778, 0.223482,0.704041,0.927522
0,0.34 ,0.076176, 0.222366,0.701458,0.923824
0,0.35 ,0.080055, 0.221244,0.698701,0.919945
0,0.36 ,0.084122, 0.220116,0.695762,0.915878
0,0.37 ,0.0883837, 0.218982,0.692634,0.911616
0,0.38 ,0.0928468, 0.217842,0.689311,0.907153
0,0.39 ,0.0975177, 0.216697,0.685785,0.902482
0,0.4 ,0.102402, 0.215547,0.682051,0.897598
0,0.41 ,0.107506, 0.214392,0.678102,0.892494
0,0.42 ,0.112832, 0.213233,0.673934,0.887168
0,0.43 ,0.118385, 0.21207,0.669544,0.881615
0,0.44 ,0.124167, 0.210904,0.664929,0.875833
0,0.45 ,0.130177, 0.209735,0.660088,0.869823
0,0.46 ,0.136414, 0.208564,0.655022,0.863586
0,0.47 ,0.142874, 0.207391,0.649735,0.857126
0,0.48 ,0.14955, 0.206217,0.644234,0.85045
0,0.49 ,0.15643, 0.205042,0.638527,0.84357
0,0.5 ,0.163502, 0.203869,0.632629,0.836498
0,0.51 ,0.170746, 0.202696,0.626558,0.829254
0,0.52 ,0.178139, 0.201526,0.620335,0.821861
0,0.53 ,0.185653, 0.200359,0.613988,0.814347
0,0.54 ,0.193253, 0.199196,0.607551,0.806747
0,0.55 ,0.200901, 0.198038,0.601061,0.799099
0,0.56 ,0.208551, 0.196887,0.594562,0.791449
0,0.57 ,0.216155, 0.195742,0.588102,0.783845
0,0.58 ,0.223659, 0.194607,0.581735,0.776341
0,0.59 ,0.231005, 0.19348,0.575514,0.768995
0,0.6 ,0.238138, 0.192364,0.569498,0.761862
0,0.61 ,0.244999, 0.191261,0.563741,0.755001
0,0.62 ,0.251533, 0.19017,0.558297,0.748467
0,0.63 ,0.257692, 0.189094,0.553215,0.742308
0,0.64 ,0.263431, 0.188032,0.548536,0.736569
0,0.65 ,0.268717, 0.186988,0.544295,0.731283
0,0.66 ,0.273525, 0.185961,0.540515,0.726475
0,0.67 ,0.27784, 0.184952,0.537209,0.72216
0,0.68 ,0.281658, 0.183962,0.53438,0.718342
0,0.69 ,0.284986, 0.182993,0.532021,0.715014
0,0.7 ,0.287838, 0.182044,0.530118,0.712162
0,0.71 ,0.290237, 0.181116,0.528646,0.709763
0,0.72 ,0.292211, 0.180211,0.527578,0.707789
0,0.73 ,0.293792, 0.179327,0.526881,0.706208
0,0.74 ,0.295015, 0.178467,0.526519,0.704985
0,0.75 ,0.295915, 0.177628,0.526456,0.704085
0,0.76 ,0.29653, 0.176813,0.526657,0.70347
0,0.77 ,0.296892, 0.176021,0.527087,0.703108
0,0.78 ,0.297036, 0.175251,0.527713,0.702964
0,0.79 ,0.296992, 0.174503,0.528504,0.703008
0,0.8 ,0.296789, 0.173779,0.529432,0.703211
0,0.81 ,0.296452, 0.173076,0.530473,0.703548
0,0.82 ,0.296003, 0.172394,0.531603,0.703997
0,0.83 ,0.295464, 0.171734,0.532802,0.704536
0,0.84 ,0.294851, 0.171095,0.534054,0.705149
0,0.85 ,0.294182, 0.170476,0.535342,0.705818
0,0.86 ,0.293468, 0.169877,0.536655,0.706532
0,0.87 ,0.292722, 0.169298,0.537981,0.707278
0,0.88 ,0.291953, 0.168737,0.53931,0.708047
0,0.89 ,0.29117, 0.168195,0.540635,0.70883
0,0.9 ,0.29038, 0.16767,0.54195,0.70962
0,0.91 ,0.289588, 0.167162,0.543249,0.710412
0,0.92 ,0.2888, 0.166672,0.544528,0.7112
0,0.93 ,0.28802, 0.166197,0.545783,0.71198
0,0.94 ,0.28725, 0.165737,0.547012,0.71275
0,0.95 ,0.286494, 0.165293,0.548213,0.713506
0,0.96 ,0.285753, 0.164863,0.549383,0.714247
0,0.97 ,0.28503, 0.164448,0.550523,0.71497
0,0.98 ,0.284324, 0.164045,0.551631,0.715676
0,0.99 ,0.283638, 0.163656,0.552706,0.716362
0,1 ,0.282971, 0.163279,0.55375,0.717029
0.01,0 ,0.0139875, 0.256105,0.729907,0.986012
0.01,0.01 ,0.0146847, 0.255228,0.730087,0.985315
0.01,0.02 ,0.0154188, 0.254344,0.730237,0.984581
0.01,0.03 ,0.0161917, 0.253453,0.730355,0.983808
0.01,0.04 ,0.0170055, 0.252555,0.730439,0.982994
0.01,0.05 ,0.0178623, 0.251651,0.730487,0.982138
0.01,0.06 ,0.0187643, 0.250738,0.730497,0.981236
0.01,0.07 ,0.0197137, 0.249819,0.730467,0.980286
0.01,0.08 ,0.0207132, 0.248892,0.730394,0.979287
0.01,0.09 ,0.0217652, 0.247958,0.730276,0.978235
0.01,0.1 ,0.0228725, 0.247017,0.73011,0.977127
0.01,0.11 ,0.0240379, 0.246068,0.729894,0.975962
0.01,0.12 ,0.0252645, 0.245112,0.729623,0.974736
0.01,0.13 ,0.0265552, 0.244149,0.729296,0.973445
0.01,0.14 ,0.0279136, 0.243177,0.728909,0.972086
0.01,0.15 ,0.029343, 0.242198,0.728459,0.970657
0.01,0.16 ,0.030847, 0.241212,0.727941,0.969153
0.01,0.17 ,0.0324296, 0.240218,0.727353,0.96757
0.01,0.18 ,0.0340946, 0.239216,0.726689,0.965905
0.01,0.19 ,0.0358463, 0.238206,0.725947,0.964154
0.01,0.2 ,0.0376891, 0.237189,0.725122,0.962311
0.01,0.21 ,0.0396276, 0.236164,0.724208,0.960372
0.01,0.22 ,0.0416667, 0.235132,0.723202,0.958333
0.01,0.23 ,0.0438113, 0.234091,0.722098,0.956189
0.01,0.24 ,0.0460667, 0.233043,0.72089,0.953933
0.01,0.25 ,0.0484385, 0.231987,0.719574,0.951561
0.01,0.26 ,0.0509324, 0.230924,0.718144,0.949068
0.01,0.27 ,0.0535542, 0.229853,0.716593,0.946446
0.01,0.28 ,0.0563102, 0.228775,0.714915,0.94369
0.01,0.29 ,0.0592068, 0.227689,0.713105,0.940793
0.01,0.3 ,0.0622506, 0.226595,0.711154,0.937749
0.01,0.31 ,0.0654484, 0.225495,0.709057,0.934552
0.01,0.32 ,0.0688072, 0.224387,0.706806,0.931193
0.01,0.33 ,0.0723341, 0.223272,0.704393,0.927666
0.01,0.34 ,0.0760363, 0.222151,0.701813,0.923964
0.01,0.35 ,0.0799212, 0.221023,0.699056,0.920079
0.01,0.36 ,0.0839961, 0.219888,0.696116,0.916004
0.01,0.37 ,0.0882681, 0.218747,0.692985,0.911732
0.01,0.38 ,0.0927444, 0.217601,0.689655,0.907256
0.01,0.39 ,0.0974318, 0.216448,0.68612,0.902568
0.01,0.4 ,0.102337, 0.21529,0.682373,0.897663
0.01,0.41 ,0.107465, 0.214128,0.678407,0.892535
0.01,0.42 ,0.112822, 0.21296,0.674218,0.887178
0.01,0.43 ,0.118411, 0.211789,0.669801,0.881589
0.01,0.44 ,0.124235, 0.210613,0.665151,0.875765
0.01,0.45 ,0.130296, 0.209435,0.660269,0.869704
0.01,0.46 ,0.136593, 0.208254,0.655153,0.863407
0.01,0.47 ,0.143123, 0.207071,0.649807,0.856877
0.01,0.48 ,0.149879, 0.205886,0.644234,0.850121
0.01,0.49 ,0.156854, 0.204701,0.638445,0.843146
0.01,0.5 ,0.164034, 0.203516,0.63245,0.835966
0.01,0.51 ,0.171402, 0.202332,0.626266,0.828598
0.01,0.52 ,0.178936, 0.20115,0.619914,0.821064
0.01,0.53 ,0.186609, 0.19997,0.613421,0.813391
0.01,0.54 ,0.194388, 0.198794,0.606817,0.805612
0.01,0.55 ,0.202235, 0.197623,0.600142,0.797765
0.01,0.56 ,0.210106, 0.196457,0.593437,0.789894
0.01,0.57 ,0.217951, 0.195299,0.586751,0.782049
0.01,0.58 ,0.225715, 0.194148,0.580137,0.774285
0.01,0.59 ,0.233341, 0.193007,0.573653,0.766659
0.01,0.6 ,0.240768, 0.191876,0.567356,0.759232
0.01,0.61 ,0.247937, 0.190756,0.561306,0.752063
0.01,0.62 ,0.25479, 0.18965,0.555561,0.74521
0.01,0.63 ,0.261271, 0.188557,0.550172,0.738729
0.01,0.64 ,0.267333, 0.18748,0.545188,0.732667
0.01,0.65 ,0.272937, 0.186418,0.540645,0.727063
0.01,0.66 ,0.278053, 0.185374,0.536573,0.721947
0.01,0.67 ,0.282662, 0.184349,0.532989,0.717338
0.01,0.68 ,0.286758, 0.183343,0.5299,0.713242
0.01,0.69 ,0.290342, 0.182357,0.527301,0.709658
0.01,0.7 ,0.293429, 0.181391,0.52518,0.706571
0.01,0.71 ,0.296039, 0.180448,0.523514,0.703961
0.01,0.72 ,0.2982, 0.179526,0.522274,0.7018
0.01,0.73 ,0.299945, 0.178627,0.521429,0.700055
0.01,0.74 ,0.301309, 0.17775,0.52094,0.698691
0.01,0.75 ,0.302331, 0.176897,0.520772,0.697669
0.01,0.76 ,0.303047, 0.176067,0.520886,0.696953
0.01,0.77 ,0.303494, 0.17526,0.521246,0.696506
0.01,0.78 ,0.303707, 0.174476,0.521817,0.696293
0.01,0.79 ,0.303719, 0.173715,0.522566,0.696281
0.01,0.8 ,0.303559, 0.172977,0.523463,0.696441
0.01,0.81 ,0.303256, 0.172262,0.524482,0.696744
0.01,0.82 ,0.302833, 0.171568,0.525599,0.697167
0.01,0.83 ,0.302312, 0.170897,0.526792,0.697688
0.01,0.84 ,0.301712, 0.170246,0.528042,0.698288
0.01,0.85 ,0.30105, 0.169616,0.529334,0.69895
0.01,0.86 ,0.300339, 0.169007,0.530654,0.699661
0.01,0.87 ,0.299593, 0.168417,0.531989,0.700407
0.01,0.88 ,0.298822, 0.167847,0.533331,0.701178
0.01,0.89 ,0.298034, 0.167296,0.53467,0.701966
0.01,0.9 ,0.297238, 0.166762,0.536,0.702762
0.01,0.91 ,0.296439, 0.166246,0.537315,0.703561
0.01,0.92 ,0.295642, 0.165747,0.53861,0.704358
0.01,0.93 ,0.294853, 0.165265,0.539882,0.705147
0.01,0.94 ,0.294074, 0.164798,0.541128,0.705926
0.01,0.95 ,0.293308, 0.164347,0.542346,0.706692
0.01,0.96 ,0.292557, 0.16391,0.543533,0.707443
0.01,0.97 ,0.291823, 0.163488,0.544689,0.708177
0.01,0.98 ,0.291108, 0.163079,0.545813,0.708892
0.01,0.99 ,0.290412, 0.162684,0.546904,0.709588
0.01,1 ,0.289736, 0.162302,0.547963,0.710264
0.02,0 ,0.013934, 0.25601,0.730056,0.986066
0.02,0.01 ,0.0146288, 0.255131,0.73024,0.985371
0.02,0.02 ,0.0153603, 0.254245,0.730395,0.98464
0.02,0.03 ,0.0161306, 0.253352,0.730517,0.983869
0.02,0.04 ,0.0169416, 0.252452,0.730606,0.983058
0.02,0.05 ,0.0177955, 0.251545,0.730659,0.982205
0.02,0.06 ,0.0186945, 0.250631,0.730675,0.981306
0.02,0.07 ,0.0196408, 0.249709,0.73065,0.980359
0.02,0.08 ,0.0206371, 0.24878,0.730583,0.979363
0.02,0.09 ,0.0216858, 0.247844,0.73047,0.978314
0.02,0.1 ,0.0227897, 0.2469,0.73031,0.97721
0.02,0.11 ,0.0239517, 0.245949,0.7301,0.976048
0.02,0.12 ,0.0251746, 0.24499,0.729835,0.974825
0.02,0.13 ,0.0264617, 0.244023,0.729515,0.973538
0.02,0.14 ,0.0278163, 0.243049,0.729134,0.972184
0.02,0.15 ,0.0292418, 0.242068,0.728691,0.970758
0.02,0.16 ,0.0307419, 0.241078,0.72818,0.969258
0.02,0.17 ,0.0323205, 0.240081,0.727599,0.96768
0.02,0.18 ,0.0339815, 0.239076,0.726943,0.966018
0.02,0.19 ,0.0357292, 0.238063,0.726208,0.964271
0.02,0.2 ,0.037568, 0.237042,0.72539,0.962432
0.02,0.21 ,0.0395025, 0.236013,0.724484,0.960497
0.02,0.22 ,0.0415377, 0.234977,0.723485,0.958462
0.02,0.23 ,0.0436785, 0.233933,0.722389,0.956322
0.02,0.24 ,0.0459302, 0.232881,0.721189,0.95407
0.02,0.25 ,0.0482986, 0.231821,0.719881,0.951701
0.02,0.26 ,0.0507892, 0.230753,0.718458,0.949211
0.02,0.27 ,0.0534083, 0.229677,0.716914,0.946592
0.02,0.28 ,0.0561619, 0.228594,0.715244,0.943838
0.02,0.29 ,0.0590567, 0.227503,0.71344,0.940943
0.02,0.3 ,0.0620993, 0.226405,0.711496,0.937901
0.02,0.31 ,0.0652968, 0.225299,0.709404,0.934703
0.02,0.32 ,0.0686562, 0.224186,0.707158,0.931344
0.02,0.33 ,0.0721848, 0.223066,0.704749,0.927815
0.02,0.34 ,0.0758902, 0.221938,0.702171,0.92411
0.02,0.35 ,0.0797799, 0.220804,0.699416,0.92022
0.02,0.36 ,0.0838615, 0.219663,0.696476,0.916138
0.02,0.37 ,0.0881426, 0.218515,0.693342,0.911857
0.02,0.38 ,0.0926307, 0.217362,0.690008,0.907369
0.02,0.39 ,0.097333, 0.216202,0.686465,0.902667
0.02,0.4 ,0.102256, 0.215037,0.682707,0.897744
0.02,0.41 ,0.107407, 0.213866,0.678726,0.892593
0.02,0.42 ,0.112792, 0.21269,0.674518,0.887208
0.02,0.43 ,0.118414, 0.21151,0.670075,0.881586
0.02,0.44 ,0.124279, 0.210326,0.665395,0.875721
0.02,0.45 ,0.130388, 0.209139,0.660474,0.869612
0.02,0.46 ,0.136741, 0.207948,0.655311,0.863259
0.02,0.47 ,0.143337, 0.206755,0.649909,0.856663
0.02,0.48 ,0.150171, 0.20556,0.644269,0.849829
0.02,0.49 ,0.157235, 0.204364,0.638401,0.842765
0.02,0.5 ,0.164519, 0.203168,0.632313,0.835481
0.02,0.51 ,0.172007, 0.201972,0.626022,0.827993
0.02,0.52 ,0.179677, 0.200777,0.619545,0.820323
0.02,0.53 ,0.187505, 0.199585,0.612909,0.812495
0.02,0.54 ,0.19546, 0.198396,0.606144,0.80454
0.02,0.55 ,0.203502, 0.197212,0.599286,0.796498
0.02,0.56 ,0.21159, 0.196032,0.592378,0.78841
0.02,0.57 ,0.219673, 0.194859,0.585467,0.780327
0.02,0.58 ,0.227698, 0.193694,0.578608,0.772302
0.02,0.59 ,0.235604, 0.192537,0.571859,0.764396
0.02,0.6 ,0.243329, 0.191391,0.56528,0.756671
0.02,0.61 ,0.250811, 0.190256,0.558933,0.749189
0.02,0.62 ,0.257988, 0.189133,0.552879,0.742012
0.02,0.63 ,0.2648, 0.188024,0.547175,0.7352
0.02,0.64 ,0.271196, 0.18693,0.541874,0.728804
0.02,0.65 ,0.27713, 0.185852,0.537017,0.72287
0.02,0.66 ,0.282569, 0.184791,0.53264,0.717431
0.02,0.67 ,0.287488, 0.183749,0.528763,0.712512
0.02,0.68 ,0.291876, 0.182726,0.525398,0.708124
0.02,0.69 ,0.295733, 0.181723,0.522544,0.704267
0.02,0.7 ,0.299069, 0.180741,0.52019,0.700931
0.02,0.71 ,0.301905, 0.179781,0.518315,0.698095
0.02,0.72 ,0.304267, 0.178843,0.51689,0.695733
0.02,0.73 ,0.306189, 0.177927,0.515884,0.693811
0.02,0.74 ,0.307706, 0.177035,0.515259,0.692294
0.02,0.75 ,0.308859, 0.176166,0.514975,0.691141
0.02,0.76 ,0.309686, 0.175321,0.514993,0.690314
0.02,0.77 ,0.310226, 0.174499,0.515275,0.689774
0.02,0.78 ,0.310515, 0.173701,0.515784,0.689485
0.02,0.79 ,0.310589, 0.172926,0.516485,0.689411
0.02,0.8 ,0.310479, 0.172175,0.517346,0.689521
0.02,0.81 ,0.310214, 0.171446,0.51834,0.689786
0.02,0.82 ,0.30982, 0.17074,0.51944,0.69018
0.02,0.83 ,0.30932, 0.170057,0.520623,0.69068
0.02,0.84 ,0.308735, 0.169394,0.52187,0.691265
0.02,0.85 ,0.308082, 0.168754,0.523164,0.691918
0.02,0.86 ,0.307377, 0.168134,0.524489,0.692623
0.02,0.87 ,0.306633, 0.167534,0.525833,0.693367
0.02,0.88 ,0.30586, 0.166954,0.527186,0.69414
0.02,0.89 ,0.305069, 0.166393,0.528538,0.694931
0.02,0.9 ,0.304267, 0.16585,0.529883,0.695733
0.02,0.91 ,0.303462, 0.165326,0.531213,0.696538
0.02,0.92 ,0.302657, 0.164818,0.532524,0.697343
0.02,0.93 ,0.301859, 0.164328,0.533813,0.698141
0.02,0.94 ,0.301071, 0.163854,0.535075,0.698929
0.02,0.95 ,0.300296, 0.163395,0.536309,0.699704
0.02,0.96 ,0.299535, 0.162952,0.537513,0.700465
0.02,0.97 ,0.298792, 0.162523,0.538685,0.701208
0.02,0.98 ,0.298067, 0.162108,0.539825,0.701933
0.02,0.99 ,0.297361, 0.161707,0.540932,0.702639
0.02,1 ,0.296675, 0.161319,0.542006,0.703325
0.03,0 ,0.0138809, 0.255915,0.730204,0.986119
0.03,0.01 ,0.0145732, 0.255035,0.730392,0.985427
0.03,0.02 ,0.0153022, 0.254147,0.730551,0.984698
0.03,0.03 ,0.0160698, 0.253252,0.730678,0.98393
0.03,0.04 ,0.016878, 0.25235,0.730772,0.983122
0.03,0.05 ,0.017729, 0.251441,0.73083,0.982271
0.03,0.06 ,0.018625, 0.250524,0.730851,0.981375
0.03,0.07 ,0.0195683, 0.249601,0.730831,0.980432
0.03,0.08 ,0.0205614, 0.248669,0.730769,0.979439
0.03,0.09 ,0.0216068, 0.247731,0.730663,0.978393
0.03,0.1 ,0.0227073, 0.246784,0.730508,0.977293
0.03,0.11 ,0.0238657, 0.24583,0.730304,0.976134
0.03,0.12 ,0.025085, 0.244869,0.730046,0.974915
0.03,0.13 ,0.0263684, 0.2439,0.729732,0.973632
0.03,0.14 ,0.0277191, 0.242923,0.729358,0.972281
0.03,0.15 ,0.0291407, 0.241938,0.728921,0.970859
0.03,0.16 ,0.0306369, 0.240946,0.728417,0.969363
0.03,0.17 ,0.0322114, 0.239945,0.727843,0.967789
0.03,0.18 ,0.0338683, 0.238937,0.727195,0.966132
0.03,0.19 ,0.0356119, 0.237921,0.726467,0.964388
0.03,0.2 ,0.0374465, 0.236897,0.725657,0.962553
0.03,0.21 ,0.0393769, 0.235864,0.724759,0.960623
0.03,0.22 ,0.041408, 0.234824,0.723768,0.958592
0.03,0.23 ,0.0435448, 0.233776,0.722679,0.956455
0.03,0.24 ,0.0457927, 0.23272,0.721487,0.954207
0.03,0.25 ,0.0481573, 0.231656,0.720187,0.951843
0.03,0.26 ,0.0506445, 0.230584,0.718772,0.949355
0.03,0.27 ,0.0532604, 0.229504,0.717236,0.94674
0.03,0.28 ,0.0560113, 0.228416,0.715573,0.943989
0.03,0.29 ,0.0589038, 0.22732,0.713776,0.941096
0.03,0.3 ,0.0619447, 0.226217,0.711838,0.938055
0.03,0.31 ,0.0651413, 0.225106,0.709753,0.934859
0.03,0.32 ,0.0685006, 0.223988,0.707512,0.931499
0.03,0.33 ,0.0720303, 0.222862,0.705108,0.92797
0.03,0.34 ,0.0757381, 0.221728,0.702534,0.924262
0.03,0.35 ,0.0796317, 0.220588,0.699781,0.920368
0.03,0.36 ,0.0837189, 0.21944,0.696841,0.916281
0.03,0.37 ,0.0880079, 0.218286,0.693706,0.911992
0.03,0.38 ,0.0925063, 0.217126,0.690368,0.907494
0.03,0.39 ,0.0972219, 0.215959,0.686819,0.902778
0.03,0.4 ,0.102162, 0.214786,0.683052,0.897838
0.03,0.41 ,0.107334, 0.213608,0.679058,0.892666
0.03,0.42 ,0.112744, 0.212424,0.674832,0.887256
0.03,0.43 ,0.118398, 0.211235,0.670367,0.881602
0.03,0.44 ,0.1243, 0.210042,0.665658,0.8757
0.03,0.45 ,0.130453, 0.208846,0.660702,0.869547
0.03,0.46 ,0.136859, 0.207645,0.655496,0.863141
0.03,0.47 ,0.143517, 0.206442,0.65004,0.856483
0.03,0.48 ,0.150425, 0.205237,0.644338,0.849575
0.03,0.49 ,0.157575, 0.20403,0.638395,0.842425
0.03,0.5 ,0.164959, 0.202823,0.632219,0.835041
0.03,0.51 ,0.172561, 0.201615,0.625824,0.827439
0.03,0.52 ,0.180363, 0.200409,0.619228,0.819637
0.03,0.53 ,0.188342, 0.199204,0.612454,0.811658
0.03,0.54 ,0.196466, 0.198002,0.605531,0.803534
0.03,0.55 ,0.204701, 0.196804,0.598495,0.795299
0.03,0.56 ,0.213002, 0.195611,0.591387,0.786998
0.03,0.57 ,0.221322, 0.194424,0.584254,0.778678
0.03,0.58 ,0.229605, 0.193244,0.577151,0.770395
0.03,0.59 ,0.237791, 0.192072,0.570137,0.762209
0.03,0.6 ,0.245816, 0.19091,0.563273,0.754184
0.03,0.61 ,0.253615, 0.189759,0.556625,0.746385
0.03,0.62 ,0.261123, 0.18862,0.550257,0.738877
0.03,0.63 ,0.268275, 0.187495,0.54423,0.731725
0.03,0.64 ,0.275014, 0.186384,0.538602,0.724986
0.03,0.65 ,0.281291, 0.185289,0.533419,0.718709
0.03,0.66 ,0.287066, 0.184212,0.528722,0.712934
0.03,0.67 ,0.29231, 0.183152,0.524538,0.70769
0.03,0.68 ,0.297006, 0.182112,0.520882,0.702994
0.03,0.69 ,0.301152, 0.181092,0.517756,0.698848
0.03,0.7 ,0.304754, 0.180093,0.515153,0.695246
0.03,0.71 ,0.307831, 0.179116,0.513054,0.692169
0.03,0.72 ,0.310409, 0.178161,0.511431,0.689591
0.03,0.73 ,0.312521, 0.177229,0.51025,0.687479
0.03,0.74 ,0.314204, 0.176321,0.509475,0.685796
0.03,0.75 ,0.315499, 0.175436,0.509065,0.684501
0.03,0.76 ,0.316447, 0.174575,0.508977,0.683553
0.03,0.77 ,0.317088, 0.173739,0.509173,0.682912
0.03,0.78 ,0.317461, 0.172926,0.509613,0.682539
0.03,0.79 ,0.317603, 0.172137,0.51026,0.682397
0.03,0.8 ,0.317548, 0.171372,0.511081,0.682452
0.03,0.81 ,0.317326, 0.17063,0.512045,0.682674
0.03,0.82 ,0.316965, 0.169911,0.513124,0.683035
0.03,0.83 ,0.31649, 0.169215,0.514295,0.68351
0.03,0.84 ,0.315923, 0.168541,0.515536,0.684077
0.03,0.85 ,0.315282, 0.167888,0.516829,0.684718
0.03,0.86 ,0.314585, 0.167257,0.518158,0.685415
0.03,0.87 ,0.313843, 0.166647,0.519509,0.686157
0.03,0.88 ,0.313071, 0.166057,0.520872,0.686929
0.03,0.89 ,0.312278, 0.165486,0.522236,0.687722
0.03,0.9 ,0.311472, 0.164935,0.523594,0.688528
0.03,0.91 ,0.31066, 0.164401,0.524939,0.68934
0.03,0.92 ,0.309849, 0.163886,0.526266,0.690151
0.03,0.93 ,0.309043, 0.163387,0.52757,0.690957
0.03,0.94 ,0.308246, 0.162905,0.528849,0.691754
0.03,0.95 ,0.307462, 0.162439,0.530099,0.692538
0.03,0.96 ,0.306692, 0.161989,0.531319,0.693308
0.03,0.97 ,0.305939, 0.161553,0.532507,0.694061
0.03,0.98 ,0.305204, 0.161132,0.533663,0.694796
0.03,0.99 ,0.304489, 0.160725,0.534786,0.695511
0.03,1 ,0.303794, 0.160331,0.535875,0.696206
0.04,0 ,0.0138282, 0.255822,0.73035,0.986172
0.04,0.01 ,0.014518, 0.254939,0.730543,0.985482
0.04,0.02 ,0.0152444, 0.25405,0.730706,0.984756
0.04,0.03 ,0.0160094, 0.253153,0.730838,0.983991
0.04,0.04 ,0.0168149, 0.252249,0.730936,0.983185
0.04,0.05 ,0.017663, 0.251338,0.730999,0.982337
0.04,0.06 ,0.018556, 0.250419,0.731025,0.981444
0.04,0.07 ,0.0194962, 0.249493,0.731011,0.980504
0.04,0.08 ,0.020486, 0.24856,0.730954,0.979514
0.04,0.09 ,0.0215281, 0.247618,0.730853,0.978472
0.04,0.1 ,0.0226252, 0.24667,0.730705,0.977375
0.04,0.11 ,0.02378, 0.245713,0.730507,0.97622
0.04,0.12 ,0.0249957, 0.244749,0.730255,0.975004
0.04,0.13 ,0.0262753, 0.243778,0.729947,0.973725
0.04,0.14 ,0.0276222, 0.242798,0.72958,0.972378
0.04,0.15 ,0.0290398, 0.24181,0.72915,0.97096
0.04,0.16 ,0.0305319, 0.240815,0.728653,0.969468
0.04,0.17 ,0.0321023, 0.239811,0.728086,0.967898
0.04,0.18 ,0.0337551, 0.2388,0.727445,0.966245
0.04,0.19 ,0.0354944, 0.23778,0.726725,0.964506
0.04,0.2 ,0.0373248, 0.236753,0.725922,0.962675
0.04,0.21 ,0.0392509, 0.235717,0.725032,0.960749
0.04,0.22 ,0.0412778, 0.234673,0.724049,0.958722
0.04,0.23 ,0.0434104, 0.233621,0.722968,0.95659
0.04,0.24 ,0.0456542, 0.232561,0.721785,0.954346
0.04,0.25 ,0.0480149, 0.231493,0.720492,0.951985
0.04,0.26 ,0.0504984, 0.230417,0.719085,0.949502
0.04,0.27 ,0.0531108, 0.229332,0.717557,0.946889
0.04,0.28 ,0.0558585, 0.22824,0.715901,0.944141
0.04,0.29 ,0.0587483, 0.22714,0.714112,0.941252
0.04,0.3 ,0.0617872, 0.226031,0.712181,0.938213
0.04,0.31 ,0.0649822, 0.224915,0.710103,0.935018
0.04,0.32 ,0.068341, 0.223791,0.707868,0.931659
0.04,0.33 ,0.071871, 0.22266,0.705469,0.928129
0.04,0.34 ,0.0755803, 0.221521,0.702899,0.92442
0.04,0.35 ,0.0794768, 0.220374,0.700149,0.920523
0.04,0.36 ,0.0835688, 0.219221,0.697211,0.916431
0.04,0.37 ,0.0878644, 0.21806,0.694076,0.912136
0.04,0.38 ,0.0923718, 0.216892,0.690736,0.907628
0.04,0.39 ,0.0970993, 0.215718,0.687182,0.902901
0.04,0.4 ,0.102055, 0.214538,0.683407,0.897945
0.04,0.41 ,0.107246, 0.213352,0.679402,0.892754
0.04,0.42 ,0.112679, 0.21216,0.675161,0.887321
0.04,0.43 ,0.118361, 0.210964,0.670675,0.881639
0.04,0.44 ,0.124298, 0.209762,0.66594,0.875702
0.04,0.45 ,0.130493, 0.208556,0.660951,0.869507
0.04,0.46 ,0.136949, 0.207346,0.655705,0.863051
0.04,0.47 ,0.143666, 0.206133,0.650201,0.856334
0.04,0.48 ,0.150643, 0.204918,0.644439,0.849357
0.04,0.49 ,0.157875, 0.203701,0.638425,0.842125
0.04,0.5 ,0.165353, 0.202482,0.632165,0.834647
0.04,0.51 ,0.173065, 0.201263,0.625672,0.826935
0.04,0.52 ,0.180995, 0.200044,0.618961,0.819005
0.04,0.53 ,0.189119, 0.198827,0.612054,0.810881
0.04,0.54 ,0.197409, 0.197613,0.604979,0.802591
0.04,0.55 ,0.20583, 0.196401,0.597769,0.79417
0.04,0.56 ,0.214341, 0.195194,0.590465,0.785659
0.04,0.57 ,0.222894, 0.193993,0.583113,0.777106
0.04,0.58 ,0.231434, 0.192798,0.575769,0.768566
0.04,0.59 ,0.239899, 0.191611,0.56849,0.760101
0.04,0.6 ,0.248226, 0.190434,0.561341,0.751774
0.04,0.61 ,0.256345, 0.189267,0.554389,0.743655
0.04,0.62 ,0.264187, 0.188112,0.547701,0.735813
0.04,0.63 ,0.271687, 0.18697,0.541344,0.728313
0.04,0.64 ,0.27878, 0.185842,0.535378,0.72122
0.04,0.65 ,0.285412, 0.18473,0.529858,0.714588
0.04,0.66 ,0.291536, 0.183635,0.524829,0.708464
0.04,0.67 ,0.29712, 0.182558,0.520322,0.70288
0.04,0.68 ,0.302141, 0.181501,0.516358,0.697859
0.04,0.69 ,0.306592, 0.180463,0.512945,0.693408
0.04,0.7 ,0.310476, 0.179447,0.510077,0.689524
0.04,0.71 ,0.313811, 0.178453,0.507737,0.686189
0.04,0.72 ,0.31662, 0.177481,0.505899,0.68338
0.04,0.73 ,0.318937, 0.176532,0.504531,0.681063
0.04,0.74 ,0.320799, 0.175607,0.503593,0.679201
0.04,0.75 ,0.322249, 0.174707,0.503044,0.677751
0.04,0.76 ,0.323328, 0.17383,0.502842,0.676672
0.04,0.77 ,0.32408, 0.172978,0.502942,0.67592
0.04,0.78 ,0.324545, 0.17215,0.503305,0.675455
0.04,0.79 ,0.324762, 0.171347,0.503891,0.675238
0.04,0.8 ,0.324767, 0.170567,0.504665,0.675233
0.04,0.81 ,0.324594, 0.169812,0.505595,0.675406
0.04,0.82 ,0.324271, 0.16908,0.50665,0.675729
0.04,0.83 ,0.323825, 0.168371,0.507805,0.676175
0.04,0.84 ,0.323278, 0.167685,0.509037,0.676722
0.04,0.85 ,0.322652, 0.167021,0.510327,0.677348
0.04,0.86 ,0.321964, 0.166379,0.511657,0.678036
0.04,0.87 ,0.321228, 0.165757,0.513014,0.678772
0.04,0.88 ,0.320458, 0.165157,0.514385,0.679542
0.04,0.89 ,0.319663, 0.164576,0.51576,0.680337
0.04,0.9 ,0.318854, 0.164015,0.517131,0.681146
0.04,0.91 ,0.318038, 0.163473,0.518489,0.681962
0.04,0.92 ,0.31722, 0.162949,0.519831,0.68278
0.04,0.93 ,0.316407, 0.162442,0.521151,0.683593
0.04,0.94 ,0.315603, 0.161952,0.522445,0.684397
0.04,0.95 ,0.31481, 0.161479,0.523712,0.68519
0.04,0.96 ,0.314031, 0.161021,0.524948,0.685969
0.04,0.97 ,0.313269, 0.160579,0.526152,0.686731
0.04,0.98 ,0.312526, 0.160151,0.527323,0.687474
0.04,0.99 ,0.311801, 0.159737,0.528461,0.688199
0.04,1 ,0.311097, 0.159337,0.529565,0.688903
0.05,0 ,0.0137759, 0.25573,0.730494,0.986224
0.05,0.01 ,0.0144632, 0.254845,0.730692,0.985537
0.05,0.02 ,0.0151871, 0.253954,0.730859,0.984813
0.05,0.03 ,0.0159494, 0.253055,0.730996,0.984051
0.05,0.04 ,0.0167521, 0.252149,0.731099,0.983248
0.05,0.05 ,0.0175974, 0.251236,0.731167,0.982403
0.05,0.06 ,0.0184874, 0.250315,0.731198,0.981513
0.05,0.07 ,0.0194245, 0.249387,0.731189,0.980576
0.05,0.08 ,0.0204111, 0.248451,0.731138,0.979589
0.05,0.09 ,0.0214499, 0.247508,0.731043,0.97855
0.05,0.1 ,0.0225434, 0.246557,0.7309,0.977457
0.05,0.11 ,0.0236947, 0.245598,0.730708,0.976305
0.05,0.12 ,0.0249067, 0.244631,0.730462,0.975093
0.05,0.13 ,0.0261825, 0.243657,0.730161,0.973817
0.05,0.14 ,0.0275255, 0.242674,0.7298,0.972474
0.05,0.15 ,0.0289392, 0.241684,0.729377,0.971061
0.05,0.16 ,0.0304272, 0.240685,0.728887,0.969573
0.05,0.17 ,0.0319934, 0.239679,0.728328,0.968007
0.05,0.18 ,0.0336419, 0.238664,0.727694,0.966358
0.05,0.19 ,0.0353769, 0.237642,0.726982,0.964623
0.05,0.2 ,0.0372029, 0.236611,0.726186,0.962797
0.05,0.21 ,0.0391247, 0.235571,0.725304,0.960875
0.05,0.22 ,0.0411471, 0.234524,0.724329,0.958853
0.05,0.23 ,0.0432754, 0.233468,0.723256,0.956725
0.05,0.24 ,0.0455149, 0.232404,0.722081,0.954485
0.05,0.25 ,0.0478715, 0.231332,0.720796,0.952129
0.05,0.26 ,0.0503509, 0.230252,0.719397,0.949649
0.05,0.27 ,0.0529596, 0.229163,0.717877,0.94704
0.05,0.28 ,0.0557039, 0.228066,0.71623,0.944296
0.05,0.29 ,0.0585906, 0.226961,0.714448,0.941409
0.05,0.3 ,0.0616269, 0.225848,0.712525,0.938373
0.05,0.31 ,0.06482, 0.224727,0.710453,0.93518
0.05,0.32 ,0.0681775, 0.223597,0.708225,0.931823
0.05,0.33 ,0.0717072, 0.22246,0.705832,0.928293
0.05,0.34 ,0.0754172, 0.221316,0.703267,0.924583
0.05,0.35 ,0.0793159, 0.220163,0.700521,0.920684
0.05,0.36 ,0.0834115, 0.219003,0.697585,0.916589
0.05,0.37 ,0.0877126, 0.217836,0.694451,0.912287
0.05,0.38 ,0.0922278, 0.216662,0.69111,0.907772
0.05,0.39 ,0.0969657, 0.215481,0.687553,0.903034
0.05,0.4 ,0.101935, 0.214294,0.683772,0.898065
0.05,0.41 ,0.107142, 0.2131,0.679758,0.892858
0.05,0.42 ,0.112597, 0.2119,0.675502,0.887403
0.05,0.43 ,0.118306, 0.210695,0.670999,0.881694
0.05,0.44 ,0.124274, 0.209485,0.666241,0.875726
0.05,0.45 ,0.130508, 0.20827,0.661222,0.869492
0.05,0.46 ,0.13701, 0.207051,0.655939,0.86299
0.05,0.47 ,0.143783, 0.205828,0.650389,0.856217
0.05,0.48 ,0.150826, 0.204603,0.644572,0.849174
0.05,0.49 ,0.158135, 0.203375,0.638491,0.841865
0.05,0.5 ,0.165703, 0.202145,0.632152,0.834297
0.05,0.51 ,0.173521, 0.200915,0.625564,0.826479
0.05,0.52 ,0.181572, 0.199684,0.618744,0.818428
0.05,0.53 ,0.189836, 0.198455,0.611709,0.810164
0.05,0.54 ,0.198287, 0.197227,0.604486,0.801713
0.05,0.55 ,0.20689, 0.196002,0.597107,0.79311
0.05,0.56 ,0.215607, 0.194781,0.589612,0.784393
0.05,0.57 ,0.224389, 0.193566,0.582046,0.775611
0.05,0.58 ,0.233182, 0.192356,0.574462,0.766818
0.05,0.59 ,0.241925, 0.191154,0.56692,0.758075
0.05,0.6 ,0.250553, 0.189961,0.559486,0.749447
0.05,0.61 ,0.258994, 0.188778,0.552228,0.741006
0.05,0.62 ,0.267177, 0.187607,0.545216,0.732823
0.05,0.63 ,0.27503, 0.186448,0.538522,0.72497
0.05,0.64 ,0.282486, 0.185304,0.53221,0.717514
0.05,0.65 ,0.289484, 0.184175,0.526342,0.710516
0.05,0.66 ,0.295972, 0.183062,0.520966,0.704028
0.05,0.67 ,0.30191, 0.181968,0.516122,0.69809
0.05,0.68 ,0.307273, 0.180893,0.511835,0.692727
0.05,0.69 ,0.312046, 0.179838,0.508117,0.687954
0.05,0.7 ,0.31623, 0.178804,0.504966,0.68377
0.05,0.71 ,0.319839, 0.177792,0.502369,0.680161
0.05,0.72 ,0.322896, 0.176803,0.500302,0.677104
0.05,0.73 ,0.325433, 0.175837,0.49873,0.674567
0.05,0.74 ,0.327488, 0.174895,0.497616,0.672512
0.05,0.75 ,0.329105, 0.173978,0.496917,0.670895
0.05,0.76 ,0.330328, 0.173085,0.496587,0.669672
0.05,0.77 ,0.3312, 0.172217,0.496583,0.6688
0.05,0.78 ,0.331766, 0.171374,0.49686,0.668234
0.05,0.79 ,0.332066, 0.170556,0.497378,0.667934
0.05,0.8 ,0.332138, 0.169762,0.498099,0.667862
0.05,0.81 ,0.332019, 0.168993,0.498989,0.667981
0.05,0.82 ,0.331738, 0.168247,0.500015,0.668262
0.05,0.83 ,0.331325, 0.167525,0.50115,0.668675
0.05,0.84 ,0.330803, 0.166827,0.50237,0.669197
0.05,0.85 ,0.330195, 0.166151,0.503654,0.669805
0.05,0.86 ,0.329519, 0.165497,0.504984,0.670481
0.05,0.87 ,0.32879, 0.164865,0.506345,0.67121
0.05,0.88 ,0.328023, 0.164254,0.507723,0.671977
0.05,0.89 ,0.32723, 0.163663,0.509107,0.67277
0.05,0.9 ,0.326419, 0.163092,0.510489,0.673581
0.05,0.91 ,0.325599, 0.162541,0.511861,0.674401
0.05,0.92 ,0.324776, 0.162008,0.513216,0.675224
0.05,0.93 ,0.323957, 0.161493,0.514551,0.676043
0.05,0.94 ,0.323145, 0.160995,0.515861,0.676855
0.05,0.95 ,0.322344, 0.160514,0.517142,0.677656
0.05,0.96 ,0.321557, 0.160049,0.518394,0.678443
0.05,0.97 ,0.320787, 0.159599,0.519614,0.679213
0.05,0.98 ,0.320035, 0.159165,0.520801,0.679965
0.05,0.99 ,0.319302, 0.158745,0.521954,0.680698
0.05,1 ,0.318589, 0.158339,0.523073,0.681411
0.06,0 ,0.013724, 0.255638,0.730638,0.986276
0.06,0.01 ,0.0144089, 0.254752,0.730839,0.985591
0.06,0.02 ,0.0151302, 0.253859,0.731011,0.98487
0.06,0.03 ,0.0158898, 0.252958,0.731152,0.98411
0.06,0.04 ,0.0166898, 0.25205,0.73126,0.98331
0.06,0.05 ,0.0175321, 0.251135,0.731333,0.982468
0.06,0.06 ,0.0184192, 0.250212,0.731369,0.981581
0.06,0.07 ,0.0193532, 0.249282,0.731365,0.980647
0.06,0.08 ,0.0203366, 0.248344,0.73132,0.979663
0.06,0.09 ,0.021372, 0.247398,0.73123,0.978628
0.06,0.1 ,0.0224621, 0.246445,0.731093,0.977538
0.06,0.11 ,0.0236098, 0.245483,0.730907,0.97639
0.06,0.12 ,0.0248181, 0.244514,0.730668,0.975182
0.06,0.13 ,0.0260901, 0.243537,0.730373,0.97391
0.06,0.14 ,0.0274292, 0.242552,0.730019,0.972571
0.06,0.15 ,0.0288388, 0.241559,0.729602,0.971161
0.06,0.16 ,0.0303227, 0.240557,0.72912,0.969677
0.06,0.17 ,0.0318846, 0.239548,0.728567,0.968115
0.06,0.18 ,0.0335288, 0.23853,0.727941,0.966471
0.06,0.19 ,0.0352594, 0.237504,0.727236,0.964741
0.06,0.2 ,0.037081, 0.23647,0.726449,0.962919
0.06,0.21 ,0.0389982, 0.235428,0.725574,0.961002
0.06,0.22 ,0.0410161, 0.234377,0.724607,0.958984
0.06,0.23 ,0.0431399, 0.233317,0.723543,0.95686
0.06,0.24 ,0.045375, 0.232249,0.722376,0.954625
0.06,0.25 ,0.0477272, 0.231173,0.7211,0.952273
0.06,0.26 ,0.0502024, 0.230089,0.719709,0.949798
0.06,0.27 ,0.052807, 0.228996,0.718197,0.947193
0.06,0.28 ,0.0555476, 0.227894,0.716558,0.944452
0.06,0.29 ,0.0584309, 0.226785,0.714784,0.941569
0.06,0.3 ,0.0614641, 0.225667,0.712869,0.938536
0.06,0.31 ,0.0646547, 0.22454,0.710805,0.935345
0.06,0.32 ,0.0680104, 0.223406,0.708584,0.93199
0.06,0.33 ,0.0715392, 0.222264,0.706197,0.928461
0.06,0.34 ,0.0752493, 0.221113,0.703638,0.924751
0.06,0.35 ,0.0791492, 0.219955,0.700896,0.920851
0.06,0.36 ,0.0832476, 0.218789,0.697964,0.916752
0.06,0.37 ,0.0875532, 0.217615,0.694831,0.912447
0.06,0.38 ,0.0920749, 0.216435,0.69149,0.907925
0.06,0.39 ,0.0968218, 0.215247,0.687931,0.903178
0.06,0.4 ,0.101803, 0.214052,0.684145,0.898197
0.06,0.41 ,0.107026, 0.212851,0.680123,0.892974
0.06,0.42 ,0.1125, 0.211643,0.675857,0.8875
0.06,0.43 ,0.118232, 0.21043,0.671338,0.881768
0.06,0.44 ,0.124231, 0.209211,0.666558,0.875769
0.06,0.45 ,0.1305, 0.207987,0.661512,0.8695
0.06,0.46 ,0.137046, 0.206759,0.656195,0.862954
0.06,0.47 ,0.14387, 0.205527,0.650603,0.85613
0.06,0.48 ,0.150975, 0.204291,0.644734,0.849025
0.06,0.49 ,0.158357, 0.203053,0.638591,0.841643
0.06,0.5 ,0.166011, 0.201812,0.632177,0.833989
0.06,0.51 ,0.173929, 0.20057,0.625501,0.826071
0.06,0.52 ,0.182097, 0.199328,0.618575,0.817903
0.06,0.53 ,0.190496, 0.198086,0.611418,0.809504
0.06,0.54 ,0.199101, 0.196846,0.604053,0.800899
0.06,0.55 ,0.207881, 0.195608,0.596511,0.792119
0.06,0.56 ,0.216798, 0.194373,0.588829,0.783202
0.06,0.57 ,0.225805, 0.193143,0.581052,0.774195
0.06,0.58 ,0.234848, 0.191919,0.573233,0.765152
0.06,0.59 ,0.243867, 0.190702,0.565431,0.756133
0.06,0.6 ,0.252795, 0.189493,0.557712,0.747205
0.06,0.61 ,0.261559, 0.188294,0.550147,0.738441
0.06,0.62 ,0.270085, 0.187107,0.542808,0.729915
0.06,0.63 ,0.278298, 0.185931,0.535771,0.721702
0.06,0.64 ,0.286125, 0.18477,0.529106,0.713875
0.06,0.65 ,0.2935, 0.183623,0.522877,0.7065
0.06,0.66 ,0.300364, 0.182493,0.517143,0.699636
0.06,0.67 ,0.306673, 0.181381,0.511946,0.693327
0.06,0.68 ,0.312392, 0.180288,0.50732,0.687608
0.06,0.69 ,0.317505, 0.179215,0.50328,0.682495
0.06,0.7 ,0.322007, 0.178163,0.49983,0.677993
0.06,0.71 ,0.325908, 0.177134,0.496959,0.674092
0.06,0.72 ,0.329229, 0.176127,0.494644,0.670771
0.06,0.73 ,0.332003, 0.175144,0.492853,0.667997
0.06,0.74 ,0.334267, 0.174185,0.491548,0.665733
0.06,0.75 ,0.336065, 0.173251,0.490685,0.663935
0.06,0.76 ,0.337442, 0.172342,0.490216,0.662558
0.06,0.77 ,0.338446, 0.171458,0.490096,0.661554
0.06,0.78 ,0.339122, 0.170599,0.490279,0.660878
0.06,0.79 ,0.339514, 0.169765,0.490721,0.660486
0.06,0.8 ,0.339661, 0.168957,0.491382,0.660339
0.06,0.81 ,0.339601, 0.168173,0.492226,0.660399
0.06,0.82 ,0.339369, 0.167414,0.493218,0.660631
0.06,0.83 ,0.338993, 0.166678,0.494329,0.661007
0.06,0.84 ,0.338499, 0.165967,0.495534,0.661501
0.06,0.85 ,0.337912, 0.165279,0.496809,0.662088
0.06,0.86 ,0.337251, 0.164613,0.498136,0.662749
0.06,0.87 ,0.336532, 0.16397,0.499498,0.663468
0.06,0.88 ,0.335771, 0.163348,0.500881,0.664229
0.06,0.89 ,0.33498, 0.162747,0.502274,0.66502
0.06,0.9 ,0.334168, 0.162166,0.503666,0.665832
0.06,0.91 ,0.333346, 0.161605,0.505049,0.666654
0.06,0.92 ,0.332519, 0.161063,0.506418,0.667481
0.06,0.93 ,0.331694, 0.160539,0.507767,0.668306
0.06,0.94 ,0.330876, 0.160033,0.509091,0.669124
0.06,0.95 ,0.330068, 0.159544,0.510388,0.669932
0.06,0.96 ,0.329274, 0.159072,0.511654,0.670726
0.06,0.97 ,0.328496, 0.158615,0.512889,0.671504
0.06,0.98 ,0.327735, 0.158174,0.514091,0.672265
0.06,0.99 ,0.326994, 0.157747,0.515259,0.673006
0.06,1 ,0.326273, 0.157335,0.516393,0.673727
0.07,0 ,0.0136724, 0.255548,0.73078,0.986328
0.07,0.01 ,0.0143549, 0.25466,0.730985,0.985645
0.07,0.02 ,0.0150737, 0.253765,0.731162,0.984926
0.07,0.03 ,0.0158307, 0.252862,0.731307,0.984169
0.07,0.04 ,0.0166279, 0.251952,0.73142,0.983372
0.07,0.05 ,0.0174674, 0.251035,0.731498,0.982533
0.07,0.06 ,0.0183514, 0.25011,0.731539,0.981649
0.07,0.07 ,0.0192823, 0.249178,0.73154,0.980718
0.07,0.08 ,0.0202625, 0.248237,0.7315,0.979738
0.07,0.09 ,0.0212946, 0.247289,0.731416,0.978705
0.07,0.1 ,0.0223812, 0.246334,0.731285,0.977619
0.07,0.11 ,0.0235253, 0.24537,0.731105,0.976475
0.07,0.12 ,0.0247299, 0.244398,0.730872,0.97527
0.07,0.13 ,0.0259981, 0.243419,0.730583,0.974002
0.07,0.14 ,0.0273332, 0.242431,0.730236,0.972667
0.07,0.15 ,0.0287387, 0.241435,0.729826,0.971261
0.07,0.16 ,0.0302184, 0.240431,0.729351,0.969782
0.07,0.17 ,0.0317761, 0.239419,0.728805,0.968224
0.07,0.18 ,0.0334158, 0.238398,0.728186,0.966584
0.07,0.19 ,0.035142, 0.237369,0.727489,0.964858
0.07,0.2 ,0.036959, 0.236331,0.72671,0.963041
0.07,0.21 ,0.0388717, 0.235285,0.725843,0.961128
0.07,0.22 ,0.040885, 0.234231,0.724884,0.959115
0.07,0.23 ,0.0430041, 0.233168,0.723828,0.956996
0.07,0.24 ,0.0452346, 0.232096,0.722669,0.954765
0.07,0.25 ,0.0475822, 0.231016,0.721402,0.952418
0.07,0.26 ,0.050053, 0.229928,0.720019,0.949947
0.07,0.27 ,0.0526533, 0.22883,0.718516,0.947347
0.07,0.28 ,0.0553897, 0.227725,0.716886,0.94461
0.07,0.29 ,0.0582693, 0.22661,0.71512,0.941731
0.07,0.3 ,0.0612991, 0.225488,0.713213,0.938701
0.07,0.31 ,0.0644868, 0.224356,0.711157,0.935513
0.07,0.32 ,0.0678402, 0.223217,0.708943,0.93216
0.07,0.33 ,0.0713675, 0.222069,0.706563,0.928633
0.07,0.34 ,0.0750769, 0.220913,0.70401,0.924923
0.07,0.35 ,0.0789773, 0.219749,0.701274,0.921023
0.07,0.36 ,0.0830775, 0.218577,0.698345,0.916923
0.07,0.37 ,0.0873865, 0.217397,0.695216,0.912613
0.07,0.38 ,0.0919137, 0.21621,0.691876,0.908086
0.07,0.39 ,0.0966682, 0.215015,0.688317,0.903332
0.07,0.4 ,0.101659, 0.213813,0.684527,0.898341
0.07,0.41 ,0.106896, 0.212605,0.680499,0.893104
0.07,0.42 ,0.112388, 0.21139,0.676223,0.887612
0.07,0.43 ,0.118142, 0.210168,0.67169,0.881858
0.07,0.44 ,0.124167, 0.208941,0.666892,0.875833
0.07,0.45 ,0.13047, 0.207708,0.661822,0.86953
0.07,0.46 ,0.137056, 0.206471,0.656473,0.862944
0.07,0.47 ,0.143929, 0.205229,0.650842,0.856071
0.07,0.48 ,0.151091, 0.203983,0.644926,0.848909
0.07,0.49 ,0.158541, 0.202734,0.638724,0.841459
0.07,0.5 ,0.166277, 0.201483,0.63224,0.833723
0.07,0.51 ,0.17429, 0.20023,0.62548,0.82571
0.07,0.52 ,0.18257, 0.198976,0.618454,0.81743
0.07,0.53 ,0.191098, 0.197722,0.61118,0.808902
0.07,0.54 ,0.199853, 0.196469,0.603679,0.800147
0.07,0.55 ,0.208804, 0.195218,0.595979,0.791196
0.07,0.56 ,0.217915, 0.193969,0.588116,0.782085
0.07,0.57 ,0.227141, 0.192725,0.580134,0.772859
0.07,0.58 ,0.23643, 0.191486,0.572083,0.76357
0.07,0.59 ,0.245722, 0.190254,0.564024,0.754278
0.07,0.6 ,0.254948, 0.18903,0.556022,0.745052
0.07,0.61 ,0.264036, 0.187815,0.54815,0.735964
0.07,0.62 ,0.272907, 0.186611,0.540482,0.727093
0.07,0.63 ,0.281485, 0.185418,0.533097,0.718515
0.07,0.64 ,0.28969, 0.184239,0.526071,0.71031
0.07,0.65 ,0.297451, 0.183076,0.519473,0.702549
0.07,0.66 ,0.304705, 0.181928,0.513367,0.695295
0.07,0.67 ,0.311398, 0.180798,0.507804,0.688602
0.07,0.68 ,0.317492, 0.179687,0.502822,0.682508
0.07,0.69 ,0.322962, 0.178596,0.498443,0.677038
0.07,0.7 ,0.327799, 0.177526,0.494675,0.672201
0.07,0.71 ,0.33201, 0.176478,0.491512,0.66799
0.07,0.72 ,0.335614, 0.175453,0.488932,0.664386
0.07,0.73 ,0.338641, 0.174453,0.486906,0.661359
0.07,0.74 ,0.341129, 0.173476,0.485394,0.658871
0.07,0.75 ,0.343123, 0.172525,0.484352,0.656877
0.07,0.76 ,0.344669, 0.171599,0.483732,0.655331
0.07,0.77 ,0.345816, 0.170698,0.483485,0.654184
0.07,0.78 ,0.346613, 0.169824,0.483563,0.653387
0.07,0.79 ,0.347105, 0.168974,0.483921,0.652895
0.07,0.8 ,0.347335, 0.168151,0.484515,0.652665
0.07,0.81 ,0.347342, 0.167352,0.485306,0.652658
0.07,0.82 ,0.347163, 0.166579,0.486258,0.652837
0.07,0.83 ,0.346829, 0.16583,0.487341,0.653171
0.07,0.84 ,0.346368, 0.165106,0.488526,0.653632
0.07,0.85 ,0.345806, 0.164405,0.489789,0.654194
0.07,0.86 ,0.345162, 0.163727,0.491111,0.654838
0.07,0.87 ,0.344456, 0.163072,0.492472,0.655544
0.07,0.88 ,0.343703, 0.162439,0.493858,0.656297
0.07,0.89 ,0.342916, 0.161828,0.495256,0.657084
0.07,0.9 ,0.342106, 0.161237,0.496657,0.657894
0.07,0.91 ,0.341283, 0.160666,0.498052,0.658717
0.07,0.92 ,0.340453, 0.160114,0.499432,0.659547
0.07,0.93 ,0.339624, 0.159582,0.500794,0.660376
0.07,0.94 ,0.3388, 0.159067,0.502132,0.6612
0.07,0.95 ,0.337986, 0.15857,0.503443,0.662014
0.07,0.96 ,0.337185, 0.15809,0.504725,0.662815
0.07,0.97 ,0.3364, 0.157626,0.505974,0.6636
0.07,0.98 ,0.335632, 0.157178,0.507191,0.664368
0.07,0.99 ,0.334883, 0.156744,0.508373,0.665117
0.07,1 ,0.334154, 0.156325,0.509521,0.665846
0.08,0 ,0.0136213, 0.255458,0.730921,0.986379
0.08,0.01 ,0.0143014, 0.254568,0.73113,0.985699
0.08,0.02 ,0.0150176, 0.253672,0.731311,0.984982
0.08,0.03 ,0.015772, 0.252767,0.731461,0.984228
0.08,0.04 ,0.0165664, 0.251855,0.731578,0.983434
0.08,0.05 ,0.0174031, 0.250936,0.731661,0.982597
0.08,0.06 ,0.0182841, 0.250009,0.731707,0.981716
0.08,0.07 ,0.0192119, 0.249075,0.731713,0.980788
0.08,0.08 ,0.0201889, 0.248132,0.731679,0.979811
0.08,0.09 ,0.0212176, 0.247182,0.7316,0.978782
0.08,0.1 ,0.0223008, 0.246224,0.731475,0.977699
0.08,0.11 ,0.0234413, 0.245258,0.731301,0.976559
0.08,0.12 ,0.0246421, 0.244284,0.731074,0.975358
0.08,0.13 ,0.0259064, 0.243302,0.730792,0.974094
0.08,0.14 ,0.0272376, 0.242312,0.730451,0.972762
0.08,0.15 ,0.028639, 0.241313,0.730048,0.971361
0.08,0.16 ,0.0301145, 0.240306,0.729579,0.969886
