e1,e2,V,Rs,Rv,P
0,0 ,0.0540037, 0.261645,0.684351,0.945996
0,0.01 ,0.054236, 0.261397,0.684367,0.945764
0,0.02 ,0.0544569, 0.261152,0.684391,0.945543
0,0.03 ,0.0546667, 0.260908,0.684425,0.945333
0,0.04 ,0.0548653, 0.260667,0.684468,0.945135
0,0.05 ,0.055053, 0.260428,0.684519,0.944947
0,0.06 ,0.0552297, 0.260191,0.68458,0.94477
0,0.07 ,0.0553957, 0.259956,0.684649,0.944604
0,0.08 ,0.0555512, 0.259723,0.684726,0.944449
0,0.09 ,0.0556962, 0.259492,0.684811,0.944304
0,0.1 ,0.055831, 0.259264,0.684905,0.944169
0,0.11 ,0.0559557, 0.259038,0.685006,0.944044
0,0.12 ,0.0560706, 0.258814,0.685115,0.943929
0,0.13 ,0.0561759, 0.258592,0.685232,0.943824
0,0.14 ,0.0562718, 0.258373,0.685355,0.943728
0,0.15 ,0.0563584, 0.258156,0.685486,0.943642
0,0.16 ,0.0564361, 0.25794,0.685623,0.943564
0,0.17 ,0.0565051, 0.257728,0.685767,0.943495
0,0.18 ,0.0565656, 0.257517,0.685918,0.943434
0,0.19 ,0.0566178, 0.257308,0.686074,0.943382
0,0.2 ,0.056662, 0.257102,0.686236,0.943338
0,0.21 ,0.0566985, 0.256898,0.686404,0.943302
0,0.22 ,0.0567274, 0.256696,0.686577,0.943273
0,0.23 ,0.0567491, 0.256496,0.686755,0.943251
0,0.24 ,0.0567637, 0.256299,0.686937,0.943236
0,0.25 ,0.0567716, 0.256103,0.687125,0.943228
0,0.26 ,0.056773, 0.25591,0.687317,0.943227
0,0.27 ,0.0567681, 0.255719,0.687513,0.943232
0,0.28 ,0.0567572, 0.25553,0.687713,0.943243
0,0.29 ,0.0567404, 0.255344,0.687916,0.94326
0,0.3 ,0.0567182, 0.255159,0.688123,0.943282
0,0.31 ,0.0566906, 0.254976,0.688333,0.943309
0,0.32 ,0.0566579, 0.254796,0.688546,0.943342
0,0.33 ,0.0566204, 0.254618,0.688762,0.94338
0,0.34 ,0.0565782, 0.254442,0.68898,0.943422
0,0.35 ,0.0565317, 0.254267,0.689201,0.943468
0,0.36 ,0.056481, 0.254095,0.689424,0.943519
0,0.37 ,0.0564263, 0.253925,0.689648,0.943574
0,0.38 ,0.0563678, 0.253757,0.689875,0.943632
0,0.39 ,0.0563057, 0.253591,0.690103,0.943694
0,0.4 ,0.0562403, 0.253427,0.690332,0.94376
0,0.41 ,0.0561717, 0.253265,0.690563,0.943828
0,0.42 ,0.0561001, 0.253105,0.690795,0.9439
0,0.43 ,0.0560257, 0.252947,0.691027,0.943974
0,0.44 ,0.0559486, 0.252791,0.69126,0.944051
0,0.45 ,0.0558691, 0.252637,0.691494,0.944131
0,0.46 ,0.0557873, 0.252484,0.691728,0.944213
0,0.47 ,0.0557033, 0.252334,0.691963,0.944297
0,0.48 ,0.0556174, 0.252185,0.692197,0.944383
0,0.49 ,0.0555296, 0.252039,0.692432,0.94447
0,0.5 ,0.0554401, 0.251894,0.692666,0.94456
0,0.51 ,0.0553491, 0.251751,0.6929,0.944651
0,0.52 ,0.0552566, 0.251609,0.693134,0.944743
0,0.53 ,0.0551628, 0.25147,0.693367,0.944837
0,0.54 ,0.0550679, 0.251332,0.6936,0.944932
0,0.55 ,0.0549719, 0.251196,0.693832,0.945028
0,0.56 ,0.054875, 0.251062,0.694063,0.945125
0,0.57 ,0.0547773, 0.250929,0.694294,0.945223
0,0.58 ,0.0546788, 0.250798,0.694523,0.945321
0,0.59 ,0.0545797, 0.250669,0.694751,0.94542
0,0.6 ,0.0544801, 0.250541,0.694979,0.94552
0,0.61 ,0.05438, 0.250415,0.695205,0.94562
0,0.62 ,0.0542796, 0.250291,0.695429,0.94572
0,0.63 ,0.0541789, 0.250168,0.695653,0.945821
0,0.64 ,0.054078, 0.250047,0.695875,0.945922
0,0.65 ,0.0539771, 0.249928,0.696095,0.946023
0,0.66 ,0.0538761, 0.24981,0.696314,0.946124
0,0.67 ,0.0537751, 0.249693,0.696532,0.946225
0,0.68 ,0.0536742, 0.249578,0.696748,0.946326
0,0.69 ,0.0535735, 0.249464,0.696962,0.946427
0,0.7 ,0.053473, 0.249352,0.697175,0.946527
0,0.71 ,0.0533727, 0.249242,0.697386,0.946627
0,0.72 ,0.0532728, 0.249132,0.697595,0.946727
0,0.73 ,0.0531733, 0.249025,0.697802,0.946827
0,0.74 ,0.0530741, 0.248918,0.698008,0.946926
0,0.75 ,0.0529755, 0.248813,0.698211,0.947025
0,0.76 ,0.0528774, 0.24871,0.698413,0.947123
0,0.77 ,0.0527797, 0.248607,0.698613,0.94722
0,0.78 ,0.0526827, 0.248506,0.698811,0.947317
0,0.79 ,0.0525863, 0.248406,0.699007,0.947414
0,0.8 ,0.0524906, 0.248308,0.699201,0.947509
0,0.81 ,0.0523955, 0.248211,0.699394,0.947605
0,0.82 ,0.0523011, 0.248115,0.699584,0.947699
0,0.83 ,0.0522075, 0.24802,0.699772,0.947793
0,0.84 ,0.0521146, 0.247927,0.699958,0.947885
0,0.85 ,0.0520225, 0.247835,0.700143,0.947978
0,0.86 ,0.0519312, 0.247744,0.700325,0.948069
0,0.87 ,0.0518407, 0.247654,0.700506,0.948159
0,0.88 ,0.051751, 0.247565,0.700684,0.948249
0,0.89 ,0.0516622, 0.247477,0.70086,0.948338
0,0.9 ,0.0515743, 0.247391,0.701035,0.948426
0,0.91 ,0.0514872, 0.247306,0.701207,0.948513
0,0.92 ,0.051401, 0.247221,0.701378,0.948599
0,0.93 ,0.0513158, 0.247138,0.701546,0.948684
0,0.94 ,0.0512314, 0.247056,0.701712,0.948769
0,0.95 ,0.0511479, 0.246975,0.701877,0.948852
0,0.96 ,0.0510654, 0.246895,0.70204,0.948935
0,0.97 ,0.0509838, 0.246816,0.7022,0.949016
0,0.98 ,0.0509032, 0.246738,0.702359,0.949097
0,0.99 ,0.0508234, 0.246661,0.702516,0.949177
0,1 ,0.0507447, 0.246585,0.70267,0.949255
0.01,0 ,0.0556262, 0.260961,0.683413,0.944374
0.01,0.01 ,0.0558797, 0.260708,0.683413,0.94412
0.01,0.02 ,0.0561212, 0.260457,0.683422,0.943879
0.01,0.03 ,0.0563509, 0.260208,0.683441,0.943649
0.01,0.04 ,0.0565687, 0.259962,0.68347,0.943431
0.01,0.05 ,0.0567749, 0.259717,0.683508,0.943225
0.01,0.06 ,0.0569695, 0.259475,0.683556,0.943031
0.01,0.07 ,0.0571526, 0.259235,0.683612,0.942847
0.01,0.08 ,0.0573245, 0.258997,0.683678,0.942675
0.01,0.09 ,0.0574853, 0.258762,0.683753,0.942515
0.01,0.1 ,0.0576351, 0.258528,0.683836,0.942365
0.01,0.11 ,0.0577743, 0.258297,0.683928,0.942226
0.01,0.12 ,0.0579029, 0.258069,0.684028,0.942097
0.01,0.13 ,0.0580212, 0.257842,0.684137,0.941979
0.01,0.14 ,0.0581294, 0.257618,0.684253,0.941871
0.01,0.15 ,0.0582277, 0.257396,0.684377,0.941772
0.01,0.16 ,0.0583164, 0.257176,0.684508,0.941684
0.01,0.17 ,0.0583958, 0.256958,0.684646,0.941604
0.01,0.18 ,0.058466, 0.256743,0.684791,0.941534
0.01,0.19 ,0.0585274, 0.25653,0.684943,0.941473
0.01,0.2 ,0.0585801, 0.256319,0.685101,0.94142
0.01,0.21 ,0.0586245, 0.256111,0.685265,0.941376
0.01,0.22 ,0.0586607, 0.255905,0.685435,0.941339
0.01,0.23 ,0.0586892, 0.2557,0.68561,0.941311
0.01,0.24 ,0.0587101, 0.255499,0.685791,0.94129
0.01,0.25 ,0.0587236, 0.255299,0.685977,0.941276
0.01,0.26 ,0.0587302, 0.255102,0.686168,0.94127
0.01,0.27 ,0.0587299, 0.254907,0.686364,0.94127
0.01,0.28 ,0.0587232, 0.254714,0.686563,0.941277
0.01,0.29 ,0.0587102, 0.254523,0.686767,0.94129
0.01,0.3 ,0.0586912, 0.254334,0.686975,0.941309
0.01,0.31 ,0.0586664, 0.254148,0.687186,0.941334
0.01,0.32 ,0.0586362, 0.253964,0.6874,0.941364
0.01,0.33 ,0.0586007, 0.253781,0.687618,0.941399
0.01,0.34 ,0.0585602, 0.253602,0.687838,0.94144
0.01,0.35 ,0.0585149, 0.253424,0.688061,0.941485
0.01,0.36 ,0.0584651, 0.253248,0.688287,0.941535
0.01,0.37 ,0.0584109, 0.253074,0.688515,0.941589
0.01,0.38 ,0.0583527, 0.252903,0.688745,0.941647
0.01,0.39 ,0.0582906, 0.252733,0.688976,0.941709
0.01,0.4 ,0.0582248, 0.252566,0.689209,0.941775
0.01,0.41 ,0.0581556, 0.2524,0.689444,0.941844
0.01,0.42 ,0.0580831, 0.252237,0.68968,0.941917
0.01,0.43 ,0.0580076, 0.252076,0.689917,0.941992
0.01,0.44 ,0.0579292, 0.251916,0.690154,0.942071
0.01,0.45 ,0.0578481, 0.251759,0.690393,0.942152
0.01,0.46 ,0.0577645, 0.251603,0.690632,0.942236
0.01,0.47 ,0.0576785, 0.25145,0.690871,0.942321
0.01,0.48 ,0.0575904, 0.251298,0.691111,0.94241
0.01,0.49 ,0.0575003, 0.251149,0.691351,0.9425
0.01,0.5 ,0.0574084, 0.251001,0.691591,0.942592
0.01,0.51 ,0.0573147, 0.250855,0.69183,0.942685
0.01,0.52 ,0.0572194, 0.250711,0.69207,0.942781
0.01,0.53 ,0.0571228, 0.250569,0.692309,0.942877
0.01,0.54 ,0.0570248, 0.250428,0.692547,0.942975
0.01,0.55 ,0.0569257, 0.250289,0.692785,0.943074
0.01,0.56 ,0.0568256, 0.250152,0.693022,0.943174
0.01,0.57 ,0.0567245, 0.250017,0.693258,0.943275
0.01,0.58 ,0.0566227, 0.249884,0.693493,0.943377
0.01,0.59 ,0.0565201, 0.249752,0.693728,0.94348
0.01,0.6 ,0.0564169, 0.249622,0.693961,0.943583
0.01,0.61 ,0.0563133, 0.249494,0.694193,0.943687
0.01,0.62 ,0.0562092, 0.249367,0.694424,0.943791
0.01,0.63 ,0.0561048, 0.249242,0.694653,0.943895
0.01,0.64 ,0.0560002, 0.249119,0.694881,0.944
0.01,0.65 ,0.0558955, 0.248997,0.695108,0.944105
0.01,0.66 ,0.0557907, 0.248877,0.695333,0.944209
0.01,0.67 ,0.0556859, 0.248758,0.695556,0.944314
0.01,0.68 ,0.0555811, 0.248641,0.695778,0.944419
0.01,0.69 ,0.0554765, 0.248525,0.695998,0.944523
0.01,0.7 ,0.0553722, 0.248411,0.696217,0.944628
0.01,0.71 ,0.0552681, 0.248298,0.696434,0.944732
0.01,0.72 ,0.0551643, 0.248187,0.696649,0.944836
0.01,0.73 ,0.0550609, 0.248077,0.696862,0.944939
0.01,0.74 ,0.0549579, 0.247969,0.697073,0.945042
0.01,0.75 ,0.0548554, 0.247862,0.697282,0.945145
0.01,0.76 ,0.0547534, 0.247757,0.69749,0.945247
0.01,0.77 ,0.0546519, 0.247653,0.697695,0.945348
0.01,0.78 ,0.0545511, 0.24755,0.697899,0.945449
0.01,0.79 ,0.0544509, 0.247449,0.698101,0.945549
0.01,0.8 ,0.0543514, 0.247348,0.6983,0.945649
0.01,0.81 ,0.0542525, 0.24725,0.698498,0.945747
0.01,0.82 ,0.0541544, 0.247152,0.698693,0.945846
0.01,0.83 ,0.0540571, 0.247056,0.698887,0.945943
0.01,0.84 ,0.0539606, 0.246961,0.699079,0.946039
0.01,0.85 ,0.0538648, 0.246867,0.699268,0.946135
0.01,0.86 ,0.0537699, 0.246775,0.699455,0.94623
0.01,0.87 ,0.0536759, 0.246683,0.699641,0.946324
0.01,0.88 ,0.0535827, 0.246593,0.699824,0.946417
0.01,0.89 ,0.0534904, 0.246504,0.700005,0.94651
0.01,0.9 ,0.053399, 0.246416,0.700185,0.946601
0.01,0.91 ,0.0533085, 0.24633,0.700362,0.946692
0.01,0.92 ,0.0532189, 0.246244,0.700537,0.946781
0.01,0.93 ,0.0531303, 0.24616,0.70071,0.94687
0.01,0.94 ,0.0530426, 0.246076,0.700881,0.946957
0.01,0.95 ,0.0529559, 0.245994,0.70105,0.947044
0.01,0.96 ,0.0528702, 0.245913,0.701217,0.94713
0.01,0.97 ,0.0527854, 0.245832,0.701382,0.947215
0.01,0.98 ,0.0527016, 0.245753,0.701545,0.947298
0.01,0.99 ,0.0526188, 0.245675,0.701706,0.947381
0.01,1 ,0.052537, 0.245598,0.701865,0.947463
0.02,0 ,0.0572882, 0.260275,0.682436,0.942712
0.02,0.01 ,0.0575646, 0.260017,0.682418,0.942435
0.02,0.02 ,0.0578283, 0.259761,0.682411,0.942172
0.02,0.03 ,0.0580795, 0.259507,0.682414,0.941921
0.02,0.04 ,0.0583181, 0.259255,0.682427,0.941682
0.02,0.05 ,0.0585444, 0.259005,0.682451,0.941456
0.02,0.06 ,0.0587584, 0.258758,0.682484,0.941242
0.02,0.07 ,0.0589602, 0.258512,0.682527,0.94104
0.02,0.08 ,0.0591501, 0.258269,0.68258,0.94085
0.02,0.09 ,0.059328, 0.258029,0.682643,0.940672
0.02,0.1 ,0.0594944, 0.25779,0.682715,0.940506
0.02,0.11 ,0.0596493, 0.257554,0.682796,0.940351
0.02,0.12 ,0.0597929, 0.257321,0.682887,0.940207
0.02,0.13 ,0.0599255, 0.257089,0.682986,0.940075
0.02,0.14 ,0.0600473, 0.25686,0.683093,0.939953
0.02,0.15 ,0.0601585, 0.256633,0.683209,0.939842
0.02,0.16 ,0.0602594, 0.256408,0.683332,0.939741
0.02,0.17 ,0.0603502, 0.256186,0.683464,0.93965
0.02,0.18 ,0.0604312, 0.255966,0.683603,0.939569
0.02,0.19 ,0.0605026, 0.255748,0.683749,0.939497
0.02,0.2 ,0.0605648, 0.255533,0.683902,0.939435
0.02,0.21 ,0.060618, 0.25532,0.684062,0.939382
0.02,0.22 ,0.0606625, 0.255109,0.684229,0.939337
0.02,0.23 ,0.0606986, 0.2549,0.684401,0.939301
0.02,0.24 ,0.0607264, 0.254694,0.68458,0.939274
0.02,0.25 ,0.0607464, 0.25449,0.684763,0.939254
0.02,0.26 ,0.0607588, 0.254288,0.684953,0.939241
0.02,0.27 ,0.0607639, 0.254089,0.685147,0.939236
0.02,0.28 ,0.060762, 0.253892,0.685346,0.939238
0.02,0.29 ,0.0607532, 0.253697,0.68555,0.939247
0.02,0.3 ,0.060738, 0.253504,0.685758,0.939262
0.02,0.31 ,0.0607166, 0.253314,0.68597,0.939283
0.02,0.32 ,0.0606892, 0.253126,0.686185,0.939311
0.02,0.33 ,0.0606561, 0.25294,0.686404,0.939344
0.02,0.34 ,0.0606176, 0.252756,0.686627,0.939382
0.02,0.35 ,0.060574, 0.252574,0.686852,0.939426
0.02,0.36 ,0.0605254, 0.252395,0.68708,0.939475
0.02,0.37 ,0.0604721, 0.252217,0.687311,0.939528
0.02,0.38 ,0.0604144, 0.252042,0.687544,0.939586
0.02,0.39 ,0.0603524, 0.251869,0.687779,0.939648
0.02,0.4 ,0.0602865, 0.251698,0.688015,0.939713
0.02,0.41 ,0.0602169, 0.251529,0.688254,0.939783
0.02,0.42 ,0.0601437, 0.251362,0.688494,0.939856
0.02,0.43 ,0.0600672, 0.251198,0.688735,0.939933
0.02,0.44 ,0.0599875, 0.251035,0.688978,0.940012
0.02,0.45 ,0.059905, 0.250874,0.689221,0.940095
0.02,0.46 ,0.0598197, 0.250716,0.689465,0.94018
0.02,0.47 ,0.0597318, 0.250559,0.689709,0.940268
0.02,0.48 ,0.0596416, 0.250404,0.689954,0.940358
0.02,0.49 ,0.0595492, 0.250251,0.690199,0.940451
0.02,0.5 ,0.0594547, 0.250101,0.690445,0.940545
0.02,0.51 ,0.0593584, 0.249952,0.69069,0.940642
0.02,0.52 ,0.0592604, 0.249805,0.690935,0.94074
0.02,0.53 ,0.0591608, 0.24966,0.69118,0.940839
0.02,0.54 ,0.0590598, 0.249516,0.691424,0.94094
0.02,0.55 ,0.0589575, 0.249375,0.691668,0.941042
0.02,0.56 ,0.0588541, 0.249235,0.691911,0.941146
0.02,0.57 ,0.0587496, 0.249097,0.692153,0.94125
0.02,0.58 ,0.0586443, 0.248961,0.692394,0.941356
0.02,0.59 ,0.0585382, 0.248827,0.692635,0.941462
0.02,0.6 ,0.0584314, 0.248695,0.692874,0.941569
0.02,0.61 ,0.058324, 0.248564,0.693112,0.941676
0.02,0.62 ,0.0582162, 0.248435,0.693349,0.941784
0.02,0.63 ,0.058108, 0.248307,0.693585,0.941892
0.02,0.64 ,0.0579996, 0.248181,0.693819,0.942
0.02,0.65 ,0.0578909, 0.248057,0.694052,0.942109
0.02,0.66 ,0.0577822, 0.247935,0.694283,0.942218
0.02,0.67 ,0.0576734, 0.247814,0.694513,0.942327
0.02,0.68 ,0.0575647, 0.247695,0.694741,0.942435
0.02,0.69 ,0.0574561, 0.247577,0.694967,0.942544
0.02,0.7 ,0.0573478, 0.247461,0.695192,0.942652
0.02,0.71 ,0.0572396, 0.247346,0.695414,0.94276
0.02,0.72 ,0.0571318, 0.247233,0.695635,0.942868
0.02,0.73 ,0.0570244, 0.247121,0.695854,0.942976
0.02,0.74 ,0.0569174, 0.247011,0.696072,0.943083
0.02,0.75 ,0.0568109, 0.246902,0.696287,0.943189
0.02,0.76 ,0.0567049, 0.246795,0.6965,0.943295
0.02,0.77 ,0.0565995, 0.246689,0.696712,0.9434
0.02,0.78 ,0.0564947, 0.246584,0.696921,0.943505
0.02,0.79 ,0.0563906, 0.246481,0.697128,0.943609
0.02,0.8 ,0.0562871, 0.246379,0.697334,0.943713
0.02,0.81 ,0.0561844, 0.246279,0.697537,0.943816
0.02,0.82 ,0.0560825, 0.24618,0.697738,0.943918
0.02,0.83 ,0.0559813, 0.246082,0.697937,0.944019
0.02,0.84 ,0.0558809, 0.245985,0.698134,0.944119
0.02,0.85 ,0.0557814, 0.24589,0.698329,0.944219
0.02,0.86 ,0.0556828, 0.245796,0.698521,0.944317
0.02,0.87 ,0.055585, 0.245703,0.698712,0.944415
0.02,0.88 ,0.0554882, 0.245611,0.6989,0.944512
0.02,0.89 ,0.0553922, 0.245521,0.699087,0.944608
0.02,0.9 ,0.0552973, 0.245432,0.699271,0.944703
0.02,0.91 ,0.0552032, 0.245344,0.699453,0.944797
0.02,0.92 ,0.0551102, 0.245257,0.699633,0.94489
0.02,0.93 ,0.0550181, 0.245171,0.699811,0.944982
0.02,0.94 ,0.054927, 0.245086,0.699987,0.945073
0.02,0.95 ,0.0548369, 0.245003,0.700161,0.945163
0.02,0.96 ,0.0547478, 0.24492,0.700332,0.945252
0.02,0.97 ,0.0546598, 0.244839,0.700502,0.94534
0.02,0.98 ,0.0545727, 0.244758,0.700669,0.945427
0.02,0.99 ,0.0544867, 0.244679,0.700835,0.945513
0.02,1 ,0.0544017, 0.2446,0.700998,0.945598
0.03,0 ,0.0589889, 0.259589,0.681422,0.941011
0.03,0.01 ,0.0592901, 0.259325,0.681385,0.94071
0.03,0.02 ,0.0595778, 0.259063,0.681359,0.940422
0.03,0.03 ,0.0598523, 0.258804,0.681344,0.940148
0.03,0.04 ,0.0601136, 0.258547,0.68134,0.939886
0.03,0.05 ,0.0603617, 0.258291,0.681347,0.939638
0.03,0.06 ,0.0605968, 0.258039,0.681365,0.939403
0.03,0.07 ,0.0608189, 0.257788,0.681393,0.939181
0.03,0.08 ,0.0610283, 0.25754,0.681432,0.938972
0.03,0.09 ,0.0612251, 0.257294,0.681481,0.938775
0.03,0.1 ,0.0614094, 0.25705,0.68154,0.938591
0.03,0.11 ,0.0615815, 0.256809,0.68161,0.938418
0.03,0.12 ,0.0617416, 0.25657,0.681689,0.938258
0.03,0.13 ,0.0618899, 0.256333,0.681777,0.93811
0.03,0.14 ,0.0620266, 0.256099,0.681875,0.937973
0.03,0.15 ,0.0621519, 0.255867,0.681981,0.937848
0.03,0.16 ,0.0622662, 0.255637,0.682096,0.937734
0.03,0.17 ,0.0623697, 0.25541,0.68222,0.93763
0.03,0.18 ,0.0624627, 0.255185,0.682352,0.937537
0.03,0.19 ,0.0625454, 0.254963,0.682492,0.937455
0.03,0.2 ,0.0626181, 0.254742,0.68264,0.937382
0.03,0.21 ,0.0626811, 0.254525,0.682794,0.937319
0.03,0.22 ,0.0627347, 0.254309,0.682956,0.937265
0.03,0.23 ,0.0627793, 0.254096,0.683125,0.937221
0.03,0.24 ,0.062815, 0.253885,0.6833,0.937185
0.03,0.25 ,0.0628422, 0.253677,0.683481,0.937158
0.03,0.26 ,0.0628612, 0.25347,0.683668,0.937139
0.03,0.27 ,0.0628723, 0.253267,0.683861,0.937128
0.03,0.28 ,0.0628758, 0.253065,0.684059,0.937124
0.03,0.29 ,0.062872, 0.252866,0.684262,0.937128
0.03,0.3 ,0.0628612, 0.252669,0.68447,0.937139
0.03,0.31 ,0.0628436, 0.252474,0.684682,0.937156
0.03,0.32 ,0.0628196, 0.252282,0.684898,0.93718
0.03,0.33 ,0.0627894, 0.252092,0.685119,0.937211
0.03,0.34 ,0.0627534, 0.251904,0.685342,0.937247
0.03,0.35 ,0.0627117, 0.251719,0.68557,0.937288
0.03,0.36 ,0.0626647, 0.251535,0.6858,0.937335
0.03,0.37 ,0.0626126, 0.251354,0.686033,0.937387
0.03,0.38 ,0.0625557, 0.251175,0.686269,0.937444
0.03,0.39 ,0.0624942, 0.250998,0.686508,0.937506
0.03,0.4 ,0.0624285, 0.250824,0.686748,0.937572
0.03,0.41 ,0.0623586, 0.250651,0.68699,0.937641
0.03,0.42 ,0.0622849, 0.250481,0.687234,0.937715
0.03,0.43 ,0.0622075, 0.250313,0.68748,0.937792
0.03,0.44 ,0.0621268, 0.250146,0.687727,0.937873
0.03,0.45 ,0.0620428, 0.249982,0.687975,0.937957
0.03,0.46 ,0.0619559, 0.24982,0.688224,0.938044
0.03,0.47 ,0.0618662, 0.24966,0.688473,0.938134
0.03,0.48 ,0.0617739, 0.249503,0.688724,0.938226
0.03,0.49 ,0.0616792, 0.249347,0.688974,0.938321
0.03,0.5 ,0.0615823, 0.249193,0.689225,0.938418
0.03,0.51 ,0.0614834, 0.249041,0.689476,0.938517
0.03,0.52 ,0.0613826, 0.248891,0.689727,0.938617
0.03,0.53 ,0.0612801, 0.248743,0.689977,0.93872
0.03,0.54 ,0.061176, 0.248597,0.690228,0.938824
0.03,0.55 ,0.0610705, 0.248452,0.690477,0.93893
0.03,0.56 ,0.0609637, 0.24831,0.690726,0.939036
0.03,0.57 ,0.0608558, 0.248169,0.690975,0.939144
0.03,0.58 ,0.0607469, 0.248031,0.691223,0.939253
0.03,0.59 ,0.0606371, 0.247894,0.691469,0.939363
0.03,0.6 ,0.0605266, 0.247758,0.691715,0.939473
0.03,0.61 ,0.0604155, 0.247625,0.691959,0.939585
0.03,0.62 ,0.0603038, 0.247494,0.692203,0.939696
0.03,0.63 ,0.0601917, 0.247364,0.692445,0.939808
0.03,0.64 ,0.0600793, 0.247235,0.692685,0.939921
0.03,0.65 ,0.0599666, 0.247109,0.692924,0.940033
0.03,0.66 ,0.0598538, 0.246984,0.693162,0.940146
0.03,0.67 ,0.059741, 0.246861,0.693398,0.940259
0.03,0.68 ,0.0596282, 0.246739,0.693632,0.940372
0.03,0.69 ,0.0595155, 0.246619,0.693865,0.940485
0.03,0.7 ,0.0594029, 0.246501,0.694096,0.940597
0.03,0.71 ,0.0592907, 0.246384,0.694325,0.940709
0.03,0.72 ,0.0591787, 0.246269,0.694552,0.940821
0.03,0.73 ,0.0590671, 0.246155,0.694778,0.940933
0.03,0.74 ,0.058956, 0.246043,0.695001,0.941044
0.03,0.75 ,0.0588453, 0.245932,0.695222,0.941155
0.03,0.76 ,0.0587352, 0.245823,0.695442,0.941265
0.03,0.77 ,0.0586256, 0.245715,0.695659,0.941374
0.03,0.78 ,0.0585167, 0.245609,0.695874,0.941483
0.03,0.79 ,0.0584085, 0.245504,0.696088,0.941591
0.03,0.8 ,0.058301, 0.2454,0.696299,0.941699
0.03,0.81 ,0.0581943, 0.245298,0.696508,0.941806
0.03,0.82 ,0.0580883, 0.245197,0.696714,0.941912
0.03,0.83 ,0.0579831, 0.245098,0.696919,0.942017
0.03,0.84 ,0.0578788, 0.245,0.697122,0.942121
0.03,0.85 ,0.0577754, 0.244903,0.697322,0.942225
0.03,0.86 ,0.0576729, 0.244807,0.69752,0.942327
0.03,0.87 ,0.0575713, 0.244713,0.697716,0.942429
0.03,0.88 ,0.0574706, 0.244619,0.69791,0.942529
0.03,0.89 ,0.0573709, 0.244528,0.698102,0.942629
0.03,0.9 ,0.0572722, 0.244437,0.698291,0.942728
0.03,0.91 ,0.0571745, 0.244347,0.698478,0.942825
0.03,0.92 ,0.0570778, 0.244259,0.698663,0.942922
0.03,0.93 ,0.0569822, 0.244172,0.698846,0.943018
0.03,0.94 ,0.0568875, 0.244086,0.699027,0.943112
0.03,0.95 ,0.0567939, 0.244001,0.699205,0.943206
0.03,0.96 ,0.0567014, 0.243917,0.699382,0.943299
0.03,0.97 ,0.0566099, 0.243834,0.699556,0.94339
0.03,0.98 ,0.0565195, 0.243753,0.699728,0.943481
0.03,0.99 ,0.0564302, 0.243672,0.699898,0.94357
0.03,1 ,0.0563419, 0.243593,0.700066,0.943658
0.04,0 ,0.0607279, 0.258903,0.680369,0.939272
0.04,0.01 ,0.0610557, 0.258633,0.680311,0.938944
0.04,0.02 ,0.0613694, 0.258365,0.680265,0.938631
0.04,0.03 ,0.0616692, 0.2581,0.680231,0.938331
0.04,0.04 ,0.0619549, 0.257837,0.680208,0.938045
0.04,0.05 ,0.0622267, 0.257576,0.680197,0.937773
0.04,0.06 ,0.0624846, 0.257318,0.680197,0.937515
0.04,0.07 ,0.0627289, 0.257062,0.680209,0.937271
0.04,0.08 ,0.0629596, 0.256808,0.680232,0.93704
0.04,0.09 ,0.0631768, 0.256557,0.680266,0.936823
0.04,0.1 ,0.0633809, 0.256308,0.680311,0.936619
0.04,0.11 ,0.0635718, 0.256061,0.680367,0.936428
0.04,0.12 ,0.0637499, 0.255817,0.680433,0.93625
0.04,0.13 ,0.0639154, 0.255575,0.68051,0.936085
0.04,0.14 ,0.0640684, 0.255335,0.680596,0.935932
0.04,0.15 ,0.0642094, 0.255098,0.680693,0.935791
0.04,0.16 ,0.0643385, 0.254863,0.680798,0.935662
0.04,0.17 ,0.0644559, 0.254631,0.680913,0.935544
0.04,0.18 ,0.0645621, 0.254401,0.681037,0.935438
0.04,0.19 ,0.0646572, 0.254173,0.681169,0.935343
0.04,0.2 ,0.0647416, 0.253948,0.68131,0.935258
0.04,0.21 ,0.0648155, 0.253726,0.681459,0.935185
0.04,0.22 ,0.0648793, 0.253505,0.681615,0.935121
0.04,0.23 ,0.0649333, 0.253287,0.681779,0.935067
0.04,0.24 ,0.0649779, 0.253072,0.68195,0.935022
0.04,0.25 ,0.0650132, 0.252859,0.682128,0.934987
0.04,0.26 ,0.0650397, 0.252648,0.682312,0.93496
0.04,0.27 ,0.0650576, 0.25244,0.682503,0.934942
0.04,0.28 ,0.0650673, 0.252234,0.682699,0.934933
0.04,0.29 ,0.0650691, 0.25203,0.682901,0.934931
0.04,0.3 ,0.0650633, 0.251829,0.683108,0.934937
0.04,0.31 ,0.0650502, 0.25163,0.68332,0.93495
0.04,0.32 ,0.0650301, 0.251433,0.683537,0.93497
0.04,0.33 ,0.0650034, 0.251239,0.683758,0.934997
0.04,0.34 ,0.0649703, 0.251047,0.683983,0.93503
0.04,0.35 ,0.064931, 0.250857,0.684212,0.935069
0.04,0.36 ,0.064886, 0.25067,0.684444,0.935114
0.04,0.37 ,0.0648355, 0.250485,0.68468,0.935164
0.04,0.38 ,0.0647798, 0.250302,0.684918,0.93522
0.04,0.39 ,0.064719, 0.250121,0.68516,0.935281
0.04,0.4 ,0.0646536, 0.249943,0.685404,0.935346
0.04,0.41 ,0.0645838, 0.249767,0.68565,0.935416
0.04,0.42 ,0.0645097, 0.249593,0.685898,0.93549
0.04,0.43 ,0.0644318, 0.249421,0.686148,0.935568
0.04,0.44 ,0.0643501, 0.249251,0.686399,0.93565
0.04,0.45 ,0.0642649, 0.249083,0.686652,0.935735
0.04,0.46 ,0.0641765, 0.248918,0.686905,0.935824
0.04,0.47 ,0.064085, 0.248755,0.68716,0.935915
0.04,0.48 ,0.0639908, 0.248594,0.687416,0.936009
0.04,0.49 ,0.0638939, 0.248434,0.687672,0.936106
0.04,0.5 ,0.0637946, 0.248277,0.687928,0.936205
0.04,0.51 ,0.063693, 0.248122,0.688185,0.936307
0.04,0.52 ,0.0635894, 0.247969,0.688442,0.936411
0.04,0.53 ,0.0634839, 0.247818,0.688698,0.936516
0.04,0.54 ,0.0633767, 0.247669,0.688955,0.936623
0.04,0.55 ,0.0632679, 0.247522,0.689211,0.936732
0.04,0.56 ,0.0631578, 0.247376,0.689466,0.936842
0.04,0.57 ,0.0630464, 0.247233,0.689721,0.936954
0.04,0.58 ,0.0629339, 0.247091,0.689975,0.937066
0.04,0.59 ,0.0628204, 0.246952,0.690228,0.93718
0.04,0.6 ,0.062706, 0.246814,0.69048,0.937294
0.04,0.61 ,0.062591, 0.246678,0.690731,0.937409
0.04,0.62 ,0.0624753, 0.246544,0.690981,0.937525
0.04,0.63 ,0.0623592, 0.246411,0.69123,0.937641
0.04,0.64 ,0.0622427, 0.246281,0.691477,0.937757
0.04,0.65 ,0.0621259, 0.246152,0.691722,0.937874
0.04,0.66 ,0.0620089, 0.246024,0.691967,0.937991
0.04,0.67 ,0.0618919, 0.245899,0.692209,0.938108
0.04,0.68 ,0.0617748, 0.245775,0.69245,0.938225
0.04,0.69 ,0.0616578, 0.245653,0.692689,0.938342
0.04,0.7 ,0.061541, 0.245532,0.692927,0.938459
0.04,0.71 ,0.0614245, 0.245413,0.693162,0.938576
0.04,0.72 ,0.0613082, 0.245296,0.693396,0.938692
0.04,0.73 ,0.0611923, 0.24518,0.693628,0.938808
0.04,0.74 ,0.0610768, 0.245066,0.693857,0.938923
0.04,0.75 ,0.0609619, 0.244953,0.694085,0.939038
0.04,0.76 ,0.0608475, 0.244842,0.694311,0.939153
0.04,0.77 ,0.0607337, 0.244732,0.694534,0.939266
0.04,0.78 ,0.0606205, 0.244624,0.694756,0.939379
0.04,0.79 ,0.060508, 0.244517,0.694975,0.939492
0.04,0.8 ,0.0603963, 0.244412,0.695192,0.939604
0.04,0.81 ,0.0602854, 0.244308,0.695407,0.939715
0.04,0.82 ,0.0601752, 0.244205,0.69562,0.939825
0.04,0.83 ,0.060066, 0.244104,0.69583,0.939934
0.04,0.84 ,0.0599576, 0.244004,0.696039,0.940042
0.04,0.85 ,0.0598501, 0.243905,0.696245,0.94015
0.04,0.86 ,0.0597435, 0.243808,0.696449,0.940256
0.04,0.87 ,0.0596379, 0.243712,0.69665,0.940362
0.04,0.88 ,0.0595333, 0.243617,0.696849,0.940467
0.04,0.89 ,0.0594297, 0.243524,0.697046,0.94057
0.04,0.9 ,0.0593272, 0.243432,0.697241,0.940673
0.04,0.91 ,0.0592256, 0.243341,0.697434,0.940774
0.04,0.92 ,0.0591251, 0.243251,0.697624,0.940875
0.04,0.93 ,0.0590257, 0.243162,0.697812,0.940974
0.04,0.94 ,0.0589274, 0.243075,0.697998,0.941073
0.04,0.95 ,0.0588302, 0.242989,0.698181,0.94117
0.04,0.96 ,0.0587341, 0.242903,0.698363,0.941266
0.04,0.97 ,0.058639, 0.242819,0.698542,0.941361
0.04,0.98 ,0.0585451, 0.242736,0.698718,0.941455
0.04,0.99 ,0.0584524, 0.242655,0.698893,0.941548
0.04,1 ,0.0583607, 0.242574,0.699065,0.941639
0.05,0 ,0.0625042, 0.258216,0.67928,0.937496
0.05,0.01 ,0.0628607, 0.25794,0.679199,0.937139
0.05,0.02 ,0.0632025, 0.257667,0.679131,0.936798
0.05,0.03 ,0.0635294, 0.257396,0.679075,0.936471
0.05,0.04 ,0.0638416, 0.257127,0.679032,0.936158
0.05,0.05 ,0.0641391, 0.25686,0.679001,0.935861
0.05,0.06 ,0.064422, 0.256596,0.678982,0.935578
0.05,0.07 ,0.0646902, 0.256334,0.678975,0.93531
0.05,0.08 ,0.0649441, 0.256075,0.678981,0.935056
0.05,0.09 ,0.0651837, 0.255818,0.678998,0.934816
0.05,0.1 ,0.0654091, 0.255563,0.679028,0.934591
0.05,0.11 ,0.0656207, 0.255311,0.679068,0.934379
0.05,0.12 ,0.0658185, 0.255061,0.67912,0.934182
0.05,0.13 ,0.0660028, 0.254814,0.679183,0.933997
0.05,0.14 ,0.0661739, 0.254569,0.679257,0.933826
0.05,0.15 ,0.0663319, 0.254326,0.679342,0.933668
0.05,0.16 ,0.0664773, 0.254086,0.679436,0.933523
0.05,0.17 ,0.0666101, 0.253849,0.679541,0.93339
0.05,0.18 ,0.0667308, 0.253614,0.679656,0.933269
0.05,0.19 ,0.0668397, 0.253381,0.679779,0.93316
0.05,0.2 ,0.066937, 0.253151,0.679912,0.933063
0.05,0.21 ,0.0670231, 0.252923,0.680054,0.932977
0.05,0.22 ,0.0670983, 0.252698,0.680204,0.932902
0.05,0.23 ,0.0671629, 0.252475,0.680362,0.932837
0.05,0.24 ,0.0672172, 0.252254,0.680528,0.932783
0.05,0.25 ,0.0672616, 0.252036,0.680702,0.932738
0.05,0.26 ,0.0672965, 0.251821,0.680883,0.932703
0.05,0.27 ,0.0673221, 0.251608,0.68107,0.932678
0.05,0.28 ,0.0673389, 0.251397,0.681264,0.932661
0.05,0.29 ,0.0673471, 0.251189,0.681464,0.932653
0.05,0.3 ,0.067347, 0.250983,0.68167,0.932653
0.05,0.31 ,0.0673391, 0.25078,0.681881,0.932661
0.05,0.32 ,0.0673236, 0.250579,0.682098,0.932676
0.05,0.33 ,0.0673008, 0.25038,0.682319,0.932699
0.05,0.34 ,0.0672712, 0.250184,0.682545,0.932729
0.05,0.35 ,0.0672349, 0.24999,0.682775,0.932765
0.05,0.36 ,0.0671923, 0.249798,0.683009,0.932808
0.05,0.37 ,0.0671438, 0.249609,0.683247,0.932856
0.05,0.38 ,0.0670896, 0.249422,0.683488,0.93291
0.05,0.39 ,0.06703, 0.249238,0.683732,0.93297
0.05,0.4 ,0.0669653, 0.249055,0.683979,0.933035
0.05,0.41 ,0.0668957, 0.248875,0.684229,0.933104
0.05,0.42 ,0.0668216, 0.248698,0.684481,0.933178
0.05,0.43 ,0.0667432, 0.248522,0.684735,0.933257
0.05,0.44 ,0.0666608, 0.248349,0.684991,0.933339
0.05,0.45 ,0.0665745, 0.248177,0.685248,0.933425
0.05,0.46 ,0.0664848, 0.248008,0.685507,0.933515
0.05,0.47 ,0.0663917, 0.247842,0.685767,0.933608
0.05,0.48 ,0.0662955, 0.247677,0.686027,0.933704
0.05,0.49 ,0.0661965, 0.247514,0.686289,0.933804
0.05,0.5 ,0.0660948, 0.247354,0.686551,0.933905
0.05,0.51 ,0.0659907, 0.247196,0.686814,0.934009
0.05,0.52 ,0.0658843, 0.247039,0.687076,0.934116
0.05,0.53 ,0.0657758, 0.246885,0.687339,0.934224
0.05,0.54 ,0.0656655, 0.246733,0.687602,0.934335
0.05,0.55 ,0.0655534, 0.246583,0.687864,0.934447
0.05,0.56 ,0.0654398, 0.246434,0.688126,0.93456
0.05,0.57 ,0.0653249, 0.246288,0.688387,0.934675
0.05,0.58 ,0.0652087, 0.246144,0.688648,0.934791
0.05,0.59 ,0.0650914, 0.246001,0.688907,0.934909
0.05,0.6 ,0.0649731, 0.245861,0.689166,0.935027
0.05,0.61 ,0.0648541, 0.245722,0.689424,0.935146
0.05,0.62 ,0.0647344, 0.245585,0.689681,0.935266
0.05,0.63 ,0.0646141, 0.24545,0.689936,0.935386
0.05,0.64 ,0.0644934, 0.245317,0.69019,0.935507
0.05,0.65 ,0.0643723, 0.245185,0.690442,0.935628
0.05,0.66 ,0.064251, 0.245056,0.690693,0.935749
0.05,0.67 ,0.0641296, 0.244928,0.690943,0.93587
0.05,0.68 ,0.0640082, 0.244801,0.69119,0.935992
0.05,0.69 ,0.0638868, 0.244677,0.691436,0.936113
0.05,0.7 ,0.0637655, 0.244554,0.69168,0.936234
0.05,0.71 ,0.0636445, 0.244433,0.691923,0.936355
0.05,0.72 ,0.0635238, 0.244313,0.692163,0.936476
0.05,0.73 ,0.0634034, 0.244195,0.692401,0.936597
0.05,0.74 ,0.0632835, 0.244079,0.692638,0.936716
0.05,0.75 ,0.0631641, 0.243964,0.692872,0.936836
0.05,0.76 ,0.0630452, 0.243851,0.693104,0.936955
0.05,0.77 ,0.062927, 0.243739,0.693334,0.937073
0.05,0.78 ,0.0628094, 0.243629,0.693562,0.937191
0.05,0.79 ,0.0626926, 0.24352,0.693787,0.937307
0.05,0.8 ,0.0625765, 0.243413,0.694011,0.937424
0.05,0.81 ,0.0624612, 0.243307,0.694232,0.937539
0.05,0.82 ,0.0623467, 0.243202,0.694451,0.937653
0.05,0.83 ,0.0622332, 0.243099,0.694667,0.937767
0.05,0.84 ,0.0621205, 0.242998,0.694882,0.937879
0.05,0.85 ,0.0620088, 0.242897,0.695094,0.937991
0.05,0.86 ,0.0618981, 0.242799,0.695303,0.938102
0.05,0.87 ,0.0617883, 0.242701,0.695511,0.938212
0.05,0.88 ,0.0616796, 0.242605,0.695716,0.93832
0.05,0.89 ,0.061572, 0.24251,0.695918,0.938428
0.05,0.9 ,0.0614654, 0.242416,0.696119,0.938535
0.05,0.91 ,0.0613599, 0.242323,0.696317,0.93864
0.05,0.92 ,0.0612555, 0.242232,0.696512,0.938744
0.05,0.93 ,0.0611522, 0.242142,0.696706,0.938848
0.05,0.94 ,0.0610501, 0.242053,0.696897,0.93895
0.05,0.95 ,0.0609491, 0.241966,0.697085,0.939051
0.05,0.96 ,0.0608492, 0.241879,0.697272,0.939151
0.05,0.97 ,0.0607505, 0.241794,0.697456,0.939249
0.05,0.98 ,0.060653, 0.241709,0.697638,0.939347
0.05,0.99 ,0.0605566, 0.241626,0.697817,0.939443
0.05,1 ,0.0604615, 0.241544,0.697994,0.939539
0.06,0 ,0.0643166, 0.257528,0.678155,0.935683
0.06,0.01 ,0.0647041, 0.257247,0.678049,0.935296
0.06,0.02 ,0.0650761, 0.256967,0.677956,0.934924
0.06,0.03 ,0.0654325, 0.25669,0.677877,0.934567
0.06,0.04 ,0.0657734, 0.256416,0.677811,0.934227
0.06,0.05 ,0.0660986, 0.256143,0.677758,0.933901
0.06,0.06 ,0.0664084, 0.255873,0.677718,0.933592
0.06,0.07 ,0.0667028, 0.255606,0.677692,0.933297
0.06,0.08 ,0.0669819, 0.25534,0.677678,0.933018
0.06,0.09 ,0.0672458, 0.255078,0.677677,0.932754
0.06,0.1 ,0.0674946, 0.254817,0.677688,0.932505
0.06,0.11 ,0.0677286, 0.254559,0.677712,0.932271
0.06,0.12 ,0.067948, 0.254304,0.677748,0.932052
0.06,0.13 ,0.068153, 0.254051,0.677796,0.931847
0.06,0.14 ,0.0683438, 0.2538,0.677856,0.931656
0.06,0.15 ,0.0685206, 0.253552,0.677927,0.931479
0.06,0.16 ,0.0686838, 0.253307,0.67801,0.931316
0.06,0.17 ,0.0688337, 0.253064,0.678103,0.931166
0.06,0.18 ,0.0689705, 0.252823,0.678206,0.93103
0.06,0.19 ,0.0690945, 0.252585,0.67832,0.930905
0.06,0.2 ,0.0692061, 0.25235,0.678444,0.930794
0.06,0.21 ,0.0693057, 0.252117,0.678578,0.930694
0.06,0.22 ,0.0693935, 0.251886,0.67872,0.930607
0.06,0.23 ,0.0694699, 0.251658,0.678872,0.93053
0.06,0.24 ,0.0695352, 0.251433,0.679032,0.930465
0.06,0.25 ,0.0695898, 0.25121,0.6792,0.93041
0.06,0.26 ,0.0696341, 0.250989,0.679377,0.930366
0.06,0.27 ,0.0696684, 0.250771,0.67956,0.930332
0.06,0.28 ,0.0696931, 0.250556,0.679751,0.930307
0.06,0.29 ,0.0697085, 0.250343,0.679949,0.930291
0.06,0.3 ,0.069715, 0.250132,0.680152,0.930285
0.06,0.31 ,0.069713, 0.249924,0.680363,0.930287
0.06,0.32 ,0.0697028, 0.249719,0.680578,0.930297
0.06,0.33 ,0.0696847, 0.249516,0.6808,0.930315
0.06,0.34 ,0.0696591, 0.249315,0.681026,0.930341
0.06,0.35 ,0.0696263, 0.249117,0.681257,0.930374
0.06,0.36 ,0.0695868, 0.248921,0.681492,0.930413
0.06,0.37 ,0.0695407, 0.248728,0.681732,0.930459
0.06,0.38 ,0.0694884, 0.248536,0.681975,0.930512
0.06,0.39 ,0.0694303, 0.248348,0.682222,0.93057
0.06,0.4 ,0.0693666, 0.248161,0.682472,0.930633
0.06,0.41 ,0.0692977, 0.247977,0.682725,0.930702
0.06,0.42 ,0.0692238, 0.247796,0.682981,0.930776
0.06,0.43 ,0.0691453, 0.247616,0.683238,0.930855
0.06,0.44 ,0.0690623, 0.247439,0.683499,0.930938
0.06,0.45 ,0.0689752, 0.247264,0.683761,0.931025
0.06,0.46 ,0.0688842, 0.247092,0.684024,0.931116
0.06,0.47 ,0.0687897, 0.246921,0.684289,0.93121
0.06,0.48 ,0.0686917, 0.246753,0.684555,0.931308
0.06,0.49 ,0.0685906, 0.246587,0.684822,0.931409
0.06,0.5 ,0.0684866, 0.246423,0.68509,0.931513
0.06,0.51 ,0.06838, 0.246261,0.685359,0.93162
0.06,0.52 ,0.0682708, 0.246102,0.685627,0.931729
0.06,0.53 ,0.0681594, 0.245944,0.685896,0.931841
0.06,0.54 ,0.0680459, 0.245789,0.686165,0.931954
0.06,0.55 ,0.0679306, 0.245635,0.686434,0.932069
0.06,0.56 ,0.0678135, 0.245484,0.686702,0.932186
0.06,0.57 ,0.0676949, 0.245335,0.68697,0.932305
0.06,0.58 ,0.0675749, 0.245187,0.687238,0.932425
0.06,0.59 ,0.0674538, 0.245042,0.687504,0.932546
0.06,0.6 ,0.0673316, 0.244899,0.68777,0.932668
0.06,0.61 ,0.0672084, 0.244757,0.688035,0.932792
0.06,0.62 ,0.0670845, 0.244617,0.688298,0.932915
0.06,0.63 ,0.06696, 0.24448,0.68856,0.93304
0.06,0.64 ,0.0668349, 0.244344,0.688821,0.933165
0.06,0.65 ,0.0667095, 0.24421,0.689081,0.933291
0.06,0.66 ,0.0665838, 0.244077,0.689339,0.933416
0.06,0.67 ,0.0664579, 0.243947,0.689595,0.933542
0.06,0.68 ,0.0663319, 0.243818,0.68985,0.933668
0.06,0.69 ,0.0662059, 0.243691,0.690103,0.933794
0.06,0.7 ,0.0660801, 0.243566,0.690354,0.93392
0.06,0.71 ,0.0659545, 0.243443,0.690603,0.934046
0.06,0.72 ,0.0658292, 0.243321,0.69085,0.934171
0.06,0.73 ,0.0657042, 0.243201,0.691095,0.934296
0.06,0.74 ,0.0655796, 0.243082,0.691338,0.93442
0.06,0.75 ,0.0654556, 0.242965,0.691579,0.934544
0.06,0.76 ,0.0653321, 0.24285,0.691818,0.934668
0.06,0.77 ,0.0652093, 0.242736,0.692055,0.934791
0.06,0.78 ,0.0650871, 0.242624,0.692289,0.934913
0.06,0.79 ,0.0649657, 0.242513,0.692521,0.935034
0.06,0.8 ,0.0648451, 0.242404,0.692751,0.935155
0.06,0.81 ,0.0647253, 0.242296,0.692979,0.935275
0.06,0.82 ,0.0646063, 0.24219,0.693204,0.935394
0.06,0.83 ,0.0644883, 0.242085,0.693427,0.935512
0.06,0.84 ,0.0643713, 0.241981,0.693647,0.935629
0.06,0.85 ,0.0642552, 0.241879,0.693866,0.935745
0.06,0.86 ,0.0641401, 0.241779,0.694081,0.93586
0.06,0.87 ,0.0640261, 0.241679,0.694295,0.935974
0.06,0.88 ,0.0639131, 0.241581,0.694506,0.936087
0.06,0.89 ,0.0638013, 0.241485,0.694714,0.936199
0.06,0.9 ,0.0636905, 0.241389,0.69492,0.936309
0.06,0.91 ,0.0635809, 0.241295,0.695124,0.936419
0.06,0.92 ,0.0634724, 0.241203,0.695325,0.936528
0.06,0.93 ,0.0633651, 0.241111,0.695524,0.936635
0.06,0.94 ,0.063259, 0.241021,0.69572,0.936741
0.06,0.95 ,0.0631541, 0.240932,0.695914,0.936846
0.06,0.96 ,0.0630504, 0.240844,0.696106,0.93695
0.06,0.97 ,0.0629479, 0.240757,0.696295,0.937052
0.06,0.98 ,0.0628466, 0.240671,0.696482,0.937153
0.06,0.99 ,0.0627465, 0.240587,0.696666,0.937253
0.06,1 ,0.0626477, 0.240504,0.696849,0.937352
0.07,0 ,0.0661639, 0.256841,0.676995,0.933836
0.07,0.01 ,0.0665847, 0.256553,0.676862,0.933415
0.07,0.02 ,0.0669893, 0.256268,0.676743,0.933011
0.07,0.03 ,0.0673774, 0.255985,0.676638,0.932623
0.07,0.04 ,0.0677492, 0.255704,0.676547,0.932251
0.07,0.05 ,0.0681046, 0.255425,0.67647,0.931895
0.07,0.06 ,0.0684436, 0.255149,0.676407,0.931556
0.07,0.07 ,0.0687663, 0.254876,0.676358,0.931234
0.07,0.08 ,0.0690727, 0.254604,0.676323,0.930927
0.07,0.09 ,0.0693631, 0.254336,0.676301,0.930637
0.07,0.1 ,0.0696374, 0.254069,0.676293,0.930363
0.07,0.11 ,0.069896, 0.253805,0.676299,0.930104
0.07,0.12 ,0.0701389, 0.253544,0.676317,0.929861
0.07,0.13 ,0.0703665, 0.253285,0.676348,0.929634
0.07,0.14 ,0.0705789, 0.253029,0.676392,0.929421
0.07,0.15 ,0.0707764, 0.252775,0.676448,0.929224
0.07,0.16 ,0.0709592, 0.252524,0.676517,0.929041
0.07,0.17 ,0.0711278, 0.252276,0.676597,0.928872
0.07,0.18 ,0.0712823, 0.252029,0.676688,0.928718
0.07,0.19 ,0.0714231, 0.251786,0.676791,0.928577
0.07,0.2 ,0.0715506, 0.251545,0.676904,0.928449
0.07,0.21 ,0.0716651, 0.251307,0.677028,0.928335
0.07,0.22 ,0.0717669, 0.251071,0.677162,0.928233
0.07,0.23 ,0.0718564, 0.250838,0.677306,0.928144
0.07,0.24 ,0.0719339, 0.250607,0.677459,0.928066
0.07,0.25 ,0.0719999, 0.250379,0.677621,0.928
0.07,0.26 ,0.0720548, 0.250153,0.677792,0.927945
0.07,0.27 ,0.0720988, 0.24993,0.677971,0.927901
0.07,0.28 ,0.0721325, 0.24971,0.678158,0.927868
0.07,0.29 ,0.0721561, 0.249492,0.678352,0.927844
0.07,0.3 ,0.0721701, 0.249277,0.678553,0.92783
0.07,0.31 ,0.0721748, 0.249064,0.678761,0.927825
0.07,0.32 ,0.0721706, 0.248854,0.678976,0.927829
0.07,0.33 ,0.072158, 0.248646,0.679196,0.927842
0.07,0.34 ,0.0721371, 0.248441,0.679422,0.927863
0.07,0.35 ,0.0721085, 0.248238,0.679654,0.927891
0.07,0.36 ,0.0720725, 0.248038,0.67989,0.927928
0.07,0.37 ,0.0720294, 0.24784,0.680131,0.927971
0.07,0.38 ,0.0719796, 0.247644,0.680376,0.92802
0.07,0.39 ,0.0719234, 0.247451,0.680625,0.928077
0.07,0.4 ,0.0718612, 0.247261,0.680878,0.928139
0.07,0.41 ,0.0717933, 0.247073,0.681134,0.928207
0.07,0.42 ,0.0717199, 0.246887,0.681393,0.92828
0.07,0.43 ,0.0716415, 0.246704,0.681655,0.928359
0.07,0.44 ,0.0715582, 0.246523,0.681919,0.928442
0.07,0.45 ,0.0714705, 0.246344,0.682186,0.92853
0.07,0.46 ,0.0713785, 0.246167,0.682454,0.928621
0.07,0.47 ,0.0712826, 0.245993,0.682724,0.928717
0.07,0.48 ,0.071183, 0.245821,0.682996,0.928817
0.07,0.49 ,0.07108, 0.245652,0.683268,0.92892
0.07,0.5 ,0.0709738, 0.245484,0.683542,0.929026
0.07,0.51 ,0.0708647, 0.245319,0.683816,0.929135
0.07,0.52 ,0.0707528, 0.245156,0.684091,0.929247
0.07,0.53 ,0.0706385, 0.244995,0.684366,0.929362
0.07,0.54 ,0.0705219, 0.244836,0.684642,0.929478
0.07,0.55 ,0.0704032, 0.24468,0.684917,0.929597
0.07,0.56 ,0.0702826, 0.244525,0.685192,0.929717
0.07,0.57 ,0.0701603, 0.244373,0.685467,0.92984
0.07,0.58 ,0.0700366, 0.244222,0.685741,0.929963
0.07,0.59 ,0.0699114, 0.244074,0.686015,0.930089
0.07,0.6 ,0.0697851, 0.243928,0.686287,0.930215
0.07,0.61 ,0.0696578, 0.243783,0.686559,0.930342
0.07,0.62 ,0.0695297, 0.243641,0.68683,0.93047
0.07,0.63 ,0.0694007, 0.2435,0.687099,0.930599
0.07,0.64 ,0.0692712, 0.243361,0.687367,0.930729
0.07,0.65 ,0.0691413, 0.243225,0.687634,0.930859
0.07,0.66 ,0.069011, 0.24309,0.687899,0.930989
0.07,0.67 ,0.0688804, 0.242957,0.688163,0.93112
0.07,0.68 ,0.0687498, 0.242826,0.688425,0.93125
0.07,0.69 ,0.0686191, 0.242696,0.688685,0.931381
0.07,0.7 ,0.0684886, 0.242568,0.688943,0.931511
0.07,0.71 ,0.0683582, 0.242443,0.689199,0.931642
0.07,0.72 ,0.0682281, 0.242318,0.689454,0.931772
0.07,0.73 ,0.0680983, 0.242196,0.689706,0.931902
0.07,0.74 ,0.067969, 0.242075,0.689956,0.932031
0.07,0.75 ,0.0678402, 0.241956,0.690204,0.93216
0.07,0.76 ,0.0677119, 0.241838,0.69045,0.932288
0.07,0.77 ,0.0675843, 0.241722,0.690693,0.932416
0.07,0.78 ,0.0674574, 0.241608,0.690935,0.932543
0.07,0.79 ,0.0673313, 0.241495,0.691173,0.932669
0.07,0.8 ,0.0672059, 0.241384,0.69141,0.932794
0.07,0.81 ,0.0670814, 0.241274,0.691644,0.932919
0.07,0.82 ,0.0669579, 0.241166,0.691876,0.933042
0.07,0.83 ,0.0668352, 0.241059,0.692105,0.933165
0.07,0.84 ,0.0667136, 0.240954,0.692332,0.933286
0.07,0.85 ,0.0665929, 0.24085,0.692557,0.933407
0.07,0.86 ,0.0664734, 0.240748,0.692779,0.933527
0.07,0.87 ,0.0663549, 0.240647,0.692998,0.933645
0.07,0.88 ,0.0662375, 0.240547,0.693215,0.933762
0.07,0.89 ,0.0661213, 0.240449,0.69343,0.933879
0.07,0.9 ,0.0660062, 0.240352,0.693642,0.933994
0.07,0.91 ,0.0658923, 0.240256,0.693851,0.934108
0.07,0.92 ,0.0657796, 0.240162,0.694058,0.93422
0.07,0.93 ,0.0656682, 0.240069,0.694263,0.934332
0.07,0.94 ,0.0655579, 0.239977,0.694465,0.934442
0.07,0.95 ,0.065449, 0.239887,0.694664,0.934551
0.07,0.96 ,0.0653412, 0.239797,0.694862,0.934659
0.07,0.97 ,0.0652348, 0.239709,0.695056,0.934765
0.07,0.98 ,0.0651296, 0.239622,0.695248,0.93487
0.07,0.99 ,0.0650257, 0.239536,0.695438,0.934974
0.07,1 ,0.0649231, 0.239452,0.695625,0.935077
0.08,0 ,0.0680445, 0.256154,0.675801,0.931955
0.08,0.01 ,0.0685011, 0.25586,0.675639,0.931499
0.08,0.02 ,0.0689407, 0.255568,0.675491,0.931059
0.08,0.03 ,0.0693631, 0.255279,0.675358,0.930637
0.08,0.04 ,0.0697682, 0.254992,0.67524,0.930232
0.08,0.05 ,0.0701561, 0.254707,0.675137,0.929844
0.08,0.06 ,0.0705268, 0.254425,0.675049,0.929473
