e1,e2,V,Rs,Rv,P
0,0 ,0.283632, 0.193543,0.522825,0.716368
0,0.01 ,0.283546, 0.193489,0.522966,0.716454
0,0.02 ,0.283459, 0.193435,0.523106,0.716541
0,0.03 ,0.283372, 0.193381,0.523247,0.716628
0,0.04 ,0.283285, 0.193327,0.523388,0.716715
0,0.05 ,0.283198, 0.193274,0.523529,0.716802
0,0.06 ,0.28311, 0.193221,0.523669,0.71689
0,0.07 ,0.283023, 0.193168,0.52381,0.716977
0,0.08 ,0.282935, 0.193115,0.52395,0.717065
0,0.09 ,0.282847, 0.193062,0.524091,0.717153
0,0.1 ,0.282759, 0.19301,0.524231,0.717241
0,0.11 ,0.282671, 0.192958,0.524371,0.717329
0,0.12 ,0.282583, 0.192906,0.524511,0.717417
0,0.13 ,0.282494, 0.192854,0.524651,0.717506
0,0.14 ,0.282406, 0.192803,0.524791,0.717594
0,0.15 ,0.282318, 0.192752,0.524931,0.717682
0,0.16 ,0.282229, 0.1927,0.525071,0.717771
0,0.17 ,0.28214, 0.19265,0.52521,0.71786
0,0.18 ,0.282052, 0.192599,0.525349,0.717948
0,0.19 ,0.281963, 0.192549,0.525488,0.718037
0,0.2 ,0.281874, 0.192498,0.525627,0.718126
0,0.21 ,0.281785, 0.192448,0.525766,0.718215
0,0.22 ,0.281697, 0.192399,0.525905,0.718303
0,0.23 ,0.281608, 0.192349,0.526043,0.718392
0,0.24 ,0.281519, 0.1923,0.526182,0.718481
0,0.25 ,0.28143, 0.19225,0.52632,0.71857
0,0.26 ,0.281341, 0.192201,0.526458,0.718659
0,0.27 ,0.281252, 0.192153,0.526595,0.718748
0,0.28 ,0.281163, 0.192104,0.526733,0.718837
0,0.29 ,0.281074, 0.192056,0.52687,0.718926
0,0.3 ,0.280986, 0.192007,0.527007,0.719014
0,0.31 ,0.280897, 0.191959,0.527144,0.719103
0,0.32 ,0.280808, 0.191912,0.52728,0.719192
0,0.33 ,0.280719, 0.191864,0.527417,0.719281
0,0.34 ,0.280631, 0.191817,0.527553,0.719369
0,0.35 ,0.280542, 0.191769,0.527689,0.719458
0,0.36 ,0.280453, 0.191722,0.527824,0.719547
0,0.37 ,0.280365, 0.191676,0.52796,0.719635
0,0.38 ,0.280276, 0.191629,0.528095,0.719724
0,0.39 ,0.280188, 0.191582,0.528229,0.719812
0,0.4 ,0.2801, 0.191536,0.528364,0.7199
0,0.41 ,0.280012, 0.19149,0.528498,0.719988
0,0.42 ,0.279923, 0.191444,0.528632,0.720077
0,0.43 ,0.279835, 0.191399,0.528766,0.720165
0,0.44 ,0.279747, 0.191353,0.5289,0.720253
0,0.45 ,0.27966, 0.191308,0.529033,0.72034
0,0.46 ,0.279572, 0.191263,0.529166,0.720428
0,0.47 ,0.279484, 0.191218,0.529298,0.720516
0,0.48 ,0.279397, 0.191173,0.52943,0.720603
0,0.49 ,0.279309, 0.191128,0.529562,0.720691
0,0.5 ,0.279222, 0.191084,0.529694,0.720778
0,0.51 ,0.279135, 0.19104,0.529826,0.720865
0,0.52 ,0.279048, 0.190996,0.529957,0.720952
0,0.53 ,0.278961, 0.190952,0.530087,0.721039
0,0.54 ,0.278874, 0.190908,0.530218,0.721126
0,0.55 ,0.278787, 0.190865,0.530348,0.721213
0,0.56 ,0.278701, 0.190821,0.530478,0.721299
0,0.57 ,0.278615, 0.190778,0.530607,0.721385
0,0.58 ,0.278528, 0.190735,0.530736,0.721472
0,0.59 ,0.278442, 0.190692,0.530865,0.721558
0,0.6 ,0.278356, 0.19065,0.530994,0.721644
0,0.61 ,0.278271, 0.190607,0.531122,0.721729
0,0.62 ,0.278185, 0.190565,0.53125,0.721815
0,0.63 ,0.2781, 0.190523,0.531377,0.7219
0,0.64 ,0.278014, 0.190481,0.531505,0.721985
0,0.65 ,0.277929, 0.190439,0.531631,0.722071
0,0.66 ,0.277845, 0.190398,0.531758,0.722155
0,0.67 ,0.27776, 0.190356,0.531884,0.72224
0,0.68 ,0.277675, 0.190315,0.53201,0.722325
0,0.69 ,0.277591, 0.190274,0.532135,0.722409
0,0.7 ,0.277507, 0.190233,0.532261,0.722493
0,0.71 ,0.277423, 0.190192,0.532385,0.722577
0,0.72 ,0.277339, 0.190151,0.53251,0.722661
0,0.73 ,0.277255, 0.190111,0.532634,0.722745
0,0.74 ,0.277172, 0.190071,0.532758,0.722828
0,0.75 ,0.277089, 0.19003,0.532881,0.722911
0,0.76 ,0.277006, 0.189991,0.533004,0.722994
0,0.77 ,0.276923, 0.189951,0.533127,0.723077
0,0.78 ,0.27684, 0.189911,0.533249,0.72316
0,0.79 ,0.276758, 0.189872,0.533371,0.723242
0,0.8 ,0.276675, 0.189832,0.533492,0.723325
0,0.81 ,0.276593, 0.189793,0.533614,0.723407
0,0.82 ,0.276512, 0.189754,0.533734,0.723488
0,0.83 ,0.27643, 0.189715,0.533855,0.72357
0,0.84 ,0.276348, 0.189677,0.533975,0.723652
0,0.85 ,0.276267, 0.189638,0.534095,0.723733
0,0.86 ,0.276186, 0.1896,0.534214,0.723814
0,0.87 ,0.276106, 0.189561,0.534333,0.723894
0,0.88 ,0.276025, 0.189523,0.534452,0.723975
0,0.89 ,0.275945, 0.189485,0.53457,0.724055
0,0.9 ,0.275865, 0.189447,0.534688,0.724135
0,0.91 ,0.275785, 0.18941,0.534806,0.724215
0,0.92 ,0.275705, 0.189372,0.534923,0.724295
0,0.93 ,0.275625, 0.189335,0.535039,0.724375
0,0.94 ,0.275546, 0.189298,0.535156,0.724454
0,0.95 ,0.275467, 0.189261,0.535272,0.724533
0,0.96 ,0.275388, 0.189224,0.535388,0.724612
0,0.97 ,0.27531, 0.189187,0.535503,0.72469
0,0.98 ,0.275232, 0.189151,0.535618,0.724768
0,0.99 ,0.275153, 0.189114,0.535732,0.724847
0,1 ,0.275076, 0.189078,0.535847,0.724924
0.01,0 ,0.290151, 0.192654,0.517196,0.709849
0.01,0.01 ,0.290063, 0.192598,0.517338,0.709937
0.01,0.02 ,0.289976, 0.192543,0.517481,0.710024
0.01,0.03 ,0.289889, 0.192488,0.517623,0.710111
0.01,0.04 ,0.289801, 0.192434,0.517765,0.710199
0.01,0.05 ,0.289713, 0.192379,0.517908,0.710287
0.01,0.06 ,0.289625, 0.192325,0.51805,0.710375
0.01,0.07 ,0.289537, 0.192271,0.518192,0.710463
0.01,0.08 ,0.289448, 0.192217,0.518334,0.710552
0.01,0.09 ,0.28936, 0.192164,0.518476,0.71064
0.01,0.1 ,0.289271, 0.192111,0.518618,0.710729
0.01,0.11 ,0.289182, 0.192058,0.51876,0.710818
0.01,0.12 ,0.289093, 0.192005,0.518902,0.710907
0.01,0.13 ,0.289004, 0.191952,0.519044,0.710996
0.01,0.14 ,0.288915, 0.1919,0.519185,0.711085
0.01,0.15 ,0.288826, 0.191848,0.519327,0.711174
0.01,0.16 ,0.288736, 0.191796,0.519468,0.711264
0.01,0.17 ,0.288647, 0.191744,0.519609,0.711353
0.01,0.18 ,0.288557, 0.191692,0.51975,0.711443
0.01,0.19 ,0.288468, 0.191641,0.519891,0.711532
0.01,0.2 ,0.288378, 0.19159,0.520032,0.711622
0.01,0.21 ,0.288288, 0.191539,0.520173,0.711712
0.01,0.22 ,0.288199, 0.191488,0.520313,0.711801
0.01,0.23 ,0.288109, 0.191438,0.520453,0.711891
0.01,0.24 ,0.288019, 0.191388,0.520593,0.711981
0.01,0.25 ,0.287929, 0.191338,0.520733,0.712071
0.01,0.26 ,0.287839, 0.191288,0.520873,0.712161
0.01,0.27 ,0.287749, 0.191238,0.521013,0.712251
0.01,0.28 ,0.287659, 0.191189,0.521152,0.712341
0.01,0.29 ,0.287569, 0.191139,0.521291,0.712431
0.01,0.3 ,0.28748, 0.19109,0.52143,0.71252
0.01,0.31 ,0.28739, 0.191042,0.521569,0.71261
0.01,0.32 ,0.2873, 0.190993,0.521707,0.7127
0.01,0.33 ,0.28721, 0.190945,0.521845,0.71279
0.01,0.34 ,0.28712, 0.190896,0.521983,0.71288
0.01,0.35 ,0.287031, 0.190848,0.522121,0.712969
0.01,0.36 ,0.286941, 0.1908,0.522259,0.713059
0.01,0.37 ,0.286851, 0.190753,0.522396,0.713149
0.01,0.38 ,0.286762, 0.190705,0.522533,0.713238
0.01,0.39 ,0.286672, 0.190658,0.52267,0.713328
0.01,0.4 ,0.286583, 0.190611,0.522806,0.713417
0.01,0.41 ,0.286493, 0.190564,0.522942,0.713507
0.01,0.42 ,0.286404, 0.190518,0.523078,0.713596
0.01,0.43 ,0.286315, 0.190471,0.523214,0.713685
0.01,0.44 ,0.286226, 0.190425,0.523349,0.713774
0.01,0.45 ,0.286137, 0.190379,0.523485,0.713863
0.01,0.46 ,0.286048, 0.190333,0.523619,0.713952
0.01,0.47 ,0.285959, 0.190287,0.523754,0.714041
0.01,0.48 ,0.28587, 0.190242,0.523888,0.71413
0.01,0.49 ,0.285782, 0.190196,0.524022,0.714218
0.01,0.5 ,0.285693, 0.190151,0.524156,0.714307
0.01,0.51 ,0.285605, 0.190106,0.524289,0.714395
0.01,0.52 ,0.285516, 0.190061,0.524422,0.714484
0.01,0.53 ,0.285428, 0.190017,0.524555,0.714572
0.01,0.54 ,0.28534, 0.189972,0.524687,0.71466
0.01,0.55 ,0.285252, 0.189928,0.524819,0.714748
0.01,0.56 ,0.285165, 0.189884,0.524951,0.714835
0.01,0.57 ,0.285077, 0.18984,0.525083,0.714923
0.01,0.58 ,0.28499, 0.189797,0.525214,0.71501
0.01,0.59 ,0.284902, 0.189753,0.525345,0.715098
0.01,0.6 ,0.284815, 0.18971,0.525475,0.715185
0.01,0.61 ,0.284728, 0.189667,0.525605,0.715272
0.01,0.62 ,0.284641, 0.189624,0.525735,0.715359
0.01,0.63 ,0.284555, 0.189581,0.525864,0.715445
0.01,0.64 ,0.284468, 0.189538,0.525994,0.715532
0.01,0.65 ,0.284382, 0.189496,0.526122,0.715618
0.01,0.66 ,0.284296, 0.189453,0.526251,0.715704
0.01,0.67 ,0.28421, 0.189411,0.526379,0.71579
0.01,0.68 ,0.284124, 0.189369,0.526507,0.715876
0.01,0.69 ,0.284038, 0.189328,0.526634,0.715962
0.01,0.7 ,0.283953, 0.189286,0.526761,0.716047
0.01,0.71 ,0.283868, 0.189244,0.526888,0.716132
0.01,0.72 ,0.283783, 0.189203,0.527014,0.716217
0.01,0.73 ,0.283698, 0.189162,0.52714,0.716302
0.01,0.74 ,0.283613, 0.189121,0.527266,0.716387
0.01,0.75 ,0.283528, 0.18908,0.527391,0.716472
0.01,0.76 ,0.283444, 0.18904,0.527516,0.716556
0.01,0.77 ,0.28336, 0.188999,0.527641,0.71664
0.01,0.78 ,0.283276, 0.188959,0.527765,0.716724
0.01,0.79 ,0.283192, 0.188919,0.527889,0.716808
0.01,0.8 ,0.283109, 0.188879,0.528012,0.716891
0.01,0.81 ,0.283026, 0.188839,0.528135,0.716974
0.01,0.82 ,0.282942, 0.1888,0.528258,0.717058
0.01,0.83 ,0.28286, 0.18876,0.52838,0.71714
0.01,0.84 ,0.282777, 0.188721,0.528502,0.717223
0.01,0.85 ,0.282694, 0.188682,0.528624,0.717306
0.01,0.86 ,0.282612, 0.188643,0.528745,0.717388
0.01,0.87 ,0.28253, 0.188604,0.528866,0.71747
0.01,0.88 ,0.282448, 0.188565,0.528987,0.717552
0.01,0.89 ,0.282367, 0.188527,0.529107,0.717633
0.01,0.9 ,0.282285, 0.188488,0.529226,0.717715
0.01,0.91 ,0.282204, 0.18845,0.529346,0.717796
0.01,0.92 ,0.282123, 0.188412,0.529465,0.717877
0.01,0.93 ,0.282042, 0.188374,0.529584,0.717958
0.01,0.94 ,0.281962, 0.188336,0.529702,0.718038
0.01,0.95 ,0.281882, 0.188299,0.52982,0.718118
0.01,0.96 ,0.281802, 0.188261,0.529937,0.718198
0.01,0.97 ,0.281722, 0.188224,0.530054,0.718278
0.01,0.98 ,0.281642, 0.188187,0.530171,0.718358
0.01,0.99 ,0.281563, 0.18815,0.530287,0.718437
0.01,1 ,0.281484, 0.188113,0.530403,0.718516
0.02,0 ,0.296825, 0.191758,0.511418,0.703175
0.02,0.01 ,0.296737, 0.191701,0.511562,0.703263
0.02,0.02 ,0.296649, 0.191645,0.511705,0.703351
0.02,0.03 ,0.296561, 0.191589,0.511849,0.703439
0.02,0.04 ,0.296473, 0.191534,0.511993,0.703527
0.02,0.05 ,0.296385, 0.191478,0.512137,0.703615
0.02,0.06 ,0.296296, 0.191423,0.512281,0.703704
0.02,0.07 ,0.296207, 0.191368,0.512424,0.703793
0.02,0.08 ,0.296118, 0.191314,0.512568,0.703881
0.02,0.09 ,0.296029, 0.191259,0.512712,0.703971
0.02,0.1 ,0.29594, 0.191205,0.512855,0.70406
0.02,0.11 ,0.29585, 0.191151,0.512999,0.704149
0.02,0.12 ,0.295761, 0.191097,0.513142,0.704239
0.02,0.13 ,0.295671, 0.191043,0.513286,0.704329
0.02,0.14 ,0.295581, 0.19099,0.513429,0.704419
0.02,0.15 ,0.295491, 0.190937,0.513572,0.704509
0.02,0.16 ,0.295401, 0.190884,0.513715,0.704599
0.02,0.17 ,0.295311, 0.190831,0.513858,0.704689
0.02,0.18 ,0.29522, 0.190779,0.514001,0.70478
0.02,0.19 ,0.29513, 0.190727,0.514143,0.70487
0.02,0.2 ,0.295039, 0.190675,0.514286,0.704961
0.02,0.21 ,0.294949, 0.190623,0.514428,0.705051
0.02,0.22 ,0.294858, 0.190571,0.514571,0.705142
0.02,0.23 ,0.294768, 0.19052,0.514713,0.705232
0.02,0.24 ,0.294677, 0.190469,0.514855,0.705323
0.02,0.25 ,0.294586, 0.190418,0.514996,0.705414
0.02,0.26 ,0.294495, 0.190367,0.515138,0.705505
0.02,0.27 ,0.294404, 0.190316,0.515279,0.705596
0.02,0.28 ,0.294314, 0.190266,0.51542,0.705686
0.02,0.29 ,0.294223, 0.190216,0.515561,0.705777
0.02,0.3 ,0.294132, 0.190166,0.515702,0.705868
0.02,0.31 ,0.294041, 0.190116,0.515843,0.705959
0.02,0.32 ,0.29395, 0.190067,0.515983,0.70605
0.02,0.33 ,0.293859, 0.190018,0.516123,0.706141
0.02,0.34 ,0.293768, 0.189969,0.516263,0.706231
0.02,0.35 ,0.293678, 0.18992,0.516402,0.706322
0.02,0.36 ,0.293587, 0.189871,0.516542,0.706413
0.02,0.37 ,0.293496, 0.189823,0.516681,0.706504
0.02,0.38 ,0.293406, 0.189774,0.51682,0.706594
0.02,0.39 ,0.293315, 0.189726,0.516959,0.706685
0.02,0.4 ,0.293225, 0.189678,0.517097,0.706775
0.02,0.41 ,0.293134, 0.189631,0.517235,0.706866
0.02,0.42 ,0.293044, 0.189583,0.517373,0.706956
0.02,0.43 ,0.292953, 0.189536,0.517511,0.707047
0.02,0.44 ,0.292863, 0.189489,0.517648,0.707137
0.02,0.45 ,0.292773, 0.189442,0.517785,0.707227
0.02,0.46 ,0.292683, 0.189395,0.517922,0.707317
0.02,0.47 ,0.292593, 0.189349,0.518058,0.707407
0.02,0.48 ,0.292503, 0.189303,0.518194,0.707497
0.02,0.49 ,0.292413, 0.189257,0.51833,0.707587
0.02,0.5 ,0.292324, 0.189211,0.518466,0.707676
0.02,0.51 ,0.292234, 0.189165,0.518601,0.707766
0.02,0.52 ,0.292145, 0.189119,0.518736,0.707855
0.02,0.53 ,0.292055, 0.189074,0.518871,0.707945
0.02,0.54 ,0.291966, 0.189029,0.519005,0.708034
0.02,0.55 ,0.291877, 0.188984,0.519139,0.708123
0.02,0.56 ,0.291788, 0.188939,0.519273,0.708212
0.02,0.57 ,0.291699, 0.188895,0.519406,0.708301
0.02,0.58 ,0.291611, 0.18885,0.519539,0.708389
0.02,0.59 ,0.291522, 0.188806,0.519672,0.708478
0.02,0.6 ,0.291434, 0.188762,0.519804,0.708566
0.02,0.61 ,0.291346, 0.188718,0.519936,0.708654
0.02,0.62 ,0.291258, 0.188674,0.520068,0.708742
0.02,0.63 ,0.29117, 0.188631,0.5202,0.70883
0.02,0.64 ,0.291082, 0.188587,0.520331,0.708918
0.02,0.65 ,0.290994, 0.188544,0.520461,0.709006
0.02,0.66 ,0.290907, 0.188501,0.520592,0.709093
0.02,0.67 ,0.29082, 0.188458,0.520722,0.70918
0.02,0.68 ,0.290733, 0.188416,0.520851,0.709267
0.02,0.69 ,0.290646, 0.188373,0.520981,0.709354
0.02,0.7 ,0.290559, 0.188331,0.52111,0.709441
0.02,0.71 ,0.290473, 0.188289,0.521238,0.709527
0.02,0.72 ,0.290386, 0.188247,0.521367,0.709614
0.02,0.73 ,0.2903, 0.188205,0.521495,0.7097
0.02,0.74 ,0.290214, 0.188164,0.521622,0.709786
0.02,0.75 ,0.290128, 0.188122,0.521749,0.709872
0.02,0.76 ,0.290043, 0.188081,0.521876,0.709957
0.02,0.77 ,0.289957, 0.18804,0.522003,0.710042
0.02,0.78 ,0.289872, 0.187999,0.522129,0.710128
0.02,0.79 ,0.289787, 0.187958,0.522254,0.710213
0.02,0.8 ,0.289703, 0.187918,0.52238,0.710297
0.02,0.81 ,0.289618, 0.187877,0.522505,0.710382
0.02,0.82 ,0.289534, 0.187837,0.522629,0.710466
0.02,0.83 ,0.289449, 0.187797,0.522754,0.71055
0.02,0.84 ,0.289366, 0.187757,0.522878,0.710634
0.02,0.85 ,0.289282, 0.187717,0.523001,0.710718
0.02,0.86 ,0.289198, 0.187677,0.523124,0.710802
0.02,0.87 ,0.289115, 0.187638,0.523247,0.710885
0.02,0.88 ,0.289032, 0.187599,0.523369,0.710968
0.02,0.89 ,0.288949, 0.18756,0.523491,0.711051
0.02,0.9 ,0.288866, 0.187521,0.523613,0.711134
0.02,0.91 ,0.288784, 0.187482,0.523734,0.711216
0.02,0.92 ,0.288702, 0.187443,0.523855,0.711298
0.02,0.93 ,0.28862, 0.187405,0.523976,0.71138
0.02,0.94 ,0.288538, 0.187366,0.524096,0.711462
0.02,0.95 ,0.288457, 0.187328,0.524215,0.711543
0.02,0.96 ,0.288375, 0.18729,0.524335,0.711625
0.02,0.97 ,0.288294, 0.187252,0.524454,0.711706
0.02,0.98 ,0.288213, 0.187214,0.524572,0.711787
0.02,0.99 ,0.288133, 0.187177,0.524691,0.711867
0.02,1 ,0.288052, 0.187139,0.524808,0.711948
0.03,0 ,0.303657, 0.190855,0.505488,0.696343
0.03,0.01 ,0.303569, 0.190798,0.505633,0.696431
0.03,0.02 ,0.303481, 0.190741,0.505778,0.696519
0.03,0.03 ,0.303393, 0.190684,0.505923,0.696607
0.03,0.04 ,0.303305, 0.190627,0.506068,0.696695
0.03,0.05 ,0.303216, 0.190571,0.506214,0.696784
0.03,0.06 ,0.303127, 0.190515,0.506359,0.696873
0.03,0.07 ,0.303037, 0.190459,0.506504,0.696962
0.03,0.08 ,0.302948, 0.190403,0.506649,0.697052
0.03,0.09 ,0.302858, 0.190347,0.506794,0.697142
0.03,0.1 ,0.302769, 0.190292,0.506939,0.697231
0.03,0.11 ,0.302678, 0.190237,0.507084,0.697321
0.03,0.12 ,0.302588, 0.190182,0.507229,0.697412
0.03,0.13 ,0.302498, 0.190128,0.507374,0.697502
0.03,0.14 ,0.302407, 0.190073,0.507519,0.697593
0.03,0.15 ,0.302317, 0.190019,0.507664,0.697683
0.03,0.16 ,0.302226, 0.189965,0.507809,0.697774
0.03,0.17 ,0.302135, 0.189912,0.507953,0.697865
0.03,0.18 ,0.302044, 0.189858,0.508098,0.697956
0.03,0.19 ,0.301953, 0.189805,0.508242,0.698047
0.03,0.2 ,0.301862, 0.189752,0.508386,0.698138
0.03,0.21 ,0.30177, 0.189699,0.50853,0.69823
0.03,0.22 ,0.301679, 0.189647,0.508674,0.698321
0.03,0.23 ,0.301587, 0.189595,0.508818,0.698413
0.03,0.24 ,0.301496, 0.189543,0.508962,0.698504
0.03,0.25 ,0.301404, 0.189491,0.509105,0.698596
0.03,0.26 ,0.301312, 0.189439,0.509248,0.698687
0.03,0.27 ,0.301221, 0.189388,0.509392,0.698779
0.03,0.28 ,0.301129, 0.189336,0.509534,0.698871
0.03,0.29 ,0.301037, 0.189285,0.509677,0.698963
0.03,0.3 ,0.300946, 0.189235,0.50982,0.699054
0.03,0.31 ,0.300854, 0.189184,0.509962,0.699146
0.03,0.32 ,0.300762, 0.189134,0.510104,0.699238
0.03,0.33 ,0.30067, 0.189084,0.510246,0.69933
0.03,0.34 ,0.300578, 0.189034,0.510388,0.699421
0.03,0.35 ,0.300487, 0.188984,0.510529,0.699513
0.03,0.36 ,0.300395, 0.188934,0.510671,0.699605
0.03,0.37 ,0.300303, 0.188885,0.510812,0.699697
0.03,0.38 ,0.300212, 0.188836,0.510952,0.699788
0.03,0.39 ,0.30012, 0.188787,0.511093,0.69988
0.03,0.4 ,0.300029, 0.188738,0.511233,0.699971
0.03,0.41 ,0.299937, 0.18869,0.511373,0.700063
0.03,0.42 ,0.299846, 0.188642,0.511513,0.700154
0.03,0.43 ,0.299754, 0.188593,0.511652,0.700246
0.03,0.44 ,0.299663, 0.188546,0.511792,0.700337
0.03,0.45 ,0.299572, 0.188498,0.51193,0.700428
0.03,0.46 ,0.29948, 0.18845,0.512069,0.700519
0.03,0.47 ,0.299389, 0.188403,0.512207,0.700611
0.03,0.48 ,0.299298, 0.188356,0.512346,0.700702
0.03,0.49 ,0.299208, 0.188309,0.512483,0.700792
0.03,0.5 ,0.299117, 0.188262,0.512621,0.700883
0.03,0.51 ,0.299026, 0.188216,0.512758,0.700974
0.03,0.52 ,0.298936, 0.18817,0.512895,0.701064
0.03,0.53 ,0.298845, 0.188123,0.513031,0.701155
0.03,0.54 ,0.298755, 0.188078,0.513168,0.701245
0.03,0.55 ,0.298665, 0.188032,0.513304,0.701335
0.03,0.56 ,0.298574, 0.187986,0.513439,0.701426
0.03,0.57 ,0.298485, 0.187941,0.513575,0.701515
0.03,0.58 ,0.298395, 0.187896,0.51371,0.701605
0.03,0.59 ,0.298305, 0.187851,0.513844,0.701695
0.03,0.6 ,0.298216, 0.187806,0.513979,0.701784
0.03,0.61 ,0.298126, 0.187761,0.514113,0.701874
0.03,0.62 ,0.298037, 0.187717,0.514246,0.701963
0.03,0.63 ,0.297948, 0.187673,0.51438,0.702052
0.03,0.64 ,0.297859, 0.187629,0.514513,0.702141
0.03,0.65 ,0.29777, 0.187585,0.514645,0.70223
0.03,0.66 ,0.297682, 0.187541,0.514777,0.702318
0.03,0.67 ,0.297593, 0.187497,0.514909,0.702407
0.03,0.68 ,0.297505, 0.187454,0.515041,0.702495
0.03,0.69 ,0.297417, 0.187411,0.515172,0.702583
0.03,0.7 ,0.297329, 0.187368,0.515303,0.702671
0.03,0.71 ,0.297241, 0.187325,0.515434,0.702759
0.03,0.72 ,0.297154, 0.187283,0.515564,0.702846
0.03,0.73 ,0.297066, 0.18724,0.515694,0.702934
0.03,0.74 ,0.296979, 0.187198,0.515823,0.703021
0.03,0.75 ,0.296892, 0.187156,0.515952,0.703108
0.03,0.76 ,0.296805, 0.187114,0.516081,0.703195
0.03,0.77 ,0.296719, 0.187072,0.516209,0.703281
0.03,0.78 ,0.296632, 0.18703,0.516337,0.703368
0.03,0.79 ,0.296546, 0.186989,0.516465,0.703454
0.03,0.8 ,0.29646, 0.186948,0.516592,0.70354
0.03,0.81 ,0.296374, 0.186907,0.516719,0.703626
0.03,0.82 ,0.296289, 0.186866,0.516846,0.703711
0.03,0.83 ,0.296203, 0.186825,0.516972,0.703797
0.03,0.84 ,0.296118, 0.186784,0.517098,0.703882
0.03,0.85 ,0.296033, 0.186744,0.517223,0.703967
0.03,0.86 ,0.295948, 0.186704,0.517348,0.704052
0.03,0.87 ,0.295864, 0.186664,0.517473,0.704136
0.03,0.88 ,0.29578, 0.186624,0.517597,0.70422
0.03,0.89 ,0.295695, 0.186584,0.517721,0.704305
0.03,0.9 ,0.295612, 0.186544,0.517844,0.704388
0.03,0.91 ,0.295528, 0.186505,0.517967,0.704472
0.03,0.92 ,0.295444, 0.186466,0.51809,0.704555
0.03,0.93 ,0.295361, 0.186426,0.518212,0.704639
0.03,0.94 ,0.295278, 0.186387,0.518334,0.704722
0.03,0.95 ,0.295196, 0.186349,0.518456,0.704804
0.03,0.96 ,0.295113, 0.18631,0.518577,0.704887
0.03,0.97 ,0.295031, 0.186272,0.518698,0.704969
0.03,0.98 ,0.294949, 0.186233,0.518818,0.705051
0.03,0.99 ,0.294867, 0.186195,0.518938,0.705133
0.03,1 ,0.294785, 0.186157,0.519058,0.705215
0.04,0 ,0.310651, 0.189946,0.499403,0.689349
0.04,0.01 ,0.310563, 0.189888,0.499549,0.689437
0.04,0.02 ,0.310475, 0.18983,0.499695,0.689525
0.04,0.03 ,0.310386, 0.189772,0.499842,0.689614
0.04,0.04 ,0.310298, 0.189714,0.499988,0.689702
0.04,0.05 ,0.310209, 0.189656,0.500135,0.689791
0.04,0.06 ,0.310119, 0.189599,0.500281,0.689881
0.04,0.07 ,0.31003, 0.189542,0.500428,0.68997
0.04,0.08 ,0.30994, 0.189485,0.500575,0.69006
0.04,0.09 ,0.30985, 0.189429,0.500721,0.69015
0.04,0.1 ,0.30976, 0.189373,0.500868,0.69024
0.04,0.11 ,0.309669, 0.189317,0.501014,0.690331
0.04,0.12 ,0.309579, 0.189261,0.501161,0.690421
0.04,0.13 ,0.309488, 0.189205,0.501307,0.690512
0.04,0.14 ,0.309397, 0.18915,0.501453,0.690603
0.04,0.15 ,0.309306, 0.189095,0.5016,0.690694
0.04,0.16 ,0.309214, 0.18904,0.501746,0.690786
0.04,0.17 ,0.309123, 0.188985,0.501892,0.690877
0.04,0.18 ,0.309031, 0.188931,0.502038,0.690969
0.04,0.19 ,0.308939, 0.188877,0.502184,0.691061
0.04,0.2 ,0.308847, 0.188823,0.50233,0.691153
0.04,0.21 ,0.308755, 0.188769,0.502476,0.691245
0.04,0.22 ,0.308663, 0.188716,0.502621,0.691337
0.04,0.23 ,0.308571, 0.188662,0.502767,0.691429
0.04,0.24 ,0.308479, 0.188609,0.502912,0.691521
0.04,0.25 ,0.308387, 0.188556,0.503057,0.691613
0.04,0.26 ,0.308294, 0.188504,0.503202,0.691706
0.04,0.27 ,0.308202, 0.188451,0.503347,0.691798
0.04,0.28 ,0.308109, 0.188399,0.503491,0.691891
0.04,0.29 ,0.308017, 0.188347,0.503636,0.691983
0.04,0.3 ,0.307924, 0.188296,0.50378,0.692076
0.04,0.31 ,0.307831, 0.188244,0.503924,0.692169
0.04,0.32 ,0.307739, 0.188193,0.504068,0.692261
0.04,0.33 ,0.307646, 0.188142,0.504212,0.692354
0.04,0.34 ,0.307554, 0.188091,0.504355,0.692446
0.04,0.35 ,0.307461, 0.18804,0.504499,0.692539
0.04,0.36 ,0.307368, 0.18799,0.504642,0.692632
0.04,0.37 ,0.307276, 0.18794,0.504784,0.692724
0.04,0.38 ,0.307183, 0.18789,0.504927,0.692817
0.04,0.39 ,0.30709, 0.18784,0.505069,0.692909
0.04,0.4 ,0.306998, 0.187791,0.505211,0.693002
0.04,0.41 ,0.306905, 0.187741,0.505353,0.693094
0.04,0.42 ,0.306813, 0.187692,0.505495,0.693187
0.04,0.43 ,0.306721, 0.187643,0.505636,0.693279
0.04,0.44 ,0.306628, 0.187594,0.505777,0.693372
0.04,0.45 ,0.306536, 0.187546,0.505918,0.693464
0.04,0.46 ,0.306444, 0.187498,0.506058,0.693556
0.04,0.47 ,0.306352, 0.187449,0.506199,0.693648
0.04,0.48 ,0.30626, 0.187402,0.506339,0.69374
0.04,0.49 ,0.306168, 0.187354,0.506478,0.693832
0.04,0.5 ,0.306076, 0.187306,0.506618,0.693924
0.04,0.51 ,0.305984, 0.187259,0.506757,0.694016
0.04,0.52 ,0.305893, 0.187212,0.506895,0.694107
0.04,0.53 ,0.305801, 0.187165,0.507034,0.694199
0.04,0.54 ,0.30571, 0.187118,0.507172,0.69429
0.04,0.55 ,0.305618, 0.187072,0.50731,0.694382
0.04,0.56 ,0.305527, 0.187025,0.507447,0.694473
0.04,0.57 ,0.305436, 0.186979,0.507585,0.694564
0.04,0.58 ,0.305345, 0.186933,0.507721,0.694655
0.04,0.59 ,0.305254, 0.186888,0.507858,0.694745
0.04,0.6 ,0.305164, 0.186842,0.507994,0.694836
0.04,0.61 ,0.305073, 0.186797,0.50813,0.694927
0.04,0.62 ,0.304983, 0.186751,0.508266,0.695017
0.04,0.63 ,0.304893, 0.186706,0.508401,0.695107
0.04,0.64 ,0.304803, 0.186662,0.508536,0.695197
0.04,0.65 ,0.304713, 0.186617,0.50867,0.695287
0.04,0.66 ,0.304623, 0.186573,0.508804,0.695377
0.04,0.67 ,0.304533, 0.186528,0.508938,0.695467
0.04,0.68 ,0.304444, 0.186484,0.509072,0.695556
0.04,0.69 ,0.304355, 0.18644,0.509205,0.695645
0.04,0.7 ,0.304266, 0.186397,0.509338,0.695734
0.04,0.71 ,0.304177, 0.186353,0.50947,0.695823
0.04,0.72 ,0.304088, 0.18631,0.509602,0.695912
0.04,0.73 ,0.303999, 0.186267,0.509734,0.696001
0.04,0.74 ,0.303911, 0.186224,0.509865,0.696089
0.04,0.75 ,0.303823, 0.186181,0.509996,0.696177
0.04,0.76 ,0.303735, 0.186138,0.510127,0.696265
0.04,0.77 ,0.303647, 0.186096,0.510257,0.696353
0.04,0.78 ,0.303559, 0.186053,0.510387,0.69644
0.04,0.79 ,0.303472, 0.186011,0.510517,0.696528
0.04,0.8 ,0.303385, 0.185969,0.510646,0.696615
0.04,0.81 ,0.303298, 0.185928,0.510774,0.696702
0.04,0.82 ,0.303211, 0.185886,0.510903,0.696789
0.04,0.83 ,0.303125, 0.185845,0.511031,0.696875
0.04,0.84 ,0.303038, 0.185803,0.511158,0.696962
0.04,0.85 ,0.302952, 0.185762,0.511286,0.697048
0.04,0.86 ,0.302866, 0.185721,0.511413,0.697134
0.04,0.87 ,0.30278, 0.185681,0.511539,0.69722
0.04,0.88 ,0.302695, 0.18564,0.511665,0.697305
0.04,0.89 ,0.302609, 0.1856,0.511791,0.69739
0.04,0.9 ,0.302524, 0.185559,0.511916,0.697476
0.04,0.91 ,0.302439, 0.185519,0.512041,0.69756
0.04,0.92 ,0.302355, 0.185479,0.512166,0.697645
0.04,0.93 ,0.30227, 0.18544,0.51229,0.697729
0.04,0.94 ,0.302186, 0.1854,0.512414,0.697814
0.04,0.95 ,0.302102, 0.185361,0.512537,0.697898
0.04,0.96 ,0.302019, 0.185321,0.51266,0.697981
0.04,0.97 ,0.301935, 0.185282,0.512783,0.698065
0.04,0.98 ,0.301852, 0.185243,0.512905,0.698148
0.04,0.99 ,0.301769, 0.185205,0.513027,0.698231
0.04,1 ,0.301686, 0.185166,0.513148,0.698314
0.05,0 ,0.317808, 0.189031,0.49316,0.682191
0.05,0.01 ,0.317721, 0.188971,0.493308,0.682279
0.05,0.02 ,0.317633, 0.188912,0.493455,0.682367
0.05,0.03 ,0.317544, 0.188853,0.493603,0.682456
0.05,0.04 ,0.317455, 0.188794,0.493751,0.682545
0.05,0.05 ,0.317366, 0.188735,0.493898,0.682634
0.05,0.06 ,0.317277, 0.188677,0.494046,0.682723
0.05,0.07 ,0.317187, 0.188619,0.494194,0.682813
0.05,0.08 ,0.317097, 0.188561,0.494342,0.682903
0.05,0.09 ,0.317007, 0.188504,0.494489,0.682993
0.05,0.1 ,0.316916, 0.188446,0.494637,0.683084
0.05,0.11 ,0.316826, 0.188389,0.494785,0.683174
0.05,0.12 ,0.316735, 0.188332,0.494933,0.683265
0.05,0.13 ,0.316643, 0.188276,0.495081,0.683356
0.05,0.14 ,0.316552, 0.188219,0.495229,0.683448
0.05,0.15 ,0.31646, 0.188163,0.495376,0.683539
0.05,0.16 ,0.316369, 0.188107,0.495524,0.683631
0.05,0.17 ,0.316277, 0.188052,0.495672,0.683723
0.05,0.18 ,0.316185, 0.187996,0.495819,0.683815
0.05,0.19 ,0.316092, 0.187941,0.495966,0.683908
0.05,0.2 ,0.316, 0.187886,0.496114,0.684
0.05,0.21 ,0.315907, 0.187831,0.496261,0.684092
0.05,0.22 ,0.315815, 0.187777,0.496408,0.684185
0.05,0.23 ,0.315722, 0.187723,0.496555,0.684278
0.05,0.24 ,0.315629, 0.187669,0.496702,0.684371
0.05,0.25 ,0.315536, 0.187615,0.496849,0.684464
0.05,0.26 ,0.315443, 0.187561,0.496995,0.684557
0.05,0.27 ,0.31535, 0.187508,0.497142,0.68465
0.05,0.28 ,0.315257, 0.187455,0.497288,0.684743
0.05,0.29 ,0.315164, 0.187402,0.497434,0.684836
0.05,0.3 ,0.31507, 0.187349,0.49758,0.68493
0.05,0.31 ,0.314977, 0.187297,0.497726,0.685023
0.05,0.32 ,0.314884, 0.187245,0.497872,0.685116
0.05,0.33 ,0.31479, 0.187193,0.498017,0.68521
0.05,0.34 ,0.314697, 0.187141,0.498162,0.685303
0.05,0.35 ,0.314603, 0.187089,0.498307,0.685397
0.05,0.36 ,0.31451, 0.187038,0.498452,0.68549
0.05,0.37 ,0.314416, 0.186987,0.498596,0.685584
0.05,0.38 ,0.314323, 0.186936,0.498741,0.685677
0.05,0.39 ,0.314229, 0.186886,0.498885,0.68577
0.05,0.4 ,0.314136, 0.186835,0.499029,0.685864
0.05,0.41 ,0.314043, 0.186785,0.499172,0.685957
0.05,0.42 ,0.313949, 0.186735,0.499316,0.686051
0.05,0.43 ,0.313856, 0.186685,0.499459,0.686144
0.05,0.44 ,0.313763, 0.186635,0.499602,0.686237
0.05,0.45 ,0.31367, 0.186586,0.499744,0.68633
0.05,0.46 ,0.313577, 0.186537,0.499886,0.686423
0.05,0.47 ,0.313483, 0.186488,0.500029,0.686516
0.05,0.48 ,0.31339, 0.186439,0.50017,0.686609
0.05,0.49 ,0.313298, 0.186391,0.500312,0.686702
0.05,0.5 ,0.313205, 0.186342,0.500453,0.686795
0.05,0.51 ,0.313112, 0.186294,0.500594,0.686888
0.05,0.52 ,0.313019, 0.186246,0.500734,0.686981
0.05,0.53 ,0.312927, 0.186198,0.500875,0.687073
0.05,0.54 ,0.312834, 0.186151,0.501015,0.687166
0.05,0.55 ,0.312742, 0.186104,0.501154,0.687258
0.05,0.56 ,0.31265, 0.186056,0.501294,0.68735
0.05,0.57 ,0.312558, 0.186009,0.501433,0.687442
0.05,0.58 ,0.312466, 0.185963,0.501572,0.687534
0.05,0.59 ,0.312374, 0.185916,0.50171,0.687626
0.05,0.6 ,0.312282, 0.18587,0.501848,0.687718
0.05,0.61 ,0.312191, 0.185824,0.501986,0.687809
0.05,0.62 ,0.312099, 0.185778,0.502123,0.687901
0.05,0.63 ,0.312008, 0.185732,0.50226,0.687992
0.05,0.64 ,0.311917, 0.185686,0.502397,0.688083
0.05,0.65 ,0.311826, 0.185641,0.502533,0.688174
0.05,0.66 ,0.311735, 0.185596,0.502669,0.688265
0.05,0.67 ,0.311644, 0.185551,0.502805,0.688356
0.05,0.68 ,0.311553, 0.185506,0.502941,0.688446
0.05,0.69 ,0.311463, 0.185461,0.503076,0.688537
0.05,0.7 ,0.311373, 0.185417,0.50321,0.688627
0.05,0.71 ,0.311283, 0.185373,0.503344,0.688717
0.05,0.72 ,0.311193, 0.185329,0.503478,0.688807
0.05,0.73 ,0.311103, 0.185285,0.503612,0.688897
0.05,0.74 ,0.311014, 0.185241,0.503745,0.688986
0.05,0.75 ,0.310924, 0.185197,0.503878,0.689075
0.05,0.76 ,0.310835, 0.185154,0.504011,0.689165
0.05,0.77 ,0.310746, 0.185111,0.504143,0.689254
0.05,0.78 ,0.310658, 0.185068,0.504274,0.689342
0.05,0.79 ,0.310569, 0.185025,0.504406,0.689431
0.05,0.8 ,0.310481, 0.184983,0.504537,0.689519
0.05,0.81 ,0.310393, 0.18494,0.504667,0.689607
0.05,0.82 ,0.310305, 0.184898,0.504798,0.689695
0.05,0.83 ,0.310217, 0.184856,0.504927,0.689783
0.05,0.84 ,0.310129, 0.184814,0.505057,0.689871
0.05,0.85 ,0.310042, 0.184772,0.505186,0.689958
0.05,0.86 ,0.309955, 0.18473,0.505315,0.690045
0.05,0.87 ,0.309868, 0.184689,0.505443,0.690132
0.05,0.88 ,0.309781, 0.184648,0.505571,0.690219
0.05,0.89 ,0.309695, 0.184607,0.505698,0.690305
0.05,0.9 ,0.309608, 0.184566,0.505826,0.690391
0.05,0.91 ,0.309522, 0.184525,0.505952,0.690478
0.05,0.92 ,0.309437, 0.184485,0.506079,0.690563
0.05,0.93 ,0.309351, 0.184444,0.506205,0.690649
0.05,0.94 ,0.309266, 0.184404,0.50633,0.690734
0.05,0.95 ,0.30918, 0.184364,0.506456,0.690819
0.05,0.96 ,0.309096, 0.184324,0.50658,0.690904
0.05,0.97 ,0.309011, 0.184284,0.506705,0.690989
0.05,0.98 ,0.308926, 0.184245,0.506829,0.691073
0.05,0.99 ,0.308842, 0.184205,0.506952,0.691158
0.05,1 ,0.308758, 0.184166,0.507076,0.691242
0.06,0 ,0.325133, 0.188109,0.486758,0.674867
0.06,0.01 ,0.325045, 0.188048,0.486907,0.674955
0.06,0.02 ,0.324957, 0.187988,0.487055,0.675043
0.06,0.03 ,0.324869, 0.187928,0.487204,0.675131
0.06,0.04 ,0.32478, 0.187868,0.487352,0.67522
0.06,0.05 ,0.324691, 0.187808,0.487501,0.675309
0.06,0.06 ,0.324602, 0.187748,0.48765,0.675398
0.06,0.07 ,0.324512, 0.187689,0.487799,0.675488
0.06,0.08 ,0.324422, 0.18763,0.487948,0.675578
0.06,0.09 ,0.324332, 0.187571,0.488097,0.675668
0.06,0.1 ,0.324241, 0.187513,0.488246,0.675759
0.06,0.11 ,0.32415, 0.187455,0.488395,0.67585
0.06,0.12 ,0.324059, 0.187397,0.488544,0.675941
0.06,0.13 ,0.323968, 0.187339,0.488693,0.676032
0.06,0.14 ,0.323876, 0.187282,0.488842,0.676124
0.06,0.15 ,0.323784, 0.187225,0.488991,0.676216
0.06,0.16 ,0.323692, 0.187168,0.48914,0.676308
0.06,0.17 ,0.3236, 0.187111,0.489289,0.6764
0.06,0.18 ,0.323508, 0.187054,0.489438,0.676492
0.06,0.19 ,0.323415, 0.186998,0.489587,0.676585
0.06,0.2 ,0.323322, 0.186942,0.489735,0.676678
0.06,0.21 ,0.323229, 0.186887,0.489884,0.676771
0.06,0.22 ,0.323136, 0.186831,0.490033,0.676864
0.06,0.23 ,0.323043, 0.186776,0.490181,0.676957
0.06,0.24 ,0.32295, 0.186721,0.49033,0.67705
0.06,0.25 ,0.322856, 0.186666,0.490478,0.677144
0.06,0.26 ,0.322762, 0.186611,0.490626,0.677237
0.06,0.27 ,0.322669, 0.186557,0.490774,0.677331
0.06,0.28 ,0.322575, 0.186503,0.490922,0.677425
0.06,0.29 ,0.322481, 0.186449,0.491069,0.677519
0.06,0.3 ,0.322387, 0.186396,0.491217,0.677613
0.06,0.31 ,0.322293, 0.186342,0.491364,0.677707
0.06,0.32 ,0.322199, 0.186289,0.491512,0.677801
0.06,0.33 ,0.322105, 0.186236,0.491659,0.677895
0.06,0.34 ,0.322011, 0.186183,0.491805,0.677989
0.06,0.35 ,0.321917, 0.186131,0.491952,0.678083
0.06,0.36 ,0.321823, 0.186079,0.492098,0.678177
0.06,0.37 ,0.321729, 0.186027,0.492245,0.678271
0.06,0.38 ,0.321634, 0.185975,0.492391,0.678365
0.06,0.39 ,0.32154, 0.185923,0.492536,0.67846
0.06,0.4 ,0.321446, 0.185872,0.492682,0.678554
0.06,0.41 ,0.321352, 0.185821,0.492827,0.678648
0.06,0.42 ,0.321258, 0.18577,0.492972,0.678742
0.06,0.43 ,0.321164, 0.185719,0.493117,0.678836
0.06,0.44 ,0.321069, 0.185669,0.493262,0.67893
0.06,0.45 ,0.320975, 0.185618,0.493406,0.679024
0.06,0.46 ,0.320881, 0.185568,0.49355,0.679118
0.06,0.47 ,0.320788, 0.185518,0.493694,0.679212
0.06,0.48 ,0.320694, 0.185469,0.493837,0.679306
0.06,0.49 ,0.3206, 0.185419,0.493981,0.6794
0.06,0.5 ,0.320506, 0.18537,0.494124,0.679494
0.06,0.51 ,0.320412, 0.185321,0.494266,0.679587
0.06,0.52 ,0.320319, 0.185272,0.494409,0.679681
0.06,0.53 ,0.320225, 0.185224,0.494551,0.679775
0.06,0.54 ,0.320132, 0.185175,0.494693,0.679868
0.06,0.55 ,0.320039, 0.185127,0.494834,0.679961
0.06,0.56 ,0.319945, 0.185079,0.494975,0.680054
0.06,0.57 ,0.319852, 0.185031,0.495116,0.680148
0.06,0.58 ,0.319759, 0.184984,0.495257,0.680241
0.06,0.59 ,0.319666, 0.184937,0.495397,0.680333
0.06,0.6 ,0.319574, 0.184889,0.495537,0.680426
0.06,0.61 ,0.319481, 0.184842,0.495676,0.680519
0.06,0.62 ,0.319389, 0.184796,0.495816,0.680611
0.06,0.63 ,0.319296, 0.184749,0.495954,0.680704
0.06,0.64 ,0.319204, 0.184703,0.496093,0.680796
0.06,0.65 ,0.319112, 0.184657,0.496231,0.680888
0.06,0.66 ,0.31902, 0.184611,0.496369,0.68098
0.06,0.67 ,0.318928, 0.184565,0.496507,0.681071
0.06,0.68 ,0.318837, 0.184519,0.496644,0.681163
0.06,0.69 ,0.318745, 0.184474,0.496781,0.681255
0.06,0.7 ,0.318654, 0.184429,0.496917,0.681346
0.06,0.71 ,0.318563, 0.184384,0.497053,0.681437
0.06,0.72 ,0.318472, 0.184339,0.497189,0.681528
0.06,0.73 ,0.318381, 0.184294,0.497325,0.681619
0.06,0.74 ,0.318291, 0.18425,0.49746,0.681709
0.06,0.75 ,0.3182, 0.184205,0.497594,0.6818
0.06,0.76 ,0.31811, 0.184161,0.497729,0.68189
0.06,0.77 ,0.31802, 0.184117,0.497862,0.68198
0.06,0.78 ,0.31793, 0.184074,0.497996,0.68207
0.06,0.79 ,0.31784, 0.18403,0.498129,0.68216
0.06,0.8 ,0.317751, 0.183987,0.498262,0.682249
0.06,0.81 ,0.317662, 0.183944,0.498395,0.682338
0.06,0.82 ,0.317572, 0.183901,0.498527,0.682427
0.06,0.83 ,0.317484, 0.183858,0.498658,0.682516
0.06,0.84 ,0.317395, 0.183815,0.49879,0.682605
0.06,0.85 ,0.317306, 0.183773,0.49892,0.682693
0.06,0.86 ,0.317218, 0.183731,0.499051,0.682782
0.06,0.87 ,0.31713, 0.183689,0.499181,0.68287
0.06,0.88 ,0.317042, 0.183647,0.499311,0.682958
0.06,0.89 ,0.316955, 0.183605,0.49944,0.683045
0.06,0.9 ,0.316867, 0.183563,0.499569,0.683133
0.06,0.91 ,0.31678, 0.183522,0.499698,0.68322
0.06,0.92 ,0.316693, 0.183481,0.499826,0.683307
0.06,0.93 ,0.316606, 0.18344,0.499954,0.683393
0.06,0.94 ,0.31652, 0.183399,0.500081,0.68348
0.06,0.95 ,0.316434, 0.183358,0.500208,0.683566
0.06,0.96 ,0.316348, 0.183317,0.500335,0.683652
0.06,0.97 ,0.316262, 0.183277,0.500461,0.683738
0.06,0.98 ,0.316176, 0.183237,0.500587,0.683824
0.06,0.99 ,0.316091, 0.183197,0.500712,0.683909
0.06,1 ,0.316006, 0.183157,0.500837,0.683994
0.07,0 ,0.332625, 0.18718,0.480194,0.667375
0.07,0.01 ,0.332538, 0.187119,0.480343,0.667462
0.07,0.02 ,0.332451, 0.187057,0.480492,0.667549
0.07,0.03 ,0.332363, 0.186995,0.480642,0.667637
0.07,0.04 ,0.332274, 0.186934,0.480791,0.667725
0.07,0.05 ,0.332186, 0.186873,0.480941,0.667814
0.07,0.06 ,0.332096, 0.186813,0.481091,0.667903
0.07,0.07 ,0.332007, 0.186752,0.48124,0.667993
0.07,0.08 ,0.331917, 0.186692,0.48139,0.668083
0.07,0.09 ,0.331827, 0.186632,0.48154,0.668173
0.07,0.1 ,0.331736, 0.186573,0.48169,0.668263
0.07,0.11 ,0.331646, 0.186514,0.481841,0.668354
0.07,0.12 ,0.331555, 0.186455,0.481991,0.668445
0.07,0.13 ,0.331463, 0.186396,0.482141,0.668537
0.07,0.14 ,0.331371, 0.186337,0.482291,0.668628
0.07,0.15 ,0.33128, 0.186279,0.482441,0.66872
0.07,0.16 ,0.331187, 0.186221,0.482592,0.668812
0.07,0.17 ,0.331095, 0.186163,0.482742,0.668905
0.07,0.18 ,0.331002, 0.186105,0.482892,0.668997
0.07,0.19 ,0.33091, 0.186048,0.483042,0.66909
0.07,0.2 ,0.330817, 0.185991,0.483192,0.669183
0.07,0.21 ,0.330723, 0.185934,0.483342,0.669276
0.07,0.22 ,0.33063, 0.185878,0.483492,0.66937
0.07,0.23 ,0.330536, 0.185821,0.483642,0.669463
0.07,0.24 ,0.330443, 0.185765,0.483792,0.669557
0.07,0.25 ,0.330349, 0.18571,0.483941,0.669651
0.07,0.26 ,0.330255, 0.185654,0.484091,0.669745
0.07,0.27 ,0.330161, 0.185599,0.48424,0.669839
0.07,0.28 ,0.330067, 0.185544,0.48439,0.669933
0.07,0.29 ,0.329972, 0.185489,0.484539,0.670027
0.07,0.3 ,0.329878, 0.185434,0.484688,0.670122
0.07,0.31 ,0.329783, 0.18538,0.484837,0.670216
0.07,0.32 ,0.329689, 0.185326,0.484985,0.670311
0.07,0.33 ,0.329594, 0.185272,0.485134,0.670405
0.07,0.34 ,0.3295, 0.185218,0.485282,0.6705
0.07,0.35 ,0.329405, 0.185165,0.48543,0.670595
0.07,0.36 ,0.32931, 0.185111,0.485578,0.67069
0.07,0.37 ,0.329215, 0.185058,0.485726,0.670785
0.07,0.38 ,0.32912, 0.185006,0.485874,0.670879
0.07,0.39 ,0.329026, 0.184953,0.486021,0.670974
0.07,0.4 ,0.328931, 0.184901,0.486168,0.671069
0.07,0.41 ,0.328836, 0.184849,0.486315,0.671164
0.07,0.42 ,0.328741, 0.184797,0.486462,0.671259
0.07,0.43 ,0.328646, 0.184745,0.486608,0.671354
0.07,0.44 ,0.328551, 0.184694,0.486755,0.671448
0.07,0.45 ,0.328456, 0.184643,0.486901,0.671543
0.07,0.46 ,0.328362, 0.184592,0.487046,0.671638
0.07,0.47 ,0.328267, 0.184541,0.487192,0.671733
0.07,0.48 ,0.328172, 0.18449,0.487337,0.671827
0.07,0.49 ,0.328078, 0.18444,0.487482,0.671922
0.07,0.5 ,0.327983, 0.18439,0.487627,0.672017
0.07,0.51 ,0.327889, 0.18434,0.487771,0.672111
0.07,0.52 ,0.327794, 0.18429,0.487915,0.672206
0.07,0.53 ,0.3277, 0.184241,0.488059,0.6723
0.07,0.54 ,0.327606, 0.184192,0.488203,0.672394
0.07,0.55 ,0.327511, 0.184143,0.488346,0.672488
0.07,0.56 ,0.327417, 0.184094,0.488489,0.672582
0.07,0.57 ,0.327323, 0.184045,0.488631,0.672676
0.07,0.58 ,0.327229, 0.183997,0.488774,0.67277
0.07,0.59 ,0.327136, 0.183949,0.488916,0.672864
0.07,0.6 ,0.327042, 0.183901,0.489057,0.672958
0.07,0.61 ,0.326948, 0.183853,0.489199,0.673051
0.07,0.62 ,0.326855, 0.183805,0.48934,0.673145
0.07,0.63 ,0.326762, 0.183758,0.48948,0.673238
0.07,0.64 ,0.326668, 0.183711,0.489621,0.673331
0.07,0.65 ,0.326575, 0.183664,0.489761,0.673424
0.07,0.66 ,0.326482, 0.183617,0.4899,0.673517
0.07,0.67 ,0.32639, 0.18357,0.49004,0.67361
0.07,0.68 ,0.326297, 0.183524,0.490179,0.673703
0.07,0.69 ,0.326205, 0.183478,0.490317,0.673795
0.07,0.7 ,0.326112, 0.183432,0.490456,0.673887
0.07,0.71 ,0.32602, 0.183386,0.490593,0.673979
0.07,0.72 ,0.325928, 0.18334,0.490731,0.674071
0.07,0.73 ,0.325836, 0.183295,0.490868,0.674163
0.07,0.74 ,0.325745, 0.18325,0.491005,0.674255
0.07,0.75 ,0.325653, 0.183205,0.491142,0.674346
0.07,0.76 ,0.325562, 0.18316,0.491278,0.674438
0.07,0.77 ,0.325471, 0.183115,0.491413,0.674529
0.07,0.78 ,0.32538, 0.183071,0.491549,0.67462
0.07,0.79 ,0.325289, 0.183027,0.491684,0.67471
0.07,0.8 ,0.325199, 0.182983,0.491818,0.674801
0.07,0.81 ,0.325108, 0.182939,0.491953,0.674891
0.07,0.82 ,0.325018, 0.182895,0.492086,0.674981
0.07,0.83 ,0.324928, 0.182851,0.49222,0.675071
0.07,0.84 ,0.324839, 0.182808,0.492353,0.675161
0.07,0.85 ,0.324749, 0.182765,0.492486,0.675251
0.07,0.86 ,0.32466, 0.182722,0.492618,0.67534
0.07,0.87 ,0.324571, 0.182679,0.49275,0.675429
0.07,0.88 ,0.324482, 0.182637,0.492882,0.675518
0.07,0.89 ,0.324393, 0.182594,0.493013,0.675607
0.07,0.9 ,0.324305, 0.182552,0.493143,0.675695
0.07,0.91 ,0.324216, 0.18251,0.493274,0.675784
0.07,0.92 ,0.324128, 0.182468,0.493404,0.675872
0.07,0.93 ,0.32404, 0.182426,0.493533,0.675959
0.07,0.94 ,0.323953, 0.182385,0.493663,0.676047
0.07,0.95 ,0.323865, 0.182343,0.493791,0.676134
0.07,0.96 ,0.323778, 0.182302,0.49392,0.676222
0.07,0.97 ,0.323691, 0.182261,0.494048,0.676308
0.07,0.98 ,0.323605, 0.18222,0.494175,0.676395
0.07,0.99 ,0.323518, 0.182179,0.494302,0.676482
0.07,1 ,0.323432, 0.182139,0.494429,0.676568
0.08,0 ,0.340289, 0.186245,0.473466,0.659711
0.08,0.01 ,0.340202, 0.186182,0.473615,0.659797
0.08,0.02 ,0.340115, 0.186119,0.473765,0.659884
0.08,0.03 ,0.340028, 0.186057,0.473915,0.659972
0.08,0.04 ,0.33994, 0.185994,0.474065,0.660059
0.08,0.05 ,0.339852, 0.185932,0.474215,0.660148
0.08,0.06 ,0.339763, 0.18587,0.474366,0.660236
0.08,0.07 ,0.339674, 0.185809,0.474517,0.660325
0.08,0.08 ,0.339585, 0.185748,0.474667,0.660415
0.08,0.09 ,0.339495, 0.185687,0.474818,0.660505
0.08,0.1 ,0.339405, 0.185626,0.474969,0.660595
0.08,0.11 ,0.339314, 0.185565,0.47512,0.660685
0.08,0.12 ,0.339223, 0.185505,0.475271,0.660776
0.08,0.13 ,0.339132, 0.185445,0.475422,0.660868
0.08,0.14 ,0.33904, 0.185385,0.475574,0.660959
0.08,0.15 ,0.338949, 0.185326,0.475725,0.661051
0.08,0.16 ,0.338857, 0.185267,0.475876,0.661143
0.08,0.17 ,0.338764, 0.185208,0.476027,0.661235
0.08,0.18 ,0.338672, 0.185149,0.476179,0.661328
0.08,0.19 ,0.338579, 0.185091,0.47633,0.661421
0.08,0.2 ,0.338486, 0.185033,0.476481,0.661514
0.08,0.21 ,0.338392, 0.184975,0.476632,0.661607
0.08,0.22 ,0.338299, 0.184917,0.476783,0.661701
