e1,e2,V,Rs,Rv,P
0,0 ,0.051797, 0.226764,0.721439,0.948203
0,0.01 ,0.0517778, 0.226742,0.72148,0.948222
0,0.02 ,0.0517586, 0.22672,0.721521,0.948241
0,0.03 ,0.0517394, 0.226698,0.721562,0.948261
0,0.04 ,0.0517203, 0.226677,0.721603,0.94828
0,0.05 ,0.0517012, 0.226655,0.721644,0.948299
0,0.06 ,0.0516821, 0.226634,0.721684,0.948318
0,0.07 ,0.0516631, 0.226612,0.721725,0.948337
0,0.08 ,0.0516441, 0.226591,0.721765,0.948356
0,0.09 ,0.0516251, 0.226569,0.721806,0.948375
0,0.1 ,0.0516062, 0.226548,0.721846,0.948394
0,0.11 ,0.0515873, 0.226527,0.721886,0.948413
0,0.12 ,0.0515685, 0.226505,0.721926,0.948432
0,0.13 ,0.0515496, 0.226484,0.721966,0.94845
0,0.14 ,0.0515308, 0.226463,0.722006,0.948469
0,0.15 ,0.0515121, 0.226442,0.722046,0.948488
0,0.16 ,0.0514933, 0.226421,0.722086,0.948507
0,0.17 ,0.0514747, 0.2264,0.722125,0.948525
0,0.18 ,0.051456, 0.226379,0.722165,0.948544
0,0.19 ,0.0514374, 0.226358,0.722204,0.948563
0,0.2 ,0.0514188, 0.226338,0.722244,0.948581
0,0.21 ,0.0514002, 0.226317,0.722283,0.9486
0,0.22 ,0.0513817, 0.226296,0.722322,0.948618
0,0.23 ,0.0513633, 0.226275,0.722361,0.948637
0,0.24 ,0.0513448, 0.226255,0.7224,0.948655
0,0.25 ,0.0513264, 0.226234,0.722439,0.948674
0,0.26 ,0.051308, 0.226214,0.722478,0.948692
0,0.27 ,0.0512897, 0.226193,0.722517,0.94871
0,0.28 ,0.0512714, 0.226173,0.722556,0.948729
0,0.29 ,0.0512531, 0.226153,0.722594,0.948747
0,0.3 ,0.0512349, 0.226132,0.722633,0.948765
0,0.31 ,0.0512167, 0.226112,0.722671,0.948783
0,0.32 ,0.0511986, 0.226092,0.72271,0.948801
0,0.33 ,0.0511805, 0.226072,0.722748,0.94882
0,0.34 ,0.0511624, 0.226052,0.722786,0.948838
0,0.35 ,0.0511443, 0.226032,0.722824,0.948856
0,0.36 ,0.0511263, 0.226012,0.722862,0.948874
0,0.37 ,0.0511084, 0.225992,0.7229,0.948892
0,0.38 ,0.0510905, 0.225972,0.722938,0.94891
0,0.39 ,0.0510726, 0.225952,0.722975,0.948927
0,0.4 ,0.0510547, 0.225932,0.723013,0.948945
0,0.41 ,0.0510369, 0.225912,0.723051,0.948963
0,0.42 ,0.0510191, 0.225893,0.723088,0.948981
0,0.43 ,0.0510014, 0.225873,0.723126,0.948999
0,0.44 ,0.0509837, 0.225854,0.723163,0.949016
0,0.45 ,0.050966, 0.225834,0.7232,0.949034
0,0.46 ,0.0509484, 0.225814,0.723237,0.949052
0,0.47 ,0.0509308, 0.225795,0.723274,0.949069
0,0.48 ,0.0509133, 0.225776,0.723311,0.949087
0,0.49 ,0.0508958, 0.225756,0.723348,0.949104
0,0.5 ,0.0508783, 0.225737,0.723385,0.949122
0,0.51 ,0.0508609, 0.225718,0.723421,0.949139
0,0.52 ,0.0508435, 0.225698,0.723458,0.949157
0,0.53 ,0.0508261, 0.225679,0.723495,0.949174
0,0.54 ,0.0508088, 0.22566,0.723531,0.949191
0,0.55 ,0.0507915, 0.225641,0.723567,0.949208
0,0.56 ,0.0507743, 0.225622,0.723604,0.949226
0,0.57 ,0.0507571, 0.225603,0.72364,0.949243
0,0.58 ,0.0507399, 0.225584,0.723676,0.94926
0,0.59 ,0.0507228, 0.225565,0.723712,0.949277
0,0.6 ,0.0507057, 0.225546,0.723748,0.949294
0,0.61 ,0.0506887, 0.225528,0.723784,0.949311
0,0.62 ,0.0506717, 0.225509,0.723819,0.949328
0,0.63 ,0.0506547, 0.22549,0.723855,0.949345
0,0.64 ,0.0506378, 0.225472,0.723891,0.949362
0,0.65 ,0.0506209, 0.225453,0.723926,0.949379
0,0.66 ,0.050604, 0.225434,0.723961,0.949396
0,0.67 ,0.0505872, 0.225416,0.723997,0.949413
0,0.68 ,0.0505705, 0.225397,0.724032,0.94943
0,0.69 ,0.0505537, 0.225379,0.724067,0.949446
0,0.7 ,0.0505371, 0.225361,0.724102,0.949463
0,0.71 ,0.0505204, 0.225342,0.724137,0.94948
0,0.72 ,0.0505038, 0.225324,0.724172,0.949496
0,0.73 ,0.0504872, 0.225306,0.724207,0.949513
0,0.74 ,0.0504707, 0.225288,0.724242,0.949529
0,0.75 ,0.0504542, 0.22527,0.724276,0.949546
0,0.76 ,0.0504378, 0.225251,0.724311,0.949562
0,0.77 ,0.0504213, 0.225233,0.724345,0.949579
0,0.78 ,0.050405, 0.225215,0.72438,0.949595
0,0.79 ,0.0503886, 0.225197,0.724414,0.949611
0,0.8 ,0.0503723, 0.225179,0.724448,0.949628
0,0.81 ,0.0503561, 0.225162,0.724482,0.949644
0,0.82 ,0.0503399, 0.225144,0.724516,0.94966
0,0.83 ,0.0503237, 0.225126,0.72455,0.949676
0,0.84 ,0.0503076, 0.225108,0.724584,0.949692
0,0.85 ,0.0502915, 0.22509,0.724618,0.949709
0,0.86 ,0.0502754, 0.225073,0.724652,0.949725
0,0.87 ,0.0502594, 0.225055,0.724685,0.949741
0,0.88 ,0.0502435, 0.225038,0.724719,0.949757
0,0.89 ,0.0502275, 0.22502,0.724752,0.949772
0,0.9 ,0.0502116, 0.225003,0.724786,0.949788
0,0.91 ,0.0501958, 0.224985,0.724819,0.949804
0,0.92 ,0.05018, 0.224968,0.724852,0.94982
0,0.93 ,0.0501642, 0.22495,0.724885,0.949836
0,0.94 ,0.0501485, 0.224933,0.724918,0.949852
0,0.95 ,0.0501328, 0.224916,0.724951,0.949867
0,0.96 ,0.0501171, 0.224899,0.724984,0.949883
0,0.97 ,0.0501015, 0.224881,0.725017,0.949898
0,0.98 ,0.0500859, 0.224864,0.72505,0.949914
0,0.99 ,0.0500704, 0.224847,0.725083,0.94993
0,1 ,0.0500549, 0.22483,0.725115,0.949945
0.01,0 ,0.0536894, 0.22571,0.720601,0.946311
0.01,0.01 ,0.0536695, 0.225687,0.720643,0.946331
0.01,0.02 ,0.0536495, 0.225665,0.720685,0.94635
0.01,0.03 ,0.0536296, 0.225643,0.720727,0.94637
0.01,0.04 ,0.0536097, 0.225621,0.720769,0.94639
0.01,0.05 ,0.0535899, 0.225599,0.720811,0.94641
0.01,0.06 ,0.0535701, 0.225577,0.720853,0.94643
0.01,0.07 ,0.0535503, 0.225555,0.720894,0.94645
0.01,0.08 ,0.0535306, 0.225534,0.720936,0.946469
0.01,0.09 ,0.0535109, 0.225512,0.720977,0.946489
0.01,0.1 ,0.0534912, 0.22549,0.721019,0.946509
0.01,0.11 ,0.0534715, 0.225469,0.72106,0.946528
0.01,0.12 ,0.0534519, 0.225447,0.721101,0.946548
0.01,0.13 ,0.0534324, 0.225425,0.721142,0.946568
0.01,0.14 ,0.0534129, 0.225404,0.721183,0.946587
0.01,0.15 ,0.0533934, 0.225383,0.721224,0.946607
0.01,0.16 ,0.0533739, 0.225361,0.721265,0.946626
0.01,0.17 ,0.0533545, 0.22534,0.721306,0.946646
0.01,0.18 ,0.0533351, 0.225319,0.721346,0.946665
0.01,0.19 ,0.0533158, 0.225297,0.721387,0.946684
0.01,0.2 ,0.0532964, 0.225276,0.721427,0.946704
0.01,0.21 ,0.0532772, 0.225255,0.721468,0.946723
0.01,0.22 ,0.0532579, 0.225234,0.721508,0.946742
0.01,0.23 ,0.0532387, 0.225213,0.721548,0.946761
0.01,0.24 ,0.0532196, 0.225192,0.721588,0.94678
0.01,0.25 ,0.0532005, 0.225171,0.721628,0.9468
0.01,0.26 ,0.0531814, 0.22515,0.721668,0.946819
0.01,0.27 ,0.0531623, 0.22513,0.721708,0.946838
0.01,0.28 ,0.0531433, 0.225109,0.721748,0.946857
0.01,0.29 ,0.0531243, 0.225088,0.721787,0.946876
0.01,0.3 ,0.0531054, 0.225068,0.721827,0.946895
0.01,0.31 ,0.0530865, 0.225047,0.721866,0.946913
0.01,0.32 ,0.0530677, 0.225027,0.721906,0.946932
0.01,0.33 ,0.0530488, 0.225006,0.721945,0.946951
0.01,0.34 ,0.0530301, 0.224986,0.721984,0.94697
0.01,0.35 ,0.0530113, 0.224965,0.722023,0.946989
0.01,0.36 ,0.0529926, 0.224945,0.722062,0.947007
0.01,0.37 ,0.052974, 0.224925,0.722101,0.947026
0.01,0.38 ,0.0529553, 0.224904,0.72214,0.947045
0.01,0.39 ,0.0529368, 0.224884,0.722179,0.947063
0.01,0.4 ,0.0529182, 0.224864,0.722218,0.947082
0.01,0.41 ,0.0528997, 0.224844,0.722256,0.9471
0.01,0.42 ,0.0528812, 0.224824,0.722295,0.947119
0.01,0.43 ,0.0528628, 0.224804,0.722333,0.947137
0.01,0.44 ,0.0528444, 0.224784,0.722371,0.947156
0.01,0.45 ,0.0528261, 0.224764,0.72241,0.947174
0.01,0.46 ,0.0528078, 0.224745,0.722448,0.947192
0.01,0.47 ,0.0527895, 0.224725,0.722486,0.94721
0.01,0.48 ,0.0527713, 0.224705,0.722524,0.947229
0.01,0.49 ,0.0527531, 0.224685,0.722562,0.947247
0.01,0.5 ,0.0527349, 0.224666,0.722599,0.947265
0.01,0.51 ,0.0527168, 0.224646,0.722637,0.947283
0.01,0.52 ,0.0526988, 0.224627,0.722675,0.947301
0.01,0.53 ,0.0526807, 0.224607,0.722712,0.947319
0.01,0.54 ,0.0526628, 0.224588,0.722749,0.947337
0.01,0.55 ,0.0526448, 0.224568,0.722787,0.947355
0.01,0.56 ,0.0526269, 0.224549,0.722824,0.947373
0.01,0.57 ,0.052609, 0.22453,0.722861,0.947391
0.01,0.58 ,0.0525912, 0.224511,0.722898,0.947409
0.01,0.59 ,0.0525734, 0.224491,0.722935,0.947427
0.01,0.6 ,0.0525557, 0.224472,0.722972,0.947444
0.01,0.61 ,0.052538, 0.224453,0.723009,0.947462
0.01,0.62 ,0.0525203, 0.224434,0.723046,0.94748
0.01,0.63 ,0.0525027, 0.224415,0.723082,0.947497
0.01,0.64 ,0.0524851, 0.224396,0.723119,0.947515
0.01,0.65 ,0.0524676, 0.224377,0.723155,0.947532
0.01,0.66 ,0.0524501, 0.224358,0.723191,0.94755
0.01,0.67 ,0.0524327, 0.22434,0.723228,0.947567
0.01,0.68 ,0.0524153, 0.224321,0.723264,0.947585
0.01,0.69 ,0.0523979, 0.224302,0.7233,0.947602
0.01,0.7 ,0.0523806, 0.224283,0.723336,0.947619
0.01,0.71 ,0.0523633, 0.224265,0.723372,0.947637
0.01,0.72 ,0.052346, 0.224246,0.723408,0.947654
0.01,0.73 ,0.0523288, 0.224228,0.723443,0.947671
0.01,0.74 ,0.0523116, 0.224209,0.723479,0.947688
0.01,0.75 ,0.0522945, 0.224191,0.723515,0.947705
0.01,0.76 ,0.0522774, 0.224172,0.72355,0.947723
0.01,0.77 ,0.0522604, 0.224154,0.723586,0.94774
0.01,0.78 ,0.0522434, 0.224136,0.723621,0.947757
0.01,0.79 ,0.0522265, 0.224118,0.723656,0.947774
0.01,0.8 ,0.0522095, 0.224099,0.723691,0.94779
0.01,0.81 ,0.0521927, 0.224081,0.723726,0.947807
0.01,0.82 ,0.0521758, 0.224063,0.723761,0.947824
0.01,0.83 ,0.052159, 0.224045,0.723796,0.947841
0.01,0.84 ,0.0521423, 0.224027,0.723831,0.947858
0.01,0.85 ,0.0521256, 0.224009,0.723865,0.947874
0.01,0.86 ,0.0521089, 0.223991,0.7239,0.947891
0.01,0.87 ,0.0520923, 0.223973,0.723935,0.947908
0.01,0.88 ,0.0520757, 0.223955,0.723969,0.947924
0.01,0.89 ,0.0520592, 0.223937,0.724003,0.947941
0.01,0.9 ,0.0520427, 0.22392,0.724038,0.947957
0.01,0.91 ,0.0520262, 0.223902,0.724072,0.947974
0.01,0.92 ,0.0520098, 0.223884,0.724106,0.94799
0.01,0.93 ,0.0519934, 0.223867,0.72414,0.948007
0.01,0.94 ,0.0519771, 0.223849,0.724174,0.948023
0.01,0.95 ,0.0519608, 0.223832,0.724208,0.948039
0.01,0.96 ,0.0519446, 0.223814,0.724241,0.948055
0.01,0.97 ,0.0519284, 0.223797,0.724275,0.948072
0.01,0.98 ,0.0519122, 0.223779,0.724309,0.948088
0.01,0.99 ,0.0518961, 0.223762,0.724342,0.948104
0.01,1 ,0.05188, 0.223744,0.724375,0.94812
0.02,0 ,0.055659, 0.224645,0.719696,0.944341
0.02,0.01 ,0.0556383, 0.224623,0.719739,0.944362
0.02,0.02 ,0.0556176, 0.2246,0.719782,0.944382
0.02,0.03 ,0.0555969, 0.224578,0.719825,0.944403
0.02,0.04 ,0.0555762, 0.224555,0.719868,0.944424
0.02,0.05 ,0.0555556, 0.224533,0.719911,0.944444
0.02,0.06 ,0.055535, 0.224511,0.719954,0.944465
0.02,0.07 ,0.0555145, 0.224489,0.719997,0.944486
0.02,0.08 ,0.055494, 0.224466,0.72004,0.944506
0.02,0.09 ,0.0554735, 0.224444,0.720082,0.944527
0.02,0.1 ,0.055453, 0.224422,0.720125,0.944547
0.02,0.11 ,0.0554326, 0.2244,0.720167,0.944567
0.02,0.12 ,0.0554123, 0.224378,0.720209,0.944588
0.02,0.13 ,0.055392, 0.224356,0.720252,0.944608
0.02,0.14 ,0.0553717, 0.224335,0.720294,0.944628
0.02,0.15 ,0.0553514, 0.224313,0.720336,0.944649
0.02,0.16 ,0.0553312, 0.224291,0.720378,0.944669
0.02,0.17 ,0.055311, 0.224269,0.72042,0.944689
0.02,0.18 ,0.0552909, 0.224248,0.720461,0.944709
0.02,0.19 ,0.0552708, 0.224226,0.720503,0.944729
0.02,0.2 ,0.0552507, 0.224205,0.720545,0.944749
0.02,0.21 ,0.0552307, 0.224183,0.720586,0.944769
0.02,0.22 ,0.0552107, 0.224162,0.720627,0.944789
0.02,0.23 ,0.0551908, 0.22414,0.720669,0.944809
0.02,0.24 ,0.0551709, 0.224119,0.72071,0.944829
0.02,0.25 ,0.055151, 0.224098,0.720751,0.944849
0.02,0.26 ,0.0551312, 0.224077,0.720792,0.944869
0.02,0.27 ,0.0551114, 0.224056,0.720833,0.944889
0.02,0.28 ,0.0550916, 0.224035,0.720874,0.944908
0.02,0.29 ,0.0550719, 0.224014,0.720915,0.944928
0.02,0.3 ,0.0550523, 0.223993,0.720955,0.944948
0.02,0.31 ,0.0550326, 0.223972,0.720996,0.944967
0.02,0.32 ,0.0550131, 0.223951,0.721036,0.944987
0.02,0.33 ,0.0549935, 0.22393,0.721077,0.945006
0.02,0.34 ,0.054974, 0.223909,0.721117,0.945026
0.02,0.35 ,0.0549545, 0.223888,0.721157,0.945045
0.02,0.36 ,0.0549351, 0.223868,0.721197,0.945065
0.02,0.37 ,0.0549157, 0.223847,0.721237,0.945084
0.02,0.38 ,0.0548964, 0.223827,0.721277,0.945104
0.02,0.39 ,0.0548771, 0.223806,0.721317,0.945123
0.02,0.4 ,0.0548578, 0.223786,0.721357,0.945142
0.02,0.41 ,0.0548386, 0.223765,0.721396,0.945161
0.02,0.42 ,0.0548194, 0.223745,0.721436,0.945181
0.02,0.43 ,0.0548003, 0.223725,0.721475,0.9452
0.02,0.44 ,0.0547812, 0.223704,0.721514,0.945219
0.02,0.45 ,0.0547621, 0.223684,0.721554,0.945238
0.02,0.46 ,0.0547431, 0.223664,0.721593,0.945257
0.02,0.47 ,0.0547241, 0.223644,0.721632,0.945276
0.02,0.48 ,0.0547052, 0.223624,0.721671,0.945295
0.02,0.49 ,0.0546863, 0.223604,0.72171,0.945314
0.02,0.5 ,0.0546674, 0.223584,0.721749,0.945333
0.02,0.51 ,0.0546486, 0.223564,0.721787,0.945351
0.02,0.52 ,0.0546299, 0.223544,0.721826,0.94537
0.02,0.53 ,0.0546112, 0.223524,0.721864,0.945389
0.02,0.54 ,0.0545925, 0.223505,0.721903,0.945408
0.02,0.55 ,0.0545738, 0.223485,0.721941,0.945426
0.02,0.56 ,0.0545552, 0.223465,0.721979,0.945445
0.02,0.57 ,0.0545367, 0.223446,0.722018,0.945463
0.02,0.58 ,0.0545182, 0.223426,0.722056,0.945482
0.02,0.59 ,0.0544997, 0.223407,0.722094,0.9455
0.02,0.6 ,0.0544813, 0.223387,0.722131,0.945519
0.02,0.61 ,0.0544629, 0.223368,0.722169,0.945537
0.02,0.62 ,0.0544446, 0.223349,0.722207,0.945555
0.02,0.63 ,0.0544263, 0.223329,0.722244,0.945574
0.02,0.64 ,0.054408, 0.22331,0.722282,0.945592
0.02,0.65 ,0.0543898, 0.223291,0.722319,0.94561
0.02,0.66 ,0.0543716, 0.223272,0.722357,0.945628
0.02,0.67 ,0.0543535, 0.223253,0.722394,0.945646
0.02,0.68 ,0.0543354, 0.223233,0.722431,0.945665
0.02,0.69 ,0.0543174, 0.223214,0.722468,0.945683
0.02,0.7 ,0.0542994, 0.223195,0.722505,0.945701
0.02,0.71 ,0.0542815, 0.223177,0.722542,0.945719
0.02,0.72 ,0.0542635, 0.223158,0.722579,0.945736
0.02,0.73 ,0.0542457, 0.223139,0.722615,0.945754
0.02,0.74 ,0.0542279, 0.22312,0.722652,0.945772
0.02,0.75 ,0.0542101, 0.223101,0.722689,0.94579
0.02,0.76 ,0.0541924, 0.223083,0.722725,0.945808
0.02,0.77 ,0.0541747, 0.223064,0.722761,0.945825
0.02,0.78 ,0.054157, 0.223045,0.722798,0.945843
0.02,0.79 ,0.0541394, 0.223027,0.722834,0.945861
0.02,0.8 ,0.0541218, 0.223008,0.72287,0.945878
0.02,0.81 ,0.0541043, 0.22299,0.722906,0.945896
0.02,0.82 ,0.0540869, 0.222972,0.722942,0.945913
0.02,0.83 ,0.0540694, 0.222953,0.722977,0.945931
0.02,0.84 ,0.054052, 0.222935,0.723013,0.945948
0.02,0.85 ,0.0540347, 0.222917,0.723049,0.945965
0.02,0.86 ,0.0540174, 0.222898,0.723084,0.945983
0.02,0.87 ,0.0540001, 0.22288,0.72312,0.946
0.02,0.88 ,0.0539829, 0.222862,0.723155,0.946017
0.02,0.89 ,0.0539658, 0.222844,0.72319,0.946034
0.02,0.9 ,0.0539486, 0.222826,0.723225,0.946051
0.02,0.91 ,0.0539316, 0.222808,0.72326,0.946068
0.02,0.92 ,0.0539145, 0.22279,0.723295,0.946085
0.02,0.93 ,0.0538975, 0.222772,0.72333,0.946102
0.02,0.94 ,0.0538806, 0.222754,0.723365,0.946119
0.02,0.95 ,0.0538637, 0.222736,0.7234,0.946136
0.02,0.96 ,0.0538468, 0.222719,0.723434,0.946153
0.02,0.97 ,0.05383, 0.222701,0.723469,0.94617
0.02,0.98 ,0.0538132, 0.222683,0.723503,0.946187
0.02,0.99 ,0.0537965, 0.222666,0.723538,0.946204
0.02,1 ,0.0537798, 0.222648,0.723572,0.94622
0.03,0 ,0.0577091, 0.223571,0.71872,0.942291
0.03,0.01 ,0.0576875, 0.223548,0.718764,0.942312
0.03,0.02 ,0.057666, 0.223525,0.718809,0.942334
0.03,0.03 ,0.0576445, 0.223502,0.718853,0.942355
0.03,0.04 ,0.0576231, 0.22348,0.718897,0.942377
0.03,0.05 ,0.0576016, 0.223457,0.718941,0.942398
0.03,0.06 ,0.0575802, 0.223434,0.718986,0.94242
0.03,0.07 ,0.0575589, 0.223412,0.71903,0.942441
0.03,0.08 ,0.0575376, 0.223389,0.719073,0.942462
0.03,0.09 ,0.0575163, 0.223367,0.719117,0.942484
0.03,0.1 ,0.0574951, 0.223344,0.719161,0.942505
0.03,0.11 ,0.0574739, 0.223322,0.719204,0.942526
0.03,0.12 ,0.0574527, 0.223299,0.719248,0.942547
0.03,0.13 ,0.0574316, 0.223277,0.719291,0.942568
0.03,0.14 ,0.0574105, 0.223255,0.719335,0.942589
0.03,0.15 ,0.0573895, 0.223233,0.719378,0.94261
0.03,0.16 ,0.0573685, 0.223211,0.719421,0.942631
0.03,0.17 ,0.0573475, 0.223189,0.719464,0.942652
0.03,0.18 ,0.0573266, 0.223167,0.719507,0.942673
0.03,0.19 ,0.0573057, 0.223145,0.71955,0.942694
0.03,0.2 ,0.0572849, 0.223123,0.719592,0.942715
0.03,0.21 ,0.0572641, 0.223101,0.719635,0.942736
0.03,0.22 ,0.0572433, 0.223079,0.719678,0.942757
0.03,0.23 ,0.0572226, 0.223057,0.71972,0.942777
0.03,0.24 ,0.0572019, 0.223036,0.719762,0.942798
0.03,0.25 ,0.0571813, 0.223014,0.719805,0.942819
0.03,0.26 ,0.0571607, 0.222993,0.719847,0.942839
0.03,0.27 ,0.0571402, 0.222971,0.719889,0.94286
0.03,0.28 ,0.0571196, 0.22295,0.719931,0.94288
0.03,0.29 ,0.0570992, 0.222928,0.719973,0.942901
0.03,0.3 ,0.0570787, 0.222907,0.720014,0.942921
0.03,0.31 ,0.0570583, 0.222886,0.720056,0.942942
0.03,0.32 ,0.057038, 0.222864,0.720098,0.942962
0.03,0.33 ,0.0570177, 0.222843,0.720139,0.942982
0.03,0.34 ,0.0569974, 0.222822,0.72018,0.943003
0.03,0.35 ,0.0569772, 0.222801,0.720222,0.943023
0.03,0.36 ,0.056957, 0.22278,0.720263,0.943043
0.03,0.37 ,0.0569369, 0.222759,0.720304,0.943063
0.03,0.38 ,0.0569168, 0.222738,0.720345,0.943083
0.03,0.39 ,0.0568967, 0.222717,0.720386,0.943103
0.03,0.4 ,0.0568767, 0.222697,0.720427,0.943123
0.03,0.41 ,0.0568568, 0.222676,0.720467,0.943143
0.03,0.42 ,0.0568368, 0.222655,0.720508,0.943163
0.03,0.43 ,0.056817, 0.222635,0.720548,0.943183
0.03,0.44 ,0.0567971, 0.222614,0.720589,0.943203
0.03,0.45 ,0.0567773, 0.222593,0.720629,0.943223
0.03,0.46 ,0.0567576, 0.222573,0.720669,0.943242
0.03,0.47 ,0.0567379, 0.222553,0.72071,0.943262
0.03,0.48 ,0.0567182, 0.222532,0.72075,0.943282
0.03,0.49 ,0.0566986, 0.222512,0.72079,0.943301
0.03,0.5 ,0.056679, 0.222492,0.720829,0.943321
0.03,0.51 ,0.0566595, 0.222471,0.720869,0.943341
0.03,0.52 ,0.05664, 0.222451,0.720909,0.94336
0.03,0.53 ,0.0566206, 0.222431,0.720948,0.943379
0.03,0.54 ,0.0566012, 0.222411,0.720988,0.943399
0.03,0.55 ,0.0565818, 0.222391,0.721027,0.943418
0.03,0.56 ,0.0565625, 0.222371,0.721067,0.943438
0.03,0.57 ,0.0565432, 0.222351,0.721106,0.943457
0.03,0.58 ,0.056524, 0.222331,0.721145,0.943476
0.03,0.59 ,0.0565048, 0.222311,0.721184,0.943495
0.03,0.6 ,0.0564857, 0.222292,0.721223,0.943514
0.03,0.61 ,0.0564666, 0.222272,0.721261,0.943533
0.03,0.62 ,0.0564476, 0.222252,0.7213,0.943552
0.03,0.63 ,0.0564286, 0.222233,0.721339,0.943571
0.03,0.64 ,0.0564096, 0.222213,0.721377,0.94359
0.03,0.65 ,0.0563907, 0.222194,0.721416,0.943609
0.03,0.66 ,0.0563718, 0.222174,0.721454,0.943628
0.03,0.67 ,0.056353, 0.222155,0.721492,0.943647
0.03,0.68 ,0.0563342, 0.222135,0.72153,0.943666
0.03,0.69 ,0.0563155, 0.222116,0.721569,0.943684
0.03,0.7 ,0.0562968, 0.222097,0.721606,0.943703
0.03,0.71 ,0.0562782, 0.222077,0.721644,0.943722
0.03,0.72 ,0.0562596, 0.222058,0.721682,0.94374
0.03,0.73 ,0.0562411, 0.222039,0.72172,0.943759
0.03,0.74 ,0.0562225, 0.22202,0.721757,0.943777
0.03,0.75 ,0.0562041, 0.222001,0.721795,0.943796
0.03,0.76 ,0.0561857, 0.221982,0.721832,0.943814
0.03,0.77 ,0.0561673, 0.221963,0.72187,0.943833
0.03,0.78 ,0.056149, 0.221944,0.721907,0.943851
0.03,0.79 ,0.0561307, 0.221925,0.721944,0.943869
0.03,0.8 ,0.0561125, 0.221907,0.721981,0.943888
0.03,0.81 ,0.0560943, 0.221888,0.722018,0.943906
0.03,0.82 ,0.0560762, 0.221869,0.722055,0.943924
0.03,0.83 ,0.0560581, 0.221851,0.722091,0.943942
0.03,0.84 ,0.05604, 0.221832,0.722128,0.94396
0.03,0.85 ,0.056022, 0.221813,0.722165,0.943978
0.03,0.86 ,0.0560041, 0.221795,0.722201,0.943996
0.03,0.87 ,0.0559861, 0.221776,0.722237,0.944014
0.03,0.88 ,0.0559683, 0.221758,0.722274,0.944032
0.03,0.89 ,0.0559505, 0.22174,0.72231,0.94405
0.03,0.9 ,0.0559327, 0.221721,0.722346,0.944067
0.03,0.91 ,0.055915, 0.221703,0.722382,0.944085
0.03,0.92 ,0.0558973, 0.221685,0.722418,0.944103
0.03,0.93 ,0.0558796, 0.221667,0.722454,0.94412
0.03,0.94 ,0.055862, 0.221648,0.72249,0.944138
0.03,0.95 ,0.0558445, 0.22163,0.722525,0.944155
0.03,0.96 ,0.055827, 0.221612,0.722561,0.944173
0.03,0.97 ,0.0558095, 0.221594,0.722596,0.94419
0.03,0.98 ,0.0557921, 0.221576,0.722632,0.944208
0.03,0.99 ,0.0557748, 0.221558,0.722667,0.944225
0.03,1 ,0.0557575, 0.221541,0.722702,0.944243
0.04,0 ,0.0598431, 0.222486,0.71767,0.940157
0.04,0.01 ,0.0598207, 0.222463,0.717716,0.940179
0.04,0.02 ,0.0597983, 0.22244,0.717762,0.940202
0.04,0.03 ,0.059776, 0.222417,0.717808,0.940224
0.04,0.04 ,0.0597537, 0.222393,0.717853,0.940246
0.04,0.05 ,0.0597314, 0.22237,0.717898,0.940269
0.04,0.06 ,0.0597092, 0.222347,0.717944,0.940291
0.04,0.07 ,0.059687, 0.222324,0.717989,0.940313
0.04,0.08 ,0.0596649, 0.222301,0.718034,0.940335
0.04,0.09 ,0.0596428, 0.222278,0.718079,0.940357
0.04,0.1 ,0.0596207, 0.222255,0.718124,0.940379
0.04,0.11 ,0.0595987, 0.222233,0.718169,0.940401
0.04,0.12 ,0.0595767, 0.22221,0.718213,0.940423
0.04,0.13 ,0.0595548, 0.222187,0.718258,0.940445
0.04,0.14 ,0.0595329, 0.222165,0.718302,0.940467
0.04,0.15 ,0.059511, 0.222142,0.718347,0.940489
0.04,0.16 ,0.0594892, 0.22212,0.718391,0.940511
0.04,0.17 ,0.0594675, 0.222097,0.718435,0.940533
0.04,0.18 ,0.0594457, 0.222075,0.71848,0.940554
0.04,0.19 ,0.059424, 0.222052,0.718524,0.940576
0.04,0.2 ,0.0594024, 0.22203,0.718567,0.940598
0.04,0.21 ,0.0593808, 0.222008,0.718611,0.940619
0.04,0.22 ,0.0593592, 0.221986,0.718655,0.940641
0.04,0.23 ,0.0593377, 0.221964,0.718699,0.940662
0.04,0.24 ,0.0593162, 0.221942,0.718742,0.940684
0.04,0.25 ,0.0592948, 0.22192,0.718785,0.940705
0.04,0.26 ,0.0592734, 0.221898,0.718829,0.940727
0.04,0.27 ,0.059252, 0.221876,0.718872,0.940748
0.04,0.28 ,0.0592307, 0.221854,0.718915,0.940769
0.04,0.29 ,0.0592094, 0.221832,0.718958,0.940791
0.04,0.3 ,0.0591882, 0.221811,0.719001,0.940812
0.04,0.31 ,0.059167, 0.221789,0.719044,0.940833
0.04,0.32 ,0.0591459, 0.221767,0.719087,0.940854
0.04,0.33 ,0.0591248, 0.221746,0.719129,0.940875
0.04,0.34 ,0.0591037, 0.221724,0.719172,0.940896
0.04,0.35 ,0.0590827, 0.221703,0.719214,0.940917
0.04,0.36 ,0.0590618, 0.221682,0.719257,0.940938
0.04,0.37 ,0.0590409, 0.22166,0.719299,0.940959
0.04,0.38 ,0.05902, 0.221639,0.719341,0.94098
0.04,0.39 ,0.0589992, 0.221618,0.719383,0.941001
0.04,0.4 ,0.0589784, 0.221597,0.719425,0.941022
0.04,0.41 ,0.0589576, 0.221576,0.719467,0.941042
0.04,0.42 ,0.058937, 0.221555,0.719508,0.941063
0.04,0.43 ,0.0589163, 0.221534,0.71955,0.941084
0.04,0.44 ,0.0588957, 0.221513,0.719592,0.941104
0.04,0.45 ,0.0588751, 0.221492,0.719633,0.941125
0.04,0.46 ,0.0588546, 0.221471,0.719674,0.941145
0.04,0.47 ,0.0588342, 0.22145,0.719716,0.941166
0.04,0.48 ,0.0588137, 0.22143,0.719757,0.941186
0.04,0.49 ,0.0587934, 0.221409,0.719798,0.941207
0.04,0.5 ,0.058773, 0.221388,0.719839,0.941227
0.04,0.51 ,0.0587528, 0.221368,0.71988,0.941247
0.04,0.52 ,0.0587325, 0.221347,0.71992,0.941267
0.04,0.53 ,0.0587123, 0.221327,0.719961,0.941288
0.04,0.54 ,0.0586922, 0.221306,0.720002,0.941308
0.04,0.55 ,0.0586721, 0.221286,0.720042,0.941328
0.04,0.56 ,0.058652, 0.221266,0.720082,0.941348
0.04,0.57 ,0.058632, 0.221245,0.720123,0.941368
0.04,0.58 ,0.0586121, 0.221225,0.720163,0.941388
0.04,0.59 ,0.0585921, 0.221205,0.720203,0.941408
0.04,0.6 ,0.0585723, 0.221185,0.720243,0.941428
0.04,0.61 ,0.0585525, 0.221165,0.720283,0.941448
0.04,0.62 ,0.0585327, 0.221145,0.720322,0.941467
0.04,0.63 ,0.058513, 0.221125,0.720362,0.941487
0.04,0.64 ,0.0584933, 0.221105,0.720402,0.941507
0.04,0.65 ,0.0584736, 0.221085,0.720441,0.941526
0.04,0.66 ,0.0584541, 0.221065,0.72048,0.941546
0.04,0.67 ,0.0584345, 0.221046,0.72052,0.941565
0.04,0.68 ,0.058415, 0.221026,0.720559,0.941585
0.04,0.69 ,0.0583956, 0.221006,0.720598,0.941604
0.04,0.7 ,0.0583762, 0.220987,0.720637,0.941624
0.04,0.71 ,0.0583568, 0.220967,0.720676,0.941643
0.04,0.72 ,0.0583375, 0.220948,0.720715,0.941662
0.04,0.73 ,0.0583183, 0.220928,0.720753,0.941682
0.04,0.74 ,0.0582991, 0.220909,0.720792,0.941701
0.04,0.75 ,0.0582799, 0.22089,0.72083,0.94172
0.04,0.76 ,0.0582608, 0.22087,0.720869,0.941739
0.04,0.77 ,0.0582417, 0.220851,0.720907,0.941758
0.04,0.78 ,0.0582227, 0.220832,0.720945,0.941777
0.04,0.79 ,0.0582037, 0.220813,0.720984,0.941796
0.04,0.8 ,0.0581848, 0.220794,0.721022,0.941815
0.04,0.81 ,0.0581659, 0.220775,0.721059,0.941834
0.04,0.82 ,0.0581471, 0.220756,0.721097,0.941853
0.04,0.83 ,0.0581283, 0.220737,0.721135,0.941872
0.04,0.84 ,0.0581096, 0.220718,0.721173,0.94189
0.04,0.85 ,0.0580909, 0.220699,0.72121,0.941909
0.04,0.86 ,0.0580723, 0.22068,0.721248,0.941928
0.04,0.87 ,0.0580537, 0.220661,0.721285,0.941946
0.04,0.88 ,0.0580351, 0.220643,0.721322,0.941965
0.04,0.89 ,0.0580166, 0.220624,0.721359,0.941983
0.04,0.9 ,0.0579982, 0.220605,0.721396,0.942002
0.04,0.91 ,0.0579798, 0.220587,0.721433,0.94202
0.04,0.92 ,0.0579614, 0.220568,0.72147,0.942039
0.04,0.93 ,0.0579431, 0.22055,0.721507,0.942057
0.04,0.94 ,0.0579249, 0.220531,0.721544,0.942075
0.04,0.95 ,0.0579067, 0.220513,0.72158,0.942093
0.04,0.96 ,0.0578885, 0.220495,0.721617,0.942112
0.04,0.97 ,0.0578704, 0.220476,0.721653,0.94213
0.04,0.98 ,0.0578523, 0.220458,0.72169,0.942148
0.04,0.99 ,0.0578343, 0.22044,0.721726,0.942166
0.04,1 ,0.0578163, 0.220422,0.721762,0.942184
0.05,0 ,0.0620645, 0.221391,0.716544,0.937935
0.05,0.01 ,0.0620412, 0.221368,0.716591,0.937959
0.05,0.02 ,0.062018, 0.221344,0.716638,0.937982
0.05,0.03 ,0.0619948, 0.22132,0.716685,0.938005
0.05,0.04 ,0.0619716, 0.221297,0.716732,0.938028
0.05,0.05 ,0.0619485, 0.221273,0.716779,0.938051
0.05,0.06 ,0.0619255, 0.221249,0.716825,0.938075
0.05,0.07 ,0.0619024, 0.221226,0.716872,0.938098
0.05,0.08 ,0.0618794, 0.221203,0.716918,0.938121
0.05,0.09 ,0.0618565, 0.221179,0.716964,0.938144
0.05,0.1 ,0.0618336, 0.221156,0.71701,0.938166
0.05,0.11 ,0.0618107, 0.221133,0.717056,0.938189
0.05,0.12 ,0.0617878, 0.22111,0.717102,0.938212
0.05,0.13 ,0.0617651, 0.221087,0.717148,0.938235
0.05,0.14 ,0.0617423, 0.221064,0.717194,0.938258
0.05,0.15 ,0.0617196, 0.221041,0.71724,0.93828
0.05,0.16 ,0.0616969, 0.221018,0.717285,0.938303
0.05,0.17 ,0.0616743, 0.220995,0.717331,0.938326
0.05,0.18 ,0.0616518, 0.220972,0.717376,0.938348
0.05,0.19 ,0.0616292, 0.22095,0.717421,0.938371
0.05,0.2 ,0.0616067, 0.220927,0.717466,0.938393
0.05,0.21 ,0.0615843, 0.220904,0.717511,0.938416
0.05,0.22 ,0.0615619, 0.220882,0.717556,0.938438
0.05,0.23 ,0.0615395, 0.220859,0.717601,0.93846
0.05,0.24 ,0.0615172, 0.220837,0.717646,0.938483
0.05,0.25 ,0.0614949, 0.220815,0.717691,0.938505
0.05,0.26 ,0.0614727, 0.220792,0.717735,0.938527
0.05,0.27 ,0.0614505, 0.22077,0.717779,0.938549
0.05,0.28 ,0.0614284, 0.220748,0.717824,0.938572
0.05,0.29 ,0.0614063, 0.220726,0.717868,0.938594
0.05,0.3 ,0.0613843, 0.220704,0.717912,0.938616
0.05,0.31 ,0.0613623, 0.220682,0.717956,0.938638
0.05,0.32 ,0.0613403, 0.22066,0.718,0.93866
0.05,0.33 ,0.0613184, 0.220638,0.718044,0.938682
0.05,0.34 ,0.0612965, 0.220616,0.718088,0.938703
0.05,0.35 ,0.0612747, 0.220594,0.718131,0.938725
0.05,0.36 ,0.0612529, 0.220572,0.718175,0.938747
0.05,0.37 ,0.0612312, 0.220551,0.718218,0.938769
0.05,0.38 ,0.0612095, 0.220529,0.718261,0.93879
0.05,0.39 ,0.0611879, 0.220507,0.718305,0.938812
0.05,0.4 ,0.0611663, 0.220486,0.718348,0.938834
0.05,0.41 ,0.0611448, 0.220465,0.718391,0.938855
0.05,0.42 ,0.0611233, 0.220443,0.718434,0.938877
0.05,0.43 ,0.0611018, 0.220422,0.718476,0.938898
0.05,0.44 ,0.0610805, 0.2204,0.718519,0.93892
0.05,0.45 ,0.0610591, 0.220379,0.718562,0.938941
0.05,0.46 ,0.0610378, 0.220358,0.718604,0.938962
0.05,0.47 ,0.0610165, 0.220337,0.718647,0.938983
0.05,0.48 ,0.0609953, 0.220316,0.718689,0.939005
0.05,0.49 ,0.0609742, 0.220295,0.718731,0.939026
0.05,0.5 ,0.0609531, 0.220274,0.718773,0.939047
0.05,0.51 ,0.060932, 0.220253,0.718815,0.939068
0.05,0.52 ,0.060911, 0.220232,0.718857,0.939089
0.05,0.53 ,0.06089, 0.220211,0.718899,0.93911
0.05,0.54 ,0.0608691, 0.220191,0.71894,0.939131
0.05,0.55 ,0.0608482, 0.22017,0.718982,0.939152
0.05,0.56 ,0.0608274, 0.220149,0.719023,0.939173
0.05,0.57 ,0.0608066, 0.220129,0.719065,0.939193
0.05,0.58 ,0.0607859, 0.220108,0.719106,0.939214
0.05,0.59 ,0.0607652, 0.220088,0.719147,0.939235
0.05,0.6 ,0.0607446, 0.220067,0.719188,0.939255
0.05,0.61 ,0.060724, 0.220047,0.719229,0.939276
0.05,0.62 ,0.0607035, 0.220026,0.71927,0.939297
0.05,0.63 ,0.060683, 0.220006,0.719311,0.939317
0.05,0.64 ,0.0606626, 0.219986,0.719351,0.939337
0.05,0.65 ,0.0606422, 0.219966,0.719392,0.939358
0.05,0.66 ,0.0606218, 0.219946,0.719432,0.939378
0.05,0.67 ,0.0606016, 0.219926,0.719473,0.939398
0.05,0.68 ,0.0605813, 0.219906,0.719513,0.939419
0.05,0.69 ,0.0605611, 0.219886,0.719553,0.939439
0.05,0.7 ,0.060541, 0.219866,0.719593,0.939459
0.05,0.71 ,0.0605209, 0.219846,0.719633,0.939479
0.05,0.72 ,0.0605009, 0.219826,0.719673,0.939499
0.05,0.73 ,0.0604809, 0.219806,0.719713,0.939519
0.05,0.74 ,0.0604609, 0.219787,0.719752,0.939539
0.05,0.75 ,0.060441, 0.219767,0.719792,0.939559
0.05,0.76 ,0.0604212, 0.219747,0.719831,0.939579
0.05,0.77 ,0.0604014, 0.219728,0.719871,0.939599
0.05,0.78 ,0.0603817, 0.219708,0.71991,0.939618
0.05,0.79 ,0.060362, 0.219689,0.719949,0.939638
0.05,0.8 ,0.0603423, 0.219669,0.719988,0.939658
0.05,0.81 ,0.0603227, 0.21965,0.720027,0.939677
0.05,0.82 ,0.0603032, 0.219631,0.720066,0.939697
0.05,0.83 ,0.0602837, 0.219611,0.720105,0.939716
0.05,0.84 ,0.0602642, 0.219592,0.720144,0.939736
0.05,0.85 ,0.0602448, 0.219573,0.720182,0.939755
0.05,0.86 ,0.0602255, 0.219554,0.720221,0.939775
0.05,0.87 ,0.0602062, 0.219535,0.720259,0.939794
0.05,0.88 ,0.060187, 0.219516,0.720297,0.939813
0.05,0.89 ,0.0601678, 0.219497,0.720335,0.939832
0.05,0.9 ,0.0601486, 0.219478,0.720373,0.939851
0.05,0.91 ,0.0601295, 0.219459,0.720411,0.93987
0.05,0.92 ,0.0601105, 0.21944,0.720449,0.93989
0.05,0.93 ,0.0600915, 0.219422,0.720487,0.939909
0.05,0.94 ,0.0600725, 0.219403,0.720525,0.939927
0.05,0.95 ,0.0600536, 0.219384,0.720562,0.939946
0.05,0.96 ,0.0600348, 0.219365,0.7206,0.939965
0.05,0.97 ,0.060016, 0.219347,0.720637,0.939984
0.05,0.98 ,0.0599972, 0.219328,0.720674,0.940003
0.05,0.99 ,0.0599785, 0.21931,0.720712,0.940021
0.05,1 ,0.0599599, 0.219291,0.720749,0.94004
0.06,0 ,0.0643772, 0.220286,0.715337,0.935623
0.06,0.01 ,0.064353, 0.220261,0.715386,0.935647
0.06,0.02 ,0.0643289, 0.220237,0.715434,0.935671
0.06,0.03 ,0.0643048, 0.220213,0.715482,0.935695
0.06,0.04 ,0.0642808, 0.220189,0.71553,0.935719
0.06,0.05 ,0.0642567, 0.220165,0.715578,0.935743
0.06,0.06 ,0.0642328, 0.220141,0.715626,0.935767
0.06,0.07 ,0.0642088, 0.220117,0.715674,0.935791
0.06,0.08 ,0.064185, 0.220093,0.715722,0.935815
0.06,0.09 ,0.0641611, 0.22007,0.715769,0.935839
0.06,0.1 ,0.0641373, 0.220046,0.715817,0.935863
0.06,0.11 ,0.0641136, 0.220022,0.715864,0.935886
0.06,0.12 ,0.0640898, 0.219999,0.715911,0.93591
0.06,0.13 ,0.0640662, 0.219975,0.715958,0.935934
0.06,0.14 ,0.0640425, 0.219952,0.716005,0.935957
0.06,0.15 ,0.064019, 0.219929,0.716052,0.935981
0.06,0.16 ,0.0639954, 0.219905,0.716099,0.936005
0.06,0.17 ,0.0639719, 0.219882,0.716146,0.936028
0.06,0.18 ,0.0639485, 0.219859,0.716193,0.936052
0.06,0.19 ,0.0639251, 0.219836,0.716239,0.936075
0.06,0.2 ,0.0639017, 0.219813,0.716286,0.936098
0.06,0.21 ,0.0638784, 0.21979,0.716332,0.936122
0.06,0.22 ,0.0638551, 0.219767,0.716378,0.936145
0.06,0.23 ,0.0638319, 0.219744,0.716424,0.936168
0.06,0.24 ,0.0638087, 0.219721,0.71647,0.936191
0.06,0.25 ,0.0637856, 0.219698,0.716516,0.936214
0.06,0.26 ,0.0637625, 0.219676,0.716562,0.936238
0.06,0.27 ,0.0637395, 0.219653,0.716607,0.936261
0.06,0.28 ,0.0637165, 0.219631,0.716653,0.936284
0.06,0.29 ,0.0636935, 0.219608,0.716698,0.936306
0.06,0.3 ,0.0636706, 0.219586,0.716744,0.936329
0.06,0.31 ,0.0636478, 0.219563,0.716789,0.936352
0.06,0.32 ,0.063625, 0.219541,0.716834,0.936375
0.06,0.33 ,0.0636022, 0.219518,0.716879,0.936398
0.06,0.34 ,0.0635795, 0.219496,0.716924,0.93642
0.06,0.35 ,0.0635568, 0.219474,0.716969,0.936443
0.06,0.36 ,0.0635342, 0.219452,0.717014,0.936466
0.06,0.37 ,0.0635117, 0.21943,0.717058,0.936488
0.06,0.38 ,0.0634892, 0.219408,0.717103,0.936511
0.06,0.39 ,0.0634667, 0.219386,0.717147,0.936533
0.06,0.4 ,0.0634443, 0.219364,0.717192,0.936556
0.06,0.41 ,0.0634219, 0.219342,0.717236,0.936578
0.06,0.42 ,0.0633996, 0.21932,0.71728,0.9366
0.06,0.43 ,0.0633773, 0.219299,0.717324,0.936623
0.06,0.44 ,0.0633551, 0.219277,0.717368,0.936645
0.06,0.45 ,0.0633329, 0.219256,0.717412,0.936667
0.06,0.46 ,0.0633108, 0.219234,0.717455,0.936689
0.06,0.47 ,0.0632887, 0.219212,0.717499,0.936711
0.06,0.48 ,0.0632667, 0.219191,0.717542,0.936733
0.06,0.49 ,0.0632447, 0.21917,0.717586,0.936755
0.06,0.5 ,0.0632228, 0.219148,0.717629,0.936777
0.06,0.51 ,0.0632009, 0.219127,0.717672,0.936799
0.06,0.52 ,0.0631791, 0.219106,0.717715,0.936821
0.06,0.53 ,0.0631573, 0.219085,0.717758,0.936843
0.06,0.54 ,0.0631356, 0.219064,0.717801,0.936864
0.06,0.55 ,0.0631139, 0.219043,0.717844,0.936886
0.06,0.56 ,0.0630923, 0.219022,0.717886,0.936908
0.06,0.57 ,0.0630707, 0.219001,0.717929,0.936929
0.06,0.58 ,0.0630492, 0.21898,0.717971,0.936951
0.06,0.59 ,0.0630277, 0.218959,0.718013,0.936972
0.06,0.6 ,0.0630063, 0.218938,0.718056,0.936994
0.06,0.61 ,0.062985, 0.218917,0.718098,0.937015
0.06,0.62 ,0.0629636, 0.218897,0.71814,0.937036
0.06,0.63 ,0.0629424, 0.218876,0.718182,0.937058
0.06,0.64 ,0.0629212, 0.218856,0.718223,0.937079
0.06,0.65 ,0.0629, 0.218835,0.718265,0.9371
0.06,0.66 ,0.0628789, 0.218815,0.718307,0.937121
0.06,0.67 ,0.0628578, 0.218794,0.718348,0.937142
0.06,0.68 ,0.0628368, 0.218774,0.718389,0.937163
0.06,0.69 ,0.0628158, 0.218754,0.718431,0.937184
0.06,0.7 ,0.0627949, 0.218733,0.718472,0.937205
0.06,0.71 ,0.0627741, 0.218713,0.718513,0.937226
0.06,0.72 ,0.0627533, 0.218693,0.718554,0.937247
0.06,0.73 ,0.0627325, 0.218673,0.718595,0.937267
0.06,0.74 ,0.0627118, 0.218653,0.718635,0.937288
0.06,0.75 ,0.0626912, 0.218633,0.718676,0.937309
0.06,0.76 ,0.0626706, 0.218613,0.718717,0.937329
0.06,0.77 ,0.06265, 0.218593,0.718757,0.93735
0.06,0.78 ,0.0626295, 0.218573,0.718797,0.93737
0.06,0.79 ,0.0626091, 0.218553,0.718838,0.937391
0.06,0.8 ,0.0625887, 0.218534,0.718878,0.937411
0.06,0.81 ,0.0625684, 0.218514,0.718918,0.937432
0.06,0.82 ,0.0625481, 0.218494,0.718958,0.937452
0.06,0.83 ,0.0625278, 0.218475,0.718997,0.937472
0.06,0.84 ,0.0625077, 0.218455,0.719037,0.937492
0.06,0.85 ,0.0624875, 0.218436,0.719077,0.937512
0.06,0.86 ,0.0624675, 0.218416,0.719116,0.937533
0.06,0.87 ,0.0624474, 0.218397,0.719156,0.937553
0.06,0.88 ,0.0624275, 0.218378,0.719195,0.937573
0.06,0.89 ,0.0624075, 0.218358,0.719234,0.937592
0.06,0.9 ,0.0623877, 0.218339,0.719273,0.937612
0.06,0.91 ,0.0623679, 0.21832,0.719312,0.937632
0.06,0.92 ,0.0623481, 0.218301,0.719351,0.937652
0.06,0.93 ,0.0623284, 0.218282,0.71939,0.937672
0.06,0.94 ,0.0623087, 0.218263,0.719429,0.937691
0.06,0.95 ,0.0622891, 0.218244,0.719467,0.937711
0.06,0.96 ,0.0622695, 0.218225,0.719506,0.93773
0.06,0.97 ,0.06225, 0.218206,0.719544,0.93775
0.06,0.98 ,0.0622306, 0.218187,0.719582,0.937769
0.06,0.99 ,0.0622112, 0.218168,0.719621,0.937789
0.06,1 ,0.0621918, 0.21815,0.719659,0.937808
0.07,0 ,0.0667852, 0.219169,0.714046,0.933215
0.07,0.01 ,0.06676, 0.219144,0.714096,0.93324
0.07,0.02 ,0.066735, 0.21912,0.714145,0.933265
0.07,0.03 ,0.0667099, 0.219095,0.714195,0.93329
0.07,0.04 ,0.0666849, 0.219071,0.714244,0.933315
0.07,0.05 ,0.06666, 0.219046,0.714294,0.93334
0.07,0.06 ,0.0666351, 0.219022,0.714343,0.933365
0.07,0.07 ,0.0666103, 0.218998,0.714392,0.93339
0.07,0.08 ,0.0665854, 0.218973,0.714441,0.933415
0.07,0.09 ,0.0665607, 0.218949,0.71449,0.933439
0.07,0.1 ,0.0665359, 0.218925,0.714539,0.933464
0.07,0.11 ,0.0665113, 0.218901,0.714588,0.933489
0.07,0.12 ,0.0664866, 0.218877,0.714636,0.933513
0.07,0.13 ,0.066462, 0.218853,0.714685,0.933538
0.07,0.14 ,0.0664375, 0.218829,0.714733,0.933562
0.07,0.15 ,0.066413, 0.218806,0.714781,0.933587
0.07,0.16 ,0.0663886, 0.218782,0.71483,0.933611
0.07,0.17 ,0.0663641, 0.218758,0.714878,0.933636
0.07,0.18 ,0.0663398, 0.218735,0.714926,0.93366
0.07,0.19 ,0.0663155, 0.218711,0.714973,0.933685
0.07,0.2 ,0.0662912, 0.218688,0.715021,0.933709
0.07,0.21 ,0.066267, 0.218664,0.715069,0.933733
0.07,0.22 ,0.0662428, 0.218641,0.715116,0.933757
0.07,0.23 ,0.0662187, 0.218618,0.715164,0.933781
0.07,0.24 ,0.0661946, 0.218594,0.715211,0.933805
0.07,0.25 ,0.0661706, 0.218571,0.715258,0.933829
0.07,0.26 ,0.0661466, 0.218548,0.715305,0.933853
0.07,0.27 ,0.0661227, 0.218525,0.715352,0.933877
0.07,0.28 ,0.0660988, 0.218502,0.715399,0.933901
0.07,0.29 ,0.066075, 0.218479,0.715446,0.933925
0.07,0.3 ,0.0660512, 0.218456,0.715493,0.933949
0.07,0.31 ,0.0660275, 0.218433,0.715539,0.933973
0.07,0.32 ,0.0660038, 0.218411,0.715585,0.933996
0.07,0.33 ,0.0659802, 0.218388,0.715632,0.93402
0.07,0.34 ,0.0659566, 0.218365,0.715678,0.934043
0.07,0.35 ,0.065933, 0.218343,0.715724,0.934067
0.07,0.36 ,0.0659096, 0.21832,0.71577,0.93409
0.07,0.37 ,0.0658861, 0.218298,0.715816,0.934114
0.07,0.38 ,0.0658627, 0.218276,0.715862,0.934137
0.07,0.39 ,0.0658394, 0.218253,0.715907,0.934161
0.07,0.4 ,0.0658161, 0.218231,0.715953,0.934184
0.07,0.41 ,0.0657929, 0.218209,0.715998,0.934207
0.07,0.42 ,0.0657697, 0.218187,0.716044,0.93423
0.07,0.43 ,0.0657466, 0.218164,0.716089,0.934253
0.07,0.44 ,0.0657235, 0.218142,0.716134,0.934276
0.07,0.45 ,0.0657005, 0.21812,0.716179,0.9343
0.07,0.46 ,0.0656775, 0.218099,0.716224,0.934322
0.07,0.47 ,0.0656546, 0.218077,0.716269,0.934345
0.07,0.48 ,0.0656317, 0.218055,0.716313,0.934368
0.07,0.49 ,0.0656089, 0.218033,0.716358,0.934391
0.07,0.5 ,0.0655861, 0.218011,0.716402,0.934414
0.07,0.51 ,0.0655634, 0.21799,0.716447,0.934437
0.07,0.52 ,0.0655408, 0.217968,0.716491,0.934459
0.07,0.53 ,0.0655181, 0.217947,0.716535,0.934482
0.07,0.54 ,0.0654956, 0.217925,0.716579,0.934504
0.07,0.55 ,0.0654731, 0.217904,0.716623,0.934527
0.07,0.56 ,0.0654506, 0.217882,0.716667,0.934549
0.07,0.57 ,0.0654282, 0.217861,0.716711,0.934572
0.07,0.58 ,0.0654059, 0.21784,0.716754,0.934594
0.07,0.59 ,0.0653836, 0.217819,0.716798,0.934616
0.07,0.6 ,0.0653614, 0.217798,0.716841,0.934639
0.07,0.61 ,0.0653392, 0.217777,0.716884,0.934661
0.07,0.62 ,0.065317, 0.217755,0.716927,0.934683
0.07,0.63 ,0.065295, 0.217735,0.716971,0.934705
0.07,0.64 ,0.0652729, 0.217714,0.717013,0.934727
0.07,0.65 ,0.065251, 0.217693,0.717056,0.934749
0.07,0.66 ,0.065229, 0.217672,0.717099,0.934771
0.07,0.67 ,0.0652072, 0.217651,0.717142,0.934793
0.07,0.68 ,0.0651854, 0.21763,0.717184,0.934815
0.07,0.69 ,0.0651636, 0.21761,0.717227,0.934836
0.07,0.7 ,0.0651419, 0.217589,0.717269,0.934858
0.07,0.71 ,0.0651202, 0.217569,0.717311,0.93488
0.07,0.72 ,0.0650987, 0.217548,0.717353,0.934901
0.07,0.73 ,0.0650771, 0.217528,0.717395,0.934923
0.07,0.74 ,0.0650556, 0.217507,0.717437,0.934944
0.07,0.75 ,0.0650342, 0.217487,0.717479,0.934966
0.07,0.76 ,0.0650128, 0.217467,0.71752,0.934987
0.07,0.77 ,0.0649915, 0.217447,0.717562,0.935009
0.07,0.78 ,0.0649702, 0.217426,0.717603,0.93503
0.07,0.79 ,0.064949, 0.217406,0.717645,0.935051
0.07,0.8 ,0.0649278, 0.217386,0.717686,0.935072
0.07,0.81 ,0.0649067, 0.217366,0.717727,0.935093
0.07,0.82 ,0.0648857, 0.217346,0.717768,0.935114
0.07,0.83 ,0.0648647, 0.217326,0.717809,0.935135
0.07,0.84 ,0.0648437, 0.217307,0.71785,0.935156
0.07,0.85 ,0.0648228, 0.217287,0.71789,0.935177
0.07,0.86 ,0.064802, 0.217267,0.717931,0.935198
0.07,0.87 ,0.0647812, 0.217247,0.717971,0.935219
0.07,0.88 ,0.0647605, 0.217228,0.718012,0.93524
0.07,0.89 ,0.0647398, 0.217208,0.718052,0.93526
0.07,0.9 ,0.0647192, 0.217188,0.718092,0.935281
0.07,0.91 ,0.0646986, 0.217169,0.718132,0.935301
0.07,0.92 ,0.0646781, 0.21715,0.718172,0.935322
0.07,0.93 ,0.0646577, 0.21713,0.718212,0.935342
0.07,0.94 ,0.0646373, 0.217111,0.718252,0.935363
0.07,0.95 ,0.0646169, 0.217092,0.718292,0.935383
0.07,0.96 ,0.0645966, 0.217072,0.718331,0.935403
0.07,0.97 ,0.0645764, 0.217053,0.718371,0.935424
0.07,0.98 ,0.0645562, 0.217034,0.71841,0.935444
0.07,0.99 ,0.0645361, 0.217015,0.718449,0.935464
0.07,1 ,0.064516, 0.216996,0.718488,0.935484
0.08,0 ,0.0692924, 0.218041,0.712666,0.930708
0.08,0.01 ,0.0692663, 0.218016,0.712717,0.930734
0.08,0.02 ,0.0692403, 0.217991,0.712769,0.93076
0.08,0.03 ,0.0692143, 0.217966,0.71282,0.930786
0.08,0.04 ,0.0691883, 0.217941,0.71287,0.930812
0.08,0.05 ,0.0691624, 0.217916,0.712921,0.930838
0.08,0.06 ,0.0691366, 0.217892,0.712972,0.930863
