e1,e2,V,Rs,Rv,P
0,0 ,0.0172045, 0.267657,0.715139,0.982796
0,0.01 ,0.0178941, 0.267018,0.715088,0.982106
0,0.02 ,0.0186058, 0.266378,0.715016,0.981394
0,0.03 ,0.0193395, 0.265738,0.714922,0.98066
0,0.04 ,0.0200953, 0.265098,0.714807,0.979905
0,0.05 ,0.0208728, 0.264458,0.714669,0.979127
0,0.06 ,0.0216718, 0.263819,0.714509,0.978328
0,0.07 ,0.0224919, 0.26318,0.714328,0.977508
0,0.08 ,0.0233326, 0.262541,0.714126,0.976667
0,0.09 ,0.0241933, 0.261903,0.713903,0.975807
0,0.1 ,0.0250732, 0.261266,0.71366,0.974927
0,0.11 ,0.0259715, 0.260631,0.713398,0.974028
0,0.12 ,0.0268872, 0.259996,0.713117,0.973113
0,0.13 ,0.0278191, 0.259363,0.712818,0.972181
0,0.14 ,0.028766, 0.258732,0.712502,0.971234
0,0.15 ,0.0297263, 0.258102,0.712172,0.970274
0,0.16 ,0.0306986, 0.257474,0.711827,0.969301
0,0.17 ,0.031681, 0.256849,0.71147,0.968319
0,0.18 ,0.0326719, 0.256226,0.711102,0.967328
0,0.19 ,0.0336691, 0.255606,0.710725,0.966331
0,0.2 ,0.0346705, 0.254988,0.710341,0.96533
0,0.21 ,0.0356739, 0.254374,0.709952,0.964326
0,0.22 ,0.036677, 0.253762,0.709561,0.963323
0,0.23 ,0.0376774, 0.253155,0.709168,0.962323
0,0.24 ,0.0386724, 0.252551,0.708777,0.961328
0,0.25 ,0.0396597, 0.25195,0.70839,0.96034
0,0.26 ,0.0406365, 0.251354,0.708009,0.959364
0,0.27 ,0.0416003, 0.250763,0.707637,0.9584
0,0.28 ,0.0425484, 0.250176,0.707276,0.957452
0,0.29 ,0.0434783, 0.249593,0.706928,0.956522
0,0.3 ,0.0443876, 0.249016,0.706597,0.955612
0,0.31 ,0.0452737, 0.248443,0.706283,0.954726
0,0.32 ,0.0461344, 0.247876,0.705989,0.953866
0,0.33 ,0.0469674, 0.247315,0.705718,0.953033
0,0.34 ,0.0477708, 0.246759,0.70547,0.952229
0,0.35 ,0.0485428, 0.246209,0.705248,0.951457
0,0.36 ,0.0492815, 0.245665,0.705053,0.950718
0,0.37 ,0.0499857, 0.245128,0.704887,0.950014
0,0.38 ,0.050654, 0.244596,0.70475,0.949346
0,0.39 ,0.0512854, 0.244072,0.704643,0.948715
0,0.4 ,0.0518792, 0.243554,0.704567,0.948121
0,0.41 ,0.0524348, 0.243042,0.704523,0.947565
0,0.42 ,0.0529519, 0.242538,0.70451,0.947048
0,0.43 ,0.0534303, 0.24204,0.704529,0.94657
0,0.44 ,0.0538703, 0.24155,0.70458,0.94613
0,0.45 ,0.0542721, 0.241067,0.704661,0.945728
0,0.46 ,0.0546362, 0.240591,0.704773,0.945364
0,0.47 ,0.0549634, 0.240122,0.704914,0.945037
0,0.48 ,0.0552545, 0.239661,0.705084,0.944746
0,0.49 ,0.0555105, 0.239208,0.705282,0.94449
0,0.5 ,0.0557325, 0.238761,0.705506,0.944267
0,0.51 ,0.0559218, 0.238323,0.705756,0.944078
0,0.52 ,0.0560797, 0.237891,0.706029,0.94392
0,0.53 ,0.0562077, 0.237468,0.706325,0.943792
0,0.54 ,0.0563071, 0.237051,0.706641,0.943693
0,0.55 ,0.0563795, 0.236643,0.706978,0.94362
0,0.56 ,0.0564265, 0.236242,0.707332,0.943574
0,0.57 ,0.0564494, 0.235848,0.707703,0.943551
0,0.58 ,0.05645, 0.235462,0.708089,0.94355
0,0.59 ,0.0564296, 0.235083,0.708488,0.94357
0,0.6 ,0.0563899, 0.234711,0.708899,0.94361
0,0.61 ,0.0563323, 0.234347,0.709321,0.943668
0,0.62 ,0.0562582, 0.23399,0.709752,0.943742
0,0.63 ,0.056169, 0.23364,0.710191,0.943831
0,0.64 ,0.056066, 0.233297,0.710637,0.943934
0,0.65 ,0.0559506, 0.232961,0.711089,0.944049
0,0.66 ,0.0558239, 0.232632,0.711544,0.944176
0,0.67 ,0.0556871, 0.23231,0.712003,0.944313
0,0.68 ,0.0555414, 0.231994,0.712464,0.944459
0,0.69 ,0.0553878, 0.231686,0.712927,0.944612
0,0.7 ,0.0552273, 0.231383,0.713389,0.944773
0,0.71 ,0.0550607, 0.231087,0.713852,0.944939
0,0.72 ,0.054889, 0.230798,0.714313,0.945111
0,0.73 ,0.054713, 0.230515,0.714772,0.945287
0,0.74 ,0.0545335, 0.230238,0.715229,0.945467
0,0.75 ,0.0543511, 0.229966,0.715682,0.945649
0,0.76 ,0.0541664, 0.229701,0.716132,0.945834
0,0.77 ,0.0539802, 0.229442,0.716578,0.94602
0,0.78 ,0.0537928, 0.229188,0.717019,0.946207
0,0.79 ,0.0536049, 0.22894,0.717455,0.946395
0,0.8 ,0.0534169, 0.228697,0.717886,0.946583
0,0.81 ,0.0532293, 0.22846,0.718311,0.946771
0,0.82 ,0.0530423, 0.228228,0.71873,0.946958
0,0.83 ,0.0528563, 0.228001,0.719143,0.947144
0,0.84 ,0.0526717, 0.227779,0.719549,0.947328
0,0.85 ,0.0524888, 0.227562,0.719949,0.947511
0,0.86 ,0.0523077, 0.22735,0.720342,0.947692
0,0.87 ,0.0521287, 0.227143,0.720728,0.947871
0,0.88 ,0.051952, 0.22694,0.721108,0.948048
0,0.89 ,0.0517778, 0.226742,0.72148,0.948222
0,0.9 ,0.0516062, 0.226548,0.721846,0.948394
0,0.91 ,0.0514374, 0.226358,0.722204,0.948563
0,0.92 ,0.0512714, 0.226173,0.722556,0.948729
0,0.93 ,0.0511084, 0.225992,0.7229,0.948892
0,0.94 ,0.0509484, 0.225814,0.723237,0.949052
0,0.95 ,0.0507915, 0.225641,0.723567,0.949208
0,0.96 ,0.0506378, 0.225472,0.723891,0.949362
0,0.97 ,0.0504872, 0.225306,0.724207,0.949513
0,0.98 ,0.0503399, 0.225144,0.724516,0.94966
0,0.99 ,0.0501958, 0.224985,0.724819,0.949804
0,1 ,0.0500549, 0.22483,0.725115,0.949945
0.01,0 ,0.0172274, 0.267314,0.715459,0.982773
0.01,0.01 ,0.0179264, 0.266668,0.715406,0.982074
0.01,0.02 ,0.0186485, 0.266021,0.71533,0.981351
0.01,0.03 ,0.0193938, 0.265375,0.715232,0.980606
0.01,0.04 ,0.0201622, 0.264727,0.71511,0.979838
0.01,0.05 ,0.0209535, 0.26408,0.714966,0.979046
0.01,0.06 ,0.0217677, 0.263433,0.714799,0.978232
0.01,0.07 ,0.0226043, 0.262787,0.714609,0.977396
0.01,0.08 ,0.023463, 0.26214,0.714397,0.976537
0.01,0.09 ,0.0243433, 0.261495,0.714162,0.975657
0.01,0.1 ,0.0252443, 0.26085,0.713906,0.974756
0.01,0.11 ,0.0261654, 0.260206,0.713629,0.973835
0.01,0.12 ,0.0271055, 0.259563,0.713332,0.972894
0.01,0.13 ,0.0280637, 0.258921,0.713015,0.971936
0.01,0.14 ,0.0290387, 0.258281,0.71268,0.970961
0.01,0.15 ,0.030029, 0.257643,0.712328,0.969971
0.01,0.16 ,0.0310332, 0.257006,0.711961,0.968967
0.01,0.17 ,0.0320495, 0.256372,0.711579,0.967951
0.01,0.18 ,0.0330761, 0.255739,0.711185,0.966924
0.01,0.19 ,0.034111, 0.25511,0.710779,0.965889
0.01,0.2 ,0.0351521, 0.254483,0.710365,0.964848
0.01,0.21 ,0.036197, 0.253859,0.709944,0.963803
0.01,0.22 ,0.0372435, 0.253238,0.709519,0.962757
0.01,0.23 ,0.0382889, 0.25262,0.709091,0.961711
0.01,0.24 ,0.0393307, 0.252006,0.708663,0.960669
0.01,0.25 ,0.0403663, 0.251396,0.708238,0.959634
0.01,0.26 ,0.0413928, 0.25079,0.707817,0.958607
0.01,0.27 ,0.0424075, 0.250188,0.707405,0.957592
0.01,0.28 ,0.0434078, 0.24959,0.707002,0.956592
0.01,0.29 ,0.0443907, 0.248998,0.706612,0.955609
0.01,0.3 ,0.0453536, 0.24841,0.706237,0.954646
0.01,0.31 ,0.0462939, 0.247827,0.705879,0.953706
0.01,0.32 ,0.047209, 0.247249,0.705542,0.952791
0.01,0.33 ,0.0480966, 0.246677,0.705226,0.951903
0.01,0.34 ,0.0489543, 0.246111,0.704935,0.951046
0.01,0.35 ,0.0497801, 0.24555,0.70467,0.95022
0.01,0.36 ,0.050572, 0.244996,0.704432,0.949428
0.01,0.37 ,0.0513285, 0.244448,0.704224,0.948672
0.01,0.38 ,0.052048, 0.243906,0.704046,0.947952
0.01,0.39 ,0.0527293, 0.243371,0.7039,0.947271
0.01,0.4 ,0.0533714, 0.242842,0.703786,0.946629
0.01,0.41 ,0.0539737, 0.24232,0.703706,0.946026
0.01,0.42 ,0.0545356, 0.241806,0.703659,0.945464
0.01,0.43 ,0.0550568, 0.241298,0.703645,0.944943
0.01,0.44 ,0.0555375, 0.240797,0.703665,0.944462
0.01,0.45 ,0.0559778, 0.240304,0.703718,0.944022
0.01,0.46 ,0.0563782, 0.239818,0.703804,0.943622
0.01,0.47 ,0.0567392, 0.23934,0.703921,0.943261
0.01,0.48 ,0.0570619, 0.238869,0.704069,0.942938
0.01,0.49 ,0.057347, 0.238406,0.704247,0.942653
0.01,0.5 ,0.0575959, 0.23795,0.704454,0.942404
0.01,0.51 ,0.0578097, 0.237502,0.704689,0.94219
0.01,0.52 ,0.0579898, 0.237061,0.704949,0.94201
0.01,0.53 ,0.0581377, 0.236628,0.705234,0.941862
0.01,0.54 ,0.0582549, 0.236203,0.705542,0.941745
0.01,0.55 ,0.058343, 0.235786,0.705871,0.941657
0.01,0.56 ,0.0584036, 0.235376,0.70622,0.941596
0.01,0.57 ,0.0584383, 0.234974,0.706588,0.941562
0.01,0.58 ,0.0584489, 0.23458,0.706972,0.941551
0.01,0.59 ,0.0584368, 0.234193,0.707371,0.941563
0.01,0.6 ,0.0584038, 0.233813,0.707783,0.941596
0.01,0.61 ,0.0583513, 0.233441,0.708208,0.941649
0.01,0.62 ,0.058281, 0.233076,0.708643,0.941719
0.01,0.63 ,0.0581942, 0.232719,0.709087,0.941806
0.01,0.64 ,0.0580926, 0.232369,0.709538,0.941907
0.01,0.65 ,0.0579774, 0.232026,0.709996,0.942023
0.01,0.66 ,0.0578499, 0.23169,0.71046,0.94215
0.01,0.67 ,0.0577115, 0.231362,0.710927,0.942288
0.01,0.68 ,0.0575633, 0.23104,0.711397,0.942437
0.01,0.69 ,0.0574065, 0.230725,0.711869,0.942593
0.01,0.7 ,0.0572421, 0.230416,0.712342,0.942758
0.01,0.71 ,0.0570711, 0.230115,0.712814,0.942929
0.01,0.72 ,0.0568945, 0.229819,0.713286,0.943105
0.01,0.73 ,0.0567132, 0.22953,0.713756,0.943287
0.01,0.74 ,0.0565279, 0.229248,0.714224,0.943472
0.01,0.75 ,0.0563394, 0.228971,0.714689,0.943661
0.01,0.76 ,0.0561484, 0.228701,0.715151,0.943852
0.01,0.77 ,0.0559556, 0.228437,0.715608,0.944044
0.01,0.78 ,0.0557615, 0.228178,0.71606,0.944238
0.01,0.79 ,0.0555667, 0.227925,0.716508,0.944433
0.01,0.8 ,0.0553718, 0.227678,0.71695,0.944628
0.01,0.81 ,0.055177, 0.227436,0.717387,0.944823
0.01,0.82 ,0.0549829, 0.2272,0.717817,0.945017
0.01,0.83 ,0.0547899, 0.226969,0.718241,0.94521
0.01,0.84 ,0.0545982, 0.226743,0.718659,0.945402
0.01,0.85 ,0.0544081, 0.226522,0.71907,0.945592
0.01,0.86 ,0.05422, 0.226306,0.719474,0.94578
0.01,0.87 ,0.0540341, 0.226095,0.719871,0.945966
0.01,0.88 ,0.0538505, 0.225889,0.72026,0.94615
0.01,0.89 ,0.0536695, 0.225687,0.720643,0.946331
0.01,0.9 ,0.0534912, 0.22549,0.721019,0.946509
0.01,0.91 ,0.0533158, 0.225297,0.721387,0.946684
0.01,0.92 ,0.0531433, 0.225109,0.721748,0.946857
0.01,0.93 ,0.052974, 0.224925,0.722101,0.947026
0.01,0.94 ,0.0528078, 0.224745,0.722448,0.947192
0.01,0.95 ,0.0526448, 0.224568,0.722787,0.947355
0.01,0.96 ,0.0524851, 0.224396,0.723119,0.947515
0.01,0.97 ,0.0523288, 0.224228,0.723443,0.947671
0.01,0.98 ,0.0521758, 0.224063,0.723761,0.947824
0.01,0.99 ,0.0520262, 0.223902,0.724072,0.947974
0.01,1 ,0.05188, 0.223744,0.724375,0.94812
0.02,0 ,0.0172429, 0.266975,0.715782,0.982757
0.02,0.01 ,0.0179509, 0.266322,0.715727,0.982049
0.02,0.02 ,0.0186829, 0.265669,0.715648,0.981317
0.02,0.03 ,0.0194392, 0.265015,0.715546,0.980561
0.02,0.04 ,0.0202197, 0.264361,0.71542,0.97978
0.02,0.05 ,0.0210244, 0.263706,0.715269,0.978976
0.02,0.06 ,0.0218532, 0.263052,0.715095,0.978147
0.02,0.07 ,0.0227058, 0.262398,0.714897,0.977294
0.02,0.08 ,0.023582, 0.261743,0.714675,0.976418
0.02,0.09 ,0.0244811, 0.26109,0.714429,0.975519
0.02,0.1 ,0.0254028, 0.260437,0.71416,0.974597
0.02,0.11 ,0.0263462, 0.259785,0.713869,0.973654
0.02,0.12 ,0.0273104, 0.259133,0.713556,0.97269
0.02,0.13 ,0.0282945, 0.258483,0.713222,0.971706
0.02,0.14 ,0.0292972, 0.257834,0.712868,0.970703
0.02,0.15 ,0.0303173, 0.257187,0.712496,0.969683
0.02,0.16 ,0.0313532, 0.256541,0.712105,0.968647
0.02,0.17 ,0.0324032, 0.255898,0.711699,0.967597
0.02,0.18 ,0.0334657, 0.255256,0.711278,0.966534
0.02,0.19 ,0.0345384, 0.254617,0.710844,0.965462
0.02,0.2 ,0.0356194, 0.253981,0.7104,0.964381
0.02,0.21 ,0.0367063, 0.253347,0.709947,0.963294
0.02,0.22 ,0.0377967, 0.252716,0.709487,0.962203
0.02,0.23 ,0.038888, 0.252089,0.709023,0.961112
0.02,0.24 ,0.0399775, 0.251465,0.708558,0.960023
0.02,0.25 ,0.0410625, 0.250844,0.708093,0.958938
0.02,0.26 ,0.04214, 0.250228,0.707632,0.95786
0.02,0.27 ,0.0432073, 0.249616,0.707177,0.956793
0.02,0.28 ,0.0442613, 0.249008,0.706731,0.955739
0.02,0.29 ,0.0452991, 0.248404,0.706297,0.954701
0.02,0.3 ,0.0463178, 0.247806,0.705876,0.953682
0.02,0.31 ,0.0473146, 0.247212,0.705473,0.952685
0.02,0.32 ,0.0482867, 0.246624,0.705089,0.951713
0.02,0.33 ,0.0492314, 0.246041,0.704727,0.950769
0.02,0.34 ,0.0501462, 0.245464,0.70439,0.949854
0.02,0.35 ,0.0510288, 0.244893,0.704078,0.948971
0.02,0.36 ,0.0518771, 0.244328,0.703795,0.948123
0.02,0.37 ,0.0526891, 0.243769,0.703542,0.947311
0.02,0.38 ,0.053463, 0.243216,0.703321,0.946537
0.02,0.39 ,0.0541976, 0.24267,0.703132,0.945802
0.02,0.4 ,0.0548914, 0.242131,0.702978,0.945109
0.02,0.41 ,0.0555437, 0.241598,0.702858,0.944456
0.02,0.42 ,0.0561538, 0.241073,0.702773,0.943846
0.02,0.43 ,0.0567212, 0.240555,0.702724,0.943279
0.02,0.44 ,0.0572459, 0.240044,0.70271,0.942754
0.02,0.45 ,0.0577279, 0.23954,0.702732,0.942272
0.02,0.46 ,0.0581676, 0.239044,0.702788,0.941832
0.02,0.47 ,0.0585656, 0.238555,0.702879,0.941434
0.02,0.48 ,0.0589226, 0.238075,0.703003,0.941077
0.02,0.49 ,0.0592397, 0.237601,0.703159,0.94076
0.02,0.5 ,0.0595179, 0.237136,0.703346,0.940482
0.02,0.51 ,0.0597586, 0.236678,0.703563,0.940241
0.02,0.52 ,0.0599632, 0.236228,0.703809,0.940037
0.02,0.53 ,0.0601332, 0.235786,0.704081,0.939867
0.02,0.54 ,0.0602701, 0.235352,0.704378,0.93973
0.02,0.55 ,0.0603757, 0.234925,0.704699,0.939624
0.02,0.56 ,0.0604517, 0.234507,0.705042,0.939548
0.02,0.57 ,0.0604997, 0.234096,0.705404,0.9395
0.02,0.58 ,0.0605215, 0.233693,0.705786,0.939478
0.02,0.59 ,0.0605189, 0.233298,0.706184,0.939481
0.02,0.6 ,0.0604936, 0.23291,0.706596,0.939506
0.02,0.61 ,0.0604472, 0.23253,0.707023,0.939553
0.02,0.62 ,0.0603814, 0.232158,0.707461,0.939619
0.02,0.63 ,0.0602979, 0.231793,0.707909,0.939702
0.02,0.64 ,0.0601981, 0.231435,0.708367,0.939802
0.02,0.65 ,0.0600836, 0.231085,0.708831,0.939916
0.02,0.66 ,0.0599558, 0.230742,0.709302,0.940044
0.02,0.67 ,0.059816, 0.230407,0.709777,0.940184
0.02,0.68 ,0.0596656, 0.230078,0.710256,0.940334
0.02,0.69 ,0.0595057, 0.229757,0.710738,0.940494
0.02,0.7 ,0.0593376, 0.229442,0.711221,0.940662
0.02,0.71 ,0.0591622, 0.229134,0.711704,0.940838
0.02,0.72 ,0.0589807, 0.228833,0.712187,0.941019
0.02,0.73 ,0.0587939, 0.228538,0.712668,0.941206
0.02,0.74 ,0.0586028, 0.22825,0.713147,0.941397
0.02,0.75 ,0.0584081, 0.227968,0.713624,0.941592
0.02,0.76 ,0.0582106, 0.227692,0.714097,0.941789
0.02,0.77 ,0.0580111, 0.227423,0.714566,0.941989
0.02,0.78 ,0.0578101, 0.227159,0.715031,0.94219
0.02,0.79 ,0.0576082, 0.226902,0.71549,0.942392
0.02,0.8 ,0.057406, 0.22665,0.715944,0.942594
0.02,0.81 ,0.057204, 0.226403,0.716393,0.942796
0.02,0.82 ,0.0570025, 0.226163,0.716835,0.942997
0.02,0.83 ,0.0568021, 0.225927,0.71727,0.943198
0.02,0.84 ,0.056603, 0.225697,0.7177,0.943397
0.02,0.85 ,0.0564057, 0.225473,0.718122,0.943594
0.02,0.86 ,0.0562102, 0.225253,0.718537,0.94379
0.02,0.87 ,0.0560171, 0.225038,0.718945,0.943983
0.02,0.88 ,0.0558263, 0.224828,0.719346,0.944174
0.02,0.89 ,0.0556383, 0.224623,0.719739,0.944362
0.02,0.9 ,0.055453, 0.224422,0.720125,0.944547
0.02,0.91 ,0.0552708, 0.224226,0.720503,0.944729
0.02,0.92 ,0.0550916, 0.224035,0.720874,0.944908
0.02,0.93 ,0.0549157, 0.223847,0.721237,0.945084
0.02,0.94 ,0.0547431, 0.223664,0.721593,0.945257
0.02,0.95 ,0.0545738, 0.223485,0.721941,0.945426
0.02,0.96 ,0.054408, 0.22331,0.722282,0.945592
0.02,0.97 ,0.0542457, 0.223139,0.722615,0.945754
0.02,0.98 ,0.0540869, 0.222972,0.722942,0.945913
0.02,0.99 ,0.0539316, 0.222808,0.72326,0.946068
0.02,1 ,0.0537798, 0.222648,0.723572,0.94622
0.03,0 ,0.0172513, 0.266639,0.71611,0.982749
0.03,0.01 ,0.0179677, 0.26598,0.716053,0.982032
0.03,0.02 ,0.0187091, 0.26532,0.715971,0.981291
0.03,0.03 ,0.0194758, 0.264659,0.715865,0.980524
0.03,0.04 ,0.0202678, 0.263998,0.715735,0.979732
0.03,0.05 ,0.0210853, 0.263336,0.715579,0.978915
0.03,0.06 ,0.0219281, 0.262674,0.715398,0.978072
0.03,0.07 ,0.0227962, 0.262012,0.715192,0.977204
0.03,0.08 ,0.0236892, 0.26135,0.71496,0.976311
0.03,0.09 ,0.0246068, 0.260689,0.714704,0.975393
0.03,0.1 ,0.0255485, 0.260028,0.714424,0.974451
0.03,0.11 ,0.0265136, 0.259367,0.714119,0.973486
0.03,0.12 ,0.0275014, 0.258708,0.713791,0.972499
0.03,0.13 ,0.0285109, 0.258049,0.71344,0.971489
0.03,0.14 ,0.0295411, 0.257391,0.713068,0.970459
0.03,0.15 ,0.0305905, 0.256735,0.712674,0.969409
0.03,0.16 ,0.0316579, 0.256081,0.712261,0.968342
0.03,0.17 ,0.0327415, 0.255428,0.711831,0.967258
0.03,0.18 ,0.0338397, 0.254777,0.711383,0.96616
0.03,0.19 ,0.0349504, 0.254128,0.710921,0.96505
0.03,0.2 ,0.0360715, 0.253482,0.710446,0.963929
0.03,0.21 ,0.0372006, 0.252839,0.709961,0.962799
0.03,0.22 ,0.0383354, 0.252198,0.709467,0.961665
0.03,0.23 ,0.0394732, 0.251561,0.708966,0.960527
0.03,0.24 ,0.0406112, 0.250926,0.708463,0.959389
0.03,0.25 ,0.0417466, 0.250296,0.707958,0.958253
0.03,0.26 ,0.0428764, 0.249669,0.707455,0.957124
0.03,0.27 ,0.0439975, 0.249046,0.706956,0.956002
0.03,0.28 ,0.045107, 0.248428,0.706465,0.954893
0.03,0.29 ,0.0462015, 0.247814,0.705985,0.953798
0.03,0.3 ,0.0472781, 0.247204,0.705518,0.952722
0.03,0.31 ,0.0483337, 0.2466,0.705066,0.951666
0.03,0.32 ,0.0493652, 0.246001,0.704634,0.950635
0.03,0.33 ,0.0503698, 0.245407,0.704223,0.94963
0.03,0.34 ,0.0513446, 0.244819,0.703836,0.948655
0.03,0.35 ,0.0522871, 0.244237,0.703476,0.947713
0.03,0.36 ,0.0531948, 0.243661,0.703145,0.946805
0.03,0.37 ,0.0540656, 0.243091,0.702844,0.945934
0.03,0.38 ,0.0548975, 0.242527,0.702576,0.945103
0.03,0.39 ,0.0556887, 0.24197,0.702341,0.944311
0.03,0.4 ,0.0564379, 0.24142,0.702142,0.943562
0.03,0.41 ,0.0571438, 0.240876,0.70198,0.942856
0.03,0.42 ,0.0578056, 0.24034,0.701854,0.942194
0.03,0.43 ,0.0584228, 0.239811,0.701766,0.941577
0.03,0.44 ,0.0589949, 0.239289,0.701716,0.941005
0.03,0.45 ,0.0595221, 0.238775,0.701703,0.940478
0.03,0.46 ,0.0600045, 0.238269,0.701727,0.939996
0.03,0.47 ,0.0604426, 0.23777,0.701788,0.939557
0.03,0.48 ,0.0608372, 0.237278,0.701885,0.939163
0.03,0.49 ,0.0611891, 0.236795,0.702016,0.938811
0.03,0.5 ,0.0614996, 0.236319,0.702181,0.9385
0.03,0.51 ,0.0617699, 0.235852,0.702379,0.93823
0.03,0.52 ,0.0620014, 0.235392,0.702607,0.937999
0.03,0.53 ,0.0621958, 0.23494,0.702864,0.937804
0.03,0.54 ,0.0623546, 0.234497,0.703149,0.937645
0.03,0.55 ,0.0624797, 0.234061,0.70346,0.93752
0.03,0.56 ,0.0625727, 0.233633,0.703794,0.937427
0.03,0.57 ,0.0626356, 0.233213,0.704151,0.937364
0.03,0.58 ,0.0626703, 0.232802,0.704528,0.93733
0.03,0.59 ,0.0626784, 0.232398,0.704924,0.937322
0.03,0.6 ,0.062662, 0.232002,0.705336,0.937338
0.03,0.61 ,0.0626227, 0.231614,0.705764,0.937377
0.03,0.62 ,0.0625624, 0.231233,0.706204,0.937438
0.03,0.63 ,0.0624828, 0.23086,0.706657,0.937517
0.03,0.64 ,0.0623856, 0.230495,0.707119,0.937614
0.03,0.65 ,0.0622723, 0.230138,0.70759,0.937728
0.03,0.66 ,0.0621446, 0.229788,0.708068,0.937855
0.03,0.67 ,0.0620038, 0.229445,0.708551,0.937996
0.03,0.68 ,0.0618514, 0.22911,0.709039,0.938149
0.03,0.69 ,0.0616887, 0.228781,0.70953,0.938311
0.03,0.7 ,0.0615169, 0.22846,0.710023,0.938483
0.03,0.71 ,0.0613372, 0.228146,0.710517,0.938663
0.03,0.72 ,0.0611508, 0.227838,0.711011,0.938849
0.03,0.73 ,0.0609585, 0.227538,0.711504,0.939041
0.03,0.74 ,0.0607615, 0.227244,0.711995,0.939238
0.03,0.75 ,0.0605605, 0.226956,0.712483,0.939439
0.03,0.76 ,0.0603564, 0.226675,0.712968,0.939644
0.03,0.77 ,0.06015, 0.2264,0.71345,0.93985
0.03,0.78 ,0.0599419, 0.226132,0.713927,0.940058
0.03,0.79 ,0.0597327, 0.225869,0.714398,0.940267
0.03,0.8 ,0.0595231, 0.225612,0.714865,0.940477
0.03,0.81 ,0.0593135, 0.225361,0.715325,0.940687
0.03,0.82 ,0.0591044, 0.225116,0.71578,0.940896
0.03,0.83 ,0.0588964, 0.224876,0.716227,0.941104
0.03,0.84 ,0.0586897, 0.224642,0.716668,0.94131
0.03,0.85 ,0.0584847, 0.224413,0.717102,0.941515
0.03,0.86 ,0.0582817, 0.224189,0.717529,0.941718
0.03,0.87 ,0.0580811, 0.223971,0.717948,0.941919
0.03,0.88 ,0.0578829, 0.223757,0.71836,0.942117
0.03,0.89 ,0.0576875, 0.223548,0.718764,0.942312
0.03,0.9 ,0.0574951, 0.223344,0.719161,0.942505
0.03,0.91 ,0.0573057, 0.223145,0.71955,0.942694
0.03,0.92 ,0.0571196, 0.22295,0.719931,0.94288
0.03,0.93 ,0.0569369, 0.222759,0.720304,0.943063
0.03,0.94 ,0.0567576, 0.222573,0.720669,0.943242
0.03,0.95 ,0.0565818, 0.222391,0.721027,0.943418
0.03,0.96 ,0.0564096, 0.222213,0.721377,0.94359
0.03,0.97 ,0.0562411, 0.222039,0.72172,0.943759
0.03,0.98 ,0.0560762, 0.221869,0.722055,0.943924
0.03,0.99 ,0.055915, 0.221703,0.722382,0.944085
0.03,1 ,0.0557575, 0.221541,0.722702,0.944243
0.04,0 ,0.0172526, 0.266307,0.71644,0.982747
0.04,0.01 ,0.0179768, 0.265641,0.716382,0.982023
0.04,0.02 ,0.0187271, 0.264975,0.716298,0.981273
0.04,0.03 ,0.0195036, 0.264307,0.71619,0.980496
0.04,0.04 ,0.0203066, 0.263638,0.716055,0.979693
0.04,0.05 ,0.0211362, 0.26297,0.715894,0.978864
0.04,0.06 ,0.0219925, 0.2623,0.715707,0.978007
0.04,0.07 ,0.0228754, 0.261631,0.715494,0.977125
0.04,0.08 ,0.0237847, 0.260961,0.715254,0.976215
0.04,0.09 ,0.0247201, 0.260292,0.714988,0.97528
0.04,0.1 ,0.0256812, 0.259623,0.714696,0.974319
0.04,0.11 ,0.0266676, 0.258954,0.714378,0.973332
0.04,0.12 ,0.0276783, 0.258286,0.714036,0.972322
0.04,0.13 ,0.0287128, 0.257619,0.713668,0.971287
0.04,0.14 ,0.0297698, 0.256952,0.713278,0.97023
0.04,0.15 ,0.0308482, 0.256287,0.712864,0.969152
0.04,0.16 ,0.0319467, 0.255624,0.71243,0.968053
0.04,0.17 ,0.0330636, 0.254962,0.711975,0.966936
0.04,0.18 ,0.0341973, 0.254302,0.711501,0.965803
0.04,0.19 ,0.0353458, 0.253643,0.711011,0.964654
0.04,0.2 ,0.0365071, 0.252988,0.710505,0.963493
0.04,0.21 ,0.0376787, 0.252334,0.709987,0.962321
0.04,0.22 ,0.0388582, 0.251684,0.709458,0.961142
0.04,0.23 ,0.040043, 0.251036,0.708921,0.959957
0.04,0.24 ,0.0412302, 0.250391,0.708378,0.95877
0.04,0.25 ,0.0424169, 0.24975,0.707833,0.957583
0.04,0.26 ,0.0436001, 0.249113,0.707287,0.9564
0.04,0.27 ,0.0447765, 0.24848,0.706744,0.955224
0.04,0.28 ,0.0459429, 0.24785,0.706207,0.954057
0.04,0.29 ,0.047096, 0.247226,0.705678,0.952904
0.04,0.3 ,0.0482325, 0.246605,0.705162,0.951768
0.04,0.31 ,0.049349, 0.24599,0.704661,0.950651
0.04,0.32 ,0.0504424, 0.24538,0.704178,0.949558
0.04,0.33 ,0.0515095, 0.244775,0.703715,0.94849
0.04,0.34 ,0.0525472, 0.244176,0.703277,0.947453
0.04,0.35 ,0.0535527, 0.243582,0.702865,0.946447
0.04,0.36 ,0.0545232, 0.242995,0.702482,0.945477
0.04,0.37 ,0.0554562, 0.242414,0.70213,0.944544
0.04,0.38 ,0.0563495, 0.241839,0.701812,0.943651
0.04,0.39 ,0.057201, 0.241271,0.701528,0.942799
0.04,0.4 ,0.0580092, 0.240709,0.701282,0.941991
0.04,0.41 ,0.0587725, 0.240155,0.701073,0.941227
0.04,0.42 ,0.0594899, 0.239607,0.700903,0.94051
0.04,0.43 ,0.0601605, 0.239067,0.700772,0.939839
0.04,0.44 ,0.0607839, 0.238534,0.700682,0.939216
0.04,0.45 ,0.0613599, 0.238009,0.700631,0.93864
0.04,0.46 ,0.0618886, 0.237492,0.70062,0.938111
0.04,0.47 ,0.0623703, 0.236982,0.700648,0.93763
0.04,0.48 ,0.0628058, 0.23648,0.700714,0.937194
0.04,0.49 ,0.0631959, 0.235986,0.700818,0.936804
0.04,0.5 ,0.0635416, 0.2355,0.700958,0.936458
0.04,0.51 ,0.0638444, 0.235023,0.701133,0.936156
0.04,0.52 ,0.0641056, 0.234553,0.701342,0.935894
0.04,0.53 ,0.0643269, 0.234091,0.701582,0.935673
0.04,0.54 ,0.06451, 0.233638,0.701852,0.93549
0.04,0.55 ,0.0646567, 0.233193,0.702151,0.935343
0.04,0.56 ,0.0647689, 0.232755,0.702476,0.935231
0.04,0.57 ,0.0648485, 0.232327,0.702825,0.935151
0.04,0.58 ,0.0648975, 0.231906,0.703197,0.935102
0.04,0.59 ,0.0649179, 0.231493,0.703589,0.935082
0.04,0.6 ,0.0649117, 0.231088,0.704,0.935088
0.04,0.61 ,0.0648807, 0.230692,0.704428,0.935119
0.04,0.62 ,0.0648269, 0.230303,0.70487,0.935173
0.04,0.63 ,0.0647521, 0.229922,0.705326,0.935248
0.04,0.64 ,0.0646581, 0.229549,0.705793,0.935342
0.04,0.65 ,0.0645467, 0.229184,0.706269,0.935453
0.04,0.66 ,0.0644195, 0.228826,0.706754,0.93558
0.04,0.67 ,0.0642781, 0.228476,0.707245,0.935722
0.04,0.68 ,0.0641241, 0.228134,0.707742,0.935876
0.04,0.69 ,0.0639588, 0.227799,0.708243,0.936041
0.04,0.7 ,0.0637835, 0.227471,0.708746,0.936216
0.04,0.71 ,0.0635996, 0.22715,0.70925,0.9364
0.04,0.72 ,0.0634083, 0.226836,0.709755,0.936592
0.04,0.73 ,0.0632106, 0.226529,0.71026,0.936789
0.04,0.74 ,0.0630076, 0.226229,0.710763,0.936992
0.04,0.75 ,0.0628002, 0.225936,0.711264,0.9372
0.04,0.76 ,0.0625894, 0.225649,0.711761,0.937411
0.04,0.77 ,0.0623758, 0.225369,0.712255,0.937624
0.04,0.78 ,0.0621604, 0.225095,0.712745,0.93784
0.04,0.79 ,0.0619437, 0.224827,0.713229,0.938056
0.04,0.8 ,0.0617264, 0.224565,0.713708,0.938274
0.04,0.81 ,0.061509, 0.22431,0.714181,0.938491
0.04,0.82 ,0.0612921, 0.22406,0.714648,0.938708
0.04,0.83 ,0.0610762, 0.223816,0.715108,0.938924
0.04,0.84 ,0.0608616, 0.223577,0.715562,0.939138
0.04,0.85 ,0.0606487, 0.223344,0.716008,0.939351
0.04,0.86 ,0.0604379, 0.223116,0.716446,0.939562
0.04,0.87 ,0.0602295, 0.222893,0.716877,0.939771
0.04,0.88 ,0.0600236, 0.222676,0.717301,0.939976
0.04,0.89 ,0.0598207, 0.222463,0.717716,0.940179
0.04,0.9 ,0.0596207, 0.222255,0.718124,0.940379
0.04,0.91 ,0.059424, 0.222052,0.718524,0.940576
0.04,0.92 ,0.0592307, 0.221854,0.718915,0.940769
0.04,0.93 ,0.0590409, 0.22166,0.719299,0.940959
0.04,0.94 ,0.0588546, 0.221471,0.719674,0.941145
0.04,0.95 ,0.0586721, 0.221286,0.720042,0.941328
0.04,0.96 ,0.0584933, 0.221105,0.720402,0.941507
0.04,0.97 ,0.0583183, 0.220928,0.720753,0.941682
0.04,0.98 ,0.0581471, 0.220756,0.721097,0.941853
0.04,0.99 ,0.0579798, 0.220587,0.721433,0.94202
0.04,1 ,0.0578163, 0.220422,0.721762,0.942184
0.05,0 ,0.0172469, 0.26598,0.716774,0.982753
0.05,0.01 ,0.0179785, 0.265307,0.716715,0.982021
0.05,0.02 ,0.018737, 0.264633,0.71663,0.981263
0.05,0.03 ,0.0195228, 0.263959,0.716518,0.980477
0.05,0.04 ,0.0203362, 0.263283,0.71638,0.979664
0.05,0.05 ,0.0211774, 0.262607,0.716215,0.978823
0.05,0.06 ,0.0220465, 0.261931,0.716023,0.977954
0.05,0.07 ,0.0229435, 0.261254,0.715803,0.977057
0.05,0.08 ,0.0238684, 0.260576,0.715555,0.976132
0.05,0.09 ,0.0248209, 0.259899,0.71528,0.975179
0.05,0.1 ,0.0258009, 0.259222,0.714977,0.974199
0.05,0.11 ,0.0268077, 0.258545,0.714647,0.973192
0.05,0.12 ,0.0278409, 0.257868,0.714291,0.972159
0.05,0.13 ,0.0288996, 0.257193,0.713908,0.9711
0.05,0.14 ,0.0299829, 0.256518,0.713499,0.970017
0.05,0.15 ,0.0310898, 0.255844,0.713067,0.96891
0.05,0.16 ,0.0322189, 0.255171,0.71261,0.967781
0.05,0.17 ,0.0333688, 0.2545,0.712132,0.966631
0.05,0.18 ,0.0345377, 0.25383,0.711632,0.965462
0.05,0.19 ,0.0357239, 0.253162,0.711114,0.964276
0.05,0.2 ,0.0369252, 0.252497,0.710578,0.963075
0.05,0.21 ,0.0381393, 0.251833,0.710027,0.961861
0.05,0.22 ,0.0393638, 0.251173,0.709463,0.960636
0.05,0.23 ,0.040596, 0.250515,0.708889,0.959404
0.05,0.24 ,0.041833, 0.24986,0.708307,0.958167
0.05,0.25 ,0.0430718, 0.249209,0.70772,0.956928
0.05,0.26 ,0.0443093, 0.248561,0.70713,0.955691
0.05,0.27 ,0.0455421, 0.247916,0.706541,0.954458
0.05,0.28 ,0.0467669, 0.247276,0.705957,0.953233
0.05,0.29 ,0.0479802, 0.246641,0.705379,0.95202
0.05,0.3 ,0.0491785, 0.246009,0.704812,0.950821
0.05,0.31 ,0.0503583, 0.245383,0.704259,0.949642
0.05,0.32 ,0.051516, 0.244761,0.703723,0.948484
0.05,0.33 ,0.0526483, 0.244145,0.703206,0.947352
0.05,0.34 ,0.0537518, 0.243535,0.702714,0.946248
0.05,0.35 ,0.0548233, 0.24293,0.702247,0.945177
0.05,0.36 ,0.0558599, 0.242331,0.701809,0.94414
0.05,0.37 ,0.0568586, 0.241738,0.701403,0.943141
0.05,0.38 ,0.0578169, 0.241152,0.701031,0.942183
0.05,0.39 ,0.0587326, 0.240572,0.700695,0.941267
0.05,0.4 ,0.0596036, 0.239999,0.700397,0.940396
0.05,0.41 ,0.0604283, 0.239433,0.700138,0.939572
0.05,0.42 ,0.0612052, 0.238875,0.69992,0.938795
0.05,0.43 ,0.0619333, 0.238323,0.699744,0.938067
0.05,0.44 ,0.0626119, 0.237779,0.699609,0.937388
0.05,0.45 ,0.0632407, 0.237243,0.699516,0.936759
0.05,0.46 ,0.0638195, 0.236714,0.699466,0.93618
0.05,0.47 ,0.0643486, 0.236194,0.699458,0.935651
0.05,0.48 ,0.0648286, 0.235681,0.699491,0.935171
0.05,0.49 ,0.0652603, 0.235176,0.699564,0.93474
0.05,0.5 ,0.0656447, 0.23468,0.699676,0.934355
0.05,0.51 ,0.0659831, 0.234191,0.699826,0.934017
0.05,0.52 ,0.066277, 0.233711,0.700012,0.933723
0.05,0.53 ,0.066528, 0.233239,0.700233,0.933472
0.05,0.54 ,0.0667379, 0.232776,0.700486,0.933262
0.05,0.55 ,0.0669086, 0.232321,0.700771,0.933091
0.05,0.56 ,0.0670422, 0.231874,0.701084,0.932958
0.05,0.57 ,0.0671405, 0.231436,0.701424,0.932859
0.05,0.58 ,0.0672058, 0.231005,0.701789,0.932794
0.05,0.59 ,0.0672401, 0.230584,0.702176,0.93276
0.05,0.6 ,0.0672454, 0.23017,0.702585,0.932755
0.05,0.61 ,0.067224, 0.229765,0.703011,0.932776
0.05,0.62 ,0.0671778, 0.229367,0.703455,0.932822
0.05,0.63 ,0.0671088, 0.228978,0.703913,0.932891
0.05,0.64 ,0.0670189, 0.228597,0.704384,0.932981
0.05,0.65 ,0.0669101, 0.228224,0.704866,0.93309
0.05,0.66 ,0.066784, 0.227859,0.705357,0.933216
0.05,0.67 ,0.0666425, 0.227501,0.705856,0.933357
0.05,0.68 ,0.0664872, 0.227151,0.706362,0.933513
0.05,0.69 ,0.0663195, 0.226809,0.706872,0.93368
0.05,0.7 ,0.066141, 0.226474,0.707385,0.933859
0.05,0.71 ,0.065953, 0.226146,0.707901,0.934047
0.05,0.72 ,0.0657569, 0.225826,0.708417,0.934243
0.05,0.73 ,0.0655537, 0.225513,0.708933,0.934446
0.05,0.74 ,0.0653447, 0.225207,0.709449,0.934655
0.05,0.75 ,0.0651308, 0.224907,0.709962,0.934869
0.05,0.76 ,0.0649131, 0.224615,0.710472,0.935087
0.05,0.77 ,0.0646923, 0.224329,0.710979,0.935308
0.05,0.78 ,0.0644693, 0.224049,0.711481,0.935531
0.05,0.79 ,0.0642449, 0.223776,0.711979,0.935755
0.05,0.8 ,0.0640197, 0.223509,0.712471,0.93598
0.05,0.81 ,0.0637943, 0.223249,0.712957,0.936206
0.05,0.82 ,0.0635693, 0.222994,0.713437,0.936431
0.05,0.83 ,0.0633452, 0.222745,0.71391,0.936655
0.05,0.84 ,0.0631224, 0.222502,0.714376,0.936878
0.05,0.85 ,0.0629013, 0.222264,0.714834,0.937099
0.05,0.86 ,0.0626824, 0.222032,0.715285,0.937318
0.05,0.87 ,0.0624659, 0.221805,0.715729,0.937534
0.05,0.88 ,0.0622521, 0.221584,0.716164,0.937748
0.05,0.89 ,0.0620412, 0.221368,0.716591,0.937959
0.05,0.9 ,0.0618336, 0.221156,0.71701,0.938166
0.05,0.91 ,0.0616292, 0.22095,0.717421,0.938371
0.05,0.92 ,0.0614284, 0.220748,0.717824,0.938572
0.05,0.93 ,0.0612312, 0.220551,0.718218,0.938769
0.05,0.94 ,0.0610378, 0.220358,0.718604,0.938962
0.05,0.95 ,0.0608482, 0.22017,0.718982,0.939152
0.05,0.96 ,0.0606626, 0.219986,0.719351,0.939337
0.05,0.97 ,0.0604809, 0.219806,0.719713,0.939519
0.05,0.98 ,0.0603032, 0.219631,0.720066,0.939697
0.05,0.99 ,0.0601295, 0.219459,0.720411,0.93987
0.05,1 ,0.0599599, 0.219291,0.720749,0.94004
0.06,0 ,0.0172345, 0.265655,0.71711,0.982766
0.06,0.01 ,0.0179729, 0.264976,0.717051,0.982027
0.06,0.02 ,0.0187391, 0.264296,0.716965,0.981261
0.06,0.03 ,0.0195336, 0.263615,0.716852,0.980466
0.06,0.04 ,0.0203567, 0.262932,0.716711,0.979643
0.06,0.05 ,0.0212088, 0.262249,0.716542,0.978791
0.06,0.06 ,0.02209, 0.261565,0.716345,0.97791
0.06,0.07 ,0.0230005, 0.26088,0.716119,0.977
0.06,0.08 ,0.0239403, 0.260196,0.715864,0.97606
0.06,0.09 ,0.0249093, 0.25951,0.71558,0.975091
0.06,0.1 ,0.0259073, 0.258825,0.715268,0.974093
0.06,0.11 ,0.026934, 0.25814,0.714926,0.973066
0.06,0.12 ,0.0279888, 0.257455,0.714556,0.972011
0.06,0.13 ,0.0290712, 0.256771,0.714158,0.970929
0.06,0.14 ,0.0301802, 0.256087,0.713733,0.96982
0.06,0.15 ,0.0313149, 0.255404,0.713281,0.968685
0.06,0.16 ,0.0324741, 0.254722,0.712804,0.967526
0.06,0.17 ,0.0336564, 0.254042,0.712302,0.966344
0.06,0.18 ,0.0348602, 0.253363,0.711777,0.96514
0.06,0.19 ,0.0360837, 0.252685,0.711231,0.963916
0.06,0.2 ,0.0373249, 0.25201,0.710665,0.962675
0.06,0.21 ,0.0385814, 0.251337,0.710082,0.961419
0.06,0.22 ,0.0398509, 0.250666,0.709483,0.960149
0.06,0.23 ,0.0411307, 0.249998,0.708872,0.958869
0.06,0.24 ,0.042418, 0.249332,0.70825,0.957582
0.06,0.25 ,0.0437095, 0.24867,0.70762,0.956291
0.06,0.26 ,0.0450022, 0.248012,0.706986,0.954998
0.06,0.27 ,0.0462925, 0.247357,0.706351,0.953707
0.06,0.28 ,0.047577, 0.246706,0.705717,0.952423
0.06,0.29 ,0.0488521, 0.246059,0.705089,0.951148
0.06,0.3 ,0.0501141, 0.245416,0.70447,0.949886
0.06,0.31 ,0.0513591, 0.244778,0.703862,0.948641
0.06,0.32 ,0.0525836, 0.244146,0.703271,0.947416
0.06,0.33 ,0.0537837, 0.243518,0.702698,0.946216
0.06,0.34 ,0.0549558, 0.242896,0.702148,0.945044
0.06,0.35 ,0.0560965, 0.242279,0.701624,0.943903
0.06,0.36 ,0.0572024, 0.241669,0.701129,0.942798
0.06,0.37 ,0.0582704, 0.241064,0.700665,0.94173
0.06,0.38 ,0.0592976, 0.240466,0.700236,0.940702
0.06,0.39 ,0.0602813, 0.239875,0.699844,0.939719
0.06,0.4 ,0.0612192, 0.23929,0.69949,0.938781
0.06,0.41 ,0.0621093, 0.238713,0.699178,0.937891
0.06,0.42 ,0.0629499, 0.238142,0.698908,0.93705
0.06,0.43 ,0.0637398, 0.237579,0.698681,0.93626
0.06,0.44 ,0.0644778, 0.237024,0.698498,0.935522
0.06,0.45 ,0.0651635, 0.236476,0.69836,0.934836
0.06,0.46 ,0.0657966, 0.235936,0.698267,0.934203
0.06,0.47 ,0.0663772, 0.235404,0.698219,0.933623
0.06,0.48 ,0.0669056, 0.23488,0.698214,0.933094
0.06,0.49 ,0.0673827, 0.234364,0.698253,0.932617
0.06,0.5 ,0.0678093, 0.233857,0.698334,0.932191
0.06,0.51 ,0.0681868, 0.233358,0.698456,0.931813
0.06,0.52 ,0.0685166, 0.232867,0.698617,0.931483
0.06,0.53 ,0.0688004, 0.232385,0.698815,0.9312
0.06,0.54 ,0.06904, 0.231911,0.699049,0.93096
0.06,0.55 ,0.0692374, 0.231445,0.699317,0.930763
0.06,0.56 ,0.0693947, 0.230989,0.699617,0.930605
0.06,0.57 ,0.0695139, 0.23054,0.699946,0.930486
0.06,0.58 ,0.0695975, 0.230101,0.700302,0.930403
0.06,0.59 ,0.0696474, 0.229669,0.700683,0.930353
0.06,0.6 ,0.069666, 0.229247,0.701087,0.930334
0.06,0.61 ,0.0696556, 0.228832,0.701512,0.930344
0.06,0.62 ,0.0696182, 0.228426,0.701956,0.930382
0.06,0.63 ,0.0695561, 0.228028,0.702415,0.930444
0.06,0.64 ,0.0694713, 0.227639,0.70289,0.930529
0.06,0.65 ,0.0693658, 0.227258,0.703377,0.930634
0.06,0.66 ,0.0692416, 0.226884,0.703874,0.930758
0.06,0.67 ,0.0691005, 0.226519,0.704381,0.9309
0.06,0.68 ,0.0689443, 0.226161,0.704894,0.931056
0.06,0.69 ,0.0687746, 0.225812,0.705414,0.931225
0.06,0.7 ,0.0685931, 0.22547,0.705937,0.931407
0.06,0.71 ,0.0684012, 0.225135,0.706464,0.931599
0.06,0.72 ,0.0682003, 0.224808,0.706992,0.9318
0.06,0.73 ,0.0679917, 0.224488,0.70752,0.932008
0.06,0.74 ,0.0677766, 0.224176,0.708048,0.932223
0.06,0.75 ,0.0675561, 0.22387,0.708574,0.932444
0.06,0.76 ,0.0673314, 0.223572,0.709097,0.932669
0.06,0.77 ,0.0671032, 0.22328,0.709617,0.932897
0.06,0.78 ,0.0668725, 0.222995,0.710133,0.933127
0.06,0.79 ,0.0666401, 0.222716,0.710644,0.93336
0.06,0.8 ,0.0664068, 0.222444,0.711149,0.933593
0.06,0.81 ,0.0661731, 0.222178,0.711649,0.933827
0.06,0.82 ,0.0659397, 0.221918,0.712142,0.93406
0.06,0.83 ,0.0657071, 0.221665,0.712628,0.934293
0.06,0.84 ,0.0654759, 0.221417,0.713107,0.934524
0.06,0.85 ,0.0652464, 0.221175,0.713579,0.934754
0.06,0.86 ,0.065019, 0.220938,0.714043,0.934981
0.06,0.87 ,0.0647942, 0.220707,0.714499,0.935206
0.06,0.88 ,0.0645721, 0.220482,0.714946,0.935428
0.06,0.89 ,0.064353, 0.220261,0.715386,0.935647
0.06,0.9 ,0.0641373, 0.220046,0.715817,0.935863
0.06,0.91 ,0.0639251, 0.219836,0.716239,0.936075
0.06,0.92 ,0.0637165, 0.219631,0.716653,0.936284
0.06,0.93 ,0.0635117, 0.21943,0.717058,0.936488
0.06,0.94 ,0.0633108, 0.219234,0.717455,0.936689
0.06,0.95 ,0.0631139, 0.219043,0.717844,0.936886
0.06,0.96 ,0.0629212, 0.218856,0.718223,0.937079
0.06,0.97 ,0.0627325, 0.218673,0.718595,0.937267
0.06,0.98 ,0.0625481, 0.218494,0.718958,0.937452
0.06,0.99 ,0.0623679, 0.21832,0.719312,0.937632
0.06,1 ,0.0621918, 0.21815,0.719659,0.937808
0.07,0 ,0.0172154, 0.265335,0.717449,0.982785
0.07,0.01 ,0.0179601, 0.26465,0.71739,0.98204
0.07,0.02 ,0.0187335, 0.263963,0.717304,0.981267
0.07,0.03 ,0.019536, 0.263274,0.717189,0.980464
0.07,0.04 ,0.0203683, 0.262585,0.717047,0.979632
0.07,0.05 ,0.0212306, 0.261895,0.716875,0.978769
0.07,0.06 ,0.0221233, 0.261203,0.716673,0.977877
0.07,0.07 ,0.0230465, 0.260511,0.716442,0.976953
0.07,0.08 ,0.0240005, 0.259819,0.716181,0.976
0.07,0.09 ,0.0249852, 0.259126,0.715889,0.975015
0.07,0.1 ,0.0260005, 0.258433,0.715567,0.973999
0.07,0.11 ,0.0270463, 0.257739,0.715214,0.972954
0.07,0.12 ,0.028122, 0.257046,0.714832,0.971878
0.07,0.13 ,0.0292273, 0.256353,0.71442,0.970773
0.07,0.14 ,0.0303613, 0.255661,0.713978,0.969639
0.07,0.15 ,0.0315231, 0.254969,0.713508,0.968477
0.07,0.16 ,0.0327118, 0.254278,0.71301,0.967288
0.07,0.17 ,0.0339259, 0.253588,0.712486,0.966074
0.07,0.18 ,0.0351641, 0.252899,0.711937,0.964836
0.07,0.19 ,0.0364245, 0.252212,0.711363,0.963576
0.07,0.2 ,0.0377052, 0.251527,0.710768,0.962295
0.07,0.21 ,0.039004, 0.250844,0.710152,0.960996
0.07,0.22 ,0.0403184, 0.250163,0.709519,0.959682
0.07,0.23 ,0.041646, 0.249484,0.70887,0.958354
0.07,0.24 ,0.0429836, 0.248809,0.708208,0.957016
0.07,0.25 ,0.0443284, 0.248136,0.707536,0.955672
0.07,0.26 ,0.0456769, 0.247466,0.706857,0.954323
0.07,0.27 ,0.0470257, 0.2468,0.706174,0.952974
0.07,0.28 ,0.0483711, 0.246138,0.705491,0.951629
0.07,0.29 ,0.0497094, 0.24548,0.70481,0.950291
0.07,0.3 ,0.0510367, 0.244826,0.704137,0.948963
0.07,0.31 ,0.0523491, 0.244177,0.703474,0.947651
0.07,0.32 ,0.0536425, 0.243533,0.702825,0.946358
0.07,0.33 ,0.0549129, 0.242893,0.702194,0.945087
0.07,0.34 ,0.0561566, 0.24226,0.701584,0.943843
0.07,0.35 ,0.0573696, 0.241631,0.700999,0.94263
0.07,0.36 ,0.0585482, 0.241009,0.700443,0.941452
0.07,0.37 ,0.0596891, 0.240392,0.699918,0.940311
0.07,0.38 ,0.0607889, 0.239783,0.699429,0.939211
0.07,0.39 ,0.0618446, 0.239179,0.698976,0.938155
0.07,0.4 ,0.0628536, 0.238583,0.698564,0.937146
0.07,0.41 ,0.0638135, 0.237993,0.698193,0.936187
0.07,0.42 ,0.0647222, 0.237411,0.697867,0.935278
0.07,0.43 ,0.0655782, 0.236836,0.697586,0.934422
0.07,0.44 ,0.0663802, 0.236268,0.697351,0.93362
0.07,0.45 ,0.0671273, 0.235709,0.697164,0.932873
0.07,0.46 ,0.0678191, 0.235157,0.697024,0.932181
0.07,0.47 ,0.0684554, 0.234614,0.696931,0.931545
0.07,0.48 ,0.0690365, 0.234078,0.696885,0.930963
0.07,0.49 ,0.069563, 0.233551,0.696886,0.930437
0.07,0.5 ,0.0700358, 0.233032,0.696932,0.929964
0.07,0.51 ,0.0704561, 0.232522,0.697022,0.929544
0.07,0.52 ,0.0708254, 0.23202,0.697154,0.929175
0.07,0.53 ,0.0711453, 0.231527,0.697328,0.928855
0.07,0.54 ,0.0714177, 0.231043,0.69754,0.928582
0.07,0.55 ,0.0716447, 0.230567,0.697789,0.928355
0.07,0.56 ,0.0718284, 0.2301,0.698072,0.928172
0.07,0.57 ,0.071971, 0.229641,0.698388,0.928029
0.07,0.58 ,0.072075, 0.229192,0.698733,0.927925
0.07,0.59 ,0.0721426, 0.228751,0.699107,0.927857
0.07,0.6 ,0.0721763, 0.228318,0.699505,0.927824
0.07,0.61 ,0.0721785, 0.227895,0.699927,0.927822
0.07,0.62 ,0.0721513, 0.22748,0.700369,0.927849
0.07,0.63 ,0.0720973, 0.227073,0.70083,0.927903
0.07,0.64 ,0.0720186, 0.226675,0.701307,0.927981
0.07,0.65 ,0.0719174, 0.226285,0.701798,0.928083
0.07,0.66 ,0.0717957, 0.225903,0.702301,0.928204
0.07,0.67 ,0.0716557, 0.22553,0.702814,0.928344
0.07,0.68 ,0.0714991, 0.225165,0.703336,0.928501
0.07,0.69 ,0.0713278, 0.224807,0.703865,0.928672
0.07,0.7 ,0.0711436, 0.224458,0.704399,0.928856
0.07,0.71 ,0.0709479, 0.224116,0.704936,0.929052
0.07,0.72 ,0.0707424, 0.223782,0.705476,0.929258
0.07,0.73 ,0.0705284, 0.223455,0.706016,0.929472
0.07,0.74 ,0.0703073, 0.223136,0.706557,0.929693
0.07,0.75 ,0.0700802, 0.222824,0.707096,0.92992
0.07,0.76 ,0.0698483, 0.222519,0.707632,0.930152
0.07,0.77 ,0.0696125, 0.222222,0.708166,0.930387
0.07,0.78 ,0.069374, 0.221931,0.708695,0.930626
0.07,0.79 ,0.0691334, 0.221646,0.70922,0.930867
0.07,0.8 ,0.0688917, 0.221369,0.70974,0.931108
0.07,0.81 ,0.0686494, 0.221098,0.710253,0.931351
0.07,0.82 ,0.0684074, 0.220833,0.71076,0.931593
0.07,0.83 ,0.0681661, 0.220574,0.71126,0.931834
0.07,0.84 ,0.0679261, 0.220321,0.711752,0.932074
0.07,0.85 ,0.0676878, 0.220075,0.712237,0.932312
0.07,0.86 ,0.0674517, 0.219834,0.712715,0.932548
0.07,0.87 ,0.0672182, 0.219598,0.713183,0.932782
0.07,0.88 ,0.0669875, 0.219369,0.713644,0.933012
0.07,0.89 ,0.06676, 0.219144,0.714096,0.93324
0.07,0.9 ,0.0665359, 0.218925,0.714539,0.933464
0.07,0.91 ,0.0663155, 0.218711,0.714973,0.933685
0.07,0.92 ,0.0660988, 0.218502,0.715399,0.933901
0.07,0.93 ,0.0658861, 0.218298,0.715816,0.934114
0.07,0.94 ,0.0656775, 0.218099,0.716224,0.934322
0.07,0.95 ,0.0654731, 0.217904,0.716623,0.934527
0.07,0.96 ,0.0652729, 0.217714,0.717013,0.934727
0.07,0.97 ,0.0650771, 0.217528,0.717395,0.934923
0.07,0.98 ,0.0648857, 0.217346,0.717768,0.935114
0.07,0.99 ,0.0646986, 0.217169,0.718132,0.935301
0.07,1 ,0.064516, 0.216996,0.718488,0.935484
0.08,0 ,0.0171899, 0.265019,0.717791,0.98281
0.08,0.01 ,0.0179403, 0.264327,0.717733,0.98206
0.08,0.02 ,0.0187203, 0.263633,0.717646,0.98128
0.08,0.03 ,0.0195303, 0.262938,0.717531,0.98047
0.08,0.04 ,0.0203711, 0.262242,0.717387,0.979629
0.08,0.05 ,0.0212429, 0.261545,0.717212,0.978757
0.08,0.06 ,0.0221464, 0.260846,0.717008,0.977854
