e1,e2,V,Rs,Rv,P
0,0 ,0.123253, 0.233922,0.642825,0.876747
0,0.01 ,0.126457, 0.23331,0.640233,0.873543
0,0.02 ,0.129725, 0.232697,0.637577,0.870275
0,0.03 ,0.133058, 0.232083,0.634859,0.866942
0,0.04 ,0.136453, 0.231468,0.632079,0.863547
0,0.05 ,0.13991, 0.230852,0.629238,0.86009
0,0.06 ,0.143428, 0.230235,0.626337,0.856572
0,0.07 ,0.147004, 0.229617,0.623379,0.852996
0,0.08 ,0.150638, 0.228998,0.620364,0.849362
0,0.09 ,0.154326, 0.228378,0.617296,0.845674
0,0.1 ,0.158065, 0.227759,0.614176,0.841935
0,0.11 ,0.161854, 0.227139,0.611008,0.838146
0,0.12 ,0.165687, 0.226518,0.607794,0.834313
0,0.13 ,0.169563, 0.225898,0.604539,0.830437
0,0.14 ,0.173476, 0.225277,0.601247,0.826524
0,0.15 ,0.177421, 0.224657,0.597922,0.822579
0,0.16 ,0.181394, 0.224037,0.594569,0.818606
0,0.17 ,0.185388, 0.223418,0.591193,0.814612
0,0.18 ,0.189399, 0.2228,0.587801,0.810601
0,0.19 ,0.193419, 0.222182,0.584399,0.806581
0,0.2 ,0.197442, 0.221566,0.580993,0.802558
0,0.21 ,0.20146, 0.220951,0.57759,0.79854
0,0.22 ,0.205465, 0.220337,0.574197,0.794535
0,0.23 ,0.209451, 0.219725,0.570824,0.790549
0,0.24 ,0.213408, 0.219115,0.567477,0.786592
0,0.25 ,0.217328, 0.218507,0.564164,0.782672
0,0.26 ,0.221203, 0.217902,0.560895,0.778797
0,0.27 ,0.225024, 0.217299,0.557677,0.774976
0,0.28 ,0.228781, 0.216699,0.55452,0.771219
0,0.29 ,0.232468, 0.216102,0.55143,0.767532
0,0.3 ,0.236074, 0.215508,0.548418,0.763926
0,0.31 ,0.239592, 0.214918,0.54549,0.760408
0,0.32 ,0.243014, 0.214331,0.542654,0.756986
0,0.33 ,0.246333, 0.213749,0.539918,0.753667
0,0.34 ,0.249541, 0.213171,0.537288,0.750459
0,0.35 ,0.252632, 0.212597,0.534771,0.747368
0,0.36 ,0.255602, 0.212028,0.532371,0.744398
0,0.37 ,0.258444, 0.211464,0.530093,0.741556
0,0.38 ,0.261154, 0.210905,0.527941,0.738846
0,0.39 ,0.26373, 0.210351,0.525919,0.73627
0,0.4 ,0.266169, 0.209803,0.524028,0.733831
0,0.41 ,0.268468, 0.209261,0.522271,0.731532
0,0.42 ,0.270629, 0.208725,0.520647,0.729371
0,0.43 ,0.272649, 0.208195,0.519156,0.727351
0,0.44 ,0.274531, 0.207671,0.517799,0.725469
0,0.45 ,0.276275, 0.207154,0.516572,0.723725
0,0.46 ,0.277884, 0.206643,0.515473,0.722116
0,0.47 ,0.279361, 0.206139,0.5145,0.720639
0,0.48 ,0.280708, 0.205642,0.513649,0.719292
0,0.49 ,0.281931, 0.205153,0.512917,0.718069
0,0.5 ,0.283032, 0.20467,0.512298,0.716968
0,0.51 ,0.284018, 0.204195,0.511788,0.715982
0,0.52 ,0.284891, 0.203727,0.511382,0.715108
0,0.53 ,0.285659, 0.203266,0.511075,0.714341
0,0.54 ,0.286326, 0.202812,0.510862,0.713674
0,0.55 ,0.286897, 0.202367,0.510737,0.713103
0,0.56 ,0.287378, 0.201928,0.510694,0.712622
0,0.57 ,0.287773, 0.201497,0.510729,0.712227
0,0.58 ,0.288089, 0.201074,0.510837,0.711911
0,0.59 ,0.288331, 0.200658,0.511011,0.711669
0,0.6 ,0.288504, 0.200249,0.511247,0.711496
0,0.61 ,0.288612, 0.199848,0.51154,0.711388
0,0.62 ,0.288661, 0.199455,0.511885,0.711339
0,0.63 ,0.288654, 0.199068,0.512277,0.711346
0,0.64 ,0.288598, 0.198689,0.512713,0.711402
0,0.65 ,0.288495, 0.198317,0.513188,0.711505
0,0.66 ,0.288349, 0.197952,0.513698,0.711651
0,0.67 ,0.288166, 0.197595,0.51424,0.711834
0,0.68 ,0.287947, 0.197244,0.514809,0.712053
0,0.69 ,0.287697, 0.1969,0.515403,0.712303
0,0.7 ,0.287418, 0.196563,0.516019,0.712582
0,0.71 ,0.287114, 0.196233,0.516653,0.712886
0,0.72 ,0.286787, 0.195909,0.517304,0.713213
0,0.73 ,0.286441, 0.195591,0.517968,0.713559
0,0.74 ,0.286076, 0.195281,0.518643,0.713924
0,0.75 ,0.285696, 0.194976,0.519328,0.714304
0,0.76 ,0.285303, 0.194677,0.520019,0.714697
0,0.77 ,0.284898, 0.194385,0.520716,0.715102
0,0.78 ,0.284484, 0.194099,0.521417,0.715516
0,0.79 ,0.284061, 0.193818,0.522121,0.715939
0,0.8 ,0.283632, 0.193543,0.522825,0.716368
0,0.81 ,0.283198, 0.193274,0.523529,0.716802
0,0.82 ,0.282759, 0.19301,0.524231,0.717241
0,0.83 ,0.282318, 0.192752,0.524931,0.717682
0,0.84 ,0.281874, 0.192498,0.525627,0.718126
0,0.85 ,0.28143, 0.19225,0.52632,0.71857
0,0.86 ,0.280986, 0.192007,0.527007,0.719014
0,0.87 ,0.280542, 0.191769,0.527689,0.719458
0,0.88 ,0.2801, 0.191536,0.528364,0.7199
0,0.89 ,0.27966, 0.191308,0.529033,0.72034
0,0.9 ,0.279222, 0.191084,0.529694,0.720778
0,0.91 ,0.278787, 0.190865,0.530348,0.721213
0,0.92 ,0.278356, 0.19065,0.530994,0.721644
0,0.93 ,0.277929, 0.190439,0.531631,0.722071
0,0.94 ,0.277507, 0.190233,0.532261,0.722493
0,0.95 ,0.277089, 0.19003,0.532881,0.722911
0,0.96 ,0.276675, 0.189832,0.533492,0.723325
0,0.97 ,0.276267, 0.189638,0.534095,0.723733
0,0.98 ,0.275865, 0.189447,0.534688,0.724135
0,0.99 ,0.275467, 0.189261,0.535272,0.724533
0,1 ,0.275076, 0.189078,0.535847,0.724924
0.01,0 ,0.123354, 0.233665,0.642981,0.876646
0.01,0.01 ,0.126586, 0.233049,0.640366,0.873414
0.01,0.02 ,0.129885, 0.232431,0.637684,0.870115
0.01,0.03 ,0.133251, 0.231811,0.634938,0.866749
0.01,0.04 ,0.136682, 0.231191,0.632127,0.863318
0.01,0.05 ,0.140179, 0.230569,0.629252,0.859821
0.01,0.06 ,0.143739, 0.229947,0.626314,0.856261
0.01,0.07 ,0.147362, 0.229323,0.623316,0.852638
0.01,0.08 ,0.151045, 0.228698,0.620257,0.848955
0.01,0.09 ,0.154786, 0.228073,0.617141,0.845214
0.01,0.1 ,0.158584, 0.227447,0.613969,0.841416
0.01,0.11 ,0.162434, 0.226821,0.610745,0.837566
0.01,0.12 ,0.166334, 0.226194,0.607472,0.833666
0.01,0.13 ,0.170281, 0.225567,0.604152,0.829719
0.01,0.14 ,0.17427, 0.22494,0.60079,0.82573
0.01,0.15 ,0.178297, 0.224313,0.59739,0.821703
0.01,0.16 ,0.182356, 0.223686,0.593958,0.817644
0.01,0.17 ,0.186442, 0.22306,0.590498,0.813558
0.01,0.18 ,0.19055, 0.222434,0.587016,0.80945
0.01,0.19 ,0.194673, 0.221809,0.583518,0.805327
0.01,0.2 ,0.198805, 0.221185,0.580011,0.801195
0.01,0.21 ,0.202937, 0.220562,0.576501,0.797063
0.01,0.22 ,0.207062, 0.21994,0.572997,0.792938
0.01,0.23 ,0.211173, 0.21932,0.569507,0.788827
0.01,0.24 ,0.215261, 0.218702,0.566037,0.784739
0.01,0.25 ,0.219317, 0.218086,0.562598,0.780683
0.01,0.26 ,0.223332, 0.217471,0.559196,0.776668
0.01,0.27 ,0.227298, 0.21686,0.555842,0.772702
0.01,0.28 ,0.231205, 0.216251,0.552544,0.768795
0.01,0.29 ,0.235045, 0.215644,0.549311,0.764955
0.01,0.3 ,0.238808, 0.215041,0.546151,0.761192
0.01,0.31 ,0.242485, 0.214442,0.543073,0.757515
0.01,0.32 ,0.246068, 0.213846,0.540086,0.753932
0.01,0.33 ,0.24955, 0.213254,0.537197,0.75045
0.01,0.34 ,0.252921, 0.212666,0.534413,0.747079
0.01,0.35 ,0.256177, 0.212082,0.531741,0.743823
0.01,0.36 ,0.259309, 0.211503,0.529188,0.740691
0.01,0.37 ,0.262313, 0.210929,0.526758,0.737687
0.01,0.38 ,0.265183, 0.21036,0.524457,0.734817
0.01,0.39 ,0.267917, 0.209796,0.522287,0.732083
0.01,0.4 ,0.270509, 0.209238,0.520253,0.729491
0.01,0.41 ,0.272959, 0.208686,0.518355,0.727041
0.01,0.42 ,0.275265, 0.208139,0.516595,0.724735
0.01,0.43 ,0.277427, 0.207599,0.514974,0.722573
0.01,0.44 ,0.279444, 0.207065,0.513491,0.720556
0.01,0.45 ,0.281318, 0.206538,0.512144,0.718682
0.01,0.46 ,0.283051, 0.206017,0.510931,0.716949
0.01,0.47 ,0.284646, 0.205503,0.509851,0.715354
0.01,0.48 ,0.286105, 0.204997,0.508898,0.713895
0.01,0.49 ,0.287433, 0.204497,0.50807,0.712567
0.01,0.5 ,0.288633, 0.204005,0.507362,0.711367
0.01,0.51 ,0.289711, 0.203519,0.506769,0.710289
0.01,0.52 ,0.290671, 0.203042,0.506287,0.709329
0.01,0.53 ,0.291519, 0.202571,0.50591,0.708481
0.01,0.54 ,0.29226, 0.202109,0.505632,0.70774
0.01,0.55 ,0.292899, 0.201654,0.505448,0.707101
0.01,0.56 ,0.293442, 0.201206,0.505352,0.706558
0.01,0.57 ,0.293895, 0.200766,0.505339,0.706105
0.01,0.58 ,0.294263, 0.200334,0.505403,0.705737
0.01,0.59 ,0.294552, 0.19991,0.505539,0.705448
0.01,0.6 ,0.294767, 0.199493,0.505741,0.705233
0.01,0.61 ,0.294913, 0.199083,0.506004,0.705087
0.01,0.62 ,0.294996, 0.198681,0.506323,0.705004
0.01,0.63 ,0.29502, 0.198287,0.506693,0.70498
0.01,0.64 ,0.29499, 0.1979,0.50711,0.70501
0.01,0.65 ,0.294911, 0.197521,0.507569,0.705089
0.01,0.66 ,0.294786, 0.197148,0.508066,0.705214
0.01,0.67 ,0.29462, 0.196784,0.508597,0.70538
0.01,0.68 ,0.294416, 0.196426,0.509158,0.705584
0.01,0.69 ,0.294179, 0.196075,0.509746,0.705821
0.01,0.7 ,0.293911, 0.195731,0.510358,0.706089
0.01,0.71 ,0.293616, 0.195394,0.51099,0.706384
0.01,0.72 ,0.293296, 0.195064,0.51164,0.706704
0.01,0.73 ,0.292955, 0.194741,0.512304,0.707045
0.01,0.74 ,0.292594, 0.194424,0.512982,0.707406
0.01,0.75 ,0.292217, 0.194113,0.513669,0.707783
0.01,0.76 ,0.291825, 0.193809,0.514365,0.708175
0.01,0.77 ,0.291421, 0.193511,0.515068,0.708579
0.01,0.78 ,0.291006, 0.193219,0.515775,0.708994
0.01,0.79 ,0.290582, 0.192934,0.516485,0.709418
0.01,0.8 ,0.290151, 0.192654,0.517196,0.709849
0.01,0.81 ,0.289713, 0.192379,0.517908,0.710287
0.01,0.82 ,0.289271, 0.192111,0.518618,0.710729
0.01,0.83 ,0.288826, 0.191848,0.519327,0.711174
0.01,0.84 ,0.288378, 0.19159,0.520032,0.711622
0.01,0.85 ,0.287929, 0.191338,0.520733,0.712071
0.01,0.86 ,0.28748, 0.19109,0.52143,0.71252
0.01,0.87 ,0.287031, 0.190848,0.522121,0.712969
0.01,0.88 ,0.286583, 0.190611,0.522806,0.713417
0.01,0.89 ,0.286137, 0.190379,0.523485,0.713863
0.01,0.9 ,0.285693, 0.190151,0.524156,0.714307
0.01,0.91 ,0.285252, 0.189928,0.524819,0.714748
0.01,0.92 ,0.284815, 0.18971,0.525475,0.715185
0.01,0.93 ,0.284382, 0.189496,0.526122,0.715618
0.01,0.94 ,0.283953, 0.189286,0.526761,0.716047
0.01,0.95 ,0.283528, 0.18908,0.527391,0.716472
0.01,0.96 ,0.283109, 0.188879,0.528012,0.716891
0.01,0.97 ,0.282694, 0.188682,0.528624,0.717306
0.01,0.98 ,0.282285, 0.188488,0.529226,0.717715
0.01,0.99 ,0.281882, 0.188299,0.52982,0.718118
0.01,1 ,0.281484, 0.188113,0.530403,0.718516
0.02,0 ,0.12343, 0.233411,0.643158,0.87657
0.02,0.01 ,0.126689, 0.23279,0.640521,0.873311
0.02,0.02 ,0.130017, 0.232167,0.637816,0.869983
0.02,0.03 ,0.133414, 0.231543,0.635043,0.866586
0.02,0.04 ,0.13688, 0.230917,0.632202,0.86312
0.02,0.05 ,0.140414, 0.23029,0.629295,0.859586
0.02,0.06 ,0.144015, 0.229662,0.626323,0.855985
0.02,0.07 ,0.147682, 0.229033,0.623285,0.852318
0.02,0.08 ,0.151413, 0.228403,0.620185,0.848587
0.02,0.09 ,0.155206, 0.227771,0.617023,0.844794
0.02,0.1 ,0.159059, 0.227139,0.613802,0.840941
0.02,0.11 ,0.162969, 0.226507,0.610524,0.837031
0.02,0.12 ,0.166934, 0.225874,0.607192,0.833066
0.02,0.13 ,0.17095, 0.22524,0.60381,0.82905
0.02,0.14 ,0.175013, 0.224606,0.600381,0.824987
0.02,0.15 ,0.179119, 0.223973,0.596909,0.820881
0.02,0.16 ,0.183263, 0.223339,0.593399,0.816737
0.02,0.17 ,0.187439, 0.222705,0.589856,0.812561
0.02,0.18 ,0.191643, 0.222072,0.586285,0.808357
0.02,0.19 ,0.195867, 0.22144,0.582694,0.804133
0.02,0.2 ,0.200105, 0.220808,0.579087,0.799895
0.02,0.21 ,0.20435, 0.220177,0.575473,0.79565
0.02,0.22 ,0.208594, 0.219547,0.571858,0.791406
0.02,0.23 ,0.21283, 0.218919,0.568251,0.78717
0.02,0.24 ,0.217048, 0.218293,0.56466,0.782952
0.02,0.25 ,0.22124, 0.217668,0.561093,0.77876
0.02,0.26 ,0.225396, 0.217045,0.557559,0.774604
0.02,0.27 ,0.229508, 0.216424,0.554068,0.770492
0.02,0.28 ,0.233566, 0.215806,0.550628,0.766434
0.02,0.29 ,0.237561, 0.215191,0.547249,0.762439
0.02,0.3 ,0.241482, 0.214579,0.543939,0.758518
0.02,0.31 ,0.245322, 0.21397,0.540709,0.754678
0.02,0.32 ,0.24907, 0.213364,0.537566,0.75093
0.02,0.33 ,0.252718, 0.212762,0.53452,0.747282
0.02,0.34 ,0.256258, 0.212164,0.531578,0.743742
0.02,0.35 ,0.259682, 0.211571,0.528747,0.740318
0.02,0.36 ,0.262983, 0.210982,0.526035,0.737017
0.02,0.37 ,0.266154, 0.210398,0.523448,0.733846
0.02,0.38 ,0.269191, 0.209818,0.52099,0.730809
0.02,0.39 ,0.272088, 0.209244,0.518667,0.727912
0.02,0.4 ,0.274842, 0.208676,0.516482,0.725158
0.02,0.41 ,0.27745, 0.208113,0.514437,0.72255
0.02,0.42 ,0.279909, 0.207556,0.512535,0.720091
0.02,0.43 ,0.282219, 0.207006,0.510776,0.717781
0.02,0.44 ,0.284379, 0.206462,0.509159,0.715621
0.02,0.45 ,0.286391, 0.205924,0.507685,0.713609
0.02,0.46 ,0.288256, 0.205393,0.506351,0.711744
0.02,0.47 ,0.289976, 0.204869,0.505155,0.710024
0.02,0.48 ,0.291554, 0.204352,0.504094,0.708446
0.02,0.49 ,0.292994, 0.203842,0.503164,0.707006
0.02,0.5 ,0.294301, 0.203339,0.50236,0.705699
0.02,0.51 ,0.295478, 0.202844,0.501678,0.704522
0.02,0.52 ,0.29653, 0.202357,0.501113,0.70347
0.02,0.53 ,0.297464, 0.201877,0.500659,0.702536
0.02,0.54 ,0.298284, 0.201404,0.500311,0.701716
0.02,0.55 ,0.298997, 0.20094,0.500063,0.701003
0.02,0.56 ,0.299608, 0.200483,0.499909,0.700392
0.02,0.57 ,0.300123, 0.200034,0.499843,0.699877
0.02,0.58 ,0.300547, 0.199593,0.49986,0.699453
0.02,0.59 ,0.300888, 0.199159,0.499953,0.699112
0.02,0.6 ,0.301149, 0.198733,0.500117,0.698851
0.02,0.61 ,0.301337, 0.198316,0.500347,0.698663
0.02,0.62 ,0.301458, 0.197905,0.500637,0.698542
0.02,0.63 ,0.301515, 0.197503,0.500982,0.698485
0.02,0.64 ,0.301515, 0.197108,0.501377,0.698485
0.02,0.65 ,0.301462, 0.196721,0.501817,0.698538
0.02,0.66 ,0.30136, 0.196341,0.502299,0.69864
0.02,0.67 ,0.301214, 0.195968,0.502818,0.698786
0.02,0.68 ,0.301028, 0.195603,0.503369,0.698972
0.02,0.69 ,0.300805, 0.195246,0.503949,0.699195
0.02,0.7 ,0.30055, 0.194895,0.504555,0.69945
0.02,0.71 ,0.300265, 0.194551,0.505184,0.699735
0.02,0.72 ,0.299953, 0.194215,0.505832,0.700047
0.02,0.73 ,0.299619, 0.193885,0.506497,0.700381
0.02,0.74 ,0.299263, 0.193562,0.507175,0.700737
0.02,0.75 ,0.29889, 0.193245,0.507865,0.70111
0.02,0.76 ,0.2985, 0.192935,0.508565,0.7015
0.02,0.77 ,0.298097, 0.192631,0.509271,0.701903
0.02,0.78 ,0.297682, 0.192334,0.509984,0.702318
0.02,0.79 ,0.297257, 0.192043,0.5107,0.702742
0.02,0.8 ,0.296825, 0.191758,0.511418,0.703175
0.02,0.81 ,0.296385, 0.191478,0.512137,0.703615
0.02,0.82 ,0.29594, 0.191205,0.512855,0.70406
0.02,0.83 ,0.295491, 0.190937,0.513572,0.704509
0.02,0.84 ,0.295039, 0.190675,0.514286,0.704961
0.02,0.85 ,0.294586, 0.190418,0.514996,0.705414
0.02,0.86 ,0.294132, 0.190166,0.515702,0.705868
0.02,0.87 ,0.293678, 0.18992,0.516402,0.706322
0.02,0.88 ,0.293225, 0.189678,0.517097,0.706775
0.02,0.89 ,0.292773, 0.189442,0.517785,0.707227
0.02,0.9 ,0.292324, 0.189211,0.518466,0.707676
0.02,0.91 ,0.291877, 0.188984,0.519139,0.708123
0.02,0.92 ,0.291434, 0.188762,0.519804,0.708566
0.02,0.93 ,0.290994, 0.188544,0.520461,0.709006
0.02,0.94 ,0.290559, 0.188331,0.52111,0.709441
0.02,0.95 ,0.290128, 0.188122,0.521749,0.709872
0.02,0.96 ,0.289703, 0.187918,0.52238,0.710297
0.02,0.97 ,0.289282, 0.187717,0.523001,0.710718
0.02,0.98 ,0.288866, 0.187521,0.523613,0.711134
0.02,0.99 ,0.288457, 0.187328,0.524215,0.711543
0.02,1 ,0.288052, 0.187139,0.524808,0.711948
0.03,0 ,0.123483, 0.233161,0.643356,0.876517
0.03,0.01 ,0.126767, 0.232535,0.640698,0.873233
0.03,0.02 ,0.130123, 0.231907,0.63797,0.869877
0.03,0.03 ,0.13355, 0.231278,0.635172,0.86645
0.03,0.04 ,0.137049, 0.230647,0.632304,0.862951
0.03,0.05 ,0.140618, 0.230015,0.629367,0.859382
0.03,0.06 ,0.144258, 0.229381,0.626361,0.855742
0.03,0.07 ,0.147967, 0.228746,0.623287,0.852033
0.03,0.08 ,0.151743, 0.22811,0.620146,0.848257
0.03,0.09 ,0.155586, 0.227473,0.616941,0.844414
0.03,0.1 ,0.159492, 0.226835,0.613672,0.840508
0.03,0.11 ,0.16346, 0.226197,0.610343,0.83654
0.03,0.12 ,0.167487, 0.225557,0.606955,0.832513
0.03,0.13 ,0.17157, 0.224917,0.603513,0.82843
0.03,0.14 ,0.175705, 0.224277,0.600018,0.824295
0.03,0.15 ,0.179888, 0.223636,0.596476,0.820112
0.03,0.16 ,0.184114, 0.222996,0.592891,0.815886
0.03,0.17 ,0.188378, 0.222355,0.589267,0.811622
0.03,0.18 ,0.192675, 0.221714,0.585611,0.807325
0.03,0.19 ,0.196998, 0.221074,0.581927,0.803002
0.03,0.2 ,0.201342, 0.220435,0.578223,0.798658
0.03,0.21 ,0.205698, 0.219796,0.574505,0.794302
0.03,0.22 ,0.21006, 0.219159,0.570781,0.78994
0.03,0.23 ,0.214419, 0.218522,0.567059,0.785581
0.03,0.24 ,0.218767, 0.217887,0.563346,0.781233
0.03,0.25 ,0.223094, 0.217254,0.559652,0.776906
0.03,0.26 ,0.227391, 0.216622,0.555986,0.772609
0.03,0.27 ,0.23165, 0.215993,0.552357,0.76835
0.03,0.28 ,0.23586, 0.215366,0.548774,0.76414
0.03,0.29 ,0.240011, 0.214741,0.545248,0.759989
0.03,0.3 ,0.244093, 0.21412,0.541787,0.755907
0.03,0.31 ,0.248097, 0.213501,0.538402,0.751903
0.03,0.32 ,0.252013, 0.212886,0.535101,0.747987
0.03,0.33 ,0.255832, 0.212274,0.531894,0.744168
0.03,0.34 ,0.259544, 0.211667,0.52879,0.740456
0.03,0.35 ,0.263141, 0.211063,0.525796,0.736859
0.03,0.36 ,0.266616, 0.210464,0.52292,0.733384
0.03,0.37 ,0.269962, 0.209869,0.520169,0.730038
0.03,0.38 ,0.273171, 0.20928,0.517549,0.726829
0.03,0.39 ,0.276239, 0.208695,0.515066,0.723761
0.03,0.4 ,0.279161, 0.208116,0.512723,0.720839
0.03,0.41 ,0.281933, 0.207543,0.510524,0.718067
0.03,0.42 ,0.284553, 0.206976,0.508471,0.715447
0.03,0.43 ,0.287019, 0.206415,0.506566,0.712981
0.03,0.44 ,0.289331, 0.20586,0.50481,0.710669
0.03,0.45 ,0.291488, 0.205311,0.503201,0.708512
0.03,0.46 ,0.293492, 0.20477,0.501738,0.706508
0.03,0.47 ,0.295346, 0.204235,0.500419,0.704654
0.03,0.48 ,0.297051, 0.203708,0.499242,0.702949
0.03,0.49 ,0.298611, 0.203188,0.498202,0.701389
0.03,0.5 ,0.30003, 0.202675,0.497295,0.69997
0.03,0.51 ,0.301313, 0.202169,0.496518,0.698687
0.03,0.52 ,0.302465, 0.201672,0.495863,0.697535
0.03,0.53 ,0.303491, 0.201182,0.495327,0.696508
0.03,0.54 ,0.304398, 0.200699,0.494903,0.695602
0.03,0.55 ,0.30519, 0.200225,0.494585,0.69481
0.03,0.56 ,0.305874, 0.199759,0.494367,0.694126
0.03,0.57 ,0.306456, 0.1993,0.494244,0.693544
0.03,0.58 ,0.306942, 0.198849,0.494208,0.693058
0.03,0.59 ,0.307338, 0.198407,0.494255,0.692662
0.03,0.6 ,0.307651, 0.197972,0.494377,0.692349
0.03,0.61 ,0.307885, 0.197545,0.49457,0.692115
0.03,0.62 ,0.308046, 0.197127,0.494827,0.691954
0.03,0.63 ,0.308141, 0.196716,0.495144,0.691859
0.03,0.64 ,0.308173, 0.196313,0.495514,0.691827
0.03,0.65 ,0.308149, 0.195917,0.495934,0.691851
0.03,0.66 ,0.308073, 0.195529,0.496398,0.691927
0.03,0.67 ,0.307949, 0.195149,0.496901,0.692051
0.03,0.68 ,0.307782, 0.194777,0.497441,0.692218
0.03,0.69 ,0.307576, 0.194412,0.498012,0.692423
0.03,0.7 ,0.307335, 0.194054,0.498611,0.692665
0.03,0.71 ,0.307062, 0.193703,0.499234,0.692938
0.03,0.72 ,0.306761, 0.19336,0.499879,0.693239
0.03,0.73 ,0.306434, 0.193023,0.500542,0.693566
0.03,0.74 ,0.306085, 0.192694,0.501221,0.693915
0.03,0.75 ,0.305716, 0.192371,0.501912,0.694284
0.03,0.76 ,0.30533, 0.192055,0.502614,0.69467
0.03,0.77 ,0.304929, 0.191746,0.503325,0.695071
0.03,0.78 ,0.304516, 0.191443,0.504042,0.695484
0.03,0.79 ,0.304091, 0.191146,0.504763,0.695909
0.03,0.8 ,0.303657, 0.190855,0.505488,0.696343
0.03,0.81 ,0.303216, 0.190571,0.506214,0.696784
0.03,0.82 ,0.302769, 0.190292,0.506939,0.697231
0.03,0.83 ,0.302317, 0.190019,0.507664,0.697683
0.03,0.84 ,0.301862, 0.189752,0.508386,0.698138
0.03,0.85 ,0.301404, 0.189491,0.509105,0.698596
0.03,0.86 ,0.300946, 0.189235,0.50982,0.699054
0.03,0.87 ,0.300487, 0.188984,0.510529,0.699513
0.03,0.88 ,0.300029, 0.188738,0.511233,0.699971
0.03,0.89 ,0.299572, 0.188498,0.51193,0.700428
0.03,0.9 ,0.299117, 0.188262,0.512621,0.700883
0.03,0.91 ,0.298665, 0.188032,0.513304,0.701335
0.03,0.92 ,0.298216, 0.187806,0.513979,0.701784
0.03,0.93 ,0.29777, 0.187585,0.514645,0.70223
0.03,0.94 ,0.297329, 0.187368,0.515303,0.702671
0.03,0.95 ,0.296892, 0.187156,0.515952,0.703108
0.03,0.96 ,0.29646, 0.186948,0.516592,0.70354
0.03,0.97 ,0.296033, 0.186744,0.517223,0.703967
0.03,0.98 ,0.295612, 0.186544,0.517844,0.704388
0.03,0.99 ,0.295196, 0.186349,0.518456,0.704804
0.03,1 ,0.294785, 0.186157,0.519058,0.705215
0.04,0 ,0.123514, 0.232914,0.643572,0.876486
0.04,0.01 ,0.126821, 0.232283,0.640896,0.873179
0.04,0.02 ,0.130202, 0.231651,0.638147,0.869798
0.04,0.03 ,0.133658, 0.231016,0.635326,0.866342
0.04,0.04 ,0.137188, 0.23038,0.632432,0.862812
0.04,0.05 ,0.140791, 0.229743,0.629466,0.859209
0.04,0.06 ,0.144468, 0.229104,0.626428,0.855532
0.04,0.07 ,0.148216, 0.228464,0.62332,0.851784
0.04,0.08 ,0.152036, 0.227822,0.620142,0.847964
0.04,0.09 ,0.155926, 0.227179,0.616895,0.844074
0.04,0.1 ,0.159884, 0.226535,0.613581,0.840116
0.04,0.11 ,0.163908, 0.22589,0.610202,0.836092
0.04,0.12 ,0.167994, 0.225245,0.606761,0.832006
0.04,0.13 ,0.172142, 0.224598,0.60326,0.827858
0.04,0.14 ,0.176346, 0.223951,0.599703,0.823654
0.04,0.15 ,0.180603, 0.223304,0.596093,0.819397
0.04,0.16 ,0.184909, 0.222656,0.592435,0.815091
0.04,0.17 ,0.189259, 0.222009,0.588733,0.810741
0.04,0.18 ,0.193647, 0.221361,0.584992,0.806353
0.04,0.19 ,0.198068, 0.220713,0.581219,0.801932
0.04,0.2 ,0.202515, 0.220066,0.577419,0.797485
0.04,0.21 ,0.206981, 0.21942,0.573599,0.793019
0.04,0.22 ,0.211458, 0.218774,0.569767,0.788542
0.04,0.23 ,0.215939, 0.21813,0.565931,0.784061
0.04,0.24 ,0.220415, 0.217486,0.562098,0.779585
0.04,0.25 ,0.224877, 0.216844,0.558278,0.775123
0.04,0.26 ,0.229316, 0.216204,0.55448,0.770684
0.04,0.27 ,0.233721, 0.215566,0.550713,0.766279
0.04,0.28 ,0.238083, 0.21493,0.546987,0.761917
0.04,0.29 ,0.242392, 0.214296,0.543313,0.757608
0.04,0.3 ,0.246636, 0.213665,0.539699,0.753364
0.04,0.31 ,0.250807, 0.213037,0.536156,0.749193
0.04,0.32 ,0.254894, 0.212412,0.532695,0.745106
0.04,0.33 ,0.258886, 0.21179,0.529324,0.741114
0.04,0.34 ,0.262774, 0.211172,0.526053,0.737226
0.04,0.35 ,0.26655, 0.210559,0.522891,0.73345
0.04,0.36 ,0.270204, 0.209949,0.519847,0.729796
0.04,0.37 ,0.273728, 0.209344,0.516927,0.726272
0.04,0.38 ,0.277116, 0.208744,0.51414,0.722884
0.04,0.39 ,0.280361, 0.208149,0.511489,0.719639
0.04,0.4 ,0.283458, 0.20756,0.508982,0.716542
0.04,0.41 ,0.286402, 0.206976,0.506622,0.713598
0.04,0.42 ,0.289191, 0.206398,0.504412,0.710809
0.04,0.43 ,0.291821, 0.205826,0.502353,0.708179
0.04,0.44 ,0.294291, 0.20526,0.500448,0.705709
0.04,0.45 ,0.296602, 0.204701,0.498696,0.703398
0.04,0.46 ,0.298754, 0.204149,0.497097,0.701246
0.04,0.47 ,0.300749, 0.203603,0.495648,0.699251
0.04,0.48 ,0.302589, 0.203065,0.494346,0.697411
0.04,0.49 ,0.304277, 0.202534,0.493189,0.695723
0.04,0.5 ,0.305817, 0.202011,0.492173,0.694183
0.04,0.51 ,0.307213, 0.201495,0.491292,0.692787
0.04,0.52 ,0.308472, 0.200987,0.490541,0.691528
0.04,0.53 ,0.309598, 0.200486,0.489916,0.690402
0.04,0.54 ,0.310597, 0.199994,0.489409,0.689403
0.04,0.55 ,0.311475, 0.19951,0.489016,0.688525
0.04,0.56 ,0.312238, 0.199033,0.488729,0.687762
0.04,0.57 ,0.312893, 0.198565,0.488542,0.687107
0.04,0.58 ,0.313445, 0.198105,0.48845,0.686555
0.04,0.59 ,0.313902, 0.197653,0.488445,0.686098
0.04,0.6 ,0.31427, 0.197209,0.488521,0.68573
0.04,0.61 ,0.314554, 0.196773,0.488673,0.685446
0.04,0.62 ,0.314761, 0.196345,0.488894,0.685239
0.04,0.63 ,0.314896, 0.195926,0.489179,0.685104
0.04,0.64 ,0.314965, 0.195514,0.489521,0.685035
0.04,0.65 ,0.314973, 0.19511,0.489917,0.685027
0.04,0.66 ,0.314925, 0.194715,0.490361,0.685075
0.04,0.67 ,0.314826, 0.194326,0.490847,0.685174
0.04,0.68 ,0.314681, 0.193946,0.491372,0.685319
0.04,0.69 ,0.314494, 0.193574,0.491932,0.685506
0.04,0.7 ,0.31427, 0.193208,0.492522,0.68573
0.04,0.71 ,0.31401, 0.192851,0.493139,0.68599
0.04,0.72 ,0.313721, 0.1925,0.493779,0.686279
0.04,0.73 ,0.313404, 0.192157,0.494439,0.686596
0.04,0.74 ,0.313062, 0.191821,0.495117,0.686938
0.04,0.75 ,0.312699, 0.191492,0.495809,0.6873
0.04,0.76 ,0.312318, 0.191169,0.496512,0.687682
0.04,0.77 ,0.31192, 0.190854,0.497226,0.68808
0.04,0.78 ,0.311508, 0.190545,0.497947,0.688491
0.04,0.79 ,0.311085, 0.190242,0.498673,0.688915
0.04,0.8 ,0.310651, 0.189946,0.499403,0.689349
0.04,0.81 ,0.310209, 0.189656,0.500135,0.689791
0.04,0.82 ,0.30976, 0.189373,0.500868,0.69024
0.04,0.83 ,0.309306, 0.189095,0.5016,0.690694
0.04,0.84 ,0.308847, 0.188823,0.50233,0.691153
0.04,0.85 ,0.308387, 0.188556,0.503057,0.691613
0.04,0.86 ,0.307924, 0.188296,0.50378,0.692076
0.04,0.87 ,0.307461, 0.18804,0.504499,0.692539
0.04,0.88 ,0.306998, 0.187791,0.505211,0.693002
0.04,0.89 ,0.306536, 0.187546,0.505918,0.693464
0.04,0.9 ,0.306076, 0.187306,0.506618,0.693924
0.04,0.91 ,0.305618, 0.187072,0.50731,0.694382
0.04,0.92 ,0.305164, 0.186842,0.507994,0.694836
0.04,0.93 ,0.304713, 0.186617,0.50867,0.695287
0.04,0.94 ,0.304266, 0.186397,0.509338,0.695734
0.04,0.95 ,0.303823, 0.186181,0.509996,0.696177
0.04,0.96 ,0.303385, 0.185969,0.510646,0.696615
0.04,0.97 ,0.302952, 0.185762,0.511286,0.697048
0.04,0.98 ,0.302524, 0.185559,0.511916,0.697476
0.04,0.99 ,0.302102, 0.185361,0.512537,0.697898
0.04,1 ,0.301686, 0.185166,0.513148,0.698314
0.05,0 ,0.123523, 0.23267,0.643807,0.876477
0.05,0.01 ,0.126852, 0.232035,0.641113,0.873148
0.05,0.02 ,0.130257, 0.231397,0.638345,0.869743
0.05,0.03 ,0.13374, 0.230758,0.635502,0.86626
0.05,0.04 ,0.137298, 0.230117,0.632584,0.862702
0.05,0.05 ,0.140934, 0.229475,0.629592,0.859066
0.05,0.06 ,0.144645, 0.22883,0.626525,0.855355
0.05,0.07 ,0.148432, 0.228185,0.623383,0.851568
0.05,0.08 ,0.152294, 0.227537,0.620169,0.847706
0.05,0.09 ,0.156229, 0.226889,0.616883,0.843771
0.05,0.1 ,0.160235, 0.226239,0.613526,0.839765
0.05,0.11 ,0.164312, 0.225588,0.6101,0.835688
0.05,0.12 ,0.168456, 0.224936,0.606608,0.831544
0.05,0.13 ,0.172665, 0.224283,0.603051,0.827335
0.05,0.14 ,0.176937, 0.22363,0.599433,0.823063
0.05,0.15 ,0.181266, 0.222976,0.595758,0.818734
0.05,0.16 ,0.185649, 0.222321,0.592029,0.814351
0.05,0.17 ,0.190082, 0.221667,0.588251,0.809918
0.05,0.18 ,0.194559, 0.221012,0.584429,0.805441
0.05,0.19 ,0.199075, 0.220357,0.580568,0.800925
0.05,0.2 ,0.203623, 0.219702,0.576675,0.796377
0.05,0.21 ,0.208196, 0.219048,0.572756,0.791804
0.05,0.22 ,0.212788, 0.218394,0.568818,0.787212
0.05,0.23 ,0.21739, 0.217741,0.564869,0.78261
0.05,0.24 ,0.221993, 0.21709,0.560918,0.778007
0.05,0.25 ,0.226588, 0.216439,0.556973,0.773412
0.05,0.26 ,0.231167, 0.21579,0.553043,0.768833
0.05,0.27 ,0.235718, 0.215143,0.549139,0.764282
0.05,0.28 ,0.240233, 0.214498,0.54527,0.759767
0.05,0.29 ,0.244699, 0.213855,0.541446,0.755301
0.05,0.3 ,0.249108, 0.213214,0.537678,0.750892
0.05,0.31 ,0.253447, 0.212576,0.533977,0.746553
0.05,0.32 ,0.257706, 0.211942,0.530352,0.742294
0.05,0.33 ,0.261875, 0.21131,0.526815,0.738125
0.05,0.34 ,0.265943, 0.210682,0.523374,0.734057
0.05,0.35 ,0.269901, 0.210058,0.520041,0.730099
0.05,0.36 ,0.273739, 0.209439,0.516823,0.726261
0.05,0.37 ,0.277447, 0.208823,0.513729,0.722553
0.05,0.38 ,0.28102, 0.208213,0.510768,0.71898
0.05,0.39 ,0.284448, 0.207607,0.507945,0.715552
0.05,0.4 ,0.287727, 0.207006,0.505266,0.712273
0.05,0.41 ,0.290851, 0.206412,0.502738,0.709149
0.05,0.42 ,0.293815, 0.205823,0.500362,0.706185
0.05,0.43 ,0.296617, 0.20524,0.498143,0.703383
0.05,0.44 ,0.299255, 0.204663,0.496082,0.700745
0.05,0.45 ,0.301728, 0.204093,0.494179,0.698272
0.05,0.46 ,0.304036, 0.203529,0.492435,0.695964
0.05,0.47 ,0.30618, 0.202973,0.490847,0.69382
0.05,0.48 ,0.308163, 0.202424,0.489413,0.691837
0.05,0.49 ,0.309987, 0.201882,0.488131,0.690013
0.05,0.5 ,0.311655, 0.201348,0.486997,0.688345
0.05,0.51 ,0.313174, 0.200821,0.486005,0.686826
0.05,0.52 ,0.314546, 0.200302,0.485151,0.685454
0.05,0.53 ,0.315779, 0.199791,0.48443,0.684221
0.05,0.54 ,0.316877, 0.199288,0.483834,0.683123
0.05,0.55 ,0.317848, 0.198794,0.483359,0.682152
0.05,0.56 ,0.318696, 0.198307,0.482996,0.681304
0.05,0.57 ,0.31943, 0.197829,0.482741,0.68057
0.05,0.58 ,0.320055, 0.197359,0.482586,0.679945
0.05,0.59 ,0.320578, 0.196897,0.482525,0.679422
0.05,0.6 ,0.321006, 0.196444,0.48255,0.678994
0.05,0.61 ,0.321345, 0.195998,0.482657,0.678655
0.05,0.62 ,0.321601, 0.195562,0.482838,0.678399
0.05,0.63 ,0.32178, 0.195133,0.483087,0.67822
0.05,0.64 ,0.321889, 0.194713,0.483398,0.678111
0.05,0.65 ,0.321933, 0.1943,0.483767,0.678067
0.05,0.66 ,0.321917, 0.193896,0.484187,0.678083
0.05,0.67 ,0.321846, 0.1935,0.484654,0.678154
0.05,0.68 ,0.321726, 0.193112,0.485163,0.678274
0.05,0.69 ,0.32156, 0.192731,0.485709,0.67844
0.05,0.7 ,0.321354, 0.192358,0.486288,0.678646
0.05,0.71 ,0.32111, 0.191993,0.486896,0.67889
0.05,0.72 ,0.320834, 0.191636,0.48753,0.679166
0.05,0.73 ,0.320528, 0.191285,0.488186,0.679472
0.05,0.74 ,0.320196, 0.190942,0.488861,0.679804
0.05,0.75 ,0.319841, 0.190607,0.489552,0.680159
0.05,0.76 ,0.319465, 0.190278,0.490256,0.680534
0.05,0.77 ,0.319072, 0.189956,0.490972,0.680928
0.05,0.78 ,0.318663, 0.189641,0.491695,0.681337
0.05,0.79 ,0.318241, 0.189333,0.492426,0.681758
0.05,0.8 ,0.317808, 0.189031,0.49316,0.682191
0.05,0.81 ,0.317366, 0.188735,0.493898,0.682634
0.05,0.82 ,0.316916, 0.188446,0.494637,0.683084
0.05,0.83 ,0.31646, 0.188163,0.495376,0.683539
0.05,0.84 ,0.316, 0.187886,0.496114,0.684
0.05,0.85 ,0.315536, 0.187615,0.496849,0.684464
0.05,0.86 ,0.31507, 0.187349,0.49758,0.68493
0.05,0.87 ,0.314603, 0.187089,0.498307,0.685397
0.05,0.88 ,0.314136, 0.186835,0.499029,0.685864
0.05,0.89 ,0.31367, 0.186586,0.499744,0.68633
0.05,0.9 ,0.313205, 0.186342,0.500453,0.686795
0.05,0.91 ,0.312742, 0.186104,0.501154,0.687258
0.05,0.92 ,0.312282, 0.18587,0.501848,0.687718
0.05,0.93 ,0.311826, 0.185641,0.502533,0.688174
0.05,0.94 ,0.311373, 0.185417,0.50321,0.688627
0.05,0.95 ,0.310924, 0.185197,0.503878,0.689075
0.05,0.96 ,0.310481, 0.184983,0.504537,0.689519
0.05,0.97 ,0.310042, 0.184772,0.505186,0.689958
0.05,0.98 ,0.309608, 0.184566,0.505826,0.690391
0.05,0.99 ,0.30918, 0.184364,0.506456,0.690819
0.05,1 ,0.308758, 0.184166,0.507076,0.691242
0.06,0 ,0.123511, 0.23243,0.64406,0.876489
0.06,0.01 ,0.126861, 0.23179,0.64135,0.873139
0.06,0.02 ,0.130289, 0.231147,0.638564,0.869711
0.06,0.03 ,0.133796, 0.230503,0.635701,0.866204
0.06,0.04 ,0.137382, 0.229858,0.632761,0.862618
0.06,0.05 ,0.141047, 0.22921,0.629743,0.858953
0.06,0.06 ,0.144792, 0.22856,0.626648,0.855208
0.06,0.07 ,0.148615, 0.227909,0.623476,0.851385
0.06,0.08 ,0.152516, 0.227256,0.620228,0.847484
0.06,0.09 ,0.156493, 0.226602,0.616905,0.843507
0.06,0.1 ,0.160547, 0.225947,0.613507,0.839453
0.06,0.11 ,0.164674, 0.22529,0.610036,0.835326
0.06,0.12 ,0.168873, 0.224632,0.606495,0.831127
0.06,0.13 ,0.173142, 0.223973,0.602885,0.826858
0.06,0.14 ,0.177478, 0.223313,0.59921,0.822522
0.06,0.15 ,0.181877, 0.222652,0.595472,0.818123
0.06,0.16 ,0.186335, 0.22199,0.591675,0.813665
0.06,0.17 ,0.190848, 0.221329,0.587823,0.809152
0.06,0.18 ,0.195411, 0.220667,0.583922,0.804589
0.06,0.19 ,0.20002, 0.220004,0.579976,0.79998
0.06,0.2 ,0.204666, 0.219342,0.575992,0.795334
0.06,0.21 ,0.209345, 0.21868,0.571975,0.790655
0.06,0.22 ,0.214048, 0.218018,0.567933,0.785952
0.06,0.23 ,0.218768, 0.217358,0.563874,0.781232
0.06,0.24 ,0.223497, 0.216698,0.559806,0.776503
0.06,0.25 ,0.228224, 0.216039,0.555737,0.771776
0.06,0.26 ,0.232942, 0.215381,0.551677,0.767058
0.06,0.27 ,0.237639, 0.214725,0.547636,0.762361
0.06,0.28 ,0.242306, 0.21407,0.543624,0.757694
0.06,0.29 ,0.246931, 0.213418,0.539651,0.753069
0.06,0.3 ,0.251503, 0.212768,0.535729,0.748497
0.06,0.31 ,0.256012, 0.21212,0.531867,0.743988
0.06,0.32 ,0.260446, 0.211476,0.528078,0.739554
0.06,0.33 ,0.264794, 0.210834,0.524371,0.735206
0.06,0.34 ,0.269045, 0.210196,0.520758,0.730955
0.06,0.35 ,0.273189, 0.209562,0.517249,0.726811
0.06,0.36 ,0.277214, 0.208932,0.513854,0.722786
0.06,0.37 ,0.281113, 0.208306,0.510581,0.718887
0.06,0.38 ,0.284875, 0.207684,0.50744,0.715125
0.06,0.39 ,0.288494, 0.207068,0.504439,0.711506
0.06,0.4 ,0.291961, 0.206457,0.501583,0.708039
0.06,0.41 ,0.295271, 0.205851,0.498879,0.704729
0.06,0.42 ,0.298419, 0.20525,0.496331,0.701581
0.06,0.43 ,0.301401, 0.204656,0.493943,0.698599
0.06,0.44 ,0.304214, 0.204068,0.491718,0.695786
0.06,0.45 ,0.306857, 0.203487,0.489656,0.693143
0.06,0.46 ,0.30933, 0.202912,0.487758,0.69067
0.06,0.47 ,0.311632, 0.202345,0.486023,0.688368
0.06,0.48 ,0.313766, 0.201784,0.484449,0.686234
0.06,0.49 ,0.315735, 0.201231,0.483034,0.684265
0.06,0.5 ,0.317541, 0.200686,0.481774,0.682459
0.06,0.51 ,0.319189, 0.200148,0.480663,0.680811
0.06,0.52 ,0.320683, 0.199618,0.479698,0.679317
0.06,0.53 ,0.322031, 0.199097,0.478873,0.677969
0.06,0.54 ,0.323236, 0.198583,0.478181,0.676764
0.06,0.55 ,0.324306, 0.198078,0.477617,0.675694
0.06,0.56 ,0.325247, 0.19758,0.477173,0.674753
0.06,0.57 ,0.326065, 0.197092,0.476843,0.673935
0.06,0.58 ,0.326769, 0.196612,0.47662,0.673231
0.06,0.59 ,0.327364, 0.19614,0.476497,0.672636
0.06,0.6 ,0.327857, 0.195677,0.476466,0.672143
0.06,0.61 ,0.328255, 0.195222,0.476523,0.671745
0.06,0.62 ,0.328565, 0.194775,0.476659,0.671434
0.06,0.63 ,0.328794, 0.194338,0.476869,0.671206
0.06,0.64 ,0.328946, 0.193908,0.477145,0.671053
0.06,0.65 ,0.329029, 0.193487,0.477484,0.670971
0.06,0.66 ,0.329048, 0.193074,0.477877,0.670952
0.06,0.67 ,0.329009, 0.192669,0.478322,0.670991
0.06,0.68 ,0.328916, 0.192273,0.478811,0.671084
0.06,0.69 ,0.328774, 0.191884,0.479341,0.671226
0.06,0.7 ,0.328589, 0.191504,0.479907,0.671411
0.06,0.71 ,0.328364, 0.191131,0.480505,0.671636
0.06,0.72 ,0.328103, 0.190766,0.481131,0.671897
0.06,0.73 ,0.32781, 0.190409,0.481781,0.67219
0.06,0.74 ,0.327489, 0.190059,0.482452,0.672511
0.06,0.75 ,0.327143, 0.189716,0.483141,0.672857
0.06,0.76 ,0.326775, 0.189381,0.483844,0.673225
0.06,0.77 ,0.326387, 0.189053,0.48456,0.673613
0.06,0.78 ,0.325983, 0.188731,0.485286,0.674017
0.06,0.79 ,0.325564, 0.188417,0.486019,0.674436
0.06,0.8 ,0.325133, 0.188109,0.486758,0.674867
0.06,0.81 ,0.324691, 0.187808,0.487501,0.675309
0.06,0.82 ,0.324241, 0.187513,0.488246,0.675759
0.06,0.83 ,0.323784, 0.187225,0.488991,0.676216
0.06,0.84 ,0.323322, 0.186942,0.489735,0.676678
0.06,0.85 ,0.322856, 0.186666,0.490478,0.677144
0.06,0.86 ,0.322387, 0.186396,0.491217,0.677613
0.06,0.87 ,0.321917, 0.186131,0.491952,0.678083
0.06,0.88 ,0.321446, 0.185872,0.492682,0.678554
0.06,0.89 ,0.320975, 0.185618,0.493406,0.679024
0.06,0.9 ,0.320506, 0.18537,0.494124,0.679494
0.06,0.91 ,0.320039, 0.185127,0.494834,0.679961
0.06,0.92 ,0.319574, 0.184889,0.495537,0.680426
0.06,0.93 ,0.319112, 0.184657,0.496231,0.680888
0.06,0.94 ,0.318654, 0.184429,0.496917,0.681346
0.06,0.95 ,0.3182, 0.184205,0.497594,0.6818
0.06,0.96 ,0.317751, 0.183987,0.498262,0.682249
0.06,0.97 ,0.317306, 0.183773,0.49892,0.682693
0.06,0.98 ,0.316867, 0.183563,0.499569,0.683133
0.06,0.99 ,0.316434, 0.183358,0.500208,0.683566
0.06,1 ,0.316006, 0.183157,0.500837,0.683994
0.07,0 ,0.123479, 0.232192,0.644329,0.876521
0.07,0.01 ,0.126848, 0.231548,0.641605,0.873152
0.07,0.02 ,0.130297, 0.230901,0.638802,0.869703
0.07,0.03 ,0.133827, 0.230252,0.63592,0.866173
0.07,0.04 ,0.137439, 0.229601,0.632959,0.862561
0.07,0.05 ,0.141133, 0.228949,0.629919,0.858867
0.07,0.06 ,0.144908, 0.228294,0.626798,0.855092
0.07,0.07 ,0.148765, 0.227637,0.623597,0.851235
0.07,0.08 ,0.152703, 0.226979,0.620317,0.847297
0.07,0.09 ,0.156722, 0.226319,0.616959,0.843278
0.07,0.1 ,0.16082, 0.225658,0.613522,0.83918
0.07,0.11 ,0.164995, 0.224995,0.610009,0.835005
0.07,0.12 ,0.169247, 0.224331,0.606422,0.830753
0.07,0.13 ,0.173573, 0.223666,0.602761,0.826427
0.07,0.14 ,0.17797, 0.222999,0.59903,0.82203
0.07,0.15 ,0.182436, 0.222332,0.595232,0.817564
0.07,0.16 ,0.186966, 0.221664,0.59137,0.813034
0.07,0.17 ,0.191557, 0.220995,0.587448,0.808443
0.07,0.18 ,0.196204, 0.220326,0.58347,0.803796
0.07,0.19 ,0.200902, 0.219656,0.579442,0.799098
0.07,0.2 ,0.205645, 0.218986,0.575369,0.794355
0.07,0.21 ,0.210426, 0.218317,0.571257,0.789574
0.07,0.22 ,0.215239, 0.217647,0.567114,0.784761
0.07,0.23 ,0.220075, 0.216978,0.562947,0.779925
0.07,0.24 ,0.224927, 0.21631,0.558764,0.775073
0.07,0.25 ,0.229785, 0.215642,0.554573,0.770215
0.07,0.26 ,0.23464, 0.214976,0.550384,0.76536
0.07,0.27 ,0.239481, 0.214311,0.546208,0.760519
0.07,0.28 ,0.244299, 0.213647,0.542053,0.755701
0.07,0.29 ,0.249082, 0.212986,0.537932,0.750918
0.07,0.3 ,0.253819, 0.212326,0.533854,0.746181
0.07,0.31 ,0.258499, 0.211669,0.529832,0.741501
0.07,0.32 ,0.263109, 0.211015,0.525877,0.736891
0.07,0.33 ,0.267638, 0.210363,0.521999,0.732362
0.07,0.34 ,0.272074, 0.209715,0.518211,0.727926
0.07,0.35 ,0.276407, 0.20907,0.514523,0.723593
0.07,0.36 ,0.280625, 0.208429,0.510946,0.719375
0.07,0.37 ,0.284717, 0.207792,0.50749,0.715283
0.07,0.38 ,0.288675, 0.20716,0.504165,0.711325
0.07,0.39 ,0.292489, 0.206533,0.500978,0.707511
0.07,0.4 ,0.296151, 0.20591,0.497938,0.703849
0.07,0.41 ,0.299655, 0.205293,0.495052,0.700345
0.07,0.42 ,0.302994, 0.204682,0.492324,0.697006
0.07,0.43 ,0.306164, 0.204076,0.48976,0.693836
0.07,0.44 ,0.309161, 0.203477,0.487362,0.690839
0.07,0.45 ,0.311983, 0.202884,0.485133,0.688017
0.07,0.46 ,0.314628, 0.202298,0.483074,0.685372
0.07,0.47 ,0.317098, 0.201719,0.481184,0.682902
0.07,0.48 ,0.319392, 0.201147,0.479461,0.680608
0.07,0.49 ,0.321514, 0.200582,0.477904,0.678486
0.07,0.5 ,0.323466, 0.200025,0.476509,0.676534
0.07,0.51 ,0.325252, 0.199476,0.475272,0.674748
0.07,0.52 ,0.326877, 0.198935,0.474187,0.673123
0.07,0.53 ,0.328347, 0.198402,0.473251,0.671653
0.07,0.54 ,0.329667, 0.197878,0.472455,0.670333
0.07,0.55 ,0.330844, 0.197361,0.471795,0.669156
0.07,0.56 ,0.331884, 0.196853,0.471262,0.668116
0.07,0.57 ,0.332795, 0.196354,0.470851,0.667205
0.07,0.58 ,0.333583, 0.195863,0.470554,0.666417
0.07,0.59 ,0.334256, 0.195381,0.470363,0.665744
0.07,0.6 ,0.33482, 0.194908,0.470272,0.66518
0.07,0.61 ,0.335284, 0.194443,0.470273,0.664716
0.07,0.62 ,0.335653, 0.193987,0.47036,0.664347
0.07,0.63 ,0.335935, 0.19354,0.470525,0.664065
0.07,0.64 ,0.336136, 0.193101,0.470763,0.663864
0.07,0.65 ,0.336262, 0.192671,0.471067,0.663738
0.07,0.66 ,0.336319, 0.192249,0.471432,0.66368
0.07,0.67 ,0.336314, 0.191835,0.47185,0.663685
0.07,0.68 ,0.336252, 0.19143,0.472318,0.663748
0.07,0.69 ,0.336137, 0.191034,0.472829,0.663862
0.07,0.7 ,0.335975, 0.190645,0.473379,0.664024
0.07,0.71 ,0.335771, 0.190264,0.473965,0.664229
0.07,0.72 ,0.335528, 0.189892,0.47458,0.664472
0.07,0.73 ,0.33525, 0.189527,0.475223,0.664749
0.07,0.74 ,0.334942, 0.18917,0.475888,0.665057
0.07,0.75 ,0.334607, 0.18882,0.476573,0.665393
0.07,0.76 ,0.334248, 0.188478,0.477275,0.665752
0.07,0.77 ,0.333867, 0.188143,0.47799,0.666133
0.07,0.78 ,0.333468, 0.187815,0.478717,0.666532
0.07,0.79 ,0.333053, 0.187494,0.479452,0.666946
0.07,0.8 ,0.332625, 0.18718,0.480194,0.667375
0.07,0.81 ,0.332186, 0.186873,0.480941,0.667814
0.07,0.82 ,0.331736, 0.186573,0.48169,0.668263
0.07,0.83 ,0.33128, 0.186279,0.482441,0.66872
0.07,0.84 ,0.330817, 0.185991,0.483192,0.669183
0.07,0.85 ,0.330349, 0.18571,0.483941,0.669651
0.07,0.86 ,0.329878, 0.185434,0.484688,0.670122
0.07,0.87 ,0.329405, 0.185165,0.48543,0.670595
0.07,0.88 ,0.328931, 0.184901,0.486168,0.671069
0.07,0.89 ,0.328456, 0.184643,0.486901,0.671543
0.07,0.9 ,0.327983, 0.18439,0.487627,0.672017
0.07,0.91 ,0.327511, 0.184143,0.488346,0.672488
0.07,0.92 ,0.327042, 0.183901,0.489057,0.672958
0.07,0.93 ,0.326575, 0.183664,0.489761,0.673424
0.07,0.94 ,0.326112, 0.183432,0.490456,0.673887
0.07,0.95 ,0.325653, 0.183205,0.491142,0.674346
0.07,0.96 ,0.325199, 0.182983,0.491818,0.674801
0.07,0.97 ,0.324749, 0.182765,0.492486,0.675251
0.07,0.98 ,0.324305, 0.182552,0.493143,0.675695
0.07,0.99 ,0.323865, 0.182343,0.493791,0.676134
0.07,1 ,0.323432, 0.182139,0.494429,0.676568
0.08,0 ,0.123428, 0.231958,0.644613,0.876572
0.08,0.01 ,0.126815, 0.231309,0.641876,0.873185
0.08,0.02 ,0.130283, 0.230658,0.639059,0.869717
0.08,0.03 ,0.133835, 0.230004,0.63616,0.866165
0.08,0.04 ,0.137471, 0.229349,0.63318,0.862529
0.08,0.05 ,0.141191, 0.228691,0.630118,0.858809
0.08,0.06 ,0.144996, 0.228031,0.626973,0.855004
0.08,0.07 ,0.148885, 0.227369,0.623746,0.851115
0.08,0.08 ,0.152858, 0.226706,0.620436,0.847142
0.08,0.09 ,0.156915, 0.22604,0.617044,0.843085
0.08,0.1 ,0.161055, 0.225373,0.613572,0.838945
0.08,0.11 ,0.165277, 0.224705,0.610019,0.834723
0.08,0.12 ,0.169579, 0.224034,0.606387,0.830421
0.08,0.13 ,0.173959, 0.223363,0.602678,0.826041
0.08,0.14 ,0.178415, 0.22269,0.598895,0.821585
0.08,0.15 ,0.182945, 0.222016,0.595039,0.817055
0.08,0.16 ,0.187544, 0.221341,0.591114,0.812456
0.08,0.17 ,0.19221, 0.220666,0.587124,0.80779
0.08,0.18 ,0.196938, 0.219989,0.583073,0.803062
0.08,0.19 ,0.201723, 0.219312,0.578965,0.798277
0.08,0.2 ,0.206559, 0.218635,0.574806,0.793441
0.08,0.21 ,0.21144, 0.217958,0.570603,0.78856
0.08,0.22 ,0.216359, 0.217281,0.566361,0.783641
