e1,e2,V,Rs,Rv,P
0,0 ,0.0540535, 0.241334,0.704612,0.945946
0,0.01 ,0.0542721, 0.241067,0.704661,0.945728
0,0.02 ,0.054479, 0.240802,0.704719,0.945521
0,0.03 ,0.0546744, 0.240539,0.704787,0.945326
0,0.04 ,0.0548584, 0.240278,0.704864,0.945142
0,0.05 ,0.0550312, 0.240019,0.70495,0.944969
0,0.06 ,0.0551929, 0.239763,0.705044,0.944807
0,0.07 ,0.0553436, 0.239509,0.705147,0.944656
0,0.08 ,0.0554837, 0.239258,0.705259,0.944516
0,0.09 ,0.0556133, 0.239008,0.705378,0.944387
0,0.1 ,0.0557325, 0.238761,0.705506,0.944267
0,0.11 ,0.0558416, 0.238517,0.705642,0.944158
0,0.12 ,0.0559409, 0.238274,0.705785,0.944059
0,0.13 ,0.0560305, 0.238034,0.705935,0.943969
0,0.14 ,0.0561107, 0.237797,0.706093,0.943889
0,0.15 ,0.0561818, 0.237561,0.706257,0.943818
0,0.16 ,0.0562439, 0.237328,0.706428,0.943756
0,0.17 ,0.0562974, 0.237097,0.706605,0.943703
0,0.18 ,0.0563426, 0.236869,0.706789,0.943657
0,0.19 ,0.0563795, 0.236643,0.706978,0.94362
0,0.2 ,0.0564086, 0.236419,0.707172,0.943591
0,0.21 ,0.0564302, 0.236197,0.707372,0.94357
0,0.22 ,0.0564443, 0.235978,0.707577,0.943556
0,0.23 ,0.0564514, 0.235761,0.707787,0.943549
0,0.24 ,0.0564517, 0.235547,0.708002,0.943548
0,0.25 ,0.0564454, 0.235334,0.70822,0.943555
0,0.26 ,0.0564329, 0.235124,0.708443,0.943567
0,0.27 ,0.0564143, 0.234917,0.708669,0.943586
0,0.28 ,0.0563899, 0.234711,0.708899,0.94361
0,0.29 ,0.05636, 0.234508,0.709132,0.94364
0,0.3 ,0.0563248, 0.234307,0.709368,0.943675
0,0.31 ,0.0562846, 0.234108,0.709608,0.943715
0,0.32 ,0.0562396, 0.233911,0.709849,0.94376
0,0.33 ,0.05619, 0.233717,0.710093,0.94381
0,0.34 ,0.0561361, 0.233525,0.710339,0.943864
0,0.35 ,0.0560781, 0.233335,0.710587,0.943922
0,0.36 ,0.0560162, 0.233147,0.710837,0.943984
0,0.37 ,0.0559506, 0.232961,0.711089,0.944049
0,0.38 ,0.0558815, 0.232777,0.711341,0.944118
0,0.39 ,0.0558092, 0.232596,0.711595,0.944191
0,0.4 ,0.0557338, 0.232416,0.71185,0.944266
0,0.41 ,0.0556555, 0.232239,0.712105,0.944345
0,0.42 ,0.0555745, 0.232064,0.712362,0.944425
0,0.43 ,0.0554911, 0.231891,0.712618,0.944509
0,0.44 ,0.0554052, 0.23172,0.712875,0.944595
0,0.45 ,0.0553172, 0.23155,0.713132,0.944683
0,0.46 ,0.0552273, 0.231383,0.713389,0.944773
0,0.47 ,0.0551354, 0.231218,0.713646,0.944865
0,0.48 ,0.0550419, 0.231055,0.713903,0.944958
0,0.49 ,0.0549468, 0.230894,0.714159,0.945053
0,0.5 ,0.0548503, 0.230734,0.714415,0.94515
0,0.51 ,0.0547525, 0.230577,0.71467,0.945248
0,0.52 ,0.0546535, 0.230422,0.714925,0.945346
0,0.53 ,0.0545536, 0.230268,0.715178,0.945446
0,0.54 ,0.0544527, 0.230116,0.715431,0.945547
0,0.55 ,0.0543511, 0.229966,0.715682,0.945649
0,0.56 ,0.0542487, 0.229818,0.715933,0.945751
0,0.57 ,0.0541458, 0.229672,0.716182,0.945854
0,0.58 ,0.0540424, 0.229528,0.71643,0.945958
0,0.59 ,0.0539386, 0.229385,0.716676,0.946061
0,0.6 ,0.0538345, 0.229244,0.716921,0.946165
0,0.61 ,0.0537302, 0.229105,0.717165,0.94627
0,0.62 ,0.0536258, 0.228967,0.717407,0.946374
0,0.63 ,0.0535214, 0.228832,0.717647,0.946479
0,0.64 ,0.0534169, 0.228697,0.717886,0.946583
0,0.65 ,0.0533126, 0.228565,0.718122,0.946687
0,0.66 ,0.0532084, 0.228434,0.718358,0.946792
0,0.67 ,0.0531045, 0.228305,0.718591,0.946896
0,0.68 ,0.0530008, 0.228177,0.718822,0.946999
0,0.69 ,0.0528975, 0.228051,0.719051,0.947102
0,0.7 ,0.0527946, 0.227927,0.719279,0.947205
0,0.71 ,0.0526922, 0.227804,0.719504,0.947308
0,0.72 ,0.0525902, 0.227682,0.719728,0.94741
0,0.73 ,0.0524888, 0.227562,0.719949,0.947511
0,0.74 ,0.0523879, 0.227444,0.720168,0.947612
0,0.75 ,0.0522877, 0.227327,0.720385,0.947712
0,0.76 ,0.0521881, 0.227211,0.7206,0.947812
0,0.77 ,0.0520892, 0.227097,0.720813,0.947911
0,0.78 ,0.0519911, 0.226985,0.721024,0.948009
0,0.79 ,0.0518937, 0.226873,0.721233,0.948106
0,0.8 ,0.051797, 0.226764,0.721439,0.948203
0,0.81 ,0.0517012, 0.226655,0.721644,0.948299
0,0.82 ,0.0516062, 0.226548,0.721846,0.948394
0,0.83 ,0.0515121, 0.226442,0.722046,0.948488
0,0.84 ,0.0514188, 0.226338,0.722244,0.948581
0,0.85 ,0.0513264, 0.226234,0.722439,0.948674
0,0.86 ,0.0512349, 0.226132,0.722633,0.948765
0,0.87 ,0.0511443, 0.226032,0.722824,0.948856
0,0.88 ,0.0510547, 0.225932,0.723013,0.948945
0,0.89 ,0.050966, 0.225834,0.7232,0.949034
0,0.9 ,0.0508783, 0.225737,0.723385,0.949122
0,0.91 ,0.0507915, 0.225641,0.723567,0.949208
0,0.92 ,0.0507057, 0.225546,0.723748,0.949294
0,0.93 ,0.0506209, 0.225453,0.723926,0.949379
0,0.94 ,0.0505371, 0.225361,0.724102,0.949463
0,0.95 ,0.0504542, 0.22527,0.724276,0.949546
0,0.96 ,0.0503723, 0.225179,0.724448,0.949628
0,0.97 ,0.0502915, 0.22509,0.724618,0.949709
0,0.98 ,0.0502116, 0.225003,0.724786,0.949788
0,0.99 ,0.0501328, 0.224916,0.724951,0.949867
0,1 ,0.0500549, 0.22483,0.725115,0.949945
0.01,0 ,0.0557382, 0.240577,0.703685,0.944262
0.01,0.01 ,0.0559778, 0.240304,0.703718,0.944022
0.01,0.02 ,0.0562051, 0.240033,0.703762,0.943795
0.01,0.03 ,0.0564202, 0.239765,0.703815,0.94358
0.01,0.04 ,0.0566232, 0.239498,0.703878,0.943377
0.01,0.05 ,0.0568142, 0.239235,0.703951,0.943186
0.01,0.06 ,0.0569935, 0.238973,0.704034,0.943007
0.01,0.07 ,0.057161, 0.238714,0.704125,0.942839
0.01,0.08 ,0.0573172, 0.238457,0.704226,0.942683
0.01,0.09 ,0.057462, 0.238202,0.704336,0.942538
0.01,0.1 ,0.0575959, 0.23795,0.704454,0.942404
0.01,0.11 ,0.0577189, 0.2377,0.704581,0.942281
0.01,0.12 ,0.0578313, 0.237452,0.704716,0.942169
0.01,0.13 ,0.0579334, 0.237207,0.704859,0.942067
0.01,0.14 ,0.0580254, 0.236964,0.70501,0.941975
0.01,0.15 ,0.0581075, 0.236724,0.705168,0.941892
0.01,0.16 ,0.0581801, 0.236486,0.705334,0.94182
0.01,0.17 ,0.0582433, 0.23625,0.705506,0.941757
0.01,0.18 ,0.0582975, 0.236017,0.705686,0.941702
0.01,0.19 ,0.058343, 0.235786,0.705871,0.941657
0.01,0.2 ,0.0583799, 0.235557,0.706063,0.94162
0.01,0.21 ,0.0584087, 0.235331,0.70626,0.941591
0.01,0.22 ,0.0584295, 0.235107,0.706463,0.94157
0.01,0.23 ,0.0584427, 0.234886,0.706672,0.941557
0.01,0.24 ,0.0584485, 0.234667,0.706885,0.941551
0.01,0.25 ,0.0584473, 0.23445,0.707103,0.941553
0.01,0.26 ,0.0584392, 0.234235,0.707326,0.941561
0.01,0.27 ,0.0584246, 0.234023,0.707552,0.941575
0.01,0.28 ,0.0584038, 0.233813,0.707783,0.941596
0.01,0.29 ,0.0583769, 0.233606,0.708018,0.941623
0.01,0.3 ,0.0583443, 0.2334,0.708255,0.941656
0.01,0.31 ,0.0583063, 0.233197,0.708497,0.941694
0.01,0.32 ,0.058263, 0.232996,0.708741,0.941737
0.01,0.33 ,0.0582148, 0.232798,0.708987,0.941785
0.01,0.34 ,0.0581619, 0.232602,0.709236,0.941838
0.01,0.35 ,0.0581046, 0.232408,0.709488,0.941895
0.01,0.36 ,0.058043, 0.232216,0.709741,0.941957
0.01,0.37 ,0.0579774, 0.232026,0.709996,0.942023
0.01,0.38 ,0.057908, 0.231839,0.710253,0.942092
0.01,0.39 ,0.0578351, 0.231654,0.710511,0.942165
0.01,0.4 ,0.0577588, 0.23147,0.710771,0.942241
0.01,0.41 ,0.0576794, 0.23129,0.711031,0.942321
0.01,0.42 ,0.057597, 0.231111,0.711292,0.942403
0.01,0.43 ,0.057512, 0.230934,0.711554,0.942488
0.01,0.44 ,0.0574243, 0.230759,0.711816,0.942576
0.01,0.45 ,0.0573343, 0.230587,0.712079,0.942666
0.01,0.46 ,0.0572421, 0.230416,0.712342,0.942758
0.01,0.47 ,0.0571479, 0.230248,0.712604,0.942852
0.01,0.48 ,0.0570518, 0.230081,0.712867,0.942948
0.01,0.49 ,0.056954, 0.229917,0.713129,0.943046
0.01,0.5 ,0.0568546, 0.229755,0.713391,0.943145
0.01,0.51 ,0.0567538, 0.229594,0.713652,0.943246
0.01,0.52 ,0.0566518, 0.229435,0.713913,0.943348
0.01,0.53 ,0.0565486, 0.229279,0.714172,0.943451
0.01,0.54 ,0.0564444, 0.229124,0.714431,0.943556
0.01,0.55 ,0.0563394, 0.228971,0.714689,0.943661
0.01,0.56 ,0.0562335, 0.22882,0.714946,0.943766
0.01,0.57 ,0.0561271, 0.228671,0.715202,0.943873
0.01,0.58 ,0.05602, 0.228524,0.715456,0.94398
0.01,0.59 ,0.0559126, 0.228379,0.715709,0.944087
0.01,0.6 ,0.0558047, 0.228235,0.71596,0.944195
0.01,0.61 ,0.0556966, 0.228093,0.71621,0.944303
0.01,0.62 ,0.0555884, 0.227953,0.716459,0.944412
0.01,0.63 ,0.0554801, 0.227815,0.716705,0.94452
0.01,0.64 ,0.0553718, 0.227678,0.71695,0.944628
0.01,0.65 ,0.0552635, 0.227543,0.717193,0.944736
0.01,0.66 ,0.0551554, 0.22741,0.717435,0.944845
0.01,0.67 ,0.0550475, 0.227278,0.717674,0.944952
0.01,0.68 ,0.0549399, 0.227148,0.717912,0.94506
0.01,0.69 ,0.0548327, 0.22702,0.718147,0.945167
0.01,0.7 ,0.0547258, 0.226893,0.718381,0.945274
0.01,0.71 ,0.0546194, 0.226768,0.718613,0.945381
0.01,0.72 ,0.0545135, 0.226644,0.718842,0.945487
0.01,0.73 ,0.0544081, 0.226522,0.71907,0.945592
0.01,0.74 ,0.0543034, 0.226402,0.719295,0.945697
0.01,0.75 ,0.0541992, 0.226283,0.719518,0.945801
0.01,0.76 ,0.0540958, 0.226165,0.719739,0.945904
0.01,0.77 ,0.053993, 0.226049,0.719958,0.946007
0.01,0.78 ,0.0538911, 0.225935,0.720174,0.946109
0.01,0.79 ,0.0537898, 0.225821,0.720389,0.94621
0.01,0.8 ,0.0536894, 0.22571,0.720601,0.946311
0.01,0.81 ,0.0535899, 0.225599,0.720811,0.94641
0.01,0.82 ,0.0534912, 0.22549,0.721019,0.946509
0.01,0.83 ,0.0533934, 0.225383,0.721224,0.946607
0.01,0.84 ,0.0532964, 0.225276,0.721427,0.946704
0.01,0.85 ,0.0532005, 0.225171,0.721628,0.9468
0.01,0.86 ,0.0531054, 0.225068,0.721827,0.946895
0.01,0.87 ,0.0530113, 0.224965,0.722023,0.946989
0.01,0.88 ,0.0529182, 0.224864,0.722218,0.947082
0.01,0.89 ,0.0528261, 0.224764,0.72241,0.947174
0.01,0.9 ,0.0527349, 0.224666,0.722599,0.947265
0.01,0.91 ,0.0526448, 0.224568,0.722787,0.947355
0.01,0.92 ,0.0525557, 0.224472,0.722972,0.947444
0.01,0.93 ,0.0524676, 0.224377,0.723155,0.947532
0.01,0.94 ,0.0523806, 0.224283,0.723336,0.947619
0.01,0.95 ,0.0522945, 0.224191,0.723515,0.947705
0.01,0.96 ,0.0522095, 0.224099,0.723691,0.94779
0.01,0.97 ,0.0521256, 0.224009,0.723865,0.947874
0.01,0.98 ,0.0520427, 0.22392,0.724038,0.947957
0.01,0.99 ,0.0519608, 0.223832,0.724208,0.948039
0.01,1 ,0.05188, 0.223744,0.724375,0.94812
0.02,0 ,0.0574654, 0.239819,0.702716,0.942535
0.02,0.01 ,0.0577279, 0.23954,0.702732,0.942272
0.02,0.02 ,0.0579774, 0.239264,0.702759,0.942023
0.02,0.03 ,0.0582139, 0.238989,0.702797,0.941786
0.02,0.04 ,0.0584375, 0.238717,0.702845,0.941562
0.02,0.05 ,0.0586484, 0.238448,0.702904,0.941352
0.02,0.06 ,0.0588468, 0.238181,0.702972,0.941153
0.02,0.07 ,0.0590327, 0.237916,0.703051,0.940967
0.02,0.08 ,0.0592064, 0.237653,0.70314,0.940794
0.02,0.09 ,0.0593681, 0.237393,0.703239,0.940632
0.02,0.1 ,0.0595179, 0.237136,0.703346,0.940482
0.02,0.11 ,0.0596562, 0.23688,0.703463,0.940344
0.02,0.12 ,0.0597831, 0.236628,0.703589,0.940217
0.02,0.13 ,0.059899, 0.236377,0.703724,0.940101
0.02,0.14 ,0.0600039, 0.236129,0.703867,0.939996
0.02,0.15 ,0.0600983, 0.235884,0.704018,0.939902
0.02,0.16 ,0.0601824, 0.23564,0.704177,0.939818
0.02,0.17 ,0.0602565, 0.2354,0.704344,0.939744
0.02,0.18 ,0.0603208, 0.235161,0.704518,0.939679
0.02,0.19 ,0.0603757, 0.234925,0.704699,0.939624
0.02,0.2 ,0.0604215, 0.234692,0.704887,0.939579
0.02,0.21 ,0.0604583, 0.234461,0.705081,0.939542
0.02,0.22 ,0.0604867, 0.234232,0.705281,0.939513
0.02,0.23 ,0.0605067, 0.234006,0.705488,0.939493
0.02,0.24 ,0.0605188, 0.233782,0.705699,0.939481
0.02,0.25 ,0.0605233, 0.23356,0.705916,0.939477
0.02,0.26 ,0.0605203, 0.233341,0.706139,0.93948
0.02,0.27 ,0.0605103, 0.233124,0.706365,0.93949
0.02,0.28 ,0.0604936, 0.23291,0.706596,0.939506
0.02,0.29 ,0.0604703, 0.232698,0.706832,0.93953
0.02,0.3 ,0.0604408, 0.232488,0.707071,0.939559
0.02,0.31 ,0.0604054, 0.232281,0.707314,0.939595
0.02,0.32 ,0.0603643, 0.232076,0.70756,0.939636
0.02,0.33 ,0.0603179, 0.231873,0.707809,0.939682
0.02,0.34 ,0.0602664, 0.231673,0.708061,0.939734
0.02,0.35 ,0.06021, 0.231475,0.708315,0.93979
0.02,0.36 ,0.0601489, 0.231279,0.708572,0.939851
0.02,0.37 ,0.0600836, 0.231085,0.708831,0.939916
0.02,0.38 ,0.0600141, 0.230894,0.709092,0.939986
0.02,0.39 ,0.0599408, 0.230705,0.709354,0.940059
0.02,0.4 ,0.0598638, 0.230518,0.709618,0.940136
0.02,0.41 ,0.0597834, 0.230333,0.709883,0.940217
0.02,0.42 ,0.0596999, 0.230151,0.71015,0.9403
0.02,0.43 ,0.0596133, 0.22997,0.710417,0.940387
0.02,0.44 ,0.0595239, 0.229792,0.710684,0.940476
0.02,0.45 ,0.0594319, 0.229616,0.710952,0.940568
0.02,0.46 ,0.0593376, 0.229442,0.711221,0.940662
0.02,0.47 ,0.059241, 0.22927,0.711489,0.940759
0.02,0.48 ,0.0591423, 0.2291,0.711757,0.940858
0.02,0.49 ,0.0590418, 0.228932,0.712026,0.940958
0.02,0.5 ,0.0589396, 0.228767,0.712294,0.94106
0.02,0.51 ,0.0588358, 0.228603,0.712561,0.941164
0.02,0.52 ,0.0587306, 0.228441,0.712828,0.941269
0.02,0.53 ,0.0586242, 0.228282,0.713094,0.941376
0.02,0.54 ,0.0585166, 0.228124,0.71336,0.941483
0.02,0.55 ,0.0584081, 0.227968,0.713624,0.941592
0.02,0.56 ,0.0582987, 0.227814,0.713887,0.941701
0.02,0.57 ,0.0581886, 0.227662,0.714149,0.941811
0.02,0.58 ,0.0580778, 0.227512,0.71441,0.941922
0.02,0.59 ,0.0579665, 0.227364,0.71467,0.942033
0.02,0.6 ,0.0578548, 0.227217,0.714928,0.942145
0.02,0.61 ,0.0577429, 0.227073,0.715184,0.942257
0.02,0.62 ,0.0576307, 0.22693,0.715439,0.942369
0.02,0.63 ,0.0575184, 0.226789,0.715693,0.942482
0.02,0.64 ,0.057406, 0.22665,0.715944,0.942594
0.02,0.65 ,0.0572937, 0.226512,0.716194,0.942706
0.02,0.66 ,0.0571816, 0.226376,0.716442,0.942818
0.02,0.67 ,0.0570696, 0.226242,0.716688,0.94293
0.02,0.68 ,0.0569579, 0.22611,0.716932,0.943042
0.02,0.69 ,0.0568465, 0.225979,0.717174,0.943153
0.02,0.7 ,0.0567356, 0.22585,0.717414,0.943264
0.02,0.71 ,0.0566251, 0.225723,0.717652,0.943375
0.02,0.72 ,0.0565151, 0.225597,0.717888,0.943485
0.02,0.73 ,0.0564057, 0.225473,0.718122,0.943594
0.02,0.74 ,0.0562968, 0.22535,0.718353,0.943703
0.02,0.75 ,0.0561887, 0.225229,0.718583,0.943811
0.02,0.76 ,0.0560812, 0.225109,0.71881,0.943919
0.02,0.77 ,0.0559745, 0.224991,0.719035,0.944026
0.02,0.78 ,0.0558685, 0.224874,0.719257,0.944131
0.02,0.79 ,0.0557634, 0.224759,0.719477,0.944237
0.02,0.8 ,0.055659, 0.224645,0.719696,0.944341
0.02,0.81 ,0.0555556, 0.224533,0.719911,0.944444
0.02,0.82 ,0.055453, 0.224422,0.720125,0.944547
0.02,0.83 ,0.0553514, 0.224313,0.720336,0.944649
0.02,0.84 ,0.0552507, 0.224205,0.720545,0.944749
0.02,0.85 ,0.055151, 0.224098,0.720751,0.944849
0.02,0.86 ,0.0550523, 0.223993,0.720955,0.944948
0.02,0.87 ,0.0549545, 0.223888,0.721157,0.945045
0.02,0.88 ,0.0548578, 0.223786,0.721357,0.945142
0.02,0.89 ,0.0547621, 0.223684,0.721554,0.945238
0.02,0.9 ,0.0546674, 0.223584,0.721749,0.945333
0.02,0.91 ,0.0545738, 0.223485,0.721941,0.945426
0.02,0.92 ,0.0544813, 0.223387,0.722131,0.945519
0.02,0.93 ,0.0543898, 0.223291,0.722319,0.94561
0.02,0.94 ,0.0542994, 0.223195,0.722505,0.945701
0.02,0.95 ,0.0542101, 0.223101,0.722689,0.94579
0.02,0.96 ,0.0541218, 0.223008,0.72287,0.945878
0.02,0.97 ,0.0540347, 0.222917,0.723049,0.945965
0.02,0.98 ,0.0539486, 0.222826,0.723225,0.946051
0.02,0.99 ,0.0538637, 0.222736,0.7234,0.946136
0.02,1 ,0.0537798, 0.222648,0.723572,0.94622
0.03,0 ,0.0592348, 0.23906,0.701705,0.940765
0.03,0.01 ,0.0595221, 0.238775,0.701703,0.940478
0.03,0.02 ,0.0597956, 0.238493,0.701712,0.940204
0.03,0.03 ,0.0600553, 0.238213,0.701732,0.939945
0.03,0.04 ,0.0603014, 0.237935,0.701764,0.939699
0.03,0.05 ,0.060534, 0.23766,0.701806,0.939466
0.03,0.06 ,0.0607532, 0.237387,0.70186,0.939247
0.03,0.07 ,0.0609592, 0.237116,0.701925,0.939041
0.03,0.08 ,0.0611521, 0.236848,0.702,0.938848
0.03,0.09 ,0.0613322, 0.236582,0.702085,0.938668
0.03,0.1 ,0.0614996, 0.236319,0.702181,0.9385
0.03,0.11 ,0.0616546, 0.236058,0.702287,0.938345
0.03,0.12 ,0.0617975, 0.2358,0.702402,0.938203
0.03,0.13 ,0.0619284, 0.235544,0.702527,0.938072
0.03,0.14 ,0.0620478, 0.235291,0.702661,0.937952
0.03,0.15 ,0.0621557, 0.23504,0.702804,0.937844
0.03,0.16 ,0.0622526, 0.234791,0.702956,0.937747
0.03,0.17 ,0.0623387, 0.234545,0.703116,0.937661
0.03,0.18 ,0.0624142, 0.234302,0.703284,0.937586
0.03,0.19 ,0.0624797, 0.234061,0.70346,0.93752
0.03,0.2 ,0.0625352, 0.233822,0.703643,0.937465
0.03,0.21 ,0.0625812, 0.233586,0.703833,0.937419
0.03,0.22 ,0.0626179, 0.233352,0.70403,0.937382
0.03,0.23 ,0.0626457, 0.233121,0.704233,0.937354
0.03,0.24 ,0.0626649, 0.232892,0.704443,0.937335
0.03,0.25 ,0.0626758, 0.232666,0.704658,0.937324
0.03,0.26 ,0.0626788, 0.232442,0.704879,0.937321
0.03,0.27 ,0.062674, 0.232221,0.705105,0.937326
0.03,0.28 ,0.062662, 0.232002,0.705336,0.937338
0.03,0.29 ,0.0626429, 0.231785,0.705572,0.937357
0.03,0.3 ,0.062617, 0.231571,0.705812,0.937383
0.03,0.31 ,0.0625848, 0.231359,0.706056,0.937415
0.03,0.32 ,0.0625463, 0.23115,0.706304,0.937454
0.03,0.33 ,0.0625021, 0.230943,0.706555,0.937498
0.03,0.34 ,0.0624523, 0.230738,0.70681,0.937548
0.03,0.35 ,0.0623972, 0.230536,0.707067,0.937603
0.03,0.36 ,0.0623371, 0.230336,0.707327,0.937663
0.03,0.37 ,0.0622723, 0.230138,0.70759,0.937728
0.03,0.38 ,0.062203, 0.229942,0.707855,0.937797
0.03,0.39 ,0.0621295, 0.229749,0.708121,0.93787
0.03,0.4 ,0.0620521, 0.229558,0.708389,0.937948
0.03,0.41 ,0.0619709, 0.22937,0.708659,0.938029
0.03,0.42 ,0.0618862, 0.229183,0.70893,0.938114
0.03,0.43 ,0.0617982, 0.228999,0.709202,0.938202
0.03,0.44 ,0.0617072, 0.228817,0.709475,0.938293
0.03,0.45 ,0.0616134, 0.228638,0.709749,0.938387
0.03,0.46 ,0.0615169, 0.22846,0.710023,0.938483
0.03,0.47 ,0.061418, 0.228285,0.710297,0.938582
0.03,0.48 ,0.0613168, 0.228111,0.710572,0.938683
0.03,0.49 ,0.0612136, 0.22794,0.710846,0.938786
0.03,0.5 ,0.0611085, 0.227771,0.71112,0.938891
0.03,0.51 ,0.0610017, 0.227604,0.711394,0.938998
0.03,0.52 ,0.0608934, 0.227439,0.711668,0.939107
0.03,0.53 ,0.0607836, 0.227276,0.71194,0.939216
0.03,0.54 ,0.0606726, 0.227115,0.712212,0.939327
0.03,0.55 ,0.0605605, 0.226956,0.712483,0.939439
0.03,0.56 ,0.0604475, 0.226799,0.712753,0.939553
0.03,0.57 ,0.0603336, 0.226644,0.713022,0.939666
0.03,0.58 ,0.060219, 0.226491,0.71329,0.939781
0.03,0.59 ,0.0601039, 0.22634,0.713556,0.939896
0.03,0.6 ,0.0599882, 0.226191,0.713821,0.940012
0.03,0.61 ,0.0598722, 0.226043,0.714084,0.940128
0.03,0.62 ,0.059756, 0.225898,0.714346,0.940244
0.03,0.63 ,0.0596395, 0.225754,0.714606,0.94036
0.03,0.64 ,0.0595231, 0.225612,0.714865,0.940477
0.03,0.65 ,0.0594066, 0.225472,0.715121,0.940593
0.03,0.66 ,0.0592902, 0.225334,0.715376,0.94071
0.03,0.67 ,0.059174, 0.225197,0.715629,0.940826
0.03,0.68 ,0.0590581, 0.225062,0.71588,0.940942
0.03,0.69 ,0.0589425, 0.224929,0.716128,0.941057
0.03,0.7 ,0.0588273, 0.224798,0.716375,0.941173
0.03,0.71 ,0.0587126, 0.224668,0.71662,0.941287
0.03,0.72 ,0.0585984, 0.22454,0.716862,0.941402
0.03,0.73 ,0.0584847, 0.224413,0.717102,0.941515
0.03,0.74 ,0.0583717, 0.224288,0.71734,0.941628
0.03,0.75 ,0.0582593, 0.224165,0.717576,0.941741
0.03,0.76 ,0.0581477, 0.224043,0.717809,0.941852
0.03,0.77 ,0.0580368, 0.223923,0.71804,0.941963
0.03,0.78 ,0.0579267, 0.223804,0.718269,0.942073
0.03,0.79 ,0.0578175, 0.223687,0.718496,0.942183
0.03,0.8 ,0.0577091, 0.223571,0.71872,0.942291
0.03,0.81 ,0.0576016, 0.223457,0.718941,0.942398
0.03,0.82 ,0.0574951, 0.223344,0.719161,0.942505
0.03,0.83 ,0.0573895, 0.223233,0.719378,0.94261
0.03,0.84 ,0.0572849, 0.223123,0.719592,0.942715
0.03,0.85 ,0.0571813, 0.223014,0.719805,0.942819
0.03,0.86 ,0.0570787, 0.222907,0.720014,0.942921
0.03,0.87 ,0.0569772, 0.222801,0.720222,0.943023
0.03,0.88 ,0.0568767, 0.222697,0.720427,0.943123
0.03,0.89 ,0.0567773, 0.222593,0.720629,0.943223
0.03,0.9 ,0.056679, 0.222492,0.720829,0.943321
0.03,0.91 ,0.0565818, 0.222391,0.721027,0.943418
0.03,0.92 ,0.0564857, 0.222292,0.721223,0.943514
0.03,0.93 ,0.0563907, 0.222194,0.721416,0.943609
0.03,0.94 ,0.0562968, 0.222097,0.721606,0.943703
0.03,0.95 ,0.0562041, 0.222001,0.721795,0.943796
0.03,0.96 ,0.0561125, 0.221907,0.721981,0.943888
0.03,0.97 ,0.056022, 0.221813,0.722165,0.943978
0.03,0.98 ,0.0559327, 0.221721,0.722346,0.944067
0.03,0.99 ,0.0558445, 0.22163,0.722525,0.944155
0.03,1 ,0.0557575, 0.221541,0.722702,0.944243
0.04,0 ,0.0610458, 0.2383,0.700654,0.938954
0.04,0.01 ,0.0613599, 0.238009,0.700631,0.93864
0.04,0.02 ,0.0616594, 0.237721,0.70062,0.938341
0.04,0.03 ,0.0619444, 0.237435,0.700621,0.938056
0.04,0.04 ,0.0622149, 0.237151,0.700634,0.937785
0.04,0.05 ,0.0624711, 0.23687,0.700659,0.937529
0.04,0.06 ,0.062713, 0.236591,0.700696,0.937287
0.04,0.07 ,0.0629408, 0.236315,0.700744,0.937059
0.04,0.08 ,0.0631547, 0.236041,0.700804,0.936845
0.04,0.09 ,0.0633549, 0.235769,0.700876,0.936645
0.04,0.1 ,0.0635416, 0.2355,0.700958,0.936458
0.04,0.11 ,0.063715, 0.235234,0.701051,0.936285
0.04,0.12 ,0.0638754, 0.23497,0.701155,0.936125
0.04,0.13 ,0.0640231, 0.234709,0.701268,0.935977
0.04,0.14 ,0.0641582, 0.23445,0.701392,0.935842
0.04,0.15 ,0.0642811, 0.234193,0.701526,0.935719
0.04,0.16 ,0.0643921, 0.233939,0.701669,0.935608
0.04,0.17 ,0.0644915, 0.233688,0.701821,0.935509
0.04,0.18 ,0.0645796, 0.233439,0.701982,0.93542
0.04,0.19 ,0.0646567, 0.233193,0.702151,0.935343
0.04,0.2 ,0.0647231, 0.232949,0.702328,0.935277
0.04,0.21 ,0.0647793, 0.232707,0.702513,0.935221
0.04,0.22 ,0.0648255, 0.232469,0.702706,0.935175
0.04,0.23 ,0.064862, 0.232232,0.702906,0.935138
0.04,0.24 ,0.0648892, 0.231999,0.703112,0.935111
0.04,0.25 ,0.0649074, 0.231767,0.703325,0.935093
0.04,0.26 ,0.064917, 0.231538,0.703545,0.935083
0.04,0.27 ,0.0649183, 0.231312,0.703769,0.935082
0.04,0.28 ,0.0649117, 0.231088,0.704,0.935088
0.04,0.29 ,0.0648974, 0.230867,0.704236,0.935103
0.04,0.3 ,0.0648758, 0.230648,0.704476,0.935124
0.04,0.31 ,0.0648472, 0.230432,0.704721,0.935153
0.04,0.32 ,0.064812, 0.230218,0.70497,0.935188
0.04,0.33 ,0.0647704, 0.230006,0.705223,0.93523
0.04,0.34 ,0.0647228, 0.229797,0.70548,0.935277
0.04,0.35 ,0.0646695, 0.22959,0.70574,0.935331
0.04,0.36 ,0.0646107, 0.229386,0.706003,0.935389
0.04,0.37 ,0.0645467, 0.229184,0.706269,0.935453
0.04,0.38 ,0.0644779, 0.228984,0.706538,0.935522
0.04,0.39 ,0.0644045, 0.228787,0.706808,0.935596
0.04,0.4 ,0.0643268, 0.228592,0.707081,0.935673
0.04,0.41 ,0.064245, 0.2284,0.707355,0.935755
0.04,0.42 ,0.0641593, 0.228209,0.707631,0.935841
0.04,0.43 ,0.0640702, 0.228021,0.707908,0.93593
0.04,0.44 ,0.0639776, 0.227836,0.708187,0.936022
0.04,0.45 ,0.063882, 0.227652,0.708466,0.936118
0.04,0.46 ,0.0637835, 0.227471,0.708746,0.936216
0.04,0.47 ,0.0636824, 0.227292,0.709026,0.936318
0.04,0.48 ,0.0635787, 0.227115,0.709306,0.936421
0.04,0.49 ,0.0634728, 0.22694,0.709587,0.936527
0.04,0.5 ,0.0633649, 0.226767,0.709868,0.936635
0.04,0.51 ,0.063255, 0.226597,0.710148,0.936745
0.04,0.52 ,0.0631435, 0.226429,0.710428,0.936857
0.04,0.53 ,0.0630304, 0.226262,0.710707,0.93697
0.04,0.54 ,0.0629159, 0.226098,0.710986,0.937084
0.04,0.55 ,0.0628002, 0.225936,0.711264,0.9372
0.04,0.56 ,0.0626835, 0.225776,0.711541,0.937317
0.04,0.57 ,0.0625658, 0.225618,0.711816,0.937434
0.04,0.58 ,0.0624473, 0.225462,0.712091,0.937553
0.04,0.59 ,0.0623281, 0.225308,0.712364,0.937672
0.04,0.6 ,0.0622084, 0.225155,0.712636,0.937792
0.04,0.61 ,0.0620883, 0.225005,0.712907,0.937912
0.04,0.62 ,0.0619678, 0.224857,0.713176,0.938032
0.04,0.63 ,0.0618471, 0.22471,0.713443,0.938153
0.04,0.64 ,0.0617264, 0.224565,0.713708,0.938274
0.04,0.65 ,0.0616056, 0.224423,0.713972,0.938394
0.04,0.66 ,0.0614849, 0.224282,0.714233,0.938515
0.04,0.67 ,0.0613644, 0.224142,0.714493,0.938636
0.04,0.68 ,0.0612441, 0.224005,0.714751,0.938756
0.04,0.69 ,0.0611241, 0.223869,0.715007,0.938876
0.04,0.7 ,0.0610045, 0.223735,0.71526,0.938996
0.04,0.71 ,0.0608854, 0.223603,0.715512,0.939115
0.04,0.72 ,0.0607667, 0.223473,0.715761,0.939233
0.04,0.73 ,0.0606487, 0.223344,0.716008,0.939351
0.04,0.74 ,0.0605313, 0.223216,0.716252,0.939469
0.04,0.75 ,0.0604146, 0.223091,0.716495,0.939585
0.04,0.76 ,0.0602987, 0.222967,0.716734,0.939701
0.04,0.77 ,0.0601835, 0.222844,0.716972,0.939817
0.04,0.78 ,0.0600691, 0.222724,0.717207,0.939931
0.04,0.79 ,0.0599556, 0.222604,0.71744,0.940044
0.04,0.8 ,0.0598431, 0.222486,0.71767,0.940157
0.04,0.81 ,0.0597314, 0.22237,0.717898,0.940269
0.04,0.82 ,0.0596207, 0.222255,0.718124,0.940379
0.04,0.83 ,0.059511, 0.222142,0.718347,0.940489
0.04,0.84 ,0.0594024, 0.22203,0.718567,0.940598
0.04,0.85 ,0.0592948, 0.22192,0.718785,0.940705
0.04,0.86 ,0.0591882, 0.221811,0.719001,0.940812
0.04,0.87 ,0.0590827, 0.221703,0.719214,0.940917
0.04,0.88 ,0.0589784, 0.221597,0.719425,0.941022
0.04,0.89 ,0.0588751, 0.221492,0.719633,0.941125
0.04,0.9 ,0.058773, 0.221388,0.719839,0.941227
0.04,0.91 ,0.0586721, 0.221286,0.720042,0.941328
0.04,0.92 ,0.0585723, 0.221185,0.720243,0.941428
0.04,0.93 ,0.0584736, 0.221085,0.720441,0.941526
0.04,0.94 ,0.0583762, 0.220987,0.720637,0.941624
0.04,0.95 ,0.0582799, 0.22089,0.72083,0.94172
0.04,0.96 ,0.0581848, 0.220794,0.721022,0.941815
0.04,0.97 ,0.0580909, 0.220699,0.72121,0.941909
0.04,0.98 ,0.0579982, 0.220605,0.721396,0.942002
0.04,0.99 ,0.0579067, 0.220513,0.72158,0.942093
0.04,1 ,0.0578163, 0.220422,0.721762,0.942184
0.05,0 ,0.0628975, 0.23754,0.699563,0.937102
0.05,0.01 ,0.0632407, 0.237243,0.699516,0.936759
0.05,0.02 ,0.0635684, 0.236948,0.699483,0.936432
0.05,0.03 ,0.0638807, 0.236656,0.699463,0.936119
0.05,0.04 ,0.0641778, 0.236366,0.699456,0.935822
0.05,0.05 ,0.0644595, 0.236079,0.699462,0.93554
0.05,0.06 ,0.0647262, 0.235794,0.69948,0.935274
0.05,0.07 ,0.0649778, 0.235512,0.69951,0.935022
0.05,0.08 ,0.0652147, 0.235232,0.699553,0.934785
0.05,0.09 ,0.0654369, 0.234954,0.699609,0.934563
0.05,0.1 ,0.0656447, 0.23468,0.699676,0.934355
0.05,0.11 ,0.0658383, 0.234407,0.699754,0.934162
0.05,0.12 ,0.0660179, 0.234137,0.699845,0.933982
0.05,0.13 ,0.0661839, 0.23387,0.699946,0.933816
0.05,0.14 ,0.0663364, 0.233606,0.700058,0.933664
0.05,0.15 ,0.0664758, 0.233343,0.700181,0.933524
0.05,0.16 ,0.0666024, 0.233084,0.700314,0.933398
0.05,0.17 ,0.0667166, 0.232827,0.700456,0.933283
0.05,0.18 ,0.0668185, 0.232573,0.700609,0.933181
0.05,0.19 ,0.0669086, 0.232321,0.700771,0.933091
0.05,0.2 ,0.0669873, 0.232071,0.700941,0.933013
0.05,0.21 ,0.0670548, 0.231825,0.70112,0.932945
0.05,0.22 ,0.0671115, 0.231581,0.701308,0.932888
0.05,0.23 ,0.0671578, 0.231339,0.701503,0.932842
0.05,0.24 ,0.067194, 0.2311,0.701706,0.932806
0.05,0.25 ,0.0672206, 0.230864,0.701916,0.932779
0.05,0.26 ,0.0672377, 0.23063,0.702132,0.932762
0.05,0.27 ,0.0672459, 0.230399,0.702355,0.932754
0.05,0.28 ,0.0672454, 0.23017,0.702585,0.932755
0.05,0.29 ,0.0672367, 0.229944,0.70282,0.932763
0.05,0.3 ,0.0672201, 0.22972,0.70306,0.93278
0.05,0.31 ,0.0671958, 0.229499,0.703305,0.932804
0.05,0.32 ,0.0671643, 0.22928,0.703555,0.932836
0.05,0.33 ,0.067126, 0.229064,0.70381,0.932874
0.05,0.34 ,0.067081, 0.22885,0.704069,0.932919
0.05,0.35 ,0.0670299, 0.228639,0.704331,0.93297
0.05,0.36 ,0.0669728, 0.22843,0.704597,0.933027
0.05,0.37 ,0.0669101, 0.228224,0.704866,0.93309
0.05,0.38 ,0.0668421, 0.22802,0.705138,0.933158
0.05,0.39 ,0.066769, 0.227819,0.705412,0.933231
0.05,0.4 ,0.0666913, 0.227619,0.705689,0.933309
0.05,0.41 ,0.0666091, 0.227423,0.705968,0.933391
0.05,0.42 ,0.0665228, 0.227228,0.706249,0.933477
0.05,0.43 ,0.0664326, 0.227036,0.706531,0.933567
0.05,0.44 ,0.0663387, 0.226847,0.706815,0.933661
0.05,0.45 ,0.0662414, 0.226659,0.707099,0.933759
0.05,0.46 ,0.066141, 0.226474,0.707385,0.933859
0.05,0.47 ,0.0660377, 0.226291,0.707671,0.933962
0.05,0.48 ,0.0659316, 0.22611,0.707958,0.934068
0.05,0.49 ,0.0658231, 0.225932,0.708245,0.934177
0.05,0.5 ,0.0657123, 0.225756,0.708532,0.934288
0.05,0.51 ,0.0655994, 0.225582,0.708819,0.934401
0.05,0.52 ,0.0654846, 0.22541,0.709105,0.934515
0.05,0.53 ,0.0653682, 0.22524,0.709391,0.934632
0.05,0.54 ,0.0652502, 0.225073,0.709677,0.93475
0.05,0.55 ,0.0651308, 0.224907,0.709962,0.934869
0.05,0.56 ,0.0650103, 0.224744,0.710246,0.93499
0.05,0.57 ,0.0648887, 0.224583,0.710529,0.935111
0.05,0.58 ,0.0647662, 0.224423,0.71081,0.935234
0.05,0.59 ,0.0646429, 0.224266,0.711091,0.935357
0.05,0.6 ,0.064519, 0.224111,0.71137,0.935481
0.05,0.61 ,0.0643946, 0.223958,0.711648,0.935605
0.05,0.62 ,0.0642699, 0.223806,0.711924,0.93573
0.05,0.63 ,0.0641448, 0.223657,0.712198,0.935855
0.05,0.64 ,0.0640197, 0.223509,0.712471,0.93598
0.05,0.65 ,0.0638944, 0.223364,0.712742,0.936106
0.05,0.66 ,0.0637692, 0.22322,0.713011,0.936231
0.05,0.67 ,0.0636442, 0.223078,0.713278,0.936356
0.05,0.68 ,0.0635194, 0.222938,0.713543,0.936481
0.05,0.69 ,0.0633949, 0.2228,0.713805,0.936605
0.05,0.7 ,0.0632707, 0.222663,0.714066,0.936729
0.05,0.71 ,0.063147, 0.222529,0.714324,0.936853
0.05,0.72 ,0.0630239, 0.222396,0.714581,0.936976
0.05,0.73 ,0.0629013, 0.222264,0.714834,0.937099
0.05,0.74 ,0.0627794, 0.222135,0.715086,0.937221
0.05,0.75 ,0.0626582, 0.222007,0.715335,0.937342
0.05,0.76 ,0.0625378, 0.22188,0.715582,0.937462
0.05,0.77 ,0.0624181, 0.221756,0.715826,0.937582
0.05,0.78 ,0.0622994, 0.221633,0.716068,0.937701
0.05,0.79 ,0.0621815, 0.221511,0.716307,0.937819
0.05,0.8 ,0.0620645, 0.221391,0.716544,0.937935
0.05,0.81 ,0.0619485, 0.221273,0.716779,0.938051
0.05,0.82 ,0.0618336, 0.221156,0.71701,0.938166
0.05,0.83 ,0.0617196, 0.221041,0.71724,0.93828
0.05,0.84 ,0.0616067, 0.220927,0.717466,0.938393
0.05,0.85 ,0.0614949, 0.220815,0.717691,0.938505
0.05,0.86 ,0.0613843, 0.220704,0.717912,0.938616
0.05,0.87 ,0.0612747, 0.220594,0.718131,0.938725
0.05,0.88 ,0.0611663, 0.220486,0.718348,0.938834
0.05,0.89 ,0.0610591, 0.220379,0.718562,0.938941
0.05,0.9 ,0.0609531, 0.220274,0.718773,0.939047
0.05,0.91 ,0.0608482, 0.22017,0.718982,0.939152
0.05,0.92 ,0.0607446, 0.220067,0.719188,0.939255
0.05,0.93 ,0.0606422, 0.219966,0.719392,0.939358
0.05,0.94 ,0.060541, 0.219866,0.719593,0.939459
0.05,0.95 ,0.060441, 0.219767,0.719792,0.939559
0.05,0.96 ,0.0603423, 0.219669,0.719988,0.939658
0.05,0.97 ,0.0602448, 0.219573,0.720182,0.939755
0.05,0.98 ,0.0601486, 0.219478,0.720373,0.939851
0.05,0.99 ,0.0600536, 0.219384,0.720562,0.939946
0.05,1 ,0.0599599, 0.219291,0.720749,0.94004
0.06,0 ,0.0647891, 0.236779,0.698432,0.935211
0.06,0.01 ,0.0651635, 0.236476,0.69836,0.934836
0.06,0.02 ,0.0655217, 0.236175,0.698303,0.934478
0.06,0.03 ,0.0658637, 0.235876,0.69826,0.934136
0.06,0.04 ,0.0661895, 0.23558,0.69823,0.933811
0.06,0.05 ,0.0664991, 0.235287,0.698214,0.933501
0.06,0.06 ,0.0667927, 0.234996,0.698212,0.933207
0.06,0.07 ,0.0670703, 0.234707,0.698222,0.93293
0.06,0.08 ,0.0673322, 0.234421,0.698247,0.932668
0.06,0.09 ,0.0675784, 0.234138,0.698284,0.932422
0.06,0.1 ,0.0678093, 0.233857,0.698334,0.932191
0.06,0.11 ,0.068025, 0.233578,0.698397,0.931975
0.06,0.12 ,0.0682257, 0.233303,0.698472,0.931774
0.06,0.13 ,0.0684118, 0.23303,0.698559,0.931588
0.06,0.14 ,0.0685836, 0.232759,0.698657,0.931416
0.06,0.15 ,0.0687412, 0.232491,0.698768,0.931259
0.06,0.16 ,0.0688851, 0.232226,0.698889,0.931115
0.06,0.17 ,0.0690155, 0.231963,0.699022,0.930985
0.06,0.18 ,0.0691328, 0.231703,0.699164,0.930867
0.06,0.19 ,0.0692374, 0.231445,0.699317,0.930763
0.06,0.2 ,0.0693296, 0.231191,0.69948,0.93067
0.06,0.21 ,0.0694098, 0.230938,0.699652,0.93059
0.06,0.22 ,0.0694783, 0.230689,0.699833,0.930522
0.06,0.23 ,0.0695355, 0.230442,0.700023,0.930464
0.06,0.24 ,0.0695819, 0.230198,0.70022,0.930418
0.06,0.25 ,0.0696177, 0.229956,0.700426,0.930382
0.06,0.26 ,0.0696434, 0.229717,0.70064,0.930357
0.06,0.27 ,0.0696594, 0.22948,0.70086,0.930341
0.06,0.28 ,0.069666, 0.229247,0.701087,0.930334
0.06,0.29 ,0.0696637, 0.229015,0.701321,0.930336
0.06,0.3 ,0.0696527, 0.228787,0.701561,0.930347
0.06,0.31 ,0.0696335, 0.228561,0.701806,0.930366
0.06,0.32 ,0.0696065, 0.228337,0.702056,0.930394
0.06,0.33 ,0.0695719, 0.228116,0.702312,0.930428
0.06,0.34 ,0.0695302, 0.227898,0.702572,0.93047
0.06,0.35 ,0.0694818, 0.227682,0.702836,0.930518
0.06,0.36 ,0.0694268, 0.227468,0.703105,0.930573
0.06,0.37 ,0.0693658, 0.227258,0.703377,0.930634
0.06,0.38 ,0.069299, 0.227049,0.703652,0.930701
0.06,0.39 ,0.0692267, 0.226843,0.70393,0.930773
0.06,0.4 ,0.0691493, 0.22664,0.704211,0.930851
0.06,0.41 ,0.069067, 0.226439,0.704494,0.930933
0.06,0.42 ,0.0689802, 0.22624,0.70478,0.93102
0.06,0.43 ,0.0688891, 0.226044,0.705067,0.931111
0.06,0.44 ,0.0687941, 0.22585,0.705356,0.931206
0.06,0.45 ,0.0686953, 0.225659,0.705646,0.931305
0.06,0.46 ,0.0685931, 0.22547,0.705937,0.931407
0.06,0.47 ,0.0684877, 0.225283,0.706229,0.931512
0.06,0.48 ,0.0683793, 0.225098,0.706522,0.931621
0.06,0.49 ,0.0682682, 0.224916,0.706816,0.931732
0.06,0.5 ,0.0681545, 0.224736,0.707109,0.931845
0.06,0.51 ,0.0680386, 0.224559,0.707403,0.931961
0.06,0.52 ,0.0679206, 0.224383,0.707696,0.932079
0.06,0.53 ,0.0678008, 0.22421,0.707989,0.932199
0.06,0.54 ,0.0676792, 0.224039,0.708282,0.932321
0.06,0.55 ,0.0675561, 0.22387,0.708574,0.932444
0.06,0.56 ,0.0674317, 0.223703,0.708865,0.932568
0.06,0.57 ,0.0673061, 0.223539,0.709155,0.932694
0.06,0.58 ,0.0671796, 0.223376,0.709444,0.93282
0.06,0.59 ,0.0670521, 0.223216,0.709732,0.932948
0.06,0.6 ,0.0669239, 0.223057,0.710019,0.933076
0.06,0.61 ,0.0667952, 0.222901,0.710304,0.933205
0.06,0.62 ,0.066666, 0.222747,0.710587,0.933334
0.06,0.63 ,0.0665365, 0.222594,0.710869,0.933464
0.06,0.64 ,0.0664068, 0.222444,0.711149,0.933593
0.06,0.65 ,0.0662769, 0.222295,0.711428,0.933723
0.06,0.66 ,0.0661471, 0.222149,0.711704,0.933853
0.06,0.67 ,0.0660174, 0.222004,0.711978,0.933983
0.06,0.68 ,0.0658879, 0.221861,0.712251,0.934112
0.06,0.69 ,0.0657587, 0.22172,0.712521,0.934241
0.06,0.7 ,0.0656299, 0.221581,0.712789,0.93437
0.06,0.71 ,0.0655015, 0.221444,0.713055,0.934499
0.06,0.72 ,0.0653736, 0.221308,0.713318,0.934626
0.06,0.73 ,0.0652464, 0.221175,0.713579,0.934754
0.06,0.74 ,0.0651198, 0.221043,0.713838,0.93488
0.06,0.75 ,0.0649939, 0.220912,0.714094,0.935006
0.06,0.76 ,0.0648688, 0.220784,0.714348,0.935131
0.06,0.77 ,0.0647445, 0.220657,0.714599,0.935255
0.06,0.78 ,0.0646212, 0.220531,0.714848,0.935379
0.06,0.79 ,0.0644987, 0.220408,0.715094,0.935501
0.06,0.8 ,0.0643772, 0.220286,0.715337,0.935623
0.06,0.81 ,0.0642567, 0.220165,0.715578,0.935743
0.06,0.82 ,0.0641373, 0.220046,0.715817,0.935863
0.06,0.83 ,0.064019, 0.219929,0.716052,0.935981
0.06,0.84 ,0.0639017, 0.219813,0.716286,0.936098
0.06,0.85 ,0.0637856, 0.219698,0.716516,0.936214
0.06,0.86 ,0.0636706, 0.219586,0.716744,0.936329
0.06,0.87 ,0.0635568, 0.219474,0.716969,0.936443
0.06,0.88 ,0.0634443, 0.219364,0.717192,0.936556
0.06,0.89 ,0.0633329, 0.219256,0.717412,0.936667
0.06,0.9 ,0.0632228, 0.219148,0.717629,0.936777
0.06,0.91 ,0.0631139, 0.219043,0.717844,0.936886
0.06,0.92 ,0.0630063, 0.218938,0.718056,0.936994
0.06,0.93 ,0.0629, 0.218835,0.718265,0.9371
0.06,0.94 ,0.0627949, 0.218733,0.718472,0.937205
0.06,0.95 ,0.0626912, 0.218633,0.718676,0.937309
0.06,0.96 ,0.0625887, 0.218534,0.718878,0.937411
0.06,0.97 ,0.0624875, 0.218436,0.719077,0.937512
0.06,0.98 ,0.0623877, 0.218339,0.719273,0.937612
0.06,0.99 ,0.0622891, 0.218244,0.719467,0.937711
0.06,1 ,0.0621918, 0.21815,0.719659,0.937808
0.07,0 ,0.0667191, 0.236019,0.697262,0.933281
0.07,0.01 ,0.0671273, 0.235709,0.697164,0.932873
0.07,0.02 ,0.0675185, 0.235401,0.69708,0.932482
0.07,0.03 ,0.0678925, 0.235096,0.697011,0.932107
0.07,0.04 ,0.0682494, 0.234794,0.696957,0.931751
0.07,0.05 ,0.0685893, 0.234494,0.696917,0.931411
0.07,0.06 ,0.0689121, 0.234196,0.696891,0.931088
0.07,0.07 ,0.069218, 0.233901,0.69688,0.930782
0.07,0.08 ,0.0695072, 0.233609,0.696884,0.930493
0.07,0.09 ,0.0697797, 0.233319,0.696901,0.93022
0.07,0.1 ,0.0700358, 0.233032,0.696932,0.929964
0.07,0.11 ,0.0702757, 0.232748,0.696977,0.929724
0.07,0.12 ,0.0704996, 0.232466,0.697035,0.9295
0.07,0.13 ,0.0707079, 0.232186,0.697106,0.929292
0.07,0.14 ,0.0709007, 0.23191,0.697189,0.929099
0.07,0.15 ,0.0710784, 0.231636,0.697286,0.928922
0.07,0.16 ,0.0712413, 0.231365,0.697394,0.928759
0.07,0.17 ,0.0713897, 0.231096,0.697514,0.92861
0.07,0.18 ,0.0715241, 0.23083,0.697646,0.928476
0.07,0.19 ,0.0716447, 0.230567,0.697789,0.928355
0.07,0.2 ,0.0717519, 0.230306,0.697942,0.928248
0.07,0.21 ,0.0718462, 0.230048,0.698105,0.928154
0.07,0.22 ,0.0719279, 0.229793,0.698279,0.928072
0.07,0.23 ,0.0719974, 0.229541,0.698462,0.928003
0.07,0.24 ,0.0720551, 0.229291,0.698654,0.927945
0.07,0.25 ,0.0721015, 0.229044,0.698855,0.927899
0.07,0.26 ,0.0721368, 0.228799,0.699064,0.927863
0.07,0.27 ,0.0721617, 0.228558,0.699281,0.927838
0.07,0.28 ,0.0721763, 0.228318,0.699505,0.927824
0.07,0.29 ,0.0721813, 0.228082,0.699737,0.927819
0.07,0.3 ,0.0721768, 0.227848,0.699975,0.927823
0.07,0.31 ,0.0721635, 0.227617,0.70022,0.927837
0.07,0.32 ,0.0721416, 0.227388,0.70047,0.927858
0.07,0.33 ,0.0721115, 0.227163,0.700726,0.927888
0.07,0.34 ,0.0720737, 0.226939,0.700987,0.927926
0.07,0.35 ,0.0720285, 0.226719,0.701253,0.927972
0.07,0.36 ,0.0719763, 0.2265,0.701523,0.928024
0.07,0.37 ,0.0719174, 0.226285,0.701798,0.928083
0.07,0.38 ,0.0718522, 0.226072,0.702076,0.928148
0.07,0.39 ,0.071781, 0.225861,0.702358,0.928219
0.07,0.4 ,0.0717043, 0.225653,0.702642,0.928296
0.07,0.41 ,0.0716222, 0.225448,0.70293,0.928378
0.07,0.42 ,0.0715352, 0.225245,0.70322,0.928465
0.07,0.43 ,0.0714436, 0.225045,0.703512,0.928556
0.07,0.44 ,0.0713475, 0.224847,0.703806,0.928652
0.07,0.45 ,0.0712475, 0.224651,0.704102,0.928753
0.07,0.46 ,0.0711436, 0.224458,0.704399,0.928856
0.07,0.47 ,0.0710362, 0.224267,0.704697,0.928964
0.07,0.48 ,0.0709256, 0.224079,0.704996,0.929074
0.07,0.49 ,0.0708119, 0.223892,0.705296,0.929188
0.07,0.5 ,0.0706956, 0.223709,0.705596,0.929304
0.07,0.51 ,0.0705767, 0.223527,0.705896,0.929423
0.07,0.52 ,0.0704555, 0.223348,0.706196,0.929545
0.07,0.53 ,0.0703322, 0.223171,0.706497,0.929668
0.07,0.54 ,0.070207, 0.222997,0.706796,0.929793
0.07,0.55 ,0.0700802, 0.222824,0.707096,0.92992
0.07,0.56 ,0.0699519, 0.222654,0.707394,0.930048
0.07,0.57 ,0.0698222, 0.222486,0.707692,0.930178
0.07,0.58 ,0.0696915, 0.22232,0.707988,0.930309
0.07,0.59 ,0.0695597, 0.222156,0.708284,0.93044
0.07,0.6 ,0.0694272, 0.221995,0.708578,0.930573
0.07,0.61 ,0.069294, 0.221835,0.708871,0.930706
0.07,0.62 ,0.0691602, 0.221678,0.709162,0.93084
0.07,0.63 ,0.0690261, 0.221522,0.709452,0.930974
0.07,0.64 ,0.0688917, 0.221369,0.70974,0.931108
0.07,0.65 ,0.0687571, 0.221217,0.710026,0.931243
0.07,0.66 ,0.0686225, 0.221068,0.71031,0.931377
0.07,0.67 ,0.068488, 0.22092,0.710592,0.931512
0.07,0.68 ,0.0683537, 0.220775,0.710872,0.931646
0.07,0.69 ,0.0682196, 0.220631,0.711149,0.93178
0.07,0.7 ,0.0680859, 0.220489,0.711425,0.931914
0.07,0.71 ,0.0679527, 0.220349,0.711698,0.932047
0.07,0.72 ,0.0678199, 0.220211,0.711969,0.93218
0.07,0.73 ,0.0676878, 0.220075,0.712237,0.932312
0.07,0.74 ,0.0675564, 0.21994,0.712503,0.932444
0.07,0.75 ,0.0674257, 0.219807,0.712767,0.932574
0.07,0.76 ,0.0672957, 0.219676,0.713028,0.932704
0.07,0.77 ,0.0671667, 0.219547,0.713286,0.932833
0.07,0.78 ,0.0670385, 0.219419,0.713542,0.932961
0.07,0.79 ,0.0669113, 0.219293,0.713795,0.933089
0.07,0.8 ,0.0667852, 0.219169,0.714046,0.933215
0.07,0.81 ,0.06666, 0.219046,0.714294,0.93334
0.07,0.82 ,0.0665359, 0.218925,0.714539,0.933464
0.07,0.83 ,0.066413, 0.218806,0.714781,0.933587
0.07,0.84 ,0.0662912, 0.218688,0.715021,0.933709
0.07,0.85 ,0.0661706, 0.218571,0.715258,0.933829
0.07,0.86 ,0.0660512, 0.218456,0.715493,0.933949
0.07,0.87 ,0.065933, 0.218343,0.715724,0.934067
0.07,0.88 ,0.0658161, 0.218231,0.715953,0.934184
0.07,0.89 ,0.0657005, 0.21812,0.716179,0.9343
0.07,0.9 ,0.0655861, 0.218011,0.716402,0.934414
0.07,0.91 ,0.0654731, 0.217904,0.716623,0.934527
0.07,0.92 ,0.0653614, 0.217798,0.716841,0.934639
0.07,0.93 ,0.065251, 0.217693,0.717056,0.934749
0.07,0.94 ,0.0651419, 0.217589,0.717269,0.934858
0.07,0.95 ,0.0650342, 0.217487,0.717479,0.934966
0.07,0.96 ,0.0649278, 0.217386,0.717686,0.935072
0.07,0.97 ,0.0648228, 0.217287,0.71789,0.935177
0.07,0.98 ,0.0647192, 0.217188,0.718092,0.935281
0.07,0.99 ,0.0646169, 0.217092,0.718292,0.935383
0.07,1 ,0.064516, 0.216996,0.718488,0.935484
0.08,0 ,0.068686, 0.235258,0.696056,0.931314
0.08,0.01 ,0.0691306, 0.234942,0.695928,0.930869
0.08,0.02 ,0.0695574, 0.234628,0.695815,0.930443
0.08,0.03 ,0.0699661, 0.234316,0.695718,0.930034
0.08,0.04 ,0.0703567, 0.234007,0.695636,0.929643
0.08,0.05 ,0.0707293, 0.2337,0.69557,0.929271
0.08,0.06 ,0.071084, 0.233396,0.69552,0.928916
