e1,e2,V,Rs,Rv,P
0,0 ,0.12681, 0.210385,0.662805,0.87319
0,0.01 ,0.130177, 0.209735,0.660088,0.869823
0,0.02 ,0.133614, 0.209085,0.657301,0.866386
0,0.03 ,0.137121, 0.208433,0.654446,0.862879
0,0.04 ,0.140696, 0.207782,0.651522,0.859304
0,0.05 ,0.144339, 0.20713,0.648531,0.855661
0,0.06 ,0.148048, 0.206478,0.645474,0.851952
0,0.07 ,0.151821, 0.205825,0.642354,0.848179
0,0.08 ,0.155656, 0.205173,0.639171,0.844344
0,0.09 ,0.159551, 0.204521,0.635929,0.840449
0,0.1 ,0.163502, 0.203869,0.632629,0.836498
0,0.11 ,0.167506, 0.203217,0.629276,0.832494
0,0.12 ,0.17156, 0.202566,0.625873,0.82844
0,0.13 ,0.17566, 0.201916,0.622424,0.82434
0,0.14 ,0.179799, 0.201267,0.618934,0.820201
0,0.15 ,0.183974, 0.200618,0.615408,0.816026
0,0.16 ,0.188178, 0.199971,0.611851,0.811822
0,0.17 ,0.192405, 0.199325,0.608269,0.807595
0,0.18 ,0.196649, 0.198681,0.60467,0.803351
0,0.19 ,0.200901, 0.198038,0.601061,0.799099
0,0.2 ,0.205154, 0.197398,0.597448,0.794846
0,0.21 ,0.209399, 0.196759,0.593841,0.790601
0,0.22 ,0.213629, 0.196123,0.590248,0.786371
0,0.23 ,0.217833, 0.195489,0.586678,0.782167
0,0.24 ,0.222003, 0.194858,0.583139,0.777997
0,0.25 ,0.226128, 0.19423,0.579642,0.773872
0,0.26 ,0.230199, 0.193605,0.576197,0.769801
0,0.27 ,0.234205, 0.192983,0.572812,0.765795
0,0.28 ,0.238138, 0.192364,0.569498,0.761862
0,0.29 ,0.241986, 0.19175,0.566264,0.758014
0,0.3 ,0.245742, 0.191139,0.563119,0.754258
0,0.31 ,0.249394, 0.190532,0.560074,0.750606
0,0.32 ,0.252936, 0.18993,0.557135,0.747064
0,0.33 ,0.256358, 0.189332,0.554311,0.743642
0,0.34 ,0.259653, 0.188738,0.551609,0.740347
0,0.35 ,0.262815, 0.18815,0.549035,0.737185
0,0.36 ,0.265838, 0.187566,0.546596,0.734162
0,0.37 ,0.268717, 0.186988,0.544295,0.731283
0,0.38 ,0.271448, 0.186415,0.542137,0.728552
0,0.39 ,0.274029, 0.185848,0.540124,0.725971
0,0.4 ,0.276457, 0.185286,0.538257,0.723543
0,0.41 ,0.278731, 0.18473,0.536539,0.721269
0,0.42 ,0.280852, 0.18418,0.534967,0.719148
0,0.43 ,0.282821, 0.183637,0.533542,0.717179
0,0.44 ,0.28464, 0.183099,0.532261,0.71536
0,0.45 ,0.286311, 0.182568,0.53112,0.713689
0,0.46 ,0.287838, 0.182044,0.530118,0.712162
0,0.47 ,0.289225, 0.181526,0.529249,0.710775
0,0.48 ,0.290477, 0.181015,0.528508,0.709523
0,0.49 ,0.291599, 0.18051,0.527891,0.708401
0,0.5 ,0.292595, 0.180012,0.527392,0.707405
0,0.51 ,0.293473, 0.179522,0.527005,0.706527
0,0.52 ,0.294238, 0.179038,0.526724,0.705762
0,0.53 ,0.294896, 0.178561,0.526543,0.705104
0,0.54 ,0.295453, 0.178091,0.526456,0.704547
0,0.55 ,0.295915, 0.177628,0.526456,0.704085
0,0.56 ,0.29629, 0.177173,0.526538,0.70371
0,0.57 ,0.296582, 0.176724,0.526694,0.703418
0,0.58 ,0.296797, 0.176282,0.52692,0.703203
0,0.59 ,0.296942, 0.175848,0.52721,0.703058
0,0.6 ,0.297022, 0.17542,0.527559,0.702978
0,0.61 ,0.297041, 0.174999,0.52796,0.702959
0,0.62 ,0.297006, 0.174585,0.528409,0.702994
0,0.63 ,0.29692, 0.174179,0.528901,0.70308
0,0.64 ,0.296789, 0.173779,0.529432,0.703211
0,0.65 ,0.296617, 0.173385,0.529998,0.703383
0,0.66 ,0.296407, 0.172999,0.530594,0.703593
0,0.67 ,0.296164, 0.172619,0.531217,0.703836
0,0.68 ,0.29589, 0.172246,0.531864,0.70411
0,0.69 ,0.29559, 0.171879,0.53253,0.70441
0,0.7 ,0.295267, 0.171519,0.533214,0.704733
0,0.71 ,0.294922, 0.171165,0.533912,0.705078
0,0.72 ,0.29456, 0.170818,0.534622,0.70544
0,0.73 ,0.294182, 0.170476,0.535342,0.705818
0,0.74 ,0.29379, 0.170141,0.536069,0.70621
0,0.75 ,0.293386, 0.169812,0.536802,0.706614
0,0.76 ,0.292973, 0.169489,0.537538,0.707027
0,0.77 ,0.292552, 0.169172,0.538276,0.707448
0,0.78 ,0.292125, 0.16886,0.539015,0.707875
0,0.79 ,0.291693, 0.168554,0.539753,0.708307
0,0.8 ,0.291257, 0.168254,0.540489,0.708743
0,0.81 ,0.290819, 0.167959,0.541221,0.709181
0,0.82 ,0.29038, 0.16767,0.54195,0.70962
0,0.83 ,0.28994, 0.167386,0.542674,0.71006
0,0.84 ,0.2895, 0.167107,0.543393,0.7105
0,0.85 ,0.289062, 0.166833,0.544104,0.710938
0,0.86 ,0.288626, 0.166565,0.544809,0.711374
0,0.87 ,0.288192, 0.166301,0.545507,0.711808
0,0.88 ,0.287762, 0.166042,0.546196,0.712238
0,0.89 ,0.287335, 0.165788,0.546877,0.712665
0,0.9 ,0.286912, 0.165538,0.547549,0.713088
0,0.91 ,0.286494, 0.165293,0.548213,0.713506
0,0.92 ,0.286081, 0.165053,0.548867,0.713919
0,0.93 ,0.285672, 0.164816,0.549511,0.714328
0,0.94 ,0.285269, 0.164585,0.550146,0.714731
0,0.95 ,0.284871, 0.164357,0.550772,0.715129
0,0.96 ,0.284479, 0.164133,0.551387,0.715521
0,0.97 ,0.284093, 0.163914,0.551993,0.715907
0,0.98 ,0.283713, 0.163698,0.552588,0.716287
0,0.99 ,0.283339, 0.163487,0.553174,0.716661
0,1 ,0.282971, 0.163279,0.55375,0.717029
0.01,0 ,0.1269, 0.21009,0.66301,0.8731
0.01,0.01 ,0.130296, 0.209435,0.660269,0.869704
0.01,0.02 ,0.133765, 0.208779,0.657456,0.866235
0.01,0.03 ,0.137307, 0.208123,0.65457,0.862693
0.01,0.04 ,0.14092, 0.207465,0.651614,0.85908
0.01,0.05 ,0.144605, 0.206808,0.648588,0.855395
0.01,0.06 ,0.148359, 0.20615,0.645492,0.851641
0.01,0.07 ,0.15218, 0.205491,0.642328,0.84782
0.01,0.08 ,0.156069, 0.204833,0.639098,0.843931
0.01,0.09 ,0.160021, 0.204175,0.635805,0.839979
0.01,0.1 ,0.164034, 0.203516,0.63245,0.835966
0.01,0.11 ,0.168105, 0.202858,0.629037,0.831895
0.01,0.12 ,0.172231, 0.202201,0.625568,0.827769
0.01,0.13 ,0.176408, 0.201544,0.622049,0.823592
0.01,0.14 ,0.18063, 0.200887,0.618483,0.81937
0.01,0.15 ,0.184893, 0.200232,0.614875,0.815107
0.01,0.16 ,0.189192, 0.199578,0.61123,0.810808
0.01,0.17 ,0.19352, 0.198925,0.607555,0.80648
0.01,0.18 ,0.19787, 0.198273,0.603857,0.80213
0.01,0.19 ,0.202235, 0.197623,0.600142,0.797765
0.01,0.2 ,0.206608, 0.196975,0.596417,0.793392
0.01,0.21 ,0.21098, 0.196328,0.592692,0.78902
0.01,0.22 ,0.215342, 0.195684,0.588974,0.784658
0.01,0.23 ,0.219685, 0.195042,0.585273,0.780315
0.01,0.24 ,0.223999, 0.194403,0.581598,0.776001
0.01,0.25 ,0.228275, 0.193767,0.577958,0.771725
0.01,0.26 ,0.232502, 0.193133,0.574365,0.767498
0.01,0.27 ,0.23667, 0.192503,0.570827,0.76333
0.01,0.28 ,0.240768, 0.191876,0.567356,0.759232
0.01,0.29 ,0.244787, 0.191252,0.563961,0.755213
0.01,0.3 ,0.248715, 0.190633,0.560652,0.751285
0.01,0.31 ,0.252544, 0.190017,0.557439,0.747456
0.01,0.32 ,0.256264, 0.189406,0.554331,0.743736
0.01,0.33 ,0.259865, 0.188799,0.551336,0.740135
0.01,0.34 ,0.26334, 0.188196,0.548464,0.73666
0.01,0.35 ,0.266681, 0.187599,0.54572,0.733319
0.01,0.36 ,0.269882, 0.187006,0.543112,0.730118
0.01,0.37 ,0.272937, 0.186418,0.540645,0.727063
0.01,0.38 ,0.275841, 0.185836,0.538323,0.724159
0.01,0.39 ,0.27859, 0.18526,0.53615,0.72141
0.01,0.4 ,0.281183, 0.184689,0.534129,0.718817
0.01,0.41 ,0.283617, 0.184124,0.53226,0.716383
0.01,0.42 ,0.285892, 0.183565,0.530543,0.714108
0.01,0.43 ,0.288009, 0.183012,0.528979,0.711991
0.01,0.44 ,0.289969, 0.182465,0.527566,0.710031
0.01,0.45 ,0.291774, 0.181925,0.526301,0.708226
0.01,0.46 ,0.293429, 0.181391,0.52518,0.706571
0.01,0.47 ,0.294936, 0.180864,0.5242,0.705064
0.01,0.48 ,0.2963, 0.180344,0.523355,0.7037
0.01,0.49 ,0.297527, 0.179831,0.522642,0.702473
0.01,0.5 ,0.298622, 0.179324,0.522054,0.701378
0.01,0.51 ,0.299591, 0.178825,0.521584,0.700409
0.01,0.52 ,0.30044, 0.178332,0.521228,0.69956
0.01,0.53 ,0.301175, 0.177847,0.520978,0.698825
0.01,0.54 ,0.301803, 0.177368,0.520828,0.698197
0.01,0.55 ,0.302331, 0.176897,0.520772,0.697669
0.01,0.56 ,0.302764, 0.176433,0.520803,0.697236
0.01,0.57 ,0.303109, 0.175976,0.520915,0.696891
0.01,0.58 ,0.303372, 0.175527,0.521101,0.696628
0.01,0.59 ,0.30356, 0.175084,0.521356,0.69644
0.01,0.6 ,0.303678, 0.174648,0.521674,0.696322
0.01,0.61 ,0.303732, 0.17422,0.522048,0.696268
0.01,0.62 ,0.303726, 0.173799,0.522475,0.696274
0.01,0.63 ,0.303667, 0.173385,0.522948,0.696333
0.01,0.64 ,0.303559, 0.172977,0.523463,0.696441
0.01,0.65 ,0.303407, 0.172577,0.524016,0.696593
0.01,0.66 ,0.303215, 0.172184,0.524602,0.696785
0.01,0.67 ,0.302986, 0.171797,0.525217,0.697014
0.01,0.68 ,0.302725, 0.171417,0.525858,0.697275
0.01,0.69 ,0.302435, 0.171044,0.526521,0.697565
0.01,0.7 ,0.30212, 0.170677,0.527203,0.69788
0.01,0.71 ,0.301782, 0.170317,0.527901,0.698218
0.01,0.72 ,0.301424, 0.169964,0.528612,0.698576
0.01,0.73 ,0.30105, 0.169616,0.529334,0.69895
0.01,0.74 ,0.30066, 0.169275,0.530065,0.69934
0.01,0.75 ,0.300258, 0.168941,0.530802,0.699742
0.01,0.76 ,0.299845, 0.168612,0.531543,0.700155
0.01,0.77 ,0.299424, 0.168289,0.532287,0.700576
0.01,0.78 ,0.298995, 0.167972,0.533033,0.701005
0.01,0.79 ,0.298561, 0.167661,0.533778,0.701439
0.01,0.8 ,0.298122, 0.167356,0.534522,0.701878
0.01,0.81 ,0.297681, 0.167056,0.535263,0.702319
0.01,0.82 ,0.297238, 0.166762,0.536,0.702762
0.01,0.83 ,0.296794, 0.166473,0.536733,0.703206
0.01,0.84 ,0.29635, 0.16619,0.53746,0.70365
0.01,0.85 ,0.295907, 0.165912,0.538181,0.704093
0.01,0.86 ,0.295466, 0.165639,0.538895,0.704534
0.01,0.87 ,0.295028, 0.16537,0.539602,0.704972
0.01,0.88 ,0.294592, 0.165107,0.540301,0.705408
0.01,0.89 ,0.29416, 0.164849,0.540991,0.70584
0.01,0.9 ,0.293732, 0.164596,0.541673,0.706268
0.01,0.91 ,0.293308, 0.164347,0.542346,0.706692
0.01,0.92 ,0.292889, 0.164102,0.543009,0.707111
0.01,0.93 ,0.292475, 0.163863,0.543663,0.707525
0.01,0.94 ,0.292066, 0.163627,0.544307,0.707934
0.01,0.95 ,0.291663, 0.163396,0.544941,0.708337
0.01,0.96 ,0.291265, 0.163169,0.545566,0.708735
0.01,0.97 ,0.290874, 0.162946,0.54618,0.709126
0.01,0.98 ,0.290488, 0.162727,0.546784,0.709512
0.01,0.99 ,0.290109, 0.162513,0.547379,0.709891
0.01,1 ,0.289736, 0.162302,0.547963,0.710264
0.02,0 ,0.126964, 0.209799,0.663237,0.873036
0.02,0.01 ,0.130388, 0.209139,0.660474,0.869612
0.02,0.02 ,0.133887, 0.208477,0.657636,0.866113
0.02,0.03 ,0.137462, 0.207815,0.654723,0.862538
0.02,0.04 ,0.141111, 0.207153,0.651736,0.858889
0.02,0.05 ,0.144835, 0.206489,0.648676,0.855165
0.02,0.06 ,0.148632, 0.205825,0.645543,0.851368
0.02,0.07 ,0.1525, 0.205161,0.642338,0.8475
0.02,0.08 ,0.156439, 0.204497,0.639064,0.843561
0.02,0.09 ,0.160446, 0.203832,0.635721,0.839554
0.02,0.1 ,0.164519, 0.203168,0.632313,0.835481
0.02,0.11 ,0.168655, 0.202503,0.628842,0.831345
0.02,0.12 ,0.17285, 0.201839,0.625311,0.82715
0.02,0.13 ,0.177101, 0.201175,0.621723,0.822899
0.02,0.14 ,0.181404, 0.200512,0.618084,0.818596
0.02,0.15 ,0.185754, 0.19985,0.614396,0.814246
0.02,0.16 ,0.190144, 0.199188,0.610667,0.809856
0.02,0.17 ,0.194571, 0.198528,0.606901,0.805429
0.02,0.18 ,0.199026, 0.197869,0.603105,0.800974
0.02,0.19 ,0.203502, 0.197212,0.599286,0.796498
0.02,0.2 ,0.207993, 0.196556,0.595451,0.792007
0.02,0.21 ,0.212489, 0.195902,0.591609,0.787511
0.02,0.22 ,0.216983, 0.195249,0.587768,0.783017
0.02,0.23 ,0.221464, 0.1946,0.583937,0.778536
0.02,0.24 ,0.225923, 0.193952,0.580125,0.774077
0.02,0.25 ,0.230349, 0.193307,0.576343,0.769651
0.02,0.26 ,0.234733, 0.192666,0.572602,0.765267
0.02,0.27 ,0.239063, 0.192027,0.56891,0.760937
0.02,0.28 ,0.243329, 0.191391,0.56528,0.756671
0.02,0.29 ,0.24752, 0.190759,0.561721,0.75248
0.02,0.3 ,0.251625, 0.19013,0.558245,0.748375
0.02,0.31 ,0.255633, 0.189506,0.554861,0.744367
0.02,0.32 ,0.259535, 0.188885,0.551579,0.740465
0.02,0.33 ,0.263321, 0.188269,0.54841,0.736679
0.02,0.34 ,0.266981, 0.187658,0.545361,0.733019
0.02,0.35 ,0.270508, 0.187051,0.542442,0.729492
0.02,0.36 ,0.273893, 0.186449,0.539658,0.726107
0.02,0.37 ,0.27713, 0.185852,0.537017,0.72287
0.02,0.38 ,0.280215, 0.185261,0.534525,0.719785
0.02,0.39 ,0.283141, 0.184675,0.532184,0.716859
0.02,0.4 ,0.285907, 0.184094,0.529999,0.714093
0.02,0.41 ,0.288509, 0.18352,0.527971,0.711491
0.02,0.42 ,0.290947, 0.182952,0.526102,0.709053
0.02,0.43 ,0.29322, 0.182389,0.52439,0.70678
0.02,0.44 ,0.29533, 0.181833,0.522836,0.70467
0.02,0.45 ,0.297279, 0.181284,0.521437,0.702721
0.02,0.46 ,0.299069, 0.180741,0.52019,0.700931
0.02,0.47 ,0.300705, 0.180205,0.51909,0.699295
0.02,0.48 ,0.30219, 0.179675,0.518135,0.69781
0.02,0.49 ,0.30353, 0.179153,0.517317,0.69647
0.02,0.5 ,0.304731, 0.178637,0.516632,0.695269
0.02,0.51 ,0.305798, 0.178129,0.516074,0.694202
0.02,0.52 ,0.306737, 0.177627,0.515635,0.693263
0.02,0.53 ,0.307556, 0.177133,0.51531,0.692444
0.02,0.54 ,0.308261, 0.176646,0.515092,0.691739
0.02,0.55 ,0.308859, 0.176166,0.514975,0.691141
0.02,0.56 ,0.309356, 0.175694,0.51495,0.690644
0.02,0.57 ,0.30976, 0.175229,0.515012,0.69024
0.02,0.58 ,0.310075, 0.174771,0.515154,0.689925
0.02,0.59 ,0.31031, 0.17432,0.51537,0.68969
0.02,0.6 ,0.310471, 0.173877,0.515653,0.689529
0.02,0.61 ,0.310562, 0.17344,0.515998,0.689438
0.02,0.62 ,0.31059, 0.173011,0.516398,0.68941
0.02,0.63 ,0.310561, 0.17259,0.51685,0.689439
0.02,0.64 ,0.310479, 0.172175,0.517346,0.689521
0.02,0.65 ,0.310349, 0.171767,0.517884,0.689651
0.02,0.66 ,0.310176, 0.171367,0.518458,0.689824
0.02,0.67 ,0.309964, 0.170973,0.519063,0.690036
0.02,0.68 ,0.309717, 0.170587,0.519696,0.690283
0.02,0.69 ,0.309439, 0.170207,0.520354,0.690561
0.02,0.7 ,0.309134, 0.169833,0.521033,0.690866
0.02,0.71 ,0.308804, 0.169467,0.521729,0.691196
0.02,0.72 ,0.308452, 0.169107,0.522441,0.691548
0.02,0.73 ,0.308082, 0.168754,0.523164,0.691918
0.02,0.74 ,0.307696, 0.168407,0.523897,0.692304
0.02,0.75 ,0.307296, 0.168066,0.524638,0.692704
0.02,0.76 ,0.306885, 0.167732,0.525384,0.693115
0.02,0.77 ,0.306463, 0.167403,0.526134,0.693537
0.02,0.78 ,0.306034, 0.167081,0.526885,0.693966
0.02,0.79 ,0.305598, 0.166765,0.527637,0.694402
0.02,0.8 ,0.305158, 0.166454,0.528388,0.694842
0.02,0.81 ,0.304714, 0.166149,0.529137,0.695286
0.02,0.82 ,0.304267, 0.16585,0.529883,0.695733
0.02,0.83 ,0.30382, 0.165557,0.530624,0.69618
0.02,0.84 ,0.303372, 0.165268,0.53136,0.696628
0.02,0.85 ,0.302925, 0.164986,0.532089,0.697075
0.02,0.86 ,0.302479, 0.164708,0.532813,0.697521
0.02,0.87 ,0.302036, 0.164436,0.533528,0.697964
0.02,0.88 ,0.301595, 0.164168,0.534236,0.698405
0.02,0.89 ,0.301158, 0.163906,0.534936,0.698842
0.02,0.9 ,0.300725, 0.163648,0.535627,0.699275
0.02,0.91 ,0.300296, 0.163395,0.536309,0.699704
0.02,0.92 ,0.299871, 0.163147,0.536982,0.700129
0.02,0.93 ,0.299452, 0.162904,0.537645,0.700548
0.02,0.94 ,0.299038, 0.162665,0.538298,0.700962
0.02,0.95 ,0.298629, 0.16243,0.538941,0.701371
0.02,0.96 ,0.298226, 0.162199,0.539574,0.701774
0.02,0.97 ,0.297829, 0.161973,0.540198,0.702171
0.02,0.98 ,0.297438, 0.161751,0.540811,0.702562
0.02,0.99 ,0.297054, 0.161533,0.541413,0.702946
0.02,1 ,0.296675, 0.161319,0.542006,0.703325
0.03,0 ,0.127003, 0.209511,0.663486,0.872997
0.03,0.01 ,0.130453, 0.208846,0.660702,0.869547
0.03,0.02 ,0.133981, 0.208179,0.65784,0.866019
0.03,0.03 ,0.137586, 0.207512,0.654902,0.862414
0.03,0.04 ,0.14127, 0.206844,0.651886,0.85873
0.03,0.05 ,0.145031, 0.206175,0.648794,0.854969
0.03,0.06 ,0.148869, 0.205505,0.645626,0.851131
0.03,0.07 ,0.152782, 0.204835,0.642383,0.847218
0.03,0.08 ,0.156769, 0.204164,0.639067,0.843231
0.03,0.09 ,0.160829, 0.203494,0.635678,0.839171
0.03,0.1 ,0.164959, 0.202823,0.632219,0.835041
0.03,0.11 ,0.169156, 0.202152,0.628692,0.830844
0.03,0.12 ,0.173418, 0.201481,0.6251,0.826582
0.03,0.13 ,0.177742, 0.200811,0.621448,0.822258
0.03,0.14 ,0.182122, 0.200141,0.617737,0.817878
0.03,0.15 ,0.186555, 0.199472,0.613973,0.813445
0.03,0.16 ,0.191035, 0.198803,0.610161,0.808965
0.03,0.17 ,0.195557, 0.198136,0.606307,0.804443
0.03,0.18 ,0.200115, 0.197469,0.602416,0.799885
0.03,0.19 ,0.204701, 0.196804,0.598495,0.795299
0.03,0.2 ,0.209307, 0.196141,0.594552,0.790693
0.03,0.21 ,0.213927, 0.195479,0.590595,0.786073
0.03,0.22 ,0.21855, 0.194819,0.586631,0.78145
0.03,0.23 ,0.223168, 0.194161,0.582671,0.776832
0.03,0.24 ,0.22777, 0.193505,0.578724,0.77223
0.03,0.25 ,0.232347, 0.192852,0.5748,0.767653
0.03,0.26 ,0.236888, 0.192202,0.57091,0.763112
0.03,0.27 ,0.241382, 0.191555,0.567064,0.758618
0.03,0.28 ,0.245816, 0.19091,0.563273,0.754184
0.03,0.29 ,0.250181, 0.190269,0.559549,0.749819
0.03,0.3 ,0.254465, 0.189632,0.555903,0.745535
0.03,0.31 ,0.258657, 0.188999,0.552345,0.741343
0.03,0.32 ,0.262745, 0.188369,0.548886,0.737255
0.03,0.33 ,0.266719, 0.187744,0.545537,0.733281
0.03,0.34 ,0.27057, 0.187123,0.542307,0.72943
0.03,0.35 ,0.274287, 0.186507,0.539206,0.725713
0.03,0.36 ,0.277864, 0.185896,0.536241,0.722136
0.03,0.37 ,0.281291, 0.185289,0.533419,0.718709
0.03,0.38 ,0.284564, 0.184688,0.530748,0.715436
0.03,0.39 ,0.287675, 0.184093,0.528232,0.712325
0.03,0.4 ,0.290622, 0.183503,0.525875,0.709378
0.03,0.41 ,0.293401, 0.182919,0.52368,0.706599
0.03,0.42 ,0.29601, 0.182341,0.521648,0.70399
0.03,0.43 ,0.298449, 0.18177,0.519781,0.701551
0.03,0.44 ,0.300718, 0.181204,0.518078,0.699282
0.03,0.45 ,0.302819, 0.180645,0.516536,0.697181
0.03,0.46 ,0.304754, 0.180093,0.515153,0.695246
0.03,0.47 ,0.306527, 0.179547,0.513926,0.693473
0.03,0.48 ,0.308141, 0.179008,0.51285,0.691859
0.03,0.49 ,0.309603, 0.178477,0.511921,0.690397
0.03,0.5 ,0.310917, 0.177952,0.511131,0.689083
0.03,0.51 ,0.31209, 0.177434,0.510476,0.68791
0.03,0.52 ,0.313127, 0.176924,0.509949,0.686873
0.03,0.53 ,0.314037, 0.17642,0.509543,0.685963
0.03,0.54 ,0.314825, 0.175925,0.50925,0.685175
0.03,0.55 ,0.315499, 0.175436,0.509065,0.684501
0.03,0.56 ,0.316066, 0.174955,0.508979,0.683934
0.03,0.57 ,0.316533, 0.174481,0.508986,0.683467
0.03,0.58 ,0.316906, 0.174015,0.509079,0.683094
0.03,0.59 ,0.317193, 0.173556,0.509251,0.682807
0.03,0.6 ,0.3174, 0.173104,0.509496,0.6826
0.03,0.61 ,0.317532, 0.17266,0.509807,0.682468
0.03,0.62 ,0.317598, 0.172223,0.510179,0.682402
0.03,0.63 ,0.317601, 0.171794,0.510605,0.682399
0.03,0.64 ,0.317548, 0.171372,0.511081,0.682452
0.03,0.65 ,0.317443, 0.170956,0.511601,0.682557
0.03,0.66 ,0.317292, 0.170549,0.512159,0.682708
0.03,0.67 ,0.317099, 0.170148,0.512753,0.682901
0.03,0.68 ,0.316869, 0.169754,0.513377,0.683131
0.03,0.69 ,0.316604, 0.169367,0.514028,0.683396
0.03,0.7 ,0.31631, 0.168988,0.514702,0.68369
0.03,0.71 ,0.31599, 0.168614,0.515395,0.68401
0.03,0.72 ,0.315646, 0.168248,0.516105,0.684354
0.03,0.73 ,0.315282, 0.167888,0.516829,0.684718
0.03,0.74 ,0.314901, 0.167535,0.517564,0.685099
0.03,0.75 ,0.314504, 0.167189,0.518307,0.685496
0.03,0.76 ,0.314094, 0.166848,0.519057,0.685906
0.03,0.77 ,0.313674, 0.166514,0.519812,0.686326
0.03,0.78 ,0.313245, 0.166186,0.520569,0.686755
0.03,0.79 ,0.312809, 0.165865,0.521327,0.687191
0.03,0.8 ,0.312367, 0.165549,0.522085,0.687633
0.03,0.81 ,0.311921, 0.165239,0.522841,0.688079
0.03,0.82 ,0.311472, 0.164935,0.523594,0.688528
0.03,0.83 ,0.311021, 0.164636,0.524343,0.688979
0.03,0.84 ,0.31057, 0.164343,0.525087,0.68943
0.03,0.85 ,0.310119, 0.164055,0.525826,0.689881
0.03,0.86 ,0.309669, 0.163773,0.526558,0.690331
0.03,0.87 ,0.309221, 0.163496,0.527282,0.690779
0.03,0.88 ,0.308776, 0.163225,0.527999,0.691224
0.03,0.89 ,0.308334, 0.162958,0.528708,0.691666
0.03,0.9 ,0.307896, 0.162696,0.529408,0.692104
0.03,0.91 ,0.307462, 0.162439,0.530099,0.692538
0.03,0.92 ,0.307032, 0.162187,0.530781,0.692968
0.03,0.93 ,0.306607, 0.16194,0.531453,0.693393
0.03,0.94 ,0.306188, 0.161697,0.532115,0.693812
0.03,0.95 ,0.305774, 0.161459,0.532767,0.694226
0.03,0.96 ,0.305366, 0.161225,0.533409,0.694634
0.03,0.97 ,0.304964, 0.160995,0.534041,0.695036
0.03,0.98 ,0.304568, 0.16077,0.534663,0.695432
0.03,0.99 ,0.304178, 0.160548,0.535274,0.695822
0.03,1 ,0.303794, 0.160331,0.535875,0.696206
0.04,0 ,0.127019, 0.209226,0.663755,0.872981
0.04,0.01 ,0.130493, 0.208556,0.660951,0.869507
0.04,0.02 ,0.134047, 0.207884,0.658069,0.865953
0.04,0.03 ,0.137682, 0.207212,0.655106,0.862318
0.04,0.04 ,0.141398, 0.206538,0.652064,0.858602
0.04,0.05 ,0.145194, 0.205863,0.648943,0.854806
0.04,0.06 ,0.14907, 0.205188,0.645742,0.85093
0.04,0.07 ,0.153025, 0.204512,0.642462,0.846975
0.04,0.08 ,0.157059, 0.203836,0.639105,0.842941
0.04,0.09 ,0.161168, 0.203159,0.635672,0.838832
0.04,0.1 ,0.165353, 0.202482,0.632165,0.834647
0.04,0.11 ,0.16961, 0.201805,0.628586,0.83039
0.04,0.12 ,0.173936, 0.201128,0.624936,0.826064
0.04,0.13 ,0.178329, 0.200451,0.621221,0.821671
0.04,0.14 ,0.182784, 0.199774,0.617442,0.817216
0.04,0.15 ,0.187298, 0.199098,0.613604,0.812702
0.04,0.16 ,0.191865, 0.198422,0.609713,0.808135
0.04,0.17 ,0.19648, 0.197747,0.605772,0.80352
0.04,0.18 ,0.201138, 0.197074,0.601789,0.798862
0.04,0.19 ,0.20583, 0.196401,0.597769,0.79417
0.04,0.2 ,0.21055, 0.19573,0.59372,0.78945
0.04,0.21 ,0.215291, 0.19506,0.589649,0.784709
0.04,0.22 ,0.220042, 0.194392,0.585566,0.779958
0.04,0.23 ,0.224795, 0.193726,0.581479,0.775205
0.04,0.24 ,0.22954, 0.193063,0.577397,0.77046
0.04,0.25 ,0.234267, 0.192401,0.573332,0.765733
0.04,0.26 ,0.238964, 0.191743,0.569293,0.761036
0.04,0.27 ,0.243621, 0.191087,0.565292,0.756379
0.04,0.28 ,0.248226, 0.190434,0.561341,0.751774
0.04,0.29 ,0.252766, 0.189784,0.55745,0.747234
0.04,0.3 ,0.257231, 0.189138,0.553631,0.742769
0.04,0.31 ,0.261608, 0.188495,0.549897,0.738392
0.04,0.32 ,0.265886, 0.187857,0.546258,0.734114
0.04,0.33 ,0.270053, 0.187222,0.542725,0.729947
0.04,0.34 ,0.274099, 0.186592,0.539309,0.725901
0.04,0.35 ,0.278014, 0.185967,0.53602,0.721986
0.04,0.36 ,0.281787, 0.185346,0.532867,0.718213
0.04,0.37 ,0.285412, 0.18473,0.529858,0.714588
0.04,0.38 ,0.288879, 0.18412,0.527001,0.711121
0.04,0.39 ,0.292184, 0.183515,0.524301,0.707816
0.04,0.4 ,0.29532, 0.182915,0.521764,0.70468
0.04,0.41 ,0.298285, 0.182322,0.519394,0.701715
0.04,0.42 ,0.301074, 0.181734,0.517191,0.698926
0.04,0.43 ,0.303688, 0.181153,0.515159,0.696312
0.04,0.44 ,0.306125, 0.180578,0.513297,0.693875
0.04,0.45 ,0.308388, 0.180009,0.511604,0.691612
0.04,0.46 ,0.310476, 0.179447,0.510077,0.689524
0.04,0.47 ,0.312395, 0.178892,0.508713,0.687605
0.04,0.48 ,0.314148, 0.178343,0.507508,0.685852
0.04,0.49 ,0.31574, 0.177802,0.506458,0.68426
0.04,0.5 ,0.317176, 0.177268,0.505556,0.682824
0.04,0.51 ,0.318463, 0.176741,0.504796,0.681537
0.04,0.52 ,0.319606, 0.176221,0.504173,0.680394
0.04,0.53 ,0.320614, 0.175709,0.503677,0.679386
0.04,0.54 ,0.321492, 0.175204,0.503304,0.678508
0.04,0.55 ,0.322249, 0.174707,0.503044,0.677751
0.04,0.56 ,0.322892, 0.174217,0.502892,0.677108
0.04,0.57 ,0.323427, 0.173734,0.502838,0.676573
0.04,0.58 ,0.323863, 0.173259,0.502877,0.676137
0.04,0.59 ,0.324207, 0.172792,0.503001,0.675793
0.04,0.6 ,0.324464, 0.172332,0.503204,0.675536
0.04,0.61 ,0.324643, 0.17188,0.503477,0.675357
0.04,0.62 ,0.324749, 0.171435,0.503816,0.675251
0.04,0.63 ,0.324789, 0.170997,0.504214,0.675211
0.04,0.64 ,0.324767, 0.170567,0.504665,0.675233
0.04,0.65 ,0.324691, 0.170145,0.505164,0.675309
0.04,0.66 ,0.324565, 0.169729,0.505706,0.675435
0.04,0.67 ,0.324393, 0.169321,0.506286,0.675607
0.04,0.68 ,0.324181, 0.16892,0.506898,0.675819
0.04,0.69 ,0.323933, 0.168526,0.507541,0.676067
0.04,0.7 ,0.323653, 0.16814,0.508208,0.676347
0.04,0.71 ,0.323343, 0.16776,0.508897,0.676657
0.04,0.72 ,0.323009, 0.167387,0.509604,0.676991
0.04,0.73 ,0.322652, 0.167021,0.510327,0.677348
0.04,0.74 ,0.322277, 0.166661,0.511062,0.677723
0.04,0.75 ,0.321884, 0.166309,0.511807,0.678116
0.04,0.76 ,0.321478, 0.165962,0.51256,0.678522
0.04,0.77 ,0.32106, 0.165622,0.513318,0.67894
0.04,0.78 ,0.320631, 0.165289,0.51408,0.679369
0.04,0.79 ,0.320195, 0.164961,0.514844,0.679805
0.04,0.8 ,0.319753, 0.16464,0.515607,0.680247
0.04,0.81 ,0.319305, 0.164325,0.51637,0.680695
0.04,0.82 ,0.318854, 0.164015,0.517131,0.681146
0.04,0.83 ,0.318401, 0.163712,0.517887,0.681599
0.04,0.84 ,0.317947, 0.163414,0.518639,0.682053
0.04,0.85 ,0.317493, 0.163121,0.519386,0.682507
0.04,0.86 ,0.317039, 0.162835,0.520126,0.682961
0.04,0.87 ,0.316587, 0.162553,0.52086,0.683413
0.04,0.88 ,0.316138, 0.162277,0.521585,0.683862
0.04,0.89 ,0.315691, 0.162006,0.522303,0.684309
0.04,0.9 ,0.315249, 0.16174,0.523012,0.684751
0.04,0.91 ,0.31481, 0.161479,0.523712,0.68519
0.04,0.92 ,0.314375, 0.161223,0.524402,0.685625
0.04,0.93 ,0.313946, 0.160971,0.525083,0.686054
0.04,0.94 ,0.313521, 0.160725,0.525754,0.686479
0.04,0.95 ,0.313103, 0.160483,0.526415,0.686897
0.04,0.96 ,0.312689, 0.160245,0.527066,0.687311
0.04,0.97 ,0.312282, 0.160012,0.527706,0.687718
0.04,0.98 ,0.311881, 0.159783,0.528336,0.688119
0.04,0.99 ,0.311486, 0.159558,0.528956,0.688514
0.04,1 ,0.311097, 0.159337,0.529565,0.688903
0.05,0 ,0.127012, 0.208945,0.664043,0.872988
0.05,0.01 ,0.130508, 0.20827,0.661222,0.869492
0.05,0.02 ,0.134087, 0.207593,0.65832,0.865913
0.05,0.03 ,0.13775, 0.206915,0.655335,0.86225
0.05,0.04 ,0.141496, 0.206236,0.652268,0.858504
0.05,0.05 ,0.145325, 0.205556,0.649119,0.854675
0.05,0.06 ,0.149237, 0.204875,0.645887,0.850763
0.05,0.07 ,0.153233, 0.204193,0.642574,0.846767
0.05,0.08 ,0.15731, 0.203511,0.639179,0.84269
0.05,0.09 ,0.161467, 0.202828,0.635705,0.838533
0.05,0.1 ,0.165703, 0.202145,0.632152,0.834297
0.05,0.11 ,0.170017, 0.201461,0.628522,0.829983
0.05,0.12 ,0.174404, 0.200778,0.624818,0.825596
0.05,0.13 ,0.178864, 0.200094,0.621042,0.821136
0.05,0.14 ,0.183391, 0.199411,0.617198,0.816609
0.05,0.15 ,0.187983, 0.198728,0.613289,0.812017
0.05,0.16 ,0.192634, 0.198045,0.609321,0.807366
0.05,0.17 ,0.19734, 0.197363,0.605297,0.80266
0.05,0.18 ,0.202094, 0.196682,0.601224,0.797906
0.05,0.19 ,0.20689, 0.196002,0.597107,0.79311
0.05,0.2 ,0.211722, 0.195323,0.592955,0.788278
0.05,0.21 ,0.21658, 0.194646,0.588774,0.78342
0.05,0.22 ,0.221457, 0.19397,0.584572,0.778543
0.05,0.23 ,0.226344, 0.193296,0.58036,0.773656
0.05,0.24 ,0.23123, 0.192624,0.576146,0.76877
0.05,0.25 ,0.236105, 0.191955,0.57194,0.763895
0.05,0.26 ,0.240958, 0.191288,0.567754,0.759042
0.05,0.27 ,0.245778, 0.190623,0.563599,0.754222
0.05,0.28 ,0.250553, 0.189961,0.559486,0.749447
0.05,0.29 ,0.25527, 0.189303,0.555427,0.74473
0.05,0.3 ,0.259917, 0.188648,0.551435,0.740083
0.05,0.31 ,0.264482, 0.187996,0.547522,0.735518
0.05,0.32 ,0.268953, 0.187348,0.543699,0.731047
0.05,0.33 ,0.273317, 0.186705,0.539979,0.726683
0.05,0.34 ,0.277562, 0.186065,0.536372,0.722438
0.05,0.35 ,0.281679, 0.18543,0.532891,0.718321
0.05,0.36 ,0.285656, 0.1848,0.529544,0.714344
0.05,0.37 ,0.289484, 0.184175,0.526342,0.710516
0.05,0.38 ,0.293154, 0.183555,0.523292,0.706846
0.05,0.39 ,0.296659, 0.18294,0.520401,0.703341
0.05,0.4 ,0.299994, 0.182331,0.517675,0.700006
0.05,0.41 ,0.303152, 0.181727,0.51512,0.696848
0.05,0.42 ,0.306132, 0.18113,0.512738,0.693868
0.05,0.43 ,0.308929, 0.180539,0.510532,0.691071
0.05,0.44 ,0.311545, 0.179954,0.508502,0.688455
0.05,0.45 ,0.313978, 0.179375,0.506647,0.686022
0.05,0.46 ,0.31623, 0.178804,0.504966,0.68377
0.05,0.47 ,0.318305, 0.178239,0.503457,0.681695
0.05,0.48 ,0.320205, 0.177681,0.502114,0.679795
0.05,0.49 ,0.321936, 0.17713,0.500934,0.678064
0.05,0.5 ,0.323503, 0.176586,0.499911,0.676497
0.05,0.51 ,0.324912, 0.17605,0.499038,0.675088
0.05,0.52 ,0.326169, 0.175521,0.49831,0.673831
0.05,0.53 ,0.327282, 0.174999,0.497719,0.672718
0.05,0.54 ,0.328259, 0.174485,0.497257,0.671741
0.05,0.55 ,0.329105, 0.173978,0.496917,0.670895
0.05,0.56 ,0.32983, 0.173479,0.496691,0.67017
0.05,0.57 ,0.330441, 0.172988,0.496571,0.669559
0.05,0.58 ,0.330945, 0.172504,0.496551,0.669055
0.05,0.59 ,0.331351, 0.172028,0.496621,0.668649
0.05,0.6 ,0.331664, 0.17156,0.496776,0.668336
0.05,0.61 ,0.331893, 0.171099,0.497008,0.668107
0.05,0.62 ,0.332044, 0.170646,0.49731,0.667956
0.05,0.63 ,0.332124, 0.1702,0.497676,0.667876
0.05,0.64 ,0.332138, 0.169762,0.498099,0.667862
0.05,0.65 ,0.332094, 0.169332,0.498575,0.667906
0.05,0.66 ,0.331995, 0.168909,0.499096,0.668005
0.05,0.67 ,0.331848, 0.168493,0.499659,0.668152
0.05,0.68 ,0.331657, 0.168085,0.500258,0.668343
0.05,0.69 ,0.331427, 0.167684,0.500889,0.668573
0.05,0.7 ,0.331162, 0.16729,0.501548,0.668838
0.05,0.71 ,0.330866, 0.166903,0.502231,0.669134
0.05,0.72 ,0.330542, 0.166524,0.502934,0.669458
0.05,0.73 ,0.330195, 0.166151,0.503654,0.669805
0.05,0.74 ,0.329827, 0.165785,0.504388,0.670173
0.05,0.75 ,0.32944, 0.165426,0.505134,0.67056
0.05,0.76 ,0.329038, 0.165073,0.505889,0.670962
0.05,0.77 ,0.328623, 0.164727,0.50665,0.671377
0.05,0.78 ,0.328197, 0.164388,0.507416,0.671803
0.05,0.79 ,0.327761, 0.164055,0.508184,0.672239
0.05,0.8 ,0.327319, 0.163728,0.508953,0.672681
0.05,0.81 ,0.326871, 0.163407,0.509722,0.673129
0.05,0.82 ,0.326419, 0.163092,0.510489,0.673581
0.05,0.83 ,0.325964, 0.162784,0.511253,0.674036
0.05,0.84 ,0.325507, 0.162481,0.512012,0.674493
0.05,0.85 ,0.32505, 0.162183,0.512767,0.67495
0.05,0.86 ,0.324594, 0.161892,0.513515,0.675406
0.05,0.87 ,0.324138, 0.161606,0.514256,0.675862
0.05,0.88 ,0.323685, 0.161325,0.51499,0.676315
0.05,0.89 ,0.323234, 0.161049,0.515716,0.676766
0.05,0.9 ,0.322787, 0.160779,0.516434,0.677213
0.05,0.91 ,0.322344, 0.160514,0.517142,0.677656
0.05,0.92 ,0.321905, 0.160253,0.517842,0.678095
0.05,0.93 ,0.321471, 0.159998,0.518531,0.678529
0.05,0.94 ,0.321042, 0.159747,0.519211,0.678958
0.05,0.95 ,0.320618, 0.159501,0.51988,0.679382
0.05,0.96 ,0.3202, 0.15926,0.52054,0.6798
0.05,0.97 ,0.319788, 0.159023,0.521189,0.680212
0.05,0.98 ,0.319382, 0.158791,0.521827,0.680618
0.05,0.99 ,0.318982, 0.158563,0.522455,0.681018
0.05,1 ,0.318589, 0.158339,0.523073,0.681411
0.06,0 ,0.126983, 0.208668,0.664349,0.873017
0.06,0.01 ,0.1305, 0.207987,0.661512,0.8695
0.06,0.02 ,0.134102, 0.207306,0.658592,0.865898
0.06,0.03 ,0.13779, 0.206622,0.655587,0.86221
0.06,0.04 ,0.141564, 0.205938,0.652498,0.858436
0.06,0.05 ,0.145425, 0.205252,0.649323,0.854575
0.06,0.06 ,0.149372, 0.204566,0.646062,0.850628
0.06,0.07 ,0.153405, 0.203878,0.642717,0.846595
0.06,0.08 ,0.157523, 0.20319,0.639287,0.842477
0.06,0.09 ,0.161725, 0.202501,0.635773,0.838275
0.06,0.1 ,0.166011, 0.201812,0.632177,0.833989
0.06,0.11 ,0.170378, 0.201122,0.6285,0.829622
0.06,0.12 ,0.174824, 0.200432,0.624743,0.825176
0.06,0.13 ,0.179348, 0.199742,0.62091,0.820652
0.06,0.14 ,0.183944, 0.199052,0.617004,0.816056
0.06,0.15 ,0.188611, 0.198362,0.613027,0.811389
0.06,0.16 ,0.193343, 0.197672,0.608985,0.806657
0.06,0.17 ,0.198136, 0.196983,0.604881,0.801864
0.06,0.18 ,0.202984, 0.196295,0.600721,0.797016
0.06,0.19 ,0.207881, 0.195608,0.596511,0.792119
0.06,0.2 ,0.212821, 0.194921,0.592258,0.787179
0.06,0.21 ,0.217795, 0.194236,0.587969,0.782205
0.06,0.22 ,0.222796, 0.193553,0.583652,0.777204
0.06,0.23 ,0.227813, 0.192871,0.579316,0.772187
0.06,0.24 ,0.232838, 0.192191,0.574971,0.767162
0.06,0.25 ,0.23786, 0.191513,0.570627,0.76214
0.06,0.26 ,0.242868, 0.190837,0.566295,0.757132
0.06,0.27 ,0.24785, 0.190164,0.561986,0.75215
0.06,0.28 ,0.252795, 0.189493,0.557712,0.747205
0.06,0.29 ,0.257689, 0.188826,0.553485,0.742311
0.06,0.3 ,0.262519, 0.188162,0.549319,0.737481
0.06,0.31 ,0.267274, 0.187501,0.545225,0.732726
0.06,0.32 ,0.27194, 0.186844,0.541216,0.72806
0.06,0.33 ,0.276504, 0.186191,0.537305,0.723496
0.06,0.34 ,0.280953, 0.185542,0.533505,0.719047
0.06,0.35 ,0.285276, 0.184898,0.529826,0.714724
0.06,0.36 ,0.289462, 0.184258,0.52628,0.710538
0.06,0.37 ,0.2935, 0.183623,0.522877,0.7065
0.06,0.38 ,0.297379, 0.182993,0.519627,0.702621
0.06,0.39 ,0.301093, 0.182369,0.516538,0.698907
0.06,0.4 ,0.304634, 0.18175,0.513616,0.695366
0.06,0.41 ,0.307996, 0.181136,0.510868,0.692004
0.06,0.42 ,0.311173, 0.180529,0.508297,0.688827
0.06,0.43 ,0.314165, 0.179928,0.505907,0.685835
0.06,0.44 ,0.316967, 0.179333,0.5037,0.683033
0.06,0.45 ,0.319581, 0.178745,0.501674,0.680419
0.06,0.46 ,0.322007, 0.178163,0.49983,0.677993
0.06,0.47 ,0.324247, 0.177588,0.498164,0.675753
0.06,0.48 ,0.326305, 0.177021,0.496674,0.673695
0.06,0.49 ,0.328185, 0.17646,0.495355,0.671815
0.06,0.5 ,0.329892, 0.175906,0.494202,0.670108
0.06,0.51 ,0.331432, 0.17536,0.493208,0.668568
0.06,0.52 ,0.332812, 0.174822,0.492367,0.667188
0.06,0.53 ,0.334039, 0.17429,0.491671,0.665961
0.06,0.54 ,0.335121, 0.173767,0.491113,0.664879
0.06,0.55 ,0.336065, 0.173251,0.490685,0.663935
0.06,0.56 ,0.336879, 0.172743,0.490379,0.663121
0.06,0.57 ,0.337571, 0.172242,0.490186,0.662429
0.06,0.58 ,0.33815, 0.171749,0.4901,0.66185
0.06,0.59 ,0.338623, 0.171265,0.490112,0.661377
0.06,0.6 ,0.338998, 0.170787,0.490214,0.661002
0.06,0.61 ,0.339282, 0.170318,0.4904,0.660718
0.06,0.62 ,0.339483, 0.169856,0.490661,0.660517
0.06,0.63 ,0.339607, 0.169403,0.49099,0.660393
0.06,0.64 ,0.339661, 0.168957,0.491382,0.660339
0.06,0.65 ,0.339651, 0.168518,0.491831,0.660349
0.06,0.66 ,0.339584, 0.168087,0.492329,0.660416
0.06,0.67 ,0.339464, 0.167664,0.492872,0.660536
0.06,0.68 ,0.339297, 0.167248,0.493455,0.660703
0.06,0.69 ,0.339087, 0.16684,0.494073,0.660913
0.06,0.7 ,0.33884, 0.166439,0.494721,0.66116
0.06,0.71 ,0.338559, 0.166045,0.495396,0.661441
0.06,0.72 ,0.338249, 0.165658,0.496093,0.661751
0.06,0.73 ,0.337912, 0.165279,0.496809,0.662088
0.06,0.74 ,0.337553, 0.164906,0.497541,0.662447
0.06,0.75 ,0.337173, 0.164541,0.498286,0.662827
0.06,0.76 ,0.336777, 0.164182,0.499041,0.663223
0.06,0.77 ,0.336366, 0.16383,0.499804,0.663634
0.06,0.78 ,0.335943, 0.163484,0.500573,0.664057
0.06,0.79 ,0.33551, 0.163145,0.501345,0.66449
0.06,0.8 ,0.335069, 0.162813,0.502119,0.664931
0.06,0.81 ,0.334621, 0.162486,0.502893,0.665379
0.06,0.82 ,0.334168, 0.162166,0.503666,0.665832
0.06,0.83 ,0.333712, 0.161852,0.504436,0.666288
0.06,0.84 ,0.333254, 0.161544,0.505202,0.666746
0.06,0.85 ,0.332795, 0.161242,0.505964,0.667205
0.06,0.86 ,0.332335, 0.160945,0.50672,0.667665
0.06,0.87 ,0.331877, 0.160654,0.507469,0.668123
0.06,0.88 ,0.331421, 0.160369,0.508211,0.668579
0.06,0.89 ,0.330967, 0.160088,0.508945,0.669033
0.06,0.9 ,0.330516, 0.159814,0.509671,0.669484
0.06,0.91 ,0.330068, 0.159544,0.510388,0.669932
0.06,0.92 ,0.329625, 0.15928,0.511095,0.670375
0.06,0.93 ,0.329187, 0.15902,0.511793,0.670813
0.06,0.94 ,0.328753, 0.158765,0.512481,0.671247
0.06,0.95 ,0.328325, 0.158516,0.513159,0.671675
0.06,0.96 ,0.327903, 0.15827,0.513827,0.672097
0.06,0.97 ,0.327486, 0.15803,0.514484,0.672514
0.06,0.98 ,0.327075, 0.157794,0.515131,0.672925
0.06,0.99 ,0.326671, 0.157562,0.515767,0.673329
0.06,1 ,0.326273, 0.157335,0.516393,0.673727
0.07,0 ,0.126934, 0.208394,0.664672,0.873066
0.07,0.01 ,0.13047, 0.207708,0.661822,0.86953
0.07,0.02 ,0.134093, 0.207021,0.658885,0.865907
0.07,0.03 ,0.137805, 0.206333,0.655862,0.862195
0.07,0.04 ,0.141606, 0.205643,0.652751,0.858394
0.07,0.05 ,0.145495, 0.204952,0.649552,0.854505
0.07,0.06 ,0.149474, 0.20426,0.646265,0.850526
0.07,0.07 ,0.153542, 0.203567,0.64289,0.846458
0.07,0.08 ,0.157699, 0.202873,0.639427,0.842301
0.07,0.09 ,0.161945, 0.202179,0.635877,0.838055
0.07,0.1 ,0.166277, 0.201483,0.63224,0.833723
0.07,0.11 ,0.170695, 0.200787,0.628518,0.829305
0.07,0.12 ,0.175197, 0.200091,0.624712,0.824803
0.07,0.13 ,0.179781, 0.199394,0.620825,0.820219
0.07,0.14 ,0.184444, 0.198697,0.616859,0.815556
0.07,0.15 ,0.189182, 0.198001,0.612817,0.810818
0.07,0.16 ,0.193992, 0.197304,0.608704,0.806008
0.07,0.17 ,0.19887, 0.196608,0.604523,0.80113
0.07,0.18 ,0.203809, 0.195912,0.600279,0.796191
0.07,0.19 ,0.208804, 0.195218,0.595979,0.791196
0.07,0.2 ,0.213848, 0.194524,0.591628,0.786152
0.07,0.21 ,0.218935, 0.193831,0.587234,0.781065
0.07,0.22 ,0.224056, 0.193139,0.582805,0.775944
0.07,0.23 ,0.229202, 0.192449,0.578349,0.770798
0.07,0.24 ,0.234364, 0.191761,0.573875,0.765636
0.07,0.25 ,0.23953, 0.191075,0.569395,0.76047
0.07,0.26 ,0.244691, 0.190391,0.564918,0.755309
0.07,0.27 ,0.249835, 0.189709,0.560456,0.750165
0.07,0.28 ,0.254948, 0.18903,0.556022,0.745052
0.07,0.29 ,0.260019, 0.188354,0.551628,0.739981
0.07,0.3 ,0.265033, 0.187681,0.547286,0.734967
0.07,0.31 ,0.269979, 0.187011,0.54301,0.730021
0.07,0.32 ,0.274842, 0.186345,0.538814,0.725158
0.07,0.33 ,0.279608, 0.185682,0.53471,0.720392
0.07,0.34 ,0.284265, 0.185024,0.530712,0.715735
0.07,0.35 ,0.288799, 0.18437,0.526831,0.711201
0.07,0.36 ,0.293198, 0.18372,0.523081,0.706802
0.07,0.37 ,0.297451, 0.183076,0.519473,0.702549
0.07,0.38 ,0.301548, 0.182436,0.516016,0.698452
0.07,0.39 ,0.305477, 0.181801,0.512721,0.694523
0.07,0.4 ,0.309232, 0.181173,0.509595,0.690768
0.07,0.41 ,0.312805, 0.180549,0.506645,0.687195
0.07,0.42 ,0.316191, 0.179932,0.503877,0.683809
0.07,0.43 ,0.319385, 0.179321,0.501294,0.680615
0.07,0.44 ,0.322385, 0.178716,0.498899,0.677615
0.07,0.45 ,0.32519, 0.178118,0.496693,0.67481
0.07,0.46 ,0.327799, 0.177526,0.494675,0.672201
0.07,0.47 ,0.330215, 0.176941,0.492844,0.669785
0.07,0.48 ,0.33244, 0.176363,0.491197,0.66756
0.07,0.49 ,0.334479, 0.175792,0.489729,0.665521
0.07,0.5 ,0.336336, 0.175229,0.488435,0.663664
0.07,0.51 ,0.338017, 0.174673,0.48731,0.661983
0.07,0.52 ,0.339528, 0.174125,0.486347,0.660472
0.07,0.53 ,0.340878, 0.173584,0.485538,0.659122
0.07,0.54 ,0.342074, 0.17305,0.484876,0.657926
0.07,0.55 ,0.343123, 0.172525,0.484352,0.656877
0.07,0.56 ,0.344034, 0.172007,0.483959,0.655966
0.07,0.57 ,0.344815, 0.171498,0.483687,0.655185
0.07,0.58 ,0.345475, 0.170996,0.483529,0.654525
0.07,0.59 ,0.346022, 0.170502,0.483476,0.653978
0.07,0.6 ,0.346464, 0.170016,0.48352,0.653536
0.07,0.61 ,0.346809, 0.169538,0.483654,0.653191
0.07,0.62 ,0.347064, 0.169067,0.483869,0.652936
0.07,0.63 ,0.347237, 0.168605,0.484158,0.652763
0.07,0.64 ,0.347335, 0.168151,0.484515,0.652665
0.07,0.65 ,0.347364, 0.167704,0.484932,0.652636
0.07,0.66 ,0.347331, 0.167265,0.485404,0.652669
0.07,0.67 ,0.347241, 0.166834,0.485925,0.652759
0.07,0.68 ,0.347101, 0.16641,0.486489,0.652899
0.07,0.69 ,0.346915, 0.165994,0.487091,0.653085
0.07,0.7 ,0.346688, 0.165586,0.487726,0.653312
0.07,0.71 ,0.346425, 0.165185,0.48839,0.653575
0.07,0.72 ,0.346129, 0.164791,0.489079,0.653871
0.07,0.73 ,0.345806, 0.164405,0.489789,0.654194
0.07,0.74 ,0.345457, 0.164026,0.490517,0.654543
0.07,0.75 ,0.345086, 0.163653,0.49126,0.654914
0.07,0.76 ,0.344697, 0.163288,0.492014,0.655303
0.07,0.77 ,0.344292, 0.16293,0.492778,0.655708
0.07,0.78 ,0.343874, 0.162578,0.493548,0.656126
0.07,0.79 ,0.343444, 0.162233,0.494323,0.656556
0.07,0.8 ,0.343005, 0.161895,0.495101,0.656995
0.07,0.81 ,0.342558, 0.161562,0.495879,0.657442
0.07,0.82 ,0.342106, 0.161237,0.496657,0.657894
0.07,0.83 ,0.34165, 0.160917,0.497433,0.65835
0.07,0.84 ,0.341191, 0.160604,0.498206,0.658809
0.07,0.85 ,0.34073, 0.160296,0.498974,0.65927
0.07,0.86 ,0.340269, 0.159994,0.499737,0.659731
0.07,0.87 ,0.339808, 0.159699,0.500493,0.660192
0.07,0.88 ,0.339349, 0.159408,0.501243,0.660651
0.07,0.89 ,0.338892, 0.159124,0.501985,0.661108
0.07,0.9 ,0.338437, 0.158844,0.502719,0.661563
0.07,0.91 ,0.337986, 0.15857,0.503443,0.662014
0.07,0.92 ,0.33754, 0.158301,0.504159,0.66246
0.07,0.93 ,0.337097, 0.158038,0.504865,0.662903
0.07,0.94 ,0.33666, 0.157779,0.505561,0.66334
0.07,0.95 ,0.336227, 0.157525,0.506247,0.663773
0.07,0.96 ,0.335801, 0.157276,0.506923,0.664199
0.07,0.97 ,0.33538, 0.157032,0.507589,0.66462
0.07,0.98 ,0.334965, 0.156792,0.508243,0.665035
0.07,0.99 ,0.334556, 0.156556,0.508888,0.665444
0.07,1 ,0.334154, 0.156325,0.509521,0.665846
0.08,0 ,0.126865, 0.208123,0.665012,0.873135
0.08,0.01 ,0.130418, 0.207433,0.662149,0.869582
0.08,0.02 ,0.134062, 0.206741,0.659197,0.865938
0.08,0.03 ,0.137795, 0.206047,0.656157,0.862205
0.08,0.04 ,0.14162, 0.205353,0.653027,0.85838
0.08,0.05 ,0.145537, 0.204656,0.649807,0.854463
0.08,0.06 ,0.149546, 0.203959,0.646495,0.850454
0.08,0.07 ,0.153647, 0.20326,0.643093,0.846353
0.08,0.08 ,0.157841, 0.20256,0.639599,0.842159
0.08,0.09 ,0.162126, 0.20186,0.636014,0.837874
0.08,0.1 ,0.166503, 0.201158,0.632339,0.833497
0.08,0.11 ,0.170969, 0.200456,0.628575,0.829031
0.08,0.12 ,0.175525, 0.199753,0.624722,0.824475
0.08,0.13 ,0.180166, 0.19905,0.620784,0.819834
0.08,0.14 ,0.184892, 0.198347,0.616761,0.815108
0.08,0.15 ,0.189699, 0.197643,0.612658,0.810301
0.08,0.16 ,0.194584, 0.19694,0.608476,0.805416
0.08,0.17 ,0.199542, 0.196237,0.604222,0.800458
0.08,0.18 ,0.204568, 0.195534,0.599898,0.795432
0.08,0.19 ,0.209658, 0.194832,0.59551,0.790342
0.08,0.2 ,0.214804, 0.19413,0.591065,0.785196
0.08,0.21 ,0.220001, 0.19343,0.58657,0.779999
0.08,0.22 ,0.225239, 0.192731,0.582031,0.774761
0.08,0.23 ,0.23051, 0.192033,0.577457,0.76949
