e1,e2,V,Rs,Rv,P
0,0 ,0.0143065, 0.276055,0.709639,0.985694
0,0.01 ,0.0149972, 0.27526,0.709743,0.985003
0,0.02 ,0.0157241, 0.274459,0.709817,0.984276
0,0.03 ,0.0164889, 0.273651,0.70986,0.983511
0,0.04 ,0.0172935, 0.272836,0.70987,0.982706
0,0.05 ,0.0181401, 0.272016,0.709844,0.98186
0,0.06 ,0.0190307, 0.271188,0.709781,0.980969
0,0.07 ,0.0199676, 0.270354,0.709679,0.980032
0,0.08 ,0.0209531, 0.269513,0.709534,0.979047
0,0.09 ,0.0219897, 0.268665,0.709345,0.97801
0,0.1 ,0.02308, 0.26781,0.70911,0.97692
0,0.11 ,0.0242267, 0.266948,0.708825,0.975773
0,0.12 ,0.0254328, 0.26608,0.708488,0.974567
0,0.13 ,0.026701, 0.265204,0.708095,0.973299
0,0.14 ,0.0280348, 0.264321,0.707645,0.971965
0,0.15 ,0.0294372, 0.26343,0.707132,0.970563
0,0.16 ,0.0309117, 0.262533,0.706555,0.969088
0,0.17 ,0.0324621, 0.261628,0.70591,0.967538
0,0.18 ,0.0340919, 0.260716,0.705192,0.965908
0,0.19 ,0.0358053, 0.259796,0.704398,0.964195
0,0.2 ,0.0376063, 0.258869,0.703524,0.962394
0,0.21 ,0.0394992, 0.257935,0.702566,0.960501
0,0.22 ,0.0414886, 0.256993,0.701519,0.958511
0,0.23 ,0.0435791, 0.256043,0.700378,0.956421
0,0.24 ,0.0457756, 0.255086,0.699139,0.954224
0,0.25 ,0.0480833, 0.254121,0.697796,0.951917
0,0.26 ,0.0505073, 0.253149,0.696344,0.949493
0,0.27 ,0.0530531, 0.252169,0.694778,0.946947
0,0.28 ,0.0557264, 0.251181,0.693093,0.944274
0,0.29 ,0.0585329, 0.250186,0.691281,0.941467
0,0.3 ,0.0614787, 0.249183,0.689338,0.938521
0,0.31 ,0.0645698, 0.248173,0.687257,0.93543
0,0.32 ,0.0678125, 0.247156,0.685032,0.932187
0,0.33 ,0.0712131, 0.246131,0.682656,0.928787
0,0.34 ,0.0747778, 0.245098,0.680124,0.925222
0,0.35 ,0.0785131, 0.244059,0.677428,0.921487
0,0.36 ,0.0824252, 0.243012,0.674562,0.917575
0,0.37 ,0.0865201, 0.241959,0.671521,0.91348
0,0.38 ,0.0908038, 0.240899,0.668297,0.909196
0,0.39 ,0.0952819, 0.239832,0.664886,0.904718
0,0.4 ,0.0999592, 0.238759,0.661281,0.900041
0,0.41 ,0.10484, 0.23768,0.657479,0.89516
0,0.42 ,0.109929, 0.236596,0.653476,0.890071
0,0.43 ,0.115227, 0.235506,0.649267,0.884773
0,0.44 ,0.120737, 0.23441,0.644853,0.879263
0,0.45 ,0.126457, 0.23331,0.640233,0.873543
0,0.46 ,0.132386, 0.232206,0.635407,0.867614
0,0.47 ,0.13852, 0.231098,0.630381,0.86148
0,0.48 ,0.144852, 0.229987,0.625161,0.855148
0,0.49 ,0.151371, 0.228874,0.619755,0.848629
0,0.5 ,0.158065, 0.227759,0.614176,0.841935
0,0.51 ,0.164917, 0.226642,0.608441,0.835083
0,0.52 ,0.171906, 0.225525,0.602568,0.828094
0,0.53 ,0.179007, 0.224409,0.596584,0.820993
0,0.54 ,0.186189, 0.223295,0.590516,0.813811
0,0.55 ,0.193419, 0.222182,0.584399,0.806581
0,0.56 ,0.200657, 0.221074,0.57827,0.799343
0,0.57 ,0.20786, 0.21997,0.572171,0.79214
0,0.58 ,0.214981, 0.218872,0.566147,0.785019
0,0.59 ,0.221972, 0.217781,0.560247,0.778028
0,0.6 ,0.228781, 0.216699,0.55452,0.771219
0,0.61 ,0.23536, 0.215627,0.549014,0.76464
0,0.62 ,0.241657, 0.214566,0.543777,0.758343
0,0.63 ,0.24763, 0.213517,0.538853,0.75237
0,0.64 ,0.253236, 0.212483,0.534281,0.746764
0,0.65 ,0.258444, 0.211464,0.530093,0.741556
0,0.66 ,0.263226, 0.210461,0.526313,0.736774
0,0.67 ,0.267565, 0.209477,0.522958,0.732435
0,0.68 ,0.271453, 0.208512,0.520035,0.728547
0,0.69 ,0.27489, 0.207567,0.517543,0.72511
0,0.7 ,0.277884, 0.206643,0.515473,0.722116
0,0.71 ,0.280449, 0.205741,0.51381,0.719551
0,0.72 ,0.282606, 0.204862,0.512532,0.717394
0,0.73 ,0.28438, 0.204006,0.511613,0.71562
0,0.74 ,0.2858, 0.203175,0.511025,0.7142
0,0.75 ,0.286897, 0.202367,0.510737,0.713103
0,0.76 ,0.287701, 0.201583,0.510716,0.712299
0,0.77 ,0.288243, 0.200823,0.510934,0.711757
0,0.78 ,0.288554, 0.200088,0.511357,0.711446
0,0.79 ,0.288664, 0.199377,0.51196,0.711336
0,0.8 ,0.288598, 0.198689,0.512713,0.711402
0,0.81 ,0.288382, 0.198025,0.513594,0.711618
0,0.82 ,0.288038, 0.197383,0.514578,0.711962
0,0.83 ,0.287588, 0.196764,0.515647,0.712412
0,0.84 ,0.28705, 0.196167,0.516782,0.71295
0,0.85 ,0.286441, 0.195591,0.517968,0.713559
0,0.86 ,0.285774, 0.195036,0.51919,0.714226
0,0.87 ,0.285062, 0.194501,0.520437,0.714938
0,0.88 ,0.284316, 0.193986,0.521699,0.715684
0,0.89 ,0.283546, 0.193489,0.522966,0.716454
0,0.9 ,0.282759, 0.19301,0.524231,0.717241
0,0.91 ,0.281963, 0.192549,0.525488,0.718037
0,0.92 ,0.281163, 0.192104,0.526733,0.718837
0,0.93 ,0.280365, 0.191676,0.52796,0.719635
0,0.94 ,0.279572, 0.191263,0.529166,0.720428
0,0.95 ,0.278787, 0.190865,0.530348,0.721213
0,0.96 ,0.278014, 0.190481,0.531505,0.721985
0,0.97 ,0.277255, 0.190111,0.532634,0.722745
0,0.98 ,0.276512, 0.189754,0.533734,0.723488
0,0.99 ,0.275785, 0.18941,0.534806,0.724215
0,1 ,0.275076, 0.189078,0.535847,0.724924
0.01,0 ,0.0142529, 0.275973,0.709774,0.985747
0.01,0.01 ,0.0149413, 0.275176,0.709882,0.985059
0.01,0.02 ,0.0156657, 0.274373,0.709961,0.984334
0.01,0.03 ,0.0164279, 0.273564,0.710008,0.983572
0.01,0.04 ,0.0172299, 0.272748,0.710022,0.98277
0.01,0.05 ,0.0180737, 0.271925,0.710001,0.981926
0.01,0.06 ,0.0189614, 0.271096,0.709943,0.981039
0.01,0.07 ,0.0198953, 0.270259,0.709845,0.980105
0.01,0.08 ,0.0208778, 0.269416,0.709706,0.979122
0.01,0.09 ,0.0219113, 0.268566,0.709522,0.978089
0.01,0.1 ,0.0229984, 0.26771,0.709292,0.977002
0.01,0.11 ,0.0241418, 0.266846,0.709013,0.975858
0.01,0.12 ,0.0253445, 0.265974,0.708681,0.974656
0.01,0.13 ,0.0266093, 0.265096,0.708294,0.973391
0.01,0.14 ,0.0279396, 0.264211,0.70785,0.97206
0.01,0.15 ,0.0293384, 0.263318,0.707344,0.970662
0.01,0.16 ,0.0308094, 0.262418,0.706773,0.969191
0.01,0.17 ,0.0323561, 0.26151,0.706134,0.967644
0.01,0.18 ,0.0339824, 0.260595,0.705422,0.966018
0.01,0.19 ,0.0356922, 0.259673,0.704635,0.964308
0.01,0.2 ,0.0374896, 0.258743,0.703768,0.96251
0.01,0.21 ,0.0393791, 0.257805,0.702816,0.960621
0.01,0.22 ,0.0413651, 0.256859,0.701775,0.958635
0.01,0.23 ,0.0434524, 0.255906,0.700641,0.956548
0.01,0.24 ,0.045646, 0.254946,0.699408,0.954354
0.01,0.25 ,0.0479509, 0.253977,0.698072,0.952049
0.01,0.26 ,0.0503726, 0.253001,0.696627,0.949627
0.01,0.27 ,0.0529165, 0.252017,0.695067,0.947084
0.01,0.28 ,0.0555883, 0.251025,0.693386,0.944412
0.01,0.29 ,0.0583941, 0.250026,0.69158,0.941606
0.01,0.3 ,0.0613399, 0.249019,0.689642,0.93866
0.01,0.31 ,0.0644319, 0.248004,0.687564,0.935568
0.01,0.32 ,0.0676765, 0.246981,0.685342,0.932323
0.01,0.33 ,0.0710803, 0.245951,0.682969,0.92892
0.01,0.34 ,0.0746497, 0.244914,0.680437,0.92535
0.01,0.35 ,0.0783914, 0.243869,0.67774,0.921609
0.01,0.36 ,0.082312, 0.242816,0.674872,0.917688
0.01,0.37 ,0.0864178, 0.241757,0.671825,0.913582
0.01,0.38 ,0.0907151, 0.24069,0.668594,0.909285
0.01,0.39 ,0.0952099, 0.239617,0.665173,0.90479
0.01,0.4 ,0.0999078, 0.238537,0.661555,0.900092
0.01,0.41 ,0.104814, 0.237451,0.657735,0.895186
0.01,0.42 ,0.109932, 0.236359,0.653709,0.890068
0.01,0.43 ,0.115265, 0.235261,0.649474,0.884735
0.01,0.44 ,0.120816, 0.234157,0.645026,0.879184
0.01,0.45 ,0.126586, 0.233049,0.640366,0.873414
0.01,0.46 ,0.132572, 0.231935,0.635492,0.867428
0.01,0.47 ,0.138772, 0.230818,0.63041,0.861228
0.01,0.48 ,0.145181, 0.229697,0.625122,0.854819
0.01,0.49 ,0.151788, 0.228573,0.619638,0.848212
0.01,0.5 ,0.158584, 0.227447,0.613969,0.841416
0.01,0.51 ,0.165551, 0.226319,0.60813,0.834449
0.01,0.52 ,0.17267, 0.225191,0.60214,0.82733
0.01,0.53 ,0.179917, 0.224062,0.596021,0.820083
0.01,0.54 ,0.187263, 0.222935,0.589803,0.812737
0.01,0.55 ,0.194673, 0.221809,0.583518,0.805327
0.01,0.56 ,0.202111, 0.220686,0.577203,0.797889
0.01,0.57 ,0.209531, 0.219568,0.570901,0.790469
0.01,0.58 ,0.216888, 0.218455,0.564657,0.783112
0.01,0.59 ,0.22413, 0.217349,0.558521,0.77587
0.01,0.6 ,0.231205, 0.216251,0.552544,0.768795
0.01,0.61 ,0.238062, 0.215162,0.546777,0.761938
0.01,0.62 ,0.244647, 0.214084,0.541269,0.755353
0.01,0.63 ,0.250912, 0.213018,0.53607,0.749088
0.01,0.64 ,0.256813, 0.211966,0.531221,0.743187
0.01,0.65 ,0.262313, 0.210929,0.526758,0.737687
0.01,0.66 ,0.267381, 0.209909,0.52271,0.732619
0.01,0.67 ,0.271996, 0.208906,0.519097,0.728004
0.01,0.68 ,0.276147, 0.207923,0.51593,0.723853
0.01,0.69 ,0.27983, 0.206959,0.513211,0.72017
0.01,0.7 ,0.283051, 0.206017,0.510931,0.716949
0.01,0.71 ,0.285824, 0.205097,0.509079,0.714176
0.01,0.72 ,0.288168, 0.204201,0.507631,0.711832
0.01,0.73 ,0.290109, 0.203327,0.506564,0.709891
0.01,0.74 ,0.291675, 0.202478,0.505846,0.708325
0.01,0.75 ,0.292899, 0.201654,0.505448,0.707101
0.01,0.76 ,0.293811, 0.200854,0.505335,0.706189
0.01,0.77 ,0.294445, 0.200078,0.505476,0.705555
0.01,0.78 ,0.294833, 0.199328,0.505839,0.705167
0.01,0.79 ,0.295005, 0.198602,0.506393,0.704995
0.01,0.8 ,0.29499, 0.1979,0.50711,0.70501
0.01,0.81 ,0.294814, 0.197222,0.507963,0.705186
0.01,0.82 ,0.294502, 0.196568,0.50893,0.705498
0.01,0.83 ,0.294075, 0.195937,0.509988,0.705925
0.01,0.84 ,0.293554, 0.195328,0.511118,0.706446
0.01,0.85 ,0.292955, 0.194741,0.512304,0.707045
0.01,0.86 ,0.292294, 0.194175,0.513531,0.707706
0.01,0.87 ,0.291584, 0.19363,0.514786,0.708416
0.01,0.88 ,0.290837, 0.193104,0.516058,0.709163
0.01,0.89 ,0.290063, 0.192598,0.517338,0.709937
0.01,0.9 ,0.289271, 0.192111,0.518618,0.710729
0.01,0.91 ,0.288468, 0.191641,0.519891,0.711532
0.01,0.92 ,0.287659, 0.191189,0.521152,0.712341
0.01,0.93 ,0.286851, 0.190753,0.522396,0.713149
0.01,0.94 ,0.286048, 0.190333,0.523619,0.713952
0.01,0.95 ,0.285252, 0.189928,0.524819,0.714748
0.01,0.96 ,0.284468, 0.189538,0.525994,0.715532
0.01,0.97 ,0.283698, 0.189162,0.52714,0.716302
0.01,0.98 ,0.282942, 0.1888,0.528258,0.717058
0.01,0.99 ,0.282204, 0.18845,0.529346,0.717796
0.01,1 ,0.281484, 0.188113,0.530403,0.718516
0.02,0 ,0.0141997, 0.275892,0.709908,0.9858
0.02,0.01 ,0.0148857, 0.275094,0.710021,0.985114
0.02,0.02 ,0.0156076, 0.274289,0.710103,0.984392
0.02,0.03 ,0.0163672, 0.273478,0.710155,0.983633
0.02,0.04 ,0.0171665, 0.27266,0.710173,0.982833
0.02,0.05 ,0.0180076, 0.271836,0.710157,0.981992
0.02,0.06 ,0.0188924, 0.271004,0.710103,0.981108
0.02,0.07 ,0.0198234, 0.270166,0.71001,0.980177
0.02,0.08 ,0.0208028, 0.269321,0.709876,0.979197
0.02,0.09 ,0.0218332, 0.268469,0.709698,0.978167
0.02,0.1 ,0.022917, 0.26761,0.709473,0.977083
0.02,0.11 ,0.0240571, 0.266744,0.709199,0.975943
0.02,0.12 ,0.0252564, 0.26587,0.708873,0.974744
0.02,0.13 ,0.0265177, 0.26499,0.708492,0.973482
0.02,0.14 ,0.0278444, 0.264102,0.708054,0.972156
0.02,0.15 ,0.0292396, 0.263207,0.707554,0.97076
0.02,0.16 ,0.030707, 0.262304,0.706989,0.969293
0.02,0.17 ,0.03225, 0.261394,0.706356,0.96775
0.02,0.18 ,0.0338725, 0.260476,0.705652,0.966127
0.02,0.19 ,0.0355786, 0.25955,0.704871,0.964421
0.02,0.2 ,0.0373724, 0.258617,0.70401,0.962628
0.02,0.21 ,0.0392582, 0.257676,0.703065,0.960742
0.02,0.22 ,0.0412407, 0.256728,0.702031,0.958759
0.02,0.23 ,0.0433247, 0.255771,0.700904,0.956675
0.02,0.24 ,0.045515, 0.254807,0.699678,0.954485
0.02,0.25 ,0.047817, 0.253835,0.698348,0.952183
0.02,0.26 ,0.050236, 0.252855,0.696909,0.949764
0.02,0.27 ,0.0527776, 0.251867,0.695355,0.947222
0.02,0.28 ,0.0554477, 0.250871,0.693681,0.944552
0.02,0.29 ,0.0582522, 0.249868,0.69188,0.941748
0.02,0.3 ,0.0611974, 0.248856,0.689947,0.938803
0.02,0.31 ,0.0642897, 0.247836,0.687874,0.93571
0.02,0.32 ,0.0675356, 0.246809,0.685655,0.932464
0.02,0.33 ,0.0709419, 0.245774,0.683284,0.929058
0.02,0.34 ,0.0745151, 0.244731,0.680754,0.925485
0.02,0.35 ,0.0782623, 0.243681,0.678057,0.921738
0.02,0.36 ,0.0821903, 0.242623,0.675187,0.91781
0.02,0.37 ,0.0863057, 0.241557,0.672137,0.913694
0.02,0.38 ,0.0906153, 0.240485,0.6689,0.909385
0.02,0.39 ,0.0951255, 0.239405,0.66547,0.904875
0.02,0.4 ,0.0998422, 0.238318,0.66184,0.900158
0.02,0.41 ,0.104771, 0.237225,0.658004,0.895229
0.02,0.42 ,0.109917, 0.236125,0.653958,0.890083
0.02,0.43 ,0.115283, 0.235019,0.649698,0.884717
0.02,0.44 ,0.120873, 0.233907,0.645219,0.879127
0.02,0.45 ,0.126689, 0.23279,0.640521,0.873311
0.02,0.46 ,0.132729, 0.231668,0.635603,0.867271
0.02,0.47 ,0.138993, 0.230541,0.630466,0.861007
0.02,0.48 ,0.145474, 0.229411,0.625115,0.854526
0.02,0.49 ,0.152167, 0.228276,0.619557,0.847833
0.02,0.5 ,0.159059, 0.227139,0.613802,0.840941
0.02,0.51 ,0.166137, 0.226,0.607863,0.833863
0.02,0.52 ,0.173382, 0.22486,0.601758,0.826618
0.02,0.53 ,0.180772, 0.223719,0.595509,0.819228
0.02,0.54 ,0.188278, 0.222579,0.589144,0.811722
0.02,0.55 ,0.195867, 0.22144,0.582694,0.804133
0.02,0.56 ,0.203501, 0.220303,0.576196,0.796499
0.02,0.57 ,0.211137, 0.21917,0.569692,0.788863
0.02,0.58 ,0.218728, 0.218042,0.56323,0.781272
0.02,0.59 ,0.226222, 0.216921,0.556857,0.773778
0.02,0.6 ,0.233566, 0.215806,0.550628,0.766434
0.02,0.61 ,0.240704, 0.214701,0.544595,0.759296
0.02,0.62 ,0.247582, 0.213606,0.538812,0.752418
0.02,0.63 ,0.254147, 0.212523,0.53333,0.745853
0.02,0.64 ,0.260352, 0.211453,0.528195,0.739648
0.02,0.65 ,0.266154, 0.210398,0.523448,0.733846
0.02,0.66 ,0.27152, 0.209359,0.519121,0.72848
0.02,0.67 ,0.276424, 0.208338,0.515238,0.723576
0.02,0.68 ,0.280851, 0.207335,0.511814,0.719149
0.02,0.69 ,0.284793, 0.206353,0.508853,0.715207
0.02,0.7 ,0.288256, 0.205393,0.506351,0.711744
0.02,0.71 ,0.29125, 0.204455,0.504296,0.70875
0.02,0.72 ,0.293794, 0.203539,0.502667,0.706206
0.02,0.73 ,0.295913, 0.202648,0.501438,0.704087
0.02,0.74 ,0.297637, 0.201782,0.500581,0.702363
0.02,0.75 ,0.298997, 0.20094,0.500063,0.701003
0.02,0.76 ,0.300027, 0.200123,0.49985,0.699973
0.02,0.77 ,0.300761, 0.199332,0.499907,0.699239
0.02,0.78 ,0.301233, 0.198565,0.500202,0.698767
0.02,0.79 ,0.301474, 0.197824,0.500702,0.698526
0.02,0.8 ,0.301515, 0.197108,0.501377,0.698485
0.02,0.81 ,0.301384, 0.196416,0.5022,0.698616
0.02,0.82 ,0.301107, 0.195749,0.503145,0.698893
0.02,0.83 ,0.300707, 0.195104,0.504189,0.699293
0.02,0.84 ,0.300204, 0.194483,0.505312,0.699795
0.02,0.85 ,0.299619, 0.193885,0.506497,0.700381
0.02,0.86 ,0.298966, 0.193308,0.507726,0.701034
0.02,0.87 ,0.29826, 0.192752,0.508988,0.70174
0.02,0.88 ,0.297513, 0.192217,0.51027,0.702487
0.02,0.89 ,0.296737, 0.191701,0.511562,0.703263
0.02,0.9 ,0.29594, 0.191205,0.512855,0.70406
0.02,0.91 ,0.29513, 0.190727,0.514143,0.70487
0.02,0.92 ,0.294314, 0.190266,0.51542,0.705686
0.02,0.93 ,0.293496, 0.189823,0.516681,0.706504
0.02,0.94 ,0.292683, 0.189395,0.517922,0.707317
0.02,0.95 ,0.291877, 0.188984,0.519139,0.708123
0.02,0.96 ,0.291082, 0.188587,0.520331,0.708918
0.02,0.97 ,0.2903, 0.188205,0.521495,0.7097
0.02,0.98 ,0.289534, 0.187837,0.522629,0.710466
0.02,0.99 ,0.288784, 0.187482,0.523734,0.711216
0.02,1 ,0.288052, 0.187139,0.524808,0.711948
0.03,0 ,0.0141468, 0.275812,0.710041,0.985853
0.03,0.01 ,0.0148305, 0.275012,0.710158,0.98517
0.03,0.02 ,0.0155499, 0.274206,0.710244,0.98445
0.03,0.03 ,0.0163069, 0.273393,0.7103,0.983693
0.03,0.04 ,0.0171036, 0.272573,0.710323,0.982896
0.03,0.05 ,0.0179418, 0.271747,0.710311,0.982058
0.03,0.06 ,0.0188238, 0.270914,0.710262,0.981176
0.03,0.07 ,0.0197518, 0.270074,0.710174,0.980248
0.03,0.08 ,0.0207281, 0.269227,0.710045,0.979272
0.03,0.09 ,0.0217553, 0.268373,0.709872,0.978245
0.03,0.1 ,0.0228359, 0.267512,0.709652,0.977164
0.03,0.11 ,0.0239727, 0.266643,0.709384,0.976027
0.03,0.12 ,0.0251685, 0.265768,0.709064,0.974832
0.03,0.13 ,0.0264263, 0.264885,0.708689,0.973574
0.03,0.14 ,0.0277493, 0.263995,0.708256,0.972251
0.03,0.15 ,0.0291409, 0.263097,0.707762,0.970859
0.03,0.16 ,0.0306045, 0.262191,0.707204,0.969395
0.03,0.17 ,0.0321437, 0.261278,0.706578,0.967856
0.03,0.18 ,0.0337625, 0.260358,0.70588,0.966238
0.03,0.19 ,0.0354647, 0.25943,0.705106,0.964535
0.03,0.2 ,0.0372547, 0.258494,0.704252,0.962745
0.03,0.21 ,0.0391368, 0.25755,0.703314,0.960863
0.03,0.22 ,0.0411156, 0.256598,0.702287,0.958884
0.03,0.23 ,0.043196, 0.255638,0.701166,0.956804
0.03,0.24 ,0.0453829, 0.25467,0.699947,0.954617
0.03,0.25 ,0.0476816, 0.253695,0.698624,0.952318
0.03,0.26 ,0.0500977, 0.252711,0.697191,0.949902
0.03,0.27 ,0.0526367, 0.251719,0.695644,0.947363
0.03,0.28 ,0.0553045, 0.250719,0.693976,0.944695
0.03,0.29 ,0.0581074, 0.249711,0.692181,0.941893
0.03,0.3 ,0.0610516, 0.248695,0.690253,0.938948
0.03,0.31 ,0.0641436, 0.247671,0.688185,0.935856
0.03,0.32 ,0.0673902, 0.246639,0.685971,0.93261
0.03,0.33 ,0.0707982, 0.245599,0.683603,0.929202
0.03,0.34 ,0.0743745, 0.244551,0.681074,0.925626
0.03,0.35 ,0.0781263, 0.243495,0.678378,0.921874
0.03,0.36 ,0.0820606, 0.242432,0.675508,0.917939
0.03,0.37 ,0.0861845, 0.24136,0.672455,0.913815
0.03,0.38 ,0.0905051, 0.240281,0.669213,0.909495
0.03,0.39 ,0.0950291, 0.239195,0.665776,0.904971
0.03,0.4 ,0.0997629, 0.238102,0.662135,0.900237
0.03,0.41 ,0.104713, 0.237001,0.658286,0.895287
0.03,0.42 ,0.109884, 0.235894,0.654222,0.890116
0.03,0.43 ,0.115281, 0.23478,0.649938,0.884719
0.03,0.44 ,0.120908, 0.233661,0.645431,0.879092
0.03,0.45 ,0.126767, 0.232535,0.640698,0.873233
0.03,0.46 ,0.132859, 0.231404,0.635737,0.867141
0.03,0.47 ,0.139182, 0.230268,0.63055,0.860818
0.03,0.48 ,0.145733, 0.229127,0.625139,0.854267
0.03,0.49 ,0.152506, 0.227983,0.61951,0.847494
0.03,0.5 ,0.159492, 0.226835,0.613672,0.840508
0.03,0.51 ,0.166677, 0.225685,0.607637,0.833323
0.03,0.52 ,0.174045, 0.224533,0.601422,0.825955
0.03,0.53 ,0.181573, 0.22338,0.595047,0.818427
0.03,0.54 ,0.189235, 0.222227,0.588538,0.810765
0.03,0.55 ,0.196998, 0.221074,0.581927,0.803002
0.03,0.56 ,0.204827, 0.219924,0.575249,0.795173
0.03,0.57 ,0.212676, 0.218777,0.568547,0.787324
0.03,0.58 ,0.2205, 0.217634,0.561866,0.7795
0.03,0.59 ,0.228247, 0.216496,0.555257,0.771753
0.03,0.6 ,0.23586, 0.215366,0.548774,0.76414
0.03,0.61 ,0.243283, 0.214244,0.542474,0.756717
0.03,0.62 ,0.250458, 0.213132,0.536411,0.749542
0.03,0.63 ,0.25733, 0.212031,0.530639,0.74267
0.03,0.64 ,0.263846, 0.210943,0.525211,0.736154
0.03,0.65 ,0.269962, 0.209869,0.520169,0.730038
0.03,0.66 ,0.275637, 0.208812,0.515551,0.724363
0.03,0.67 ,0.280842, 0.207772,0.511386,0.719158
0.03,0.68 ,0.285558, 0.206751,0.507692,0.714442
0.03,0.69 ,0.289774, 0.20575,0.504476,0.710226
0.03,0.7 ,0.293492, 0.20477,0.501738,0.706508
0.03,0.71 ,0.296721, 0.203813,0.499466,0.703279
0.03,0.72 ,0.299479, 0.202879,0.497642,0.700521
0.03,0.73 ,0.301789, 0.201969,0.496241,0.698211
0.03,0.74 ,0.303682, 0.201084,0.495233,0.696318
0.03,0.75 ,0.30519, 0.200225,0.494585,0.69481
0.03,0.76 ,0.306348, 0.199391,0.494261,0.693652
0.03,0.77 ,0.30719, 0.198583,0.494227,0.69281
0.03,0.78 ,0.307753, 0.197801,0.494446,0.692247
0.03,0.79 ,0.30807, 0.197044,0.494886,0.69193
0.03,0.8 ,0.308173, 0.196313,0.495514,0.691827
0.03,0.81 ,0.308092, 0.195606,0.496302,0.691908
0.03,0.82 ,0.307854, 0.194925,0.497221,0.692146
0.03,0.83 ,0.307484, 0.194268,0.498248,0.692516
0.03,0.84 ,0.307004, 0.193634,0.499362,0.692996
0.03,0.85 ,0.306434, 0.193023,0.500542,0.693566
0.03,0.86 ,0.305792, 0.192435,0.501773,0.694208
0.03,0.87 ,0.305091, 0.191869,0.50304,0.694909
0.03,0.88 ,0.304347, 0.191323,0.50433,0.695653
0.03,0.89 ,0.303569, 0.190798,0.505633,0.696431
0.03,0.9 ,0.302769, 0.190292,0.506939,0.697231
0.03,0.91 ,0.301953, 0.189805,0.508242,0.698047
0.03,0.92 ,0.301129, 0.189336,0.509534,0.698871
0.03,0.93 ,0.300303, 0.188885,0.510812,0.699697
0.03,0.94 ,0.29948, 0.18845,0.512069,0.700519
0.03,0.95 ,0.298665, 0.188032,0.513304,0.701335
0.03,0.96 ,0.297859, 0.187629,0.514513,0.702141
0.03,0.97 ,0.297066, 0.18724,0.515694,0.702934
0.03,0.98 ,0.296289, 0.186866,0.516846,0.703711
0.03,0.99 ,0.295528, 0.186505,0.517967,0.704472
0.03,1 ,0.294785, 0.186157,0.519058,0.705215
0.04,0 ,0.0140943, 0.275732,0.710173,0.985906
0.04,0.01 ,0.0147756, 0.274931,0.710293,0.985224
0.04,0.02 ,0.0154925, 0.274123,0.710384,0.984508
0.04,0.03 ,0.016247, 0.273309,0.710444,0.983753
0.04,0.04 ,0.0170409, 0.272487,0.710472,0.982959
0.04,0.05 ,0.0178764, 0.271659,0.710464,0.982124
0.04,0.06 ,0.0187555, 0.270824,0.71042,0.981244
0.04,0.07 ,0.0196805, 0.269983,0.710337,0.980319
0.04,0.08 ,0.0206538, 0.269134,0.710213,0.979346
0.04,0.09 ,0.0216778, 0.268278,0.710045,0.978322
0.04,0.1 ,0.0227551, 0.267414,0.70983,0.977245
0.04,0.11 ,0.0238885, 0.266544,0.709568,0.976112
0.04,0.12 ,0.0250808, 0.265666,0.709253,0.974919
0.04,0.13 ,0.026335, 0.264781,0.708884,0.973665
0.04,0.14 ,0.0276544, 0.263888,0.708457,0.972346
0.04,0.15 ,0.0290423, 0.262988,0.70797,0.970958
0.04,0.16 ,0.0305021, 0.26208,0.707418,0.969498
0.04,0.17 ,0.0320375, 0.261165,0.706798,0.967963
0.04,0.18 ,0.0336523, 0.260241,0.706106,0.966348
0.04,0.19 ,0.0353506, 0.25931,0.705339,0.964649
0.04,0.2 ,0.0371367, 0.258371,0.704492,0.962863
0.04,0.21 ,0.0390149, 0.257424,0.703561,0.960985
0.04,0.22 ,0.0409898, 0.256469,0.702541,0.95901
0.04,0.23 ,0.0430664, 0.255506,0.701427,0.956934
0.04,0.24 ,0.0452497, 0.254535,0.700215,0.95475
0.04,0.25 ,0.047545, 0.253556,0.698899,0.952455
0.04,0.26 ,0.0499578, 0.252569,0.697474,0.950042
0.04,0.27 ,0.0524939, 0.251573,0.695933,0.947506
0.04,0.28 ,0.0551592, 0.250569,0.694272,0.944841
0.04,0.29 ,0.05796, 0.249557,0.692483,0.94204
0.04,0.3 ,0.0609027, 0.248537,0.690561,0.939097
0.04,0.31 ,0.0639939, 0.247508,0.688498,0.936006
0.04,0.32 ,0.0672405, 0.246471,0.686288,0.932759
0.04,0.33 ,0.0706495, 0.245427,0.683924,0.92935
0.04,0.34 ,0.0742281, 0.244373,0.681398,0.925772
0.04,0.35 ,0.0779836, 0.243312,0.678704,0.922016
0.04,0.36 ,0.0819233, 0.242243,0.675834,0.918077
0.04,0.37 ,0.0860547, 0.241166,0.67278,0.913945
0.04,0.38 ,0.0903849, 0.240081,0.669534,0.909615
0.04,0.39 ,0.0949213, 0.238988,0.66609,0.905079
0.04,0.4 ,0.0996708, 0.237888,0.662441,0.900329
0.04,0.41 ,0.10464, 0.236781,0.658579,0.89536
0.04,0.42 ,0.109835, 0.235666,0.654499,0.890165
0.04,0.43 ,0.11526, 0.234545,0.650195,0.88474
0.04,0.44 ,0.120921, 0.233417,0.645661,0.879079
0.04,0.45 ,0.126821, 0.232283,0.640896,0.873179
0.04,0.46 ,0.132961, 0.231143,0.635896,0.867039
0.04,0.47 ,0.139341, 0.229998,0.630661,0.860659
0.04,0.48 ,0.145958, 0.228848,0.625194,0.854042
0.04,0.49 ,0.152809, 0.227694,0.619498,0.847191
0.04,0.5 ,0.159884, 0.226535,0.613581,0.840116
0.04,0.51 ,0.167172, 0.225374,0.607454,0.832828
0.04,0.52 ,0.174658, 0.22421,0.601132,0.825342
0.04,0.53 ,0.18232, 0.223045,0.594635,0.81768
0.04,0.54 ,0.190134, 0.221879,0.587987,0.809866
0.04,0.55 ,0.198068, 0.220713,0.581219,0.801932
0.04,0.56 ,0.206086, 0.219549,0.574364,0.793914
0.04,0.57 ,0.214147, 0.218387,0.567465,0.785853
0.04,0.58 ,0.222202, 0.217229,0.560568,0.777798
0.04,0.59 ,0.2302, 0.216076,0.553724,0.7698
0.04,0.6 ,0.238083, 0.21493,0.546987,0.761917
0.04,0.61 ,0.245793, 0.213791,0.540416,0.754207
0.04,0.62 ,0.25327, 0.212661,0.534069,0.74673
0.04,0.63 ,0.260454, 0.211543,0.528003,0.739546
0.04,0.64 ,0.267291, 0.210437,0.522273,0.732709
0.04,0.65 ,0.273728, 0.209344,0.516927,0.726272
0.04,0.66 ,0.279724, 0.208268,0.512008,0.720276
0.04,0.67 ,0.285243, 0.207209,0.507548,0.714757
0.04,0.68 ,0.290262, 0.206168,0.50357,0.709738
0.04,0.69 ,0.294766, 0.205148,0.500086,0.705234
0.04,0.7 ,0.298754, 0.204149,0.497097,0.701246
0.04,0.71 ,0.302233, 0.203172,0.494595,0.697767
0.04,0.72 ,0.305218, 0.202219,0.492563,0.694782
0.04,0.73 ,0.307733, 0.201291,0.490976,0.692267
0.04,0.74 ,0.309808, 0.200387,0.489805,0.690192
0.04,0.75 ,0.311475, 0.19951,0.489016,0.688525
0.04,0.76 ,0.31277, 0.198658,0.488572,0.68723
0.04,0.77 ,0.313731, 0.197833,0.488437,0.686269
0.04,0.78 ,0.314393, 0.197034,0.488573,0.685607
0.04,0.79 ,0.314793, 0.196261,0.488946,0.685207
0.04,0.8 ,0.314965, 0.195514,0.489521,0.685035
0.04,0.81 ,0.314939, 0.194793,0.490268,0.685061
0.04,0.82 ,0.314745, 0.194097,0.491158,0.685255
0.04,0.83 ,0.314409, 0.193427,0.492165,0.685591
0.04,0.84 ,0.313955, 0.19278,0.493265,0.686045
0.04,0.85 ,0.313404, 0.192157,0.494439,0.686596
0.04,0.86 ,0.312774, 0.191557,0.495669,0.687226
0.04,0.87 ,0.312081, 0.190979,0.496939,0.687919
0.04,0.88 ,0.31134, 0.190423,0.498236,0.68866
0.04,0.89 ,0.310563, 0.189888,0.499549,0.689437
0.04,0.9 ,0.30976, 0.189373,0.500868,0.69024
0.04,0.91 ,0.308939, 0.188877,0.502184,0.691061
0.04,0.92 ,0.308109, 0.188399,0.503491,0.691891
0.04,0.93 ,0.307276, 0.18794,0.504784,0.692724
0.04,0.94 ,0.306444, 0.187498,0.506058,0.693556
0.04,0.95 ,0.305618, 0.187072,0.50731,0.694382
0.04,0.96 ,0.304803, 0.186662,0.508536,0.695197
0.04,0.97 ,0.303999, 0.186267,0.509734,0.696001
0.04,0.98 ,0.303211, 0.185886,0.510903,0.696789
0.04,0.99 ,0.302439, 0.185519,0.512041,0.69756
0.04,1 ,0.301686, 0.185166,0.513148,0.698314
0.05,0 ,0.0140422, 0.275654,0.710304,0.985958
0.05,0.01 ,0.014721, 0.274851,0.710428,0.985279
0.05,0.02 ,0.0154355, 0.274042,0.710523,0.984564
0.05,0.03 ,0.0161874, 0.273226,0.710587,0.983813
0.05,0.04 ,0.0169787, 0.272403,0.710619,0.983021
0.05,0.05 ,0.0178114, 0.271573,0.710616,0.982189
0.05,0.06 ,0.0186876, 0.270736,0.710576,0.981312
0.05,0.07 ,0.0196096, 0.269892,0.710498,0.98039
0.05,0.08 ,0.0205798, 0.269042,0.710379,0.97942
0.05,0.09 ,0.0216006, 0.268184,0.710216,0.978399
0.05,0.1 ,0.0226746, 0.267318,0.710007,0.977325
0.05,0.11 ,0.0238046, 0.266446,0.70975,0.976195
0.05,0.12 ,0.0249934, 0.265566,0.709441,0.975007
0.05,0.13 ,0.026244, 0.264678,0.709078,0.973756
0.05,0.14 ,0.0275597, 0.263783,0.708657,0.97244
0.05,0.15 ,0.0289438, 0.262881,0.708175,0.971056
0.05,0.16 ,0.0303997, 0.26197,0.70763,0.9696
0.05,0.17 ,0.0319312, 0.261052,0.707017,0.968069
0.05,0.18 ,0.0335421, 0.260126,0.706332,0.966458
0.05,0.19 ,0.0352364, 0.259192,0.705571,0.964764
0.05,0.2 ,0.0370184, 0.258251,0.704731,0.962982
0.05,0.21 ,0.0388925, 0.257301,0.703807,0.961107
0.05,0.22 ,0.0408635, 0.256343,0.702794,0.959137
0.05,0.23 ,0.0429361, 0.255376,0.701688,0.957064
0.05,0.24 ,0.0451156, 0.254402,0.700483,0.954884
0.05,0.25 ,0.0474072, 0.253419,0.699174,0.952593
0.05,0.26 ,0.0498165, 0.252428,0.697755,0.950183
0.05,0.27 ,0.0523493, 0.251429,0.696222,0.947651
0.05,0.28 ,0.0550118, 0.250421,0.694567,0.944988
0.05,0.29 ,0.0578101, 0.249405,0.692785,0.94219
0.05,0.3 ,0.0607509, 0.24838,0.690869,0.939249
0.05,0.31 ,0.0638408, 0.247347,0.688812,0.936159
0.05,0.32 ,0.0670869, 0.246306,0.686607,0.932913
0.05,0.33 ,0.0704963, 0.245256,0.684248,0.929504
0.05,0.34 ,0.0740765, 0.244198,0.681726,0.925924
0.05,0.35 ,0.0778348, 0.243132,0.679034,0.922165
0.05,0.36 ,0.081779, 0.242057,0.676164,0.918221
0.05,0.37 ,0.0859166, 0.240974,0.673109,0.914083
0.05,0.38 ,0.0902553, 0.239883,0.669862,0.909745
0.05,0.39 ,0.0948028, 0.238784,0.666413,0.905197
0.05,0.4 ,0.0995663, 0.237678,0.662756,0.900434
0.05,0.41 ,0.104553, 0.236563,0.658884,0.895447
0.05,0.42 ,0.109769, 0.235442,0.654789,0.890231
0.05,0.43 ,0.115221, 0.234313,0.650466,0.884779
0.05,0.44 ,0.120914, 0.233177,0.645909,0.879086
0.05,0.45 ,0.126852, 0.232035,0.641113,0.873148
0.05,0.46 ,0.133037, 0.230886,0.636077,0.866963
0.05,0.47 ,0.13947, 0.229732,0.630798,0.86053
0.05,0.48 ,0.146151, 0.228572,0.625277,0.853849
0.05,0.49 ,0.153075, 0.227408,0.619518,0.846925
0.05,0.5 ,0.160235, 0.226239,0.613526,0.839765
0.05,0.51 ,0.167622, 0.225067,0.607311,0.832378
0.05,0.52 ,0.175221, 0.223891,0.600888,0.824779
0.05,0.53 ,0.183013, 0.222714,0.594273,0.816987
0.05,0.54 ,0.190974, 0.221536,0.58749,0.809026
0.05,0.55 ,0.199075, 0.220357,0.580568,0.800925
0.05,0.56 ,0.20728, 0.219179,0.573541,0.79272
0.05,0.57 ,0.215548, 0.218002,0.566449,0.784452
0.05,0.58 ,0.223832, 0.216829,0.559338,0.776168
0.05,0.59 ,0.232079, 0.215661,0.55226,0.767921
0.05,0.6 ,0.240233, 0.214498,0.54527,0.759767
0.05,0.61 ,0.248231, 0.213342,0.538427,0.751769
0.05,0.62 ,0.256013, 0.212195,0.531792,0.743987
0.05,0.63 ,0.263515, 0.211059,0.525426,0.736485
0.05,0.64 ,0.270678, 0.209934,0.519388,0.729322
0.05,0.65 ,0.277447, 0.208823,0.513729,0.722553
0.05,0.66 ,0.283774, 0.207728,0.508498,0.716226
0.05,0.67 ,0.28962, 0.206649,0.503731,0.71038
0.05,0.68 ,0.294955, 0.205589,0.499456,0.705045
0.05,0.69 ,0.299763, 0.204548,0.495689,0.700237
0.05,0.7 ,0.304036, 0.203529,0.492435,0.695964
0.05,0.71 ,0.307779, 0.202533,0.489688,0.692221
0.05,0.72 ,0.311006, 0.20156,0.487433,0.688994
0.05,0.73 ,0.31374, 0.200613,0.485647,0.68626
0.05,0.74 ,0.316009, 0.19969,0.484301,0.683991
0.05,0.75 ,0.317848, 0.198794,0.483359,0.682152
0.05,0.76 ,0.319292, 0.197924,0.482784,0.680708
0.05,0.77 ,0.320381, 0.197081,0.482538,0.679619
0.05,0.78 ,0.321152, 0.196265,0.482584,0.678848
0.05,0.79 ,0.321643, 0.195475,0.482882,0.678357
0.05,0.8 ,0.321889, 0.194713,0.483398,0.678111
0.05,0.81 ,0.321924, 0.193976,0.484099,0.678075
0.05,0.82 ,0.321779, 0.193266,0.484955,0.67822
0.05,0.83 ,0.321482, 0.192581,0.485937,0.678518
0.05,0.84 ,0.321058, 0.191921,0.487021,0.678942
0.05,0.85 ,0.320528, 0.191285,0.488186,0.679472
0.05,0.86 ,0.319914, 0.190673,0.489413,0.680086
0.05,0.87 ,0.319231, 0.190084,0.490684,0.680768
0.05,0.88 ,0.318496, 0.189517,0.491987,0.681504
0.05,0.89 ,0.317721, 0.188971,0.493308,0.682279
0.05,0.9 ,0.316916, 0.188446,0.494637,0.683084
0.05,0.91 ,0.316092, 0.187941,0.495966,0.683908
0.05,0.92 ,0.315257, 0.187455,0.497288,0.684743
0.05,0.93 ,0.314416, 0.186987,0.498596,0.685584
0.05,0.94 ,0.313577, 0.186537,0.499886,0.686423
0.05,0.95 ,0.312742, 0.186104,0.501154,0.687258
0.05,0.96 ,0.311917, 0.185686,0.502397,0.688083
0.05,0.97 ,0.311103, 0.185285,0.503612,0.688897
0.05,0.98 ,0.310305, 0.184898,0.504798,0.689695
0.05,0.99 ,0.309522, 0.184525,0.505952,0.690478
0.05,1 ,0.308758, 0.184166,0.507076,0.691242
0.06,0 ,0.0139904, 0.275576,0.710433,0.98601
0.06,0.01 ,0.0146669, 0.274772,0.710561,0.985333
0.06,0.02 ,0.0153789, 0.273961,0.71066,0.984621
0.06,0.03 ,0.0161282, 0.273143,0.710729,0.983872
0.06,0.04 ,0.0169168, 0.272319,0.710764,0.983083
0.06,0.05 ,0.0177467, 0.271487,0.710766,0.982253
0.06,0.06 ,0.0186201, 0.270649,0.710731,0.98138
0.06,0.07 ,0.0195391, 0.269803,0.710658,0.980461
0.06,0.08 ,0.0205062, 0.26895,0.710543,0.979494
0.06,0.09 ,0.0215237, 0.268091,0.710386,0.978476
0.06,0.1 ,0.0225944, 0.267223,0.710182,0.977406
0.06,0.11 ,0.023721, 0.266349,0.70993,0.976279
0.06,0.12 ,0.0249063, 0.265467,0.709627,0.975094
0.06,0.13 ,0.0261533, 0.264577,0.70927,0.973847
0.06,0.14 ,0.0274653, 0.26368,0.708855,0.972535
0.06,0.15 ,0.0288455, 0.262775,0.70838,0.971154
0.06,0.16 ,0.0302975, 0.261862,0.707841,0.969702
0.06,0.17 ,0.031825, 0.260941,0.707234,0.968175
0.06,0.18 ,0.0334318, 0.260013,0.706556,0.966568
0.06,0.19 ,0.035122, 0.259076,0.705802,0.964878
0.06,0.2 ,0.0368999, 0.258131,0.704969,0.9631
0.06,0.21 ,0.0387699, 0.257178,0.704052,0.96123
0.06,0.22 ,0.0407367, 0.256217,0.703046,0.959263
0.06,0.23 ,0.0428053, 0.255248,0.701947,0.957195
0.06,0.24 ,0.0449807, 0.25427,0.700749,0.955019
0.06,0.25 ,0.0472684, 0.253284,0.699448,0.952732
0.06,0.26 ,0.049674, 0.252289,0.698037,0.950326
0.06,0.27 ,0.0522033, 0.251286,0.69651,0.947797
0.06,0.28 ,0.0548626, 0.250275,0.694863,0.945137
0.06,0.29 ,0.0576581, 0.249255,0.693087,0.942342
0.06,0.3 ,0.0605965, 0.248226,0.691178,0.939404
0.06,0.31 ,0.0636846, 0.247189,0.689127,0.936315
0.06,0.32 ,0.0669296, 0.246143,0.686928,0.93307
0.06,0.33 ,0.0703389, 0.245088,0.684573,0.929661
0.06,0.34 ,0.0739198, 0.244025,0.682055,0.92608
0.06,0.35 ,0.0776802, 0.242953,0.679366,0.92232
0.06,0.36 ,0.0816279, 0.241873,0.676499,0.918372
0.06,0.37 ,0.0857708, 0.240785,0.673445,0.914229
0.06,0.38 ,0.0901169, 0.239688,0.670195,0.909883
0.06,0.39 ,0.0946741, 0.238583,0.666743,0.905326
0.06,0.4 ,0.0994502, 0.23747,0.66308,0.90055
0.06,0.41 ,0.104453, 0.236349,0.659199,0.895547
0.06,0.42 ,0.109689, 0.23522,0.655091,0.890311
0.06,0.43 ,0.115165, 0.234084,0.650751,0.884835
0.06,0.44 ,0.120887, 0.23294,0.646173,0.879113
0.06,0.45 ,0.126861, 0.23179,0.64135,0.873139
0.06,0.46 ,0.133088, 0.230632,0.63628,0.866912
0.06,0.47 ,0.139572, 0.229469,0.630959,0.860428
0.06,0.48 ,0.146312, 0.2283,0.625388,0.853688
0.06,0.49 ,0.153305, 0.227126,0.619569,0.846695
0.06,0.5 ,0.160547, 0.225947,0.613507,0.839453
0.06,0.51 ,0.168028, 0.224763,0.607209,0.831972
0.06,0.52 ,0.175736, 0.223577,0.600688,0.824264
0.06,0.53 ,0.183653, 0.222387,0.59396,0.816347
0.06,0.54 ,0.191757, 0.221196,0.587047,0.808243
0.06,0.55 ,0.20002, 0.220004,0.579976,0.79998
0.06,0.56 ,0.208407, 0.218812,0.572781,0.791593
0.06,0.57 ,0.216879, 0.217622,0.565499,0.783121
0.06,0.58 ,0.225388, 0.216434,0.558178,0.774612
0.06,0.59 ,0.233883, 0.215249,0.550867,0.766117
0.06,0.6 ,0.242306, 0.21407,0.543624,0.757694
0.06,0.61 ,0.250593, 0.212898,0.536509,0.749407
0.06,0.62 ,0.258682, 0.211733,0.529584,0.741318
0.06,0.63 ,0.266507, 0.210579,0.522914,0.733493
0.06,0.64 ,0.274003, 0.209436,0.516561,0.725997
0.06,0.65 ,0.281113, 0.208306,0.510581,0.718887
0.06,0.66 ,0.287782, 0.207191,0.505027,0.712218
0.06,0.67 ,0.293966, 0.206092,0.499942,0.706034
0.06,0.68 ,0.299632, 0.205012,0.495356,0.700368
0.06,0.69 ,0.304756, 0.203952,0.491292,0.695244
0.06,0.7 ,0.30933, 0.202912,0.487758,0.69067
0.06,0.71 ,0.313353, 0.201896,0.484751,0.686647
0.06,0.72 ,0.316837, 0.200903,0.482259,0.683163
0.06,0.73 ,0.319805, 0.199935,0.48026,0.680195
0.06,0.74 ,0.322283, 0.198993,0.478724,0.677717
0.06,0.75 ,0.324306, 0.198078,0.477617,0.675694
0.06,0.76 ,0.325911, 0.197189,0.4769,0.674089
0.06,0.77 ,0.327138, 0.196328,0.476534,0.672862
0.06,0.78 ,0.328027, 0.195494,0.476479,0.671973
0.06,0.79 ,0.328617, 0.194687,0.476695,0.671382
0.06,0.8 ,0.328946, 0.193908,0.477145,0.671053
0.06,0.81 ,0.329049, 0.193156,0.477795,0.67095
0.06,0.82 ,0.328959, 0.192431,0.47861,0.671041
0.06,0.83 ,0.328705, 0.191731,0.479564,0.671295
0.06,0.84 ,0.328314, 0.191057,0.480628,0.671686
0.06,0.85 ,0.32781, 0.190409,0.481781,0.67219
0.06,0.86 ,0.327214, 0.189784,0.483002,0.672786
0.06,0.87 ,0.326544, 0.189183,0.484273,0.673456
0.06,0.88 ,0.325817, 0.188605,0.485579,0.674183
0.06,0.89 ,0.325045, 0.188048,0.486907,0.674955
0.06,0.9 ,0.324241, 0.187513,0.488246,0.675759
0.06,0.91 ,0.323415, 0.186998,0.489587,0.676585
0.06,0.92 ,0.322575, 0.186503,0.490922,0.677425
0.06,0.93 ,0.321729, 0.186027,0.492245,0.678271
0.06,0.94 ,0.320881, 0.185568,0.49355,0.679118
0.06,0.95 ,0.320039, 0.185127,0.494834,0.679961
0.06,0.96 ,0.319204, 0.184703,0.496093,0.680796
0.06,0.97 ,0.318381, 0.184294,0.497325,0.681619
0.06,0.98 ,0.317572, 0.183901,0.498527,0.682427
0.06,0.99 ,0.31678, 0.183522,0.499698,0.68322
0.06,1 ,0.316006, 0.183157,0.500837,0.683994
0.07,0 ,0.0139391, 0.2755,0.710561,0.986061
0.07,0.01 ,0.0146132, 0.274694,0.710693,0.985387
0.07,0.02 ,0.0153227, 0.273881,0.710796,0.984677
0.07,0.03 ,0.0160694, 0.273062,0.710869,0.983931
0.07,0.04 ,0.0168554, 0.272236,0.710909,0.983145
0.07,0.05 ,0.0176825, 0.271403,0.710915,0.982318
0.07,0.06 ,0.018553, 0.270562,0.710885,0.981447
0.07,0.07 ,0.019469, 0.269715,0.710816,0.980531
0.07,0.08 ,0.0204329, 0.26886,0.710707,0.979567
0.07,0.09 ,0.0214473, 0.267999,0.710554,0.978553
0.07,0.1 ,0.0225147, 0.267129,0.710356,0.977485
0.07,0.11 ,0.0236378, 0.266253,0.710109,0.976362
0.07,0.12 ,0.0248195, 0.265369,0.709812,0.975181
0.07,0.13 ,0.0260629, 0.264477,0.70946,0.973937
0.07,0.14 ,0.0273711, 0.263577,0.709052,0.972629
0.07,0.15 ,0.0287475, 0.26267,0.708583,0.971253
0.07,0.16 ,0.0301955, 0.261755,0.70805,0.969804
0.07,0.17 ,0.0317189, 0.260832,0.70745,0.968281
0.07,0.18 ,0.0333216, 0.2599,0.706778,0.966678
0.07,0.19 ,0.0350077, 0.258961,0.706031,0.964992
0.07,0.2 ,0.0367813, 0.258013,0.705205,0.963219
0.07,0.21 ,0.0386471, 0.257058,0.704295,0.961353
0.07,0.22 ,0.0406096, 0.256094,0.703297,0.95939
0.07,0.23 ,0.0426739, 0.255121,0.702205,0.957326
0.07,0.24 ,0.0448452, 0.25414,0.701015,0.955155
0.07,0.25 ,0.0471288, 0.253151,0.699721,0.952871
0.07,0.26 ,0.0495304, 0.252153,0.698317,0.95047
0.07,0.27 ,0.052056, 0.251146,0.696798,0.947944
0.07,0.28 ,0.0547117, 0.25013,0.695158,0.945288
0.07,0.29 ,0.057504, 0.249106,0.69339,0.942496
0.07,0.3 ,0.0604396, 0.248073,0.691487,0.93956
0.07,0.31 ,0.0635256, 0.247032,0.689443,0.936474
0.07,0.32 ,0.066769, 0.245981,0.68725,0.933231
0.07,0.33 ,0.0701774, 0.244922,0.6849,0.929823
0.07,0.34 ,0.0737586, 0.243854,0.682387,0.926241
0.07,0.35 ,0.0775203, 0.242777,0.679702,0.92248
0.07,0.36 ,0.0814706, 0.241692,0.676837,0.918529
0.07,0.37 ,0.0856178, 0.240598,0.673784,0.914382
0.07,0.38 ,0.0899701, 0.239495,0.670535,0.91003
0.07,0.39 ,0.0945358, 0.238384,0.66708,0.905464
0.07,0.4 ,0.099323, 0.237265,0.663412,0.900677
0.07,0.41 ,0.10434, 0.236137,0.659523,0.89566
0.07,0.42 ,0.109594, 0.235001,0.655405,0.890406
0.07,0.43 ,0.115092, 0.233857,0.65105,0.884908
0.07,0.44 ,0.120842, 0.232706,0.646452,0.879158
0.07,0.45 ,0.126848, 0.231548,0.641605,0.873152
0.07,0.46 ,0.133115, 0.230382,0.636503,0.866885
0.07,0.47 ,0.139646, 0.22921,0.631144,0.860354
0.07,0.48 ,0.146441, 0.228031,0.625527,0.853559
0.07,0.49 ,0.153501, 0.226847,0.619652,0.846499
0.07,0.5 ,0.16082, 0.225658,0.613522,0.83918
0.07,0.51 ,0.168391, 0.224464,0.607145,0.831609
0.07,0.52 ,0.176203, 0.223266,0.600531,0.823797
0.07,0.53 ,0.18424, 0.222065,0.593695,0.81576
0.07,0.54 ,0.192482, 0.220861,0.586657,0.807518
0.07,0.55 ,0.200902, 0.219656,0.579442,0.799098
0.07,0.56 ,0.209467, 0.218451,0.572082,0.790533
0.07,0.57 ,0.218138, 0.217246,0.564616,0.781862
0.07,0.58 ,0.22687, 0.216043,0.557088,0.77313
0.07,0.59 ,0.235609, 0.214843,0.549548,0.764391
0.07,0.6 ,0.244299, 0.213647,0.542053,0.755701
0.07,0.61 ,0.252876, 0.212458,0.534666,0.747124
0.07,0.62 ,0.261274, 0.211276,0.52745,0.738726
0.07,0.63 ,0.269424, 0.210103,0.520472,0.730576
0.07,0.64 ,0.27726, 0.208942,0.513798,0.72274
0.07,0.65 ,0.284717, 0.207792,0.50749,0.715283
0.07,0.66 ,0.291738, 0.206658,0.501604,0.708262
0.07,0.67 ,0.298273, 0.205539,0.496188,0.701727
0.07,0.68 ,0.304283, 0.204439,0.491279,0.695717
0.07,0.69 ,0.309739, 0.203358,0.486903,0.690261
0.07,0.7 ,0.314628, 0.202298,0.483074,0.685372
0.07,0.71 ,0.318947, 0.20126,0.479792,0.681053
0.07,0.72 ,0.322705, 0.200247,0.477048,0.677295
0.07,0.73 ,0.325921, 0.199259,0.47482,0.674079
0.07,0.74 ,0.328623, 0.198297,0.47308,0.671377
0.07,0.75 ,0.330844, 0.197361,0.471795,0.669156
0.07,0.76 ,0.332623, 0.196453,0.470924,0.667377
0.07,0.77 ,0.334, 0.195573,0.470427,0.666
0.07,0.78 ,0.335017, 0.194721,0.470261,0.664982
0.07,0.79 ,0.335716, 0.193897,0.470387,0.664284
0.07,0.8 ,0.336136, 0.193101,0.470763,0.663864
0.07,0.81 ,0.336313, 0.192332,0.471354,0.663687
0.07,0.82 ,0.336283, 0.191591,0.472125,0.663716
0.07,0.83 ,0.336078, 0.190877,0.473045,0.663922
0.07,0.84 ,0.335725, 0.190189,0.474085,0.664275
0.07,0.85 ,0.33525, 0.189527,0.475223,0.664749
0.07,0.86 ,0.334676, 0.188889,0.476434,0.665324
0.07,0.87 ,0.334022, 0.188276,0.477702,0.665978
0.07,0.88 ,0.333304, 0.187686,0.47901,0.666696
0.07,0.89 ,0.332538, 0.187119,0.480343,0.667462
0.07,0.9 ,0.331736, 0.186573,0.48169,0.668263
0.07,0.91 ,0.33091, 0.186048,0.483042,0.66909
0.07,0.92 ,0.330067, 0.185544,0.48439,0.669933
0.07,0.93 ,0.329215, 0.185058,0.485726,0.670785
0.07,0.94 ,0.328362, 0.184592,0.487046,0.671638
0.07,0.95 ,0.327511, 0.184143,0.488346,0.672488
0.07,0.96 ,0.326668, 0.183711,0.489621,0.673331
0.07,0.97 ,0.325836, 0.183295,0.490868,0.674163
0.07,0.98 ,0.325018, 0.182895,0.492086,0.674981
0.07,0.99 ,0.324216, 0.18251,0.493274,0.675784
0.07,1 ,0.323432, 0.182139,0.494429,0.676568
0.08,0 ,0.0138881, 0.275424,0.710688,0.986112
0.08,0.01 ,0.0145598, 0.274616,0.710824,0.98544
0.08,0.02 ,0.0152669, 0.273802,0.710931,0.984733
0.08,0.03 ,0.0160111, 0.272981,0.711007,0.983989
0.08,0.04 ,0.0167943, 0.272154,0.711052,0.983206
0.08,0.05 ,0.0176187, 0.271319,0.711062,0.982381
0.08,0.06 ,0.0184863, 0.270477,0.711037,0.981514
0.08,0.07 ,0.0193993, 0.269628,0.710973,0.980601
0.08,0.08 ,0.0203601, 0.268771,0.710868,0.97964
0.08,0.09 ,0.0213713, 0.267908,0.710721,0.978629
0.08,0.1 ,0.0224353, 0.267037,0.710528,0.977565
0.08,0.11 ,0.0235549, 0.266158,0.710287,0.976445
0.08,0.12 ,0.0247331, 0.265272,0.709995,0.975267
0.08,0.13 ,0.0259728, 0.264378,0.709649,0.974027
0.08,0.14 ,0.0272772, 0.263476,0.709247,0.972723
0.08,0.15 ,0.0286497, 0.262566,0.708784,0.97135
