e1,e2,V,Rs,Rv,P
0,0 ,0.110478, 0.196131,0.693391,0.889522
0,0.01 ,0.113879, 0.195242,0.690879,0.886121
0,0.02 ,0.117391, 0.194346,0.688263,0.882609
0,0.03 ,0.121019, 0.193444,0.685538,0.878981
0,0.04 ,0.124766, 0.192534,0.6827,0.875234
0,0.05 ,0.128637, 0.191618,0.679744,0.871363
0,0.06 ,0.132637, 0.190696,0.676667,0.867363
0,0.07 ,0.13677, 0.189766,0.673464,0.86323
0,0.08 ,0.141041, 0.188829,0.67013,0.858959
0,0.09 ,0.145456, 0.187885,0.666659,0.854544
0,0.1 ,0.150018, 0.186934,0.663048,0.849982
0,0.11 ,0.154735, 0.185976,0.65929,0.845265
0,0.12 ,0.15961, 0.18501,0.655379,0.84039
0,0.13 ,0.164651, 0.184038,0.651311,0.835349
0,0.14 ,0.169863, 0.183057,0.647079,0.830137
0,0.15 ,0.175253, 0.18207,0.642678,0.824747
0,0.16 ,0.180826, 0.181075,0.638099,0.819174
0,0.17 ,0.186591, 0.180072,0.633338,0.813409
0,0.18 ,0.192553, 0.179061,0.628386,0.807447
0,0.19 ,0.19872, 0.178043,0.623237,0.80128
0,0.2 ,0.205099, 0.177018,0.617884,0.794901
0,0.21 ,0.211698, 0.175984,0.612318,0.788302
0,0.22 ,0.218524, 0.174943,0.606533,0.781476
0,0.23 ,0.225587, 0.173894,0.60052,0.774413
0,0.24 ,0.232893, 0.172837,0.59427,0.767107
0,0.25 ,0.240451, 0.171772,0.587777,0.759549
0,0.26 ,0.248271, 0.170699,0.58103,0.751729
0,0.27 ,0.25636, 0.169618,0.574022,0.74364
0,0.28 ,0.264727, 0.16853,0.566743,0.735273
0,0.29 ,0.273381, 0.167433,0.559185,0.726619
0,0.3 ,0.282331, 0.166329,0.55134,0.717669
0,0.31 ,0.291586, 0.165217,0.543197,0.708414
0,0.32 ,0.301153, 0.164097,0.53475,0.698847
0,0.33 ,0.311041, 0.162969,0.52599,0.688959
0,0.34 ,0.321258, 0.161834,0.516908,0.678742
0,0.35 ,0.33181, 0.160691,0.507499,0.66819
0,0.36 ,0.342705, 0.15954,0.497755,0.657295
0,0.37 ,0.353948, 0.158382,0.48767,0.646052
0,0.38 ,0.365542, 0.157217,0.477241,0.634458
0,0.39 ,0.377492, 0.156045,0.466464,0.622508
0,0.4 ,0.389797, 0.154866,0.455338,0.610203
0,0.41 ,0.402456, 0.15368,0.443864,0.597544
0,0.42 ,0.415467, 0.152488,0.432045,0.584533
0,0.43 ,0.428822, 0.151289,0.419888,0.571178
0,0.44 ,0.442512, 0.150085,0.407403,0.557488
0,0.45 ,0.456521, 0.148875,0.394604,0.543479
0,0.46 ,0.470832, 0.14766,0.381508,0.529168
0,0.47 ,0.485421, 0.14644,0.368139,0.514579
0,0.48 ,0.500259, 0.145216,0.354525,0.499741
0,0.49 ,0.51531, 0.143988,0.340702,0.48469
0,0.5 ,0.530534, 0.142757,0.326709,0.469466
0,0.51 ,0.545883, 0.141523,0.312594,0.454117
0,0.52 ,0.561303, 0.140287,0.298409,0.438697
0,0.53 ,0.576737, 0.13905,0.284213,0.423263
0,0.54 ,0.59212, 0.137813,0.270067,0.40788
0,0.55 ,0.607387, 0.136575,0.256038,0.392613
0,0.56 ,0.622467, 0.135339,0.242194,0.377533
0,0.57 ,0.637292, 0.134105,0.228603,0.362708
0,0.58 ,0.651797, 0.132874,0.215329,0.348203
0,0.59 ,0.665918, 0.131646,0.202435,0.334082
0,0.6 ,0.679601, 0.130424,0.189976,0.320399
0,0.61 ,0.692795, 0.129207,0.177998,0.307205
0,0.62 ,0.705464, 0.127997,0.166539,0.294536
0,0.63 ,0.717576, 0.126796,0.155629,0.282424
0,0.64 ,0.729112, 0.125603,0.145285,0.270888
0,0.65 ,0.740063, 0.124421,0.135516,0.259937
0,0.66 ,0.750427, 0.123249,0.126324,0.249573
0,0.67 ,0.76021, 0.12209,0.1177,0.23979
0,0.68 ,0.769426, 0.120943,0.109631,0.230574
0,0.69 ,0.778091, 0.11981,0.102099,0.221909
0,0.7 ,0.786227, 0.118692,0.0950806,0.213773
0,0.71 ,0.79386, 0.117589,0.0885509,0.20614
0,0.72 ,0.801015, 0.116502,0.0824832,0.198985
0,0.73 ,0.807718, 0.115432,0.07685,0.192282
0,0.74 ,0.813998, 0.114379,0.0716235,0.186002
0,0.75 ,0.819881, 0.113343,0.0667766,0.180119
0,0.76 ,0.825392, 0.112325,0.0622828,0.174608
0,0.77 ,0.830558, 0.111325,0.0581168,0.169442
0,0.78 ,0.835402, 0.110344,0.0542546,0.164598
0,0.79 ,0.839946, 0.109381,0.0506733,0.160054
0,0.8 ,0.844211, 0.108437,0.0473518,0.155789
0,0.81 ,0.848218, 0.107511,0.0442702,0.151782
0,0.82 ,0.851985, 0.106605,0.0414101,0.148015
0,0.83 ,0.855529, 0.105717,0.0387545,0.144471
0,0.84 ,0.858865, 0.104847,0.0362875,0.141135
0,0.85 ,0.862009, 0.103996,0.0339948,0.137991
0,0.86 ,0.864975, 0.103163,0.0318628,0.135025
0,0.87 ,0.867773, 0.102348,0.0298792,0.132227
0,0.88 ,0.870417, 0.10155,0.0280328,0.129583
0,0.89 ,0.872916, 0.100771,0.0263132,0.127084
0,0.9 ,0.875281, 0.100008,0.0247108,0.124719
0,0.91 ,0.877521, 0.0992623,0.0232168,0.122479
0,0.92 ,0.879644, 0.0985333,0.0218232,0.120356
0,0.93 ,0.881657, 0.0978206,0.0205226,0.118343
0,0.94 ,0.883568, 0.0971239,0.0193081,0.116432
0,0.95 ,0.885384, 0.0964428,0.0181736,0.114616
0,0.96 ,0.88711, 0.095777,0.0171132,0.11289
0,0.97 ,0.888752, 0.0951262,0.0161218,0.111248
0,0.98 ,0.890316, 0.0944901,0.0151944,0.109684
0,0.99 ,0.891805, 0.0938683,0.0143265,0.108195
0,1 ,0.893226, 0.0932604,0.0135139,0.106774
0.01,0 ,0.110447, 0.196113,0.693441,0.889553
0.01,0.01 ,0.113847, 0.195223,0.69093,0.886153
0.01,0.02 ,0.117358, 0.194327,0.688315,0.882642
0.01,0.03 ,0.120985, 0.193425,0.685591,0.879015
0.01,0.04 ,0.124731, 0.192515,0.682754,0.875269
0.01,0.05 ,0.128602, 0.191599,0.679799,0.871398
0.01,0.06 ,0.132601, 0.190676,0.676723,0.867399
0.01,0.07 ,0.136733, 0.189746,0.673521,0.863267
0.01,0.08 ,0.141003, 0.188809,0.670188,0.858997
0.01,0.09 ,0.145417, 0.187865,0.666719,0.854583
0.01,0.1 ,0.149978, 0.186913,0.663108,0.850022
0.01,0.11 ,0.154694, 0.185955,0.659352,0.845306
0.01,0.12 ,0.159568, 0.184989,0.655443,0.840432
0.01,0.13 ,0.164608, 0.184016,0.651376,0.835392
0.01,0.14 ,0.169819, 0.183035,0.647145,0.830181
0.01,0.15 ,0.175208, 0.182047,0.642745,0.824792
0.01,0.16 ,0.180781, 0.181052,0.638168,0.819219
0.01,0.17 ,0.186544, 0.180049,0.633407,0.813456
0.01,0.18 ,0.192505, 0.179038,0.628457,0.807495
0.01,0.19 ,0.198671, 0.17802,0.62331,0.801329
0.01,0.2 ,0.205049, 0.176993,0.617958,0.794951
0.01,0.21 ,0.211647, 0.17596,0.612394,0.788353
0.01,0.22 ,0.218473, 0.174918,0.60661,0.781527
0.01,0.23 ,0.225534, 0.173868,0.600598,0.774466
0.01,0.24 ,0.232839, 0.172811,0.59435,0.767161
0.01,0.25 ,0.240397, 0.171746,0.587857,0.759603
0.01,0.26 ,0.248216, 0.170672,0.581112,0.751784
0.01,0.27 ,0.256304, 0.169591,0.574105,0.743696
0.01,0.28 ,0.26467, 0.168502,0.566828,0.73533
0.01,0.29 ,0.273323, 0.167405,0.559271,0.726677
0.01,0.3 ,0.282273, 0.166301,0.551427,0.717727
0.01,0.31 ,0.291526, 0.165188,0.543286,0.708474
0.01,0.32 ,0.301093, 0.164067,0.53484,0.698907
0.01,0.33 ,0.310981, 0.162939,0.52608,0.689019
0.01,0.34 ,0.321197, 0.161803,0.517,0.678803
0.01,0.35 ,0.331749, 0.16066,0.507591,0.668251
0.01,0.36 ,0.342644, 0.159509,0.497847,0.657356
0.01,0.37 ,0.353887, 0.15835,0.487763,0.646113
0.01,0.38 ,0.365481, 0.157184,0.477334,0.634519
0.01,0.39 ,0.377431, 0.156011,0.466557,0.622569
0.01,0.4 ,0.389737, 0.154832,0.455431,0.610263
0.01,0.41 ,0.402398, 0.153645,0.443957,0.597602
0.01,0.42 ,0.41541, 0.152452,0.432138,0.58459
0.01,0.43 ,0.428767, 0.151253,0.41998,0.571233
0.01,0.44 ,0.442458, 0.150048,0.407494,0.557542
0.01,0.45 ,0.456471, 0.148837,0.394692,0.543529
0.01,0.46 ,0.470785, 0.147622,0.381594,0.529215
0.01,0.47 ,0.485377, 0.146401,0.368222,0.514623
0.01,0.48 ,0.500219, 0.145176,0.354605,0.499781
0.01,0.49 ,0.515275, 0.143948,0.340778,0.484725
0.01,0.5 ,0.530504, 0.142716,0.32678,0.469496
0.01,0.51 ,0.545859, 0.141481,0.31266,0.454141
0.01,0.52 ,0.561287, 0.140244,0.298468,0.438713
0.01,0.53 ,0.576729, 0.139006,0.284265,0.423271
0.01,0.54 ,0.592121, 0.137768,0.270111,0.407879
0.01,0.55 ,0.607396, 0.13653,0.256074,0.392604
0.01,0.56 ,0.622486, 0.135292,0.242221,0.377514
0.01,0.57 ,0.637322, 0.134057,0.22862,0.362678
0.01,0.58 ,0.651838, 0.132825,0.215337,0.348162
0.01,0.59 ,0.665971, 0.131596,0.202433,0.334029
0.01,0.6 ,0.679664, 0.130373,0.189963,0.320336
0.01,0.61 ,0.692871, 0.129155,0.177974,0.307129
0.01,0.62 ,0.705551, 0.127945,0.166505,0.294449
0.01,0.63 ,0.717674, 0.126742,0.155584,0.282326
0.01,0.64 ,0.729222, 0.125548,0.14523,0.270778
0.01,0.65 ,0.740184, 0.124365,0.135452,0.259816
0.01,0.66 ,0.750558, 0.123192,0.12625,0.249442
0.01,0.67 ,0.760352, 0.122031,0.117617,0.239648
0.01,0.68 ,0.769576, 0.120884,0.10954,0.230424
0.01,0.69 ,0.77825, 0.11975,0.102,0.22175
0.01,0.7 ,0.786395, 0.11863,0.0949741,0.213605
0.01,0.71 ,0.794036, 0.117526,0.0884376,0.205964
0.01,0.72 ,0.801198, 0.116438,0.0823636,0.198802
0.01,0.73 ,0.807908, 0.115367,0.0767245,0.192092
0.01,0.74 ,0.814195, 0.114313,0.0714927,0.185805
0.01,0.75 ,0.820083, 0.113276,0.0666409,0.179917
0.01,0.76 ,0.8256, 0.112257,0.0621426,0.1744
0.01,0.77 ,0.830771, 0.111256,0.0579724,0.169229
0.01,0.78 ,0.83562, 0.110274,0.0541063,0.16438
0.01,0.79 ,0.840168, 0.10931,0.0505216,0.159832
0.01,0.8 ,0.844438, 0.108365,0.0471968,0.155562
0.01,0.81 ,0.848449, 0.107439,0.0441123,0.151551
0.01,0.82 ,0.85222, 0.106531,0.0412495,0.14778
0.01,0.83 ,0.855767, 0.105642,0.0385913,0.144233
0.01,0.84 ,0.859107, 0.104771,0.0361221,0.140893
0.01,0.85 ,0.862254, 0.103919,0.0338272,0.137746
0.01,0.86 ,0.865221, 0.103085,0.0316932,0.134779
0.01,0.87 ,0.868023, 0.102269,0.0297078,0.131977
0.01,0.88 ,0.870669, 0.101471,0.0278597,0.129331
0.01,0.89 ,0.873171, 0.100691,0.0261385,0.126829
0.01,0.9 ,0.875538, 0.0999274,0.0245346,0.124462
0.01,0.91 ,0.87778, 0.0991809,0.0230392,0.12222
0.01,0.92 ,0.879905, 0.0984512,0.0216443,0.120095
0.01,0.93 ,0.88192, 0.0977377,0.0203425,0.11808
0.01,0.94 ,0.883833, 0.0970403,0.0191269,0.116167
0.01,0.95 ,0.88565, 0.0963585,0.0179913,0.11435
0.01,0.96 ,0.887378, 0.0956921,0.0169299,0.112622
0.01,0.97 ,0.889022, 0.0950406,0.0159375,0.110978
0.01,0.98 ,0.890587, 0.0944039,0.0150092,0.109413
0.01,0.99 ,0.892078, 0.0937814,0.0141404,0.107922
0.01,1 ,0.8935, 0.0931729,0.0133271,0.1065
0.02,0 ,0.110415, 0.196094,0.69349,0.889585
0.02,0.01 ,0.113814, 0.195205,0.690981,0.886186
0.02,0.02 ,0.117325, 0.194308,0.688367,0.882675
0.02,0.03 ,0.120951, 0.193406,0.685644,0.879049
0.02,0.04 ,0.124697, 0.192496,0.682808,0.875303
0.02,0.05 ,0.128566, 0.191579,0.679854,0.871434
0.02,0.06 ,0.132564, 0.190656,0.676779,0.867436
0.02,0.07 ,0.136696, 0.189726,0.673578,0.863304
0.02,0.08 ,0.140965, 0.188788,0.670246,0.859035
0.02,0.09 ,0.145378, 0.187844,0.666778,0.854622
0.02,0.1 ,0.149938, 0.186892,0.663169,0.850062
0.02,0.11 ,0.154653, 0.185934,0.659414,0.845347
0.02,0.12 ,0.159527, 0.184967,0.655506,0.840473
0.02,0.13 ,0.164566, 0.183994,0.65144,0.835434
0.02,0.14 ,0.169776, 0.183013,0.647211,0.830224
0.02,0.15 ,0.175163, 0.182025,0.642812,0.824837
0.02,0.16 ,0.180735, 0.181029,0.638236,0.819265
0.02,0.17 ,0.186498, 0.180026,0.633477,0.813502
0.02,0.18 ,0.192458, 0.179014,0.628528,0.807542
0.02,0.19 ,0.198622, 0.177996,0.623382,0.801378
0.02,0.2 ,0.205, 0.176969,0.618031,0.795
0.02,0.21 ,0.211597, 0.175935,0.612468,0.788403
0.02,0.22 ,0.218421, 0.174893,0.606686,0.781579
0.02,0.23 ,0.225482, 0.173843,0.600675,0.774518
0.02,0.24 ,0.232786, 0.172785,0.594429,0.767214
0.02,0.25 ,0.240343, 0.171719,0.587938,0.759657
0.02,0.26 ,0.24816, 0.170646,0.581194,0.75184
0.02,0.27 ,0.256248, 0.169564,0.574188,0.743752
0.02,0.28 ,0.264613, 0.168475,0.566912,0.735387
0.02,0.29 ,0.273266, 0.167377,0.559357,0.726734
0.02,0.3 ,0.282214, 0.166272,0.551514,0.717786
0.02,0.31 ,0.291467, 0.165159,0.543374,0.708533
0.02,0.32 ,0.301033, 0.164038,0.534929,0.698967
0.02,0.33 ,0.31092, 0.162909,0.52617,0.68908
0.02,0.34 ,0.321136, 0.161773,0.517091,0.678864
0.02,0.35 ,0.331688, 0.160629,0.507683,0.668312
0.02,0.36 ,0.342583, 0.159477,0.49794,0.657417
0.02,0.37 ,0.353826, 0.158318,0.487856,0.646174
0.02,0.38 ,0.365421, 0.157152,0.477428,0.634579
0.02,0.39 ,0.377371, 0.155978,0.466651,0.622629
0.02,0.4 ,0.389677, 0.154798,0.455525,0.610323
0.02,0.41 ,0.402339, 0.153611,0.44405,0.597661
0.02,0.42 ,0.415353, 0.152417,0.43223,0.584647
0.02,0.43 ,0.428711, 0.151217,0.420071,0.571289
0.02,0.44 ,0.442405, 0.150011,0.407584,0.557595
0.02,0.45 ,0.45642, 0.1488,0.39478,0.54358
0.02,0.46 ,0.470737, 0.147584,0.38168,0.529263
0.02,0.47 ,0.485333, 0.146362,0.368305,0.514667
0.02,0.48 ,0.500179, 0.145137,0.354685,0.499821
0.02,0.49 ,0.51524, 0.143907,0.340853,0.48476
0.02,0.5 ,0.530475, 0.142674,0.326851,0.469525
0.02,0.51 ,0.545836, 0.141439,0.312725,0.454164
0.02,0.52 ,0.561271, 0.140201,0.298528,0.438729
0.02,0.53 ,0.57672, 0.138963,0.284317,0.42328
0.02,0.54 ,0.592121, 0.137723,0.270156,0.407879
0.02,0.55 ,0.607405, 0.136484,0.256111,0.392595
0.02,0.56 ,0.622505, 0.135246,0.242249,0.377495
0.02,0.57 ,0.637352, 0.13401,0.228639,0.362648
0.02,0.58 ,0.651878, 0.132776,0.215345,0.348122
0.02,0.59 ,0.666022, 0.131547,0.202431,0.333978
0.02,0.6 ,0.679727, 0.130322,0.18995,0.320273
0.02,0.61 ,0.692945, 0.129104,0.177951,0.307055
0.02,0.62 ,0.705637, 0.127892,0.166471,0.294363
0.02,0.63 ,0.717772, 0.126688,0.15554,0.282228
0.02,0.64 ,0.729331, 0.125493,0.145176,0.270669
0.02,0.65 ,0.740303, 0.124309,0.135388,0.259697
0.02,0.66 ,0.750688, 0.123135,0.126177,0.249312
0.02,0.67 ,0.760491, 0.121973,0.117535,0.239509
0.02,0.68 ,0.769725, 0.120825,0.10945,0.230275
0.02,0.69 ,0.778408, 0.11969,0.101902,0.221592
0.02,0.7 ,0.786562, 0.118569,0.094869,0.213438
0.02,0.71 ,0.79421, 0.117464,0.0883257,0.20579
0.02,0.72 ,0.801379, 0.116375,0.0822455,0.198621
0.02,0.73 ,0.808097, 0.115303,0.0766007,0.191903
0.02,0.74 ,0.814389, 0.114247,0.0713635,0.185611
0.02,0.75 ,0.820284, 0.113209,0.0665068,0.179716
0.02,0.76 ,0.825807, 0.112189,0.062004,0.174193
0.02,0.77 ,0.830983, 0.111188,0.0578298,0.169017
0.02,0.78 ,0.835836, 0.110204,0.0539599,0.164164
0.02,0.79 ,0.840389, 0.10924,0.0503716,0.159611
0.02,0.8 ,0.844663, 0.108293,0.0470437,0.155337
0.02,0.81 ,0.848678, 0.107366,0.0439562,0.151322
0.02,0.82 ,0.852452, 0.106457,0.0410907,0.147548
0.02,0.83 ,0.856002, 0.105568,0.0384301,0.143998
0.02,0.84 ,0.859345, 0.104696,0.0359585,0.140655
0.02,0.85 ,0.862495, 0.103843,0.0336615,0.137505
0.02,0.86 ,0.865466, 0.103008,0.0315255,0.134534
0.02,0.87 ,0.86827, 0.102192,0.0295383,0.13173
0.02,0.88 ,0.870919, 0.101393,0.0276885,0.129081
0.02,0.89 ,0.873423, 0.100611,0.0259657,0.126577
0.02,0.9 ,0.875793, 0.0998471,0.0243604,0.124207
0.02,0.91 ,0.878036, 0.0990999,0.0228636,0.121964
0.02,0.92 ,0.880163, 0.0983694,0.0214674,0.119837
0.02,0.93 ,0.88218, 0.0976553,0.0201644,0.11782
0.02,0.94 ,0.884095, 0.0969571,0.0189477,0.115905
0.02,0.95 ,0.885914, 0.0962746,0.017811,0.114086
0.02,0.96 ,0.887644, 0.0956075,0.0167487,0.112356
0.02,0.97 ,0.889289, 0.0949554,0.0157553,0.110711
0.02,0.98 ,0.890856, 0.094318,0.0148261,0.109144
0.02,0.99 ,0.892349, 0.0936949,0.0139565,0.107651
0.02,1 ,0.893772, 0.0930858,0.0131424,0.106228
0.03,0 ,0.110384, 0.196076,0.69354,0.889616
0.03,0.01 ,0.113782, 0.195186,0.691032,0.886218
0.03,0.02 ,0.117292, 0.19429,0.688418,0.882708
0.03,0.03 ,0.120917, 0.193387,0.685696,0.879083
0.03,0.04 ,0.124662, 0.192477,0.682861,0.875338
0.03,0.05 ,0.128531, 0.19156,0.679909,0.871469
0.03,0.06 ,0.132528, 0.190636,0.676835,0.867472
0.03,0.07 ,0.136659, 0.189706,0.673635,0.863341
0.03,0.08 ,0.140927, 0.188768,0.670304,0.859073
0.03,0.09 ,0.145339, 0.187823,0.666838,0.854661
0.03,0.1 ,0.149899, 0.186872,0.66323,0.850101
0.03,0.11 ,0.154612, 0.185912,0.659475,0.845388
0.03,0.12 ,0.159485, 0.184946,0.655569,0.840515
0.03,0.13 ,0.164523, 0.183972,0.651504,0.835477
0.03,0.14 ,0.169732, 0.182991,0.647276,0.830268
0.03,0.15 ,0.175119, 0.182002,0.642878,0.824881
0.03,0.16 ,0.18069, 0.181006,0.638304,0.81931
0.03,0.17 ,0.186451, 0.180003,0.633546,0.813549
0.03,0.18 ,0.19241, 0.178991,0.628599,0.80759
0.03,0.19 ,0.198574, 0.177972,0.623454,0.801426
0.03,0.2 ,0.20495, 0.176945,0.618105,0.79505
0.03,0.21 ,0.211546, 0.17591,0.612543,0.788454
0.03,0.22 ,0.21837, 0.174868,0.606762,0.78163
0.03,0.23 ,0.225429, 0.173818,0.600753,0.774571
0.03,0.24 ,0.232733, 0.172759,0.594508,0.767267
0.03,0.25 ,0.240289, 0.171693,0.588018,0.759711
0.03,0.26 ,0.248105, 0.170619,0.581275,0.751895
0.03,0.27 ,0.256192, 0.169537,0.574271,0.743808
0.03,0.28 ,0.264556, 0.168447,0.566996,0.735444
0.03,0.29 ,0.273208, 0.16735,0.559442,0.726792
0.03,0.3 ,0.282156, 0.166244,0.5516,0.717844
0.03,0.31 ,0.291408, 0.16513,0.543461,0.708592
0.03,0.32 ,0.300974, 0.164009,0.535018,0.699026
0.03,0.33 ,0.31086, 0.162879,0.52626,0.68914
0.03,0.34 ,0.321076, 0.161742,0.517182,0.678924
0.03,0.35 ,0.331628, 0.160598,0.507775,0.668372
0.03,0.36 ,0.342522, 0.159446,0.498032,0.657478
0.03,0.37 ,0.353765, 0.158286,0.487949,0.646235
0.03,0.38 ,0.36536, 0.157119,0.477521,0.63464
0.03,0.39 ,0.377311, 0.155945,0.466744,0.622689
0.03,0.4 ,0.389618, 0.154764,0.455618,0.610382
0.03,0.41 ,0.402281, 0.153576,0.444143,0.597719
0.03,0.42 ,0.415296, 0.152382,0.432323,0.584704
0.03,0.43 ,0.428656, 0.151181,0.420163,0.571344
0.03,0.44 ,0.442352, 0.149975,0.407673,0.557648
0.03,0.45 ,0.456369, 0.148763,0.394868,0.543631
0.03,0.46 ,0.470689, 0.147546,0.381765,0.529311
0.03,0.47 ,0.485289, 0.146324,0.368388,0.514711
0.03,0.48 ,0.500139, 0.145097,0.354764,0.499861
0.03,0.49 ,0.515205, 0.143867,0.340929,0.484795
0.03,0.5 ,0.530445, 0.142633,0.326922,0.469555
0.03,0.51 ,0.545813, 0.141397,0.31279,0.454187
0.03,0.52 ,0.561254, 0.140159,0.298587,0.438746
0.03,0.53 ,0.576711, 0.138919,0.28437,0.423289
0.03,0.54 ,0.59212, 0.137679,0.270201,0.40788
0.03,0.55 ,0.607414, 0.136438,0.256148,0.392586
0.03,0.56 ,0.622523, 0.135199,0.242277,0.377477
0.03,0.57 ,0.63738, 0.133962,0.228657,0.36262
0.03,0.58 ,0.651918, 0.132728,0.215354,0.348082
0.03,0.59 ,0.666073, 0.131498,0.20243,0.333927
0.03,0.6 ,0.679789, 0.130272,0.189939,0.320211
0.03,0.61 ,0.693019, 0.129052,0.177929,0.306981
0.03,0.62 ,0.705721, 0.12784,0.166439,0.294279
0.03,0.63 ,0.717868, 0.126635,0.155498,0.282132
0.03,0.64 ,0.729438, 0.125439,0.145123,0.270562
0.03,0.65 ,0.740421, 0.124253,0.135326,0.259579
0.03,0.66 ,0.750816, 0.123078,0.126105,0.249184
0.03,0.67 ,0.760629, 0.121916,0.117455,0.239371
0.03,0.68 ,0.769873, 0.120766,0.109361,0.230127
0.03,0.69 ,0.778565, 0.11963,0.101806,0.221435
0.03,0.7 ,0.786726, 0.118508,0.0947653,0.213274
0.03,0.71 ,0.794383, 0.117402,0.0882153,0.205617
0.03,0.72 ,0.801559, 0.116312,0.0821289,0.198441
0.03,0.73 ,0.808283, 0.115238,0.0764783,0.191717
0.03,0.74 ,0.814582, 0.114182,0.0712359,0.185418
0.03,0.75 ,0.820483, 0.113143,0.0663744,0.179517
0.03,0.76 ,0.826011, 0.112122,0.0618671,0.173989
0.03,0.77 ,0.831192, 0.111119,0.0576888,0.168808
0.03,0.78 ,0.83605, 0.110135,0.0538151,0.16395
0.03,0.79 ,0.840607, 0.109169,0.0502234,0.159393
0.03,0.8 ,0.844885, 0.108222,0.0468923,0.155115
0.03,0.81 ,0.848904, 0.107294,0.0438019,0.151096
0.03,0.82 ,0.852682, 0.106384,0.0409337,0.147318
0.03,0.83 ,0.856236, 0.105493,0.0382706,0.143764
0.03,0.84 ,0.859582, 0.104621,0.0357968,0.140418
0.03,0.85 ,0.862735, 0.103767,0.0334976,0.137265
0.03,0.86 ,0.865709, 0.102932,0.0313597,0.134291
0.03,0.87 ,0.868515, 0.102114,0.0293707,0.131485
0.03,0.88 ,0.871166, 0.101314,0.0275193,0.128834
0.03,0.89 ,0.873673, 0.100532,0.0257949,0.126327
0.03,0.9 ,0.876045, 0.0997672,0.0241881,0.123955
0.03,0.91 ,0.878291, 0.0990193,0.02269,0.121709
0.03,0.92 ,0.880419, 0.0982881,0.0212925,0.119581
0.03,0.93 ,0.882439, 0.0975732,0.0199883,0.117561
0.03,0.94 ,0.884355, 0.0968743,0.0187705,0.115645
0.03,0.95 ,0.886176, 0.0961912,0.0176328,0.113824
0.03,0.96 ,0.887907, 0.0955234,0.0165694,0.112093
0.03,0.97 ,0.889554, 0.0948706,0.0155752,0.110446
0.03,0.98 ,0.891122, 0.0942326,0.0146451,0.108878
0.03,0.99 ,0.892617, 0.0936089,0.0137746,0.107383
0.03,1 ,0.894041, 0.0929992,0.0129597,0.105959
0.04,0 ,0.110353, 0.196058,0.693589,0.889647
0.04,0.01 ,0.11375, 0.195168,0.691082,0.88625
0.04,0.02 ,0.117259, 0.194271,0.68847,0.882741
0.04,0.03 ,0.120884, 0.193368,0.685749,0.879116
0.04,0.04 ,0.124628, 0.192458,0.682915,0.875372
0.04,0.05 ,0.128496, 0.191541,0.679964,0.871504
0.04,0.06 ,0.132492, 0.190617,0.676891,0.867508
0.04,0.07 ,0.136622, 0.189686,0.673692,0.863378
0.04,0.08 ,0.14089, 0.188748,0.670362,0.85911
0.04,0.09 ,0.1453, 0.187803,0.666897,0.8547
0.04,0.1 ,0.149859, 0.186851,0.66329,0.850141
0.04,0.11 ,0.154572, 0.185891,0.659537,0.845428
0.04,0.12 ,0.159444, 0.184925,0.655631,0.840556
0.04,0.13 ,0.164481, 0.183951,0.651568,0.835519
0.04,0.14 ,0.169689, 0.182969,0.647342,0.830311
0.04,0.15 ,0.175075, 0.18198,0.642945,0.824925
0.04,0.16 ,0.180645, 0.180984,0.638372,0.819355
0.04,0.17 ,0.186405, 0.17998,0.633615,0.813595
0.04,0.18 ,0.192363, 0.178968,0.628669,0.807637
0.04,0.19 ,0.198526, 0.177948,0.623526,0.801474
0.04,0.2 ,0.204901, 0.176921,0.618178,0.795099
0.04,0.21 ,0.211496, 0.175886,0.612618,0.788504
0.04,0.22 ,0.218319, 0.174843,0.606838,0.781681
0.04,0.23 ,0.225378, 0.173793,0.60083,0.774622
0.04,0.24 ,0.23268, 0.172734,0.594586,0.76732
0.04,0.25 ,0.240235, 0.171667,0.588098,0.759765
0.04,0.26 ,0.248051, 0.170593,0.581356,0.751949
0.04,0.27 ,0.256136, 0.169511,0.574353,0.743864
0.04,0.28 ,0.2645, 0.16842,0.56708,0.7355
0.04,0.29 ,0.273151, 0.167322,0.559527,0.726849
0.04,0.3 ,0.282098, 0.166216,0.551686,0.717902
0.04,0.31 ,0.29135, 0.165101,0.543549,0.70865
0.04,0.32 ,0.300914, 0.16398,0.535106,0.699086
0.04,0.33 ,0.3108, 0.16285,0.52635,0.6892
0.04,0.34 ,0.321016, 0.161712,0.517272,0.678984
0.04,0.35 ,0.331567, 0.160567,0.507866,0.668433
0.04,0.36 ,0.342461, 0.159414,0.498124,0.657539
0.04,0.37 ,0.353704, 0.158254,0.488042,0.646296
0.04,0.38 ,0.3653, 0.157086,0.477614,0.6347
0.04,0.39 ,0.377251, 0.155912,0.466837,0.622749
0.04,0.4 ,0.389559, 0.15473,0.455711,0.610441
0.04,0.41 ,0.402222, 0.153542,0.444236,0.597778
0.04,0.42 ,0.415239, 0.152347,0.432415,0.584761
0.04,0.43 ,0.428601, 0.151146,0.420254,0.571399
0.04,0.44 ,0.442298, 0.149939,0.407763,0.557702
0.04,0.45 ,0.456318, 0.148726,0.394956,0.543682
0.04,0.46 ,0.470641, 0.147508,0.381851,0.529359
0.04,0.47 ,0.485244, 0.146285,0.368471,0.514756
0.04,0.48 ,0.500099, 0.145058,0.354844,0.499901
0.04,0.49 ,0.515169, 0.143827,0.341004,0.484831
0.04,0.5 ,0.530415, 0.142592,0.326993,0.469585
0.04,0.51 ,0.545789, 0.141355,0.312856,0.454211
0.04,0.52 ,0.561237, 0.140116,0.298647,0.438763
0.04,0.53 ,0.576702, 0.138875,0.284423,0.423298
0.04,0.54 ,0.592119, 0.137634,0.270247,0.407881
0.04,0.55 ,0.607422, 0.136393,0.256185,0.392578
0.04,0.56 ,0.622541, 0.135153,0.242306,0.377459
0.04,0.57 ,0.637408, 0.133915,0.228677,0.362592
0.04,0.58 ,0.651956, 0.13268,0.215364,0.348044
0.04,0.59 ,0.666122, 0.131448,0.202429,0.333878
0.04,0.6 ,0.67985, 0.130222,0.189928,0.32015
0.04,0.61 ,0.693091, 0.129001,0.177908,0.306909
0.04,0.62 ,0.705805, 0.127787,0.166408,0.294195
0.04,0.63 ,0.717963, 0.126581,0.155456,0.282037
0.04,0.64 ,0.729544, 0.125385,0.145072,0.270456
0.04,0.65 ,0.740538, 0.124198,0.135264,0.259462
0.04,0.66 ,0.750943, 0.123022,0.126035,0.249057
0.04,0.67 ,0.760766, 0.121858,0.117376,0.239234
0.04,0.68 ,0.770019, 0.120707,0.109274,0.229981
0.04,0.69 ,0.778719, 0.11957,0.101711,0.221281
0.04,0.7 ,0.786889, 0.118448,0.0946631,0.213111
0.04,0.71 ,0.794553, 0.11734,0.0881064,0.205447
0.04,0.72 ,0.801737, 0.116249,0.0820138,0.198263
0.04,0.73 ,0.808468, 0.115174,0.0763575,0.191532
0.04,0.74 ,0.814773, 0.114117,0.0711099,0.185227
0.04,0.75 ,0.820679, 0.113077,0.0662435,0.179321
0.04,0.76 ,0.826213, 0.112055,0.0617318,0.173787
0.04,0.77 ,0.831399, 0.111051,0.0575494,0.168601
0.04,0.78 ,0.836262, 0.110066,0.053672,0.163738
0.04,0.79 ,0.840824, 0.109099,0.0500769,0.159176
0.04,0.8 ,0.845106, 0.108151,0.0467427,0.154894
0.04,0.81 ,0.849129, 0.107222,0.0436494,0.150871
0.04,0.82 ,0.85291, 0.106312,0.0407785,0.14709
0.04,0.83 ,0.856467, 0.10542,0.038113,0.143533
0.04,0.84 ,0.859817, 0.104547,0.0356369,0.140183
0.04,0.85 ,0.862972, 0.103692,0.0333357,0.137028
0.04,0.86 ,0.865949, 0.102855,0.0311958,0.134051
0.04,0.87 ,0.868758, 0.102037,0.029205,0.131242
0.04,0.88 ,0.871412, 0.101236,0.0273519,0.128588
0.04,0.89 ,0.873921, 0.100453,0.025626,0.126079
0.04,0.9 ,0.876294, 0.0996877,0.0240178,0.123706
0.04,0.91 ,0.878543, 0.0989391,0.0225183,0.121457
0.04,0.92 ,0.880673, 0.0982071,0.0211196,0.119327
0.04,0.93 ,0.882694, 0.0974915,0.0198142,0.117306
0.04,0.94 ,0.884613, 0.0967919,0.0185953,0.115387
0.04,0.95 ,0.886435, 0.0961081,0.0174566,0.113565
0.04,0.96 ,0.888168, 0.0954396,0.0163922,0.111832
0.04,0.97 ,0.889817, 0.0947862,0.015397,0.110183
0.04,0.98 ,0.891386, 0.0941475,0.0144661,0.108614
0.04,0.99 ,0.892882, 0.0935232,0.0135948,0.107118
0.04,1 ,0.894308, 0.0929129,0.0127791,0.105692
0.05,0 ,0.110322, 0.19604,0.693638,0.889678
0.05,0.01 ,0.113718, 0.19515,0.691132,0.886282
0.05,0.02 ,0.117227, 0.194253,0.688521,0.882773
0.05,0.03 ,0.12085, 0.193349,0.685801,0.87915
0.05,0.04 ,0.124593, 0.192439,0.682968,0.875407
0.05,0.05 ,0.128461, 0.191521,0.680018,0.871539
0.05,0.06 ,0.132456, 0.190597,0.676946,0.867544
0.05,0.07 ,0.136585, 0.189666,0.673749,0.863415
0.05,0.08 ,0.140852, 0.188728,0.67042,0.859148
0.05,0.09 ,0.145262, 0.187783,0.666955,0.854738
0.05,0.1 ,0.14982, 0.18683,0.66335,0.85018
0.05,0.11 ,0.154532, 0.18587,0.659598,0.845468
0.05,0.12 ,0.159403, 0.184903,0.655694,0.840597
0.05,0.13 ,0.164439, 0.183929,0.651632,0.835561
0.05,0.14 ,0.169646, 0.182947,0.647407,0.830354
0.05,0.15 ,0.175031, 0.181958,0.643011,0.824969
0.05,0.16 ,0.1806, 0.180961,0.638439,0.8194
0.05,0.17 ,0.186359, 0.179957,0.633684,0.813641
0.05,0.18 ,0.192316, 0.178945,0.628739,0.807684
0.05,0.19 ,0.198478, 0.177925,0.623597,0.801522
0.05,0.2 ,0.204852, 0.176897,0.61825,0.795148
0.05,0.21 ,0.211446, 0.175862,0.612692,0.788554
0.05,0.22 ,0.218268, 0.174819,0.606913,0.781732
0.05,0.23 ,0.225326, 0.173767,0.600907,0.774674
0.05,0.24 ,0.232627, 0.172708,0.594664,0.767373
0.05,0.25 ,0.240181, 0.171641,0.588177,0.759819
0.05,0.26 ,0.247996, 0.170567,0.581437,0.752004
0.05,0.27 ,0.256081, 0.169484,0.574436,0.743919
0.05,0.28 ,0.264444, 0.168393,0.567163,0.735556
0.05,0.29 ,0.273094, 0.167294,0.559612,0.726906
0.05,0.3 ,0.28204, 0.166187,0.551772,0.71796
0.05,0.31 ,0.291291, 0.165073,0.543636,0.708709
0.05,0.32 ,0.300855, 0.16395,0.535194,0.699145
0.05,0.33 ,0.310741, 0.16282,0.526439,0.689259
0.05,0.34 ,0.320956, 0.161682,0.517362,0.679044
0.05,0.35 ,0.331507, 0.160536,0.507957,0.668493
0.05,0.36 ,0.342401, 0.159383,0.498216,0.657599
0.05,0.37 ,0.353644, 0.158222,0.488134,0.646356
0.05,0.38 ,0.365239, 0.157054,0.477706,0.634761
0.05,0.39 ,0.377191, 0.155879,0.46693,0.622809
0.05,0.4 ,0.3895, 0.154697,0.455804,0.6105
0.05,0.41 ,0.402164, 0.153508,0.444328,0.597836
0.05,0.42 ,0.415182, 0.152312,0.432506,0.584818
0.05,0.43 ,0.428545, 0.15111,0.420345,0.571455
0.05,0.44 ,0.442245, 0.149902,0.407853,0.557755
0.05,0.45 ,0.456267, 0.148689,0.395044,0.543733
0.05,0.46 ,0.470593, 0.14747,0.381937,0.529407
0.05,0.47 ,0.4852, 0.146247,0.368553,0.5148
0.05,0.48 ,0.500058, 0.145019,0.354923,0.499942
0.05,0.49 ,0.515134, 0.143787,0.34108,0.484866
0.05,0.5 ,0.530385, 0.142552,0.327064,0.469615
0.05,0.51 ,0.545765, 0.141314,0.312922,0.454235
0.05,0.52 ,0.56122, 0.140074,0.298706,0.43878
0.05,0.53 ,0.576692, 0.138832,0.284476,0.423308
0.05,0.54 ,0.592118, 0.13759,0.270292,0.407882
0.05,0.55 ,0.607429, 0.136348,0.256223,0.392571
0.05,0.56 ,0.622558, 0.135107,0.242335,0.377442
0.05,0.57 ,0.637435, 0.133868,0.228697,0.362565
0.05,0.58 ,0.651994, 0.132632,0.215374,0.348006
0.05,0.59 ,0.666171, 0.1314,0.202429,0.333829
0.05,0.6 ,0.67991, 0.130172,0.189918,0.32009
0.05,0.61 ,0.693162, 0.12895,0.177888,0.306838
0.05,0.62 ,0.705888, 0.127735,0.166377,0.294112
0.05,0.63 ,0.718056, 0.126528,0.155415,0.281944
0.05,0.64 ,0.729648, 0.125331,0.145021,0.270352
0.05,0.65 ,0.740653, 0.124143,0.135204,0.259347
0.05,0.66 ,0.751069, 0.122966,0.125966,0.248931
0.05,0.67 ,0.760901, 0.121801,0.117298,0.239099
0.05,0.68 ,0.770163, 0.120649,0.109188,0.229837
0.05,0.69 ,0.778873, 0.119511,0.101617,0.221127
0.05,0.7 ,0.787051, 0.118387,0.0945622,0.212949
0.05,0.71 ,0.794722, 0.117279,0.0879989,0.205278
0.05,0.72 ,0.801913, 0.116187,0.0819002,0.198087
0.05,0.73 ,0.808651, 0.115111,0.0762383,0.191349
0.05,0.74 ,0.814962, 0.114052,0.0709854,0.185038
0.05,0.75 ,0.820874, 0.113011,0.0661142,0.179126
0.05,0.76 ,0.826413, 0.111988,0.0615982,0.173587
0.05,0.77 ,0.831605, 0.110984,0.0574117,0.168395
0.05,0.78 ,0.836472, 0.109997,0.0535306,0.163528
0.05,0.79 ,0.841038, 0.10903,0.0499321,0.158962
0.05,0.8 ,0.845325, 0.108081,0.0465948,0.154675
0.05,0.81 ,0.849351, 0.107151,0.0434986,0.150649
0.05,0.82 ,0.853136, 0.106239,0.0406251,0.146864
0.05,0.83 ,0.856696, 0.105346,0.0379571,0.143304
0.05,0.84 ,0.860049, 0.104472,0.0354788,0.139951
0.05,0.85 ,0.863208, 0.103617,0.0331755,0.136792
0.05,0.86 ,0.866187, 0.102779,0.0310338,0.133813
0.05,0.87 ,0.868999, 0.10196,0.0290412,0.131001
0.05,0.88 ,0.871655, 0.101159,0.0271864,0.128345
0.05,0.89 ,0.874166, 0.100375,0.025459,0.125834
0.05,0.9 ,0.876542, 0.0996086,0.0238493,0.123458
0.05,0.91 ,0.878792, 0.0988592,0.0223486,0.121208
0.05,0.92 ,0.880925, 0.0981265,0.0209486,0.119075
0.05,0.93 ,0.882948, 0.0974101,0.0196421,0.117052
0.05,0.94 ,0.884868, 0.0967099,0.0184221,0.115132
0.05,0.95 ,0.886692, 0.0960254,0.0172823,0.113308
0.05,0.96 ,0.888427, 0.0953563,0.016217,0.111573
0.05,0.97 ,0.890077, 0.0947022,0.0152209,0.109923
0.05,0.98 ,0.891648, 0.0940629,0.0142891,0.108352
0.05,0.99 ,0.893145, 0.093438,0.013417,0.106855
0.05,1 ,0.894572, 0.0928271,0.0126005,0.105428
0.06,0 ,0.110291, 0.196022,0.693687,0.889709
0.06,0.01 ,0.113687, 0.195131,0.691182,0.886313
0.06,0.02 ,0.117194, 0.194234,0.688572,0.882806
0.06,0.03 ,0.120817, 0.19333,0.685853,0.879183
0.06,0.04 ,0.124559, 0.19242,0.683021,0.875441
0.06,0.05 ,0.128426, 0.191502,0.680072,0.871574
0.06,0.06 ,0.132421, 0.190578,0.677002,0.867579
0.06,0.07 ,0.136549, 0.189646,0.673805,0.863451
0.06,0.08 ,0.140815, 0.188708,0.670478,0.859185
0.06,0.09 ,0.145224, 0.187762,0.667014,0.854776
0.06,0.1 ,0.149781, 0.18681,0.66341,0.850219
0.06,0.11 ,0.154492, 0.18585,0.659659,0.845508
0.06,0.12 ,0.159362, 0.184882,0.655756,0.840638
0.06,0.13 ,0.164397, 0.183908,0.651696,0.835603
0.06,0.14 ,0.169603, 0.182925,0.647471,0.830397
0.06,0.15 ,0.174987, 0.181936,0.643077,0.825013
0.06,0.16 ,0.180555, 0.180939,0.638506,0.819445
0.06,0.17 ,0.186313, 0.179934,0.633753,0.813687
0.06,0.18 ,0.19227, 0.178921,0.628809,0.80773
0.06,0.19 ,0.198431, 0.177901,0.623668,0.801569
0.06,0.2 ,0.204804, 0.176873,0.618323,0.795196
0.06,0.21 ,0.211397, 0.175838,0.612766,0.788603
0.06,0.22 ,0.218218, 0.174794,0.606988,0.781782
0.06,0.23 ,0.225274, 0.173742,0.600983,0.774726
0.06,0.24 ,0.232575, 0.172683,0.594742,0.767425
0.06,0.25 ,0.240128, 0.171616,0.588257,0.759872
0.06,0.26 ,0.247942, 0.17054,0.581518,0.752058
0.06,0.27 ,0.256025, 0.169457,0.574518,0.743975
0.06,0.28 ,0.264388, 0.168366,0.567247,0.735612
0.06,0.29 ,0.273037, 0.167267,0.559696,0.726963
0.06,0.3 ,0.281983, 0.166159,0.551858,0.718017
0.06,0.31 ,0.291233, 0.165044,0.543723,0.708767
0.06,0.32 ,0.300796, 0.163921,0.535282,0.699204
0.06,0.33 ,0.310681, 0.162791,0.526528,0.689319
0.06,0.34 ,0.320896, 0.161652,0.517452,0.679104
0.06,0.35 ,0.331447, 0.160506,0.508048,0.668553
0.06,0.36 ,0.342341, 0.159352,0.498307,0.657659
0.06,0.37 ,0.353583, 0.158191,0.488226,0.646417
0.06,0.38 ,0.365179, 0.157022,0.477799,0.634821
0.06,0.39 ,0.377131, 0.155846,0.467023,0.622869
0.06,0.4 ,0.389441, 0.154663,0.455896,0.610559
0.06,0.41 ,0.402106, 0.153473,0.44442,0.597894
0.06,0.42 ,0.415125, 0.152277,0.432598,0.584875
0.06,0.43 ,0.42849, 0.151075,0.420435,0.57151
0.06,0.44 ,0.442192, 0.149866,0.407942,0.557808
0.06,0.45 ,0.456216, 0.148652,0.395132,0.543784
0.06,0.46 ,0.470545, 0.147433,0.382022,0.529455
0.06,0.47 ,0.485156, 0.146208,0.368636,0.514844
0.06,0.48 ,0.500018, 0.14498,0.355002,0.499982
0.06,0.49 ,0.515098, 0.143747,0.341155,0.484902
0.06,0.5 ,0.530354, 0.142511,0.327135,0.469646
0.06,0.51 ,0.54574, 0.141272,0.312987,0.45426
0.06,0.52 ,0.561202, 0.140031,0.298766,0.438798
0.06,0.53 ,0.576682, 0.138789,0.284529,0.423318
0.06,0.54 ,0.592116, 0.137546,0.270338,0.407884
0.06,0.55 ,0.607436, 0.136303,0.256261,0.392564
0.06,0.56 ,0.622575, 0.135061,0.242364,0.377425
0.06,0.57 ,0.637462, 0.133821,0.228717,0.362538
0.06,0.58 ,0.652031, 0.132584,0.215385,0.347969
0.06,0.59 ,0.666219, 0.131351,0.20243,0.333781
0.06,0.6 ,0.679969, 0.130122,0.189909,0.320031
0.06,0.61 ,0.693232, 0.1289,0.177868,0.306768
0.06,0.62 ,0.705969, 0.127684,0.166347,0.294031
0.06,0.63 ,0.718149, 0.126476,0.155375,0.281851
0.06,0.64 ,0.729752, 0.125277,0.144971,0.270248
0.06,0.65 ,0.740767, 0.124088,0.135145,0.259233
0.06,0.66 ,0.751193, 0.12291,0.125898,0.248807
0.06,0.67 ,0.761035, 0.121744,0.117221,0.238965
0.06,0.68 ,0.770306, 0.120591,0.109103,0.229694
0.06,0.69 ,0.779024, 0.119452,0.101524,0.220976
0.06,0.7 ,0.78721, 0.118327,0.0944627,0.21279
0.06,0.71 ,0.79489, 0.117218,0.0878928,0.20511
0.06,0.72 ,0.802088, 0.116124,0.081788,0.197912
0.06,0.73 ,0.808832, 0.115048,0.0761205,0.191168
0.06,0.74 ,0.81515, 0.113988,0.0708625,0.18485
0.06,0.75 ,0.821067, 0.112946,0.0659865,0.178933
0.06,0.76 ,0.826612, 0.111922,0.0614661,0.173388
0.06,0.77 ,0.831808, 0.110916,0.0572756,0.168192
0.06,0.78 ,0.83668, 0.109929,0.0533909,0.16332
0.06,0.79 ,0.841251, 0.10896,0.049789,0.158749
0.06,0.8 ,0.845541, 0.10801,0.0464486,0.154459
0.06,0.81 ,0.849571, 0.107079,0.0433496,0.150429
0.06,0.82 ,0.85336, 0.106167,0.0404734,0.14664
0.06,0.83 ,0.856924, 0.105273,0.0378031,0.143076
0.06,0.84 ,0.860279, 0.104398,0.0353225,0.139721
0.06,0.85 ,0.863441, 0.103542,0.0330172,0.136559
0.06,0.86 ,0.866423, 0.102704,0.0308735,0.133577
0.06,0.87 ,0.869237, 0.101884,0.0288792,0.130763
0.06,0.88 ,0.871896, 0.101082,0.0270228,0.128104
0.06,0.89 ,0.874409, 0.100297,0.0252939,0.125591
0.06,0.9 ,0.876787, 0.0995298,0.0236828,0.123213
0.06,0.91 ,0.87904, 0.0987797,0.0221807,0.12096
0.06,0.92 ,0.881174, 0.0980462,0.0207796,0.118826
0.06,0.93 ,0.883199, 0.0973292,0.0194718,0.116801
0.06,0.94 ,0.885121, 0.0966282,0.0182508,0.114879
0.06,0.95 ,0.886947, 0.0959431,0.01711,0.113053
0.06,0.96 ,0.888683, 0.0952733,0.0160438,0.111317
0.06,0.97 ,0.890335, 0.0946186,0.0150468,0.109665
0.06,0.98 ,0.891907, 0.0939787,0.0141141,0.108093
0.06,0.99 ,0.893406, 0.0933531,0.0132412,0.106594
0.06,1 ,0.894834, 0.0927416,0.012424,0.105166
0.07,0 ,0.11026, 0.196004,0.693736,0.88974
0.07,0.01 ,0.113655, 0.195113,0.691232,0.886345
0.07,0.02 ,0.117162, 0.194216,0.688623,0.882838
0.07,0.03 ,0.120784, 0.193312,0.685905,0.879216
0.07,0.04 ,0.124525, 0.192401,0.683074,0.875475
0.07,0.05 ,0.128391, 0.191483,0.680126,0.871609
0.07,0.06 ,0.132385, 0.190558,0.677057,0.867615
0.07,0.07 ,0.136512, 0.189627,0.673861,0.863488
0.07,0.08 ,0.140777, 0.188688,0.670535,0.859223
0.07,0.09 ,0.145185, 0.187742,0.667073,0.854815
0.07,0.1 ,0.149742, 0.186789,0.663469,0.850258
0.07,0.11 ,0.154452, 0.185829,0.65972,0.845548
0.07,0.12 ,0.159321, 0.184861,0.655818,0.840679
0.07,0.13 ,0.164355, 0.183886,0.651759,0.835645
0.07,0.14 ,0.169561, 0.182904,0.647536,0.830439
0.07,0.15 ,0.174943, 0.181914,0.643143,0.825057
0.07,0.16 ,0.18051, 0.180916,0.638573,0.81949
0.07,0.17 ,0.186268, 0.179911,0.633821,0.813732
0.07,0.18 ,0.192223, 0.178898,0.628879,0.807777
0.07,0.19 ,0.198383, 0.177878,0.623739,0.801617
0.07,0.2 ,0.204755, 0.176849,0.618395,0.795245
0.07,0.21 ,0.211347, 0.175813,0.612839,0.788653
0.07,0.22 ,0.218167, 0.174769,0.607063,0.781833
0.07,0.23 ,0.225223, 0.173717,0.60106,0.774777
0.07,0.24 ,0.232522, 0.172658,0.59482,0.767478
0.07,0.25 ,0.240074, 0.17159,0.588336,0.759926
0.07,0.26 ,0.247888, 0.170514,0.581598,0.752112
0.07,0.27 ,0.25597, 0.169431,0.574599,0.74403
0.07,0.28 ,0.264332, 0.168339,0.56733,0.735668
0.07,0.29 ,0.27298, 0.167239,0.559781,0.72702
0.07,0.3 ,0.281925, 0.166132,0.551943,0.718075
0.07,0.31 ,0.291175, 0.165016,0.543809,0.708825
0.07,0.32 ,0.300738, 0.163893,0.53537,0.699262
0.07,0.33 ,0.310622, 0.162761,0.526617,0.689378
0.07,0.34 ,0.320836, 0.161622,0.517542,0.679164
0.07,0.35 ,0.331387, 0.160475,0.508138,0.668613
0.07,0.36 ,0.342281, 0.159321,0.498398,0.657719
0.07,0.37 ,0.353523, 0.158159,0.488318,0.646477
0.07,0.38 ,0.365119, 0.15699,0.477891,0.634881
0.07,0.39 ,0.377072, 0.155813,0.467115,0.622928
0.07,0.4 ,0.389382, 0.15463,0.455988,0.610618
0.07,0.41 ,0.402048, 0.15344,0.444512,0.597952
0.07,0.42 ,0.415068, 0.152243,0.432689,0.584932
0.07,0.43 ,0.428435, 0.151039,0.420526,0.571565
0.07,0.44 ,0.442139, 0.14983,0.408031,0.557861
0.07,0.45 ,0.456166, 0.148615,0.395219,0.543834
0.07,0.46 ,0.470498, 0.147395,0.382107,0.529502
0.07,0.47 ,0.485111, 0.14617,0.368719,0.514889
0.07,0.48 ,0.499977, 0.144941,0.355082,0.500023
0.07,0.49 ,0.515062, 0.143707,0.341231,0.484938
0.07,0.5 ,0.530324, 0.142471,0.327206,0.469676
0.07,0.51 ,0.545716, 0.141231,0.313053,0.454284
0.07,0.52 ,0.561185, 0.139989,0.298826,0.438815
0.07,0.53 ,0.576672, 0.138746,0.284582,0.423328
0.07,0.54 ,0.592113, 0.137502,0.270384,0.407887
0.07,0.55 ,0.607443, 0.136259,0.256299,0.392557
0.07,0.56 ,0.62259, 0.135016,0.242394,0.37741
0.07,0.57 ,0.637488, 0.133775,0.228738,0.362512
0.07,0.58 ,0.652067, 0.132537,0.215396,0.347933
0.07,0.59 ,0.666266, 0.131302,0.202432,0.333734
0.07,0.6 ,0.680027, 0.130073,0.1899,0.319973
0.07,0.61 ,0.693302, 0.128849,0.177849,0.306698
0.07,0.62 ,0.70605, 0.127632,0.166318,0.29395
0.07,0.63 ,0.71824, 0.126423,0.155336,0.28176
0.07,0.64 ,0.729854, 0.125223,0.144923,0.270146
0.07,0.65 ,0.74088, 0.124033,0.135087,0.25912
0.07,0.66 ,0.751315, 0.122854,0.125831,0.248685
0.07,0.67 ,0.761167, 0.121687,0.117146,0.238833
0.07,0.68 ,0.770447, 0.120533,0.109019,0.229553
0.07,0.69 ,0.779174, 0.119393,0.101433,0.220826
0.07,0.7 ,0.787368, 0.118267,0.0943645,0.212632
0.07,0.71 ,0.795055, 0.117157,0.0877881,0.204945
0.07,0.72 ,0.80226, 0.116062,0.0816772,0.19774
0.07,0.73 ,0.809011, 0.114985,0.0760041,0.190989
0.07,0.74 ,0.815335, 0.113924,0.070741,0.184665
0.07,0.75 ,0.821259, 0.112881,0.0658604,0.178741
0.07,0.76 ,0.826809, 0.111856,0.0613356,0.173191
0.07,0.77 ,0.83201, 0.110849,0.0571412,0.16799
0.07,0.78 ,0.836886, 0.109861,0.0532528,0.163114
0.07,0.79 ,0.841461, 0.108891,0.0496475,0.158539
0.07,0.8 ,0.845756, 0.10794,0.046304,0.154244
0.07,0.81 ,0.849789, 0.107008,0.0432022,0.150211
0.07,0.82 ,0.853581, 0.106095,0.0403235,0.146419
0.07,0.83 ,0.857149, 0.105201,0.0376507,0.142851
0.07,0.84 ,0.860507, 0.104325,0.035168,0.139493
0.07,0.85 ,0.863672, 0.103468,0.0328606,0.136328
0.07,0.86 ,0.866656, 0.102629,0.0307151,0.133344
0.07,0.87 ,0.869473, 0.101808,0.028719,0.130527
0.07,0.88 ,0.872134, 0.101005,0.026861,0.127866
0.07,0.89 ,0.87465, 0.100219,0.0251306,0.12535
0.07,0.9 ,0.87703, 0.0994514,0.0235181,0.12297
0.07,0.91 ,0.879285, 0.0987005,0.0220147,0.120715
0.07,0.92 ,0.881421, 0.0979663,0.0206124,0.118579
0.07,0.93 ,0.883448, 0.0972486,0.0193035,0.116552
0.07,0.94 ,0.885372, 0.096547,0.0180814,0.114628
0.07,0.95 ,0.887199, 0.0958611,0.0169396,0.112801
0.07,0.96 ,0.888937, 0.0951907,0.0158724,0.111063
0.07,0.97 ,0.89059, 0.0945354,0.0148746,0.10941
0.07,0.98 ,0.892164, 0.0938948,0.013941,0.107836
0.07,0.99 ,0.893664, 0.0932687,0.0130674,0.106336
0.07,1 ,0.895094, 0.0926566,0.0122494,0.104906
0.08,0 ,0.110229, 0.195986,0.693785,0.889771
0.08,0.01 ,0.113624, 0.195095,0.691281,0.886376
0.08,0.02 ,0.117129, 0.194197,0.688673,0.882871
0.08,0.03 ,0.120751, 0.193293,0.685956,0.879249
0.08,0.04 ,0.124492, 0.192382,0.683127,0.875508
0.08,0.05 ,0.128356, 0.191464,0.68018,0.871644
0.08,0.06 ,0.13235, 0.190539,0.677112,0.86765
0.08,0.07 ,0.136476, 0.189607,0.673917,0.863524
0.08,0.08 ,0.14074, 0.188668,0.670592,0.85926
0.08,0.09 ,0.145147, 0.187722,0.667131,0.854853
0.08,0.1 ,0.149703, 0.186769,0.663529,0.850297
0.08,0.11 ,0.154412, 0.185808,0.65978,0.845588
0.08,0.12 ,0.15928, 0.18484,0.65588,0.84072
0.08,0.13 ,0.164313, 0.183865,0.651822,0.835687
0.08,0.14 ,0.169518, 0.182882,0.6476,0.830482
0.08,0.15 ,0.1749, 0.181892,0.643208,0.8251
0.08,0.16 ,0.180466, 0.180894,0.63864,0.819534
