e1,e2,V,Rs,Rv,P
0,0 ,0.291257, 0.168254,0.540489,0.708743
0,0.01 ,0.29117, 0.168195,0.540635,0.70883
0,0.02 ,0.291082, 0.168136,0.540782,0.708918
0,0.03 ,0.290995, 0.168077,0.540929,0.709005
0,0.04 ,0.290907, 0.168018,0.541075,0.709093
0,0.05 ,0.290819, 0.167959,0.541221,0.709181
0,0.06 ,0.290731, 0.167901,0.541368,0.709269
0,0.07 ,0.290643, 0.167843,0.541514,0.709357
0,0.08 ,0.290556, 0.167785,0.541659,0.709444
0,0.09 ,0.290468, 0.167727,0.541805,0.709532
0,0.1 ,0.29038, 0.16767,0.54195,0.70962
0,0.11 ,0.290292, 0.167613,0.542096,0.709708
0,0.12 ,0.290204, 0.167556,0.542241,0.709796
0,0.13 ,0.290116, 0.167499,0.542385,0.709884
0,0.14 ,0.290028, 0.167442,0.54253,0.709972
0,0.15 ,0.28994, 0.167386,0.542674,0.71006
0,0.16 ,0.289852, 0.16733,0.542818,0.710148
0,0.17 ,0.289764, 0.167274,0.542962,0.710236
0,0.18 ,0.289676, 0.167218,0.543106,0.710324
0,0.19 ,0.289588, 0.167162,0.543249,0.710412
0,0.2 ,0.2895, 0.167107,0.543393,0.7105
0,0.21 ,0.289413, 0.167052,0.543535,0.710587
0,0.22 ,0.289325, 0.166997,0.543678,0.710675
0,0.23 ,0.289237, 0.166942,0.54382,0.710763
0,0.24 ,0.28915, 0.166888,0.543963,0.71085
0,0.25 ,0.289062, 0.166833,0.544104,0.710938
0,0.26 ,0.288975, 0.166779,0.544246,0.711025
0,0.27 ,0.288887, 0.166725,0.544387,0.711113
0,0.28 ,0.2888, 0.166672,0.544528,0.7112
0,0.29 ,0.288713, 0.166618,0.544669,0.711287
0,0.3 ,0.288626, 0.166565,0.544809,0.711374
0,0.31 ,0.288539, 0.166512,0.544949,0.711461
0,0.32 ,0.288452, 0.166459,0.545089,0.711548
0,0.33 ,0.288366, 0.166406,0.545229,0.711634
0,0.34 ,0.288279, 0.166353,0.545368,0.711721
0,0.35 ,0.288192, 0.166301,0.545507,0.711808
0,0.36 ,0.288106, 0.166249,0.545645,0.711894
0,0.37 ,0.28802, 0.166197,0.545783,0.71198
0,0.38 ,0.287934, 0.166145,0.545921,0.712066
0,0.39 ,0.287848, 0.166093,0.546059,0.712152
0,0.4 ,0.287762, 0.166042,0.546196,0.712238
0,0.41 ,0.287676, 0.165991,0.546333,0.712324
0,0.42 ,0.287591, 0.16594,0.54647,0.712409
0,0.43 ,0.287505, 0.165889,0.546606,0.712495
0,0.44 ,0.28742, 0.165838,0.546742,0.71258
0,0.45 ,0.287335, 0.165788,0.546877,0.712665
0,0.46 ,0.28725, 0.165737,0.547012,0.71275
0,0.47 ,0.287166, 0.165687,0.547147,0.712834
0,0.48 ,0.287081, 0.165637,0.547282,0.712919
0,0.49 ,0.286997, 0.165588,0.547416,0.713003
0,0.5 ,0.286912, 0.165538,0.547549,0.713088
0,0.51 ,0.286828, 0.165489,0.547683,0.713172
0,0.52 ,0.286744, 0.16544,0.547816,0.713256
0,0.53 ,0.286661, 0.165391,0.547949,0.713339
0,0.54 ,0.286577, 0.165342,0.548081,0.713423
0,0.55 ,0.286494, 0.165293,0.548213,0.713506
0,0.56 ,0.286411, 0.165245,0.548344,0.713589
0,0.57 ,0.286328, 0.165196,0.548476,0.713672
0,0.58 ,0.286245, 0.165148,0.548606,0.713755
0,0.59 ,0.286163, 0.1651,0.548737,0.713837
0,0.6 ,0.286081, 0.165053,0.548867,0.713919
0,0.61 ,0.285998, 0.165005,0.548997,0.714002
0,0.62 ,0.285917, 0.164958,0.549126,0.714083
0,0.63 ,0.285835, 0.16491,0.549255,0.714165
0,0.64 ,0.285753, 0.164863,0.549383,0.714247
0,0.65 ,0.285672, 0.164816,0.549511,0.714328
0,0.66 ,0.285591, 0.16477,0.549639,0.714409
0,0.67 ,0.28551, 0.164723,0.549767,0.71449
0,0.68 ,0.28543, 0.164677,0.549894,0.71457
0,0.69 ,0.285349, 0.164631,0.55002,0.714651
0,0.7 ,0.285269, 0.164585,0.550146,0.714731
0,0.71 ,0.285189, 0.164539,0.550272,0.714811
0,0.72 ,0.285109, 0.164493,0.550398,0.714891
0,0.73 ,0.28503, 0.164448,0.550523,0.71497
0,0.74 ,0.28495, 0.164402,0.550647,0.71505
0,0.75 ,0.284871, 0.164357,0.550772,0.715129
0,0.76 ,0.284792, 0.164312,0.550896,0.715208
0,0.77 ,0.284714, 0.164267,0.551019,0.715286
0,0.78 ,0.284635, 0.164222,0.551142,0.715365
0,0.79 ,0.284557, 0.164178,0.551265,0.715443
0,0.8 ,0.284479, 0.164133,0.551387,0.715521
0,0.81 ,0.284402, 0.164089,0.551509,0.715598
0,0.82 ,0.284324, 0.164045,0.551631,0.715676
0,0.83 ,0.284247, 0.164001,0.551752,0.715753
0,0.84 ,0.28417, 0.163957,0.551872,0.71583
0,0.85 ,0.284093, 0.163914,0.551993,0.715907
0,0.86 ,0.284017, 0.16387,0.552113,0.715983
0,0.87 ,0.283941, 0.163827,0.552232,0.716059
0,0.88 ,0.283865, 0.163784,0.552351,0.716135
0,0.89 ,0.283789, 0.163741,0.55247,0.716211
0,0.9 ,0.283713, 0.163698,0.552588,0.716287
0,0.91 ,0.283638, 0.163656,0.552706,0.716362
0,0.92 ,0.283563, 0.163613,0.552824,0.716437
0,0.93 ,0.283488, 0.163571,0.552941,0.716512
0,0.94 ,0.283414, 0.163529,0.553058,0.716586
0,0.95 ,0.283339, 0.163487,0.553174,0.716661
0,0.96 ,0.283265, 0.163445,0.55329,0.716735
0,0.97 ,0.283191, 0.163403,0.553405,0.716809
0,0.98 ,0.283118, 0.163361,0.553521,0.716882
0,0.99 ,0.283045, 0.16332,0.553635,0.716955
0,1 ,0.282971, 0.163279,0.55375,0.717029
0.01,0 ,0.298122, 0.167356,0.534522,0.701878
0.01,0.01 ,0.298034, 0.167296,0.53467,0.701966
0.01,0.02 ,0.297946, 0.167235,0.534819,0.702054
0.01,0.03 ,0.297858, 0.167175,0.534967,0.702142
0.01,0.04 ,0.297769, 0.167116,0.535115,0.702231
0.01,0.05 ,0.297681, 0.167056,0.535263,0.702319
0.01,0.06 ,0.297592, 0.166997,0.535411,0.702408
0.01,0.07 ,0.297504, 0.166938,0.535558,0.702496
0.01,0.08 ,0.297415, 0.166879,0.535706,0.702585
0.01,0.09 ,0.297327, 0.16682,0.535853,0.702673
0.01,0.1 ,0.297238, 0.166762,0.536,0.702762
0.01,0.11 ,0.297149, 0.166704,0.536147,0.702851
0.01,0.12 ,0.29706, 0.166646,0.536294,0.70294
0.01,0.13 ,0.296972, 0.166588,0.53644,0.703028
0.01,0.14 ,0.296883, 0.166531,0.536587,0.703117
0.01,0.15 ,0.296794, 0.166473,0.536733,0.703206
0.01,0.16 ,0.296705, 0.166416,0.536879,0.703295
0.01,0.17 ,0.296616, 0.166359,0.537024,0.703384
0.01,0.18 ,0.296528, 0.166303,0.53717,0.703472
0.01,0.19 ,0.296439, 0.166246,0.537315,0.703561
0.01,0.2 ,0.29635, 0.16619,0.53746,0.70365
0.01,0.21 ,0.296262, 0.166134,0.537605,0.703738
0.01,0.22 ,0.296173, 0.166078,0.537749,0.703827
0.01,0.23 ,0.296084, 0.166022,0.537893,0.703916
0.01,0.24 ,0.295996, 0.165967,0.538037,0.704004
0.01,0.25 ,0.295907, 0.165912,0.538181,0.704093
0.01,0.26 ,0.295819, 0.165857,0.538324,0.704181
0.01,0.27 ,0.295731, 0.165802,0.538468,0.704269
0.01,0.28 ,0.295642, 0.165747,0.53861,0.704358
0.01,0.29 ,0.295554, 0.165693,0.538753,0.704446
0.01,0.3 ,0.295466, 0.165639,0.538895,0.704534
0.01,0.31 ,0.295378, 0.165584,0.539037,0.704622
0.01,0.32 ,0.295291, 0.165531,0.539179,0.704709
0.01,0.33 ,0.295203, 0.165477,0.53932,0.704797
0.01,0.34 ,0.295115, 0.165424,0.539461,0.704885
0.01,0.35 ,0.295028, 0.16537,0.539602,0.704972
0.01,0.36 ,0.29494, 0.165317,0.539742,0.70506
0.01,0.37 ,0.294853, 0.165265,0.539882,0.705147
0.01,0.38 ,0.294766, 0.165212,0.540022,0.705234
0.01,0.39 ,0.294679, 0.16516,0.540162,0.705321
0.01,0.4 ,0.294592, 0.165107,0.540301,0.705408
0.01,0.41 ,0.294505, 0.165055,0.540439,0.705495
0.01,0.42 ,0.294419, 0.165003,0.540578,0.705581
0.01,0.43 ,0.294332, 0.164952,0.540716,0.705668
0.01,0.44 ,0.294246, 0.1649,0.540854,0.705754
0.01,0.45 ,0.29416, 0.164849,0.540991,0.70584
0.01,0.46 ,0.294074, 0.164798,0.541128,0.705926
0.01,0.47 ,0.293988, 0.164747,0.541265,0.706012
0.01,0.48 ,0.293902, 0.164696,0.541401,0.706098
0.01,0.49 ,0.293817, 0.164646,0.541537,0.706183
0.01,0.5 ,0.293732, 0.164596,0.541673,0.706268
0.01,0.51 ,0.293646, 0.164545,0.541808,0.706354
0.01,0.52 ,0.293562, 0.164495,0.541943,0.706438
0.01,0.53 ,0.293477, 0.164446,0.542078,0.706523
0.01,0.54 ,0.293392, 0.164396,0.542212,0.706608
0.01,0.55 ,0.293308, 0.164347,0.542346,0.706692
0.01,0.56 ,0.293224, 0.164297,0.542479,0.706776
0.01,0.57 ,0.29314, 0.164248,0.542612,0.70686
0.01,0.58 ,0.293056, 0.1642,0.542745,0.706944
0.01,0.59 ,0.292972, 0.164151,0.542877,0.707028
0.01,0.6 ,0.292889, 0.164102,0.543009,0.707111
0.01,0.61 ,0.292806, 0.164054,0.54314,0.707194
0.01,0.62 ,0.292722, 0.164006,0.543272,0.707278
0.01,0.63 ,0.29264, 0.163958,0.543402,0.70736
0.01,0.64 ,0.292557, 0.16391,0.543533,0.707443
0.01,0.65 ,0.292475, 0.163863,0.543663,0.707525
0.01,0.66 ,0.292393, 0.163815,0.543792,0.707607
0.01,0.67 ,0.292311, 0.163768,0.543922,0.707689
0.01,0.68 ,0.292229, 0.163721,0.54405,0.707771
0.01,0.69 ,0.292147, 0.163674,0.544179,0.707853
0.01,0.7 ,0.292066, 0.163627,0.544307,0.707934
0.01,0.71 ,0.291985, 0.163581,0.544435,0.708015
0.01,0.72 ,0.291904, 0.163534,0.544562,0.708096
0.01,0.73 ,0.291823, 0.163488,0.544689,0.708177
0.01,0.74 ,0.291743, 0.163442,0.544815,0.708257
0.01,0.75 ,0.291663, 0.163396,0.544941,0.708337
0.01,0.76 ,0.291583, 0.16335,0.545067,0.708417
0.01,0.77 ,0.291503, 0.163305,0.545192,0.708497
0.01,0.78 ,0.291424, 0.163259,0.545317,0.708576
0.01,0.79 ,0.291344, 0.163214,0.545442,0.708656
0.01,0.8 ,0.291265, 0.163169,0.545566,0.708735
0.01,0.81 ,0.291187, 0.163124,0.545689,0.708813
0.01,0.82 ,0.291108, 0.163079,0.545813,0.708892
0.01,0.83 ,0.29103, 0.163035,0.545935,0.70897
0.01,0.84 ,0.290952, 0.16299,0.546058,0.709048
0.01,0.85 ,0.290874, 0.162946,0.54618,0.709126
0.01,0.86 ,0.290796, 0.162902,0.546302,0.709204
0.01,0.87 ,0.290719, 0.162858,0.546423,0.709281
0.01,0.88 ,0.290642, 0.162814,0.546544,0.709358
0.01,0.89 ,0.290565, 0.162771,0.546664,0.709435
0.01,0.9 ,0.290488, 0.162727,0.546784,0.709512
0.01,0.91 ,0.290412, 0.162684,0.546904,0.709588
0.01,0.92 ,0.290336, 0.162641,0.547023,0.709664
0.01,0.93 ,0.29026, 0.162598,0.547142,0.70974
0.01,0.94 ,0.290184, 0.162555,0.547261,0.709816
0.01,0.95 ,0.290109, 0.162513,0.547379,0.709891
0.01,0.96 ,0.290034, 0.16247,0.547496,0.709966
0.01,0.97 ,0.289959, 0.162428,0.547613,0.710041
0.01,0.98 ,0.289884, 0.162386,0.54773,0.710116
0.01,0.99 ,0.28981, 0.162344,0.547847,0.71019
0.01,1 ,0.289736, 0.162302,0.547963,0.710264
0.02,0 ,0.305158, 0.166454,0.528388,0.694842
0.02,0.01 ,0.305069, 0.166393,0.528538,0.694931
0.02,0.02 ,0.30498, 0.166331,0.528688,0.69502
0.02,0.03 ,0.304892, 0.166271,0.528838,0.695108
0.02,0.04 ,0.304803, 0.16621,0.528988,0.695197
0.02,0.05 ,0.304714, 0.166149,0.529137,0.695286
0.02,0.06 ,0.304625, 0.166089,0.529286,0.695375
0.02,0.07 ,0.304535, 0.166029,0.529436,0.695465
0.02,0.08 ,0.304446, 0.165969,0.529585,0.695554
0.02,0.09 ,0.304357, 0.16591,0.529734,0.695643
0.02,0.1 ,0.304267, 0.16585,0.529883,0.695733
0.02,0.11 ,0.304178, 0.165791,0.530031,0.695822
0.02,0.12 ,0.304088, 0.165732,0.53018,0.695912
0.02,0.13 ,0.303999, 0.165673,0.530328,0.696001
0.02,0.14 ,0.303909, 0.165615,0.530476,0.696091
0.02,0.15 ,0.30382, 0.165557,0.530624,0.69618
0.02,0.16 ,0.30373, 0.165498,0.530771,0.69627
0.02,0.17 ,0.303641, 0.165441,0.530919,0.696359
0.02,0.18 ,0.303551, 0.165383,0.531066,0.696449
0.02,0.19 ,0.303462, 0.165326,0.531213,0.696538
0.02,0.2 ,0.303372, 0.165268,0.53136,0.696628
0.02,0.21 ,0.303283, 0.165211,0.531506,0.696717
0.02,0.22 ,0.303193, 0.165155,0.531652,0.696807
0.02,0.23 ,0.303104, 0.165098,0.531798,0.696896
0.02,0.24 ,0.303014, 0.165042,0.531944,0.696986
0.02,0.25 ,0.302925, 0.164986,0.532089,0.697075
0.02,0.26 ,0.302836, 0.16493,0.532235,0.697164
0.02,0.27 ,0.302747, 0.164874,0.53238,0.697253
0.02,0.28 ,0.302657, 0.164818,0.532524,0.697343
0.02,0.29 ,0.302568, 0.164763,0.532669,0.697432
0.02,0.3 ,0.302479, 0.164708,0.532813,0.697521
0.02,0.31 ,0.302391, 0.164653,0.532956,0.697609
0.02,0.32 ,0.302302, 0.164598,0.5331,0.697698
0.02,0.33 ,0.302213, 0.164544,0.533243,0.697787
0.02,0.34 ,0.302124, 0.16449,0.533386,0.697876
0.02,0.35 ,0.302036, 0.164436,0.533528,0.697964
0.02,0.36 ,0.301948, 0.164382,0.533671,0.698052
0.02,0.37 ,0.301859, 0.164328,0.533813,0.698141
0.02,0.38 ,0.301771, 0.164275,0.533954,0.698229
0.02,0.39 ,0.301683, 0.164221,0.534095,0.698317
0.02,0.4 ,0.301595, 0.164168,0.534236,0.698405
0.02,0.41 ,0.301508, 0.164115,0.534377,0.698492
0.02,0.42 ,0.30142, 0.164063,0.534517,0.69858
0.02,0.43 ,0.301333, 0.16401,0.534657,0.698667
0.02,0.44 ,0.301245, 0.163958,0.534797,0.698755
0.02,0.45 ,0.301158, 0.163906,0.534936,0.698842
0.02,0.46 ,0.301071, 0.163854,0.535075,0.698929
0.02,0.47 ,0.300984, 0.163802,0.535214,0.699016
0.02,0.48 ,0.300898, 0.163751,0.535352,0.699102
0.02,0.49 ,0.300811, 0.163699,0.53549,0.699189
0.02,0.5 ,0.300725, 0.163648,0.535627,0.699275
0.02,0.51 ,0.300639, 0.163597,0.535764,0.699361
0.02,0.52 ,0.300553, 0.163547,0.535901,0.699447
0.02,0.53 ,0.300467, 0.163496,0.536037,0.699533
0.02,0.54 ,0.300381, 0.163446,0.536173,0.699619
0.02,0.55 ,0.300296, 0.163395,0.536309,0.699704
0.02,0.56 ,0.30021, 0.163345,0.536444,0.69979
0.02,0.57 ,0.300125, 0.163296,0.536579,0.699875
0.02,0.58 ,0.30004, 0.163246,0.536714,0.69996
0.02,0.59 ,0.299956, 0.163197,0.536848,0.700044
0.02,0.6 ,0.299871, 0.163147,0.536982,0.700129
0.02,0.61 ,0.299787, 0.163098,0.537115,0.700213
0.02,0.62 ,0.299703, 0.163049,0.537248,0.700297
0.02,0.63 ,0.299619, 0.163001,0.537381,0.700381
0.02,0.64 ,0.299535, 0.162952,0.537513,0.700465
0.02,0.65 ,0.299452, 0.162904,0.537645,0.700548
0.02,0.66 ,0.299369, 0.162855,0.537776,0.700631
0.02,0.67 ,0.299285, 0.162807,0.537907,0.700715
0.02,0.68 ,0.299203, 0.16276,0.538038,0.700797
0.02,0.69 ,0.29912, 0.162712,0.538168,0.70088
0.02,0.7 ,0.299038, 0.162665,0.538298,0.700962
0.02,0.71 ,0.298955, 0.162617,0.538427,0.701045
0.02,0.72 ,0.298874, 0.16257,0.538556,0.701126
0.02,0.73 ,0.298792, 0.162523,0.538685,0.701208
0.02,0.74 ,0.29871, 0.162476,0.538813,0.70129
0.02,0.75 ,0.298629, 0.16243,0.538941,0.701371
0.02,0.76 ,0.298548, 0.162383,0.539069,0.701452
0.02,0.77 ,0.298467, 0.162337,0.539196,0.701533
0.02,0.78 ,0.298387, 0.162291,0.539322,0.701613
0.02,0.79 ,0.298306, 0.162245,0.539449,0.701694
0.02,0.8 ,0.298226, 0.162199,0.539574,0.701774
0.02,0.81 ,0.298146, 0.162154,0.5397,0.701854
0.02,0.82 ,0.298067, 0.162108,0.539825,0.701933
0.02,0.83 ,0.297987, 0.162063,0.53995,0.702013
0.02,0.84 ,0.297908, 0.162018,0.540074,0.702092
0.02,0.85 ,0.297829, 0.161973,0.540198,0.702171
0.02,0.86 ,0.297751, 0.161928,0.540321,0.702249
0.02,0.87 ,0.297672, 0.161884,0.540444,0.702328
0.02,0.88 ,0.297594, 0.161839,0.540567,0.702406
0.02,0.89 ,0.297516, 0.161795,0.540689,0.702484
0.02,0.9 ,0.297438, 0.161751,0.540811,0.702562
0.02,0.91 ,0.297361, 0.161707,0.540932,0.702639
0.02,0.92 ,0.297284, 0.161663,0.541053,0.702716
0.02,0.93 ,0.297207, 0.16162,0.541173,0.702793
0.02,0.94 ,0.29713, 0.161576,0.541294,0.70287
0.02,0.95 ,0.297054, 0.161533,0.541413,0.702946
0.02,0.96 ,0.296977, 0.16149,0.541533,0.703023
0.02,0.97 ,0.296901, 0.161447,0.541652,0.703099
0.02,0.98 ,0.296826, 0.161404,0.54177,0.703174
0.02,0.99 ,0.29675, 0.161361,0.541888,0.70325
0.02,1 ,0.296675, 0.161319,0.542006,0.703325
0.03,0 ,0.312367, 0.165549,0.522085,0.687633
0.03,0.01 ,0.312278, 0.165486,0.522236,0.687722
0.03,0.02 ,0.312189, 0.165424,0.522387,0.687811
0.03,0.03 ,0.312099, 0.165362,0.522539,0.687901
0.03,0.04 ,0.31201, 0.1653,0.52269,0.68799
0.03,0.05 ,0.311921, 0.165239,0.522841,0.688079
0.03,0.06 ,0.311831, 0.165177,0.522992,0.688169
0.03,0.07 ,0.311741, 0.165116,0.523142,0.688259
0.03,0.08 ,0.311651, 0.165056,0.523293,0.688349
0.03,0.09 ,0.311562, 0.164995,0.523444,0.688438
0.03,0.1 ,0.311472, 0.164935,0.523594,0.688528
0.03,0.11 ,0.311382, 0.164874,0.523744,0.688618
0.03,0.12 ,0.311291, 0.164814,0.523894,0.688709
0.03,0.13 ,0.311201, 0.164755,0.524044,0.688799
0.03,0.14 ,0.311111, 0.164695,0.524194,0.688889
0.03,0.15 ,0.311021, 0.164636,0.524343,0.688979
0.03,0.16 ,0.310931, 0.164577,0.524492,0.689069
0.03,0.17 ,0.310841, 0.164518,0.524641,0.689159
0.03,0.18 ,0.31075, 0.16446,0.52479,0.68925
0.03,0.19 ,0.31066, 0.164401,0.524939,0.68934
0.03,0.2 ,0.31057, 0.164343,0.525087,0.68943
0.03,0.21 ,0.31048, 0.164285,0.525235,0.68952
0.03,0.22 ,0.310389, 0.164227,0.525383,0.689611
0.03,0.23 ,0.310299, 0.16417,0.525531,0.689701
0.03,0.24 ,0.310209, 0.164113,0.525678,0.689791
0.03,0.25 ,0.310119, 0.164055,0.525826,0.689881
0.03,0.26 ,0.310029, 0.163999,0.525973,0.689971
0.03,0.27 ,0.309939, 0.163942,0.526119,0.690061
0.03,0.28 ,0.309849, 0.163886,0.526266,0.690151
0.03,0.29 ,0.309759, 0.163829,0.526412,0.690241
0.03,0.3 ,0.309669, 0.163773,0.526558,0.690331
0.03,0.31 ,0.309579, 0.163718,0.526703,0.690421
0.03,0.32 ,0.30949, 0.163662,0.526848,0.69051
0.03,0.33 ,0.3094, 0.163607,0.526993,0.6906
0.03,0.34 ,0.309311, 0.163551,0.527138,0.690689
0.03,0.35 ,0.309221, 0.163496,0.527282,0.690779
0.03,0.36 ,0.309132, 0.163442,0.527426,0.690868
0.03,0.37 ,0.309043, 0.163387,0.52757,0.690957
0.03,0.38 ,0.308954, 0.163333,0.527713,0.691046
0.03,0.39 ,0.308865, 0.163279,0.527856,0.691135
0.03,0.4 ,0.308776, 0.163225,0.527999,0.691224
0.03,0.41 ,0.308687, 0.163171,0.528142,0.691313
0.03,0.42 ,0.308599, 0.163117,0.528284,0.691401
0.03,0.43 ,0.30851, 0.163064,0.528425,0.69149
0.03,0.44 ,0.308422, 0.163011,0.528567,0.691578
0.03,0.45 ,0.308334, 0.162958,0.528708,0.691666
0.03,0.46 ,0.308246, 0.162905,0.528849,0.691754
0.03,0.47 ,0.308158, 0.162853,0.528989,0.691842
0.03,0.48 ,0.308071, 0.1628,0.529129,0.691929
0.03,0.49 ,0.307983, 0.162748,0.529269,0.692017
0.03,0.5 ,0.307896, 0.162696,0.529408,0.692104
0.03,0.51 ,0.307809, 0.162645,0.529547,0.692191
0.03,0.52 ,0.307722, 0.162593,0.529686,0.692278
0.03,0.53 ,0.307635, 0.162542,0.529824,0.692365
0.03,0.54 ,0.307548, 0.16249,0.529962,0.692452
0.03,0.55 ,0.307462, 0.162439,0.530099,0.692538
0.03,0.56 ,0.307375, 0.162389,0.530236,0.692625
0.03,0.57 ,0.307289, 0.162338,0.530373,0.692711
0.03,0.58 ,0.307203, 0.162288,0.530509,0.692797
0.03,0.59 ,0.307118, 0.162237,0.530645,0.692882
0.03,0.6 ,0.307032, 0.162187,0.530781,0.692968
0.03,0.61 ,0.306947, 0.162137,0.530916,0.693053
0.03,0.62 ,0.306862, 0.162088,0.531051,0.693138
0.03,0.63 ,0.306777, 0.162038,0.531185,0.693223
0.03,0.64 ,0.306692, 0.161989,0.531319,0.693308
0.03,0.65 ,0.306607, 0.16194,0.531453,0.693393
0.03,0.66 ,0.306523, 0.161891,0.531586,0.693477
0.03,0.67 ,0.306439, 0.161842,0.531719,0.693561
0.03,0.68 ,0.306355, 0.161794,0.531851,0.693645
0.03,0.69 ,0.306271, 0.161745,0.531983,0.693729
0.03,0.7 ,0.306188, 0.161697,0.532115,0.693812
0.03,0.71 ,0.306105, 0.161649,0.532246,0.693895
0.03,0.72 ,0.306022, 0.161601,0.532377,0.693978
0.03,0.73 ,0.305939, 0.161553,0.532507,0.694061
0.03,0.74 ,0.305857, 0.161506,0.532637,0.694143
0.03,0.75 ,0.305774, 0.161459,0.532767,0.694226
0.03,0.76 ,0.305692, 0.161412,0.532896,0.694308
0.03,0.77 ,0.30561, 0.161365,0.533025,0.69439
0.03,0.78 ,0.305529, 0.161318,0.533154,0.694471
0.03,0.79 ,0.305447, 0.161271,0.533282,0.694553
0.03,0.8 ,0.305366, 0.161225,0.533409,0.694634
0.03,0.81 ,0.305285, 0.161178,0.533536,0.694715
0.03,0.82 ,0.305204, 0.161132,0.533663,0.694796
0.03,0.83 ,0.305124, 0.161086,0.53379,0.694876
0.03,0.84 ,0.305044, 0.161041,0.533916,0.694956
0.03,0.85 ,0.304964, 0.160995,0.534041,0.695036
0.03,0.86 ,0.304884, 0.16095,0.534166,0.695116
0.03,0.87 ,0.304805, 0.160904,0.534291,0.695195
0.03,0.88 ,0.304725, 0.160859,0.534415,0.695275
0.03,0.89 ,0.304646, 0.160814,0.534539,0.695354
0.03,0.9 ,0.304568, 0.16077,0.534663,0.695432
0.03,0.91 ,0.304489, 0.160725,0.534786,0.695511
0.03,0.92 ,0.304411, 0.160681,0.534908,0.695589
0.03,0.93 ,0.304333, 0.160636,0.535031,0.695667
0.03,0.94 ,0.304255, 0.160592,0.535153,0.695745
0.03,0.95 ,0.304178, 0.160548,0.535274,0.695822
0.03,0.96 ,0.304101, 0.160504,0.535395,0.695899
0.03,0.97 ,0.304024, 0.160461,0.535516,0.695976
0.03,0.98 ,0.303947, 0.160417,0.535636,0.696053
0.03,0.99 ,0.30387, 0.160374,0.535756,0.69613
0.03,1 ,0.303794, 0.160331,0.535875,0.696206
0.04,0 ,0.319753, 0.16464,0.515607,0.680247
0.04,0.01 ,0.319663, 0.164576,0.51576,0.680337
0.04,0.02 ,0.319574, 0.164513,0.515913,0.680426
0.04,0.03 ,0.319485, 0.16445,0.516065,0.680515
0.04,0.04 ,0.319395, 0.164387,0.516218,0.680605
0.04,0.05 ,0.319305, 0.164325,0.51637,0.680695
0.04,0.06 ,0.319215, 0.164262,0.516523,0.680785
0.04,0.07 ,0.319125, 0.1642,0.516675,0.680875
0.04,0.08 ,0.319035, 0.164138,0.516827,0.680965
0.04,0.09 ,0.318945, 0.164077,0.516979,0.681055
0.04,0.1 ,0.318854, 0.164015,0.517131,0.681146
0.04,0.11 ,0.318764, 0.163954,0.517282,0.681236
0.04,0.12 ,0.318673, 0.163893,0.517434,0.681327
0.04,0.13 ,0.318583, 0.163832,0.517585,0.681417
0.04,0.14 ,0.318492, 0.163772,0.517736,0.681508
0.04,0.15 ,0.318401, 0.163712,0.517887,0.681599
0.04,0.16 ,0.31831, 0.163652,0.518038,0.68169
0.04,0.17 ,0.31822, 0.163592,0.518189,0.68178
0.04,0.18 ,0.318129, 0.163532,0.518339,0.681871
0.04,0.19 ,0.318038, 0.163473,0.518489,0.681962
0.04,0.2 ,0.317947, 0.163414,0.518639,0.682053
0.04,0.21 ,0.317856, 0.163355,0.518789,0.682144
0.04,0.22 ,0.317765, 0.163296,0.518939,0.682235
0.04,0.23 ,0.317674, 0.163238,0.519088,0.682326
0.04,0.24 ,0.317584, 0.163179,0.519237,0.682416
0.04,0.25 ,0.317493, 0.163121,0.519386,0.682507
0.04,0.26 ,0.317402, 0.163064,0.519535,0.682598
0.04,0.27 ,0.317311, 0.163006,0.519683,0.682689
0.04,0.28 ,0.31722, 0.162949,0.519831,0.68278
0.04,0.29 ,0.31713, 0.162891,0.519979,0.68287
0.04,0.3 ,0.317039, 0.162835,0.520126,0.682961
0.04,0.31 ,0.316949, 0.162778,0.520273,0.683051
0.04,0.32 ,0.316858, 0.162721,0.52042,0.683142
0.04,0.33 ,0.316768, 0.162665,0.520567,0.683232
0.04,0.34 ,0.316678, 0.162609,0.520713,0.683322
0.04,0.35 ,0.316587, 0.162553,0.52086,0.683413
0.04,0.36 ,0.316497, 0.162497,0.521005,0.683503
0.04,0.37 ,0.316407, 0.162442,0.521151,0.683593
0.04,0.38 ,0.316317, 0.162387,0.521296,0.683683
0.04,0.39 ,0.316228, 0.162332,0.521441,0.683772
0.04,0.4 ,0.316138, 0.162277,0.521585,0.683862
0.04,0.41 ,0.316048, 0.162222,0.521729,0.683952
0.04,0.42 ,0.315959, 0.162168,0.521873,0.684041
0.04,0.43 ,0.31587, 0.162114,0.522017,0.68413
0.04,0.44 ,0.315781, 0.16206,0.52216,0.684219
0.04,0.45 ,0.315691, 0.162006,0.522303,0.684309
0.04,0.46 ,0.315603, 0.161952,0.522445,0.684397
0.04,0.47 ,0.315514, 0.161899,0.522587,0.684486
0.04,0.48 ,0.315425, 0.161846,0.522729,0.684575
0.04,0.49 ,0.315337, 0.161793,0.522871,0.684663
0.04,0.5 ,0.315249, 0.16174,0.523012,0.684751
0.04,0.51 ,0.31516, 0.161687,0.523152,0.68484
0.04,0.52 ,0.315073, 0.161635,0.523293,0.684927
0.04,0.53 ,0.314985, 0.161583,0.523433,0.685015
0.04,0.54 ,0.314897, 0.161531,0.523572,0.685103
0.04,0.55 ,0.31481, 0.161479,0.523712,0.68519
0.04,0.56 ,0.314722, 0.161427,0.52385,0.685278
0.04,0.57 ,0.314635, 0.161376,0.523989,0.685365
0.04,0.58 ,0.314548, 0.161325,0.524127,0.685452
0.04,0.59 ,0.314462, 0.161274,0.524265,0.685538
0.04,0.6 ,0.314375, 0.161223,0.524402,0.685625
0.04,0.61 ,0.314289, 0.161172,0.524539,0.685711
0.04,0.62 ,0.314203, 0.161122,0.524676,0.685797
0.04,0.63 ,0.314117, 0.161071,0.524812,0.685883
0.04,0.64 ,0.314031, 0.161021,0.524948,0.685969
0.04,0.65 ,0.313946, 0.160971,0.525083,0.686054
0.04,0.66 ,0.31386, 0.160922,0.525218,0.68614
0.04,0.67 ,0.313775, 0.160872,0.525353,0.686225
0.04,0.68 ,0.313691, 0.160823,0.525487,0.686309
0.04,0.69 ,0.313606, 0.160774,0.525621,0.686394
0.04,0.7 ,0.313521, 0.160725,0.525754,0.686479
0.04,0.71 ,0.313437, 0.160676,0.525887,0.686563
0.04,0.72 ,0.313353, 0.160627,0.52602,0.686647
0.04,0.73 ,0.313269, 0.160579,0.526152,0.686731
0.04,0.74 ,0.313186, 0.160531,0.526284,0.686814
0.04,0.75 ,0.313103, 0.160483,0.526415,0.686897
0.04,0.76 ,0.313019, 0.160435,0.526546,0.686981
0.04,0.77 ,0.312937, 0.160387,0.526676,0.687063
0.04,0.78 ,0.312854, 0.160339,0.526807,0.687146
0.04,0.79 ,0.312772, 0.160292,0.526936,0.687228
0.04,0.8 ,0.312689, 0.160245,0.527066,0.687311
0.04,0.81 ,0.312607, 0.160198,0.527195,0.687393
0.04,0.82 ,0.312526, 0.160151,0.527323,0.687474
0.04,0.83 ,0.312444, 0.160104,0.527451,0.687556
0.04,0.84 ,0.312363, 0.160058,0.527579,0.687637
0.04,0.85 ,0.312282, 0.160012,0.527706,0.687718
0.04,0.86 ,0.312201, 0.159966,0.527833,0.687799
0.04,0.87 ,0.312121, 0.15992,0.52796,0.687879
0.04,0.88 ,0.312041, 0.159874,0.528086,0.687959
0.04,0.89 ,0.311961, 0.159828,0.528211,0.688039
0.04,0.9 ,0.311881, 0.159783,0.528336,0.688119
0.04,0.91 ,0.311801, 0.159737,0.528461,0.688199
0.04,0.92 ,0.311722, 0.159692,0.528585,0.688278
0.04,0.93 ,0.311643, 0.159647,0.528709,0.688357
0.04,0.94 ,0.311564, 0.159603,0.528833,0.688436
0.04,0.95 ,0.311486, 0.159558,0.528956,0.688514
0.04,0.96 ,0.311408, 0.159514,0.529079,0.688592
0.04,0.97 ,0.31133, 0.159469,0.529201,0.68867
0.04,0.98 ,0.311252, 0.159425,0.529323,0.688748
0.04,0.99 ,0.311175, 0.159381,0.529444,0.688825
0.04,1 ,0.311097, 0.159337,0.529565,0.688903
0.05,0 ,0.327319, 0.163728,0.508953,0.672681
0.05,0.01 ,0.32723, 0.163663,0.509107,0.67277
0.05,0.02 ,0.32714, 0.163599,0.509261,0.67286
0.05,0.03 ,0.327051, 0.163535,0.509415,0.672949
0.05,0.04 ,0.326961, 0.163471,0.509568,0.673039
0.05,0.05 ,0.326871, 0.163407,0.509722,0.673129
0.05,0.06 ,0.326781, 0.163344,0.509876,0.673219
0.05,0.07 ,0.32669, 0.163281,0.510029,0.67331
0.05,0.08 ,0.3266, 0.163218,0.510182,0.6734
0.05,0.09 ,0.326509, 0.163155,0.510336,0.673491
0.05,0.1 ,0.326419, 0.163092,0.510489,0.673581
0.05,0.11 ,0.326328, 0.16303,0.510642,0.673672
0.05,0.12 ,0.326237, 0.162968,0.510795,0.673763
0.05,0.13 ,0.326146, 0.162906,0.510948,0.673854
0.05,0.14 ,0.326055, 0.162845,0.5111,0.673945
0.05,0.15 ,0.325964, 0.162784,0.511253,0.674036
0.05,0.16 ,0.325873, 0.162723,0.511405,0.674127
0.05,0.17 ,0.325781, 0.162662,0.511557,0.674219
0.05,0.18 ,0.32569, 0.162601,0.511709,0.67431
0.05,0.19 ,0.325599, 0.162541,0.511861,0.674401
0.05,0.2 ,0.325507, 0.162481,0.512012,0.674493
0.05,0.21 ,0.325416, 0.162421,0.512163,0.674584
0.05,0.22 ,0.325324, 0.162361,0.512315,0.674676
0.05,0.23 ,0.325233, 0.162302,0.512465,0.674767
0.05,0.24 ,0.325142, 0.162242,0.512616,0.674858
0.05,0.25 ,0.32505, 0.162183,0.512767,0.67495
0.05,0.26 ,0.324959, 0.162125,0.512917,0.675041
0.05,0.27 ,0.324867, 0.162066,0.513067,0.675133
0.05,0.28 ,0.324776, 0.162008,0.513216,0.675224
0.05,0.29 ,0.324685, 0.16195,0.513366,0.675315
0.05,0.3 ,0.324594, 0.161892,0.513515,0.675406
0.05,0.31 ,0.324502, 0.161834,0.513664,0.675498
0.05,0.32 ,0.324411, 0.161777,0.513812,0.675589
0.05,0.33 ,0.32432, 0.161719,0.513961,0.67568
0.05,0.34 ,0.324229, 0.161662,0.514109,0.675771
0.05,0.35 ,0.324138, 0.161606,0.514256,0.675862
0.05,0.36 ,0.324047, 0.161549,0.514404,0.675953
0.05,0.37 ,0.323957, 0.161493,0.514551,0.676043
0.05,0.38 ,0.323866, 0.161436,0.514698,0.676134
0.05,0.39 ,0.323775, 0.16138,0.514844,0.676225
0.05,0.4 ,0.323685, 0.161325,0.51499,0.676315
0.05,0.41 ,0.323595, 0.161269,0.515136,0.676405
0.05,0.42 ,0.323504, 0.161214,0.515282,0.676496
0.05,0.43 ,0.323414, 0.161159,0.515427,0.676586
0.05,0.44 ,0.323324, 0.161104,0.515572,0.676676
0.05,0.45 ,0.323234, 0.161049,0.515716,0.676766
0.05,0.46 ,0.323145, 0.160995,0.515861,0.676855
0.05,0.47 ,0.323055, 0.16094,0.516004,0.676945
0.05,0.48 ,0.322966, 0.160886,0.516148,0.677034
0.05,0.49 ,0.322876, 0.160833,0.516291,0.677124
0.05,0.5 ,0.322787, 0.160779,0.516434,0.677213
0.05,0.51 ,0.322698, 0.160725,0.516576,0.677302
0.05,0.52 ,0.322609, 0.160672,0.516718,0.677391
0.05,0.53 ,0.322521, 0.160619,0.51686,0.677479
0.05,0.54 ,0.322432, 0.160566,0.517001,0.677568
0.05,0.55 ,0.322344, 0.160514,0.517142,0.677656
0.05,0.56 ,0.322256, 0.160461,0.517283,0.677744
0.05,0.57 ,0.322168, 0.160409,0.517423,0.677832
0.05,0.58 ,0.32208, 0.160357,0.517563,0.67792
0.05,0.59 ,0.321992, 0.160305,0.517702,0.678008
0.05,0.6 ,0.321905, 0.160253,0.517842,0.678095
0.05,0.61 ,0.321818, 0.160202,0.51798,0.678182
0.05,0.62 ,0.321731, 0.160151,0.518119,0.678269
0.05,0.63 ,0.321644, 0.1601,0.518256,0.678356
0.05,0.64 ,0.321557, 0.160049,0.518394,0.678443
0.05,0.65 ,0.321471, 0.159998,0.518531,0.678529
0.05,0.66 ,0.321385, 0.159948,0.518668,0.678615
0.05,0.67 ,0.321299, 0.159897,0.518804,0.678701
0.05,0.68 ,0.321213, 0.159847,0.51894,0.678787
0.05,0.69 ,0.321127, 0.159797,0.519076,0.678873
0.05,0.7 ,0.321042, 0.159747,0.519211,0.678958
0.05,0.71 ,0.320957, 0.159698,0.519346,0.679043
0.05,0.72 ,0.320872, 0.159648,0.51948,0.679128
0.05,0.73 ,0.320787, 0.159599,0.519614,0.679213
0.05,0.74 ,0.320702, 0.15955,0.519747,0.679298
0.05,0.75 ,0.320618, 0.159501,0.51988,0.679382
0.05,0.76 ,0.320534, 0.159453,0.520013,0.679466
0.05,0.77 ,0.32045, 0.159404,0.520145,0.67955
0.05,0.78 ,0.320367, 0.159356,0.520277,0.679633
0.05,0.79 ,0.320283, 0.159308,0.520409,0.679717
0.05,0.8 ,0.3202, 0.15926,0.52054,0.6798
0.05,0.81 ,0.320117, 0.159212,0.52067,0.679883
0.05,0.82 ,0.320035, 0.159165,0.520801,0.679965
0.05,0.83 ,0.319952, 0.159117,0.52093,0.680048
0.05,0.84 ,0.31987, 0.15907,0.52106,0.68013
0.05,0.85 ,0.319788, 0.159023,0.521189,0.680212
0.05,0.86 ,0.319706, 0.158976,0.521317,0.680294
0.05,0.87 ,0.319625, 0.15893,0.521445,0.680375
0.05,0.88 ,0.319544, 0.158883,0.521573,0.680456
0.05,0.89 ,0.319463, 0.158837,0.5217,0.680537
0.05,0.9 ,0.319382, 0.158791,0.521827,0.680618
0.05,0.91 ,0.319302, 0.158745,0.521954,0.680698
0.05,0.92 ,0.319221, 0.158699,0.52208,0.680779
0.05,0.93 ,0.319141, 0.158653,0.522205,0.680859
0.05,0.94 ,0.319062, 0.158608,0.52233,0.680938
0.05,0.95 ,0.318982, 0.158563,0.522455,0.681018
0.05,0.96 ,0.318903, 0.158517,0.52258,0.681097
0.05,0.97 ,0.318824, 0.158473,0.522703,0.681176
0.05,0.98 ,0.318745, 0.158428,0.522827,0.681255
0.05,0.99 ,0.318667, 0.158383,0.52295,0.681333
0.05,1 ,0.318589, 0.158339,0.523073,0.681411
0.06,0 ,0.335069, 0.162813,0.502119,0.664931
0.06,0.01 ,0.33498, 0.162747,0.502274,0.66502
0.06,0.02 ,0.33489, 0.162681,0.502428,0.66511
0.06,0.03 ,0.334801, 0.162616,0.502583,0.665199
0.06,0.04 ,0.334711, 0.162551,0.502738,0.665289
0.06,0.05 ,0.334621, 0.162486,0.502893,0.665379
0.06,0.06 ,0.334531, 0.162422,0.503047,0.665469
0.06,0.07 ,0.33444, 0.162358,0.503202,0.66556
0.06,0.08 ,0.33435, 0.162294,0.503357,0.66565
0.06,0.09 ,0.334259, 0.16223,0.503511,0.665741
0.06,0.1 ,0.334168, 0.162166,0.503666,0.665832
0.06,0.11 ,0.334077, 0.162103,0.50382,0.665923
0.06,0.12 ,0.333986, 0.16204,0.503974,0.666014
0.06,0.13 ,0.333895, 0.161977,0.504128,0.666105
0.06,0.14 ,0.333804, 0.161914,0.504282,0.666196
0.06,0.15 ,0.333712, 0.161852,0.504436,0.666288
0.06,0.16 ,0.333621, 0.16179,0.504589,0.666379
0.06,0.17 ,0.333529, 0.161728,0.504743,0.666471
0.06,0.18 ,0.333437, 0.161666,0.504896,0.666563
0.06,0.19 ,0.333346, 0.161605,0.505049,0.666654
0.06,0.2 ,0.333254, 0.161544,0.505202,0.666746
0.06,0.21 ,0.333162, 0.161483,0.505355,0.666838
0.06,0.22 ,0.33307, 0.161422,0.505507,0.66693
0.06,0.23 ,0.332978, 0.161362,0.50566,0.667022
0.06,0.24 ,0.332887, 0.161302,0.505812,0.667113
0.06,0.25 ,0.332795, 0.161242,0.505964,0.667205
0.06,0.26 ,0.332703, 0.161182,0.506115,0.667297
0.06,0.27 ,0.332611, 0.161122,0.506267,0.667389
0.06,0.28 ,0.332519, 0.161063,0.506418,0.667481
0.06,0.29 ,0.332427, 0.161004,0.506569,0.667573
0.06,0.3 ,0.332335, 0.160945,0.50672,0.667665
0.06,0.31 ,0.332244, 0.160886,0.50687,0.667756
0.06,0.32 ,0.332152, 0.160828,0.50702,0.667848
0.06,0.33 ,0.33206, 0.16077,0.50717,0.66794
0.06,0.34 ,0.331969, 0.160712,0.50732,0.668031
0.06,0.35 ,0.331877, 0.160654,0.507469,0.668123
0.06,0.36 ,0.331786, 0.160596,0.507618,0.668214
0.06,0.37 ,0.331694, 0.160539,0.507767,0.668306
0.06,0.38 ,0.331603, 0.160482,0.507915,0.668397
0.06,0.39 ,0.331512, 0.160425,0.508063,0.668488
0.06,0.4 ,0.331421, 0.160369,0.508211,0.668579
0.06,0.41 ,0.33133, 0.160312,0.508358,0.66867
0.06,0.42 ,0.331239, 0.160256,0.508506,0.668761
0.06,0.43 ,0.331148, 0.1602,0.508652,0.668852
0.06,0.44 ,0.331057, 0.160144,0.508799,0.668943
0.06,0.45 ,0.330967, 0.160088,0.508945,0.669033
0.06,0.46 ,0.330876, 0.160033,0.509091,0.669124
0.06,0.47 ,0.330786, 0.159978,0.509236,0.669214
0.06,0.48 ,0.330696, 0.159923,0.509382,0.669304
0.06,0.49 ,0.330605, 0.159868,0.509526,0.669395
0.06,0.5 ,0.330516, 0.159814,0.509671,0.669484
0.06,0.51 ,0.330426, 0.159759,0.509815,0.669574
0.06,0.52 ,0.330336, 0.159705,0.509959,0.669664
0.06,0.53 ,0.330247, 0.159651,0.510102,0.669753
0.06,0.54 ,0.330157, 0.159598,0.510245,0.669843
0.06,0.55 ,0.330068, 0.159544,0.510388,0.669932
0.06,0.56 ,0.329979, 0.159491,0.51053,0.670021
0.06,0.57 ,0.329891, 0.159438,0.510672,0.670109
0.06,0.58 ,0.329802, 0.159385,0.510813,0.670198
0.06,0.59 ,0.329713, 0.159332,0.510954,0.670287
0.06,0.6 ,0.329625, 0.15928,0.511095,0.670375
0.06,0.61 ,0.329537, 0.159227,0.511236,0.670463
0.06,0.62 ,0.329449, 0.159175,0.511376,0.670551
0.06,0.63 ,0.329362, 0.159123,0.511515,0.670638
0.06,0.64 ,0.329274, 0.159072,0.511654,0.670726
0.06,0.65 ,0.329187, 0.15902,0.511793,0.670813
0.06,0.66 ,0.3291, 0.158969,0.511932,0.6709
0.06,0.67 ,0.329013, 0.158918,0.51207,0.670987
0.06,0.68 ,0.328926, 0.158867,0.512207,0.671074
0.06,0.69 ,0.32884, 0.158816,0.512344,0.67116
0.06,0.7 ,0.328753, 0.158765,0.512481,0.671247
0.06,0.71 ,0.328667, 0.158715,0.512618,0.671333
0.06,0.72 ,0.328581, 0.158665,0.512754,0.671419
0.06,0.73 ,0.328496, 0.158615,0.512889,0.671504
0.06,0.74 ,0.32841, 0.158565,0.513024,0.67159
0.06,0.75 ,0.328325, 0.158516,0.513159,0.671675
0.06,0.76 ,0.32824, 0.158466,0.513294,0.67176
0.06,0.77 ,0.328155, 0.158417,0.513428,0.671845
0.06,0.78 ,0.328071, 0.158368,0.513561,0.671929
0.06,0.79 ,0.327987, 0.158319,0.513694,0.672013
0.06,0.8 ,0.327903, 0.15827,0.513827,0.672097
0.06,0.81 ,0.327819, 0.158222,0.513959,0.672181
0.06,0.82 ,0.327735, 0.158174,0.514091,0.672265
0.06,0.83 ,0.327652, 0.158126,0.514223,0.672348
0.06,0.84 ,0.327569, 0.158078,0.514354,0.672431
0.06,0.85 ,0.327486, 0.15803,0.514484,0.672514
0.06,0.86 ,0.327403, 0.157982,0.514614,0.672597
0.06,0.87 ,0.327321, 0.157935,0.514744,0.672679
0.06,0.88 ,0.327239, 0.157888,0.514874,0.672761
0.06,0.89 ,0.327157, 0.157841,0.515002,0.672843
0.06,0.9 ,0.327075, 0.157794,0.515131,0.672925
0.06,0.91 ,0.326994, 0.157747,0.515259,0.673006
0.06,0.92 ,0.326913, 0.157701,0.515387,0.673087
0.06,0.93 ,0.326832, 0.157654,0.515514,0.673168
0.06,0.94 ,0.326751, 0.157608,0.515641,0.673249
0.06,0.95 ,0.326671, 0.157562,0.515767,0.673329
0.06,0.96 ,0.326591, 0.157516,0.515893,0.673409
0.06,0.97 ,0.326511, 0.157471,0.516019,0.673489
0.06,0.98 ,0.326431, 0.157425,0.516144,0.673569
0.06,0.99 ,0.326352, 0.15738,0.516268,0.673648
0.06,1 ,0.326273, 0.157335,0.516393,0.673727
0.07,0 ,0.343005, 0.161895,0.495101,0.656995
0.07,0.01 ,0.342916, 0.161828,0.495256,0.657084
0.07,0.02 ,0.342827, 0.161761,0.495412,0.657173
0.07,0.03 ,0.342738, 0.161695,0.495568,0.657262
0.07,0.04 ,0.342648, 0.161628,0.495724,0.657352
0.07,0.05 ,0.342558, 0.161562,0.495879,0.657442
0.07,0.06 ,0.342468, 0.161497,0.496035,0.657532
0.07,0.07 ,0.342378, 0.161431,0.496191,0.657622
0.07,0.08 ,0.342287, 0.161366,0.496346,0.657713
0.07,0.09 ,0.342197, 0.161301,0.496502,0.657803
0.07,0.1 ,0.342106, 0.161237,0.496657,0.657894
0.07,0.11 ,0.342015, 0.161172,0.496813,0.657985
0.07,0.12 ,0.341924, 0.161108,0.496968,0.658076
0.07,0.13 ,0.341833, 0.161044,0.497123,0.658167
0.07,0.14 ,0.341741, 0.160981,0.497278,0.658259
0.07,0.15 ,0.34165, 0.160917,0.497433,0.65835
0.07,0.16 ,0.341558, 0.160854,0.497588,0.658442
0.07,0.17 ,0.341466, 0.160791,0.497743,0.658534
0.07,0.18 ,0.341375, 0.160728,0.497897,0.658625
0.07,0.19 ,0.341283, 0.160666,0.498052,0.658717
0.07,0.2 ,0.341191, 0.160604,0.498206,0.658809
0.07,0.21 ,0.341099, 0.160542,0.49836,0.658901
0.07,0.22 ,0.341006, 0.16048,0.498514,0.658994
0.07,0.23 ,0.340914, 0.160418,0.498667,0.659086
0.07,0.24 ,0.340822, 0.160357,0.498821,0.659178
0.07,0.25 ,0.34073, 0.160296,0.498974,0.65927
0.07,0.26 ,0.340638, 0.160235,0.499127,0.659362
0.07,0.27 ,0.340545, 0.160175,0.49928,0.659455
0.07,0.28 ,0.340453, 0.160114,0.499432,0.659547
0.07,0.29 ,0.340361, 0.160054,0.499585,0.659639
0.07,0.3 ,0.340269, 0.159994,0.499737,0.659731
0.07,0.31 ,0.340176, 0.159935,0.499889,0.659824
0.07,0.32 ,0.340084, 0.159875,0.50004,0.659916
0.07,0.33 ,0.339992, 0.159816,0.500192,0.660008
0.07,0.34 ,0.3399, 0.159757,0.500343,0.6601
0.07,0.35 ,0.339808, 0.159699,0.500493,0.660192
0.07,0.36 ,0.339716, 0.15964,0.500644,0.660284
0.07,0.37 ,0.339624, 0.159582,0.500794,0.660376
0.07,0.38 ,0.339532, 0.159524,0.500944,0.660468
0.07,0.39 ,0.33944, 0.159466,0.501094,0.66056
0.07,0.4 ,0.339349, 0.159408,0.501243,0.660651
0.07,0.41 ,0.339257, 0.159351,0.501392,0.660743
0.07,0.42 ,0.339166, 0.159294,0.501541,0.660834
0.07,0.43 ,0.339074, 0.159237,0.501689,0.660926
0.07,0.44 ,0.338983, 0.15918,0.501837,0.661017
0.07,0.45 ,0.338892, 0.159124,0.501985,0.661108
0.07,0.46 ,0.3388, 0.159067,0.502132,0.6612
0.07,0.47 ,0.338709, 0.159011,0.502279,0.661291
0.07,0.48 ,0.338619, 0.158955,0.502426,0.661381
0.07,0.49 ,0.338528, 0.1589,0.502572,0.661472
0.07,0.5 ,0.338437, 0.158844,0.502719,0.661563
0.07,0.51 ,0.338347, 0.158789,0.502864,0.661653
0.07,0.52 ,0.338256, 0.158734,0.50301,0.661744
0.07,0.53 ,0.338166, 0.158679,0.503155,0.661834
0.07,0.54 ,0.338076, 0.158625,0.503299,0.661924
0.07,0.55 ,0.337986, 0.15857,0.503443,0.662014
0.07,0.56 ,0.337897, 0.158516,0.503587,0.662103
0.07,0.57 ,0.337807, 0.158462,0.503731,0.662193
0.07,0.58 ,0.337718, 0.158408,0.503874,0.662282
0.07,0.59 ,0.337629, 0.158355,0.504017,0.662371
0.07,0.6 ,0.33754, 0.158301,0.504159,0.66246
0.07,0.61 ,0.337451, 0.158248,0.504301,0.662549
0.07,0.62 ,0.337362, 0.158195,0.504443,0.662638
0.07,0.63 ,0.337274, 0.158143,0.504584,0.662726
0.07,0.64 ,0.337185, 0.15809,0.504725,0.662815
0.07,0.65 ,0.337097, 0.158038,0.504865,0.662903
0.07,0.66 ,0.337009, 0.157985,0.505005,0.662991
0.07,0.67 ,0.336922, 0.157934,0.505145,0.663078
0.07,0.68 ,0.336834, 0.157882,0.505284,0.663166
0.07,0.69 ,0.336747, 0.15783,0.505423,0.663253
0.07,0.7 ,0.33666, 0.157779,0.505561,0.66334
0.07,0.71 ,0.336573, 0.157728,0.505699,0.663427
0.07,0.72 ,0.336486, 0.157677,0.505837,0.663514
0.07,0.73 ,0.3364, 0.157626,0.505974,0.6636
0.07,0.74 ,0.336314, 0.157575,0.506111,0.663686
0.07,0.75 ,0.336227, 0.157525,0.506247,0.663773
0.07,0.76 ,0.336142, 0.157475,0.506383,0.663858
0.07,0.77 ,0.336056, 0.157425,0.506519,0.663944
0.07,0.78 ,0.335971, 0.157375,0.506654,0.664029
0.07,0.79 ,0.335886, 0.157325,0.506789,0.664114
0.07,0.8 ,0.335801, 0.157276,0.506923,0.664199
0.07,0.81 ,0.335716, 0.157227,0.507057,0.664284
0.07,0.82 ,0.335632, 0.157178,0.507191,0.664368
0.07,0.83 ,0.335547, 0.157129,0.507324,0.664453
0.07,0.84 ,0.335464, 0.15708,0.507456,0.664536
0.07,0.85 ,0.33538, 0.157032,0.507589,0.66462
0.07,0.86 ,0.335296, 0.156983,0.50772,0.664704
0.07,0.87 ,0.335213, 0.156935,0.507852,0.664787
0.07,0.88 ,0.33513, 0.156887,0.507983,0.66487
0.07,0.89 ,0.335047, 0.156839,0.508113,0.664953
0.07,0.9 ,0.334965, 0.156792,0.508243,0.665035
0.07,0.91 ,0.334883, 0.156744,0.508373,0.665117
0.07,0.92 ,0.334801, 0.156697,0.508502,0.665199
0.07,0.93 ,0.334719, 0.15665,0.508631,0.665281
0.07,0.94 ,0.334637, 0.156603,0.50876,0.665363
0.07,0.95 ,0.334556, 0.156556,0.508888,0.665444
0.07,0.96 ,0.334475, 0.15651,0.509015,0.665525
0.07,0.97 ,0.334394, 0.156464,0.509142,0.665606
0.07,0.98 ,0.334314, 0.156417,0.509269,0.665686
0.07,0.99 ,0.334234, 0.156371,0.509395,0.665766
0.07,1 ,0.334154, 0.156325,0.509521,0.665846
0.08,0 ,0.35113, 0.160974,0.487897,0.64887
0.08,0.01 ,0.351042, 0.160905,0.488053,0.648958
0.08,0.02 ,0.350953, 0.160838,0.488209,0.649047
0.08,0.03 ,0.350864, 0.16077,0.488366,0.649136
0.08,0.04 ,0.350775, 0.160703,0.488522,0.649225
0.08,0.05 ,0.350686, 0.160636,0.488679,0.649314
0.08,0.06 ,0.350596, 0.160569,0.488835,0.649404
0.08,0.07 ,0.350506, 0.160502,0.488992,0.649494
0.08,0.08 ,0.350416, 0.160436,0.489148,0.649584
0.08,0.09 ,0.350326, 0.16037,0.489305,0.649674
0.08,0.1 ,0.350235, 0.160304,0.489461,0.649765
0.08,0.11 ,0.350144, 0.160239,0.489617,0.649856
0.08,0.12 ,0.350053, 0.160173,0.489774,0.649947
0.08,0.13 ,0.349962, 0.160108,0.48993,0.650038
0.08,0.14 ,0.349871, 0.160043,0.490086,0.650129
0.08,0.15 ,0.349779, 0.159979,0.490242,0.650221
0.08,0.16 ,0.349688, 0.159915,0.490398,0.650312
0.08,0.17 ,0.349596, 0.159851,0.490553,0.650404
0.08,0.18 ,0.349504, 0.159787,0.490709,0.650496
0.08,0.19 ,0.349412, 0.159723,0.490865,0.650588
0.08,0.2 ,0.34932, 0.15966,0.49102,0.65068
0.08,0.21 ,0.349228, 0.159597,0.491175,0.650772
0.08,0.22 ,0.349136, 0.159534,0.49133,0.650864
