e1,e2,V,Rs,Rv,P
0,0 ,0.844211, 0.108437,0.0473518,0.155789
0,0.01 ,0.845033, 0.10825,0.0467169,0.154967
0,0.02 ,0.845844, 0.108065,0.0460914,0.154156
0,0.03 ,0.846645, 0.107879,0.0454752,0.153355
0,0.04 ,0.847437, 0.107695,0.0448682,0.152563
0,0.05 ,0.848218, 0.107511,0.0442702,0.151782
0,0.06 ,0.84899, 0.107329,0.043681,0.15101
0,0.07 ,0.849753, 0.107147,0.0431006,0.150247
0,0.08 ,0.850506, 0.106965,0.0425287,0.149494
0,0.09 ,0.85125, 0.106785,0.0419652,0.14875
0,0.1 ,0.851985, 0.106605,0.0414101,0.148015
0,0.11 ,0.852711, 0.106426,0.0408632,0.147289
0,0.12 ,0.853428, 0.106247,0.0403242,0.146572
0,0.13 ,0.854137, 0.10607,0.0397932,0.145863
0,0.14 ,0.854837, 0.105893,0.03927,0.145163
0,0.15 ,0.855529, 0.105717,0.0387545,0.144471
0,0.16 ,0.856212, 0.105541,0.0382465,0.143788
0,0.17 ,0.856888, 0.105367,0.0377459,0.143112
0,0.18 ,0.857555, 0.105193,0.0372526,0.142445
0,0.19 ,0.858214, 0.105019,0.0367666,0.141786
0,0.2 ,0.858865, 0.104847,0.0362875,0.141135
0,0.21 ,0.859509, 0.104675,0.0358155,0.140491
0,0.22 ,0.860145, 0.104504,0.0353503,0.139855
0,0.23 ,0.860774, 0.104334,0.0348919,0.139226
0,0.24 ,0.861395, 0.104165,0.0344401,0.138605
0,0.25 ,0.862009, 0.103996,0.0339948,0.137991
0,0.26 ,0.862616, 0.103828,0.0335559,0.137384
0,0.27 ,0.863216, 0.10366,0.0331234,0.136784
0,0.28 ,0.863809, 0.103494,0.0326971,0.136191
0,0.29 ,0.864395, 0.103328,0.0322769,0.135605
0,0.3 ,0.864975, 0.103163,0.0318628,0.135025
0,0.31 ,0.865547, 0.102998,0.0314546,0.134453
0,0.32 ,0.866113, 0.102835,0.0310522,0.133887
0,0.33 ,0.866673, 0.102672,0.0306556,0.133327
0,0.34 ,0.867226, 0.102509,0.0302646,0.132774
0,0.35 ,0.867773, 0.102348,0.0298792,0.132227
0,0.36 ,0.868314, 0.102187,0.0294993,0.131686
0,0.37 ,0.868849, 0.102027,0.0291248,0.131151
0,0.38 ,0.869377, 0.101867,0.0287556,0.130623
0,0.39 ,0.8699, 0.101708,0.0283917,0.1301
0,0.4 ,0.870417, 0.10155,0.0280328,0.129583
0,0.41 ,0.870928, 0.101393,0.0276791,0.129072
0,0.42 ,0.871433, 0.101236,0.0273303,0.128567
0,0.43 ,0.871933, 0.10108,0.0269865,0.128067
0,0.44 ,0.872427, 0.100925,0.0266475,0.127573
0,0.45 ,0.872916, 0.100771,0.0263132,0.127084
0,0.46 ,0.8734, 0.100617,0.0259836,0.1266
0,0.47 ,0.873878, 0.100463,0.0256587,0.126122
0,0.48 ,0.874351, 0.100311,0.0253383,0.125649
0,0.49 ,0.874819, 0.100159,0.0250223,0.125181
0,0.5 ,0.875281, 0.100008,0.0247108,0.124719
0,0.51 ,0.875739, 0.0998575,0.0244036,0.124261
0,0.52 ,0.876192, 0.0997077,0.0241006,0.123808
0,0.53 ,0.87664, 0.0995586,0.0238019,0.12336
0,0.54 ,0.877083, 0.0994101,0.0235073,0.122917
0,0.55 ,0.877521, 0.0992623,0.0232168,0.122479
0,0.56 ,0.877955, 0.0991152,0.0229303,0.122045
0,0.57 ,0.878384, 0.0989687,0.0226477,0.121616
0,0.58 ,0.878808, 0.0988229,0.0223691,0.121192
0,0.59 ,0.879228, 0.0986778,0.0220942,0.120772
0,0.6 ,0.879644, 0.0985333,0.0218232,0.120356
0,0.61 ,0.880055, 0.0983895,0.0215558,0.119945
0,0.62 ,0.880462, 0.0982463,0.0212922,0.119538
0,0.63 ,0.880864, 0.0981037,0.0210321,0.119136
0,0.64 ,0.881263, 0.0979618,0.0207756,0.118737
0,0.65 ,0.881657, 0.0978206,0.0205226,0.118343
0,0.66 ,0.882047, 0.09768,0.020273,0.117953
0,0.67 ,0.882433, 0.09754,0.0200268,0.117567
0,0.68 ,0.882815, 0.0974007,0.019784,0.117185
0,0.69 ,0.883194, 0.0972619,0.0195444,0.116806
0,0.7 ,0.883568, 0.0971239,0.0193081,0.116432
0,0.71 ,0.883939, 0.0969864,0.019075,0.116061
0,0.72 ,0.884305, 0.0968496,0.018845,0.115695
0,0.73 ,0.884668, 0.0967134,0.0186182,0.115332
0,0.74 ,0.885028, 0.0965778,0.0183944,0.114972
0,0.75 ,0.885384, 0.0964428,0.0181736,0.114616
0,0.76 ,0.885736, 0.0963084,0.0179558,0.114264
0,0.77 ,0.886084, 0.0961747,0.0177409,0.113916
0,0.78 ,0.88643, 0.0960415,0.0175288,0.11357
0,0.79 ,0.886771, 0.095909,0.0173196,0.113229
0,0.8 ,0.88711, 0.095777,0.0171132,0.11289
0,0.81 ,0.887445, 0.0956457,0.0169096,0.112555
0,0.82 ,0.887776, 0.0955149,0.0167087,0.112224
0,0.83 ,0.888105, 0.0953848,0.0165104,0.111895
0,0.84 ,0.88843, 0.0952552,0.0163148,0.11157
0,0.85 ,0.888752, 0.0951262,0.0161218,0.111248
0,0.86 ,0.889071, 0.0949979,0.0159313,0.110929
0,0.87 ,0.889387, 0.09487,0.0157434,0.110613
0,0.88 ,0.889699, 0.0947428,0.0155579,0.110301
0,0.89 ,0.890009, 0.0946162,0.0153749,0.109991
0,0.9 ,0.890316, 0.0944901,0.0151944,0.109684
0,0.91 ,0.890619, 0.0943646,0.0150161,0.109381
0,0.92 ,0.89092, 0.0942397,0.0148403,0.10908
0,0.93 ,0.891218, 0.0941153,0.0146667,0.108782
0,0.94 ,0.891513, 0.0939915,0.0144955,0.108487
0,0.95 ,0.891805, 0.0938683,0.0143265,0.108195
0,0.96 ,0.892095, 0.0937456,0.0141596,0.107905
0,0.97 ,0.892382, 0.0936235,0.013995,0.107618
0,0.98 ,0.892666, 0.0935019,0.0138326,0.107334
0,0.99 ,0.892947, 0.0933809,0.0136722,0.107053
0,1 ,0.893226, 0.0932604,0.0135139,0.106774
0.01,0 ,0.844438, 0.108365,0.0471968,0.155562
0.01,0.01 ,0.84526, 0.108178,0.0465613,0.15474
0.01,0.02 ,0.846073, 0.107992,0.0459353,0.153927
0.01,0.03 ,0.846875, 0.107807,0.0453185,0.153125
0.01,0.04 ,0.847667, 0.107622,0.0447109,0.152333
0.01,0.05 ,0.848449, 0.107439,0.0441123,0.151551
0.01,0.06 ,0.849222, 0.107256,0.0435226,0.150778
0.01,0.07 ,0.849985, 0.107073,0.0429416,0.150015
0.01,0.08 ,0.850739, 0.106892,0.0423691,0.149261
0.01,0.09 ,0.851484, 0.106711,0.0418052,0.148516
0.01,0.1 ,0.85222, 0.106531,0.0412495,0.14778
0.01,0.11 ,0.852946, 0.106352,0.040702,0.147054
0.01,0.12 ,0.853664, 0.106173,0.0401626,0.146336
0.01,0.13 ,0.854374, 0.105995,0.0396311,0.145626
0.01,0.14 ,0.855074, 0.105818,0.0391074,0.144926
0.01,0.15 ,0.855767, 0.105642,0.0385913,0.144233
0.01,0.16 ,0.856451, 0.105466,0.0380829,0.143549
0.01,0.17 ,0.857127, 0.105291,0.0375818,0.142873
0.01,0.18 ,0.857795, 0.105117,0.0370881,0.142205
0.01,0.19 ,0.858454, 0.104944,0.0366015,0.141546
0.01,0.2 ,0.859107, 0.104771,0.0361221,0.140893
0.01,0.21 ,0.859751, 0.104599,0.0356496,0.140249
0.01,0.22 ,0.860388, 0.104428,0.035184,0.139612
0.01,0.23 ,0.861017, 0.104258,0.0347251,0.138983
0.01,0.24 ,0.861639, 0.104088,0.0342729,0.138361
0.01,0.25 ,0.862254, 0.103919,0.0338272,0.137746
0.01,0.26 ,0.862861, 0.103751,0.0333879,0.137139
0.01,0.27 ,0.863462, 0.103584,0.032955,0.136538
0.01,0.28 ,0.864055, 0.103417,0.0325283,0.135945
0.01,0.29 ,0.864642, 0.103251,0.0321077,0.135358
0.01,0.3 ,0.865221, 0.103085,0.0316932,0.134779
0.01,0.31 ,0.865795, 0.102921,0.0312846,0.134205
0.01,0.32 ,0.866361, 0.102757,0.0308819,0.133639
0.01,0.33 ,0.866921, 0.102594,0.0304849,0.133079
0.01,0.34 ,0.867475, 0.102431,0.0300935,0.132525
0.01,0.35 ,0.868023, 0.102269,0.0297078,0.131977
0.01,0.36 ,0.868564, 0.102108,0.0293275,0.131436
0.01,0.37 ,0.869099, 0.101948,0.0289527,0.130901
0.01,0.38 ,0.869628, 0.101788,0.0285832,0.130372
0.01,0.39 ,0.870152, 0.10163,0.0282189,0.129848
0.01,0.4 ,0.870669, 0.101471,0.0278597,0.129331
0.01,0.41 ,0.871181, 0.101314,0.0275056,0.128819
0.01,0.42 ,0.871686, 0.101157,0.0271565,0.128314
0.01,0.43 ,0.872187, 0.101001,0.0268124,0.127813
0.01,0.44 ,0.872681, 0.100845,0.026473,0.127319
0.01,0.45 ,0.873171, 0.100691,0.0261385,0.126829
0.01,0.46 ,0.873655, 0.100537,0.0258086,0.126345
0.01,0.47 ,0.874133, 0.100383,0.0254834,0.125867
0.01,0.48 ,0.874607, 0.100231,0.0251626,0.125393
0.01,0.49 ,0.875075, 0.100079,0.0248464,0.124925
0.01,0.5 ,0.875538, 0.0999274,0.0245346,0.124462
0.01,0.51 ,0.875996, 0.0997767,0.0242271,0.124004
0.01,0.52 ,0.876449, 0.0996268,0.0239239,0.123551
0.01,0.53 ,0.876898, 0.0994775,0.0236249,0.123102
0.01,0.54 ,0.877341, 0.0993289,0.02333,0.122659
0.01,0.55 ,0.87778, 0.0991809,0.0230392,0.12222
0.01,0.56 ,0.878214, 0.0990337,0.0227524,0.121786
0.01,0.57 ,0.878643, 0.0988871,0.0224696,0.121357
0.01,0.58 ,0.879068, 0.0987411,0.0221907,0.120932
0.01,0.59 ,0.879489, 0.0985958,0.0219156,0.120511
0.01,0.6 ,0.879905, 0.0984512,0.0216443,0.120095
0.01,0.61 ,0.880316, 0.0983072,0.0213767,0.119684
0.01,0.62 ,0.880723, 0.0981639,0.0211128,0.119277
0.01,0.63 ,0.881126, 0.0980212,0.0208525,0.118874
0.01,0.64 ,0.881525, 0.0978791,0.0205957,0.118475
0.01,0.65 ,0.88192, 0.0977377,0.0203425,0.11808
0.01,0.66 ,0.88231, 0.097597,0.0200926,0.11769
0.01,0.67 ,0.882697, 0.0974569,0.0198462,0.117303
0.01,0.68 ,0.883079, 0.0973174,0.0196032,0.116921
0.01,0.69 ,0.883458, 0.0971785,0.0193634,0.116542
0.01,0.7 ,0.883833, 0.0970403,0.0191269,0.116167
0.01,0.71 ,0.884204, 0.0969027,0.0188935,0.115796
0.01,0.72 ,0.884571, 0.0967657,0.0186634,0.115429
0.01,0.73 ,0.884934, 0.0966294,0.0184363,0.115066
0.01,0.74 ,0.885294, 0.0964936,0.0182123,0.114706
0.01,0.75 ,0.88565, 0.0963585,0.0179913,0.11435
0.01,0.76 ,0.886003, 0.096224,0.0177732,0.113997
0.01,0.77 ,0.886352, 0.0960901,0.0175581,0.113648
0.01,0.78 ,0.886697, 0.0959568,0.0173459,0.113303
0.01,0.79 ,0.887039, 0.0958242,0.0171365,0.112961
0.01,0.8 ,0.887378, 0.0956921,0.0169299,0.112622
0.01,0.81 ,0.887713, 0.0955606,0.0167261,0.112287
0.01,0.82 ,0.888045, 0.0954297,0.016525,0.111955
0.01,0.83 ,0.888374, 0.0952994,0.0163265,0.111626
0.01,0.84 ,0.8887, 0.0951697,0.0161307,0.1113
0.01,0.85 ,0.889022, 0.0950406,0.0159375,0.110978
0.01,0.86 ,0.889341, 0.0949121,0.0157469,0.110659
0.01,0.87 ,0.889657, 0.0947842,0.0155587,0.110343
0.01,0.88 ,0.88997, 0.0946568,0.0153731,0.11003
0.01,0.89 ,0.89028, 0.0945301,0.0151899,0.10972
0.01,0.9 ,0.890587, 0.0944039,0.0150092,0.109413
0.01,0.91 ,0.890891, 0.0942782,0.0148308,0.109109
0.01,0.92 ,0.891192, 0.0941532,0.0146548,0.108808
0.01,0.93 ,0.89149, 0.0940287,0.014481,0.10851
0.01,0.94 ,0.891786, 0.0939048,0.0143096,0.108214
0.01,0.95 ,0.892078, 0.0937814,0.0141404,0.107922
0.01,0.96 ,0.892368, 0.0936586,0.0139734,0.107632
0.01,0.97 ,0.892655, 0.0935363,0.0138087,0.107345
0.01,0.98 ,0.892939, 0.0934146,0.013646,0.107061
0.01,0.99 ,0.893221, 0.0932935,0.0134855,0.106779
0.01,1 ,0.8935, 0.0931729,0.0133271,0.1065
0.02,0 ,0.844663, 0.108293,0.0470437,0.155337
0.02,0.01 ,0.845486, 0.108106,0.0464076,0.154514
0.02,0.02 ,0.846299, 0.10792,0.0457809,0.153701
0.02,0.03 ,0.847102, 0.107735,0.0451636,0.152898
0.02,0.04 ,0.847895, 0.10755,0.0445554,0.152105
0.02,0.05 ,0.848678, 0.107366,0.0439562,0.151322
0.02,0.06 ,0.849451, 0.107183,0.0433659,0.150549
0.02,0.07 ,0.850215, 0.107,0.0427844,0.149785
0.02,0.08 ,0.85097, 0.106819,0.0422114,0.14903
0.02,0.09 ,0.851715, 0.106638,0.0416469,0.148285
0.02,0.1 ,0.852452, 0.106457,0.0410907,0.147548
0.02,0.11 ,0.853179, 0.106278,0.0405427,0.146821
0.02,0.12 ,0.853898, 0.106099,0.0400028,0.146102
0.02,0.13 ,0.854608, 0.105921,0.0394708,0.145392
0.02,0.14 ,0.855309, 0.105744,0.0389466,0.144691
0.02,0.15 ,0.856002, 0.105568,0.0384301,0.143998
0.02,0.16 ,0.856687, 0.105392,0.0379211,0.143313
0.02,0.17 ,0.857364, 0.105217,0.0374196,0.142636
0.02,0.18 ,0.858032, 0.105042,0.0369254,0.141968
0.02,0.19 ,0.858693, 0.104869,0.0364384,0.141307
0.02,0.2 ,0.859345, 0.104696,0.0359585,0.140655
0.02,0.21 ,0.85999, 0.104524,0.0354856,0.14001
0.02,0.22 ,0.860628, 0.104353,0.0350195,0.139372
0.02,0.23 ,0.861258, 0.104182,0.0345602,0.138742
0.02,0.24 ,0.86188, 0.104012,0.0341076,0.13812
0.02,0.25 ,0.862495, 0.103843,0.0336615,0.137505
0.02,0.26 ,0.863103, 0.103675,0.0332218,0.136897
0.02,0.27 ,0.863705, 0.103507,0.0327885,0.136295
0.02,0.28 ,0.864299, 0.10334,0.0323614,0.135701
0.02,0.29 ,0.864886, 0.103174,0.0319404,0.135114
0.02,0.3 ,0.865466, 0.103008,0.0315255,0.134534
0.02,0.31 ,0.86604, 0.102844,0.0311165,0.13396
0.02,0.32 ,0.866607, 0.10268,0.0307134,0.133393
0.02,0.33 ,0.867168, 0.102516,0.0303161,0.132832
0.02,0.34 ,0.867722, 0.102354,0.0299244,0.132278
0.02,0.35 ,0.86827, 0.102192,0.0295383,0.13173
0.02,0.36 ,0.868812, 0.10203,0.0291577,0.131188
0.02,0.37 ,0.869348, 0.10187,0.0287825,0.130652
0.02,0.38 ,0.869877, 0.10171,0.0284126,0.130123
0.02,0.39 ,0.870401, 0.101551,0.028048,0.129599
0.02,0.4 ,0.870919, 0.101393,0.0276885,0.129081
0.02,0.41 ,0.871431, 0.101235,0.0273341,0.128569
0.02,0.42 ,0.871937, 0.101078,0.0269847,0.128063
0.02,0.43 ,0.872438, 0.100922,0.0266402,0.127562
0.02,0.44 ,0.872933, 0.100766,0.0263006,0.127067
0.02,0.45 ,0.873423, 0.100611,0.0259657,0.126577
0.02,0.46 ,0.873907, 0.100457,0.0256355,0.126093
0.02,0.47 ,0.874386, 0.100304,0.02531,0.125614
0.02,0.48 ,0.87486, 0.100151,0.024989,0.12514
0.02,0.49 ,0.875329, 0.0999986,0.0246725,0.124671
0.02,0.5 ,0.875793, 0.0998471,0.0243604,0.124207
0.02,0.51 ,0.876251, 0.0996963,0.0240526,0.123749
0.02,0.52 ,0.876705, 0.0995462,0.0237491,0.123295
0.02,0.53 ,0.877153, 0.0993968,0.0234498,0.122847
0.02,0.54 ,0.877597, 0.099248,0.0231547,0.122403
0.02,0.55 ,0.878036, 0.0990999,0.0228636,0.121964
0.02,0.56 ,0.878471, 0.0989525,0.0225766,0.121529
0.02,0.57 ,0.878901, 0.0988058,0.0222935,0.121099
0.02,0.58 ,0.879326, 0.0986597,0.0220143,0.120674
0.02,0.59 ,0.879747, 0.0985142,0.021739,0.120253
0.02,0.6 ,0.880163, 0.0983694,0.0214674,0.119837
0.02,0.61 ,0.880575, 0.0982253,0.0211996,0.119425
0.02,0.62 ,0.880983, 0.0980818,0.0209354,0.119017
0.02,0.63 ,0.881386, 0.097939,0.0206749,0.118614
0.02,0.64 ,0.881785, 0.0977968,0.0204179,0.118215
0.02,0.65 ,0.88218, 0.0976553,0.0201644,0.11782
0.02,0.66 ,0.882571, 0.0975144,0.0199143,0.117429
0.02,0.67 ,0.882958, 0.0973741,0.0196677,0.117042
0.02,0.68 ,0.883341, 0.0972345,0.0194244,0.116659
0.02,0.69 ,0.88372, 0.0970955,0.0191844,0.11628
0.02,0.7 ,0.884095, 0.0969571,0.0189477,0.115905
0.02,0.71 ,0.884467, 0.0968194,0.0187141,0.115533
0.02,0.72 ,0.884834, 0.0966823,0.0184837,0.115166
0.02,0.73 ,0.885198, 0.0965458,0.0182564,0.114802
0.02,0.74 ,0.885558, 0.0964099,0.0180322,0.114442
0.02,0.75 ,0.885914, 0.0962746,0.017811,0.114086
0.02,0.76 ,0.886267, 0.09614,0.0175928,0.113733
0.02,0.77 ,0.886617, 0.096006,0.0173775,0.113383
0.02,0.78 ,0.886962, 0.0958726,0.017165,0.113038
0.02,0.79 ,0.887305, 0.0957397,0.0169554,0.112695
0.02,0.8 ,0.887644, 0.0956075,0.0167487,0.112356
0.02,0.81 ,0.887979, 0.0954759,0.0165446,0.112021
0.02,0.82 ,0.888312, 0.0953449,0.0163433,0.111688
0.02,0.83 ,0.888641, 0.0952145,0.0161447,0.111359
0.02,0.84 ,0.888967, 0.0950847,0.0159487,0.111033
0.02,0.85 ,0.889289, 0.0949554,0.0157553,0.110711
0.02,0.86 ,0.889609, 0.0948268,0.0155645,0.110391
0.02,0.87 ,0.889925, 0.0946987,0.0153762,0.110075
0.02,0.88 ,0.890238, 0.0945713,0.0151904,0.109762
0.02,0.89 ,0.890549, 0.0944443,0.015007,0.109451
0.02,0.9 ,0.890856, 0.094318,0.0148261,0.109144
0.02,0.91 ,0.89116, 0.0941923,0.0146475,0.10884
0.02,0.92 ,0.891462, 0.0940671,0.0144713,0.108538
0.02,0.93 ,0.89176, 0.0939425,0.0142974,0.10824
0.02,0.94 ,0.892056, 0.0938184,0.0141258,0.107944
0.02,0.95 ,0.892349, 0.0936949,0.0139565,0.107651
0.02,0.96 ,0.892639, 0.093572,0.0137893,0.107361
0.02,0.97 ,0.892926, 0.0934496,0.0136244,0.107074
0.02,0.98 ,0.893211, 0.0933278,0.0134616,0.106789
0.02,0.99 ,0.893493, 0.0932065,0.0133009,0.106507
0.02,1 ,0.893772, 0.0930858,0.0131424,0.106228
0.03,0 ,0.844885, 0.108222,0.0468923,0.155115
0.03,0.01 ,0.845709, 0.108035,0.0462556,0.154291
0.03,0.02 ,0.846523, 0.107849,0.0456283,0.153477
0.03,0.03 ,0.847327, 0.107663,0.0450104,0.152673
0.03,0.04 ,0.84812, 0.107478,0.0444016,0.15188
0.03,0.05 ,0.848904, 0.107294,0.0438019,0.151096
0.03,0.06 ,0.849678, 0.107111,0.0432111,0.150322
0.03,0.07 ,0.850443, 0.106928,0.042629,0.149557
0.03,0.08 ,0.851199, 0.106746,0.0420555,0.148801
0.03,0.09 ,0.851945, 0.106565,0.0414904,0.148055
0.03,0.1 ,0.852682, 0.106384,0.0409337,0.147318
0.03,0.11 ,0.85341, 0.106205,0.0403852,0.14659
0.03,0.12 ,0.854129, 0.106026,0.0398448,0.145871
0.03,0.13 ,0.85484, 0.105848,0.0393123,0.14516
0.03,0.14 ,0.855542, 0.10567,0.0387876,0.144458
0.03,0.15 ,0.856236, 0.105493,0.0382706,0.143764
0.03,0.16 ,0.856921, 0.105318,0.0377612,0.143079
0.03,0.17 ,0.857598, 0.105142,0.0372592,0.142402
0.03,0.18 ,0.858268, 0.104968,0.0367646,0.141732
0.03,0.19 ,0.858929, 0.104794,0.0362771,0.141071
0.03,0.2 ,0.859582, 0.104621,0.0357968,0.140418
0.03,0.21 ,0.860228, 0.104449,0.0353234,0.139772
0.03,0.22 ,0.860866, 0.104277,0.0348569,0.139134
0.03,0.23 ,0.861496, 0.104107,0.0343972,0.138504
0.03,0.24 ,0.862119, 0.103937,0.0339442,0.137881
0.03,0.25 ,0.862735, 0.103767,0.0334976,0.137265
0.03,0.26 ,0.863344, 0.103599,0.0330576,0.136656
0.03,0.27 ,0.863945, 0.103431,0.0326238,0.136055
0.03,0.28 ,0.86454, 0.103264,0.0321964,0.13546
0.03,0.29 ,0.865128, 0.103097,0.031775,0.134872
0.03,0.3 ,0.865709, 0.102932,0.0313597,0.134291
0.03,0.31 ,0.866283, 0.102767,0.0309504,0.133717
0.03,0.32 ,0.866851, 0.102603,0.0305469,0.133149
0.03,0.33 ,0.867412, 0.102439,0.0301492,0.132588
0.03,0.34 ,0.867967, 0.102276,0.0297572,0.132033
0.03,0.35 ,0.868515, 0.102114,0.0293707,0.131485
0.03,0.36 ,0.869057, 0.101953,0.0289898,0.130943
0.03,0.37 ,0.869594, 0.101792,0.0286142,0.130406
0.03,0.38 ,0.870124, 0.101632,0.028244,0.129876
0.03,0.39 ,0.870648, 0.101473,0.0278791,0.129352
0.03,0.4 ,0.871166, 0.101314,0.0275193,0.128834
0.03,0.41 ,0.871679, 0.101157,0.0271645,0.128321
0.03,0.42 ,0.872186, 0.100999,0.0268148,0.127814
0.03,0.43 ,0.872687, 0.100843,0.02647,0.127313
0.03,0.44 ,0.873183, 0.100687,0.0261301,0.126817
0.03,0.45 ,0.873673, 0.100532,0.0257949,0.126327
0.03,0.46 ,0.874158, 0.100378,0.0254644,0.125842
0.03,0.47 ,0.874637, 0.100224,0.0251386,0.125363
0.03,0.48 ,0.875112, 0.100071,0.0248173,0.124888
0.03,0.49 ,0.875581, 0.0999189,0.0245005,0.124419
0.03,0.5 ,0.876045, 0.0997672,0.0241881,0.123955
0.03,0.51 ,0.876504, 0.0996163,0.02388,0.123496
0.03,0.52 ,0.876958, 0.0994661,0.0235763,0.123042
0.03,0.53 ,0.877407, 0.0993165,0.0232767,0.122593
0.03,0.54 ,0.877851, 0.0991676,0.0229813,0.122149
0.03,0.55 ,0.878291, 0.0990193,0.02269,0.121709
0.03,0.56 ,0.878726, 0.0988717,0.0224027,0.121274
0.03,0.57 ,0.879156, 0.0987248,0.0221194,0.120844
0.03,0.58 ,0.879581, 0.0985786,0.0218399,0.120419
0.03,0.59 ,0.880003, 0.098433,0.0215643,0.119997
0.03,0.6 ,0.880419, 0.0982881,0.0212925,0.119581
0.03,0.61 ,0.880832, 0.0981438,0.0210245,0.119168
0.03,0.62 ,0.88124, 0.0980002,0.0207601,0.11876
0.03,0.63 ,0.881644, 0.0978572,0.0204993,0.118356
0.03,0.64 ,0.882043, 0.0977149,0.020242,0.117957
0.03,0.65 ,0.882439, 0.0975732,0.0199883,0.117561
0.03,0.66 ,0.88283, 0.0974321,0.019738,0.11717
0.03,0.67 ,0.883217, 0.0972917,0.0194912,0.116783
0.03,0.68 ,0.8836, 0.097152,0.0192477,0.1164
0.03,0.69 ,0.88398, 0.0970128,0.0190074,0.11602
0.03,0.7 ,0.884355, 0.0968743,0.0187705,0.115645
0.03,0.71 ,0.884727, 0.0967364,0.0185367,0.115273
0.03,0.72 ,0.885095, 0.0965992,0.0183061,0.114905
0.03,0.73 ,0.885459, 0.0964626,0.0180786,0.114541
0.03,0.74 ,0.885819, 0.0963266,0.0178542,0.114181
0.03,0.75 ,0.886176, 0.0961912,0.0176328,0.113824
0.03,0.76 ,0.886529, 0.0960564,0.0174143,0.113471
0.03,0.77 ,0.886879, 0.0959222,0.0171988,0.113121
0.03,0.78 ,0.887225, 0.0957887,0.0169862,0.112775
0.03,0.79 ,0.887568, 0.0956557,0.0167764,0.112432
0.03,0.8 ,0.887907, 0.0955234,0.0165694,0.112093
0.03,0.81 ,0.888243, 0.0953917,0.0163652,0.111757
0.03,0.82 ,0.888576, 0.0952605,0.0161637,0.111424
0.03,0.83 ,0.888905, 0.09513,0.0159649,0.111095
0.03,0.84 ,0.889231, 0.095,0.0157687,0.110769
0.03,0.85 ,0.889554, 0.0948706,0.0155752,0.110446
0.03,0.86 ,0.889874, 0.0947419,0.0153842,0.110126
0.03,0.87 ,0.890191, 0.0946137,0.0151957,0.109809
0.03,0.88 ,0.890504, 0.0944861,0.0150097,0.109496
0.03,0.89 ,0.890815, 0.094359,0.0148262,0.109185
0.03,0.9 ,0.891122, 0.0942326,0.0146451,0.108878
0.03,0.91 ,0.891427, 0.0941067,0.0144663,0.108573
0.03,0.92 ,0.891729, 0.0939814,0.01429,0.108271
0.03,0.93 ,0.892027, 0.0938567,0.0141159,0.107973
0.03,0.94 ,0.892323, 0.0937325,0.0139441,0.107677
0.03,0.95 ,0.892617, 0.0936089,0.0137746,0.107383
0.03,0.96 ,0.892907, 0.0934858,0.0136073,0.107093
0.03,0.97 ,0.893194, 0.0933633,0.0134422,0.106806
0.03,0.98 ,0.893479, 0.0932414,0.0132793,0.106521
0.03,0.99 ,0.893762, 0.09312,0.0131184,0.106238
0.03,1 ,0.894041, 0.0929992,0.0129597,0.105959
0.04,0 ,0.845106, 0.108151,0.0467427,0.154894
0.04,0.01 ,0.845931, 0.107964,0.0461054,0.154069
0.04,0.02 ,0.846745, 0.107777,0.0454775,0.153255
0.04,0.03 ,0.84755, 0.107591,0.044859,0.15245
0.04,0.04 ,0.848344, 0.107406,0.0442497,0.151656
0.04,0.05 ,0.849129, 0.107222,0.0436494,0.150871
0.04,0.06 ,0.849904, 0.107038,0.043058,0.150096
0.04,0.07 ,0.850669, 0.106856,0.0424753,0.149331
0.04,0.08 ,0.851425, 0.106674,0.0419013,0.148575
0.04,0.09 ,0.852172, 0.106492,0.0413358,0.147828
0.04,0.1 ,0.85291, 0.106312,0.0407785,0.14709
0.04,0.11 ,0.853639, 0.106132,0.0402295,0.146361
0.04,0.12 ,0.854359, 0.105953,0.0396886,0.145641
0.04,0.13 ,0.85507, 0.105774,0.0391556,0.14493
0.04,0.14 ,0.855773, 0.105597,0.0386305,0.144227
0.04,0.15 ,0.856467, 0.10542,0.038113,0.143533
0.04,0.16 ,0.857153, 0.105244,0.0376031,0.142847
0.04,0.17 ,0.857831, 0.105068,0.0371007,0.142169
0.04,0.18 ,0.858501, 0.104894,0.0366056,0.141499
0.04,0.19 ,0.859163, 0.10472,0.0361177,0.140837
0.04,0.2 ,0.859817, 0.104547,0.0356369,0.140183
0.04,0.21 ,0.860463, 0.104374,0.0351631,0.139537
0.04,0.22 ,0.861101, 0.104203,0.0346962,0.138899
0.04,0.23 ,0.861732, 0.104032,0.0342361,0.138268
0.04,0.24 ,0.862356, 0.103861,0.0337826,0.137644
0.04,0.25 ,0.862972, 0.103692,0.0333357,0.137028
0.04,0.26 ,0.863582, 0.103523,0.0328952,0.136418
0.04,0.27 ,0.864184, 0.103355,0.0324611,0.135816
0.04,0.28 ,0.864779, 0.103188,0.0320332,0.135221
0.04,0.29 ,0.865367, 0.103021,0.0316115,0.134633
0.04,0.3 ,0.865949, 0.102855,0.0311958,0.134051
0.04,0.31 ,0.866524, 0.10269,0.0307861,0.133476
0.04,0.32 ,0.867092, 0.102526,0.0303823,0.132908
0.04,0.33 ,0.867654, 0.102362,0.0299842,0.132346
0.04,0.34 ,0.868209, 0.102199,0.0295918,0.131791
0.04,0.35 ,0.868758, 0.102037,0.029205,0.131242
0.04,0.36 ,0.869301, 0.101875,0.0288237,0.130699
0.04,0.37 ,0.869837, 0.101715,0.0284479,0.130163
0.04,0.38 ,0.870368, 0.101555,0.0280773,0.129632
0.04,0.39 ,0.870893, 0.101395,0.027712,0.129107
0.04,0.4 ,0.871412, 0.101236,0.0273519,0.128588
0.04,0.41 ,0.871925, 0.101078,0.0269969,0.128075
0.04,0.42 ,0.872432, 0.100921,0.0266468,0.127568
0.04,0.43 ,0.872934, 0.100765,0.0263017,0.127066
0.04,0.44 ,0.87343, 0.100609,0.0259615,0.12657
0.04,0.45 ,0.873921, 0.100453,0.025626,0.126079
0.04,0.46 ,0.874406, 0.100299,0.0252952,0.125594
0.04,0.47 ,0.874886, 0.100145,0.0249691,0.125114
0.04,0.48 ,0.875361, 0.099992,0.0246475,0.124639
0.04,0.49 ,0.87583, 0.0998395,0.0243304,0.12417
0.04,0.5 ,0.876294, 0.0996877,0.0240178,0.123706
0.04,0.51 ,0.876754, 0.0995367,0.0237094,0.123246
0.04,0.52 ,0.877208, 0.0993862,0.0234054,0.122792
0.04,0.53 ,0.877658, 0.0992365,0.0231056,0.122342
0.04,0.54 ,0.878103, 0.0990874,0.0228099,0.121897
0.04,0.55 ,0.878543, 0.0989391,0.0225183,0.121457
0.04,0.56 ,0.878978, 0.0987913,0.0222308,0.121022
0.04,0.57 ,0.879409, 0.0986443,0.0219472,0.120591
0.04,0.58 ,0.879835, 0.0984979,0.0216675,0.120165
0.04,0.59 ,0.880256, 0.0983521,0.0213917,0.119744
0.04,0.6 ,0.880673, 0.0982071,0.0211196,0.119327
0.04,0.61 ,0.881086, 0.0980626,0.0208513,0.118914
0.04,0.62 ,0.881494, 0.0979189,0.0205867,0.118506
0.04,0.63 ,0.881899, 0.0977758,0.0203256,0.118101
0.04,0.64 ,0.882299, 0.0976333,0.0200682,0.117701
0.04,0.65 ,0.882694, 0.0974915,0.0198142,0.117306
0.04,0.66 ,0.883086, 0.0973503,0.0195637,0.116914
0.04,0.67 ,0.883474, 0.0972097,0.0193166,0.116526
0.04,0.68 ,0.883857, 0.0970698,0.0190729,0.116143
0.04,0.69 ,0.884237, 0.0969306,0.0188325,0.115763
0.04,0.7 ,0.884613, 0.0967919,0.0185953,0.115387
0.04,0.71 ,0.884985, 0.0966539,0.0183613,0.115015
0.04,0.72 ,0.885353, 0.0965165,0.0181305,0.114647
0.04,0.73 ,0.885717, 0.0963797,0.0179028,0.114283
0.04,0.74 ,0.886078, 0.0962436,0.0176782,0.113922
0.04,0.75 ,0.886435, 0.0961081,0.0174566,0.113565
0.04,0.76 ,0.886789, 0.0959732,0.0172379,0.113211
0.04,0.77 ,0.887139, 0.0958389,0.0170222,0.112861
0.04,0.78 ,0.887485, 0.0957052,0.0168094,0.112515
0.04,0.79 ,0.887828, 0.0955721,0.0165994,0.112172
0.04,0.8 ,0.888168, 0.0954396,0.0163922,0.111832
0.04,0.81 ,0.888504, 0.0953078,0.0161878,0.111496
0.04,0.82 ,0.888837, 0.0951765,0.0159861,0.111163
0.04,0.83 ,0.889167, 0.0950458,0.0157871,0.110833
0.04,0.84 ,0.889493, 0.0949157,0.0155908,0.110507
0.04,0.85 ,0.889817, 0.0947862,0.015397,0.110183
0.04,0.86 ,0.890137, 0.0946573,0.0152059,0.109863
0.04,0.87 ,0.890454, 0.094529,0.0150172,0.109546
0.04,0.88 ,0.890768, 0.0944013,0.014831,0.109232
0.04,0.89 ,0.891079, 0.0942741,0.0146473,0.108921
0.04,0.9 ,0.891386, 0.0941475,0.0144661,0.108614
0.04,0.91 ,0.891691, 0.0940215,0.0142872,0.108309
0.04,0.92 ,0.891993, 0.0938961,0.0141106,0.108007
0.04,0.93 ,0.892292, 0.0937712,0.0139364,0.107708
0.04,0.94 ,0.892589, 0.093647,0.0137645,0.107411
0.04,0.95 ,0.892882, 0.0935232,0.0135948,0.107118
0.04,0.96 ,0.893173, 0.0934,0.0134273,0.106827
0.04,0.97 ,0.89346, 0.0932774,0.0132621,0.10654
0.04,0.98 ,0.893746, 0.0931554,0.013099,0.106254
0.04,0.99 ,0.894028, 0.0930339,0.012938,0.105972
0.04,1 ,0.894308, 0.0929129,0.0127791,0.105692
0.05,0 ,0.845325, 0.108081,0.0465948,0.154675
0.05,0.01 ,0.84615, 0.107893,0.0459569,0.15385
0.05,0.02 ,0.846965, 0.107706,0.0453284,0.153035
0.05,0.03 ,0.84777, 0.10752,0.0447093,0.15223
0.05,0.04 ,0.848566, 0.107335,0.0440995,0.151434
0.05,0.05 ,0.849351, 0.107151,0.0434986,0.150649
0.05,0.06 ,0.850127, 0.106967,0.0429067,0.149873
0.05,0.07 ,0.850893, 0.106784,0.0423235,0.149107
0.05,0.08 ,0.85165, 0.106601,0.0417489,0.14835
0.05,0.09 ,0.852397, 0.10642,0.0411829,0.147603
0.05,0.1 ,0.853136, 0.106239,0.0406251,0.146864
0.05,0.11 ,0.853865, 0.106059,0.0400756,0.146135
0.05,0.12 ,0.854586, 0.10588,0.0395342,0.145414
0.05,0.13 ,0.855298, 0.105701,0.0390007,0.144702
0.05,0.14 ,0.856001, 0.105523,0.0384751,0.143999
0.05,0.15 ,0.856696, 0.105346,0.0379571,0.143304
0.05,0.16 ,0.857383, 0.10517,0.0374468,0.142617
0.05,0.17 ,0.858062, 0.104995,0.0369439,0.141938
0.05,0.18 ,0.858732, 0.10482,0.0364483,0.141268
0.05,0.19 ,0.859394, 0.104646,0.03596,0.140606
0.05,0.2 ,0.860049, 0.104472,0.0354788,0.139951
0.05,0.21 ,0.860696, 0.1043,0.0350046,0.139304
0.05,0.22 ,0.861335, 0.104128,0.0345373,0.138665
0.05,0.23 ,0.861966, 0.103957,0.0340767,0.138034
0.05,0.24 ,0.862591, 0.103786,0.0336228,0.137409
0.05,0.25 ,0.863208, 0.103617,0.0331755,0.136792
0.05,0.26 ,0.863818, 0.103448,0.0327346,0.136182
0.05,0.27 ,0.86442, 0.10328,0.0323001,0.13558
0.05,0.28 ,0.865016, 0.103112,0.0318719,0.134984
0.05,0.29 ,0.865605, 0.102945,0.0314498,0.134395
0.05,0.3 ,0.866187, 0.102779,0.0310338,0.133813
0.05,0.31 ,0.866762, 0.102614,0.0306237,0.133238
0.05,0.32 ,0.867331, 0.10245,0.0302195,0.132669
0.05,0.33 ,0.867893, 0.102286,0.0298211,0.132107
0.05,0.34 ,0.868449, 0.102123,0.0294283,0.131551
0.05,0.35 ,0.868999, 0.10196,0.0290412,0.131001
0.05,0.36 ,0.869542, 0.101799,0.0286596,0.130458
0.05,0.37 ,0.870079, 0.101638,0.0282834,0.129921
0.05,0.38 ,0.87061, 0.101477,0.0279125,0.12939
0.05,0.39 ,0.871135, 0.101318,0.0275469,0.128865
0.05,0.4 ,0.871655, 0.101159,0.0271864,0.128345
0.05,0.41 ,0.872168, 0.101001,0.0268311,0.127832
0.05,0.42 ,0.872676, 0.100843,0.0264807,0.127324
0.05,0.43 ,0.873178, 0.100686,0.0261353,0.126822
0.05,0.44 ,0.873675, 0.10053,0.0257948,0.126325
0.05,0.45 ,0.874166, 0.100375,0.025459,0.125834
0.05,0.46 ,0.874652, 0.10022,0.025128,0.125348
0.05,0.47 ,0.875132, 0.100066,0.0248015,0.124868
0.05,0.48 ,0.875607, 0.0999131,0.0244797,0.124393
0.05,0.49 ,0.876077, 0.0997605,0.0241623,0.123923
0.05,0.5 ,0.876542, 0.0996086,0.0238493,0.123458
0.05,0.51 ,0.877002, 0.0994574,0.0235407,0.122998
0.05,0.52 ,0.877457, 0.0993068,0.0232364,0.122543
0.05,0.53 ,0.877907, 0.0991569,0.0229363,0.122093
0.05,0.54 ,0.878352, 0.0990077,0.0226404,0.121648
0.05,0.55 ,0.878792, 0.0988592,0.0223486,0.121208
0.05,0.56 ,0.879228, 0.0987113,0.0220608,0.120772
0.05,0.57 ,0.879659, 0.0985641,0.0217769,0.120341
0.05,0.58 ,0.880085, 0.0984176,0.021497,0.119915
0.05,0.59 ,0.880507, 0.0982717,0.0212209,0.119493
0.05,0.6 ,0.880925, 0.0981265,0.0209486,0.119075
0.05,0.61 ,0.881338, 0.0979819,0.0206801,0.118662
0.05,0.62 ,0.881747, 0.097838,0.0204152,0.118253
0.05,0.63 ,0.882151, 0.0976947,0.0201539,0.117849
0.05,0.64 ,0.882552, 0.0975521,0.0198962,0.117448
0.05,0.65 ,0.882948, 0.0974101,0.0196421,0.117052
0.05,0.66 ,0.88334, 0.0972688,0.0193914,0.11666
0.05,0.67 ,0.883728, 0.0971281,0.019144,0.116272
0.05,0.68 ,0.884112, 0.0969881,0.0189001,0.115888
0.05,0.69 ,0.884492, 0.0968487,0.0186594,0.115508
0.05,0.7 ,0.884868, 0.0967099,0.0184221,0.115132
0.05,0.71 ,0.88524, 0.0965717,0.0181879,0.11476
0.05,0.72 ,0.885609, 0.0964342,0.0179569,0.114391
0.05,0.73 ,0.885974, 0.0962973,0.0177289,0.114026
0.05,0.74 ,0.886335, 0.096161,0.0175041,0.113665
0.05,0.75 ,0.886692, 0.0960254,0.0172823,0.113308
0.05,0.76 ,0.887046, 0.0958903,0.0170635,0.112954
0.05,0.77 ,0.887397, 0.0957559,0.0168476,0.112603
0.05,0.78 ,0.887743, 0.0956221,0.0166345,0.112257
0.05,0.79 ,0.888087, 0.0954889,0.0164244,0.111913
0.05,0.8 ,0.888427, 0.0953563,0.016217,0.111573
0.05,0.81 ,0.888763, 0.0952243,0.0160124,0.111237
0.05,0.82 ,0.889097, 0.0950929,0.0158106,0.110903
0.05,0.83 ,0.889427, 0.0949621,0.0156114,0.110573
0.05,0.84 ,0.889753, 0.0948319,0.0154148,0.110247
0.05,0.85 ,0.890077, 0.0947022,0.0152209,0.109923
0.05,0.86 ,0.890397, 0.0945732,0.0150296,0.109603
0.05,0.87 ,0.890715, 0.0944448,0.0148407,0.109285
0.05,0.88 ,0.891029, 0.0943169,0.0146544,0.108971
0.05,0.89 ,0.89134, 0.0941896,0.0144705,0.10866
0.05,0.9 ,0.891648, 0.0940629,0.0142891,0.108352
0.05,0.91 ,0.891953, 0.0939368,0.01411,0.108047
0.05,0.92 ,0.892255, 0.0938112,0.0139333,0.107745
0.05,0.93 ,0.892555, 0.0936862,0.0137589,0.107445
0.05,0.94 ,0.892851, 0.0935618,0.0135868,0.107149
0.05,0.95 ,0.893145, 0.093438,0.013417,0.106855
0.05,0.96 ,0.893436, 0.0933147,0.0132494,0.106564
0.05,0.97 ,0.893724, 0.0931919,0.013084,0.106276
0.05,0.98 ,0.89401, 0.0930698,0.0129207,0.10599
0.05,0.99 ,0.894292, 0.0929481,0.0127596,0.105708
0.05,1 ,0.894572, 0.0928271,0.0126005,0.105428
0.06,0 ,0.845541, 0.10801,0.0464486,0.154459
0.06,0.01 ,0.846367, 0.107823,0.04581,0.153633
0.06,0.02 ,0.847183, 0.107636,0.045181,0.152817
0.06,0.03 ,0.847989, 0.107449,0.0445614,0.152011
0.06,0.04 ,0.848785, 0.107264,0.0439509,0.151215
0.06,0.05 ,0.849571, 0.107079,0.0433496,0.150429
0.06,0.06 ,0.850348, 0.106895,0.0427571,0.149652
0.06,0.07 ,0.851115, 0.106712,0.0421734,0.148885
0.06,0.08 ,0.851872, 0.10653,0.0415983,0.148128
0.06,0.09 ,0.85262, 0.106348,0.0410317,0.14738
0.06,0.1 ,0.85336, 0.106167,0.0404734,0.14664
0.06,0.11 ,0.85409, 0.105987,0.0399234,0.14591
0.06,0.12 ,0.854811, 0.105807,0.0393815,0.145189
0.06,0.13 ,0.855524, 0.105629,0.0388476,0.144476
0.06,0.14 ,0.856228, 0.105451,0.0383215,0.143772
0.06,0.15 ,0.856924, 0.105273,0.0378031,0.143076
0.06,0.16 ,0.857611, 0.105097,0.0372922,0.142389
0.06,0.17 ,0.85829, 0.104921,0.0367889,0.14171
0.06,0.18 ,0.858961, 0.104746,0.0362929,0.141039
0.06,0.19 ,0.859624, 0.104572,0.0358042,0.140376
0.06,0.2 ,0.860279, 0.104398,0.0353225,0.139721
0.06,0.21 ,0.860926, 0.104226,0.0348479,0.139074
0.06,0.22 ,0.861566, 0.104054,0.0343801,0.138434
0.06,0.23 ,0.862198, 0.103882,0.0339192,0.137802
0.06,0.24 ,0.862823, 0.103712,0.0334649,0.137177
0.06,0.25 ,0.863441, 0.103542,0.0330172,0.136559
0.06,0.26 ,0.864051, 0.103373,0.0325759,0.135949
0.06,0.27 ,0.864654, 0.103205,0.032141,0.135346
0.06,0.28 ,0.865251, 0.103037,0.0317124,0.134749
0.06,0.29 ,0.86584, 0.10287,0.0312899,0.13416
0.06,0.3 ,0.866423, 0.102704,0.0308735,0.133577
0.06,0.31 ,0.866999, 0.102538,0.0304631,0.133001
0.06,0.32 ,0.867568, 0.102374,0.0300585,0.132432
0.06,0.33 ,0.868131, 0.10221,0.0296598,0.131869
0.06,0.34 ,0.868687, 0.102046,0.0292667,0.131313
0.06,0.35 ,0.869237, 0.101884,0.0288792,0.130763
0.06,0.36 ,0.869781, 0.101722,0.0284972,0.130219
0.06,0.37 ,0.870318, 0.101561,0.0281207,0.129682
0.06,0.38 ,0.87085, 0.1014,0.0277495,0.12915
0.06,0.39 ,0.871376, 0.101241,0.0273836,0.128624
0.06,0.4 ,0.871896, 0.101082,0.0270228,0.128104
0.06,0.41 ,0.87241, 0.100923,0.0266671,0.12759
0.06,0.42 ,0.872918, 0.100766,0.0263165,0.127082
0.06,0.43 ,0.87342, 0.100609,0.0259708,0.12658
0.06,0.44 ,0.873917, 0.100453,0.0256299,0.126083
0.06,0.45 ,0.874409, 0.100297,0.0252939,0.125591
0.06,0.46 ,0.874895, 0.100142,0.0249625,0.125105
0.06,0.47 ,0.875376, 0.0999881,0.0246358,0.124624
0.06,0.48 ,0.875852, 0.0998347,0.0243137,0.124148
0.06,0.49 ,0.876322, 0.0996819,0.023996,0.123678
0.06,0.5 ,0.876787, 0.0995298,0.0236828,0.123213
0.06,0.51 ,0.877248, 0.0993785,0.0233739,0.122752
0.06,0.52 ,0.877703, 0.0992277,0.0230694,0.122297
0.06,0.53 ,0.878153, 0.0990777,0.022769,0.121847
0.06,0.54 ,0.878599, 0.0989284,0.0224728,0.121401
0.06,0.55 ,0.87904, 0.0987797,0.0221807,0.12096
0.06,0.56 ,0.879476, 0.0986316,0.0218927,0.120524
0.06,0.57 ,0.879907, 0.0984843,0.0216086,0.120093
0.06,0.58 ,0.880334, 0.0983376,0.0213284,0.119666
0.06,0.59 ,0.880756, 0.0981916,0.0210521,0.119244
0.06,0.6 ,0.881174, 0.0980462,0.0207796,0.118826
0.06,0.61 ,0.881588, 0.0979015,0.0205108,0.118412
0.06,0.62 ,0.881997, 0.0977575,0.0202457,0.118003
0.06,0.63 ,0.882402, 0.097614,0.0199842,0.117598
0.06,0.64 ,0.882802, 0.0974713,0.0197262,0.117198
0.06,0.65 ,0.883199, 0.0973292,0.0194718,0.116801
0.06,0.66 ,0.883591, 0.0971877,0.0192209,0.116409
0.06,0.67 ,0.88398, 0.0970469,0.0189734,0.11602
0.06,0.68 ,0.884364, 0.0969067,0.0187292,0.115636
0.06,0.69 ,0.884744, 0.0967672,0.0184884,0.115256
0.06,0.7 ,0.885121, 0.0966282,0.0182508,0.114879
0.06,0.71 ,0.885494, 0.09649,0.0180164,0.114506
0.06,0.72 ,0.885863, 0.0963523,0.0177851,0.114137
0.06,0.73 ,0.886228, 0.0962153,0.017557,0.113772
0.06,0.74 ,0.886589, 0.0960789,0.017332,0.113411
0.06,0.75 ,0.886947, 0.0959431,0.01711,0.113053
0.06,0.76 ,0.887301, 0.0958079,0.016891,0.112699
0.06,0.77 ,0.887652, 0.0956733,0.0166749,0.112348
0.06,0.78 ,0.887999, 0.0955394,0.0164617,0.112001
0.06,0.79 ,0.888343, 0.095406,0.0162513,0.111657
0.06,0.8 ,0.888683, 0.0952733,0.0160438,0.111317
0.06,0.81 ,0.88902, 0.0951412,0.015839,0.11098
0.06,0.82 ,0.889353, 0.0950096,0.0156369,0.110647
0.06,0.83 ,0.889684, 0.0948787,0.0154376,0.110316
0.06,0.84 ,0.890011, 0.0947484,0.0152409,0.109989
0.06,0.85 ,0.890335, 0.0946186,0.0150468,0.109665
0.06,0.86 ,0.890655, 0.0944895,0.0148552,0.109345
0.06,0.87 ,0.890973, 0.0943609,0.0146662,0.109027
0.06,0.88 ,0.891287, 0.0942329,0.0144797,0.108713
0.06,0.89 ,0.891599, 0.0941055,0.0142957,0.108401
0.06,0.9 ,0.891907, 0.0939787,0.0141141,0.108093
0.06,0.91 ,0.892213, 0.0938524,0.0139349,0.107787
0.06,0.92 ,0.892515, 0.0937267,0.013758,0.107485
0.06,0.93 ,0.892815, 0.0936016,0.0135835,0.107185
0.06,0.94 ,0.893112, 0.0934771,0.0134112,0.106888
0.06,0.95 ,0.893406, 0.0933531,0.0132412,0.106594
0.06,0.96 ,0.893697, 0.0932297,0.0130734,0.106303
0.06,0.97 ,0.893985, 0.0931068,0.0129079,0.106015
0.06,0.98 ,0.894271, 0.0929845,0.0127444,0.105729
0.06,0.99 ,0.894554, 0.0928628,0.0125832,0.105446
0.06,1 ,0.894834, 0.0927416,0.012424,0.105166
0.07,0 ,0.845756, 0.10794,0.046304,0.154244
0.07,0.01 ,0.846583, 0.107753,0.0456649,0.153417
0.07,0.02 ,0.847399, 0.107565,0.0450354,0.152601
0.07,0.03 ,0.848206, 0.107379,0.0444151,0.151794
0.07,0.04 ,0.849003, 0.107193,0.0438041,0.150997
0.07,0.05 ,0.849789, 0.107008,0.0432022,0.150211
0.07,0.06 ,0.850567, 0.106824,0.0426092,0.149433
0.07,0.07 ,0.851334, 0.106641,0.0420249,0.148666
0.07,0.08 ,0.852092, 0.106458,0.0414493,0.147908
0.07,0.09 ,0.852841, 0.106276,0.0408822,0.147159
0.07,0.1 ,0.853581, 0.106095,0.0403235,0.146419
0.07,0.11 ,0.854312, 0.105915,0.039773,0.145688
0.07,0.12 ,0.855034, 0.105735,0.0392306,0.144966
0.07,0.13 ,0.855748, 0.105556,0.0386962,0.144252
0.07,0.14 ,0.856452, 0.105378,0.0381696,0.143548
0.07,0.15 ,0.857149, 0.105201,0.0376507,0.142851
0.07,0.16 ,0.857836, 0.105024,0.0371395,0.142164
0.07,0.17 ,0.858516, 0.104848,0.0366357,0.141484
0.07,0.18 ,0.859188, 0.104673,0.0361392,0.140812
0.07,0.19 ,0.859851, 0.104499,0.03565,0.140149
0.07,0.2 ,0.860507, 0.104325,0.035168,0.139493
0.07,0.21 ,0.861155, 0.104152,0.0346929,0.138845
0.07,0.22 ,0.861795, 0.10398,0.0342248,0.138205
0.07,0.23 ,0.862428, 0.103808,0.0337634,0.137572
0.07,0.24 ,0.863054, 0.103638,0.0333087,0.136946
0.07,0.25 ,0.863672, 0.103468,0.0328606,0.136328
0.07,0.26 ,0.864283, 0.103298,0.0324189,0.135717
0.07,0.27 ,0.864887, 0.10313,0.0319837,0.135113
0.07,0.28 ,0.865483, 0.102962,0.0315547,0.134517
0.07,0.29 ,0.866073, 0.102795,0.0311318,0.133927
0.07,0.3 ,0.866656, 0.102629,0.0307151,0.133344
0.07,0.31 ,0.867233, 0.102463,0.0303043,0.132767
0.07,0.32 ,0.867803, 0.102298,0.0298994,0.132197
0.07,0.33 ,0.868366, 0.102134,0.0295003,0.131634
0.07,0.34 ,0.868923, 0.10197,0.0291068,0.131077
0.07,0.35 ,0.869473, 0.101808,0.028719,0.130527
0.07,0.36 ,0.870018, 0.101646,0.0283367,0.129982
0.07,0.37 ,0.870556, 0.101484,0.0279599,0.129444
0.07,0.38 ,0.871088, 0.101324,0.0275883,0.128912
0.07,0.39 ,0.871614, 0.101164,0.0272221,0.128386
0.07,0.4 ,0.872134, 0.101005,0.026861,0.127866
0.07,0.41 ,0.872649, 0.100846,0.026505,0.127351
0.07,0.42 ,0.873157, 0.100689,0.0261541,0.126843
0.07,0.43 ,0.87366, 0.100531,0.0258081,0.12634
0.07,0.44 ,0.874158, 0.100375,0.0254669,0.125842
0.07,0.45 ,0.87465, 0.100219,0.0251306,0.12535
0.07,0.46 ,0.875137, 0.100064,0.024799,0.124863
0.07,0.47 ,0.875618, 0.0999102,0.024472,0.124382
0.07,0.48 ,0.876094, 0.0997566,0.0241495,0.123906
0.07,0.49 ,0.876565, 0.0996037,0.0238316,0.123435
0.07,0.5 ,0.87703, 0.0994514,0.0235181,0.12297
0.07,0.51 ,0.877491, 0.0992999,0.023209,0.122509
0.07,0.52 ,0.877947, 0.099149,0.0229041,0.122053
0.07,0.53 ,0.878398, 0.0989989,0.0226035,0.121602
0.07,0.54 ,0.878844, 0.0988494,0.0223071,0.121156
0.07,0.55 ,0.879285, 0.0987005,0.0220147,0.120715
0.07,0.56 ,0.879721, 0.0985524,0.0217264,0.120279
0.07,0.57 ,0.880153, 0.0984049,0.0214421,0.119847
0.07,0.58 ,0.88058, 0.098258,0.0211617,0.11942
0.07,0.59 ,0.881003, 0.0981119,0.0208851,0.118997
0.07,0.6 ,0.881421, 0.0979663,0.0206124,0.118579
0.07,0.61 ,0.881835, 0.0978215,0.0203433,0.118165
0.07,0.62 ,0.882245, 0.0976773,0.020078,0.117755
0.07,0.63 ,0.88265, 0.0975338,0.0198163,0.11735
0.07,0.64 ,0.883051, 0.0973909,0.0195581,0.116949
0.07,0.65 ,0.883448, 0.0972486,0.0193035,0.116552
0.07,0.66 ,0.883841, 0.097107,0.0190524,0.116159
0.07,0.67 ,0.884229, 0.096966,0.0188046,0.115771
0.07,0.68 ,0.884614, 0.0968257,0.0185602,0.115386
0.07,0.69 ,0.884995, 0.096686,0.0183192,0.115005
0.07,0.7 ,0.885372, 0.096547,0.0180814,0.114628
0.07,0.71 ,0.885745, 0.0964086,0.0178468,0.114255
0.07,0.72 ,0.886114, 0.0962708,0.0176154,0.113886
0.07,0.73 ,0.886479, 0.0961336,0.017387,0.113521
0.07,0.74 ,0.886841, 0.0959971,0.0171618,0.113159
0.07,0.75 ,0.887199, 0.0958611,0.0169396,0.112801
0.07,0.76 ,0.887554, 0.0957258,0.0167204,0.112446
0.07,0.77 ,0.887905, 0.0955911,0.0165041,0.112095
0.07,0.78 ,0.888252, 0.095457,0.0162907,0.111748
0.07,0.79 ,0.888596, 0.0953236,0.0160802,0.111404
0.07,0.8 ,0.888937, 0.0951907,0.0158724,0.111063
0.07,0.81 ,0.889274, 0.0950584,0.0156675,0.110726
0.07,0.82 ,0.889608, 0.0949268,0.0154653,0.110392
0.07,0.83 ,0.889939, 0.0947957,0.0152657,0.110061
0.07,0.84 ,0.890266, 0.0946653,0.0150688,0.109734
0.07,0.85 ,0.89059, 0.0945354,0.0148746,0.10941
0.07,0.86 ,0.890911, 0.0944061,0.0146829,0.109089
0.07,0.87 ,0.891229, 0.0942774,0.0144937,0.108771
0.07,0.88 ,0.891544, 0.0941493,0.014307,0.108456
0.07,0.89 ,0.891855, 0.0940218,0.0141228,0.108145
0.07,0.9 ,0.892164, 0.0938948,0.013941,0.107836
0.07,0.91 ,0.89247, 0.0937684,0.0137617,0.10753
0.07,0.92 ,0.892773, 0.0936426,0.0135846,0.107227
0.07,0.93 ,0.893073, 0.0935174,0.0134099,0.106927
0.07,0.94 ,0.89337, 0.0933928,0.0132375,0.10663
0.07,0.95 ,0.893664, 0.0932687,0.0130674,0.106336
0.07,0.96 ,0.893955, 0.0931451,0.0128995,0.106045
0.07,0.97 ,0.894244, 0.0930222,0.0127337,0.105756
0.07,0.98 ,0.89453, 0.0928997,0.0125702,0.10547
