e1,e2,V,Rs,Rv,P
0,0 ,0.134982, 0.00593156,0.859086,0.865018
0,0.01 ,0.139762, 0.00592576,0.854312,0.860238
0,0.02 ,0.144704, 0.00592002,0.849376,0.855296
0,0.03 ,0.149811, 0.00591435,0.844274,0.850189
0,0.04 ,0.155084, 0.00590873,0.839007,0.844916
0,0.05 ,0.160523, 0.00590317,0.833574,0.839477
0,0.06 ,0.166127, 0.00589766,0.827976,0.833873
0,0.07 ,0.171891, 0.00589221,0.822216,0.828109
0,0.08 ,0.177812, 0.00588682,0.816301,0.822188
0,0.09 ,0.183882, 0.00588149,0.810236,0.816118
0,0.1 ,0.19009, 0.00587621,0.804034,0.80991
0,0.11 ,0.196421, 0.00587098,0.797708,0.803579
0,0.12 ,0.20286, 0.00586581,0.791274,0.79714
0,0.13 ,0.209383, 0.00586069,0.784756,0.790617
0,0.14 ,0.215965, 0.00585562,0.778179,0.784035
0,0.15 ,0.222575, 0.00585061,0.771575,0.777425
0,0.16 ,0.229177, 0.00584564,0.764978,0.770823
0,0.17 ,0.235731, 0.00584073,0.758429,0.764269
0,0.18 ,0.242192, 0.00583587,0.751972,0.757808
0,0.19 ,0.248515, 0.00583105,0.745654,0.751485
0,0.2 ,0.254649, 0.00582629,0.739525,0.745351
0,0.21 ,0.260545, 0.00582157,0.733634,0.739455
0,0.22 ,0.266155, 0.0058169,0.728028,0.733845
0,0.23 ,0.271436, 0.00581227,0.722751,0.728564
0,0.24 ,0.27635, 0.00580769,0.717843,0.72365
0,0.25 ,0.280865, 0.00580316,0.713332,0.719135
0,0.26 ,0.284959, 0.00579867,0.709242,0.715041
0,0.27 ,0.288622, 0.00579423,0.705583,0.711378
0,0.28 ,0.291852, 0.00578983,0.702359,0.708148
0,0.29 ,0.294655, 0.00578547,0.69956,0.705345
0,0.3 ,0.297048, 0.00578116,0.697171,0.702952
0,0.31 ,0.299055, 0.00577689,0.695168,0.700945
0,0.32 ,0.300703, 0.00577265,0.693524,0.699297
0,0.33 ,0.302025, 0.00576846,0.692207,0.697975
0,0.34 ,0.303054, 0.00576431,0.691182,0.696946
0,0.35 ,0.303825, 0.0057602,0.690415,0.696175
0,0.36 ,0.304371, 0.00575613,0.689873,0.695629
0,0.37 ,0.304723, 0.0057521,0.689524,0.695277
0,0.38 ,0.304913, 0.00574811,0.689339,0.695087
0,0.39 ,0.304965, 0.00574415,0.689291,0.695035
0,0.4 ,0.304905, 0.00574023,0.689354,0.695095
0,0.41 ,0.304754, 0.00573635,0.689509,0.695246
0,0.42 ,0.304531, 0.0057325,0.689737,0.695469
0,0.43 ,0.304251, 0.00572869,0.69002,0.695749
0,0.44 ,0.303929, 0.00572491,0.690347,0.696071
0,0.45 ,0.303575, 0.00572117,0.690704,0.696425
0,0.46 ,0.3032, 0.00571747,0.691083,0.6968
0,0.47 ,0.302811, 0.00571379,0.691475,0.697189
0,0.48 ,0.302415, 0.00571015,0.691875,0.697585
0,0.49 ,0.302018, 0.00570654,0.692275,0.697982
0,0.5 ,0.301624, 0.00570297,0.692673,0.698376
0,0.51 ,0.301235, 0.00569943,0.693065,0.698765
0,0.52 ,0.300856, 0.00569592,0.693448,0.699144
0,0.53 ,0.300487, 0.00569244,0.693821,0.699513
0,0.54 ,0.30013, 0.00568899,0.694181,0.69987
0,0.55 ,0.299786, 0.00568557,0.694528,0.700214
0,0.56 ,0.299456, 0.00568218,0.694861,0.700544
0,0.57 ,0.299141, 0.00567882,0.69518,0.700859
0,0.58 ,0.29884, 0.00567549,0.695485,0.70116
0,0.59 ,0.298553, 0.00567219,0.695775,0.701447
0,0.6 ,0.29828, 0.00566891,0.696051,0.70172
0,0.61 ,0.298021, 0.00566567,0.696313,0.701979
0,0.62 ,0.297776, 0.00566245,0.696562,0.702224
0,0.63 ,0.297543, 0.00565926,0.696797,0.702457
0,0.64 ,0.297324, 0.0056561,0.69702,0.702676
0,0.65 ,0.297116, 0.00565296,0.697231,0.702884
0,0.66 ,0.296919, 0.00564985,0.697431,0.703081
0,0.67 ,0.296734, 0.00564676,0.697619,0.703266
0,0.68 ,0.296559, 0.0056437,0.697797,0.703441
0,0.69 ,0.296394, 0.00564067,0.697966,0.703606
0,0.7 ,0.296238, 0.00563766,0.698124,0.703762
0,0.71 ,0.296091, 0.00563468,0.698275,0.703909
0,0.72 ,0.295952, 0.00563172,0.698416,0.704048
0,0.73 ,0.295821, 0.00562878,0.69855,0.704179
0,0.74 ,0.295697, 0.00562587,0.698677,0.704303
0,0.75 ,0.295581, 0.00562298,0.698796,0.704419
0,0.76 ,0.29547, 0.00562011,0.69891,0.70453
0,0.77 ,0.295366, 0.00561727,0.699017,0.704634
0,0.78 ,0.295268, 0.00561445,0.699118,0.704732
0,0.79 ,0.295175, 0.00561165,0.699214,0.704825
0,0.8 ,0.295087, 0.00560887,0.699305,0.704913
0,0.81 ,0.295003, 0.00560612,0.699391,0.704997
0,0.82 ,0.294924, 0.00560338,0.699472,0.705076
0,0.83 ,0.29485, 0.00560067,0.69955,0.70515
0,0.84 ,0.294779, 0.00559798,0.699623,0.705221
0,0.85 ,0.294711, 0.00559531,0.699693,0.705289
0,0.86 ,0.294648, 0.00559266,0.69976,0.705352
0,0.87 ,0.294587, 0.00559003,0.699823,0.705413
0,0.88 ,0.29453, 0.00558742,0.699883,0.70547
0,0.89 ,0.294475, 0.00558483,0.69994,0.705525
0,0.9 ,0.294423, 0.00558226,0.699995,0.705577
0,0.91 ,0.294373, 0.00557971,0.700047,0.705627
0,0.92 ,0.294326, 0.00557717,0.700097,0.705674
0,0.93 ,0.294281, 0.00557466,0.700145,0.705719
0,0.94 ,0.294238, 0.00557217,0.70019,0.705762
0,0.95 ,0.294197, 0.00556969,0.700234,0.705803
0,0.96 ,0.294157, 0.00556723,0.700275,0.705843
0,0.97 ,0.29412, 0.00556479,0.700315,0.70588
0,0.98 ,0.294084, 0.00556237,0.700354,0.705916
0,0.99 ,0.29405, 0.00555996,0.70039,0.70595
0,1 ,0.294017, 0.00555757,0.700426,0.705983
0.01,0 ,0.134197, 0.00592717,0.859876,0.865803
0.01,0.01 ,0.138962, 0.00592136,0.855117,0.861038
0.01,0.02 ,0.143893, 0.00591562,0.850191,0.856107
0.01,0.03 ,0.148994, 0.00590994,0.845096,0.851006
0.01,0.04 ,0.154266, 0.00590432,0.839829,0.845734
0.01,0.05 ,0.159712, 0.00589875,0.834389,0.840288
0.01,0.06 ,0.165331, 0.00589325,0.828776,0.834669
0.01,0.07 ,0.171121, 0.00588779,0.822991,0.828879
0.01,0.08 ,0.177081, 0.0058824,0.817036,0.822919
0.01,0.09 ,0.183205, 0.00587706,0.810918,0.816795
0.01,0.1 ,0.189484, 0.00587178,0.804644,0.810516
0.01,0.11 ,0.195909, 0.00586655,0.798225,0.804091
0.01,0.12 ,0.202463, 0.00586137,0.791675,0.797537
0.01,0.13 ,0.20913, 0.00585625,0.785014,0.79087
0.01,0.14 ,0.215885, 0.00585118,0.778264,0.784115
0.01,0.15 ,0.222701, 0.00584616,0.771453,0.777299
0.01,0.16 ,0.229545, 0.0058412,0.764614,0.770455
0.01,0.17 ,0.236379, 0.00583628,0.757785,0.763621
0.01,0.18 ,0.243159, 0.00583141,0.75101,0.756841
0.01,0.19 ,0.249838, 0.00582659,0.744335,0.750162
0.01,0.2 ,0.256366, 0.00582183,0.737812,0.743634
0.01,0.21 ,0.262689, 0.00581711,0.731494,0.737311
0.01,0.22 ,0.268755, 0.00581243,0.725432,0.731245
0.01,0.23 ,0.274514, 0.0058078,0.719678,0.725486
0.01,0.24 ,0.279918, 0.00580322,0.714279,0.720082
0.01,0.25 ,0.284928, 0.00579869,0.709274,0.715072
0.01,0.26 ,0.289512, 0.0057942,0.704694,0.710488
0.01,0.27 ,0.29365, 0.00578975,0.700561,0.70635
0.01,0.28 ,0.297331, 0.00578535,0.696884,0.702669
0.01,0.29 ,0.300555, 0.00578099,0.693664,0.699445
0.01,0.3 ,0.303335, 0.00577667,0.690889,0.696665
0.01,0.31 ,0.305688, 0.0057724,0.688539,0.694312
0.01,0.32 ,0.307643, 0.00576817,0.686589,0.692357
0.01,0.33 ,0.30923, 0.00576397,0.685006,0.69077
0.01,0.34 ,0.310487, 0.00575982,0.683754,0.689513
0.01,0.35 ,0.311448, 0.00575571,0.682797,0.688552
0.01,0.36 ,0.31215, 0.00575164,0.682098,0.68785
0.01,0.37 ,0.31263, 0.0057476,0.681622,0.68737
0.01,0.38 ,0.31292, 0.00574361,0.681337,0.68708
0.01,0.39 ,0.313051, 0.00573965,0.68121,0.686949
0.01,0.4 ,0.31305, 0.00573573,0.681214,0.68695
0.01,0.41 ,0.312942, 0.00573184,0.681326,0.687058
0.01,0.42 ,0.312749, 0.005728,0.681523,0.687251
0.01,0.43 ,0.312488, 0.00572418,0.681788,0.687512
0.01,0.44 ,0.312176, 0.00572041,0.682104,0.687824
0.01,0.45 ,0.311826, 0.00571666,0.682457,0.688174
0.01,0.46 ,0.311449, 0.00571295,0.682838,0.688551
0.01,0.47 ,0.311055, 0.00570928,0.683235,0.688945
0.01,0.48 ,0.310651, 0.00570564,0.683643,0.689349
0.01,0.49 ,0.310244, 0.00570203,0.684054,0.689756
0.01,0.5 ,0.309838, 0.00569845,0.684464,0.690162
0.01,0.51 ,0.309437, 0.00569491,0.684869,0.690563
0.01,0.52 ,0.309044, 0.0056914,0.685265,0.690956
0.01,0.53 ,0.308661, 0.00568792,0.685651,0.691339
0.01,0.54 ,0.308292, 0.00568447,0.686024,0.691708
0.01,0.55 ,0.307935, 0.00568104,0.686384,0.692065
0.01,0.56 ,0.307593, 0.00567765,0.686729,0.692407
0.01,0.57 ,0.307265, 0.00567429,0.68706,0.692735
0.01,0.58 ,0.306953, 0.00567096,0.687376,0.693047
0.01,0.59 ,0.306656, 0.00566766,0.687677,0.693344
0.01,0.6 ,0.306373, 0.00566438,0.687963,0.693627
0.01,0.61 ,0.306105, 0.00566114,0.688234,0.693895
0.01,0.62 ,0.305851, 0.00565792,0.688492,0.694149
0.01,0.63 ,0.30561, 0.00565473,0.688735,0.69439
0.01,0.64 ,0.305383, 0.00565156,0.688966,0.694617
0.01,0.65 ,0.305168, 0.00564843,0.689183,0.694832
0.01,0.66 ,0.304965, 0.00564531,0.689389,0.695035
0.01,0.67 ,0.304774, 0.00564223,0.689584,0.695226
0.01,0.68 ,0.304594, 0.00563917,0.689767,0.695406
0.01,0.69 ,0.304423, 0.00563613,0.68994,0.695577
0.01,0.7 ,0.304263, 0.00563312,0.690104,0.695737
0.01,0.71 ,0.304112, 0.00563014,0.690258,0.695888
0.01,0.72 ,0.303969, 0.00562718,0.690404,0.696031
0.01,0.73 ,0.303834, 0.00562424,0.690541,0.696166
0.01,0.74 ,0.303707, 0.00562132,0.690671,0.696293
0.01,0.75 ,0.303588, 0.00561843,0.690794,0.696412
0.01,0.76 ,0.303475, 0.00561557,0.69091,0.696525
0.01,0.77 ,0.303368, 0.00561272,0.691019,0.696632
0.01,0.78 ,0.303267, 0.0056099,0.691123,0.696733
0.01,0.79 ,0.303172, 0.0056071,0.691221,0.696828
0.01,0.8 ,0.303082, 0.00560433,0.691314,0.696918
0.01,0.81 ,0.302997, 0.00560157,0.691402,0.697003
0.01,0.82 ,0.302916, 0.00559884,0.691485,0.697084
0.01,0.83 ,0.30284, 0.00559612,0.691564,0.69716
0.01,0.84 ,0.302768, 0.00559343,0.691639,0.697232
0.01,0.85 ,0.302699, 0.00559076,0.69171,0.697301
0.01,0.86 ,0.302634, 0.00558811,0.691778,0.697366
0.01,0.87 ,0.302572, 0.00558548,0.691842,0.697428
0.01,0.88 ,0.302514, 0.00558287,0.691904,0.697486
0.01,0.89 ,0.302458, 0.00558028,0.691962,0.697542
0.01,0.9 ,0.302405, 0.00557771,0.692018,0.697595
0.01,0.91 ,0.302354, 0.00557515,0.692071,0.697646
0.01,0.92 ,0.302306, 0.00557262,0.692121,0.697694
0.01,0.93 ,0.30226, 0.00557011,0.69217,0.69774
0.01,0.94 ,0.302216, 0.00556761,0.692216,0.697784
0.01,0.95 ,0.302175, 0.00556513,0.69226,0.697825
0.01,0.96 ,0.302135, 0.00556267,0.692303,0.697865
0.01,0.97 ,0.302097, 0.00556023,0.692343,0.697903
0.01,0.98 ,0.30206, 0.00555781,0.692382,0.69794
0.01,0.99 ,0.302025, 0.0055554,0.692419,0.697975
0.01,1 ,0.301992, 0.00555302,0.692455,0.698008
0.02,0 ,0.133407, 0.00592281,0.86067,0.866593
0.02,0.01 ,0.138153, 0.00591701,0.85593,0.861847
0.02,0.02 ,0.143068, 0.00591126,0.851021,0.856932
0.02,0.03 ,0.148156, 0.00590558,0.845939,0.851844
0.02,0.04 ,0.15342, 0.00589995,0.84068,0.84658
0.02,0.05 ,0.158864, 0.00589438,0.835242,0.841136
0.02,0.06 ,0.164488, 0.00588887,0.829623,0.835512
0.02,0.07 ,0.170293, 0.00588342,0.823824,0.829707
0.02,0.08 ,0.176278, 0.00587802,0.817844,0.823722
0.02,0.09 ,0.182441, 0.00587268,0.811687,0.817559
0.02,0.1 ,0.188775, 0.00586739,0.805358,0.811225
0.02,0.11 ,0.195272, 0.00586216,0.798866,0.804728
0.02,0.12 ,0.201922, 0.00585698,0.792221,0.798078
0.02,0.13 ,0.208709, 0.00585186,0.78544,0.791291
0.02,0.14 ,0.215612, 0.00584678,0.778541,0.784388
0.02,0.15 ,0.222609, 0.00584176,0.771549,0.777391
0.02,0.16 ,0.229669, 0.00583679,0.764494,0.770331
0.02,0.17 ,0.236757, 0.00583187,0.757411,0.763243
0.02,0.18 ,0.243832, 0.005827,0.750341,0.756168
0.02,0.19 ,0.250847, 0.00582218,0.743331,0.749153
0.02,0.2 ,0.257752, 0.00581741,0.736431,0.742248
0.02,0.21 ,0.264492, 0.00581269,0.729696,0.735508
0.02,0.22 ,0.27101, 0.00580801,0.723182,0.72899
0.02,0.23 ,0.27725, 0.00580338,0.716947,0.72275
0.02,0.24 ,0.283158, 0.0057988,0.711043,0.716842
0.02,0.25 ,0.288685, 0.00579426,0.705521,0.711315
0.02,0.26 ,0.293789, 0.00578977,0.700421,0.706211
0.02,0.27 ,0.298439, 0.00578532,0.695776,0.701561
0.02,0.28 ,0.302614, 0.00578092,0.691605,0.697386
0.02,0.29 ,0.306306, 0.00577656,0.687917,0.693694
0.02,0.3 ,0.309519, 0.00577224,0.684708,0.690481
0.02,0.31 ,0.312267, 0.00576796,0.681965,0.687733
0.02,0.32 ,0.314574, 0.00576373,0.679663,0.685426
0.02,0.33 ,0.316469, 0.00575953,0.677771,0.683531
0.02,0.34 ,0.317991, 0.00575538,0.676254,0.682009
0.02,0.35 ,0.319176, 0.00575126,0.675073,0.680824
0.02,0.36 ,0.320064, 0.00574719,0.674188,0.679936
0.02,0.37 ,0.320696, 0.00574315,0.673561,0.679304
0.02,0.38 ,0.321107, 0.00573916,0.673154,0.678893
0.02,0.39 ,0.321333, 0.0057352,0.672932,0.678667
0.02,0.4 ,0.321405, 0.00573127,0.672864,0.678595
0.02,0.41 ,0.321351, 0.00572739,0.672922,0.678649
0.02,0.42 ,0.321195, 0.00572354,0.673081,0.678805
0.02,0.43 ,0.32096, 0.00571972,0.67332,0.67904
0.02,0.44 ,0.320663, 0.00571594,0.673621,0.679337
0.02,0.45 ,0.320321, 0.0057122,0.673967,0.679679
0.02,0.46 ,0.319945, 0.00570849,0.674347,0.680055
0.02,0.47 ,0.319547, 0.00570481,0.674748,0.680453
0.02,0.48 ,0.319136, 0.00570117,0.675163,0.680864
0.02,0.49 ,0.318718, 0.00569756,0.675584,0.681282
0.02,0.5 ,0.3183, 0.00569398,0.676006,0.6817
0.02,0.51 ,0.317886, 0.00569044,0.676423,0.682114
0.02,0.52 ,0.31748, 0.00568692,0.676833,0.68252
0.02,0.53 ,0.317084, 0.00568344,0.677233,0.682916
0.02,0.54 ,0.3167, 0.00567999,0.67762,0.6833
0.02,0.55 ,0.316331, 0.00567657,0.677993,0.683669
0.02,0.56 ,0.315975, 0.00567318,0.678351,0.684025
0.02,0.57 ,0.315636, 0.00566982,0.678695,0.684364
0.02,0.58 ,0.315311, 0.00566648,0.679022,0.684689
0.02,0.59 ,0.315003, 0.00566318,0.679334,0.684997
0.02,0.6 ,0.31471, 0.0056599,0.67963,0.68529
0.02,0.61 ,0.314432, 0.00565666,0.679912,0.685568
0.02,0.62 ,0.314169, 0.00565344,0.680178,0.685831
0.02,0.63 ,0.31392, 0.00565024,0.68043,0.68608
0.02,0.64 ,0.313685, 0.00564708,0.680668,0.686315
0.02,0.65 ,0.313463, 0.00564394,0.680893,0.686537
0.02,0.66 ,0.313253, 0.00564083,0.681106,0.686747
0.02,0.67 ,0.313056, 0.00563774,0.681306,0.686944
0.02,0.68 ,0.31287, 0.00563468,0.681495,0.68713
0.02,0.69 ,0.312695, 0.00563164,0.681674,0.687305
0.02,0.7 ,0.312529, 0.00562863,0.681842,0.687471
0.02,0.71 ,0.312374, 0.00562564,0.682001,0.687626
0.02,0.72 ,0.312227, 0.00562268,0.68215,0.687773
0.02,0.73 ,0.312089, 0.00561974,0.682292,0.687911
0.02,0.74 ,0.311958, 0.00561683,0.682425,0.688042
0.02,0.75 ,0.311836, 0.00561394,0.68255,0.688164
0.02,0.76 ,0.31172, 0.00561107,0.682669,0.68828
0.02,0.77 ,0.31161, 0.00560823,0.682781,0.68839
0.02,0.78 ,0.311507, 0.00560541,0.682887,0.688493
0.02,0.79 ,0.31141, 0.00560261,0.682988,0.68859
0.02,0.8 ,0.311318, 0.00559983,0.683082,0.688682
0.02,0.81 ,0.311231, 0.00559707,0.683172,0.688769
0.02,0.82 ,0.311148, 0.00559434,0.683257,0.688852
0.02,0.83 ,0.31107, 0.00559162,0.683338,0.68893
0.02,0.84 ,0.310997, 0.00558893,0.683414,0.689003
0.02,0.85 ,0.310927, 0.00558626,0.683487,0.689073
0.02,0.86 ,0.31086, 0.00558361,0.683556,0.68914
0.02,0.87 ,0.310797, 0.00558098,0.683622,0.689203
0.02,0.88 ,0.310738, 0.00557836,0.683684,0.689262
0.02,0.89 ,0.310681, 0.00557577,0.683743,0.689319
0.02,0.9 ,0.310627, 0.0055732,0.6838,0.689373
0.02,0.91 ,0.310575, 0.00557065,0.683854,0.689425
0.02,0.92 ,0.310527, 0.00556811,0.683905,0.689473
0.02,0.93 ,0.31048, 0.0055656,0.683955,0.68952
0.02,0.94 ,0.310435, 0.0055631,0.684002,0.689565
0.02,0.95 ,0.310393, 0.00556063,0.684046,0.689607
0.02,0.96 ,0.310352, 0.00555817,0.68409,0.689648
0.02,0.97 ,0.310314, 0.00555572,0.684131,0.689686
0.02,0.98 ,0.310276, 0.0055533,0.68417,0.689724
0.02,0.99 ,0.310241, 0.00555089,0.684208,0.689759
0.02,1 ,0.310207, 0.0055485,0.684245,0.689793
0.03,0 ,0.132618, 0.00591851,0.861464,0.867382
0.03,0.01 ,0.13734, 0.0059127,0.856747,0.86266
0.03,0.02 ,0.142234, 0.00590695,0.851859,0.857766
0.03,0.03 ,0.147304, 0.00590126,0.846795,0.852696
0.03,0.04 ,0.152554, 0.00589563,0.84155,0.847446
0.03,0.05 ,0.157988, 0.00589006,0.836122,0.842012
0.03,0.06 ,0.163609, 0.00588454,0.830507,0.836391
0.03,0.07 ,0.169418, 0.00587909,0.824703,0.830582
0.03,0.08 ,0.175417, 0.00587369,0.81871,0.824583
0.03,0.09 ,0.181604, 0.00586834,0.812528,0.818396
0.03,0.1 ,0.187976, 0.00586305,0.806161,0.812024
0.03,0.11 ,0.194529, 0.00585782,0.799613,0.805471
0.03,0.12 ,0.201253, 0.00585263,0.792894,0.798747
0.03,0.13 ,0.208137, 0.00584751,0.786015,0.791863
0.03,0.14 ,0.215165, 0.00584243,0.778992,0.784835
0.03,0.15 ,0.222316, 0.00583741,0.771846,0.777684
0.03,0.16 ,0.229565, 0.00583243,0.764603,0.770435
0.03,0.17 ,0.236879, 0.00582751,0.757294,0.763121
0.03,0.18 ,0.24422, 0.00582264,0.749957,0.75578
0.03,0.19 ,0.251546, 0.00581782,0.742636,0.748454
0.03,0.2 ,0.258806, 0.00581304,0.735381,0.741194
0.03,0.21 ,0.265944, 0.00580832,0.728247,0.734056
0.03,0.22 ,0.272904, 0.00580364,0.721293,0.727096
0.03,0.23 ,0.279622, 0.00579901,0.714579,0.720378
0.03,0.24 ,0.28604, 0.00579442,0.708166,0.71396
0.03,0.25 ,0.292099, 0.00578988,0.702111,0.707901
0.03,0.26 ,0.297748, 0.00578539,0.696467,0.702252
0.03,0.27 ,0.302944, 0.00578094,0.691275,0.697056
0.03,0.28 ,0.307654, 0.00577653,0.686569,0.692346
0.03,0.29 ,0.311861, 0.00577217,0.682367,0.688139
0.03,0.3 ,0.315557, 0.00576784,0.678675,0.684443
0.03,0.31 ,0.318751, 0.00576357,0.675486,0.681249
0.03,0.32 ,0.321459, 0.00575933,0.672782,0.678541
0.03,0.33 ,0.32371, 0.00575513,0.670534,0.67629
0.03,0.34 ,0.325541, 0.00575098,0.668709,0.674459
0.03,0.35 ,0.326989, 0.00574686,0.667264,0.673011
0.03,0.36 ,0.328098, 0.00574279,0.666159,0.671902
0.03,0.37 ,0.32891, 0.00573875,0.665351,0.67109
0.03,0.38 ,0.329468, 0.00573475,0.664798,0.670532
0.03,0.39 ,0.329809, 0.00573079,0.664461,0.670191
0.03,0.4 ,0.329969, 0.00572686,0.664304,0.670031
0.03,0.41 ,0.329982, 0.00572297,0.664295,0.670018
0.03,0.42 ,0.329875, 0.00571912,0.664406,0.670125
0.03,0.43 ,0.329673, 0.00571531,0.664612,0.670327
0.03,0.44 ,0.329397, 0.00571153,0.664892,0.670603
0.03,0.45 ,0.329065, 0.00570778,0.665227,0.670935
0.03,0.46 ,0.328694, 0.00570407,0.665602,0.671306
0.03,0.47 ,0.328294, 0.00570039,0.666006,0.671706
0.03,0.48 ,0.327876, 0.00569675,0.666427,0.672124
0.03,0.49 ,0.327449, 0.00569314,0.666857,0.672551
0.03,0.5 ,0.32702, 0.00568956,0.66729,0.67298
0.03,0.51 ,0.326593, 0.00568601,0.667721,0.673407
0.03,0.52 ,0.326173, 0.0056825,0.668144,0.673827
0.03,0.53 ,0.325763, 0.00567901,0.668558,0.674237
0.03,0.54 ,0.325365, 0.00567556,0.668959,0.674635
0.03,0.55 ,0.324982, 0.00567214,0.669346,0.675018
0.03,0.56 ,0.324613, 0.00566875,0.669718,0.675387
0.03,0.57 ,0.32426, 0.00566538,0.670074,0.67574
0.03,0.58 ,0.323924, 0.00566205,0.670414,0.676076
0.03,0.59 ,0.323604, 0.00565874,0.670738,0.676396
0.03,0.6 ,0.3233, 0.00565547,0.671045,0.6767
0.03,0.61 ,0.323011, 0.00565222,0.671336,0.676989
0.03,0.62 ,0.322739, 0.005649,0.671612,0.677261
0.03,0.63 ,0.322481, 0.0056458,0.671873,0.677519
0.03,0.64 ,0.322238, 0.00564264,0.672119,0.677762
0.03,0.65 ,0.322008, 0.0056395,0.672352,0.677992
0.03,0.66 ,0.321792, 0.00563638,0.672571,0.678208
0.03,0.67 ,0.321588, 0.0056333,0.672778,0.678412
0.03,0.68 ,0.321397, 0.00563023,0.672973,0.678603
0.03,0.69 ,0.321216, 0.0056272,0.673157,0.678784
0.03,0.7 ,0.321046, 0.00562419,0.67333,0.678954
0.03,0.71 ,0.320885, 0.0056212,0.673493,0.679115
0.03,0.72 ,0.320735, 0.00561824,0.673647,0.679265
0.03,0.73 ,0.320593, 0.0056153,0.673792,0.679407
0.03,0.74 ,0.320459, 0.00561238,0.673929,0.679541
0.03,0.75 ,0.320333, 0.00560949,0.674058,0.679667
0.03,0.76 ,0.320214, 0.00560662,0.674179,0.679786
0.03,0.77 ,0.320102, 0.00560378,0.674294,0.679898
0.03,0.78 ,0.319996, 0.00560095,0.674403,0.680004
0.03,0.79 ,0.319897, 0.00559815,0.674505,0.680103
0.03,0.8 ,0.319803, 0.00559537,0.674602,0.680197
0.03,0.81 ,0.319714, 0.00559262,0.674694,0.680286
0.03,0.82 ,0.31963, 0.00558988,0.674781,0.68037
0.03,0.83 ,0.31955, 0.00558717,0.674863,0.68045
0.03,0.84 ,0.319475, 0.00558448,0.674941,0.680525
0.03,0.85 ,0.319403, 0.0055818,0.675015,0.680597
0.03,0.86 ,0.319336, 0.00557915,0.675085,0.680664
0.03,0.87 ,0.319272, 0.00557652,0.675152,0.680728
0.03,0.88 ,0.319211, 0.00557391,0.675215,0.680789
0.03,0.89 ,0.319153, 0.00557131,0.675276,0.680847
0.03,0.9 ,0.319098, 0.00556874,0.675333,0.680902
0.03,0.91 ,0.319046, 0.00556619,0.675388,0.680954
0.03,0.92 ,0.318996, 0.00556365,0.675441,0.681004
0.03,0.93 ,0.318948, 0.00556114,0.675491,0.681052
0.03,0.94 ,0.318903, 0.00555864,0.675538,0.681097
0.03,0.95 ,0.31886, 0.00555616,0.675584,0.68114
0.03,0.96 ,0.318819, 0.0055537,0.675628,0.681181
0.03,0.97 ,0.318779, 0.00555126,0.67567,0.681221
0.03,0.98 ,0.318741, 0.00554884,0.67571,0.681259
0.03,0.99 ,0.318705, 0.00554643,0.675748,0.681295
0.03,1 ,0.318671, 0.00554404,0.675785,0.681329
0.04,0 ,0.131832, 0.00591424,0.862254,0.868168
0.04,0.01 ,0.136529, 0.00590843,0.857562,0.863471
0.04,0.02 ,0.141399, 0.00590268,0.852699,0.858601
0.04,0.03 ,0.146446, 0.00589698,0.847657,0.853554
0.04,0.04 ,0.151676, 0.00589135,0.842433,0.848324
0.04,0.05 ,0.157094, 0.00588578,0.83702,0.842906
0.04,0.06 ,0.162703, 0.00588026,0.831417,0.837297
0.04,0.07 ,0.168507, 0.0058748,0.825618,0.831493
0.04,0.08 ,0.174508, 0.00586939,0.819622,0.825492
0.04,0.09 ,0.180708, 0.00586405,0.813428,0.819292
0.04,0.1 ,0.187104, 0.00585875,0.807037,0.812896
0.04,0.11 ,0.193695, 0.00585351,0.800452,0.806305
0.04,0.12 ,0.200475, 0.00584833,0.793677,0.799525
0.04,0.13 ,0.207435, 0.0058432,0.786722,0.792565
0.04,0.14 ,0.214563, 0.00583812,0.779599,0.785437
0.04,0.15 ,0.221842, 0.00583309,0.772325,0.778158
0.04,0.16 ,0.229251, 0.00582812,0.764921,0.770749
0.04,0.17 ,0.236761, 0.00582319,0.757415,0.763239
0.04,0.18 ,0.24434, 0.00581832,0.749842,0.75566
0.04,0.19 ,0.251946, 0.00581349,0.74224,0.748054
0.04,0.2 ,0.259533, 0.00580872,0.734658,0.740467
0.04,0.21 ,0.267047, 0.00580399,0.727149,0.732953
0.04,0.22 ,0.274428, 0.00579931,0.719773,0.725572
0.04,0.23 ,0.281614, 0.00579467,0.712591,0.718386
0.04,0.24 ,0.288539, 0.00579008,0.705671,0.711461
0.04,0.25 ,0.295137, 0.00578554,0.699077,0.704863
0.04,0.26 ,0.301348, 0.00578105,0.692871,0.698652
0.04,0.27 ,0.307118, 0.00577659,0.687105,0.692882
0.04,0.28 ,0.312402, 0.00577218,0.681826,0.687598
0.04,0.29 ,0.317168, 0.00576782,0.677064,0.682832
0.04,0.3 ,0.321399, 0.0057635,0.672838,0.678601
0.04,0.31 ,0.325091, 0.00575922,0.66915,0.674909
0.04,0.32 ,0.328256, 0.00575498,0.665989,0.671744
0.04,0.33 ,0.330916, 0.00575078,0.663333,0.669084
0.04,0.34 ,0.333105, 0.00574662,0.661148,0.666895
0.04,0.35 ,0.334862, 0.0057425,0.659395,0.665138
0.04,0.36 ,0.336232, 0.00573843,0.65803,0.663768
0.04,0.37 ,0.33726, 0.00573439,0.657006,0.66274
0.04,0.38 ,0.337992, 0.00573039,0.656277,0.662008
0.04,0.39 ,0.338473, 0.00572642,0.655801,0.661527
0.04,0.4 ,0.338742, 0.0057225,0.655536,0.661258
0.04,0.41 ,0.338837, 0.00571861,0.655445,0.661163
0.04,0.42 ,0.33879, 0.00571475,0.655495,0.66121
0.04,0.43 ,0.33863, 0.00571094,0.655659,0.66137
0.04,0.44 ,0.338383, 0.00570716,0.65591,0.661617
0.04,0.45 ,0.338068, 0.00570341,0.656229,0.661932
0.04,0.46 ,0.337704, 0.0056997,0.656597,0.662296
0.04,0.47 ,0.337304, 0.00569602,0.657,0.662696
0.04,0.48 ,0.336882, 0.00569237,0.657425,0.663118
0.04,0.49 ,0.336447, 0.00568876,0.657864,0.663553
0.04,0.5 ,0.336007, 0.00568518,0.658308,0.663993
0.04,0.51 ,0.335567, 0.00568163,0.658751,0.664433
0.04,0.52 ,0.335133, 0.00567812,0.659189,0.664867
0.04,0.53 ,0.334708, 0.00567463,0.659617,0.665292
0.04,0.54 ,0.334296, 0.00567118,0.660033,0.665704
0.04,0.55 ,0.333898, 0.00566775,0.660434,0.666102
0.04,0.56 ,0.333515, 0.00566436,0.66082,0.666485
0.04,0.57 ,0.333149, 0.00566099,0.66119,0.666851
0.04,0.58 ,0.332799, 0.00565766,0.661543,0.667201
0.04,0.59 ,0.332467, 0.00565435,0.661879,0.667533
0.04,0.6 ,0.332152, 0.00565108,0.662197,0.667848
0.04,0.61 ,0.331853, 0.00564783,0.662499,0.668147
0.04,0.62 ,0.33157, 0.00564461,0.662785,0.66843
0.04,0.63 ,0.331303, 0.00564141,0.663055,0.668697
0.04,0.64 ,0.331052, 0.00563824,0.66331,0.668948
0.04,0.65 ,0.330814, 0.0056351,0.663551,0.669186
0.04,0.66 ,0.330591, 0.00563199,0.663777,0.669409
0.04,0.67 ,0.33038, 0.0056289,0.663991,0.66962
0.04,0.68 ,0.330183, 0.00562584,0.664192,0.669817
0.04,0.69 ,0.329996, 0.0056228,0.664381,0.670004
0.04,0.7 ,0.329821, 0.00561979,0.664559,0.670179
0.04,0.71 ,0.329656, 0.0056168,0.664727,0.670344
0.04,0.72 ,0.329501, 0.00561384,0.664885,0.670499
0.04,0.73 ,0.329355, 0.0056109,0.665034,0.670645
0.04,0.74 ,0.329218, 0.00560798,0.665174,0.670782
0.04,0.75 ,0.329089, 0.00560509,0.665306,0.670911
0.04,0.76 ,0.328967, 0.00560222,0.665431,0.671033
0.04,0.77 ,0.328852, 0.00559937,0.665549,0.671148
0.04,0.78 ,0.328744, 0.00559655,0.665659,0.671256
0.04,0.79 ,0.328642, 0.00559375,0.665764,0.671358
0.04,0.8 ,0.328546, 0.00559097,0.665863,0.671454
0.04,0.81 ,0.328455, 0.00558821,0.665957,0.671545
0.04,0.82 ,0.328369, 0.00558547,0.666046,0.671631
0.04,0.83 ,0.328288, 0.00558276,0.66613,0.671712
0.04,0.84 ,0.328211, 0.00558007,0.666209,0.671789
0.04,0.85 ,0.328138, 0.00557739,0.666285,0.671862
0.04,0.86 ,0.328069, 0.00557474,0.666356,0.671931
0.04,0.87 ,0.328004, 0.00557211,0.666424,0.671996
0.04,0.88 ,0.327942, 0.0055695,0.666489,0.672058
0.04,0.89 ,0.327883, 0.0055669,0.66655,0.672117
0.04,0.9 ,0.327827, 0.00556433,0.666609,0.672173
0.04,0.91 ,0.327774, 0.00556178,0.666665,0.672226
0.04,0.92 ,0.327723, 0.00555924,0.666718,0.672277
0.04,0.93 ,0.327675, 0.00555672,0.666769,0.672325
0.04,0.94 ,0.327629, 0.00555423,0.666817,0.672371
0.04,0.95 ,0.327585, 0.00555175,0.666864,0.672415
0.04,0.96 ,0.327543, 0.00554929,0.666908,0.672457
0.04,0.97 ,0.327503, 0.00554685,0.666951,0.672497
0.04,0.98 ,0.327464, 0.00554442,0.666991,0.672536
0.04,0.99 ,0.327428, 0.00554201,0.66703,0.672572
0.04,1 ,0.327393, 0.00553962,0.667068,0.672607
0.05,0 ,0.131055, 0.00591002,0.863035,0.868945
0.05,0.01 ,0.135724, 0.0059042,0.858372,0.864276
0.05,0.02 ,0.140566, 0.00589845,0.853536,0.859434
0.05,0.03 ,0.145587, 0.00589275,0.84852,0.854413
0.05,0.04 ,0.150793, 0.00588711,0.84332,0.849207
0.05,0.05 ,0.156189, 0.00588154,0.83793,0.843811
0.05,0.06 ,0.16178, 0.00587602,0.832344,0.83822
0.05,0.07 ,0.167571, 0.00587055,0.826558,0.832429
0.05,0.08 ,0.173565, 0.00586514,0.820569,0.826435
0.05,0.09 ,0.179766, 0.00585979,0.814375,0.820234
0.05,0.1 ,0.186173, 0.0058545,0.807973,0.813827
0.05,0.11 ,0.192787, 0.00584926,0.801364,0.807213
0.05,0.12 ,0.199604, 0.00584407,0.794552,0.800396
0.05,0.13 ,0.20662, 0.00583893,0.787541,0.79338
0.05,0.14 ,0.213825, 0.00583385,0.780341,0.786175
0.05,0.15 ,0.221207, 0.00582882,0.772964,0.778793
0.05,0.16 ,0.228748, 0.00582384,0.765428,0.771252
0.05,0.17 ,0.236425, 0.00581892,0.757756,0.763575
0.05,0.18 ,0.244209, 0.00581404,0.749977,0.755791
0.05,0.19 ,0.252064, 0.00580921,0.742127,0.747936
0.05,0.2 ,0.259946, 0.00580443,0.73425,0.740054
0.05,0.21 ,0.267804, 0.0057997,0.726396,0.732196
0.05,0.22 ,0.275582, 0.00579502,0.718623,0.724418
0.05,0.23 ,0.283215, 0.00579038,0.710995,0.716785
0.05,0.24 ,0.290635, 0.00578579,0.703579,0.709365
0.05,0.25 ,0.297771, 0.00578125,0.696448,0.702229
0.05,0.26 ,0.304553, 0.00577675,0.68967,0.695447
0.05,0.27 ,0.310917, 0.0057723,0.68331,0.689083
0.05,0.28 ,0.316806, 0.00576788,0.677426,0.683194
0.05,0.29 ,0.322174, 0.00576352,0.672063,0.677826
0.05,0.3 ,0.326989, 0.00575919,0.667252,0.673011
0.05,0.31 ,0.331236, 0.00575491,0.663009,0.668764
0.05,0.32 ,0.334915, 0.00575067,0.659334,0.665085
0.05,0.33 ,0.338043, 0.00574647,0.656211,0.661957
0.05,0.34 ,0.340646, 0.00574231,0.653612,0.659354
0.05,0.35 ,0.342763, 0.00573819,0.651498,0.657237
0.05,0.36 ,0.34444, 0.00573411,0.649826,0.65556
0.05,0.37 ,0.345725, 0.00573007,0.648545,0.654275
0.05,0.38 ,0.346667, 0.00572607,0.647607,0.653333
0.05,0.39 ,0.347316, 0.0057221,0.646962,0.652684
0.05,0.4 ,0.347718, 0.00571818,0.646564,0.652282
0.05,0.41 ,0.347914, 0.00571429,0.646372,0.652086
0.05,0.42 ,0.347943, 0.00571043,0.646347,0.652057
0.05,0.43 ,0.347837, 0.00570661,0.646456,0.652163
0.05,0.44 ,0.347626, 0.00570283,0.646671,0.652374
0.05,0.45 ,0.347334, 0.00569908,0.646966,0.652666
0.05,0.46 ,0.346982, 0.00569537,0.647322,0.653018
0.05,0.47 ,0.346587, 0.00569169,0.647721,0.653413
0.05,0.48 ,0.346162, 0.00568804,0.64815,0.653838
0.05,0.49 ,0.34572, 0.00568443,0.648596,0.65428
0.05,0.5 ,0.345269, 0.00568084,0.64905,0.654731
0.05,0.51 ,0.344817, 0.0056773,0.649506,0.655183
0.05,0.52 ,0.344369, 0.00567378,0.649957,0.655631
0.05,0.53 ,0.343929, 0.00567029,0.6504,0.656071
0.05,0.54 ,0.343502, 0.00566684,0.650831,0.656498
0.05,0.55 ,0.343089, 0.00566341,0.651248,0.656911
0.05,0.56 ,0.342691, 0.00566002,0.651649,0.657309
0.05,0.57 ,0.342311, 0.00565665,0.652032,0.657689
0.05,0.58 ,0.341948, 0.00565332,0.652399,0.658052
0.05,0.59 ,0.341603, 0.00565001,0.652747,0.658397
0.05,0.6 ,0.341275, 0.00564673,0.653078,0.658725
0.05,0.61 ,0.340965, 0.00564348,0.653391,0.659035
0.05,0.62 ,0.340672, 0.00564026,0.653687,0.659328
0.05,0.63 ,0.340396, 0.00563706,0.653967,0.659604
0.05,0.64 ,0.340135, 0.00563389,0.654231,0.659865
0.05,0.65 ,0.33989, 0.00563075,0.654479,0.66011
0.05,0.66 ,0.339659, 0.00562764,0.654713,0.660341
0.05,0.67 ,0.339442, 0.00562455,0.654934,0.660558
0.05,0.68 ,0.339237, 0.00562148,0.655141,0.660763
0.05,0.69 ,0.339045, 0.00561845,0.655336,0.660955
0.05,0.7 ,0.338865, 0.00561543,0.65552,0.661135
0.05,0.71 ,0.338695, 0.00561244,0.655692,0.661305
0.05,0.72 ,0.338536, 0.00560948,0.655855,0.661464
0.05,0.73 ,0.338386, 0.00560654,0.656008,0.661614
0.05,0.74 ,0.338245, 0.00560362,0.656151,0.661755
0.05,0.75 ,0.338112, 0.00560073,0.656287,0.661888
0.05,0.76 ,0.337987, 0.00559786,0.656415,0.662013
0.05,0.77 ,0.33787, 0.00559501,0.656535,0.66213
0.05,0.78 ,0.337759, 0.00559219,0.656649,0.662241
0.05,0.79 ,0.337655, 0.00558939,0.656756,0.662345
0.05,0.8 ,0.337556, 0.00558661,0.656857,0.662444
0.05,0.81 ,0.337463, 0.00558385,0.656953,0.662537
0.05,0.82 ,0.337376, 0.00558111,0.657043,0.662624
0.05,0.83 ,0.337293, 0.0055784,0.657129,0.662707
0.05,0.84 ,0.337214, 0.0055757,0.65721,0.662786
0.05,0.85 ,0.33714, 0.00557303,0.657287,0.66286
0.05,0.86 ,0.33707, 0.00557037,0.65736,0.66293
0.05,0.87 ,0.337003, 0.00556774,0.657429,0.662997
0.05,0.88 ,0.33694, 0.00556513,0.657495,0.66306
0.05,0.89 ,0.33688, 0.00556254,0.657557,0.66312
0.05,0.9 ,0.336823, 0.00555996,0.657617,0.663177
0.05,0.91 ,0.336769, 0.00555741,0.657674,0.663231
0.05,0.92 ,0.336717, 0.00555487,0.657728,0.663283
0.05,0.93 ,0.336668, 0.00555236,0.657779,0.663332
0.05,0.94 ,0.336621, 0.00554986,0.657829,0.663379
0.05,0.95 ,0.336577, 0.00554738,0.657876,0.663423
0.05,0.96 ,0.336534, 0.00554492,0.657921,0.663466
0.05,0.97 ,0.336493, 0.00554247,0.657964,0.663507
0.05,0.98 ,0.336454, 0.00554005,0.658005,0.663546
0.05,0.99 ,0.336417, 0.00553764,0.658045,0.663583
0.05,1 ,0.336382, 0.00553525,0.658083,0.663618
0.06,0 ,0.130289, 0.00590584,0.863805,0.869711
0.06,0.01 ,0.134928, 0.00590002,0.859172,0.865072
0.06,0.02 ,0.13974, 0.00589426,0.854366,0.86026
0.06,0.03 ,0.144732, 0.00588856,0.849379,0.855268
0.06,0.04 ,0.14991, 0.00588292,0.844207,0.85009
0.06,0.05 ,0.15528, 0.00587734,0.838843,0.84472
0.06,0.06 ,0.160848, 0.00587181,0.83328,0.839152
0.06,0.07 ,0.166619, 0.00586635,0.827515,0.833381
0.06,0.08 ,0.172598, 0.00586094,0.821541,0.827402
0.06,0.09 ,0.17879, 0.00585558,0.815355,0.82121
0.06,0.1 ,0.185196, 0.00585028,0.808954,0.814804
0.06,0.11 ,0.191819, 0.00584504,0.802336,0.808181
0.06,0.12 ,0.198658, 0.00583985,0.795502,0.801342
0.06,0.13 ,0.205711, 0.00583471,0.788454,0.794289
0.06,0.14 ,0.212973, 0.00582963,0.781198,0.787027
0.06,0.15 ,0.220433, 0.0058246,0.773742,0.779567
0.06,0.16 ,0.228079, 0.00581961,0.766101,0.771921
0.06,0.17 ,0.235893, 0.00581469,0.758293,0.764107
0.06,0.18 ,0.24385, 0.00580981,0.750341,0.75615
0.06,0.19 ,0.251918, 0.00580497,0.742277,0.748082
0.06,0.2 ,0.260061, 0.00580019,0.734139,0.739939
0.06,0.21 ,0.26823, 0.00579546,0.725974,0.73177
0.06,0.22 ,0.276372, 0.00579077,0.717837,0.723628
0.06,0.23 ,0.284424, 0.00578614,0.709789,0.715576
0.06,0.24 ,0.292318, 0.00578154,0.7019,0.707682
0.06,0.25 ,0.299979, 0.005777,0.694244,0.700021
0.06,0.26 ,0.307332, 0.0057725,0.686896,0.692668
0.06,0.27 ,0.314301, 0.00576804,0.679931,0.685699
0.06,0.28 ,0.320818, 0.00576363,0.673418,0.679182
0.06,0.29 ,0.326823, 0.00575926,0.667417,0.673177
0.06,0.3 ,0.332269, 0.00575493,0.661976,0.667731
0.06,0.31 ,0.337126, 0.00575065,0.657123,0.662874
0.06,0.32 ,0.341381, 0.00574641,0.652873,0.658619
0.06,0.33 ,0.345038, 0.0057422,0.64922,0.654962
0.06,0.34 ,0.348117, 0.00573804,0.646144,0.651883
0.06,0.35 ,0.350654, 0.00573392,0.643612,0.649346
0.06,0.36 ,0.352692, 0.00572984,0.641578,0.647308
0.06,0.37 ,0.354281, 0.0057258,0.639993,0.645719
0.06,0.38 ,0.355475, 0.00572179,0.638803,0.644525
0.06,0.39 ,0.356327, 0.00571783,0.637955,0.643673
0.06,0.4 ,0.35689, 0.0057139,0.637396,0.64311
0.06,0.41 ,0.35721, 0.00571001,0.63708,0.64279
0.06,0.42 ,0.357333, 0.00570615,0.636961,0.642667
0.06,0.43 ,0.357296, 0.00570233,0.637002,0.642704
0.06,0.44 ,0.357132, 0.00569855,0.637169,0.642868
0.06,0.45 ,0.356872, 0.0056948,0.637434,0.643128
0.06,0.46 ,0.356537, 0.00569108,0.637772,0.643463
0.06,0.47 ,0.35615, 0.0056874,0.638163,0.64385
0.06,0.48 ,0.355725, 0.00568375,0.638591,0.644275
0.06,0.49 ,0.355278, 0.00568014,0.639042,0.644722
0.06,0.5 ,0.354817, 0.00567655,0.639506,0.645183
0.06,0.51 ,0.354353, 0.005673,0.639974,0.645647
0.06,0.52 ,0.353891, 0.00566949,0.64044,0.646109
0.06,0.53 ,0.353436, 0.005666,0.640898,0.646564
0.06,0.54 ,0.352993, 0.00566254,0.641344,0.647007
0.06,0.55 ,0.352564, 0.00565912,0.641776,0.647436
0.06,0.56 ,0.352152, 0.00565572,0.642193,0.647848
0.06,0.57 ,0.351757, 0.00565235,0.642591,0.648243
0.06,0.58 ,0.351379, 0.00564902,0.642971,0.648621
0.06,0.59 ,0.351021, 0.00564571,0.643333,0.648979
0.06,0.6 ,0.350681, 0.00564243,0.643677,0.649319
0.06,0.61 ,0.350359, 0.00563918,0.644002,0.649641
0.06,0.62 ,0.350055, 0.00563595,0.644309,0.649945
0.06,0.63 ,0.349769, 0.00563276,0.644598,0.650231
0.06,0.64 ,0.349499, 0.00562959,0.644871,0.650501
0.06,0.65 ,0.349245, 0.00562645,0.645128,0.650755
0.06,0.66 ,0.349006, 0.00562333,0.64537,0.650994
0.06,0.67 ,0.348782, 0.00562024,0.645598,0.651218
0.06,0.68 ,0.348571, 0.00561718,0.645812,0.651429
0.06,0.69 ,0.348373, 0.00561414,0.646013,0.651627
0.06,0.7 ,0.348187, 0.00561112,0.646202,0.651813
0.06,0.71 ,0.348013, 0.00560813,0.646379,0.651987
0.06,0.72 ,0.347849, 0.00560517,0.646546,0.652151
0.06,0.73 ,0.347695, 0.00560223,0.646703,0.652305
0.06,0.74 ,0.34755, 0.00559931,0.646851,0.65245
0.06,0.75 ,0.347414, 0.00559642,0.64699,0.652586
0.06,0.76 ,0.347286, 0.00559354,0.647121,0.652714
0.06,0.77 ,0.347165, 0.0055907,0.647244,0.652835
0.06,0.78 ,0.347052, 0.00558787,0.64736,0.652948
0.06,0.79 ,0.346945, 0.00558507,0.64747,0.653055
0.06,0.8 ,0.346844, 0.00558229,0.647573,0.653156
0.06,0.81 ,0.34675, 0.00557953,0.647671,0.65325
0.06,0.82 ,0.34666, 0.00557679,0.647763,0.65334
0.06,0.83 ,0.346575, 0.00557408,0.647851,0.653425
0.06,0.84 ,0.346495, 0.00557138,0.647933,0.653505
0.06,0.85 ,0.34642, 0.00556871,0.648012,0.65358
0.06,0.86 ,0.346348, 0.00556605,0.648086,0.653652
0.06,0.87 ,0.34628, 0.00556342,0.648157,0.65372
0.06,0.88 ,0.346216, 0.00556081,0.648224,0.653784
0.06,0.89 ,0.346155, 0.00555821,0.648287,0.653845
0.06,0.9 ,0.346097, 0.00555564,0.648348,0.653903
0.06,0.91 ,0.346041, 0.00555308,0.648405,0.653959
0.06,0.92 ,0.345989, 0.00555055,0.648461,0.654011
0.06,0.93 ,0.345939, 0.00554803,0.648513,0.654061
0.06,0.94 ,0.345891, 0.00554553,0.648563,0.654109
0.06,0.95 ,0.345846, 0.00554305,0.648611,0.654154
0.06,0.96 ,0.345803, 0.00554059,0.648657,0.654197
0.06,0.97 ,0.345761, 0.00553815,0.648701,0.654239
0.06,0.98 ,0.345722, 0.00553572,0.648743,0.654278
0.06,0.99 ,0.345684, 0.00553331,0.648783,0.654316
0.06,1 ,0.345648, 0.00553092,0.648821,0.654352
0.07,0 ,0.129538, 0.0059017,0.864561,0.870462
0.07,0.01 ,0.134145, 0.00589587,0.859959,0.865855
0.07,0.02 ,0.138926, 0.00589011,0.855184,0.861074
0.07,0.03 ,0.143886, 0.00588441,0.850229,0.856114
0.07,0.04 ,0.149034, 0.00587877,0.845088,0.850966
0.07,0.05 ,0.154374, 0.00587318,0.839753,0.845626
0.07,0.06 ,0.159914, 0.00586765,0.834219,0.840086
0.07,0.07 ,0.165659, 0.00586218,0.828478,0.834341
0.07,0.08 ,0.171617, 0.00585677,0.822527,0.828383
0.07,0.09 ,0.177791, 0.00585141,0.816358,0.822209
0.07,0.1 ,0.184186, 0.00584611,0.809967,0.815814
0.07,0.11 ,0.190807, 0.00584086,0.803352,0.809193
0.07,0.12 ,0.197654, 0.00583567,0.796511,0.802346
0.07,0.13 ,0.204727, 0.00583053,0.789442,0.795273
0.07,0.14 ,0.212025, 0.00582545,0.78215,0.787975
0.07,0.15 ,0.219541, 0.00582041,0.774638,0.780459
0.07,0.16 ,0.227267, 0.00581543,0.766918,0.772733
0.07,0.17 ,0.235188, 0.00581049,0.759001,0.764812
0.07,0.18 ,0.243286, 0.00580561,0.750908,0.756714
0.07,0.19 ,0.251534, 0.00580078,0.742665,0.748466
0.07,0.2 ,0.2599, 0.005796,0.734304,0.7401
0.07,0.21 ,0.268343, 0.00579126,0.725866,0.731657
0.07,0.22 ,0.276812, 0.00578657,0.717401,0.723188
0.07,0.23 ,0.285249, 0.00578193,0.708969,0.714751
0.07,0.24 ,0.293587, 0.00577734,0.700636,0.706413
0.07,0.25 ,0.301751, 0.00577279,0.692476,0.698249
0.07,0.26 ,0.309661, 0.00576829,0.684571,0.690339
0.07,0.27 ,0.317236, 0.00576383,0.677001,0.682764
0.07,0.28 ,0.324394, 0.00575941,0.669846,0.675606
0.07,0.29 ,0.331064, 0.00575504,0.663181,0.668936
0.07,0.3 ,0.337182, 0.00575071,0.657068,0.662818
0.07,0.31 ,0.3427, 0.00574643,0.651553,0.6573
0.07,0.32 ,0.34759, 0.00574218,0.646668,0.65241
0.07,0.33 ,0.351842, 0.00573798,0.64242,0.648158
0.07,0.34 ,0.355466, 0.00573382,0.6388,0.644534
0.07,0.35 ,0.358487, 0.0057297,0.635783,0.641513
0.07,0.36 ,0.360948, 0.00572561,0.633327,0.639052
0.07,0.37 ,0.362897, 0.00572157,0.631382,0.637103
0.07,0.38 ,0.364391, 0.00571756,0.629891,0.635609
0.07,0.39 ,0.365488, 0.00571359,0.628798,0.634512
0.07,0.4 ,0.366247, 0.00570966,0.628044,0.633753
0.07,0.41 ,0.36672, 0.00570577,0.627574,0.63328
0.07,0.42 ,0.366959, 0.00570191,0.627339,0.633041
0.07,0.43 ,0.367007, 0.00569809,0.627295,0.632993
0.07,0.44 ,0.366905, 0.00569431,0.627401,0.633095
0.07,0.45 ,0.366685, 0.00569055,0.627624,0.633315
0.07,0.46 ,0.366376, 0.00568684,0.627937,0.633624
0.07,0.47 ,0.366001, 0.00568316,0.628315,0.633999
0.07,0.48 ,0.365581, 0.00567951,0.62874,0.634419
0.07,0.49 ,0.36513, 0.00567589,0.629194,0.63487
0.07,0.5 ,0.364661, 0.00567231,0.629666,0.635339
0.07,0.51 ,0.364185, 0.00566875,0.630146,0.635815
0.07,0.52 ,0.363709, 0.00566524,0.630625,0.636291
0.07,0.53 ,0.36324, 0.00566175,0.631099,0.63676
0.07,0.54 ,0.362781, 0.00565829,0.631561,0.637219
0.07,0.55 ,0.362336, 0.00565486,0.63201,0.637664
0.07,0.56 ,0.361907, 0.00565147,0.632442,0.638093
0.07,0.57 ,0.361496, 0.0056481,0.632856,0.638504
0.07,0.58 ,0.361105, 0.00564476,0.633251,0.638895
0.07,0.59 ,0.360732, 0.00564145,0.633626,0.639268
0.07,0.6 ,0.360379, 0.00563817,0.633983,0.639621
0.07,0.61 ,0.360045, 0.00563492,0.63432,0.639955
0.07,0.62 ,0.35973, 0.00563169,0.634638,0.64027
0.07,0.63 ,0.359433, 0.0056285,0.634939,0.640567
0.07,0.64 ,0.359153, 0.00562533,0.635221,0.640847
0.07,0.65 ,0.35889, 0.00562218,0.635487,0.64111
0.07,0.66 ,0.358644, 0.00561907,0.635737,0.641356
0.07,0.67 ,0.358412, 0.00561598,0.635972,0.641588
0.07,0.68 ,0.358194, 0.00561291,0.636193,0.641806
0.07,0.69 ,0.35799, 0.00560987,0.6364,0.64201
0.07,0.7 ,0.357798, 0.00560686,0.636595,0.642202
0.07,0.71 ,0.357619, 0.00560387,0.636778,0.642381
0.07,0.72 ,0.35745, 0.0056009,0.636949,0.64255
0.07,0.73 ,0.357292, 0.00559796,0.637111,0.642708
0.07,0.74 ,0.357143, 0.00559504,0.637262,0.642857
0.07,0.75 ,0.357003, 0.00559215,0.637405,0.642997
0.07,0.76 ,0.356872, 0.00558927,0.637539,0.643128
0.07,0.77 ,0.356749, 0.00558643,0.637665,0.643251
0.07,0.78 ,0.356633, 0.0055836,0.637784,0.643367
0.07,0.79 ,0.356523, 0.0055808,0.637896,0.643477
0.07,0.8 ,0.35642, 0.00557802,0.638002,0.64358
0.07,0.81 ,0.356323, 0.00557526,0.638101,0.643677
0.07,0.82 ,0.356232, 0.00557252,0.638196,0.643768
0.07,0.83 ,0.356145, 0.0055698,0.638285,0.643855
0.07,0.84 ,0.356064, 0.00556711,0.638369,0.643936
0.07,0.85 ,0.355987, 0.00556443,0.638449,0.644013
0.07,0.86 ,0.355914, 0.00556178,0.638525,0.644086
0.07,0.87 ,0.355844, 0.00555914,0.638596,0.644156
0.07,0.88 ,0.355779, 0.00555653,0.638665,0.644221
0.07,0.89 ,0.355717, 0.00555393,0.638729,0.644283
0.07,0.9 ,0.355658, 0.00555136,0.638791,0.644342
0.07,0.91 ,0.355601, 0.0055488,0.63885,0.644399
