e1,e2,V,Rs,Rv,P
0,0,0.0111987,0.281135,0.707666,0.988801
0,0.01,0.0117202,0.28016,0.70812,0.98828
0,0.02,0.0122706,0.279174,0.708555,0.987729
0,0.03,0.0128516,0.278177,0.708971,0.987148
0,0.04,0.0134648,0.27717,0.709365,0.986535
0,0.05,0.014112,0.276151,0.709737,0.985888
0,0.06,0.0147949,0.275121,0.710084,0.985205
0,0.07,0.0155156,0.274079,0.710406,0.984484
0,0.08,0.0162761,0.273025,0.710699,0.983724
0,0.09,0.0170786,0.271959,0.710963,0.982921
0,0.1,0.0179253,0.27088,0.711194,0.982075
0,0.11,0.0188187,0.269789,0.711392,0.981181
0,0.12,0.0197614,0.268685,0.711554,0.980239
0,0.13,0.020756,0.267568,0.711676,0.979244
0,0.14,0.0218054,0.266437,0.711758,0.978195
0,0.15,0.0229127,0.265292,0.711796,0.977087
0,0.16,0.024081,0.264133,0.711786,0.975919
0,0.17,0.0253138,0.262959,0.711727,0.974686
0,0.18,0.0266145,0.26177,0.711615,0.973385
0,0.19,0.0279871,0.260567,0.711446,0.972013
0,0.2,0.0294355,0.259347,0.711217,0.970564
0,0.21,0.0309641,0.258112,0.710924,0.969036
0,0.22,0.0325773,0.25686,0.710563,0.967423
0,0.23,0.0342799,0.255592,0.710128,0.96572
0,0.24,0.036077,0.254306,0.709617,0.963923
0,0.25,0.0379742,0.253003,0.709023,0.962026
0,0.26,0.039977,0.251681,0.708342,0.960023
0,0.27,0.0420916,0.250341,0.707567,0.957908
0,0.28,0.0443246,0.248982,0.706693,0.955675
0,0.29,0.0466827,0.247604,0.705713,0.953317
0,0.3,0.0491735,0.246205,0.704621,0.950827
0,0.31,0.0518046,0.244786,0.703409,0.948195
0,0.32,0.0545846,0.243346,0.70207,0.945415
0,0.33,0.0575221,0.241884,0.700594,0.942478
0,0.34,0.0606268,0.240399,0.698974,0.939373
0,0.35,0.0639088,0.238892,0.697199,0.936091
0,0.36,0.0673788,0.237361,0.69526,0.932621
0,0.37,0.0710484,0.235806,0.693146,0.928952
0,0.38,0.07493,0.234225,0.690845,0.92507
0,0.39,0.0790366,0.232619,0.688344,0.920963
0,0.4,0.0833825,0.230986,0.685631,0.916618
0,0.41,0.0879826,0.229327,0.682691,0.912017
0,0.42,0.0928532,0.227638,0.679508,0.907147
0,0.43,0.0980114,0.225922,0.676067,0.901989
0,0.44,0.103476,0.224175,0.672349,0.896524
0,0.45,0.109266,0.222397,0.668336,0.890734
0,0.46,0.115404,0.220588,0.664008,0.884596
0,0.47,0.121912,0.218746,0.659342,0.878088
0,0.48,0.128815,0.216871,0.654315,0.871185
0,0.49,0.136137,0.21496,0.648902,0.863863
0,0.5,0.143909,0.213014,0.643077,0.856091
0,0.51,0.152159,0.211032,0.636809,0.847841
0,0.52,0.160919,0.209011,0.63007,0.839081
0,0.53,0.170224,0.206952,0.622824,0.829776
0,0.54,0.18011,0.204852,0.615038,0.81989
0,0.55,0.190616,0.202711,0.606673,0.809384
0,0.56,0.201783,0.200527,0.59769,0.798217
0,0.57,0.213653,0.198301,0.588046,0.786347
0,0.58,0.226273,0.196029,0.577697,0.773727
0,0.59,0.23969,0.193713,0.566597,0.76031
0,0.6,0.253953,0.19135,0.554697,0.746047
0,0.61,0.269111,0.18894,0.541949,0.730889
0,0.62,0.285214,0.186482,0.528304,0.714786
0,0.63,0.302311,0.183976,0.513713,0.697689
0,0.64,0.320448,0.181423,0.49813,0.679552
0,0.65,0.339663,0.178821,0.481516,0.660337
0,0.66,0.359989,0.176172,0.463838,0.640011
0,0.67,0.381444,0.173478,0.445078,0.618556
0,0.68,0.404028,0.170739,0.425233,0.595972
0,0.69,0.427714,0.16796,0.404326,0.572286
0,0.7,0.452446,0.165142,0.382412,0.547554
0,0.71,0.478122,0.162291,0.359586,0.521878
0,0.72,0.504593,0.159413,0.335994,0.495407
0,0.73,0.531652,0.156514,0.311834,0.468348
0,0.74,0.559034,0.153601,0.287365,0.440966
0,0.75,0.586417,0.150684,0.262898,0.413583
0,0.76,0.613444,0.147774,0.238783,0.386556
0,0.77,0.639738,0.144879,0.215382,0.360262
0,0.78,0.664944,0.142013,0.193044,0.335056
0,0.79,0.688752,0.139184,0.172064,0.311248
0,0.8,0.710932,0.136405,0.152663,0.289068
0,0.81,0.731343,0.133684,0.134973,0.268657
0,0.82,0.749933,0.131031,0.119036,0.250067
0,0.83,0.766726,0.128453,0.104821,0.233274
0,0.84,0.781807,0.125955,0.0922383,0.218193
0,0.85,0.795295,0.123541,0.081164,0.204705
0,0.86,0.80733,0.121215,0.0714549,0.19267
0,0.87,0.818059,0.118978,0.0629635,0.181941
0,0.88,0.827624,0.11683,0.0555464,0.172376
0,0.89,0.836159,0.114771,0.0490702,0.163841
0,0.9,0.843787,0.112799,0.0434138,0.156213
0,0.91,0.850618,0.110913,0.0384696,0.149382
0,0.92,0.856748,0.109109,0.034143,0.143252
0,0.93,0.862263,0.107385,0.0303518,0.137737
0,0.94,0.867236,0.105739,0.0270249,0.132764
0,0.95,0.871733,0.104166,0.024101,0.128267
0,0.96,0.87581,0.102663,0.0215271,0.12419
0,0.97,0.879514,0.101228,0.0192581,0.120486
0,0.98,0.882889,0.0998567,0.0172547,0.117111
0,0.99,0.88597,0.0985462,0.0154835,0.11403
0,1,0.888791,0.0972935,0.0139155,0.111209
0.01,0,0.0111944,0.281125,0.707681,0.988806
0.01,0.01,0.0117157,0.280149,0.708135,0.988284
0.01,0.02,0.012266,0.279163,0.708571,0.987734
0.01,0.03,0.0128468,0.278167,0.708987,0.987153
0.01,0.04,0.0134597,0.277159,0.709381,0.98654
0.01,0.05,0.0141067,0.27614,0.709753,0.985893
0.01,0.06,0.0147894,0.27511,0.710101,0.985211
0.01,0.07,0.0155098,0.274067,0.710423,0.98449
0.01,0.08,0.01627,0.273013,0.710717,0.98373
0.01,0.09,0.0170722,0.271947,0.710981,0.982928
0.01,0.1,0.0179186,0.270869,0.711213,0.982081
0.01,0.11,0.0188117,0.269777,0.711411,0.981188
0.01,0.12,0.0197541,0.268673,0.711573,0.980246
0.01,0.13,0.0207483,0.267555,0.711696,0.979252
0.01,0.14,0.0217974,0.266424,0.711778,0.978203
0.01,0.15,0.0229043,0.265279,0.711817,0.977096
0.01,0.16,0.0240722,0.26412,0.711808,0.975928
0.01,0.17,0.0253046,0.262946,0.711749,0.974695
0.01,0.18,0.0266049,0.261757,0.711638,0.973395
0.01,0.19,0.027977,0.260553,0.71147,0.972023
0.01,0.2,0.029425,0.259334,0.711241,0.970575
0.01,0.21,0.0309531,0.258098,0.710949,0.969047
0.01,0.22,0.0325657,0.256846,0.710588,0.967434
0.01,0.23,0.0342678,0.255578,0.710155,0.965732
0.01,0.24,0.0360644,0.254292,0.709644,0.963936
0.01,0.25,0.037961,0.252988,0.709051,0.962039
0.01,0.26,0.0399632,0.251666,0.70837,0.960037
0.01,0.27,0.0420772,0.250326,0.707597,0.957923
0.01,0.28,0.0443095,0.248967,0.706723,0.955691
0.01,0.29,0.046667,0.247588,0.705745,0.953333
0.01,0.3,0.049157,0.246189,0.704654,0.950843
0.01,0.31,0.0517874,0.24477,0.703443,0.948213
0.01,0.32,0.0545665,0.243329,0.702104,0.945433
0.01,0.33,0.0575033,0.241867,0.70063,0.942497
0.01,0.34,0.0606071,0.240382,0.699011,0.939393
0.01,0.35,0.0638882,0.238875,0.697237,0.936112
0.01,0.36,0.0673573,0.237343,0.6953,0.932643
0.01,0.37,0.0710259,0.235787,0.693187,0.928974
0.01,0.38,0.0749065,0.234207,0.690887,0.925094
0.01,0.39,0.0790121,0.2326,0.688388,0.920988
0.01,0.4,0.0833568,0.230967,0.685676,0.916643
0.01,0.41,0.0879558,0.229307,0.682737,0.912044
0.01,0.42,0.0928252,0.227619,0.679556,0.907175
0.01,0.43,0.0979823,0.225901,0.676117,0.902018
0.01,0.44,0.103445,0.224154,0.672401,0.896555
0.01,0.45,0.109235,0.222376,0.668389,0.890765
0.01,0.46,0.115371,0.220566,0.664063,0.884629
0.01,0.47,0.121878,0.218724,0.659398,0.878122
0.01,0.48,0.128778,0.216848,0.654374,0.871222
0.01,0.49,0.1361,0.214937,0.648963,0.8639
0.01,0.5,0.14387,0.212991,0.643139,0.85613
0.01,0.51,0.152118,0.211008,0.636874,0.847882
0.01,0.52,0.160877,0.208986,0.630137,0.839123
0.01,0.53,0.17018,0.206926,0.622894,0.82982
0.01,0.54,0.180065,0.204826,0.61511,0.819935
0.01,0.55,0.190569,0.202684,0.606747,0.809431
0.01,0.56,0.201734,0.2005,0.597766,0.798266
0.01,0.57,0.213603,0.198273,0.588125,0.786397
0.01,0.58,0.226221,0.196,0.577778,0.773779
0.01,0.59,0.239637,0.193683,0.56668,0.760363
0.01,0.6,0.253898,0.191319,0.554783,0.746102
0.01,0.61,0.269055,0.188908,0.542037,0.730945
0.01,0.62,0.285157,0.18645,0.528393,0.714843
0.01,0.63,0.302253,0.183943,0.513804,0.697747
0.01,0.64,0.320389,0.181388,0.498223,0.679611
0.01,0.65,0.339605,0.178785,0.481609,0.660395
0.01,0.66,0.359932,0.176136,0.463932,0.640068
0.01,0.67,0.381389,0.17344,0.445171,0.618611
0.01,0.68,0.403975,0.1707,0.425325,0.596025
0.01,0.69,0.427665,0.167919,0.404416,0.572335
0.01,0.7,0.452402,0.1651,0.382498,0.547598
0.01,0.71,0.478086,0.162248,0.359667,0.521914
0.01,0.72,0.504566,0.159367,0.336067,0.495434
0.01,0.73,0.531637,0.156466,0.311897,0.468363
0.01,0.74,0.559031,0.153552,0.287417,0.440969
0.01,0.75,0.586431,0.150633,0.262936,0.413569
0.01,0.76,0.613476,0.14772,0.238804,0.386524
0.01,0.77,0.63979,0.144824,0.215386,0.36021
0.01,0.78,0.665017,0.141955,0.193029,0.334983
0.01,0.79,0.688847,0.139124,0.172029,0.311153
0.01,0.8,0.711048,0.136342,0.15261,0.288952
0.01,0.81,0.731479,0.13362,0.134901,0.268521
0.01,0.82,0.750088,0.130964,0.118948,0.249912
0.01,0.83,0.766899,0.128383,0.104718,0.233101
0.01,0.84,0.781995,0.125883,0.0921218,0.218005
0.01,0.85,0.795497,0.123467,0.0810357,0.204503
0.01,0.86,0.807545,0.121139,0.0713165,0.192455
0.01,0.87,0.818284,0.1189,0.0628163,0.181716
0.01,0.88,0.827858,0.11675,0.0553918,0.172142
0.01,0.89,0.836402,0.114689,0.0489092,0.163598
0.01,0.9,0.844038,0.112715,0.0432472,0.155962
0.01,0.91,0.850875,0.110827,0.0382982,0.149125
0.01,0.92,0.857011,0.109022,0.0339675,0.142989
0.01,0.93,0.862531,0.107296,0.0301728,0.137469
0.01,0.94,0.867509,0.105648,0.0268428,0.132491
0.01,0.95,0.87201,0.104074,0.0239161,0.12799
0.01,0.96,0.87609,0.10257,0.0213399,0.12391
0.01,0.97,0.879798,0.101133,0.0190687,0.120202
0.01,0.98,0.883176,0.0997608,0.0170634,0.116824
0.01,0.99,0.88626,0.0984491,0.0152904,0.11374
0.01,1,0.889084,0.0971953,0.0137208,0.110916
0.02,0,0.0111902,0.281115,0.707695,0.98881
0.02,0.01,0.0117113,0.280139,0.70815,0.988289
0.02,0.02,0.0122614,0.279153,0.708586,0.987739
0.02,0.03,0.0128419,0.278156,0.709002,0.987158
0.02,0.04,0.0134547,0.277148,0.709397,0.986545
0.02,0.05,0.0141013,0.276129,0.70977,0.985899
0.02,0.06,0.0147838,0.275098,0.710118,0.985216
0.02,0.07,0.015504,0.274056,0.71044,0.984496
0.02,0.08,0.0162639,0.273002,0.710734,0.983736
0.02,0.09,0.0170658,0.271936,0.710998,0.982934
0.02,0.1,0.017912,0.270857,0.711231,0.982088
0.02,0.11,0.0188047,0.269765,0.71143,0.981195
0.02,0.12,0.0197468,0.268661,0.711592,0.980253
0.02,0.13,0.0207407,0.267543,0.711716,0.979259
0.02,0.14,0.0217894,0.266412,0.711799,0.978211
0.02,0.15,0.0228959,0.265267,0.711837,0.977104
0.02,0.16,0.0240635,0.264107,0.711829,0.975937
0.02,0.17,0.0252954,0.262933,0.711772,0.974705
0.02,0.18,0.0265953,0.261744,0.711661,0.973405
0.02,0.19,0.027967,0.26054,0.711493,0.972033
0.02,0.2,0.0294145,0.25932,0.711265,0.970585
0.02,0.21,0.0309421,0.258084,0.710973,0.969058
0.02,0.22,0.0325543,0.256832,0.710613,0.967446
0.02,0.23,0.0342558,0.255563,0.710181,0.965744
0.02,0.24,0.0360519,0.254277,0.709671,0.963948
0.02,0.25,0.0379478,0.252973,0.709079,0.962052
0.02,0.26,0.0399495,0.251652,0.708399,0.960051
0.02,0.27,0.0420628,0.250311,0.707626,0.957937
0.02,0.28,0.0442945,0.248952,0.706754,0.955706
0.02,0.29,0.0466513,0.247573,0.705776,0.953349
0.02,0.3,0.0491406,0.246174,0.704686,0.950859
0.02,0.31,0.0517702,0.244754,0.703476,0.94823
0.02,0.32,0.0545486,0.243313,0.702138,0.945451
0.02,0.33,0.0574845,0.24185,0.700665,0.942515
0.02,0.34,0.0605875,0.240365,0.699047,0.939412
0.02,0.35,0.0638677,0.238857,0.697275,0.936132
0.02,0.36,0.0673358,0.237326,0.695339,0.932664
0.02,0.37,0.0710035,0.23577,0.693227,0.928996
0.02,0.38,0.0748831,0.234188,0.690928,0.925117
0.02,0.39,0.0789876,0.232582,0.688431,0.921012
0.02,0.4,0.0833313,0.230948,0.68572,0.916669
0.02,0.41,0.0879292,0.229288,0.682783,0.912071
0.02,0.42,0.0927974,0.227599,0.679604,0.907203
0.02,0.43,0.0979532,0.225881,0.676166,0.902047
0.02,0.44,0.103415,0.224133,0.672452,0.896585
0.02,0.45,0.109203,0.222355,0.668442,0.890797
0.02,0.46,0.115338,0.220545,0.664117,0.884662
0.02,0.47,0.121843,0.218702,0.659455,0.878157
0.02,0.48,0.128743,0.216825,0.654432,0.871257
0.02,0.49,0.136062,0.214914,0.649023,0.863938
0.02,0.5,0.143831,0.212967,0.643202,0.856169
0.02,0.51,0.152078,0.210983,0.636939,0.847922
0.02,0.52,0.160835,0.208962,0.630204,0.839165
0.02,0.53,0.170137,0.206901,0.622963,0.829863
0.02,0.54,0.180019,0.2048,0.615181,0.819981
0.02,0.55,0.190522,0.202657,0.606821,0.809478
0.02,0.56,0.201685,0.200473,0.597842,0.798315
0.02,0.57,0.213552,0.198244,0.588203,0.786448
0.02,0.58,0.226169,0.195972,0.577859,0.773831
0.02,0.59,0.239583,0.193653,0.566763,0.760417
0.02,0.6,0.253843,0.191289,0.554868,0.746157
0.02,0.61,0.268999,0.188877,0.542125,0.731001
0.02,0.62,0.2851,0.186417,0.528483,0.7149
0.02,0.63,0.302196,0.18391,0.513895,0.697804
0.02,0.64,0.320331,0.181354,0.498315,0.679669
0.02,0.65,0.339547,0.17875,0.481703,0.660453
0.02,0.66,0.359875,0.176099,0.464026,0.640125
0.02,0.67,0.381333,0.173402,0.445265,0.618667
0.02,0.68,0.403922,0.170661,0.425417,0.596078
0.02,0.69,0.427617,0.167878,0.404505,0.572383
0.02,0.7,0.452359,0.165058,0.382583,0.547641
0.02,0.71,0.478049,0.162204,0.359747,0.521951
0.02,0.72,0.504539,0.159322,0.33614,0.495461
0.02,0.73,0.53162,0.156419,0.311961,0.46838
0.02,0.74,0.559029,0.153503,0.287469,0.440971
0.02,0.75,0.586444,0.150582,0.262974,0.413556
0.02,0.76,0.613507,0.147667,0.238826,0.386493
0.02,0.77,0.639841,0.144768,0.21539,0.360159
0.02,0.78,0.665088,0.141897,0.193014,0.334912
0.02,0.79,0.68894,0.139064,0.171996,0.31106
0.02,0.8,0.711162,0.13628,0.152557,0.288838
0.02,0.81,0.731614,0.133555,0.134831,0.268386
0.02,0.82,0.750241,0.130897,0.118861,0.249759
0.02,0.83,0.76707,0.128314,0.104616,0.23293
0.02,0.84,0.782182,0.125811,0.0920068,0.217818
0.02,0.85,0.795697,0.123394,0.0809091,0.204303
0.02,0.86,0.807757,0.121063,0.0711798,0.192243
0.02,0.87,0.818507,0.118822,0.062671,0.181493
0.02,0.88,0.828091,0.11667,0.055239,0.171909
0.02,0.89,0.836643,0.114607,0.04875,0.163357
0.02,0.9,0.844286,0.112632,0.0430826,0.155714
0.02,0.91,0.851129,0.110742,0.0381289,0.148871
0.02,0.92,0.857271,0.108935,0.0337941,0.142729
0.02,0.93,0.862796,0.107208,0.0299959,0.137204
0.02,0.94,0.867779,0.105558,0.0266628,0.132221
0.02,0.95,0.872284,0.103982,0.0237334,0.127716
0.02,0.96,0.876368,0.102477,0.0211547,0.123632
0.02,0.97,0.88008,0.101039,0.0188814,0.11992
0.02,0.98,0.88346,0.0996653,0.0168742,0.11654
0.02,0.99,0.886548,0.0983525,0.0150996,0.113452
0.02,1,0.889374,0.0970975,0.0135284,0.110626
0.03,0,0.011186,0.281105,0.707709,0.988814
0.03,0.01,0.0117069,0.280129,0.708164,0.988293
0.03,0.02,0.0122567,0.279142,0.708601,0.987743
0.03,0.03,0.0128371,0.278145,0.709018,0.987163
0.03,0.04,0.0134496,0.277137,0.709413,0.98655
0.03,0.05,0.0140961,0.276118,0.709786,0.985904
0.03,0.06,0.0147783,0.275087,0.710134,0.985222
0.03,0.07,0.0154982,0.274045,0.710457,0.984502
0.03,0.08,0.0162579,0.272991,0.710751,0.983742
0.03,0.09,0.0170595,0.271924,0.711016,0.982941
0.03,0.1,0.0179053,0.270845,0.711249,0.982095
0.03,0.11,0.0187978,0.269754,0.711449,0.981202
0.03,0.12,0.0197395,0.268649,0.711612,0.980261
0.03,0.13,0.0207331,0.267531,0.711736,0.979267
0.03,0.14,0.0217814,0.266399,0.711819,0.978219
0.03,0.15,0.0228876,0.265254,0.711858,0.977112
0.03,0.16,0.0240548,0.264094,0.711851,0.975945
0.03,0.17,0.0252863,0.26292,0.711794,0.974714
0.03,0.18,0.0265858,0.261731,0.711683,0.973414
0.03,0.19,0.027957,0.260527,0.711516,0.972043
0.03,0.2,0.0294041,0.259307,0.711289,0.970596
0.03,0.21,0.0309311,0.258071,0.710998,0.969069
0.03,0.22,0.0325428,0.256818,0.710639,0.967457
0.03,0.23,0.0342438,0.255549,0.710207,0.965756
0.03,0.24,0.0360394,0.254263,0.709698,0.963961
0.03,0.25,0.0379347,0.252959,0.709106,0.962065
0.03,0.26,0.0399358,0.251637,0.708427,0.960064
0.03,0.27,0.0420485,0.250296,0.707655,0.957951
0.03,0.28,0.0442795,0.248936,0.706784,0.955721
0.03,0.29,0.0466356,0.247557,0.705807,0.953364
0.03,0.3,0.0491242,0.246158,0.704718,0.950876
0.03,0.31,0.0517531,0.244738,0.703509,0.948247
0.03,0.32,0.0545307,0.243297,0.702173,0.945469
0.03,0.33,0.0574658,0.241834,0.700701,0.942534
0.03,0.34,0.0605679,0.240348,0.699084,0.939432
0.03,0.35,0.0638472,0.23884,0.697313,0.936153
0.03,0.36,0.0673145,0.237308,0.695378,0.932686
0.03,0.37,0.0709812,0.235752,0.693267,0.929019
0.03,0.38,0.0748597,0.23417,0.69097,0.92514
0.03,0.39,0.0789632,0.232563,0.688474,0.921037
0.03,0.4,0.0833058,0.230929,0.685765,0.916694
0.03,0.41,0.0879026,0.229268,0.682829,0.912097
0.03,0.42,0.0927696,0.227579,0.679651,0.90723
0.03,0.43,0.0979242,0.225861,0.676215,0.902076
0.03,0.44,0.103385,0.224113,0.672502,0.896615
0.03,0.45,0.109171,0.222334,0.668495,0.890829
0.03,0.46,0.115305,0.220523,0.664172,0.884695
0.03,0.47,0.121809,0.21868,0.659511,0.878191
0.03,0.48,0.128707,0.216803,0.65449,0.871293
0.03,0.49,0.136025,0.214891,0.649084,0.863975
0.03,0.5,0.143792,0.212944,0.643264,0.856208
0.03,0.51,0.152037,0.210959,0.637003,0.847963
0.03,0.52,0.160793,0.208937,0.63027,0.839207
0.03,0.53,0.170093,0.206876,0.623032,0.829907
0.03,0.54,0.179974,0.204774,0.615252,0.820026
0.03,0.55,0.190475,0.202631,0.606894,0.809525
0.03,0.56,0.201636,0.200445,0.597918,0.798364
0.03,0.57,0.213502,0.198217,0.588281,0.786498
0.03,0.58,0.226118,0.195943,0.577939,0.773882
0.03,0.59,0.23953,0.193624,0.566846,0.76047
0.03,0.6,0.253788,0.191258,0.554953,0.746212
0.03,0.61,0.268943,0.188846,0.542212,0.731057
0.03,0.62,0.285043,0.186385,0.528572,0.714957
0.03,0.63,0.302138,0.183876,0.513986,0.697862
0.03,0.64,0.320274,0.181319,0.498407,0.679726
0.03,0.65,0.33949,0.178715,0.481796,0.66051
0.03,0.66,0.359818,0.176062,0.464119,0.640182
0.03,0.67,0.381278,0.173364,0.445358,0.618722
0.03,0.68,0.40387,0.170622,0.425509,0.59613
0.03,0.69,0.427568,0.167838,0.404595,0.572432
0.03,0.7,0.452315,0.165016,0.382669,0.547685
0.03,0.71,0.478013,0.16216,0.359827,0.521987
0.03,0.72,0.504511,0.159277,0.336213,0.495489
0.03,0.73,0.531604,0.156372,0.312025,0.468396
0.03,0.74,0.559025,0.153454,0.287521,0.440975
0.03,0.75,0.586457,0.150531,0.263012,0.413543
0.03,0.76,0.613537,0.147614,0.238849,0.386463
0.03,0.77,0.639891,0.144713,0.215396,0.360109
0.03,0.78,0.665159,0.14184,0.193001,0.334841
0.03,0.79,0.689032,0.139005,0.171964,0.310968
0.03,0.8,0.711275,0.136218,0.152506,0.288725
0.03,0.81,0.731747,0.133491,0.134762,0.268253
0.03,0.82,0.750393,0.130831,0.118776,0.249607
0.03,0.83,0.767239,0.128245,0.104516,0.232761
0.03,0.84,0.782366,0.12574,0.0918934,0.217634
0.03,0.85,0.795896,0.12332,0.0807841,0.204104
0.03,0.86,0.807967,0.120988,0.0710448,0.192033
0.03,0.87,0.818728,0.118744,0.0625273,0.181272
0.03,0.88,0.828321,0.116591,0.055088,0.171679
0.03,0.89,0.836882,0.114526,0.0485926,0.163118
0.03,0.9,0.844532,0.112549,0.0429198,0.155468
0.03,0.91,0.851382,0.110657,0.0379615,0.148618
0.03,0.92,0.857529,0.108848,0.0336227,0.142471
0.03,0.93,0.863059,0.10712,0.0298209,0.136941
0.03,0.94,0.868047,0.105468,0.0264848,0.131953
0.03,0.95,0.872556,0.103891,0.0235527,0.127444
0.03,0.96,0.876644,0.102385,0.0209717,0.123356
0.03,0.97,0.880358,0.100945,0.0186963,0.119642
0.03,0.98,0.883742,0.0995703,0.0166872,0.116258
0.03,0.99,0.886833,0.0982564,0.0149109,0.113167
0.03,1,0.889661,0.0970003,0.0133382,0.110339
0.04,0,0.0111818,0.281094,0.707724,0.988818
0.04,0.01,0.0117025,0.280118,0.708179,0.988298
0.04,0.02,0.0122521,0.279132,0.708616,0.987748
0.04,0.03,0.0128323,0.278135,0.709033,0.987168
0.04,0.04,0.0134446,0.277127,0.709429,0.986555
0.04,0.05,0.0140908,0.276107,0.709802,0.985909
0.04,0.06,0.0147727,0.275076,0.710151,0.985227
0.04,0.07,0.0154924,0.274034,0.710474,0.984508
0.04,0.08,0.0162518,0.272979,0.710769,0.983748
0.04,0.09,0.0170531,0.271913,0.711034,0.982947
0.04,0.1,0.0178987,0.270834,0.711268,0.982101
0.04,0.11,0.0187909,0.269742,0.711467,0.981209
0.04,0.12,0.0197322,0.268637,0.711631,0.980268
0.04,0.13,0.0207255,0.267519,0.711756,0.979275
0.04,0.14,0.0217735,0.266387,0.711839,0.978227
0.04,0.15,0.0228793,0.265242,0.711879,0.977121
0.04,0.16,0.024046,0.264082,0.711872,0.975954
0.04,0.17,0.0252772,0.262907,0.711816,0.974723
0.04,0.18,0.0265762,0.261718,0.711706,0.973424
0.04,0.19,0.0279471,0.260513,0.711539,0.972053
0.04,0.2,0.0293936,0.259293,0.711313,0.970606
0.04,0.21,0.0309202,0.258057,0.711023,0.96908
0.04,0.22,0.0325314,0.256805,0.710664,0.967469
0.04,0.23,0.0342319,0.255535,0.710233,0.965768
0.04,0.24,0.0360269,0.254249,0.709725,0.963973
0.04,0.25,0.0379217,0.252944,0.709134,0.962078
0.04,0.26,0.0399221,0.251622,0.708456,0.960078
0.04,0.27,0.0420342,0.250281,0.707685,0.957966
0.04,0.28,0.0442646,0.248921,0.706814,0.955735
0.04,0.29,0.04662,0.247542,0.705838,0.95338
0.04,0.3,0.0491079,0.246142,0.70475,0.950892
0.04,0.31,0.051736,0.244722,0.703542,0.948264
0.04,0.32,0.0545128,0.24328,0.702207,0.945487
0.04,0.33,0.0574471,0.241817,0.700736,0.942553
0.04,0.34,0.0605484,0.240331,0.69912,0.939452
0.04,0.35,0.0638269,0.238823,0.69735,0.936173
0.04,0.36,0.0672932,0.23729,0.695416,0.932707
0.04,0.37,0.070959,0.235734,0.693307,0.929041
0.04,0.38,0.0748365,0.234152,0.691012,0.925164
0.04,0.39,0.078939,0.232544,0.688517,0.921061
0.04,0.4,0.0832805,0.23091,0.685809,0.91672
0.04,0.41,0.0878761,0.229249,0.682875,0.912124
0.04,0.42,0.0927419,0.227559,0.679699,0.907258
0.04,0.43,0.0978953,0.225841,0.676264,0.902105
0.04,0.44,0.103355,0.224092,0.672553,0.896645
0.04,0.45,0.10914,0.222313,0.668547,0.89086
0.04,0.46,0.115272,0.220502,0.664226,0.884728
0.04,0.47,0.121775,0.218658,0.659567,0.878225
0.04,0.48,0.128671,0.216781,0.654548,0.871329
0.04,0.49,0.135988,0.214868,0.649144,0.864012
0.04,0.5,0.143753,0.21292,0.643326,0.856247
0.04,0.51,0.151997,0.210935,0.637068,0.848003
0.04,0.52,0.160751,0.208912,0.630337,0.839249
0.04,0.53,0.170049,0.20685,0.6231,0.829951
0.04,0.54,0.179929,0.204748,0.615323,0.820071
0.04,0.55,0.190428,0.202604,0.606967,0.809572
0.04,0.56,0.201588,0.200418,0.597994,0.798412
0.04,0.57,0.213452,0.198189,0.588359,0.786548
0.04,0.58,0.226066,0.195914,0.57802,0.773934
0.04,0.59,0.239477,0.193594,0.566929,0.760523
0.04,0.6,0.253734,0.191228,0.555038,0.746266
0.04,0.61,0.268887,0.188814,0.542298,0.731113
0.04,0.62,0.284986,0.186353,0.528661,0.715014
0.04,0.63,0.302081,0.183843,0.514076,0.697919
0.04,0.64,0.320216,0.181285,0.498499,0.679784
0.04,0.65,0.339432,0.178679,0.481888,0.660568
0.04,0.66,0.359762,0.176026,0.464212,0.640238
0.04,0.67,0.381223,0.173326,0.44545,0.618777
0.04,0.68,0.403817,0.170583,0.4256,0.596183
0.04,0.69,0.427519,0.167797,0.404684,0.572481
0.04,0.7,0.452272,0.164974,0.382755,0.547728
0.04,0.71,0.477976,0.162117,0.359907,0.522024
0.04,0.72,0.504483,0.159231,0.336286,0.495517
0.04,0.73,0.531587,0.156325,0.312088,0.468413
0.04,0.74,0.559022,0.153405,0.287573,0.440978
0.04,0.75,0.586469,0.15048,0.263051,0.413531
0.04,0.76,0.613567,0.147561,0.238872,0.386433
0.04,0.77,0.63994,0.144658,0.215401,0.36006
0.04,0.78,0.665229,0.141783,0.192988,0.334771
0.04,0.79,0.689122,0.138945,0.171932,0.310878
0.04,0.8,0.711387,0.136157,0.152456,0.288613
0.04,0.81,0.731878,0.133427,0.134695,0.268122
0.04,0.82,0.750543,0.130765,0.118692,0.249457
0.04,0.83,0.767406,0.128177,0.104417,0.232594
0.04,0.84,0.782549,0.12567,0.0917814,0.217451
0.04,0.85,0.796092,0.123247,0.0806606,0.203908
0.04,0.86,0.808176,0.120913,0.0709114,0.191824
0.04,0.87,0.818947,0.118667,0.0623854,0.181053
0.04,0.88,0.82855,0.116512,0.0549387,0.17145
0.04,0.89,0.837118,0.114445,0.0484371,0.162882
0.04,0.9,0.844775,0.112466,0.0427589,0.155225
0.04,0.91,0.851632,0.110572,0.037796,0.148368
0.04,0.92,0.857785,0.108762,0.0334532,0.142215
0.04,0.93,0.86332,0.107032,0.029648,0.13668
0.04,0.94,0.868312,0.105379,0.0263088,0.131688
0.04,0.95,0.872825,0.1038,0.0233741,0.127175
0.04,0.96,0.876917,0.102293,0.0207908,0.123083
0.04,0.97,0.880635,0.100852,0.0185133,0.119365
0.04,0.98,0.884022,0.0994758,0.0165024,0.115978
0.04,0.99,0.887115,0.0981607,0.0147244,0.112885
0.04,1,0.889946,0.0969035,0.0131502,0.110054
0.05,0,0.0111776,0.281084,0.707738,0.988822
0.05,0.01,0.0116981,0.280108,0.708194,0.988302
0.05,0.02,0.0122475,0.279122,0.708631,0.987752
0.05,0.03,0.0128275,0.278124,0.709048,0.987173
0.05,0.04,0.0134395,0.277116,0.709445,0.98656
0.05,0.05,0.0140855,0.276096,0.709818,0.985914
0.05,0.06,0.0147672,0.275065,0.710167,0.985233
0.05,0.07,0.0154866,0.274023,0.710491,0.984513
0.05,0.08,0.0162458,0.272968,0.710786,0.983754
0.05,0.09,0.0170468,0.271901,0.711052,0.982953
0.05,0.1,0.0178921,0.270822,0.711286,0.982108
0.05,0.11,0.0187839,0.26973,0.711486,0.981216
0.05,0.12,0.019725,0.268625,0.71165,0.980275
0.05,0.13,0.0207179,0.267507,0.711775,0.979282
0.05,0.14,0.0217656,0.266375,0.71186,0.978234
0.05,0.15,0.022871,0.265229,0.7119,0.977129
0.05,0.16,0.0240374,0.264069,0.711894,0.975963
0.05,0.17,0.0252681,0.262894,0.711837,0.974732
0.05,0.18,0.0265667,0.261705,0.711728,0.973433
0.05,0.19,0.0279371,0.2605,0.711563,0.972063
0.05,0.2,0.0293832,0.25928,0.711337,0.970617
0.05,0.21,0.0309094,0.258043,0.711047,0.969091
0.05,0.22,0.03252,0.256791,0.710689,0.96748
0.05,0.23,0.03422,0.255521,0.710259,0.96578
0.05,0.24,0.0360144,0.254234,0.709751,0.963986
0.05,0.25,0.0379087,0.25293,0.709161,0.962091
0.05,0.26,0.0399085,0.251607,0.708484,0.960091
0.05,0.27,0.04202,0.250266,0.707714,0.95798
0.05,0.28,0.0442497,0.248906,0.706844,0.95575
0.05,0.29,0.0466044,0.247526,0.70587,0.953396
0.05,0.3,0.0490916,0.246126,0.704782,0.950908
0.05,0.31,0.051719,0.244706,0.703575,0.948281
0.05,0.32,0.054495,0.243264,0.702241,0.945505
0.05,0.33,0.0574286,0.2418,0.700771,0.942571
0.05,0.34,0.060529,0.240314,0.699157,0.939471
0.05,0.35,0.0638066,0.238805,0.697388,0.936193
0.05,0.36,0.067272,0.237273,0.695455,0.932728
0.05,0.37,0.0709368,0.235716,0.693347,0.929063
0.05,0.38,0.0748133,0.234134,0.691053,0.925187
0.05,0.39,0.0789148,0.232526,0.688559,0.921085
0.05,0.4,0.0832552,0.230891,0.685853,0.916745
0.05,0.41,0.0878497,0.22923,0.682921,0.91215
0.05,0.42,0.0927144,0.22754,0.679746,0.907286
0.05,0.43,0.0978665,0.225821,0.676313,0.902133
0.05,0.44,0.103325,0.224072,0.672604,0.896675
0.05,0.45,0.109109,0.222292,0.668599,0.890891
0.05,0.46,0.11524,0.22048,0.66428,0.88476
0.05,0.47,0.121741,0.218636,0.659623,0.878259
0.05,0.48,0.128636,0.216758,0.654606,0.871364
0.05,0.49,0.135951,0.214845,0.649204,0.864049
0.05,0.5,0.143715,0.212897,0.643388,0.856285
0.05,0.51,0.151957,0.210911,0.637132,0.848043
0.05,0.52,0.160709,0.208888,0.630403,0.839291
0.05,0.53,0.170006,0.206825,0.623169,0.829994
0.05,0.54,0.179884,0.204722,0.615394,0.820116
0.05,0.55,0.190382,0.202578,0.60704,0.809618
0.05,0.56,0.20154,0.200391,0.598069,0.79846
0.05,0.57,0.213402,0.198161,0.588437,0.786598
0.05,0.58,0.226015,0.195886,0.5781,0.773985
0.05,0.59,0.239424,0.193565,0.567011,0.760576
0.05,0.6,0.25368,0.191198,0.555122,0.74632
0.05,0.61,0.268832,0.188783,0.542385,0.731168
0.05,0.62,0.28493,0.186321,0.528749,0.71507
0.05,0.63,0.302024,0.18381,0.514166,0.697976
0.05,0.64,0.320158,0.181251,0.49859,0.679842
0.05,0.65,0.339375,0.178644,0.481981,0.660625
0.05,0.66,0.359705,0.17599,0.464305,0.640295
0.05,0.67,0.381168,0.173289,0.445543,0.618832
0.05,0.68,0.403765,0.170544,0.425692,0.596235
0.05,0.69,0.42747,0.167757,0.404773,0.57253
0.05,0.7,0.452228,0.164932,0.38284,0.547772
0.05,0.71,0.477939,0.162073,0.359987,0.522061
0.05,0.72,0.504455,0.159187,0.336359,0.495545
0.05,0.73,0.531569,0.156278,0.312152,0.468431
0.05,0.74,0.559018,0.153356,0.287626,0.440982
0.05,0.75,0.58648,0.15043,0.26309,0.41352
0.05,0.76,0.613596,0.147509,0.238895,0.386404
0.05,0.77,0.639988,0.144604,0.215408,0.360012
0.05,0.78,0.665298,0.141726,0.192976,0.334702
0.05,0.79,0.689212,0.138886,0.171902,0.310788
0.05,0.8,0.711497,0.136096,0.152407,0.288503
0.05,0.81,0.732008,0.133363,0.134628,0.267992
0.05,0.82,0.750692,0.130699,0.118609,0.249308
0.05,0.83,0.767572,0.128109,0.10432,0.232428
0.05,0.84,0.78273,0.125599,0.0916709,0.21727
0.05,0.85,0.796286,0.123175,0.0805388,0.203714
0.05,0.86,0.808382,0.120838,0.0707797,0.191618
0.05,0.87,0.819164,0.118591,0.0622452,0.180836
0.05,0.88,0.828776,0.116433,0.0547913,0.171224
0.05,0.89,0.837352,0.114364,0.0482835,0.162648
0.05,0.9,0.845017,0.112383,0.0425999,0.154983
0.05,0.91,0.851879,0.110488,0.0376323,0.148121
0.05,0.92,0.858038,0.108676,0.0332856,0.141962
0.05,0.93,0.863578,0.106945,0.029477,0.136422
0.05,0.94,0.868575,0.10529,0.0261348,0.131425
0.05,0.95,0.873092,0.10371,0.0231975,0.126908
0.05,0.96,0.877187,0.102201,0.0206119,0.122813
0.05,0.97,0.880908,0.100759,0.0183323,0.119092
0.05,0.98,0.884299,0.0993818,0.0163196,0.115701
0.05,0.99,0.887394,0.0980655,0.01454,0.112606
0.05,1,0.890228,0.0968073,0.0129643,0.109772
0.06,0,0.0111734,0.281074,0.707753,0.988827
0.06,0.01,0.0116937,0.280098,0.708208,0.988306
0.06,0.02,0.012243,0.279111,0.708646,0.987757
0.06,0.03,0.0128227,0.278114,0.709064,0.987177
0.06,0.04,0.0134345,0.277105,0.70946,0.986565
0.06,0.05,0.0140803,0.276086,0.709834,0.98592
0.06,0.06,0.0147617,0.275054,0.710184,0.985238
0.06,0.07,0.0154809,0.274012,0.710508,0.984519
0.06,0.08,0.0162397,0.272957,0.710803,0.98376
0.06,0.09,0.0170405,0.27189,0.71107,0.982959
0.06,0.1,0.0178855,0.27081,0.711304,0.982115
0.06,0.11,0.018777,0.269718,0.711505,0.981223
0.06,0.12,0.0197178,0.268613,0.711669,0.980282
0.06,0.13,0.0207104,0.267495,0.711795,0.97929
0.06,0.14,0.0217577,0.266363,0.71188,0.978242
0.06,0.15,0.0228627,0.265217,0.711921,0.977137
0.06,0.16,0.0240287,0.264056,0.711915,0.975971
0.06,0.17,0.025259,0.262882,0.711859,0.974741
0.06,0.18,0.0265573,0.261692,0.711751,0.973443
0.06,0.19,0.0279272,0.260487,0.711586,0.972073
0.06,0.2,0.0293729,0.259266,0.711361,0.970627
0.06,0.21,0.0308985,0.25803,0.711072,0.969101
0.06,0.22,0.0325087,0.256777,0.710714,0.967491
0.06,0.23,0.0342082,0.255507,0.710285,0.965792
0.06,0.24,0.036002,0.25422,0.709778,0.963998
0.06,0.25,0.0378957,0.252915,0.709189,0.962104
0.06,0.26,0.0398949,0.251593,0.708513,0.960105
0.06,0.27,0.0420058,0.250251,0.707743,0.957994
0.06,0.28,0.0442348,0.248891,0.706874,0.955765
0.06,0.29,0.0465889,0.247511,0.7059,0.953411
0.06,0.3,0.0490754,0.24611,0.704814,0.950925
0.06,0.31,0.0517021,0.24469,0.703608,0.948298
0.06,0.32,0.0544773,0.243248,0.702275,0.945523
0.06,0.33,0.05741,0.241784,0.700806,0.94259
0.06,0.34,0.0605097,0.240298,0.699193,0.93949
0.06,0.35,0.0637863,0.238788,0.697425,0.936214
0.06,0.36,0.0672508,0.237255,0.695494,0.932749
0.06,0.37,0.0709147,0.235698,0.693387,0.929085
0.06,0.38,0.0747902,0.234116,0.691094,0.92521
0.06,0.39,0.0788906,0.232507,0.688602,0.921109
0.06,0.4,0.08323,0.230873,0.685897,0.91677
0.06,0.41,0.0878234,0.22921,0.682966,0.912177
0.06,0.42,0.0926869,0.22752,0.679793,0.907313
0.06,0.43,0.0978379,0.225801,0.676362,0.902162
0.06,0.44,0.103295,0.224051,0.672654,0.896705
0.06,0.45,0.109077,0.222271,0.668652,0.890923
0.06,0.46,0.115207,0.220459,0.664334,0.884793
0.06,0.47,0.121707,0.218614,0.659679,0.878293
0.06,0.48,0.1286,0.216736,0.654664,0.8714
0.06,0.49,0.135914,0.214823,0.649263,0.864086
0.06,0.5,0.143676,0.212874,0.64345,0.856324
0.06,0.51,0.151917,0.210888,0.637196,0.848083
0.06,0.52,0.160668,0.208863,0.630469,0.839332
0.06,0.53,0.169963,0.2068,0.623237,0.830037
0.06,0.54,0.179839,0.204697,0.615464,0.820161
0.06,0.55,0.190335,0.202552,0.607113,0.809665
0.06,0.56,0.201492,0.200364,0.598144,0.798508
0.06,0.57,0.213353,0.198133,0.588514,0.786647
0.06,0.58,0.225963,0.195857,0.578179,0.774037
0.06,0.59,0.239371,0.193536,0.567093,0.760629
0.06,0.6,0.253626,0.191168,0.555207,0.746374
0.06,0.61,0.268776,0.188752,0.542471,0.731224
0.06,0.62,0.284874,0.186289,0.528837,0.715126
0.06,0.63,0.301967,0.183777,0.514256,0.698033
0.06,0.64,0.320101,0.181217,0.498681,0.679899
0.06,0.65,0.339318,0.178609,0.482073,0.660682
0.06,0.66,0.359649,0.175954,0.464398,0.640351
0.06,0.67,0.381113,0.173252,0.445635,0.618887
0.06,0.68,0.403712,0.170505,0.425783,0.596288
0.06,0.69,0.427421,0.167717,0.404861,0.572579
0.06,0.7,0.452184,0.164891,0.382925,0.547816
0.06,0.71,0.477902,0.16203,0.360068,0.522098
0.06,0.72,0.504427,0.159142,0.336432,0.495573
0.06,0.73,0.531552,0.156232,0.312216,0.468448
0.06,0.74,0.559013,0.153308,0.287679,0.440987
0.06,0.75,0.586491,0.15038,0.263129,0.413509
0.06,0.76,0.613624,0.147457,0.238919,0.386376
0.06,0.77,0.640036,0.144549,0.215415,0.359964
0.06,0.78,0.665365,0.141669,0.192965,0.334635
0.06,0.79,0.6893,0.138828,0.171872,0.3107
0.06,0.8,0.711606,0.136035,0.15236,0.288394
0.06,0.81,0.732137,0.1333,0.134563,0.267863
0.06,0.82,0.750839,0.130633,0.118528,0.249161
0.06,0.83,0.767736,0.128041,0.104223,0.232264
0.06,0.84,0.782909,0.125529,0.0915619,0.217091
0.06,0.85,0.796479,0.123103,0.0804184,0.203521
0.06,0.86,0.808587,0.120764,0.0706495,0.191413
0.06,0.87,0.819379,0.118514,0.0621067,0.180621
0.06,0.88,0.829,0.116355,0.0546455,0.171
0.06,0.89,0.837584,0.114284,0.0481315,0.162416
0.06,0.9,0.845256,0.112302,0.0424427,0.154744
0.06,0.91,0.852125,0.110405,0.0374706,0.147875
0.06,0.92,0.858289,0.108591,0.03312,0.141711
0.06,0.93,0.863834,0.106858,0.0293079,0.136166
0.06,0.94,0.868835,0.105202,0.0259628,0.131165
0.06,0.95,0.873357,0.103621,0.0230229,0.126643
0.06,0.96,0.877455,0.10211,0.020435,0.122545
0.06,0.97,0.88118,0.100667,0.0181535,0.11882
0.06,0.98,0.884573,0.0992883,0.0161389,0.115427
0.06,0.99,0.887671,0.0979708,0.0143577,0.112329
0.06,1,0.890508,0.0967115,0.0127806,0.109492
0.07,0,0.0111693,0.281064,0.707767,0.988831
0.07,0.01,0.0116894,0.280088,0.708223,0.988311
0.07,0.02,0.0122384,0.279101,0.708661,0.987762
0.07,0.03,0.0128179,0.278103,0.709079,0.987182
0.07,0.04,0.0134295,0.277095,0.709476,0.98657
0.07,0.05,0.014075,0.276075,0.70985,0.985925
0.07,0.06,0.0147563,0.275043,0.7102,0.985244
0.07,0.07,0.0154751,0.274,0.710524,0.984525
0.07,0.08,0.0162337,0.272946,0.710821,0.983766
0.07,0.09,0.0170342,0.271878,0.711087,0.982966
0.07,0.1,0.0178789,0.270799,0.711322,0.982121
0.07,0.11,0.0187702,0.269707,0.711523,0.98123
0.07,0.12,0.0197106,0.268601,0.711688,0.980289
0.07,0.13,0.0207028,0.267483,0.711815,0.979297
0.07,0.14,0.0217498,0.26635,0.7119,0.97825
0.07,0.15,0.0228545,0.265204,0.711941,0.977146
0.07,0.16,0.0240201,0.264044,0.711936,0.97598
0.07,0.17,0.02525,0.262869,0.711881,0.97475
0.07,0.18,0.0265478,0.261679,0.711773,0.973452
0.07,0.19,0.0279173,0.260474,0.711609,0.972083
0.07,0.2,0.0293625,0.259253,0.711384,0.970637
0.07,0.21,0.0308877,0.258016,0.711096,0.969112
0.07,0.22,0.0324974,0.256763,0.71074,0.967503
0.07,0.23,0.0341963,0.255493,0.710311,0.965804
0.07,0.24,0.0359897,0.254206,0.709804,0.96401
0.07,0.25,0.0378828,0.252901,0.709216,0.962117
0.07,0.26,0.0398814,0.251578,0.708541,0.960119
0.07,0.27,0.0419917,0.250236,0.707772,0.958008
0.07,0.28,0.0442201,0.248875,0.706904,0.95578
0.07,0.29,0.0465735,0.247495,0.705931,0.953427
0.07,0.3,0.0490592,0.246095,0.704846,0.950941
0.07,0.31,0.0516852,0.244674,0.703641,0.948315
0.07,0.32,0.0544597,0.243231,0.702309,0.94554
0.07,0.33,0.0573916,0.241767,0.700841,0.942608
0.07,0.34,0.0604904,0.240281,0.699229,0.93951
0.07,0.35,0.0637662,0.238771,0.697463,0.936234
0.07,0.36,0.0672297,0.237238,0.695532,0.93277
0.07,0.37,0.0708927,0.23568,0.693427,0.929107
0.07,0.38,0.0747672,0.234097,0.691135,0.925233
0.07,0.39,0.0788666,0.232489,0.688645,0.921133
0.07,0.4,0.0832049,0.230854,0.685941,0.916795
0.07,0.41,0.0877972,0.229191,0.683012,0.912203
0.07,0.42,0.0926595,0.2275,0.67984,0.90734
0.07,0.43,0.0978093,0.225781,0.67641,0.902191
0.07,0.44,0.103265,0.224031,0.672704,0.896735
0.07,0.45,0.109046,0.22225,0.668703,0.890954
0.07,0.46,0.115175,0.220438,0.664388,0.884825
0.07,0.47,0.121673,0.218593,0.659735,0.878327
0.07,0.48,0.128565,0.216714,0.654721,0.871435
0.07,0.49,0.135877,0.2148,0.649323,0.864123
0.07,0.5,0.143638,0.21285,0.643512,0.856362
0.07,0.51,0.151877,0.210864,0.637259,0.848123
0.07,0.52,0.160626,0.208839,0.630535,0.839374
0.07,0.53,0.16992,0.206775,0.623305,0.83008
0.07,0.54,0.179795,0.204671,0.615534,0.820205
0.07,0.55,0.190289,0.202526,0.607186,0.809711
0.07,0.56,0.201444,0.200337,0.598219,0.798556
0.07,0.57,0.213303,0.198106,0.588591,0.786697
0.07,0.58,0.225912,0.195829,0.578259,0.774088
0.07,0.59,0.239319,0.193507,0.567174,0.760681
0.07,0.6,0.253572,0.191138,0.55529,0.746428
0.07,0.61,0.268721,0.188722,0.542557,0.731279
0.07,0.62,0.284818,0.186257,0.528925,0.715182
0.07,0.63,0.30191,0.183745,0.514345,0.69809
0.07,0.64,0.320044,0.181184,0.498772,0.679956
0.07,0.65,0.339261,0.178574,0.482165,0.660739
0.07,0.66,0.359592,0.175918,0.46449,0.640408
0.07,0.67,0.381058,0.173214,0.445727,0.618942
0.07,0.68,0.40366,0.170467,0.425873,0.59634
0.07,0.69,0.427373,0.167677,0.40495,0.572627
0.07,0.7,0.45214,0.164849,0.38301,0.54786
0.07,0.71,0.477865,0.161987,0.360147,0.522135
0.07,0.72,0.504398,0.159097,0.336505,0.495602
0.07,0.73,0.531534,0.156185,0.31228,0.468466
0.07,0.74,0.559008,0.15326,0.287732,0.440992
0.07,0.75,0.586501,0.15033,0.263169,0.413499
0.07,0.76,0.613652,0.147404,0.238944,0.386348
0.07,0.77,0.640082,0.144495,0.215422,0.359918
0.07,0.78,0.665432,0.141613,0.192955,0.334568
0.07,0.79,0.689388,0.138769,0.171843,0.310612
0.07,0.8,0.711714,0.135974,0.152313,0.288286
0.07,0.81,0.732264,0.133237,0.134499,0.267736
0.07,0.82,0.750985,0.130568,0.118448,0.249015
0.07,0.83,0.767898,0.127974,0.104129,0.232102
0.07,0.84,0.783086,0.12546,0.0914543,0.216914
0.07,0.85,0.796669,0.123031,0.0802996,0.203331
0.07,0.86,0.808789,0.12069,0.070521,0.191211
0.07,0.87,0.819592,0.118438,0.0619698,0.180408
0.07,0.88,0.829222,0.116277,0.0545015,0.170778
0.07,0.89,0.837814,0.114204,0.0479814,0.162186
0.07,0.9,0.845493,0.11222,0.0422873,0.154507
0.07,0.91,0.852368,0.110321,0.0373107,0.147632
0.07,0.92,0.858538,0.108506,0.0329562,0.141462
0.07,0.93,0.864088,0.106771,0.0291408,0.135912
0.07,0.94,0.869093,0.105114,0.0257928,0.130907
0.07,0.95,0.873618,0.103531,0.0228503,0.126382
0.07,0.96,0.877721,0.102019,0.0202602,0.122279
0.07,0.97,0.881448,0.100575,0.0179766,0.118552
0.07,0.98,0.884845,0.0991952,0.0159603,0.115155
0.07,0.99,0.887946,0.0978766,0.0141774,0.112054
0.07,1,0.890785,0.0966162,0.0125989,0.109215
0.08,0,0.0111651,0.281054,0.707781,0.988835
0.08,0.01,0.011685,0.280077,0.708238,0.988315
0.08,0.02,0.0122338,0.27909,0.708676,0.987766
0.08,0.03,0.0128131,0.278093,0.709094,0.987187
0.08,0.04,0.0134245,0.277084,0.709492,0.986575
0.08,0.05,0.0140698,0.276064,0.709866,0.98593
0.08,0.06,0.0147508,0.275032,0.710217,0.985249
0.08,0.07,0.0154694,0.273989,0.710541,0.984531
0.08,0.08,0.0162278,0.272934,0.710838,0.983772
0.08,0.09,0.017028,0.271867,0.711105,0.982972
0.08,0.1,0.0178724,0.270787,0.71134,0.982128
0.08,0.11,0.0187633,0.269695,0.711542,0.981237
0.08,0.12,0.0197034,0.268589,0.711707,0.980297
0.08,0.13,0.0206953,0.267471,0.711834,0.979305
0.08,0.14,0.0217419,0.266338,0.71192,0.978258
0.08,0.15,0.0228463,0.265192,0.711962,0.977154
0.08,0.16,0.0240115,0.264031,0.711957,0.975988
0.08,0.17,0.025241,0.262856,0.711903,0.974759
0.08,0.18,0.0265384,0.261666,0.711795,0.973462
0.08,0.19,0.0279075,0.260461,0.711632,0.972093
0.08,0.2,0.0293522,0.25924,0.711408,0.970648
0.08,0.21,0.030877,0.258003,0.71112,0.969123
0.08,0.22,0.0324861,0.256749,0.710765,0.967514
0.08,0.23,0.0341846,0.255479,0.710336,0.965815
0.08,0.24,0.0359773,0.254192,0.709831,0.964023
0.08,0.25,0.0378699,0.252887,0.709244,0.96213
0.08,0.26,0.0398679,0.251563,0.708569,0.960132
0.08,0.27,0.0419776,0.250221,0.707801,0.958022
0.08,0.28,0.0442053,0.24886,0.706934,0.955795
0.08,0.29,0.046558,0.24748,0.705962,0.953442
0.08,0.3,0.0490431,0.246079,0.704878,0.950957
0.08,0.31,0.0516683,0.244658,0.703674,0.948332
0.08,0.32,0.0544421,0.243215,0.702343,0.945558
0.08,0.33,0.0573732,0.241751,0.700876,0.942627
0.08,0.34,0.0604711,0.240264,0.699265,0.939529
0.08,0.35,0.0637461,0.238754,0.6975,0.936254
0.08,0.36,0.0672087,0.23722,0.695571,0.932791
0.08,0.37,0.0708707,0.235662,0.693467,0.929129
0.08,0.38,0.0747443,0.234079,0.691176,0.925256
0.08,0.39,0.0788427,0.23247,0.688687,0.921157
0.08,0.4,0.0831799,0.230835,0.685985,0.91682
0.08,0.41,0.087771,0.229172,0.683057,0.912229
0.08,0.42,0.0926323,0.227481,0.679887,0.907368
0.08,0.43,0.0977808,0.225761,0.676459,0.902219
0.08,0.44,0.103235,0.22401,0.672754,0.896765
0.08,0.45,0.109015,0.222229,0.668755,0.890985
0.08,0.46,0.115142,0.220417,0.664441,0.884858
0.08,0.47,0.121639,0.218571,0.65979,0.878361
