e1,e2,V,Rs,Rv,P
0,0 ,0.112722, 0.00235024,0.884927,0.887278
0,0.01 ,0.116567, 0.00235023,0.881083,0.883433
0,0.02 ,0.120547, 0.00235022,0.877102,0.879453
0,0.03 ,0.12467, 0.00235022,0.87298,0.87533
0,0.04 ,0.12894, 0.00235021,0.86871,0.87106
0,0.05 ,0.133363, 0.0023502,0.864286,0.866637
0,0.06 ,0.137947, 0.00235019,0.859703,0.862053
0,0.07 ,0.142696, 0.00235018,0.854954,0.857304
0,0.08 ,0.147619, 0.00235018,0.850031,0.852381
0,0.09 ,0.152722, 0.00235017,0.844928,0.847278
0,0.1 ,0.158014, 0.00235016,0.839636,0.841986
0,0.11 ,0.163501, 0.00235015,0.834149,0.836499
0,0.12 ,0.169193, 0.00235014,0.828457,0.830807
0,0.13 ,0.175099, 0.00235014,0.822551,0.824901
0,0.14 ,0.181227, 0.00235013,0.816423,0.818773
0,0.15 ,0.187588, 0.00235012,0.810062,0.812412
0,0.16 ,0.194191, 0.00235011,0.803459,0.805809
0,0.17 ,0.201049, 0.0023501,0.796601,0.798951
0,0.18 ,0.208171, 0.0023501,0.789479,0.791829
0,0.19 ,0.215571, 0.00235009,0.782079,0.784429
0,0.2 ,0.223261, 0.00235008,0.774388,0.776739
0,0.21 ,0.231255, 0.00235007,0.766394,0.768745
0,0.22 ,0.239567, 0.00235006,0.758083,0.760433
0,0.23 ,0.248213, 0.00235006,0.749437,0.751787
0,0.24 ,0.257207, 0.00235005,0.740443,0.742793
0,0.25 ,0.266567, 0.00235004,0.731083,0.733433
0,0.26 ,0.276312, 0.00235003,0.721338,0.723688
0,0.27 ,0.286459, 0.00235002,0.711191,0.713541
0,0.28 ,0.29703, 0.00235002,0.70062,0.70297
0,0.29 ,0.308046, 0.00235001,0.689604,0.691954
0,0.3 ,0.319529, 0.00235,0.678121,0.680471
0,0.31 ,0.331504, 0.00234999,0.666146,0.668496
0,0.32 ,0.343996, 0.00234998,0.653654,0.656004
0,0.33 ,0.357033, 0.00234998,0.640617,0.642967
0,0.34 ,0.370643, 0.00234997,0.627007,0.629357
0,0.35 ,0.384859, 0.00234996,0.612791,0.615141
0,0.36 ,0.399712, 0.00234995,0.597938,0.600288
0,0.37 ,0.415239, 0.00234995,0.582411,0.584761
0,0.38 ,0.431475, 0.00234994,0.566175,0.568525
0,0.39 ,0.448463, 0.00234993,0.549187,0.551537
0,0.4 ,0.466242, 0.00234992,0.531408,0.533758
0,0.41 ,0.48486, 0.00234991,0.51279,0.51514
0,0.42 ,0.504364, 0.00234991,0.493286,0.495636
0,0.43 ,0.524804, 0.0023499,0.472846,0.475196
0,0.44 ,0.546234, 0.00234989,0.451416,0.453766
0,0.45 ,0.56871, 0.00234988,0.42894,0.43129
0,0.46 ,0.592291, 0.00234987,0.40536,0.407709
0,0.47 ,0.617034, 0.00234987,0.380616,0.382966
0,0.48 ,0.643, 0.00234986,0.35465,0.357
0,0.49 ,0.670243, 0.00234985,0.327407,0.329757
0,0.5 ,0.69881, 0.00234984,0.29884,0.30119
0,0.51 ,0.728727, 0.00234984,0.268923,0.271273
0,0.52 ,0.759983, 0.00234983,0.237667,0.240017
0,0.53 ,0.792488, 0.00234982,0.205162,0.207512
0,0.54 ,0.825996, 0.00234981,0.171654,0.174004
0,0.55 ,0.859931, 0.00234981,0.137719,0.140069
0,0.56 ,0.89304, 0.0023498,0.10461,0.10696
0,0.57 ,0.922908, 0.00234979,0.0747418,0.0770916
0,0.58 ,0.946328, 0.00234978,0.0513221,0.0536718
0,0.59 ,0.961913, 0.00234977,0.0357369,0.0380866
0,0.6 ,0.971408, 0.00234977,0.0262426,0.0285923
0,0.61 ,0.97725, 0.00234976,0.0203999,0.0227496
0,0.62 ,0.981044, 0.00234975,0.0166067,0.0189565
0,0.63 ,0.983652, 0.00234974,0.0139983,0.016348
0,0.64 ,0.985537, 0.00234974,0.0121135,0.0144632
0,0.65 ,0.986955, 0.00234973,0.0106956,0.0130454
0,0.66 ,0.988057, 0.00234972,0.00959372,0.0119434
0,0.67 ,0.988936, 0.00234971,0.00871447,0.0110642
0,0.68 ,0.989653, 0.00234971,0.00799746,0.0103472
0,0.69 ,0.990248, 0.0023497,0.00740207,0.00975177
0,0.7 ,0.99075, 0.00234969,0.00690009,0.00924978
0,0.71 ,0.991179, 0.00234968,0.00647129,0.00882098
0,0.72 ,0.991549, 0.00234968,0.00610089,0.00845056
0,0.73 ,0.991873, 0.00234967,0.00577778,0.00812745
0,0.74 ,0.992157, 0.00234966,0.0054935,0.00784316
0,0.75 ,0.992409, 0.00234965,0.00524148,0.00759114
0,0.76 ,0.992634, 0.00234965,0.00501656,0.0073662
0,0.77 ,0.992836, 0.00234964,0.00481459,0.00716423
0,0.78 ,0.993018, 0.00234963,0.00463226,0.00698189
0,0.79 ,0.993184, 0.00234962,0.00446683,0.00681646
0,0.8 ,0.993334, 0.00234962,0.00431608,0.00666569
0,0.81 ,0.993472, 0.00234961,0.00417813,0.00652774
0,0.82 ,0.993599, 0.0023496,0.00405142,0.00640103
0,0.83 ,0.993716, 0.00234959,0.00393465,0.00628424
0,0.84 ,0.993824, 0.00234959,0.00382668,0.00617626
0,0.85 ,0.993924, 0.00234958,0.00372656,0.00607614
0,0.86 ,0.994017, 0.00234957,0.00363346,0.00598303
0,0.87 ,0.994104, 0.00234956,0.00354668,0.00589624
0,0.88 ,0.994185, 0.00234956,0.00346559,0.00581514
0,0.89 ,0.994261, 0.00234955,0.00338965,0.0057392
0,0.9 ,0.994332, 0.00234954,0.00331838,0.00566792
0,0.91 ,0.994399, 0.00234953,0.00325138,0.00560091
0,0.92 ,0.994462, 0.00234953,0.00318826,0.00553778
0,0.93 ,0.994522, 0.00234952,0.0031287,0.00547822
0,0.94 ,0.994578, 0.00234951,0.0030724,0.00542192
0,0.95 ,0.994631, 0.0023495,0.00301912,0.00536862
0,0.96 ,0.994682, 0.0023495,0.0029686,0.0053181
0,0.97 ,0.99473, 0.00234949,0.00292064,0.00527013
0,0.98 ,0.994775, 0.00234948,0.00287506,0.00522454
0,0.99 ,0.994819, 0.00234948,0.00283168,0.00518115
0,1 ,0.99486, 0.00234947,0.00279034,0.0051398
0.01,0 ,0.11272, 0.00235024,0.88493,0.88728
0.01,0.01 ,0.116564, 0.00235023,0.881086,0.883436
0.01,0.02 ,0.120544, 0.00235022,0.877105,0.879456
0.01,0.03 ,0.124667, 0.00235022,0.872983,0.875333
0.01,0.04 ,0.128937, 0.00235021,0.868713,0.871063
0.01,0.05 ,0.13336, 0.0023502,0.86429,0.86664
0.01,0.06 ,0.137943, 0.00235019,0.859707,0.862057
0.01,0.07 ,0.142693, 0.00235018,0.854957,0.857307
0.01,0.08 ,0.147616, 0.00235017,0.850034,0.852384
0.01,0.09 ,0.152719, 0.00235017,0.844931,0.847281
0.01,0.1 ,0.15801, 0.00235016,0.83964,0.84199
0.01,0.11 ,0.163498, 0.00235015,0.834152,0.836502
0.01,0.12 ,0.169189, 0.00235014,0.82846,0.830811
0.01,0.13 ,0.175095, 0.00235013,0.822555,0.824905
0.01,0.14 ,0.181223, 0.00235013,0.816427,0.818777
0.01,0.15 ,0.187584, 0.00235012,0.810066,0.812416
0.01,0.16 ,0.194187, 0.00235011,0.803463,0.805813
0.01,0.17 ,0.201044, 0.0023501,0.796606,0.798956
0.01,0.18 ,0.208167, 0.00235009,0.789483,0.791833
0.01,0.19 ,0.215567, 0.00235009,0.782083,0.784433
0.01,0.2 ,0.223257, 0.00235008,0.774393,0.776743
0.01,0.21 ,0.231251, 0.00235007,0.766399,0.768749
0.01,0.22 ,0.239563, 0.00235006,0.758087,0.760437
0.01,0.23 ,0.248208, 0.00235005,0.749442,0.751792
0.01,0.24 ,0.257202, 0.00235005,0.740448,0.742798
0.01,0.25 ,0.266562, 0.00235004,0.731088,0.733438
0.01,0.26 ,0.276306, 0.00235003,0.721344,0.723694
0.01,0.27 ,0.286454, 0.00235002,0.711196,0.713546
0.01,0.28 ,0.297025, 0.00235001,0.700625,0.702975
0.01,0.29 ,0.30804, 0.00235001,0.68961,0.69196
0.01,0.3 ,0.319523, 0.00235,0.678127,0.680477
0.01,0.31 ,0.331498, 0.00234999,0.666152,0.668502
0.01,0.32 ,0.34399, 0.00234998,0.65366,0.65601
0.01,0.33 ,0.357026, 0.00234998,0.640624,0.642974
0.01,0.34 ,0.370637, 0.00234997,0.627013,0.629363
0.01,0.35 ,0.384852, 0.00234996,0.612798,0.615148
0.01,0.36 ,0.399706, 0.00234995,0.597944,0.600294
0.01,0.37 ,0.415232, 0.00234994,0.582418,0.584768
0.01,0.38 ,0.431469, 0.00234994,0.566182,0.568531
0.01,0.39 ,0.448455, 0.00234993,0.549195,0.551545
0.01,0.4 ,0.466235, 0.00234992,0.531415,0.533765
0.01,0.41 ,0.484853, 0.00234991,0.512797,0.515147
0.01,0.42 ,0.504356, 0.0023499,0.493294,0.495644
0.01,0.43 ,0.524796, 0.0023499,0.472854,0.475204
0.01,0.44 ,0.546226, 0.00234989,0.451424,0.453774
0.01,0.45 ,0.568702, 0.00234988,0.428948,0.431298
0.01,0.46 ,0.592282, 0.00234987,0.405368,0.407718
0.01,0.47 ,0.617026, 0.00234987,0.380624,0.382974
0.01,0.48 ,0.642992, 0.00234986,0.354659,0.357008
0.01,0.49 ,0.670235, 0.00234985,0.327416,0.329765
0.01,0.5 ,0.698801, 0.00234984,0.298849,0.301199
0.01,0.51 ,0.728718, 0.00234983,0.268932,0.271282
0.01,0.52 ,0.759974, 0.00234983,0.237676,0.240026
0.01,0.53 ,0.792479, 0.00234982,0.205171,0.207521
0.01,0.54 ,0.825988, 0.00234981,0.171662,0.174012
0.01,0.55 ,0.859924, 0.0023498,0.137726,0.140076
0.01,0.56 ,0.893034, 0.0023498,0.104616,0.106966
0.01,0.57 ,0.922906, 0.00234979,0.0747439,0.0770937
0.01,0.58 ,0.94633, 0.00234978,0.0513197,0.0536695
0.01,0.59 ,0.96192, 0.00234977,0.0357306,0.0380804
0.01,0.6 ,0.971416, 0.00234977,0.0262339,0.0285837
0.01,0.61 ,0.97726, 0.00234976,0.0203899,0.0227397
0.01,0.62 ,0.981054, 0.00234975,0.0165961,0.0189458
0.01,0.63 ,0.983663, 0.00234974,0.0139872,0.016337
0.01,0.64 ,0.985548, 0.00234974,0.0121022,0.014452
0.01,0.65 ,0.986966, 0.00234973,0.0106842,0.0130339
0.01,0.66 ,0.988068, 0.00234972,0.00958216,0.0119319
0.01,0.67 ,0.988947, 0.00234971,0.00870283,0.0110525
0.01,0.68 ,0.989665, 0.0023497,0.00798577,0.0103355
0.01,0.69 ,0.99026, 0.0023497,0.00739035,0.00974005
0.01,0.7 ,0.990762, 0.00234969,0.00688833,0.00923802
0.01,0.71 ,0.991191, 0.00234968,0.00645952,0.0088092
0.01,0.72 ,0.991561, 0.00234967,0.00608909,0.00843877
0.01,0.73 ,0.991884, 0.00234967,0.00576597,0.00811563
0.01,0.74 ,0.992169, 0.00234966,0.00548168,0.00783134
0.01,0.75 ,0.992421, 0.00234965,0.00522965,0.0075793
0.01,0.76 ,0.992646, 0.00234964,0.00500472,0.00735436
0.01,0.77 ,0.992848, 0.00234964,0.00480275,0.00715238
0.01,0.78 ,0.99303, 0.00234963,0.00462041,0.00697004
0.01,0.79 ,0.993195, 0.00234962,0.00445498,0.0068046
0.01,0.8 ,0.993346, 0.00234961,0.00430422,0.00665383
0.01,0.81 ,0.993484, 0.00234961,0.00416626,0.00651587
0.01,0.82 ,0.993611, 0.0023496,0.00403956,0.00638916
0.01,0.83 ,0.993728, 0.00234959,0.00392278,0.00627237
0.01,0.84 ,0.993836, 0.00234958,0.0038148,0.00616439
0.01,0.85 ,0.993936, 0.00234958,0.00371468,0.00606426
0.01,0.86 ,0.994029, 0.00234957,0.00362158,0.00597115
0.01,0.87 ,0.994116, 0.00234956,0.0035348,0.00588436
0.01,0.88 ,0.994197, 0.00234955,0.00345371,0.00580326
0.01,0.89 ,0.994273, 0.00234955,0.00337776,0.00572731
0.01,0.9 ,0.994344, 0.00234954,0.0033065,0.00565604
0.01,0.91 ,0.994411, 0.00234953,0.00323949,0.00558902
0.01,0.92 ,0.994474, 0.00234953,0.00317637,0.0055259
0.01,0.93 ,0.994534, 0.00234952,0.00311681,0.00546633
0.01,0.94 ,0.99459, 0.00234951,0.00306052,0.00541003
0.01,0.95 ,0.994643, 0.0023495,0.00300723,0.00535673
0.01,0.96 ,0.994694, 0.0023495,0.00295671,0.00530621
0.01,0.97 ,0.994742, 0.00234949,0.00290875,0.00525824
0.01,0.98 ,0.994787, 0.00234948,0.00286317,0.00521265
0.01,0.99 ,0.994831, 0.00234947,0.00281978,0.00516926
0.01,1 ,0.994872, 0.00234947,0.00277844,0.00512791
0.02,0 ,0.112717, 0.00235024,0.884933,0.887283
0.02,0.01 ,0.116561, 0.00235023,0.881089,0.883439
0.02,0.02 ,0.120541, 0.00235022,0.877108,0.879459
0.02,0.03 ,0.124664, 0.00235021,0.872986,0.875336
0.02,0.04 ,0.128934, 0.00235021,0.868716,0.871066
0.02,0.05 ,0.133357, 0.0023502,0.864293,0.866643
0.02,0.06 ,0.13794, 0.00235019,0.85971,0.86206
0.02,0.07 ,0.142689, 0.00235018,0.85496,0.857311
0.02,0.08 ,0.147612, 0.00235017,0.850038,0.852388
0.02,0.09 ,0.152715, 0.00235017,0.844935,0.847285
0.02,0.1 ,0.158006, 0.00235016,0.839643,0.841994
0.02,0.11 ,0.163494, 0.00235015,0.834156,0.836506
0.02,0.12 ,0.169186, 0.00235014,0.828464,0.830814
0.02,0.13 ,0.175091, 0.00235013,0.822559,0.824909
0.02,0.14 ,0.181219, 0.00235012,0.816431,0.818781
0.02,0.15 ,0.18758, 0.00235012,0.81007,0.81242
0.02,0.16 ,0.194183, 0.00235011,0.803467,0.805817
0.02,0.17 ,0.20104, 0.0023501,0.79661,0.79896
0.02,0.18 ,0.208163, 0.00235009,0.789487,0.791837
0.02,0.19 ,0.215562, 0.00235008,0.782088,0.784438
0.02,0.2 ,0.223252, 0.00235008,0.774398,0.776748
0.02,0.21 ,0.231246, 0.00235007,0.766404,0.768754
0.02,0.22 ,0.239558, 0.00235006,0.758092,0.760442
0.02,0.23 ,0.248203, 0.00235005,0.749447,0.751797
0.02,0.24 ,0.257197, 0.00235005,0.740453,0.742803
0.02,0.25 ,0.266557, 0.00235004,0.731093,0.733443
0.02,0.26 ,0.276301, 0.00235003,0.721349,0.723699
0.02,0.27 ,0.286449, 0.00235002,0.711201,0.713551
0.02,0.28 ,0.297019, 0.00235001,0.700631,0.702981
0.02,0.29 ,0.308034, 0.00235001,0.689616,0.691966
0.02,0.3 ,0.319517, 0.00235,0.678133,0.680483
0.02,0.31 ,0.331492, 0.00234999,0.666158,0.668508
0.02,0.32 ,0.343984, 0.00234998,0.653666,0.656016
0.02,0.33 ,0.35702, 0.00234997,0.64063,0.64298
0.02,0.34 ,0.370631, 0.00234997,0.627019,0.629369
0.02,0.35 ,0.384846, 0.00234996,0.612804,0.615154
0.02,0.36 ,0.399699, 0.00234995,0.597951,0.600301
0.02,0.37 ,0.415225, 0.00234994,0.582425,0.584775
0.02,0.38 ,0.431462, 0.00234993,0.566188,0.568538
0.02,0.39 ,0.448448, 0.00234993,0.549202,0.551552
0.02,0.4 ,0.466228, 0.00234992,0.531422,0.533772
0.02,0.41 ,0.484846, 0.00234991,0.512805,0.515154
0.02,0.42 ,0.504349, 0.0023499,0.493301,0.495651
0.02,0.43 ,0.524789, 0.0023499,0.472862,0.475211
0.02,0.44 ,0.546218, 0.00234989,0.451432,0.453782
0.02,0.45 ,0.568694, 0.00234988,0.428956,0.431306
0.02,0.46 ,0.592274, 0.00234987,0.405376,0.407726
0.02,0.47 ,0.617018, 0.00234986,0.380633,0.382982
0.02,0.48 ,0.642983, 0.00234986,0.354667,0.357017
0.02,0.49 ,0.670226, 0.00234985,0.327424,0.329774
0.02,0.5 ,0.698792, 0.00234984,0.298858,0.301208
0.02,0.51 ,0.728709, 0.00234983,0.268941,0.271291
0.02,0.52 ,0.759965, 0.00234983,0.237685,0.240035
0.02,0.53 ,0.792471, 0.00234982,0.205179,0.207529
0.02,0.54 ,0.82598, 0.00234981,0.17167,0.17402
0.02,0.55 ,0.859917, 0.0023498,0.137733,0.140083
0.02,0.56 ,0.893029, 0.0023498,0.104621,0.106971
0.02,0.57 ,0.922904, 0.00234979,0.074746,0.0770958
0.02,0.58 ,0.946333, 0.00234978,0.0513174,0.0536672
0.02,0.59 ,0.961926, 0.00234977,0.0357244,0.0380742
0.02,0.6 ,0.971425, 0.00234976,0.0262254,0.0285751
0.02,0.61 ,0.97727, 0.00234976,0.0203801,0.0227299
0.02,0.62 ,0.981065, 0.00234975,0.0165855,0.0189353
0.02,0.63 ,0.983674, 0.00234974,0.0139763,0.016326
0.02,0.64 ,0.985559, 0.00234973,0.012091,0.0144408
0.02,0.65 ,0.986977, 0.00234973,0.0106728,0.0130226
0.02,0.66 ,0.98808, 0.00234972,0.00957072,0.0119204
0.02,0.67 ,0.988959, 0.00234971,0.00869132,0.011041
0.02,0.68 ,0.989676, 0.0023497,0.0079742,0.0103239
0.02,0.69 ,0.990272, 0.0023497,0.00737874,0.00972844
0.02,0.7 ,0.990774, 0.00234969,0.0068767,0.00922639
0.02,0.71 ,0.991202, 0.00234968,0.00644786,0.00879754
0.02,0.72 ,0.991573, 0.00234967,0.00607742,0.00842709
0.02,0.73 ,0.991896, 0.00234967,0.00575428,0.00810394
0.02,0.74 ,0.99218, 0.00234966,0.00546998,0.00781963
0.02,0.75 ,0.992432, 0.00234965,0.00521794,0.00756759
0.02,0.76 ,0.992657, 0.00234964,0.004993,0.00734264
0.02,0.77 ,0.992859, 0.00234964,0.00479102,0.00714066
0.02,0.78 ,0.993042, 0.00234963,0.00460867,0.0069583
0.02,0.79 ,0.993207, 0.00234962,0.00444324,0.00679286
0.02,0.8 ,0.993358, 0.00234961,0.00429248,0.00664209
0.02,0.81 ,0.993496, 0.00234961,0.00415452,0.00650413
0.02,0.82 ,0.993623, 0.0023496,0.00402781,0.00637741
0.02,0.83 ,0.993739, 0.00234959,0.00391103,0.00626062
0.02,0.84 ,0.993847, 0.00234958,0.00380305,0.00615264
0.02,0.85 ,0.993947, 0.00234958,0.00370293,0.0060525
0.02,0.86 ,0.994041, 0.00234957,0.00360983,0.0059594
0.02,0.87 ,0.994127, 0.00234956,0.00352304,0.0058726
0.02,0.88 ,0.994209, 0.00234955,0.00344195,0.0057915
0.02,0.89 ,0.994284, 0.00234955,0.003366,0.00571555
0.02,0.9 ,0.994356, 0.00234954,0.00329474,0.00564427
0.02,0.91 ,0.994423, 0.00234953,0.00322773,0.00557726
0.02,0.92 ,0.994486, 0.00234952,0.0031646,0.00551413
0.02,0.93 ,0.994545, 0.00234952,0.00310504,0.00545456
0.02,0.94 ,0.994602, 0.00234951,0.00304875,0.00539826
0.02,0.95 ,0.994655, 0.0023495,0.00299546,0.00534496
0.02,0.96 ,0.994706, 0.00234949,0.00294494,0.00529443
0.02,0.97 ,0.994754, 0.00234949,0.00289698,0.00524647
0.02,0.98 ,0.994799, 0.00234948,0.0028514,0.00520088
0.02,0.99 ,0.994843, 0.00234947,0.00280801,0.00515748
0.02,1 ,0.994884, 0.00234947,0.00276667,0.00511613
0.03,0 ,0.112714, 0.00235024,0.884936,0.887286
0.03,0.01 ,0.116558, 0.00235023,0.881092,0.883442
0.03,0.02 ,0.120538, 0.00235022,0.877111,0.879462
0.03,0.03 ,0.124661, 0.00235021,0.872989,0.875339
0.03,0.04 ,0.12893, 0.0023502,0.868719,0.87107
0.03,0.05 ,0.133354, 0.0023502,0.864296,0.866646
0.03,0.06 ,0.137937, 0.00235019,0.859713,0.862063
0.03,0.07 ,0.142686, 0.00235018,0.854964,0.857314
0.03,0.08 ,0.147609, 0.00235017,0.850041,0.852391
0.03,0.09 ,0.152712, 0.00235016,0.844938,0.847288
0.03,0.1 ,0.158003, 0.00235016,0.839647,0.841997
0.03,0.11 ,0.16349, 0.00235015,0.83416,0.83651
0.03,0.12 ,0.169182, 0.00235014,0.828468,0.830818
0.03,0.13 ,0.175087, 0.00235013,0.822563,0.824913
0.03,0.14 ,0.181215, 0.00235012,0.816435,0.818785
0.03,0.15 ,0.187575, 0.00235012,0.810074,0.812425
0.03,0.16 ,0.194179, 0.00235011,0.803471,0.805821
0.03,0.17 ,0.201036, 0.0023501,0.796614,0.798964
0.03,0.18 ,0.208158, 0.00235009,0.789492,0.791842
0.03,0.19 ,0.215558, 0.00235008,0.782092,0.784442
0.03,0.2 ,0.223248, 0.00235008,0.774402,0.776752
0.03,0.21 ,0.231241, 0.00235007,0.766408,0.768759
0.03,0.22 ,0.239553, 0.00235006,0.758097,0.760447
0.03,0.23 ,0.248198, 0.00235005,0.749452,0.751802
0.03,0.24 ,0.257192, 0.00235004,0.740458,0.742808
0.03,0.25 ,0.266552, 0.00235004,0.731098,0.733448
0.03,0.26 ,0.276296, 0.00235003,0.721354,0.723704
0.03,0.27 ,0.286443, 0.00235002,0.711207,0.713557
0.03,0.28 ,0.297014, 0.00235001,0.700636,0.702986
0.03,0.29 ,0.308029, 0.00235,0.689621,0.691971
0.03,0.3 ,0.319512, 0.00235,0.678138,0.680488
0.03,0.31 ,0.331486, 0.00234999,0.666164,0.668514
0.03,0.32 ,0.343978, 0.00234998,0.653672,0.656022
0.03,0.33 ,0.357014, 0.00234997,0.640636,0.642986
0.03,0.34 ,0.370624, 0.00234996,0.627026,0.629376
0.03,0.35 ,0.38484, 0.00234996,0.61281,0.61516
0.03,0.36 ,0.399693, 0.00234995,0.597958,0.600307
0.03,0.37 ,0.415218, 0.00234994,0.582432,0.584782
0.03,0.38 ,0.431455, 0.00234993,0.566195,0.568545
0.03,0.39 ,0.448442, 0.00234993,0.549209,0.551558
0.03,0.4 ,0.466221, 0.00234992,0.531429,0.533779
0.03,0.41 ,0.484838, 0.00234991,0.512812,0.515162
0.03,0.42 ,0.504341, 0.0023499,0.493309,0.495659
0.03,0.43 ,0.524781, 0.00234989,0.472869,0.475219
0.03,0.44 ,0.546211, 0.00234989,0.45144,0.453789
0.03,0.45 ,0.568686, 0.00234988,0.428964,0.431314
0.03,0.46 ,0.592266, 0.00234987,0.405384,0.407734
0.03,0.47 ,0.617009, 0.00234986,0.380641,0.382991
0.03,0.48 ,0.642975, 0.00234986,0.354675,0.357025
0.03,0.49 ,0.670218, 0.00234985,0.327433,0.329782
0.03,0.5 ,0.698784, 0.00234984,0.298866,0.301216
0.03,0.51 ,0.728701, 0.00234983,0.268949,0.271299
0.03,0.52 ,0.759957, 0.00234982,0.237694,0.240043
0.03,0.53 ,0.792462, 0.00234982,0.205188,0.207538
0.03,0.54 ,0.825972, 0.00234981,0.171678,0.174028
0.03,0.55 ,0.85991, 0.0023498,0.13774,0.14009
0.03,0.56 ,0.893024, 0.00234979,0.104627,0.106976
0.03,0.57 ,0.922902, 0.00234979,0.0747481,0.0770979
0.03,0.58 ,0.946335, 0.00234978,0.0513151,0.0536649
0.03,0.59 ,0.961932, 0.00234977,0.0357183,0.0380681
0.03,0.6 ,0.971433, 0.00234976,0.0262169,0.0285667
0.03,0.61 ,0.97728, 0.00234976,0.0203704,0.0227201
0.03,0.62 ,0.981075, 0.00234975,0.0165751,0.0189249
0.03,0.63 ,0.983685, 0.00234974,0.0139655,0.0163152
0.03,0.64 ,0.98557, 0.00234973,0.01208,0.0144297
0.03,0.65 ,0.986989, 0.00234972,0.0106616,0.0130113
0.03,0.66 ,0.988091, 0.00234972,0.0095594,0.0119091
0.03,0.67 ,0.98897, 0.00234971,0.00867992,0.0110296
0.03,0.68 ,0.989688, 0.0023497,0.00796275,0.0103125
0.03,0.69 ,0.990283, 0.00234969,0.00736726,0.00971695
0.03,0.7 ,0.990785, 0.00234969,0.00686518,0.00921487
0.03,0.71 ,0.991214, 0.00234968,0.00643632,0.008786
0.03,0.72 ,0.991584, 0.00234967,0.00606586,0.00841553
0.03,0.73 ,0.991908, 0.00234966,0.0057427,0.00809237
0.03,0.74 ,0.992192, 0.00234966,0.00545839,0.00780805
0.03,0.75 ,0.992444, 0.00234965,0.00520635,0.007556
0.03,0.76 ,0.992669, 0.00234964,0.0049814,0.00733104
0.03,0.77 ,0.992871, 0.00234963,0.00477941,0.00712905
0.03,0.78 ,0.993053, 0.00234963,0.00459706,0.00694669
0.03,0.79 ,0.993219, 0.00234962,0.00443162,0.00678124
0.03,0.8 ,0.99337, 0.00234961,0.00428085,0.00663047
0.03,0.81 ,0.993508, 0.0023496,0.00414289,0.0064925
0.03,0.82 ,0.993634, 0.0023496,0.00401618,0.00636578
0.03,0.83 ,0.993751, 0.00234959,0.00389939,0.00624898
0.03,0.84 ,0.993859, 0.00234958,0.00379142,0.006141
0.03,0.85 ,0.993959, 0.00234957,0.00369129,0.00604087
0.03,0.86 ,0.994052, 0.00234957,0.00359819,0.00594776
0.03,0.87 ,0.994139, 0.00234956,0.0035114,0.00586096
0.03,0.88 ,0.99422, 0.00234955,0.0034303,0.00577986
0.03,0.89 ,0.994296, 0.00234954,0.00335436,0.0057039
0.03,0.9 ,0.994367, 0.00234954,0.00328309,0.00563263
0.03,0.91 ,0.994434, 0.00234953,0.00321608,0.00556561
0.03,0.92 ,0.994498, 0.00234952,0.00315296,0.00550248
0.03,0.93 ,0.994557, 0.00234952,0.00309339,0.00544291
0.03,0.94 ,0.994613, 0.00234951,0.0030371,0.00538661
0.03,0.95 ,0.994667, 0.0023495,0.00298381,0.00533331
0.03,0.96 ,0.994717, 0.00234949,0.00293329,0.00528278
0.03,0.97 ,0.994765, 0.00234949,0.00288533,0.00523482
0.03,0.98 ,0.994811, 0.00234948,0.00283974,0.00518922
0.03,0.99 ,0.994854, 0.00234947,0.00279636,0.00514583
0.03,1 ,0.994896, 0.00234946,0.00275502,0.00510448
0.04,0 ,0.112711, 0.00235024,0.884939,0.887289
0.04,0.01 ,0.116555, 0.00235023,0.881095,0.883445
0.04,0.02 ,0.120535, 0.00235022,0.877114,0.879465
0.04,0.03 ,0.124658, 0.00235021,0.872992,0.875342
0.04,0.04 ,0.128927, 0.0023502,0.868722,0.871073
0.04,0.05 ,0.133351, 0.00235019,0.864299,0.866649
0.04,0.06 ,0.137933, 0.00235019,0.859716,0.862067
0.04,0.07 ,0.142683, 0.00235018,0.854967,0.857317
0.04,0.08 ,0.147605, 0.00235017,0.850045,0.852395
0.04,0.09 ,0.152708, 0.00235016,0.844942,0.847292
0.04,0.1 ,0.157999, 0.00235015,0.839651,0.842001
0.04,0.11 ,0.163486, 0.00235015,0.834163,0.836514
0.04,0.12 ,0.169178, 0.00235014,0.828472,0.830822
0.04,0.13 ,0.175083, 0.00235013,0.822567,0.824917
0.04,0.14 ,0.181211, 0.00235012,0.816439,0.818789
0.04,0.15 ,0.187572, 0.00235011,0.810078,0.812428
0.04,0.16 ,0.194175, 0.00235011,0.803475,0.805825
0.04,0.17 ,0.201032, 0.0023501,0.796618,0.798968
0.04,0.18 ,0.208154, 0.00235009,0.789496,0.791846
0.04,0.19 ,0.215554, 0.00235008,0.782096,0.784446
0.04,0.2 ,0.223243, 0.00235007,0.774407,0.776757
0.04,0.21 ,0.231237, 0.00235007,0.766413,0.768763
0.04,0.22 ,0.239548, 0.00235006,0.758102,0.760452
0.04,0.23 ,0.248193, 0.00235005,0.749457,0.751807
0.04,0.24 ,0.257187, 0.00235004,0.740463,0.742813
0.04,0.25 ,0.266547, 0.00235003,0.731103,0.733453
0.04,0.26 ,0.276291, 0.00235003,0.721359,0.723709
0.04,0.27 ,0.286438, 0.00235002,0.711212,0.713562
0.04,0.28 ,0.297008, 0.00235001,0.700642,0.702992
0.04,0.29 ,0.308023, 0.00235,0.689627,0.691977
0.04,0.3 ,0.319506, 0.00234999,0.678144,0.680494
0.04,0.31 ,0.33148, 0.00234999,0.66617,0.66852
0.04,0.32 ,0.343972, 0.00234998,0.653678,0.656028
0.04,0.33 ,0.357008, 0.00234997,0.640642,0.642992
0.04,0.34 ,0.370618, 0.00234996,0.627032,0.629382
0.04,0.35 ,0.384833, 0.00234996,0.612817,0.615167
0.04,0.36 ,0.399686, 0.00234995,0.597964,0.600314
0.04,0.37 ,0.415212, 0.00234994,0.582438,0.584788
0.04,0.38 ,0.431448, 0.00234993,0.566202,0.568552
0.04,0.39 ,0.448435, 0.00234992,0.549215,0.551565
0.04,0.4 ,0.466214, 0.00234992,0.531436,0.533786
0.04,0.41 ,0.484831, 0.00234991,0.512819,0.515169
0.04,0.42 ,0.504334, 0.0023499,0.493316,0.495666
0.04,0.43 ,0.524773, 0.00234989,0.472877,0.475227
0.04,0.44 ,0.546203, 0.00234989,0.451447,0.453797
0.04,0.45 ,0.568678, 0.00234988,0.428972,0.431322
0.04,0.46 ,0.592258, 0.00234987,0.405392,0.407742
0.04,0.47 ,0.617001, 0.00234986,0.380649,0.382999
0.04,0.48 ,0.642966, 0.00234985,0.354684,0.357034
0.04,0.49 ,0.670209, 0.00234985,0.327441,0.329791
0.04,0.5 ,0.698775, 0.00234984,0.298875,0.301225
0.04,0.51 ,0.728692, 0.00234983,0.268958,0.271308
0.04,0.52 ,0.759948, 0.00234982,0.237702,0.240052
0.04,0.53 ,0.792454, 0.00234982,0.205196,0.207546
0.04,0.54 ,0.825964, 0.00234981,0.171686,0.174036
0.04,0.55 ,0.859903, 0.0023498,0.137748,0.140097
0.04,0.56 ,0.893018, 0.00234979,0.104632,0.106982
0.04,0.57 ,0.9229, 0.00234978,0.0747502,0.0771
0.04,0.58 ,0.946337, 0.00234978,0.0513128,0.0536626
0.04,0.59 ,0.961938, 0.00234977,0.0357123,0.038062
0.04,0.6 ,0.971442, 0.00234976,0.0262085,0.0285583
0.04,0.61 ,0.97729, 0.00234975,0.0203607,0.0227105
0.04,0.62 ,0.981085, 0.00234975,0.0165648,0.0189145
0.04,0.63 ,0.983695, 0.00234974,0.0139548,0.0163045
0.04,0.64 ,0.985581, 0.00234973,0.012069,0.0144187
0.04,0.65 ,0.987, 0.00234972,0.0106505,0.0130002
0.04,0.66 ,0.988102, 0.00234972,0.00954819,0.0118979
0.04,0.67 ,0.988982, 0.00234971,0.00866864,0.0110183
0.04,0.68 ,0.989699, 0.0023497,0.00795142,0.0103011
0.04,0.69 ,0.990294, 0.00234969,0.00735588,0.00970558
0.04,0.7 ,0.990797, 0.00234969,0.00685378,0.00920346
0.04,0.71 ,0.991225, 0.00234968,0.00642489,0.00877457
0.04,0.72 ,0.991596, 0.00234967,0.00605441,0.00840409
0.04,0.73 ,0.991919, 0.00234966,0.00573125,0.00808091
0.04,0.74 ,0.992203, 0.00234966,0.00544692,0.00779658
0.04,0.75 ,0.992455, 0.00234965,0.00519487,0.00754452
0.04,0.76 ,0.99268, 0.00234964,0.00496991,0.00731955
0.04,0.77 ,0.992882, 0.00234963,0.00476792,0.00711755
0.04,0.78 ,0.993065, 0.00234963,0.00458556,0.00693519
0.04,0.79 ,0.99323, 0.00234962,0.00442012,0.00676974
0.04,0.8 ,0.993381, 0.00234961,0.00426935,0.00661896
0.04,0.81 ,0.993519, 0.0023496,0.00413138,0.00648099
0.04,0.82 ,0.993646, 0.0023496,0.00400467,0.00635426
0.04,0.83 ,0.993763, 0.00234959,0.00388788,0.00623747
0.04,0.84 ,0.993871, 0.00234958,0.0037799,0.00612948
0.04,0.85 ,0.993971, 0.00234957,0.00367977,0.00602934
0.04,0.86 ,0.994064, 0.00234957,0.00358667,0.00593623
0.04,0.87 ,0.994151, 0.00234956,0.00349988,0.00584944
0.04,0.88 ,0.994232, 0.00234955,0.00341878,0.00576833
0.04,0.89 ,0.994308, 0.00234954,0.00334283,0.00569238
0.04,0.9 ,0.994379, 0.00234954,0.00327156,0.0056211
0.04,0.91 ,0.994446, 0.00234953,0.00320455,0.00555408
0.04,0.92 ,0.994509, 0.00234952,0.00314143,0.00549095
0.04,0.93 ,0.994569, 0.00234951,0.00308186,0.00543138
0.04,0.94 ,0.994625, 0.00234951,0.00302557,0.00537507
0.04,0.95 ,0.994678, 0.0023495,0.00297227,0.00532177
0.04,0.96 ,0.994729, 0.00234949,0.00292176,0.00527125
0.04,0.97 ,0.994777, 0.00234948,0.0028738,0.00522328
0.04,0.98 ,0.994822, 0.00234948,0.00282821,0.00517769
0.04,0.99 ,0.994866, 0.00234947,0.00278482,0.00513429
0.04,1 ,0.994907, 0.00234946,0.00274348,0.00509294
0.05,0 ,0.112708, 0.00235023,0.884942,0.887292
0.05,0.01 ,0.116552, 0.00235023,0.881098,0.883448
0.05,0.02 ,0.120533, 0.00235022,0.877117,0.879467
0.05,0.03 ,0.124655, 0.00235021,0.872995,0.875345
0.05,0.04 ,0.128924, 0.0023502,0.868726,0.871076
0.05,0.05 ,0.133347, 0.00235019,0.864302,0.866653
0.05,0.06 ,0.13793, 0.00235019,0.85972,0.86207
0.05,0.07 ,0.142679, 0.00235018,0.85497,0.857321
0.05,0.08 ,0.147602, 0.00235017,0.850048,0.852398
0.05,0.09 ,0.152705, 0.00235016,0.844945,0.847295
0.05,0.1 ,0.157996, 0.00235015,0.839654,0.842004
0.05,0.11 ,0.163483, 0.00235015,0.834167,0.836517
0.05,0.12 ,0.169175, 0.00235014,0.828475,0.830825
0.05,0.13 ,0.17508, 0.00235013,0.82257,0.82492
0.05,0.14 ,0.181207, 0.00235012,0.816443,0.818793
0.05,0.15 ,0.187568, 0.00235011,0.810082,0.812432
0.05,0.16 ,0.194171, 0.0023501,0.803479,0.805829
0.05,0.17 ,0.201028, 0.0023501,0.796622,0.798972
0.05,0.18 ,0.20815, 0.00235009,0.7895,0.79185
0.05,0.19 ,0.215549, 0.00235008,0.782101,0.784451
0.05,0.2 ,0.223239, 0.00235007,0.774411,0.776761
0.05,0.21 ,0.231232, 0.00235006,0.766418,0.768768
0.05,0.22 ,0.239544, 0.00235006,0.758106,0.760456
0.05,0.23 ,0.248188, 0.00235005,0.749462,0.751812
0.05,0.24 ,0.257182, 0.00235004,0.740468,0.742818
0.05,0.25 ,0.266542, 0.00235003,0.731108,0.733458
0.05,0.26 ,0.276286, 0.00235003,0.721364,0.723714
0.05,0.27 ,0.286433, 0.00235002,0.711217,0.713567
0.05,0.28 ,0.297003, 0.00235001,0.700647,0.702997
0.05,0.29 ,0.308018, 0.00235,0.689632,0.691982
0.05,0.3 ,0.3195, 0.00234999,0.67815,0.6805
0.05,0.31 ,0.331475, 0.00234999,0.666175,0.668525
0.05,0.32 ,0.343966, 0.00234998,0.653684,0.656034
0.05,0.33 ,0.357002, 0.00234997,0.640648,0.642998
0.05,0.34 ,0.370612, 0.00234996,0.627038,0.629388
0.05,0.35 ,0.384827, 0.00234995,0.612823,0.615173
0.05,0.36 ,0.39968, 0.00234995,0.59797,0.60032
0.05,0.37 ,0.415205, 0.00234994,0.582445,0.584795
0.05,0.38 ,0.431441, 0.00234993,0.566209,0.568559
0.05,0.39 ,0.448428, 0.00234992,0.549222,0.551572
0.05,0.4 ,0.466207, 0.00234991,0.531443,0.533793
0.05,0.41 ,0.484824, 0.00234991,0.512826,0.515176
0.05,0.42 ,0.504327, 0.0023499,0.493323,0.495673
0.05,0.43 ,0.524766, 0.00234989,0.472884,0.475234
0.05,0.44 ,0.546195, 0.00234988,0.451455,0.453805
0.05,0.45 ,0.568671, 0.00234988,0.428979,0.431329
0.05,0.46 ,0.59225, 0.00234987,0.4054,0.40775
0.05,0.47 ,0.616993, 0.00234986,0.380657,0.383007
0.05,0.48 ,0.642958, 0.00234985,0.354692,0.357042
0.05,0.49 ,0.670201, 0.00234984,0.327449,0.329799
0.05,0.5 ,0.698767, 0.00234984,0.298883,0.301233
0.05,0.51 ,0.728684, 0.00234983,0.268966,0.271316
0.05,0.52 ,0.75994, 0.00234982,0.237711,0.24006
0.05,0.53 ,0.792446, 0.00234981,0.205204,0.207554
0.05,0.54 ,0.825956, 0.00234981,0.171694,0.174044
0.05,0.55 ,0.859896, 0.0023498,0.137755,0.140104
0.05,0.56 ,0.893013, 0.00234979,0.104637,0.106987
0.05,0.57 ,0.922898, 0.00234978,0.0747522,0.077102
0.05,0.58 ,0.94634, 0.00234978,0.0513106,0.0536603
0.05,0.59 ,0.961944, 0.00234977,0.0357063,0.0380561
0.05,0.6 ,0.97145, 0.00234976,0.0262002,0.02855
0.05,0.61 ,0.977299, 0.00234975,0.0203512,0.022701
0.05,0.62 ,0.981096, 0.00234975,0.0165546,0.0189043
0.05,0.63 ,0.983706, 0.00234974,0.0139442,0.0162939
0.05,0.64 ,0.985592, 0.00234973,0.0120582,0.0144079
0.05,0.65 ,0.987011, 0.00234972,0.0106395,0.0129892
0.05,0.66 ,0.988113, 0.00234971,0.00953709,0.0118868
0.05,0.67 ,0.988993, 0.00234971,0.00865747,0.0110072
0.05,0.68 ,0.98971, 0.0023497,0.0079402,0.0102899
0.05,0.69 ,0.990306, 0.00234969,0.00734462,0.00969431
0.05,0.7 ,0.990808, 0.00234968,0.00684249,0.00919217
0.05,0.71 ,0.991237, 0.00234968,0.00641358,0.00876326
0.05,0.72 ,0.991607, 0.00234967,0.00604309,0.00839276
0.05,0.73 ,0.99193, 0.00234966,0.00571991,0.00806957
0.05,0.74 ,0.992215, 0.00234965,0.00543557,0.00778522
0.05,0.75 ,0.992467, 0.00234965,0.00518351,0.00753315
0.05,0.76 ,0.992692, 0.00234964,0.00495854,0.00730818
0.05,0.77 ,0.992894, 0.00234963,0.00475654,0.00710618
0.05,0.78 ,0.993076, 0.00234962,0.00457418,0.00692381
0.05,0.79 ,0.993242, 0.00234962,0.00440873,0.00675835
0.05,0.8 ,0.993392, 0.00234961,0.00425796,0.00660757
0.05,0.81 ,0.99353, 0.0023496,0.00411999,0.00646959
0.05,0.82 ,0.993657, 0.00234959,0.00399327,0.00634286
0.05,0.83 ,0.993774, 0.00234959,0.00387648,0.00622607
0.05,0.84 ,0.993882, 0.00234958,0.0037685,0.00611808
0.05,0.85 ,0.993982, 0.00234957,0.00366837,0.00601794
0.05,0.86 ,0.994075, 0.00234956,0.00357526,0.00592483
0.05,0.87 ,0.994162, 0.00234956,0.00348847,0.00583803
0.05,0.88 ,0.994243, 0.00234955,0.00340737,0.00575692
0.05,0.89 ,0.994319, 0.00234954,0.00333142,0.00568096
0.05,0.9 ,0.99439, 0.00234953,0.00326015,0.00560969
0.05,0.91 ,0.994457, 0.00234953,0.00319314,0.00554266
0.05,0.92 ,0.99452, 0.00234952,0.00313001,0.00547953
0.05,0.93 ,0.99458, 0.00234951,0.00307045,0.00541996
0.05,0.94 ,0.994636, 0.00234951,0.00301415,0.00536365
0.05,0.95 ,0.99469, 0.0023495,0.00296086,0.00531035
0.05,0.96 ,0.99474, 0.00234949,0.00291034,0.00525983
0.05,0.97 ,0.994788, 0.00234948,0.00286238,0.00521186
0.05,0.98 ,0.994834, 0.00234948,0.00281679,0.00516626
0.05,0.99 ,0.994877, 0.00234947,0.0027734,0.00512287
0.05,1 ,0.994918, 0.00234946,0.00273206,0.00508152
0.06,0 ,0.112705, 0.00235023,0.884944,0.887295
0.06,0.01 ,0.116549, 0.00235022,0.8811,0.883451
0.06,0.02 ,0.12053, 0.00235022,0.87712,0.87947
0.06,0.03 ,0.124652, 0.00235021,0.872998,0.875348
0.06,0.04 ,0.128921, 0.0023502,0.868729,0.871079
0.06,0.05 ,0.133344, 0.00235019,0.864306,0.866656
0.06,0.06 ,0.137927, 0.00235018,0.859723,0.862073
0.06,0.07 ,0.142676, 0.00235018,0.854974,0.857324
0.06,0.08 ,0.147598, 0.00235017,0.850051,0.852402
0.06,0.09 ,0.152701, 0.00235016,0.844949,0.847299
0.06,0.1 ,0.157992, 0.00235015,0.839658,0.842008
0.06,0.11 ,0.163479, 0.00235014,0.834171,0.836521
0.06,0.12 ,0.169171, 0.00235014,0.828479,0.830829
0.06,0.13 ,0.175076, 0.00235013,0.822574,0.824924
0.06,0.14 ,0.181203, 0.00235012,0.816446,0.818797
0.06,0.15 ,0.187564, 0.00235011,0.810086,0.812436
0.06,0.16 ,0.194167, 0.0023501,0.803483,0.805833
0.06,0.17 ,0.201023, 0.0023501,0.796626,0.798977
0.06,0.18 ,0.208145, 0.00235009,0.789504,0.791855
0.06,0.19 ,0.215545, 0.00235008,0.782105,0.784455
0.06,0.2 ,0.223235, 0.00235007,0.774415,0.776765
0.06,0.21 ,0.231228, 0.00235006,0.766422,0.768772
0.06,0.22 ,0.239539, 0.00235006,0.758111,0.760461
0.06,0.23 ,0.248184, 0.00235005,0.749466,0.751816
0.06,0.24 ,0.257177, 0.00235004,0.740473,0.742823
0.06,0.25 ,0.266537, 0.00235003,0.731113,0.733463
0.06,0.26 ,0.276281, 0.00235002,0.721369,0.723719
0.06,0.27 ,0.286428, 0.00235002,0.711222,0.713572
0.06,0.28 ,0.296998, 0.00235001,0.700652,0.703002
0.06,0.29 ,0.308013, 0.00235,0.689637,0.691987
0.06,0.3 ,0.319495, 0.00234999,0.678155,0.680505
0.06,0.31 ,0.331469, 0.00234998,0.666181,0.668531
0.06,0.32 ,0.34396, 0.00234998,0.65369,0.65604
0.06,0.33 ,0.356996, 0.00234997,0.640654,0.643004
0.06,0.34 ,0.370606, 0.00234996,0.627044,0.629394
0.06,0.35 ,0.384821, 0.00234995,0.612829,0.615179
0.06,0.36 ,0.399673, 0.00234994,0.597977,0.600327
0.06,0.37 ,0.415199, 0.00234994,0.582451,0.584801
0.06,0.38 ,0.431435, 0.00234993,0.566215,0.568565
0.06,0.39 ,0.448421, 0.00234992,0.549229,0.551579
0.06,0.4 ,0.4662, 0.00234991,0.53145,0.5338
0.06,0.41 ,0.484817, 0.00234991,0.512833,0.515183
0.06,0.42 ,0.504319, 0.0023499,0.493331,0.495681
0.06,0.43 ,0.524759, 0.00234989,0.472892,0.475241
0.06,0.44 ,0.546188, 0.00234988,0.451462,0.453812
0.06,0.45 ,0.568663, 0.00234987,0.428987,0.431337
0.06,0.46 ,0.592242, 0.00234987,0.405408,0.407758
0.06,0.47 ,0.616985, 0.00234986,0.380665,0.383015
0.06,0.48 ,0.64295, 0.00234985,0.3547,0.35705
0.06,0.49 ,0.670192, 0.00234984,0.327458,0.329808
0.06,0.5 ,0.698759, 0.00234984,0.298892,0.301241
0.06,0.51 ,0.728675, 0.00234983,0.268975,0.271325
0.06,0.52 ,0.759931, 0.00234982,0.237719,0.240069
0.06,0.53 ,0.792437, 0.00234981,0.205213,0.207563
0.06,0.54 ,0.825948, 0.00234981,0.171702,0.174052
0.06,0.55 ,0.859889, 0.0023498,0.137762,0.140111
0.06,0.56 ,0.893008, 0.00234979,0.104642,0.106992
0.06,0.57 ,0.922896, 0.00234978,0.0747543,0.0771041
0.06,0.58 ,0.946342, 0.00234977,0.0513084,0.0536581
0.06,0.59 ,0.96195, 0.00234977,0.0357004,0.0380501
0.06,0.6 ,0.971458, 0.00234976,0.026192,0.0285418
0.06,0.61 ,0.977308, 0.00234975,0.0203418,0.0226915
0.06,0.62 ,0.981106, 0.00234974,0.0165445,0.0188942
0.06,0.63 ,0.983717, 0.00234974,0.0139337,0.0162834
0.06,0.64 ,0.985603, 0.00234973,0.0120474,0.0143972
0.06,0.65 ,0.987022, 0.00234972,0.0106286,0.0129783
0.06,0.66 ,0.988124, 0.00234971,0.0095261,0.0118758
0.06,0.67 ,0.989004, 0.00234971,0.00864641,0.0109961
0.06,0.68 ,0.989721, 0.0023497,0.00792909,0.0102788
0.06,0.69 ,0.990317, 0.00234969,0.00733347,0.00968316
0.06,0.7 ,0.990819, 0.00234968,0.00683131,0.00918099
0.06,0.71 ,0.991248, 0.00234968,0.00640238,0.00875206
0.06,0.72 ,0.991618, 0.00234967,0.00603187,0.00838154
0.06,0.73 ,0.991942, 0.00234966,0.00570868,0.00805834
0.06,0.74 ,0.992226, 0.00234965,0.00542433,0.00777398
0.06,0.75 ,0.992478, 0.00234965,0.00517226,0.0075219
0.06,0.76 ,0.992703, 0.00234964,0.00494728,0.00729692
0.06,0.77 ,0.992905, 0.00234963,0.00474528,0.00709491
0.06,0.78 ,0.993087, 0.00234962,0.00456291,0.00691253
0.06,0.79 ,0.993253, 0.00234962,0.00439746,0.00674707
0.06,0.8 ,0.993404, 0.00234961,0.00424668,0.00659629
0.06,0.81 ,0.993542, 0.0023496,0.00410871,0.00645831
0.06,0.82 ,0.993668, 0.00234959,0.00398199,0.00633158
0.06,0.83 ,0.993785, 0.00234959,0.00386519,0.00621478
0.06,0.84 ,0.993893, 0.00234958,0.00375721,0.00610679
0.06,0.85 ,0.993993, 0.00234957,0.00365707,0.00600665
0.06,0.86 ,0.994086, 0.00234956,0.00356397,0.00591353
0.06,0.87 ,0.994173, 0.00234956,0.00347717,0.00582673
0.06,0.88 ,0.994254, 0.00234955,0.00339607,0.00574562
0.06,0.89 ,0.99433, 0.00234954,0.00332012,0.00566966
0.06,0.9 ,0.994402, 0.00234953,0.00324885,0.00559838
0.06,0.91 ,0.994469, 0.00234953,0.00318184,0.00553136
0.06,0.92 ,0.994532, 0.00234952,0.00311871,0.00546823
0.06,0.93 ,0.994591, 0.00234951,0.00305914,0.00540866
0.06,0.94 ,0.994648, 0.0023495,0.00300285,0.00535235
0.06,0.95 ,0.994701, 0.0023495,0.00294955,0.00529905
0.06,0.96 ,0.994751, 0.00234949,0.00289903,0.00524852
0.06,0.97 ,0.994799, 0.00234948,0.00285107,0.00520055
0.06,0.98 ,0.994845, 0.00234947,0.00280548,0.00515496
0.06,0.99 ,0.994888, 0.00234947,0.00276209,0.00511156
0.06,1 ,0.99493, 0.00234946,0.00272075,0.00507021
0.07,0 ,0.112703, 0.00235023,0.884947,0.887297
0.07,0.01 ,0.116546, 0.00235022,0.881103,0.883454
0.07,0.02 ,0.120527, 0.00235022,0.877123,0.879473
0.07,0.03 ,0.124649, 0.00235021,0.873001,0.875351
0.07,0.04 ,0.128918, 0.0023502,0.868732,0.871082
0.07,0.05 ,0.133341, 0.00235019,0.864309,0.866659
0.07,0.06 ,0.137924, 0.00235018,0.859726,0.862076
0.07,0.07 ,0.142673, 0.00235017,0.854977,0.857327
0.07,0.08 ,0.147595, 0.00235017,0.850055,0.852405
0.07,0.09 ,0.152698, 0.00235016,0.844952,0.847302
0.07,0.1 ,0.157989, 0.00235015,0.839661,0.842011
0.07,0.11 ,0.163476, 0.00235014,0.834174,0.836524
0.07,0.12 ,0.169167, 0.00235013,0.828483,0.830833
0.07,0.13 ,0.175072, 0.00235013,0.822578,0.824928
0.07,0.14 ,0.1812, 0.00235012,0.81645,0.8188
0.07,0.15 ,0.18756, 0.00235011,0.81009,0.81244
0.07,0.16 ,0.194163, 0.0023501,0.803487,0.805837
0.07,0.17 ,0.201019, 0.00235009,0.796631,0.798981
0.07,0.18 ,0.208141, 0.00235009,0.789509,0.791859
0.07,0.19 ,0.215541, 0.00235008,0.782109,0.784459
0.07,0.2 ,0.22323, 0.00235007,0.77442,0.77677
0.07,0.21 ,0.231223, 0.00235006,0.766427,0.768777
0.07,0.22 ,0.239535, 0.00235005,0.758115,0.760465
0.07,0.23 ,0.248179, 0.00235005,0.749471,0.751821
0.07,0.24 ,0.257173, 0.00235004,0.740477,0.742827
0.07,0.25 ,0.266532, 0.00235003,0.731118,0.733468
0.07,0.26 ,0.276276, 0.00235002,0.721374,0.723724
0.07,0.27 ,0.286423, 0.00235001,0.711227,0.713577
0.07,0.28 ,0.296993, 0.00235001,0.700657,0.703007
0.07,0.29 ,0.308007, 0.00235,0.689643,0.691993
0.07,0.3 ,0.319489, 0.00234999,0.678161,0.680511
0.07,0.31 ,0.331463, 0.00234998,0.666187,0.668537
0.07,0.32 ,0.343955, 0.00234997,0.653695,0.656045
0.07,0.33 ,0.35699, 0.00234997,0.64066,0.64301
0.07,0.34 ,0.3706, 0.00234996,0.62705,0.6294
0.07,0.35 ,0.384815, 0.00234995,0.612835,0.615185
0.07,0.36 ,0.399667, 0.00234994,0.597983,0.600333
0.07,0.37 ,0.415193, 0.00234994,0.582458,0.584807
0.07,0.38 ,0.431428, 0.00234993,0.566222,0.568572
0.07,0.39 ,0.448414, 0.00234992,0.549236,0.551586
0.07,0.4 ,0.466193, 0.00234991,0.531457,0.533807
0.07,0.41 ,0.48481, 0.0023499,0.51284,0.51519
0.07,0.42 ,0.504312, 0.0023499,0.493338,0.495688
0.07,0.43 ,0.524751, 0.00234989,0.472899,0.475249
0.07,0.44 ,0.54618, 0.00234988,0.45147,0.45382
0.07,0.45 ,0.568655, 0.00234987,0.428995,0.431345
0.07,0.46 ,0.592235, 0.00234987,0.405416,0.407765
0.07,0.47 ,0.616977, 0.00234986,0.380673,0.383023
0.07,0.48 ,0.642942, 0.00234985,0.354708,0.357058
0.07,0.49 ,0.670184, 0.00234984,0.327466,0.329816
0.07,0.5 ,0.69875, 0.00234983,0.2989,0.30125
0.07,0.51 ,0.728667, 0.00234983,0.268983,0.271333
0.07,0.52 ,0.759923, 0.00234982,0.237727,0.240077
0.07,0.53 ,0.792429, 0.00234981,0.205221,0.207571
0.07,0.54 ,0.82594, 0.0023498,0.17171,0.17406
0.07,0.55 ,0.859882, 0.0023498,0.137768,0.140118
0.07,0.56 ,0.893003, 0.00234979,0.104647,0.106997
0.07,0.57 ,0.922894, 0.00234978,0.0747563,0.0771061
0.07,0.58 ,0.946344, 0.00234977,0.0513062,0.0536559
0.07,0.59 ,0.961956, 0.00234977,0.0356945,0.0380443
0.07,0.6 ,0.971466, 0.00234976,0.0261839,0.0285337
0.07,0.61 ,0.977318, 0.00234975,0.0203324,0.0226822
0.07,0.62 ,0.981116, 0.00234974,0.0165345,0.0188842
0.07,0.63 ,0.983727, 0.00234973,0.0139233,0.016273
0.07,0.64 ,0.985613, 0.00234973,0.0120368,0.0143865
0.07,0.65 ,0.987032, 0.00234972,0.0106178,0.0129676
0.07,0.66 ,0.988135, 0.00234971,0.00951522,0.0118649
0.07,0.67 ,0.989015, 0.0023497,0.00863546,0.0109852
0.07,0.68 ,0.989732, 0.0023497,0.00791809,0.0102678
0.07,0.69 ,0.990328, 0.00234969,0.00732244,0.00967213
