e1,e2,V,Rs,Rv,P
0,0,0.0518096,0.253989,0.694202,0.94819
0,0.01,0.0517911,0.253963,0.694246,0.948209
0,0.02,0.0517726,0.253937,0.69429,0.948227
0,0.03,0.0517541,0.253911,0.694335,0.948246
0,0.04,0.0517357,0.253885,0.694379,0.948264
0,0.05,0.0517173,0.25386,0.694423,0.948283
0,0.06,0.0516989,0.253834,0.694467,0.948301
0,0.07,0.0516805,0.253808,0.694511,0.948319
0,0.08,0.0516622,0.253783,0.694555,0.948338
0,0.09,0.0516439,0.253757,0.694599,0.948356
0,0.1,0.0516256,0.253732,0.694643,0.948374
0,0.11,0.0516073,0.253706,0.694686,0.948393
0,0.12,0.0515891,0.253681,0.69473,0.948411
0,0.13,0.0515709,0.253656,0.694773,0.948429
0,0.14,0.0515527,0.25363,0.694817,0.948447
0,0.15,0.0515345,0.253605,0.69486,0.948465
0,0.16,0.0515164,0.25358,0.694903,0.948484
0,0.17,0.0514983,0.253555,0.694947,0.948502
0,0.18,0.0514803,0.25353,0.69499,0.94852
0,0.19,0.0514622,0.253505,0.695033,0.948538
0,0.2,0.0514442,0.25348,0.695075,0.948556
0,0.21,0.0514262,0.253456,0.695118,0.948574
0,0.22,0.0514083,0.253431,0.695161,0.948592
0,0.23,0.0513903,0.253406,0.695204,0.94861
0,0.24,0.0513724,0.253381,0.695246,0.948628
0,0.25,0.0513546,0.253357,0.695289,0.948645
0,0.26,0.0513367,0.253332,0.695331,0.948663
0,0.27,0.0513189,0.253308,0.695373,0.948681
0,0.28,0.0513011,0.253283,0.695415,0.948699
0,0.29,0.0512834,0.253259,0.695458,0.948717
0,0.3,0.0512657,0.253235,0.6955,0.948734
0,0.31,0.051248,0.253211,0.695541,0.948752
0,0.32,0.0512303,0.253186,0.695583,0.94877
0,0.33,0.0512127,0.253162,0.695625,0.948787
0,0.34,0.0511951,0.253138,0.695667,0.948805
0,0.35,0.0511775,0.253114,0.695708,0.948822
0,0.36,0.05116,0.25309,0.69575,0.94884
0,0.37,0.0511425,0.253066,0.695791,0.948858
0,0.38,0.051125,0.253042,0.695833,0.948875
0,0.39,0.0511076,0.253019,0.695874,0.948892
0,0.4,0.0510901,0.252995,0.695915,0.94891
0,0.41,0.0510728,0.252971,0.695956,0.948927
0,0.42,0.0510554,0.252947,0.695997,0.948945
0,0.43,0.0510381,0.252924,0.696038,0.948962
0,0.44,0.0510208,0.2529,0.696079,0.948979
0,0.45,0.0510036,0.252877,0.69612,0.948996
0,0.46,0.0509863,0.252853,0.69616,0.949014
0,0.47,0.0509691,0.25283,0.696201,0.949031
0,0.48,0.050952,0.252807,0.696241,0.949048
0,0.49,0.0509349,0.252783,0.696282,0.949065
0,0.5,0.0509178,0.25276,0.696322,0.949082
0,0.51,0.0509007,0.252737,0.696362,0.949099
0,0.52,0.0508837,0.252714,0.696402,0.949116
0,0.53,0.0508667,0.252691,0.696442,0.949133
0,0.54,0.0508497,0.252668,0.696482,0.94915
0,0.55,0.0508328,0.252645,0.696522,0.949167
0,0.56,0.0508159,0.252622,0.696562,0.949184
0,0.57,0.0507991,0.252599,0.696602,0.949201
0,0.58,0.0507822,0.252576,0.696641,0.949218
0,0.59,0.0507655,0.252554,0.696681,0.949235
0,0.6,0.0507487,0.252531,0.69672,0.949251
0,0.61,0.050732,0.252508,0.69676,0.949268
0,0.62,0.0507153,0.252486,0.696799,0.949285
0,0.63,0.0506986,0.252463,0.696838,0.949301
0,0.64,0.050682,0.252441,0.696877,0.949318
0,0.65,0.0506654,0.252418,0.696916,0.949335
0,0.66,0.0506489,0.252396,0.696955,0.949351
0,0.67,0.0506323,0.252374,0.696994,0.949368
0,0.68,0.0506159,0.252351,0.697033,0.949384
0,0.69,0.0505994,0.252329,0.697071,0.949401
0,0.7,0.050583,0.252307,0.69711,0.949417
0,0.71,0.0505666,0.252285,0.697149,0.949433
0,0.72,0.0505503,0.252263,0.697187,0.94945
0,0.73,0.050534,0.252241,0.697225,0.949466
0,0.74,0.0505177,0.252219,0.697264,0.949482
0,0.75,0.0505014,0.252197,0.697302,0.949499
0,0.76,0.0504852,0.252175,0.69734,0.949515
0,0.77,0.0504691,0.252153,0.697378,0.949531
0,0.78,0.0504529,0.252131,0.697416,0.949547
0,0.79,0.0504368,0.25211,0.697454,0.949563
0,0.8,0.0504207,0.252088,0.697491,0.949579
0,0.81,0.0504047,0.252066,0.697529,0.949595
0,0.82,0.0503887,0.252045,0.697567,0.949611
0,0.83,0.0503728,0.252023,0.697604,0.949627
0,0.84,0.0503568,0.252002,0.697641,0.949643
0,0.85,0.0503409,0.25198,0.697679,0.949659
0,0.86,0.0503251,0.251959,0.697716,0.949675
0,0.87,0.0503093,0.251938,0.697753,0.949691
0,0.88,0.0502935,0.251916,0.69779,0.949707
0,0.89,0.0502777,0.251895,0.697827,0.949722
0,0.9,0.050262,0.251874,0.697864,0.949738
0,0.91,0.0502463,0.251853,0.697901,0.949754
0,0.92,0.0502307,0.251832,0.697938,0.949769
0,0.93,0.0502151,0.251811,0.697974,0.949785
0,0.94,0.0501995,0.25179,0.698011,0.9498
0,0.95,0.050184,0.251769,0.698047,0.949816
0,0.96,0.0501685,0.251748,0.698084,0.949832
0,0.97,0.050153,0.251727,0.69812,0.949847
0,0.98,0.0501376,0.251706,0.698156,0.949862
0,0.99,0.0501222,0.251685,0.698193,0.949878
0,1,0.0501069,0.251664,0.698229,0.949893
0.01,0,0.0536302,0.252889,0.69348,0.94637
0.01,0.01,0.0536109,0.252863,0.693526,0.946389
0.01,0.02,0.0535917,0.252837,0.693572,0.946408
0.01,0.03,0.0535725,0.25281,0.693617,0.946427
0.01,0.04,0.0535533,0.252784,0.693663,0.946447
0.01,0.05,0.0535342,0.252758,0.693708,0.946466
0.01,0.06,0.0535151,0.252732,0.693753,0.946485
0.01,0.07,0.053496,0.252706,0.693798,0.946504
0.01,0.08,0.0534769,0.25268,0.693843,0.946523
0.01,0.09,0.0534579,0.252654,0.693888,0.946542
0.01,0.1,0.0534389,0.252628,0.693933,0.946561
0.01,0.11,0.0534199,0.252602,0.693978,0.94658
0.01,0.12,0.0534009,0.252577,0.694023,0.946599
0.01,0.13,0.053382,0.252551,0.694067,0.946618
0.01,0.14,0.0533631,0.252525,0.694112,0.946637
0.01,0.15,0.0533442,0.2525,0.694156,0.946656
0.01,0.16,0.0533254,0.252474,0.6942,0.946675
0.01,0.17,0.0533066,0.252449,0.694245,0.946693
0.01,0.18,0.0532878,0.252423,0.694289,0.946712
0.01,0.19,0.053269,0.252398,0.694333,0.946731
0.01,0.2,0.0532503,0.252373,0.694377,0.94675
0.01,0.21,0.0532316,0.252348,0.694421,0.946768
0.01,0.22,0.0532129,0.252322,0.694465,0.946787
0.01,0.23,0.0531943,0.252297,0.694508,0.946806
0.01,0.24,0.0531757,0.252272,0.694552,0.946824
0.01,0.25,0.0531571,0.252247,0.694596,0.946843
0.01,0.26,0.0531386,0.252222,0.694639,0.946861
0.01,0.27,0.0531201,0.252198,0.694682,0.94688
0.01,0.28,0.0531016,0.252173,0.694726,0.946898
0.01,0.29,0.0530831,0.252148,0.694769,0.946917
0.01,0.3,0.0530647,0.252123,0.694812,0.946935
0.01,0.31,0.0530463,0.252099,0.694855,0.946954
0.01,0.32,0.053028,0.252074,0.694898,0.946972
0.01,0.33,0.0530097,0.25205,0.694941,0.94699
0.01,0.34,0.0529914,0.252025,0.694983,0.947009
0.01,0.35,0.0529731,0.252001,0.695026,0.947027
0.01,0.36,0.0529549,0.251976,0.695069,0.947045
0.01,0.37,0.0529367,0.251952,0.695111,0.947063
0.01,0.38,0.0529185,0.251928,0.695154,0.947081
0.01,0.39,0.0529004,0.251904,0.695196,0.9471
0.01,0.4,0.0528823,0.25188,0.695238,0.947118
0.01,0.41,0.0528642,0.251856,0.69528,0.947136
0.01,0.42,0.0528462,0.251832,0.695322,0.947154
0.01,0.43,0.0528282,0.251808,0.695364,0.947172
0.01,0.44,0.0528102,0.251784,0.695406,0.94719
0.01,0.45,0.0527923,0.25176,0.695448,0.947208
0.01,0.46,0.0527744,0.251736,0.695489,0.947226
0.01,0.47,0.0527565,0.251712,0.695531,0.947243
0.01,0.48,0.0527387,0.251689,0.695573,0.947261
0.01,0.49,0.0527209,0.251665,0.695614,0.947279
0.01,0.5,0.0527031,0.251642,0.695655,0.947297
0.01,0.51,0.0526854,0.251618,0.695697,0.947315
0.01,0.52,0.0526677,0.251595,0.695738,0.947332
0.01,0.53,0.0526501,0.251571,0.695779,0.94735
0.01,0.54,0.0526324,0.251548,0.69582,0.947368
0.01,0.55,0.0526149,0.251524,0.695861,0.947385
0.01,0.56,0.0525973,0.251501,0.695901,0.947403
0.01,0.57,0.0525798,0.251478,0.695942,0.94742
0.01,0.58,0.0525623,0.251455,0.695983,0.947438
0.01,0.59,0.0525449,0.251432,0.696023,0.947455
0.01,0.6,0.0525274,0.251409,0.696064,0.947473
0.01,0.61,0.0525101,0.251386,0.696104,0.94749
0.01,0.62,0.0524927,0.251363,0.696144,0.947507
0.01,0.63,0.0524754,0.25134,0.696185,0.947525
0.01,0.64,0.0524581,0.251317,0.696225,0.947542
0.01,0.65,0.0524409,0.251294,0.696265,0.947559
0.01,0.66,0.0524237,0.251272,0.696305,0.947576
0.01,0.67,0.0524065,0.251249,0.696344,0.947593
0.01,0.68,0.0523894,0.251226,0.696384,0.947611
0.01,0.69,0.0523723,0.251204,0.696424,0.947628
0.01,0.7,0.0523553,0.251181,0.696463,0.947645
0.01,0.71,0.0523382,0.251159,0.696503,0.947662
0.01,0.72,0.0523213,0.251137,0.696542,0.947679
0.01,0.73,0.0523043,0.251114,0.696582,0.947696
0.01,0.74,0.0522874,0.251092,0.696621,0.947713
0.01,0.75,0.0522705,0.25107,0.69666,0.947729
0.01,0.76,0.0522537,0.251047,0.696699,0.947746
0.01,0.77,0.0522369,0.251025,0.696738,0.947763
0.01,0.78,0.0522201,0.251003,0.696777,0.94778
0.01,0.79,0.0522034,0.250981,0.696815,0.947797
0.01,0.8,0.0521867,0.250959,0.696854,0.947813
0.01,0.81,0.0521701,0.250937,0.696893,0.94783
0.01,0.82,0.0521534,0.250915,0.696931,0.947847
0.01,0.83,0.0521369,0.250893,0.69697,0.947863
0.01,0.84,0.0521203,0.250872,0.697008,0.94788
0.01,0.85,0.0521038,0.25085,0.697046,0.947896
0.01,0.86,0.0520873,0.250828,0.697084,0.947913
0.01,0.87,0.0520709,0.250807,0.697123,0.947929
0.01,0.88,0.0520545,0.250785,0.697161,0.947945
0.01,0.89,0.0520382,0.250763,0.697198,0.947962
0.01,0.9,0.0520218,0.250742,0.697236,0.947978
0.01,0.91,0.0520055,0.25072,0.697274,0.947994
0.01,0.92,0.0519893,0.250699,0.697312,0.948011
0.01,0.93,0.0519731,0.250678,0.697349,0.948027
0.01,0.94,0.0519569,0.250656,0.697387,0.948043
0.01,0.95,0.0519408,0.250635,0.697424,0.948059
0.01,0.96,0.0519247,0.250614,0.697461,0.948075
0.01,0.97,0.0519086,0.250593,0.697499,0.948091
0.01,0.98,0.0518926,0.250572,0.697536,0.948107
0.01,0.99,0.0518766,0.250551,0.697573,0.948123
0.01,1,0.0518607,0.25053,0.69761,0.948139
0.02,0,0.0555257,0.251778,0.692697,0.944474
0.02,0.01,0.0555057,0.251751,0.692744,0.944494
0.02,0.02,0.0554857,0.251724,0.69279,0.944514
0.02,0.03,0.0554658,0.251697,0.692837,0.944534
0.02,0.04,0.0554458,0.251671,0.692884,0.944554
0.02,0.05,0.0554259,0.251644,0.69293,0.944574
0.02,0.06,0.055406,0.251617,0.692976,0.944594
0.02,0.07,0.0553862,0.251591,0.693023,0.944614
0.02,0.08,0.0553664,0.251565,0.693069,0.944634
0.02,0.09,0.0553466,0.251538,0.693115,0.944653
0.02,0.1,0.0553268,0.251512,0.693161,0.944673
0.02,0.11,0.0553071,0.251486,0.693207,0.944693
0.02,0.12,0.0552874,0.25146,0.693253,0.944713
0.02,0.13,0.0552677,0.251434,0.693299,0.944732
0.02,0.14,0.0552481,0.251407,0.693344,0.944752
0.02,0.15,0.0552285,0.251382,0.69339,0.944772
0.02,0.16,0.0552089,0.251356,0.693436,0.944791
0.02,0.17,0.0551893,0.25133,0.693481,0.944811
0.02,0.18,0.0551698,0.251304,0.693526,0.94483
0.02,0.19,0.0551503,0.251278,0.693571,0.94485
0.02,0.2,0.0551308,0.251253,0.693617,0.944869
0.02,0.21,0.0551114,0.251227,0.693662,0.944889
0.02,0.22,0.055092,0.251201,0.693707,0.944908
0.02,0.23,0.0550726,0.251176,0.693751,0.944927
0.02,0.24,0.0550533,0.251151,0.693796,0.944947
0.02,0.25,0.055034,0.251125,0.693841,0.944966
0.02,0.26,0.0550147,0.2511,0.693885,0.944985
0.02,0.27,0.0549955,0.251075,0.69393,0.945005
0.02,0.28,0.0549763,0.251049,0.693974,0.945024
0.02,0.29,0.0549571,0.251024,0.694019,0.945043
0.02,0.3,0.0549379,0.250999,0.694063,0.945062
0.02,0.31,0.0549188,0.250974,0.694107,0.945081
0.02,0.32,0.0548997,0.250949,0.694151,0.9451
0.02,0.33,0.0548807,0.250924,0.694195,0.945119
0.02,0.34,0.0548617,0.250899,0.694239,0.945138
0.02,0.35,0.0548427,0.250875,0.694283,0.945157
0.02,0.36,0.0548238,0.25085,0.694326,0.945176
0.02,0.37,0.0548049,0.250825,0.69437,0.945195
0.02,0.38,0.054786,0.250801,0.694413,0.945214
0.02,0.39,0.0547671,0.250776,0.694457,0.945233
0.02,0.4,0.0547483,0.250752,0.6945,0.945252
0.02,0.41,0.0547295,0.250727,0.694543,0.94527
0.02,0.42,0.0547108,0.250703,0.694586,0.945289
0.02,0.43,0.0546921,0.250679,0.694629,0.945308
0.02,0.44,0.0546734,0.250654,0.694672,0.945327
0.02,0.45,0.0546548,0.25063,0.694715,0.945345
0.02,0.46,0.0546362,0.250606,0.694758,0.945364
0.02,0.47,0.0546176,0.250582,0.694801,0.945382
0.02,0.48,0.0545991,0.250558,0.694843,0.945401
0.02,0.49,0.0545806,0.250534,0.694886,0.945419
0.02,0.5,0.0545622,0.25051,0.694928,0.945438
0.02,0.51,0.0545437,0.250486,0.69497,0.945456
0.02,0.52,0.0545254,0.250462,0.695013,0.945475
0.02,0.53,0.054507,0.250438,0.695055,0.945493
0.02,0.54,0.0544887,0.250415,0.695097,0.945511
0.02,0.55,0.0544704,0.250391,0.695139,0.94553
0.02,0.56,0.0544522,0.250367,0.69518,0.945548
0.02,0.57,0.054434,0.250344,0.695222,0.945566
0.02,0.58,0.0544158,0.25032,0.695264,0.945584
0.02,0.59,0.0543977,0.250297,0.695305,0.945602
0.02,0.6,0.0543796,0.250274,0.695347,0.94562
0.02,0.61,0.0543615,0.25025,0.695388,0.945638
0.02,0.62,0.0543435,0.250227,0.69543,0.945656
0.02,0.63,0.0543255,0.250204,0.695471,0.945674
0.02,0.64,0.0543076,0.250181,0.695512,0.945692
0.02,0.65,0.0542897,0.250157,0.695553,0.94571
0.02,0.66,0.0542718,0.250134,0.695594,0.945728
0.02,0.67,0.054254,0.250111,0.695635,0.945746
0.02,0.68,0.0542362,0.250088,0.695675,0.945764
0.02,0.69,0.0542184,0.250066,0.695716,0.945782
0.02,0.7,0.0542007,0.250043,0.695757,0.945799
0.02,0.71,0.054183,0.25002,0.695797,0.945817
0.02,0.72,0.0541654,0.249997,0.695837,0.945835
0.02,0.73,0.0541478,0.249974,0.695878,0.945852
0.02,0.74,0.0541302,0.249952,0.695918,0.94587
0.02,0.75,0.0541127,0.249929,0.695958,0.945887
0.02,0.76,0.0540952,0.249907,0.695998,0.945905
0.02,0.77,0.0540777,0.249884,0.696038,0.945922
0.02,0.78,0.0540603,0.249862,0.696078,0.94594
0.02,0.79,0.0540429,0.249839,0.696118,0.945957
0.02,0.8,0.0540256,0.249817,0.696157,0.945974
0.02,0.81,0.0540083,0.249795,0.696197,0.945992
0.02,0.82,0.053991,0.249773,0.696236,0.946009
0.02,0.83,0.0539738,0.249751,0.696276,0.946026
0.02,0.84,0.0539566,0.249728,0.696315,0.946043
0.02,0.85,0.0539395,0.249706,0.696354,0.946061
0.02,0.86,0.0539224,0.249684,0.696393,0.946078
0.02,0.87,0.0539053,0.249662,0.696432,0.946095
0.02,0.88,0.0538883,0.24964,0.696471,0.946112
0.02,0.89,0.0538713,0.249619,0.69651,0.946129
0.02,0.9,0.0538544,0.249597,0.696549,0.946146
0.02,0.91,0.0538374,0.249575,0.696588,0.946163
0.02,0.92,0.0538206,0.249553,0.696626,0.946179
0.02,0.93,0.0538037,0.249532,0.696665,0.946196
0.02,0.94,0.0537869,0.24951,0.696703,0.946213
0.02,0.95,0.0537702,0.249488,0.696741,0.94623
0.02,0.96,0.0537535,0.249467,0.69678,0.946247
0.02,0.97,0.0537368,0.249445,0.696818,0.946263
0.02,0.98,0.0537202,0.249424,0.696856,0.94628
0.02,0.99,0.0537036,0.249403,0.696894,0.946296
0.02,1,0.053687,0.249381,0.696932,0.946313
0.03,0,0.0574994,0.250653,0.691848,0.942501
0.03,0.01,0.0574786,0.250626,0.691896,0.942521
0.03,0.02,0.0574578,0.250599,0.691944,0.942542
0.03,0.03,0.0574371,0.250571,0.691992,0.942563
0.03,0.04,0.0574163,0.250544,0.692039,0.942584
0.03,0.05,0.0573957,0.250517,0.692087,0.942604
0.03,0.06,0.057375,0.25049,0.692135,0.942625
0.03,0.07,0.0573544,0.250463,0.692182,0.942646
0.03,0.08,0.0573338,0.250437,0.69223,0.942666
0.03,0.09,0.0573132,0.25041,0.692277,0.942687
0.03,0.1,0.0572927,0.250383,0.692324,0.942707
0.03,0.11,0.0572722,0.250356,0.692371,0.942728
0.03,0.12,0.0572517,0.25033,0.692418,0.942748
0.03,0.13,0.0572312,0.250303,0.692465,0.942769
0.03,0.14,0.0572108,0.250277,0.692512,0.942789
0.03,0.15,0.0571904,0.25025,0.692559,0.94281
0.03,0.16,0.0571701,0.250224,0.692606,0.94283
0.03,0.17,0.0571497,0.250198,0.692652,0.94285
0.03,0.18,0.0571294,0.250172,0.692699,0.942871
0.03,0.19,0.0571092,0.250146,0.692745,0.942891
0.03,0.2,0.057089,0.250119,0.692792,0.942911
0.03,0.21,0.0570688,0.250093,0.692838,0.942931
0.03,0.22,0.0570486,0.250067,0.692884,0.942951
0.03,0.23,0.0570285,0.250042,0.69293,0.942972
0.03,0.24,0.0570084,0.250016,0.692976,0.942992
0.03,0.25,0.0569883,0.24999,0.693022,0.943012
0.03,0.26,0.0569683,0.249964,0.693067,0.943032
0.03,0.27,0.0569483,0.249939,0.693113,0.943052
0.03,0.28,0.0569283,0.249913,0.693159,0.943072
0.03,0.29,0.0569084,0.249887,0.693204,0.943092
0.03,0.3,0.0568885,0.249862,0.69325,0.943112
0.03,0.31,0.0568686,0.249837,0.693295,0.943131
0.03,0.32,0.0568488,0.249811,0.69334,0.943151
0.03,0.33,0.056829,0.249786,0.693385,0.943171
0.03,0.34,0.0568092,0.249761,0.69343,0.943191
0.03,0.35,0.0567895,0.249736,0.693475,0.943211
0.03,0.36,0.0567698,0.24971,0.69352,0.94323
0.03,0.37,0.0567502,0.249685,0.693565,0.94325
0.03,0.38,0.0567305,0.24966,0.693609,0.943269
0.03,0.39,0.056711,0.249635,0.693654,0.943289
0.03,0.4,0.0566914,0.249611,0.693698,0.943309
0.03,0.41,0.0566719,0.249586,0.693742,0.943328
0.03,0.42,0.0566524,0.249561,0.693787,0.943348
0.03,0.43,0.056633,0.249536,0.693831,0.943367
0.03,0.44,0.0566136,0.249512,0.693875,0.943386
0.03,0.45,0.0565942,0.249487,0.693919,0.943406
0.03,0.46,0.0565749,0.249462,0.693963,0.943425
0.03,0.47,0.0565556,0.249438,0.694006,0.943444
0.03,0.48,0.0565363,0.249414,0.69405,0.943464
0.03,0.49,0.0565171,0.249389,0.694094,0.943483
0.03,0.5,0.056498,0.249365,0.694137,0.943502
0.03,0.51,0.0564788,0.249341,0.694181,0.943521
0.03,0.52,0.0564597,0.249316,0.694224,0.94354
0.03,0.53,0.0564406,0.249292,0.694267,0.943559
0.03,0.54,0.0564216,0.249268,0.69431,0.943578
0.03,0.55,0.0564026,0.249244,0.694353,0.943597
0.03,0.56,0.0563837,0.24922,0.694396,0.943616
0.03,0.57,0.0563648,0.249196,0.694439,0.943635
0.03,0.58,0.0563459,0.249173,0.694482,0.943654
0.03,0.59,0.056327,0.249149,0.694524,0.943673
0.03,0.6,0.0563082,0.249125,0.694567,0.943692
0.03,0.61,0.0562895,0.249101,0.694609,0.943711
0.03,0.62,0.0562708,0.249078,0.694652,0.943729
0.03,0.63,0.0562521,0.249054,0.694694,0.943748
0.03,0.64,0.0562334,0.249031,0.694736,0.943767
0.03,0.65,0.0562148,0.249007,0.694778,0.943785
0.03,0.66,0.0561963,0.248984,0.69482,0.943804
0.03,0.67,0.0561777,0.24896,0.694862,0.943822
0.03,0.68,0.0561593,0.248937,0.694904,0.943841
0.03,0.69,0.0561408,0.248914,0.694945,0.943859
0.03,0.7,0.0561224,0.248891,0.694987,0.943878
0.03,0.71,0.056104,0.248868,0.695028,0.943896
0.03,0.72,0.0560857,0.248844,0.69507,0.943914
0.03,0.73,0.0560674,0.248821,0.695111,0.943933
0.03,0.74,0.0560492,0.248798,0.695152,0.943951
0.03,0.75,0.056031,0.248775,0.695194,0.943969
0.03,0.76,0.0560128,0.248753,0.695235,0.943987
0.03,0.77,0.0559947,0.24873,0.695276,0.944005
0.03,0.78,0.0559766,0.248707,0.695316,0.944023
0.03,0.79,0.0559585,0.248684,0.695357,0.944041
0.03,0.8,0.0559405,0.248662,0.695398,0.944059
0.03,0.81,0.0559226,0.248639,0.695438,0.944077
0.03,0.82,0.0559046,0.248617,0.695479,0.944095
0.03,0.83,0.0558867,0.248594,0.695519,0.944113
0.03,0.84,0.0558689,0.248572,0.69556,0.944131
0.03,0.85,0.0558511,0.248549,0.6956,0.944149
0.03,0.86,0.0558333,0.248527,0.69564,0.944167
0.03,0.87,0.0558156,0.248505,0.69568,0.944184
0.03,0.88,0.0557979,0.248482,0.69572,0.944202
0.03,0.89,0.0557803,0.24846,0.69576,0.94422
0.03,0.9,0.0557627,0.248438,0.695799,0.944237
0.03,0.91,0.0557451,0.248416,0.695839,0.944255
0.03,0.92,0.0557276,0.248394,0.695878,0.944272
0.03,0.93,0.0557101,0.248372,0.695918,0.94429
0.03,0.94,0.0556927,0.24835,0.695957,0.944307
0.03,0.95,0.0556753,0.248328,0.695997,0.944325
0.03,0.96,0.0556579,0.248306,0.696036,0.944342
0.03,0.97,0.0556406,0.248284,0.696075,0.944359
0.03,0.98,0.0556234,0.248263,0.696114,0.944377
0.03,0.99,0.0556061,0.248241,0.696153,0.944394
0.03,1,0.0555889,0.248219,0.696192,0.944411
0.04,0,0.0595545,0.249516,0.69093,0.940446
0.04,0.01,0.0595329,0.249488,0.690979,0.940467
0.04,0.02,0.0595113,0.24946,0.691029,0.940489
0.04,0.03,0.0594897,0.249433,0.691078,0.94051
0.04,0.04,0.0594682,0.249405,0.691127,0.940532
0.04,0.05,0.0594467,0.249378,0.691176,0.940553
0.04,0.06,0.0594253,0.24935,0.691225,0.940575
0.04,0.07,0.0594038,0.249323,0.691273,0.940596
0.04,0.08,0.0593824,0.249295,0.691322,0.940618
0.04,0.09,0.059361,0.249268,0.691371,0.940639
0.04,0.1,0.0593397,0.249241,0.691419,0.94066
0.04,0.11,0.0593184,0.249214,0.691468,0.940682
0.04,0.12,0.0592971,0.249187,0.691516,0.940703
0.04,0.13,0.0592758,0.24916,0.691564,0.940724
0.04,0.14,0.0592546,0.249133,0.691612,0.940745
0.04,0.15,0.0592334,0.249106,0.69166,0.940767
0.04,0.16,0.0592123,0.24908,0.691708,0.940788
0.04,0.17,0.0591911,0.249053,0.691756,0.940809
0.04,0.18,0.0591701,0.249026,0.691804,0.94083
0.04,0.19,0.059149,0.249,0.691851,0.940851
0.04,0.2,0.059128,0.248973,0.691899,0.940872
0.04,0.21,0.059107,0.248947,0.691946,0.940893
0.04,0.22,0.059086,0.24892,0.691994,0.940914
0.04,0.23,0.0590651,0.248894,0.692041,0.940935
0.04,0.24,0.0590442,0.248868,0.692088,0.940956
0.04,0.25,0.0590234,0.248842,0.692135,0.940977
0.04,0.26,0.0590025,0.248815,0.692182,0.940997
0.04,0.27,0.0589818,0.248789,0.692229,0.941018
0.04,0.28,0.058961,0.248763,0.692276,0.941039
0.04,0.29,0.0589403,0.248737,0.692322,0.94106
0.04,0.3,0.0589196,0.248712,0.692369,0.94108
0.04,0.31,0.058899,0.248686,0.692415,0.941101
0.04,0.32,0.0588784,0.24866,0.692462,0.941122
0.04,0.33,0.0588578,0.248634,0.692508,0.941142
0.04,0.34,0.0588373,0.248609,0.692554,0.941163
0.04,0.35,0.0588168,0.248583,0.6926,0.941183
0.04,0.36,0.0587963,0.248557,0.692646,0.941204
0.04,0.37,0.0587759,0.248532,0.692692,0.941224
0.04,0.38,0.0587555,0.248507,0.692738,0.941245
0.04,0.39,0.0587351,0.248481,0.692784,0.941265
0.04,0.4,0.0587148,0.248456,0.692829,0.941285
0.04,0.41,0.0586946,0.248431,0.692875,0.941305
0.04,0.42,0.0586743,0.248406,0.69292,0.941326
0.04,0.43,0.0586541,0.248381,0.692965,0.941346
0.04,0.44,0.058634,0.248356,0.693011,0.941366
0.04,0.45,0.0586138,0.248331,0.693056,0.941386
0.04,0.46,0.0585938,0.248306,0.693101,0.941406
0.04,0.47,0.0585737,0.248281,0.693146,0.941426
0.04,0.48,0.0585537,0.248256,0.69319,0.941446
0.04,0.49,0.0585337,0.248231,0.693235,0.941466
0.04,0.5,0.0585138,0.248207,0.69328,0.941486
0.04,0.51,0.0584939,0.248182,0.693324,0.941506
0.04,0.52,0.0584741,0.248157,0.693369,0.941526
0.04,0.53,0.0584543,0.248133,0.693413,0.941546
0.04,0.54,0.0584345,0.248108,0.693457,0.941565
0.04,0.55,0.0584148,0.248084,0.693501,0.941585
0.04,0.56,0.0583951,0.24806,0.693545,0.941605
0.04,0.57,0.0583754,0.248035,0.693589,0.941625
0.04,0.58,0.0583558,0.248011,0.693633,0.941644
0.04,0.59,0.0583363,0.247987,0.693677,0.941664
0.04,0.6,0.0583167,0.247963,0.69372,0.941683
0.04,0.61,0.0582972,0.247939,0.693764,0.941703
0.04,0.62,0.0582778,0.247915,0.693807,0.941722
0.04,0.63,0.0582584,0.247891,0.693851,0.941742
0.04,0.64,0.058239,0.247867,0.693894,0.941761
0.04,0.65,0.0582197,0.247843,0.693937,0.94178
0.04,0.66,0.0582004,0.247819,0.69398,0.9418
0.04,0.67,0.0581812,0.247796,0.694023,0.941819
0.04,0.68,0.058162,0.247772,0.694066,0.941838
0.04,0.69,0.0581428,0.247748,0.694109,0.941857
0.04,0.7,0.0581237,0.247725,0.694151,0.941876
0.04,0.71,0.0581046,0.247701,0.694194,0.941895
0.04,0.72,0.0580856,0.247678,0.694236,0.941914
0.04,0.73,0.0580666,0.247655,0.694279,0.941933
0.04,0.74,0.0580476,0.247631,0.694321,0.941952
0.04,0.75,0.0580287,0.247608,0.694363,0.941971
0.04,0.76,0.0580098,0.247585,0.694405,0.94199
0.04,0.77,0.057991,0.247562,0.694447,0.942009
0.04,0.78,0.0579722,0.247539,0.694489,0.942028
0.04,0.79,0.0579535,0.247515,0.694531,0.942047
0.04,0.8,0.0579348,0.247492,0.694573,0.942065
0.04,0.81,0.0579161,0.24747,0.694614,0.942084
0.04,0.82,0.0578975,0.247447,0.694656,0.942103
0.04,0.83,0.0578789,0.247424,0.694697,0.942121
0.04,0.84,0.0578604,0.247401,0.694739,0.94214
0.04,0.85,0.0578419,0.247378,0.69478,0.942158
0.04,0.86,0.0578234,0.247356,0.694821,0.942177
0.04,0.87,0.057805,0.247333,0.694862,0.942195
0.04,0.88,0.0577867,0.24731,0.694903,0.942213
0.04,0.89,0.0577684,0.247288,0.694944,0.942232
0.04,0.9,0.0577501,0.247265,0.694984,0.94225
0.04,0.91,0.0577318,0.247243,0.695025,0.942268
0.04,0.92,0.0577137,0.247221,0.695066,0.942286
0.04,0.93,0.0576955,0.247198,0.695106,0.942304
0.04,0.94,0.0576774,0.247176,0.695147,0.942323
0.04,0.95,0.0576593,0.247154,0.695187,0.942341
0.04,0.96,0.0576413,0.247132,0.695227,0.942359
0.04,0.97,0.0576233,0.24711,0.695267,0.942377
0.04,0.98,0.0576054,0.247088,0.695307,0.942395
0.04,0.99,0.0575875,0.247066,0.695347,0.942412
0.04,1,0.0575697,0.247044,0.695387,0.94243
0.05,0,0.0616946,0.248365,0.68994,0.938305
0.05,0.01,0.0616721,0.248337,0.689991,0.938328
0.05,0.02,0.0616497,0.248309,0.690042,0.93835
0.05,0.03,0.0616273,0.24828,0.690092,0.938373
0.05,0.04,0.0616049,0.248252,0.690143,0.938395
0.05,0.05,0.0615826,0.248225,0.690193,0.938417
0.05,0.06,0.0615603,0.248197,0.690243,0.93844
0.05,0.07,0.061538,0.248169,0.690293,0.938462
0.05,0.08,0.0615158,0.248141,0.690343,0.938484
0.05,0.09,0.0614936,0.248113,0.690393,0.938506
0.05,0.1,0.0614714,0.248086,0.690443,0.938529
0.05,0.11,0.0614492,0.248058,0.690492,0.938551
0.05,0.12,0.0614271,0.248031,0.690542,0.938573
0.05,0.13,0.061405,0.248003,0.690592,0.938595
0.05,0.14,0.061383,0.247976,0.690641,0.938617
0.05,0.15,0.0613609,0.247949,0.69069,0.938639
0.05,0.16,0.061339,0.247922,0.690739,0.938661
0.05,0.17,0.061317,0.247894,0.690789,0.938683
0.05,0.18,0.0612951,0.247867,0.690838,0.938705
0.05,0.19,0.0612732,0.24784,0.690886,0.938727
0.05,0.2,0.0612514,0.247813,0.690935,0.938749
0.05,0.21,0.0612295,0.247787,0.690984,0.93877
0.05,0.22,0.0612078,0.24776,0.691033,0.938792
0.05,0.23,0.061186,0.247733,0.691081,0.938814
0.05,0.24,0.0611643,0.247706,0.691129,0.938836
0.05,0.25,0.0611426,0.24768,0.691178,0.938857
0.05,0.26,0.061121,0.247653,0.691226,0.938879
0.05,0.27,0.0610994,0.247627,0.691274,0.938901
0.05,0.28,0.0610779,0.2476,0.691322,0.938922
0.05,0.29,0.0610563,0.247574,0.69137,0.938944
0.05,0.3,0.0610348,0.247547,0.691418,0.938965
0.05,0.31,0.0610134,0.247521,0.691465,0.938987
0.05,0.32,0.060992,0.247495,0.691513,0.939008
0.05,0.33,0.0609706,0.247469,0.69156,0.939029
0.05,0.34,0.0609493,0.247443,0.691608,0.939051
0.05,0.35,0.060928,0.247417,0.691655,0.939072
0.05,0.36,0.0609067,0.247391,0.691702,0.939093
0.05,0.37,0.0608855,0.247365,0.691749,0.939115
0.05,0.38,0.0608643,0.247339,0.691796,0.939136
0.05,0.39,0.0608432,0.247314,0.691843,0.939157
0.05,0.4,0.0608221,0.247288,0.69189,0.939178
0.05,0.41,0.060801,0.247262,0.691937,0.939199
0.05,0.42,0.06078,0.247237,0.691983,0.93922
0.05,0.43,0.060759,0.247211,0.69203,0.939241
0.05,0.44,0.060738,0.247186,0.692076,0.939262
0.05,0.45,0.0607171,0.24716,0.692123,0.939283
0.05,0.46,0.0606963,0.247135,0.692169,0.939304
0.05,0.47,0.0606754,0.24711,0.692215,0.939325
0.05,0.48,0.0606546,0.247085,0.692261,0.939345
0.05,0.49,0.0606339,0.247059,0.692307,0.939366
0.05,0.5,0.0606132,0.247034,0.692352,0.939387
0.05,0.51,0.0605925,0.247009,0.692398,0.939407
0.05,0.52,0.0605719,0.246984,0.692444,0.939428
0.05,0.53,0.0605513,0.246959,0.692489,0.939449
0.05,0.54,0.0605308,0.246935,0.692535,0.939469
0.05,0.55,0.0605103,0.24691,0.69258,0.93949
0.05,0.56,0.0604898,0.246885,0.692625,0.93951
0.05,0.57,0.0604694,0.24686,0.69267,0.939531
0.05,0.58,0.0604491,0.246836,0.692715,0.939551
0.05,0.59,0.0604287,0.246811,0.69276,0.939571
0.05,0.6,0.0604084,0.246787,0.692805,0.939592
0.05,0.61,0.0603882,0.246762,0.692849,0.939612
0.05,0.62,0.060368,0.246738,0.692894,0.939632
0.05,0.63,0.0603478,0.246714,0.692938,0.939652
0.05,0.64,0.0603277,0.246689,0.692983,0.939672
0.05,0.65,0.0603076,0.246665,0.693027,0.939692
0.05,0.66,0.0602876,0.246641,0.693071,0.939712
0.05,0.67,0.0602676,0.246617,0.693115,0.939732
0.05,0.68,0.0602477,0.246593,0.693159,0.939752
0.05,0.69,0.0602278,0.246569,0.693203,0.939772
0.05,0.7,0.0602079,0.246545,0.693247,0.939792
0.05,0.71,0.0601881,0.246521,0.693291,0.939812
0.05,0.72,0.0601683,0.246498,0.693334,0.939832
0.05,0.73,0.0601486,0.246474,0.693378,0.939851
0.05,0.74,0.0601289,0.24645,0.693421,0.939871
0.05,0.75,0.0601093,0.246426,0.693464,0.939891
0.05,0.76,0.0600897,0.246403,0.693507,0.93991
0.05,0.77,0.0600701,0.246379,0.693551,0.93993
0.05,0.78,0.0600506,0.246356,0.693593,0.939949
0.05,0.79,0.0600311,0.246333,0.693636,0.939969
0.05,0.8,0.0600117,0.246309,0.693679,0.939988
0.05,0.81,0.0599923,0.246286,0.693722,0.940008
0.05,0.82,0.059973,0.246263,0.693764,0.940027
0.05,0.83,0.0599537,0.246239,0.693807,0.940046
0.05,0.84,0.0599345,0.246216,0.693849,0.940066
0.05,0.85,0.0599153,0.246193,0.693891,0.940085
0.05,0.86,0.0598961,0.24617,0.693934,0.940104
0.05,0.87,0.059877,0.246147,0.693976,0.940123
0.05,0.88,0.0598579,0.246124,0.694018,0.940142
0.05,0.89,0.0598389,0.246101,0.69406,0.940161
0.05,0.9,0.0598199,0.246079,0.694101,0.94018
0.05,0.91,0.059801,0.246056,0.694143,0.940199
0.05,0.92,0.0597821,0.246033,0.694185,0.940218
0.05,0.93,0.0597633,0.246011,0.694226,0.940237
0.05,0.94,0.0597445,0.245988,0.694268,0.940256
0.05,0.95,0.0597257,0.245965,0.694309,0.940274
0.05,0.96,0.059707,0.245943,0.69435,0.940293
0.05,0.97,0.0596884,0.245921,0.694391,0.940312
0.05,0.98,0.0596697,0.245898,0.694432,0.94033
0.05,0.99,0.0596512,0.245876,0.694473,0.940349
0.05,1,0.0596327,0.245854,0.694514,0.940367
0.06,0,0.0639234,0.247201,0.688876,0.936077
0.06,0.01,0.0639,0.247172,0.688928,0.9361
0.06,0.02,0.0638767,0.247143,0.68898,0.936123
0.06,0.03,0.0638534,0.247115,0.689032,0.936147
0.06,0.04,0.0638302,0.247086,0.689083,0.93617
0.06,0.05,0.063807,0.247058,0.689135,0.936193
0.06,0.06,0.0637838,0.24703,0.689187,0.936216
0.06,0.07,0.0637606,0.247001,0.689238,0.936239
0.06,0.08,0.0637375,0.246973,0.689289,0.936262
0.06,0.09,0.0637144,0.246945,0.689341,0.936286
0.06,0.1,0.0636914,0.246917,0.689392,0.936309
0.06,0.11,0.0636684,0.246889,0.689443,0.936332
0.06,0.12,0.0636454,0.246861,0.689494,0.936355
0.06,0.13,0.0636224,0.246833,0.689544,0.936378
0.06,0.14,0.0635995,0.246805,0.689595,0.9364
0.06,0.15,0.0635766,0.246778,0.689646,0.936423
0.06,0.16,0.0635538,0.24675,0.689696,0.936446
0.06,0.17,0.063531,0.246722,0.689747,0.936469
0.06,0.18,0.0635082,0.246695,0.689797,0.936492
0.06,0.19,0.0634855,0.246667,0.689847,0.936515
0.06,0.2,0.0634628,0.24664,0.689897,0.936537
0.06,0.21,0.0634401,0.246613,0.689947,0.93656
0.06,0.22,0.0634175,0.246585,0.689997,0.936583
0.06,0.23,0.0633949,0.246558,0.690047,0.936605
0.06,0.24,0.0633723,0.246531,0.690097,0.936628
0.06,0.25,0.0633498,0.246504,0.690146,0.93665
0.06,0.26,0.0633273,0.246477,0.690196,0.936673
0.06,0.27,0.0633049,0.24645,0.690245,0.936695
0.06,0.28,0.0632825,0.246423,0.690294,0.936718
0.06,0.29,0.0632601,0.246396,0.690344,0.93674
0.06,0.3,0.0632378,0.24637,0.690393,0.936762
0.06,0.31,0.0632155,0.246343,0.690442,0.936785
0.06,0.32,0.0631932,0.246316,0.69049,0.936807
0.06,0.33,0.063171,0.24629,0.690539,0.936829
0.06,0.34,0.0631489,0.246263,0.690588,0.936851
0.06,0.35,0.0631267,0.246237,0.690636,0.936873
0.06,0.36,0.0631046,0.246211,0.690685,0.936895
0.06,0.37,0.0630826,0.246184,0.690733,0.936917
0.06,0.38,0.0630606,0.246158,0.690781,0.936939
0.06,0.39,0.0630386,0.246132,0.69083,0.936961
0.06,0.4,0.0630167,0.246106,0.690878,0.936983
0.06,0.41,0.0629948,0.24608,0.690926,0.937005
0.06,0.42,0.062973,0.246054,0.690973,0.937027
0.06,0.43,0.0629512,0.246028,0.691021,0.937049
0.06,0.44,0.0629294,0.246002,0.691069,0.937071
0.06,0.45,0.0629077,0.245976,0.691116,0.937092
0.06,0.46,0.062886,0.24595,0.691164,0.937114
0.06,0.47,0.0628644,0.245925,0.691211,0.937136
0.06,0.48,0.0628428,0.245899,0.691258,0.937157
0.06,0.49,0.0628212,0.245874,0.691305,0.937179
0.06,0.5,0.0627997,0.245848,0.691352,0.9372
0.06,0.51,0.0627782,0.245823,0.691399,0.937222
0.06,0.52,0.0627568,0.245797,0.691446,0.937243
0.06,0.53,0.0627354,0.245772,0.691493,0.937265
0.06,0.54,0.0627141,0.245747,0.691539,0.937286
0.06,0.55,0.0626928,0.245722,0.691586,0.937307
0.06,0.56,0.0626716,0.245697,0.691632,0.937328
0.06,0.57,0.0626504,0.245671,0.691678,0.93735
0.06,0.58,0.0626292,0.245646,0.691724,0.937371
0.06,0.59,0.0626081,0.245622,0.69177,0.937392
0.06,0.6,0.062587,0.245597,0.691816,0.937413
0.06,0.61,0.062566,0.245572,0.691862,0.937434
0.06,0.62,0.062545,0.245547,0.691908,0.937455
0.06,0.63,0.062524,0.245522,0.691954,0.937476
0.06,0.64,0.0625031,0.245498,0.691999,0.937497
0.06,0.65,0.0624823,0.245473,0.692045,0.937518
0.06,0.66,0.0624615,0.245449,0.69209,0.937539
0.06,0.67,0.0624407,0.245424,0.692135,0.937559
0.06,0.68,0.06242,0.2454,0.69218,0.93758
0.06,0.69,0.0623993,0.245375,0.692225,0.937601
0.06,0.7,0.0623787,0.245351,0.69227,0.937621
0.06,0.71,0.0623581,0.245327,0.692315,0.937642
0.06,0.72,0.0623376,0.245303,0.69236,0.937662
0.06,0.73,0.0623171,0.245279,0.692404,0.937683
0.06,0.74,0.0622967,0.245255,0.692449,0.937703
0.06,0.75,0.0622763,0.245231,0.692493,0.937724
0.06,0.76,0.0622559,0.245207,0.692537,0.937744
0.06,0.77,0.0622356,0.245183,0.692582,0.937764
0.06,0.78,0.0622153,0.245159,0.692626,0.937785
0.06,0.79,0.0621951,0.245135,0.69267,0.937805
0.06,0.8,0.062175,0.245112,0.692714,0.937825
0.06,0.81,0.0621548,0.245088,0.692757,0.937845
0.06,0.82,0.0621348,0.245064,0.692801,0.937865
0.06,0.83,0.0621147,0.245041,0.692845,0.937885
0.06,0.84,0.0620948,0.245017,0.692888,0.937905
0.06,0.85,0.0620748,0.244994,0.692931,0.937925
0.06,0.86,0.0620549,0.24497,0.692975,0.937945
0.06,0.87,0.0620351,0.244947,0.693018,0.937965
0.06,0.88,0.0620153,0.244924,0.693061,0.937985
0.06,0.89,0.0619956,0.244901,0.693104,0.938004
0.06,0.9,0.0619758,0.244878,0.693147,0.938024
0.06,0.91,0.0619562,0.244854,0.693189,0.938044
0.06,0.92,0.0619366,0.244831,0.693232,0.938063
0.06,0.93,0.061917,0.244808,0.693275,0.938083
0.06,0.94,0.0618975,0.244785,0.693317,0.938102
0.06,0.95,0.061878,0.244763,0.693359,0.938122
0.06,0.96,0.0618586,0.24474,0.693402,0.938141
0.06,0.97,0.0618393,0.244717,0.693444,0.938161
0.06,0.98,0.0618199,0.244694,0.693486,0.93818
0.06,0.99,0.0618006,0.244672,0.693528,0.938199
0.06,1,0.0617814,0.244649,0.69357,0.938219
0.07,0,0.0662446,0.246023,0.687732,0.933755
0.07,0.01,0.0662203,0.245994,0.687786,0.93378
0.07,0.02,0.0661961,0.245965,0.687839,0.933804
0.07,0.03,0.0661719,0.245936,0.687892,0.933828
0.07,0.04,0.0661478,0.245907,0.687946,0.933852
0.07,0.05,0.0661236,0.245878,0.687999,0.933876
0.07,0.06,0.0660996,0.245849,0.688052,0.9339
0.07,0.07,0.0660755,0.24582,0.688104,0.933924
0.07,0.08,0.0660515,0.245791,0.688157,0.933949
0.07,0.09,0.0660275,0.245763,0.68821,0.933973
0.07,0.1,0.0660035,0.245734,0.688262,0.933996
0.07,0.11,0.0659796,0.245706,0.688315,0.93402
0.07,0.12,0.0659557,0.245677,0.688367,0.934044
0.07,0.13,0.0659319,0.245649,0.688419,0.934068
0.07,0.14,0.0659081,0.245621,0.688471,0.934092
0.07,0.15,0.0658843,0.245593,0.688523,0.934116
0.07,0.16,0.0658606,0.245564,0.688575,0.934139
0.07,0.17,0.0658369,0.245536,0.688627,0.934163
0.07,0.18,0.0658132,0.245508,0.688678,0.934187
0.07,0.19,0.0657896,0.24548,0.68873,0.93421
0.07,0.2,0.065766,0.245453,0.688781,0.934234
0.07,0.21,0.0657424,0.245425,0.688833,0.934258
0.07,0.22,0.0657189,0.245397,0.688884,0.934281
0.07,0.23,0.0656955,0.245369,0.688935,0.934305
0.07,0.24,0.065672,0.245342,0.688986,0.934328
0.07,0.25,0.0656486,0.245314,0.689037,0.934351
0.07,0.26,0.0656253,0.245287,0.689088,0.934375
0.07,0.27,0.0656019,0.245259,0.689139,0.934398
0.07,0.28,0.0655787,0.245232,0.689189,0.934421
0.07,0.29,0.0655554,0.245205,0.68924,0.934445
0.07,0.3,0.0655322,0.245178,0.68929,0.934468
0.07,0.31,0.0655091,0.245151,0.68934,0.934491
0.07,0.32,0.065486,0.245123,0.689391,0.934514
0.07,0.33,0.0654629,0.245096,0.689441,0.934537
0.07,0.34,0.0654398,0.24507,0.689491,0.93456
0.07,0.35,0.0654169,0.245043,0.68954,0.934583
0.07,0.36,0.0653939,0.245016,0.68959,0.934606
0.07,0.37,0.065371,0.244989,0.68964,0.934629
0.07,0.38,0.0653481,0.244963,0.689689,0.934652
0.07,0.39,0.0653253,0.244936,0.689739,0.934675
0.07,0.4,0.0653025,0.244909,0.689788,0.934697
0.07,0.41,0.0652798,0.244883,0.689837,0.93472
0.07,0.42,0.0652571,0.244857,0.689886,0.934743
0.07,0.43,0.0652344,0.24483,0.689935,0.934766
0.07,0.44,0.0652118,0.244804,0.689984,0.934788
0.07,0.45,0.0651893,0.244778,0.690033,0.934811
0.07,0.46,0.0651667,0.244752,0.690082,0.934833
0.07,0.47,0.0651443,0.244725,0.69013,0.934856
0.07,0.48,0.0651218,0.244699,0.690179,0.934878
0.07,0.49,0.0650995,0.244673,0.690227,0.934901
0.07,0.5,0.0650771,0.244648,0.690275,0.934923
0.07,0.51,0.0650548,0.244622,0.690323,0.934945
0.07,0.52,0.0650326,0.244596,0.690371,0.934967
0.07,0.53,0.0650103,0.24457,0.690419,0.93499
0.07,0.54,0.0649882,0.244545,0.690467,0.935012
0.07,0.55,0.0649661,0.244519,0.690515,0.935034
0.07,0.56,0.064944,0.244494,0.690562,0.935056
0.07,0.57,0.064922,0.244468,0.69061,0.935078
0.07,0.58,0.0649,0.244443,0.690657,0.9351
0.07,0.59,0.064878,0.244417,0.690705,0.935122
0.07,0.6,0.0648562,0.244392,0.690752,0.935144
0.07,0.61,0.0648343,0.244367,0.690799,0.935166
0.07,0.62,0.0648125,0.244342,0.690846,0.935187
0.07,0.63,0.0647908,0.244317,0.690893,0.935209
0.07,0.64,0.0647691,0.244292,0.690939,0.935231
0.07,0.65,0.0647474,0.244267,0.690986,0.935253
0.07,0.66,0.0647258,0.244242,0.691033,0.935274
0.07,0.67,0.0647042,0.244217,0.691079,0.935296
0.07,0.68,0.0646827,0.244192,0.691125,0.935317
0.07,0.69,0.0646613,0.244167,0.691171,0.935339
0.07,0.7,0.0646398,0.244143,0.691218,0.93536
0.07,0.71,0.0646185,0.244118,0.691263,0.935382
0.07,0.72,0.0645971,0.244093,0.691309,0.935403
0.07,0.73,0.0645759,0.244069,0.691355,0.935424
0.07,0.74,0.0645546,0.244045,0.691401,0.935445
0.07,0.75,0.0645335,0.24402,0.691446,0.935467
0.07,0.76,0.0645123,0.243996,0.691492,0.935488
0.07,0.77,0.0644912,0.243972,0.691537,0.935509
0.07,0.78,0.0644702,0.243947,0.691582,0.93553
0.07,0.79,0.0644492,0.243923,0.691627,0.935551
0.07,0.8,0.0644283,0.243899,0.691673,0.935572
0.07,0.81,0.0644074,0.243875,0.691717,0.935593
0.07,0.82,0.0643865,0.243851,0.691762,0.935613
0.07,0.83,0.0643657,0.243827,0.691807,0.935634
0.07,0.84,0.064345,0.243803,0.691852,0.935655
0.07,0.85,0.0643243,0.24378,0.691896,0.935676
0.07,0.86,0.0643036,0.243756,0.69194,0.935696
0.07,0.87,0.064283,0.243732,0.691985,0.935717
0.07,0.88,0.0642625,0.243709,0.692029,0.935738
0.07,0.89,0.064242,0.243685,0.692073,0.935758
0.07,0.9,0.0642215,0.243662,0.692117,0.935778
0.07,0.91,0.0642011,0.243638,0.692161,0.935799
0.07,0.92,0.0641808,0.243615,0.692204,0.935819
0.07,0.93,0.0641605,0.243591,0.692248,0.93584
0.07,0.94,0.0641402,0.243568,0.692292,0.93586
0.07,0.95,0.06412,0.243545,0.692335,0.93588
0.07,0.96,0.0640998,0.243522,0.692378,0.9359
0.07,0.97,0.0640797,0.243499,0.692422,0.93592
0.07,0.98,0.0640597,0.243476,0.692465,0.93594
0.07,0.99,0.0640397,0.243453,0.692508,0.93596
0.07,1,0.0640197,0.24343,0.692551,0.93598
0.08,0,0.0686623,0.244831,0.686507,0.931338
0.08,0.01,0.0686371,0.244802,0.686561,0.931363
0.08,0.02,0.0686119,0.244772,0.686616,0.931388
0.08,0.03,0.0685868,0.244742,0.686671,0.931413
0.08,0.04,0.0685617,0.244713,0.686725,0.931438
0.08,0.05,0.0685366,0.244683,0.68678,0.931463
0.08,0.06,0.0685116,0.244654,0.686834,0.931488
0.08,0.07,0.0684866,0.244625,0.686889,0.931513
0.08,0.08,0.0684617,0.244596,0.686943,0.931538
0.08,0.09,0.0684367,0.244567,0.686997,0.931563
0.08,0.1,0.0684119,0.244537,0.687051,0.931588
0.08,0.11,0.068387,0.244508,0.687105,0.931613
0.08,0.12,0.0683622,0.24448,0.687158,0.931638
0.08,0.13,0.0683374,0.244451,0.687212,0.931663
0.08,0.14,0.0683127,0.244422,0.687265,0.931687
0.08,0.15,0.068288,0.244393,0.687319,0.931712
0.08,0.16,0.0682633,0.244365,0.687372,0.931737
0.08,0.17,0.0682387,0.244336,0.687425,0.931761
0.08,0.18,0.0682141,0.244308,0.687478,0.931786
0.08,0.19,0.0681896,0.244279,0.687531,0.93181
0.08,0.2,0.068165,0.244251,0.687584,0.931835
0.08,0.21,0.0681406,0.244223,0.687637,0.931859
0.08,0.22,0.0681161,0.244194,0.687689,0.931884
0.08,0.23,0.0680918,0.244166,0.687742,0.931908
0.08,0.24,0.0680674,0.244138,0.687794,0.931933
0.08,0.25,0.0680431,0.24411,0.687847,0.931957
0.08,0.26,0.0680188,0.244082,0.687899,0.931981
0.08,0.27,0.0679946,0.244054,0.687951,0.932005
0.08,0.28,0.0679704,0.244027,0.688003,0.93203
0.08,0.29,0.0679463,0.243999,0.688055,0.932054
0.08,0.3,0.0679222,0.243971,0.688107,0.932078
0.08,0.31,0.0678981,0.243944,0.688158,0.932102
0.08,0.32,0.0678741,0.243916,0.68821,0.932126
0.08,0.33,0.0678501,0.243889,0.688261,0.93215
0.08,0.34,0.0678262,0.243861,0.688312,0.932174
0.08,0.35,0.0678023,0.243834,0.688364,0.932198
0.08,0.36,0.0677785,0.243807,0.688415,0.932222
0.08,0.37,0.0677547,0.24378,0.688466,0.932245
0.08,0.38,0.0677309,0.243753,0.688517,0.932269
0.08,0.39,0.0677072,0.243725,0.688567,0.932293
0.08,0.4,0.0676835,0.243699,0.688618,0.932316
0.08,0.41,0.0676599,0.243672,0.688668,0.93234
