e1,e2,V,Rs,Rv,P
0,0 ,0.00693328, 0.00235092,0.990716,0.993067
0,0.01 ,0.00743393, 0.00235091,0.990215,0.992566
0,0.02 ,0.00796644, 0.00235089,0.989683,0.992034
0,0.03 ,0.00853266, 0.00235088,0.989116,0.991467
0,0.04 ,0.00913451, 0.00235086,0.988515,0.990865
0,0.05 ,0.00977406, 0.00235084,0.987875,0.990226
0,0.06 ,0.0104535, 0.00235083,0.987196,0.989547
0,0.07 ,0.0111751, 0.00235081,0.986474,0.988825
0,0.08 ,0.0119412, 0.0023508,0.985708,0.988059
0,0.09 ,0.0127546, 0.00235078,0.984895,0.987245
0,0.1 ,0.0136178, 0.00235077,0.984031,0.986382
0,0.11 ,0.0145337, 0.00235075,0.983116,0.985466
0,0.12 ,0.0155054, 0.00235073,0.982144,0.984495
0,0.13 ,0.0165361, 0.00235072,0.981113,0.983464
0,0.14 ,0.0176291, 0.0023507,0.98002,0.982371
0,0.15 ,0.0187882, 0.00235069,0.978861,0.981212
0,0.16 ,0.0200171, 0.00235067,0.977632,0.979983
0,0.17 ,0.0213199, 0.00235066,0.976329,0.97868
0,0.18 ,0.0227009, 0.00235064,0.974948,0.977299
0,0.19 ,0.0241647, 0.00235062,0.973485,0.975835
0,0.2 ,0.0257161, 0.00235061,0.971933,0.974284
0,0.21 ,0.0273603, 0.00235059,0.970289,0.97264
0,0.22 ,0.0291028, 0.00235058,0.968547,0.970897
0,0.23 ,0.0309493, 0.00235056,0.9667,0.969051
0,0.24 ,0.0329062, 0.00235055,0.964743,0.967094
0,0.25 ,0.03498, 0.00235053,0.962669,0.96502
0,0.26 ,0.0371778, 0.00235052,0.960472,0.962822
0,0.27 ,0.039507, 0.0023505,0.958142,0.960493
0,0.28 ,0.0419758, 0.00235049,0.955674,0.958024
0,0.29 ,0.0445926, 0.00235047,0.953057,0.955407
0,0.3 ,0.0473667, 0.00235046,0.950283,0.952633
0,0.31 ,0.0503077, 0.00235044,0.947342,0.949692
0,0.32 ,0.0534262, 0.00235043,0.944223,0.946574
0,0.33 ,0.0567334, 0.00235041,0.940916,0.943267
0,0.34 ,0.0602413, 0.0023504,0.937408,0.939759
0,0.35 ,0.0639628, 0.00235038,0.933687,0.936037
0,0.36 ,0.0679118, 0.00235037,0.929738,0.932088
0,0.37 ,0.0721031, 0.00235035,0.925547,0.927897
0,0.38 ,0.0765527, 0.00235034,0.921097,0.923447
0,0.39 ,0.0812778, 0.00235032,0.916372,0.918722
0,0.4 ,0.0862971, 0.00235031,0.911353,0.913703
0,0.41 ,0.0916306, 0.00235029,0.906019,0.908369
0,0.42 ,0.0972999, 0.00235028,0.90035,0.9027
0,0.43 ,0.103328, 0.00235026,0.894321,0.896672
0,0.44 ,0.109742, 0.00235025,0.887908,0.890258
0,0.45 ,0.116567, 0.00235023,0.881083,0.883433
0,0.46 ,0.123834, 0.00235022,0.873816,0.876166
0,0.47 ,0.131575, 0.0023502,0.866075,0.868425
0,0.48 ,0.139826, 0.00235019,0.857824,0.860174
0,0.49 ,0.148625, 0.00235017,0.849025,0.851375
0,0.5 ,0.158014, 0.00235016,0.839636,0.841986
0,0.51 ,0.168038, 0.00235015,0.829612,0.831962
0,0.52 ,0.178748, 0.00235013,0.818902,0.821252
0,0.53 ,0.190199, 0.00235012,0.80745,0.809801
0,0.54 ,0.202452, 0.0023501,0.795198,0.797548
0,0.55 ,0.215571, 0.00235009,0.782079,0.784429
0,0.56 ,0.229632, 0.00235007,0.768018,0.770368
0,0.57 ,0.244714, 0.00235006,0.752936,0.755286
0,0.58 ,0.260906, 0.00235004,0.736744,0.739094
0,0.59 ,0.278308, 0.00235003,0.719342,0.721692
0,0.6 ,0.29703, 0.00235002,0.70062,0.70297
0,0.61 ,0.317194, 0.00235,0.680456,0.682806
0,0.62 ,0.338935, 0.00234999,0.658715,0.661065
0,0.63 ,0.362406, 0.00234997,0.635244,0.637594
0,0.64 ,0.387777, 0.00234996,0.609873,0.612223
0,0.65 ,0.415239, 0.00234995,0.582411,0.584761
0,0.66 ,0.445003, 0.00234993,0.552647,0.554997
0,0.67 ,0.47731, 0.00234992,0.52034,0.52269
0,0.68 ,0.512425, 0.0023499,0.485226,0.487575
0,0.69 ,0.550644, 0.00234989,0.447006,0.449356
0,0.7 ,0.592291, 0.00234987,0.40536,0.407709
0,0.71 ,0.637706, 0.00234986,0.359944,0.362294
0,0.72 ,0.687222, 0.00234985,0.310428,0.312778
0,0.73 ,0.741071, 0.00234983,0.256579,0.258929
0,0.74 ,0.799122, 0.00234982,0.198529,0.200878
0,0.75 ,0.859931, 0.00234981,0.137719,0.140069
0,0.76 ,0.917352, 0.00234979,0.0802986,0.0826484
0,0.77 ,0.956556, 0.00234978,0.0410944,0.0434442
0,0.78 ,0.974072, 0.00234976,0.023578,0.0259277
0,0.79 ,0.981641, 0.00234975,0.0160091,0.0183589
0,0.8 ,0.985537, 0.00234974,0.0121135,0.0144632
0,0.81 ,0.987856, 0.00234972,0.00979389,0.0121436
0,0.82 ,0.989383, 0.00234971,0.00826773,0.0106174
0,0.83 ,0.990459, 0.0023497,0.00719135,0.00954105
0,0.84 ,0.991257, 0.00234968,0.00639294,0.00874262
0,0.85 ,0.991873, 0.00234967,0.00577778,0.00812745
0,0.86 ,0.992361, 0.00234965,0.00528957,0.00763923
0,0.87 ,0.992758, 0.00234964,0.00489285,0.00724249
0,0.88 ,0.993086, 0.00234963,0.00456419,0.00691382
0,0.89 ,0.993363, 0.00234961,0.00428752,0.00663713
0,0.9 ,0.993599, 0.0023496,0.00405142,0.00640103
0,0.91 ,0.993803, 0.00234959,0.00384762,0.0061972
0,0.92 ,0.993981, 0.00234957,0.00366991,0.00601948
0,0.93 ,0.994137, 0.00234956,0.00351359,0.00586315
0,0.94 ,0.994275, 0.00234955,0.00337503,0.00572458
0,0.95 ,0.994399, 0.00234953,0.00325138,0.00560091
0,0.96 ,0.99451, 0.00234952,0.00314034,0.00548986
0,0.97 ,0.99461, 0.00234951,0.00304009,0.00538959
0,0.98 ,0.994701, 0.00234949,0.00294912,0.00529862
0,0.99 ,0.994784, 0.00234948,0.00286621,0.00521569
0,1 ,0.99486, 0.00234947,0.00279034,0.0051398
0.01,0 ,0.0069329, 0.00235092,0.990716,0.993067
0.01,0.01 ,0.00743353, 0.00235091,0.990216,0.992566
0.01,0.02 ,0.00796602, 0.00235089,0.989683,0.992034
0.01,0.03 ,0.00853221, 0.00235088,0.989117,0.991468
0.01,0.04 ,0.00913404, 0.00235086,0.988515,0.990866
0.01,0.05 ,0.00977357, 0.00235084,0.987876,0.990226
0.01,0.06 ,0.010453, 0.00235083,0.987196,0.989547
0.01,0.07 ,0.0111745, 0.00235081,0.986475,0.988825
0.01,0.08 ,0.0119407, 0.0023508,0.985709,0.988059
0.01,0.09 ,0.012754, 0.00235078,0.984895,0.987246
0.01,0.1 ,0.0136171, 0.00235076,0.984032,0.986383
0.01,0.11 ,0.014533, 0.00235075,0.983116,0.985467
0.01,0.12 ,0.0155047, 0.00235073,0.982145,0.984495
0.01,0.13 ,0.0165353, 0.00235072,0.981114,0.983465
0.01,0.14 ,0.0176284, 0.0023507,0.980021,0.982372
0.01,0.15 ,0.0187874, 0.00235069,0.978862,0.981213
0.01,0.16 ,0.0200163, 0.00235067,0.977633,0.979984
0.01,0.17 ,0.0213191, 0.00235065,0.97633,0.978681
0.01,0.18 ,0.0227, 0.00235064,0.974949,0.9773
0.01,0.19 ,0.0241638, 0.00235062,0.973486,0.975836
0.01,0.2 ,0.0257151, 0.00235061,0.971934,0.974285
0.01,0.21 ,0.0273593, 0.00235059,0.97029,0.972641
0.01,0.22 ,0.0291017, 0.00235058,0.968548,0.970898
0.01,0.23 ,0.0309482, 0.00235056,0.966701,0.969052
0.01,0.24 ,0.032905, 0.00235055,0.964744,0.967095
0.01,0.25 ,0.0349787, 0.00235053,0.962671,0.965021
0.01,0.26 ,0.0371764, 0.00235052,0.960473,0.962824
0.01,0.27 ,0.0395056, 0.0023505,0.958144,0.960494
0.01,0.28 ,0.0419743, 0.00235049,0.955675,0.958026
0.01,0.29 ,0.0445911, 0.00235047,0.953058,0.955409
0.01,0.3 ,0.0473651, 0.00235046,0.950284,0.952635
0.01,0.31 ,0.0503061, 0.00235044,0.947344,0.949694
0.01,0.32 ,0.0534245, 0.00235042,0.944225,0.946575
0.01,0.33 ,0.0567316, 0.00235041,0.940918,0.943268
0.01,0.34 ,0.0602395, 0.00235039,0.93741,0.939761
0.01,0.35 ,0.0639609, 0.00235038,0.933689,0.936039
0.01,0.36 ,0.0679098, 0.00235036,0.92974,0.93209
0.01,0.37 ,0.0721009, 0.00235035,0.925549,0.927899
0.01,0.38 ,0.0765504, 0.00235034,0.921099,0.92345
0.01,0.39 ,0.0812755, 0.00235032,0.916374,0.918725
0.01,0.4 ,0.0862947, 0.00235031,0.911355,0.913705
0.01,0.41 ,0.0916281, 0.00235029,0.906022,0.908372
0.01,0.42 ,0.0972973, 0.00235028,0.900352,0.902703
0.01,0.43 ,0.103326, 0.00235026,0.894324,0.896674
0.01,0.44 ,0.109739, 0.00235025,0.887911,0.890261
0.01,0.45 ,0.116564, 0.00235023,0.881086,0.883436
0.01,0.46 ,0.123831, 0.00235022,0.873819,0.876169
0.01,0.47 ,0.131572, 0.0023502,0.866078,0.868428
0.01,0.48 ,0.139823, 0.00235019,0.857827,0.860177
0.01,0.49 ,0.148621, 0.00235017,0.849028,0.851379
0.01,0.5 ,0.15801, 0.00235016,0.83964,0.84199
0.01,0.51 ,0.168034, 0.00235014,0.829616,0.831966
0.01,0.52 ,0.178744, 0.00235013,0.818905,0.821256
0.01,0.53 ,0.190195, 0.00235012,0.807455,0.809805
0.01,0.54 ,0.202447, 0.0023501,0.795203,0.797553
0.01,0.55 ,0.215567, 0.00235009,0.782083,0.784433
0.01,0.56 ,0.229627, 0.00235007,0.768023,0.770373
0.01,0.57 ,0.244709, 0.00235006,0.752941,0.755291
0.01,0.58 ,0.260901, 0.00235004,0.736749,0.739099
0.01,0.59 ,0.278303, 0.00235003,0.719347,0.721697
0.01,0.6 ,0.297025, 0.00235001,0.700625,0.702975
0.01,0.61 ,0.317188, 0.00235,0.680462,0.682812
0.01,0.62 ,0.338929, 0.00234999,0.658721,0.661071
0.01,0.63 ,0.3624, 0.00234997,0.63525,0.6376
0.01,0.64 ,0.387771, 0.00234996,0.609879,0.612229
0.01,0.65 ,0.415232, 0.00234994,0.582418,0.584768
0.01,0.66 ,0.444996, 0.00234993,0.552654,0.555004
0.01,0.67 ,0.477302, 0.00234992,0.520348,0.522698
0.01,0.68 ,0.512417, 0.0023499,0.485233,0.487583
0.01,0.69 ,0.550636, 0.00234989,0.447014,0.449364
0.01,0.7 ,0.592282, 0.00234987,0.405368,0.407718
0.01,0.71 ,0.637698, 0.00234986,0.359952,0.362302
0.01,0.72 ,0.687213, 0.00234985,0.310437,0.312787
0.01,0.73 ,0.741062, 0.00234983,0.256588,0.258938
0.01,0.74 ,0.799113, 0.00234982,0.198537,0.200887
0.01,0.75 ,0.859924, 0.0023498,0.137726,0.140076
0.01,0.76 ,0.917349, 0.00234979,0.0803015,0.0826513
0.01,0.77 ,0.956561, 0.00234978,0.0410895,0.0434393
0.01,0.78 ,0.974082, 0.00234976,0.0235687,0.0259185
0.01,0.79 ,0.981652, 0.00234975,0.0159984,0.0183482
0.01,0.8 ,0.985548, 0.00234974,0.0121022,0.014452
0.01,0.81 ,0.987868, 0.00234972,0.00978235,0.0121321
0.01,0.82 ,0.989394, 0.00234971,0.00825606,0.0106058
0.01,0.83 ,0.990471, 0.00234969,0.00717961,0.00952931
0.01,0.84 ,0.991269, 0.00234968,0.00638116,0.00873084
0.01,0.85 ,0.991884, 0.00234967,0.00576597,0.00811563
0.01,0.86 ,0.992373, 0.00234965,0.00527774,0.00762739
0.01,0.87 ,0.992769, 0.00234964,0.00488101,0.00723065
0.01,0.88 ,0.993098, 0.00234963,0.00455234,0.00690197
0.01,0.89 ,0.993375, 0.00234961,0.00427566,0.00662527
0.01,0.9 ,0.993611, 0.0023496,0.00403956,0.00638916
0.01,0.91 ,0.993815, 0.00234959,0.00383574,0.00618533
0.01,0.92 ,0.993992, 0.00234957,0.00365803,0.0060076
0.01,0.93 ,0.994149, 0.00234956,0.00350171,0.00585127
0.01,0.94 ,0.994287, 0.00234955,0.00336315,0.0057127
0.01,0.95 ,0.994411, 0.00234953,0.00323949,0.00558902
0.01,0.96 ,0.994522, 0.00234952,0.00312845,0.00547797
0.01,0.97 ,0.994622, 0.00234951,0.0030282,0.0053777
0.01,0.98 ,0.994713, 0.00234949,0.00293723,0.00528672
0.01,0.99 ,0.994796, 0.00234948,0.00285432,0.0052038
0.01,1 ,0.994872, 0.00234947,0.00277844,0.00512791
0.02,0 ,0.00693252, 0.00235092,0.990717,0.993067
0.02,0.01 ,0.00743314, 0.00235091,0.990216,0.992567
0.02,0.02 ,0.00796561, 0.00235089,0.989684,0.992034
0.02,0.03 ,0.00853177, 0.00235087,0.989117,0.991468
0.02,0.04 ,0.00913358, 0.00235086,0.988516,0.990866
0.02,0.05 ,0.00977309, 0.00235084,0.987876,0.990227
0.02,0.06 ,0.0104525, 0.00235083,0.987197,0.989548
0.02,0.07 ,0.011174, 0.00235081,0.986475,0.988826
0.02,0.08 ,0.0119401, 0.00235079,0.985709,0.98806
0.02,0.09 ,0.0127534, 0.00235078,0.984896,0.987247
0.02,0.1 ,0.0136165, 0.00235076,0.984033,0.986384
0.02,0.11 ,0.0145324, 0.00235075,0.983117,0.985468
0.02,0.12 ,0.015504, 0.00235073,0.982145,0.984496
0.02,0.13 ,0.0165346, 0.00235072,0.981115,0.983465
0.02,0.14 ,0.0176276, 0.0023507,0.980022,0.982372
0.02,0.15 ,0.0187866, 0.00235068,0.978863,0.981213
0.02,0.16 ,0.0200155, 0.00235067,0.977634,0.979985
0.02,0.17 ,0.0213182, 0.00235065,0.976331,0.978682
0.02,0.18 ,0.0226991, 0.00235064,0.97495,0.977301
0.02,0.19 ,0.0241628, 0.00235062,0.973487,0.975837
0.02,0.2 ,0.0257141, 0.00235061,0.971935,0.974286
0.02,0.21 ,0.0273582, 0.00235059,0.970291,0.972642
0.02,0.22 ,0.0291006, 0.00235058,0.968549,0.970899
0.02,0.23 ,0.030947, 0.00235056,0.966702,0.969053
0.02,0.24 ,0.0329038, 0.00235055,0.964746,0.967096
0.02,0.25 ,0.0349775, 0.00235053,0.962672,0.965023
0.02,0.26 ,0.0371751, 0.00235051,0.960474,0.962825
0.02,0.27 ,0.0395043, 0.0023505,0.958145,0.960496
0.02,0.28 ,0.0419729, 0.00235048,0.955677,0.958027
0.02,0.29 ,0.0445896, 0.00235047,0.95306,0.95541
0.02,0.3 ,0.0473635, 0.00235045,0.950286,0.952636
0.02,0.31 ,0.0503044, 0.00235044,0.947345,0.949696
0.02,0.32 ,0.0534228, 0.00235042,0.944227,0.946577
0.02,0.33 ,0.0567299, 0.00235041,0.94092,0.94327
0.02,0.34 ,0.0602376, 0.00235039,0.937412,0.939762
0.02,0.35 ,0.063959, 0.00235038,0.933691,0.936041
0.02,0.36 ,0.0679077, 0.00235036,0.929742,0.932092
0.02,0.37 ,0.0720988, 0.00235035,0.925551,0.927901
0.02,0.38 ,0.0765482, 0.00235033,0.921101,0.923452
0.02,0.39 ,0.0812732, 0.00235032,0.916376,0.918727
0.02,0.4 ,0.0862923, 0.0023503,0.911357,0.913708
0.02,0.41 ,0.0916256, 0.00235029,0.906024,0.908374
0.02,0.42 ,0.0972947, 0.00235027,0.900355,0.902705
0.02,0.43 ,0.103323, 0.00235026,0.894327,0.896677
0.02,0.44 ,0.109736, 0.00235024,0.887914,0.890264
0.02,0.45 ,0.116561, 0.00235023,0.881089,0.883439
0.02,0.46 ,0.123828, 0.00235022,0.873822,0.876172
0.02,0.47 ,0.131569, 0.0023502,0.866081,0.868431
0.02,0.48 ,0.139819, 0.00235019,0.85783,0.860181
0.02,0.49 ,0.148618, 0.00235017,0.849032,0.851382
0.02,0.5 ,0.158006, 0.00235016,0.839643,0.841994
0.02,0.51 ,0.168031, 0.00235014,0.829619,0.831969
0.02,0.52 ,0.17874, 0.00235013,0.818909,0.82126
0.02,0.53 ,0.190191, 0.00235011,0.807459,0.809809
0.02,0.54 ,0.202443, 0.0023501,0.795207,0.797557
0.02,0.55 ,0.215562, 0.00235008,0.782088,0.784438
0.02,0.56 ,0.229622, 0.00235007,0.768028,0.770378
0.02,0.57 ,0.244704, 0.00235006,0.752946,0.755296
0.02,0.58 ,0.260896, 0.00235004,0.736754,0.739104
0.02,0.59 ,0.278298, 0.00235003,0.719352,0.721702
0.02,0.6 ,0.297019, 0.00235001,0.700631,0.702981
0.02,0.61 ,0.317182, 0.00235,0.680468,0.682818
0.02,0.62 ,0.338923, 0.00234998,0.658727,0.661077
0.02,0.63 ,0.362394, 0.00234997,0.635256,0.637606
0.02,0.64 ,0.387764, 0.00234996,0.609886,0.612236
0.02,0.65 ,0.415225, 0.00234994,0.582425,0.584775
0.02,0.66 ,0.444989, 0.00234993,0.552661,0.555011
0.02,0.67 ,0.477295, 0.00234991,0.520355,0.522705
0.02,0.68 ,0.512409, 0.0023499,0.485241,0.487591
0.02,0.69 ,0.550628, 0.00234989,0.447022,0.449372
0.02,0.7 ,0.592274, 0.00234987,0.405376,0.407726
0.02,0.71 ,0.637689, 0.00234986,0.359961,0.362311
0.02,0.72 ,0.687205, 0.00234984,0.310445,0.312795
0.02,0.73 ,0.741054, 0.00234983,0.256596,0.258946
0.02,0.74 ,0.799105, 0.00234982,0.198546,0.200895
0.02,0.75 ,0.859917, 0.0023498,0.137733,0.140083
0.02,0.76 ,0.917346, 0.00234979,0.0803044,0.0826542
0.02,0.77 ,0.956566, 0.00234978,0.0410847,0.0434345
0.02,0.78 ,0.974091, 0.00234976,0.0235596,0.0259093
0.02,0.79 ,0.981662, 0.00234975,0.0159878,0.0183375
0.02,0.8 ,0.985559, 0.00234973,0.012091,0.0144408
0.02,0.81 ,0.987879, 0.00234972,0.00977093,0.0121206
0.02,0.82 ,0.989406, 0.00234971,0.00824451,0.0105942
0.02,0.83 ,0.990482, 0.00234969,0.00716799,0.00951769
0.02,0.84 ,0.991281, 0.00234968,0.0063695,0.00871918
0.02,0.85 ,0.991896, 0.00234967,0.00575428,0.00810394
0.02,0.86 ,0.992384, 0.00234965,0.00526603,0.00761568
0.02,0.87 ,0.992781, 0.00234964,0.00486928,0.00721892
0.02,0.88 ,0.99311, 0.00234963,0.00454061,0.00689023
0.02,0.89 ,0.993386, 0.00234961,0.00426391,0.00661353
0.02,0.9 ,0.993623, 0.0023496,0.00402781,0.00637741
0.02,0.91 ,0.993826, 0.00234958,0.00382399,0.00617358
0.02,0.92 ,0.994004, 0.00234957,0.00364627,0.00599584
0.02,0.93 ,0.99416, 0.00234956,0.00348995,0.00583951
0.02,0.94 ,0.994299, 0.00234954,0.00335139,0.00570093
0.02,0.95 ,0.994423, 0.00234953,0.00322773,0.00557726
0.02,0.96 ,0.994534, 0.00234952,0.00311668,0.0054662
0.02,0.97 ,0.994634, 0.0023495,0.00301643,0.00536593
0.02,0.98 ,0.994725, 0.00234949,0.00292546,0.00527495
0.02,0.99 ,0.994808, 0.00234948,0.00284255,0.00519203
0.02,1 ,0.994884, 0.00234947,0.00276667,0.00511613
0.03,0 ,0.00693215, 0.00235092,0.990717,0.993068
0.03,0.01 ,0.00743274, 0.0023509,0.990216,0.992567
0.03,0.02 ,0.00796519, 0.00235089,0.989684,0.992035
0.03,0.03 ,0.00853134, 0.00235087,0.989118,0.991469
0.03,0.04 ,0.00913312, 0.00235086,0.988516,0.990867
0.03,0.05 ,0.0097726, 0.00235084,0.987877,0.990227
0.03,0.06 ,0.0104519, 0.00235082,0.987197,0.989548
0.03,0.07 ,0.0111735, 0.00235081,0.986476,0.988827
0.03,0.08 ,0.0119395, 0.00235079,0.98571,0.98806
0.03,0.09 ,0.0127528, 0.00235078,0.984896,0.987247
0.03,0.1 ,0.0136159, 0.00235076,0.984033,0.986384
0.03,0.11 ,0.0145317, 0.00235075,0.983118,0.985468
0.03,0.12 ,0.0155033, 0.00235073,0.982146,0.984497
0.03,0.13 ,0.0165339, 0.00235071,0.981115,0.983466
0.03,0.14 ,0.0176269, 0.0023507,0.980022,0.982373
0.03,0.15 ,0.0187858, 0.00235068,0.978863,0.981214
0.03,0.16 ,0.0200146, 0.00235067,0.977635,0.979985
0.03,0.17 ,0.0213173, 0.00235065,0.976332,0.978683
0.03,0.18 ,0.0226982, 0.00235064,0.974951,0.977302
0.03,0.19 ,0.0241618, 0.00235062,0.973488,0.975838
0.03,0.2 ,0.0257131, 0.00235061,0.971936,0.974287
0.03,0.21 ,0.0273572, 0.00235059,0.970292,0.972643
0.03,0.22 ,0.0290995, 0.00235057,0.96855,0.970901
0.03,0.23 ,0.0309459, 0.00235056,0.966704,0.969054
0.03,0.24 ,0.0329026, 0.00235054,0.964747,0.967097
0.03,0.25 ,0.0349762, 0.00235053,0.962673,0.965024
0.03,0.26 ,0.0371738, 0.00235051,0.960476,0.962826
0.03,0.27 ,0.0395029, 0.0023505,0.958147,0.960497
0.03,0.28 ,0.0419715, 0.00235048,0.955678,0.958029
0.03,0.29 ,0.0445881, 0.00235047,0.953061,0.955412
0.03,0.3 ,0.047362, 0.00235045,0.950288,0.952638
0.03,0.31 ,0.0503028, 0.00235044,0.947347,0.949697
0.03,0.32 ,0.0534211, 0.00235042,0.944228,0.946579
0.03,0.33 ,0.0567281, 0.00235041,0.940922,0.943272
0.03,0.34 ,0.0602358, 0.00235039,0.937414,0.939764
0.03,0.35 ,0.063957, 0.00235038,0.933693,0.936043
0.03,0.36 ,0.0679057, 0.00235036,0.929744,0.932094
0.03,0.37 ,0.0720967, 0.00235035,0.925553,0.927903
0.03,0.38 ,0.076546, 0.00235033,0.921104,0.923454
0.03,0.39 ,0.0812709, 0.00235032,0.916379,0.918729
0.03,0.4 ,0.0862899, 0.0023503,0.91136,0.91371
0.03,0.41 ,0.0916231, 0.00235029,0.906027,0.908377
0.03,0.42 ,0.0972921, 0.00235027,0.900358,0.902708
0.03,0.43 ,0.10332, 0.00235026,0.894329,0.89668
0.03,0.44 ,0.109733, 0.00235024,0.887917,0.890267
0.03,0.45 ,0.116558, 0.00235023,0.881092,0.883442
0.03,0.46 ,0.123825, 0.00235021,0.873825,0.876175
0.03,0.47 ,0.131566, 0.0023502,0.866084,0.868434
0.03,0.48 ,0.139816, 0.00235018,0.857834,0.860184
0.03,0.49 ,0.148615, 0.00235017,0.849035,0.851385
0.03,0.5 ,0.158003, 0.00235016,0.839647,0.841997
0.03,0.51 ,0.168027, 0.00235014,0.829623,0.831973
0.03,0.52 ,0.178737, 0.00235013,0.818913,0.821263
0.03,0.53 ,0.190187, 0.00235011,0.807463,0.809813
0.03,0.54 ,0.202439, 0.0023501,0.795211,0.797561
0.03,0.55 ,0.215558, 0.00235008,0.782092,0.784442
0.03,0.56 ,0.229618, 0.00235007,0.768032,0.770382
0.03,0.57 ,0.244699, 0.00235005,0.752951,0.755301
0.03,0.58 ,0.260891, 0.00235004,0.736759,0.739109
0.03,0.59 ,0.278293, 0.00235003,0.719357,0.721707
0.03,0.6 ,0.297014, 0.00235001,0.700636,0.702986
0.03,0.61 ,0.317177, 0.00235,0.680473,0.682823
0.03,0.62 ,0.338917, 0.00234998,0.658733,0.661083
0.03,0.63 ,0.362388, 0.00234997,0.635262,0.637612
0.03,0.64 ,0.387758, 0.00234996,0.609892,0.612242
0.03,0.65 ,0.415218, 0.00234994,0.582432,0.584782
0.03,0.66 ,0.444982, 0.00234993,0.552668,0.555018
0.03,0.67 ,0.477288, 0.00234991,0.520362,0.522712
0.03,0.68 ,0.512402, 0.0023499,0.485248,0.487598
0.03,0.69 ,0.55062, 0.00234988,0.44703,0.44938
0.03,0.7 ,0.592266, 0.00234987,0.405384,0.407734
0.03,0.71 ,0.637681, 0.00234986,0.359969,0.362319
0.03,0.72 ,0.687196, 0.00234984,0.310454,0.312804
0.03,0.73 ,0.741045, 0.00234983,0.256605,0.258955
0.03,0.74 ,0.799096, 0.00234982,0.198554,0.200904
0.03,0.75 ,0.85991, 0.0023498,0.13774,0.14009
0.03,0.76 ,0.917343, 0.00234979,0.0803073,0.0826571
0.03,0.77 ,0.95657, 0.00234977,0.04108,0.0434297
0.03,0.78 ,0.9741, 0.00234976,0.0235505,0.0259003
0.03,0.79 ,0.981673, 0.00234975,0.0159773,0.018327
0.03,0.8 ,0.98557, 0.00234973,0.01208,0.0144297
0.03,0.81 ,0.987891, 0.00234972,0.00975962,0.0121093
0.03,0.82 ,0.989417, 0.00234971,0.00823308,0.0105828
0.03,0.83 ,0.990494, 0.00234969,0.00715649,0.00950618
0.03,0.84 ,0.991292, 0.00234968,0.00635795,0.00870763
0.03,0.85 ,0.991908, 0.00234966,0.0057427,0.00809237
0.03,0.86 ,0.992396, 0.00234965,0.00525444,0.00760409
0.03,0.87 ,0.992793, 0.00234964,0.00485768,0.00720732
0.03,0.88 ,0.993121, 0.00234962,0.00452899,0.00687861
0.03,0.89 ,0.993398, 0.00234961,0.00425229,0.0066019
0.03,0.9 ,0.993634, 0.0023496,0.00401618,0.00636578
0.03,0.91 ,0.993838, 0.00234958,0.00381236,0.00616194
0.03,0.92 ,0.994016, 0.00234957,0.00363463,0.0059842
0.03,0.93 ,0.994172, 0.00234956,0.00347831,0.00582787
0.03,0.94 ,0.994311, 0.00234954,0.00333975,0.00568929
0.03,0.95 ,0.994434, 0.00234953,0.00321608,0.00556561
0.03,0.96 ,0.994545, 0.00234952,0.00310504,0.00545455
0.03,0.97 ,0.994646, 0.0023495,0.00300478,0.00535428
0.03,0.98 ,0.994737, 0.00234949,0.00291381,0.0052633
0.03,0.99 ,0.99482, 0.00234948,0.0028309,0.00518037
0.03,1 ,0.994896, 0.00234946,0.00275502,0.00510448
0.04,0 ,0.00693178, 0.00235092,0.990717,0.993068
0.04,0.01 ,0.00743235, 0.0023509,0.990217,0.992568
0.04,0.02 ,0.00796478, 0.00235089,0.989684,0.992035
0.04,0.03 ,0.0085309, 0.00235087,0.989118,0.991469
0.04,0.04 ,0.00913266, 0.00235086,0.988516,0.990867
0.04,0.05 ,0.00977212, 0.00235084,0.987877,0.990228
0.04,0.06 ,0.0104514, 0.00235082,0.987198,0.989549
0.04,0.07 ,0.0111729, 0.00235081,0.986476,0.988827
0.04,0.08 ,0.011939, 0.00235079,0.98571,0.988061
0.04,0.09 ,0.0127522, 0.00235078,0.984897,0.987248
0.04,0.1 ,0.0136153, 0.00235076,0.984034,0.986385
0.04,0.11 ,0.0145311, 0.00235074,0.983118,0.985469
0.04,0.12 ,0.0155026, 0.00235073,0.982147,0.984497
0.04,0.13 ,0.0165332, 0.00235071,0.981116,0.983467
0.04,0.14 ,0.0176261, 0.0023507,0.980023,0.982374
0.04,0.15 ,0.018785, 0.00235068,0.978864,0.981215
0.04,0.16 ,0.0200138, 0.00235067,0.977636,0.979986
0.04,0.17 ,0.0213165, 0.00235065,0.976333,0.978684
0.04,0.18 ,0.0226973, 0.00235063,0.974952,0.977303
0.04,0.19 ,0.0241609, 0.00235062,0.973488,0.975839
0.04,0.2 ,0.0257121, 0.0023506,0.971937,0.974288
0.04,0.21 ,0.0273561, 0.00235059,0.970293,0.972644
0.04,0.22 ,0.0290984, 0.00235057,0.968551,0.970902
0.04,0.23 ,0.0309447, 0.00235056,0.966705,0.969055
0.04,0.24 ,0.0329014, 0.00235054,0.964748,0.967099
0.04,0.25 ,0.034975, 0.00235053,0.962674,0.965025
0.04,0.26 ,0.0371725, 0.00235051,0.960477,0.962827
0.04,0.27 ,0.0395015, 0.0023505,0.958148,0.960498
0.04,0.28 ,0.0419701, 0.00235048,0.955679,0.95803
0.04,0.29 ,0.0445866, 0.00235047,0.953063,0.955413
0.04,0.3 ,0.0473604, 0.00235045,0.950289,0.95264
0.04,0.31 ,0.0503012, 0.00235044,0.947348,0.949699
0.04,0.32 ,0.0534194, 0.00235042,0.94423,0.946581
0.04,0.33 ,0.0567263, 0.00235041,0.940923,0.943274
0.04,0.34 ,0.0602339, 0.00235039,0.937416,0.939766
0.04,0.35 ,0.0639551, 0.00235038,0.933695,0.936045
0.04,0.36 ,0.0679037, 0.00235036,0.929746,0.932096
0.04,0.37 ,0.0720946, 0.00235035,0.925555,0.927905
0.04,0.38 ,0.0765439, 0.00235033,0.921106,0.923456
0.04,0.39 ,0.0812687, 0.00235032,0.916381,0.918731
0.04,0.4 ,0.0862876, 0.0023503,0.911362,0.913712
0.04,0.41 ,0.0916206, 0.00235029,0.906029,0.908379
0.04,0.42 ,0.0972895, 0.00235027,0.90036,0.90271
0.04,0.43 ,0.103318, 0.00235026,0.894332,0.896682
0.04,0.44 ,0.10973, 0.00235024,0.887919,0.89027
0.04,0.45 ,0.116555, 0.00235023,0.881095,0.883445
0.04,0.46 ,0.123822, 0.00235021,0.873828,0.876178
0.04,0.47 ,0.131562, 0.0023502,0.866087,0.868438
0.04,0.48 ,0.139813, 0.00235018,0.857837,0.860187
0.04,0.49 ,0.148611, 0.00235017,0.849039,0.851389
0.04,0.5 ,0.157999, 0.00235015,0.839651,0.842001
0.04,0.51 ,0.168023, 0.00235014,0.829627,0.831977
0.04,0.52 ,0.178733, 0.00235013,0.818917,0.821267
0.04,0.53 ,0.190183, 0.00235011,0.807467,0.809817
0.04,0.54 ,0.202435, 0.0023501,0.795215,0.797565
0.04,0.55 ,0.215554, 0.00235008,0.782096,0.784446
0.04,0.56 ,0.229613, 0.00235007,0.768037,0.770387
0.04,0.57 ,0.244694, 0.00235005,0.752956,0.755306
0.04,0.58 ,0.260886, 0.00235004,0.736764,0.739114
0.04,0.59 ,0.278287, 0.00235002,0.719363,0.721713
0.04,0.6 ,0.297008, 0.00235001,0.700642,0.702992
0.04,0.61 ,0.317171, 0.00235,0.680479,0.682829
0.04,0.62 ,0.338911, 0.00234998,0.658739,0.661089
0.04,0.63 ,0.362382, 0.00234997,0.635268,0.637618
0.04,0.64 ,0.387752, 0.00234995,0.609898,0.612248
0.04,0.65 ,0.415212, 0.00234994,0.582438,0.584788
0.04,0.66 ,0.444975, 0.00234993,0.552675,0.555025
0.04,0.67 ,0.477281, 0.00234991,0.520369,0.522719
0.04,0.68 ,0.512394, 0.0023499,0.485256,0.487606
0.04,0.69 ,0.550612, 0.00234988,0.447038,0.449388
0.04,0.7 ,0.592258, 0.00234987,0.405392,0.407742
0.04,0.71 ,0.637673, 0.00234986,0.359977,0.362327
0.04,0.72 ,0.687188, 0.00234984,0.310462,0.312812
0.04,0.73 ,0.741036, 0.00234983,0.256614,0.258964
0.04,0.74 ,0.799088, 0.00234981,0.198562,0.200912
0.04,0.75 ,0.859903, 0.0023498,0.137748,0.140097
0.04,0.76 ,0.91734, 0.00234979,0.0803101,0.0826599
0.04,0.77 ,0.956575, 0.00234977,0.0410752,0.043425
0.04,0.78 ,0.974109, 0.00234976,0.0235415,0.0258913
0.04,0.79 ,0.981683, 0.00234974,0.0159668,0.0183166
0.04,0.8 ,0.985581, 0.00234973,0.012069,0.0144187
0.04,0.81 ,0.987902, 0.00234972,0.00974843,0.0120981
0.04,0.82 ,0.989429, 0.0023497,0.00822177,0.0105715
0.04,0.83 ,0.990505, 0.00234969,0.00714511,0.0094948
0.04,0.84 ,0.991304, 0.00234968,0.00634652,0.0086962
0.04,0.85 ,0.991919, 0.00234966,0.00573125,0.00808091
0.04,0.86 ,0.992407, 0.00234965,0.00524296,0.00759261
0.04,0.87 ,0.992804, 0.00234964,0.00484619,0.00719583
0.04,0.88 ,0.993133, 0.00234962,0.00451749,0.00686711
0.04,0.89 ,0.99341, 0.00234961,0.00424078,0.00659039
0.04,0.9 ,0.993646, 0.0023496,0.00400467,0.00635426
0.04,0.91 ,0.99385, 0.00234958,0.00380084,0.00615042
0.04,0.92 ,0.994027, 0.00234957,0.00362311,0.00597268
0.04,0.93 ,0.994184, 0.00234956,0.00346679,0.00581634
0.04,0.94 ,0.994322, 0.00234954,0.00332822,0.00567776
0.04,0.95 ,0.994446, 0.00234953,0.00320455,0.00555408
0.04,0.96 ,0.994557, 0.00234952,0.00309351,0.00544302
0.04,0.97 ,0.994657, 0.0023495,0.00299325,0.00534275
0.04,0.98 ,0.994748, 0.00234949,0.00290228,0.00525176
0.04,0.99 ,0.994831, 0.00234948,0.00281936,0.00516884
0.04,1 ,0.994907, 0.00234946,0.00274348,0.00509294
0.05,0 ,0.00693141, 0.00235092,0.990718,0.993069
0.05,0.01 ,0.00743196, 0.0023509,0.990217,0.992568
0.05,0.02 ,0.00796437, 0.00235089,0.989685,0.992036
0.05,0.03 ,0.00853047, 0.00235087,0.989119,0.99147
0.05,0.04 ,0.00913221, 0.00235085,0.988517,0.990868
0.05,0.05 ,0.00977164, 0.00235084,0.987878,0.990228
0.05,0.06 ,0.0104509, 0.00235082,0.987198,0.989549
0.05,0.07 ,0.0111724, 0.00235081,0.986477,0.988828
0.05,0.08 ,0.0119384, 0.00235079,0.985711,0.988062
0.05,0.09 ,0.0127516, 0.00235077,0.984898,0.987248
0.05,0.1 ,0.0136146, 0.00235076,0.984035,0.986385
0.05,0.11 ,0.0145304, 0.00235074,0.983119,0.98547
0.05,0.12 ,0.0155019, 0.00235073,0.982147,0.984498
0.05,0.13 ,0.0165325, 0.00235071,0.981117,0.983468
0.05,0.14 ,0.0176254, 0.0023507,0.980024,0.982375
0.05,0.15 ,0.0187843, 0.00235068,0.978865,0.981216
0.05,0.16 ,0.020013, 0.00235066,0.977636,0.979987
0.05,0.17 ,0.0213156, 0.00235065,0.976334,0.978684
0.05,0.18 ,0.0226964, 0.00235063,0.974953,0.977304
0.05,0.19 ,0.02416, 0.00235062,0.973489,0.97584
0.05,0.2 ,0.0257111, 0.0023506,0.971938,0.974289
0.05,0.21 ,0.0273551, 0.00235059,0.970294,0.972645
0.05,0.22 ,0.0290973, 0.00235057,0.968552,0.970903
0.05,0.23 ,0.0309436, 0.00235056,0.966706,0.969056
0.05,0.24 ,0.0329002, 0.00235054,0.964749,0.9671
0.05,0.25 ,0.0349737, 0.00235053,0.962676,0.965026
0.05,0.26 ,0.0371712, 0.00235051,0.960478,0.962829
0.05,0.27 ,0.0395002, 0.0023505,0.958149,0.9605
0.05,0.28 ,0.0419687, 0.00235048,0.955681,0.958031
0.05,0.29 ,0.0445852, 0.00235046,0.953064,0.955415
0.05,0.3 ,0.0473589, 0.00235045,0.950291,0.952641
0.05,0.31 ,0.0502996, 0.00235043,0.94735,0.9497
0.05,0.32 ,0.0534178, 0.00235042,0.944232,0.946582
0.05,0.33 ,0.0567246, 0.0023504,0.940925,0.943275
0.05,0.34 ,0.0602321, 0.00235039,0.937417,0.939768
0.05,0.35 ,0.0639532, 0.00235037,0.933696,0.936047
0.05,0.36 ,0.0679018, 0.00235036,0.929748,0.932098
0.05,0.37 ,0.0720926, 0.00235034,0.925557,0.927907
0.05,0.38 ,0.0765417, 0.00235033,0.921108,0.923458
0.05,0.39 ,0.0812664, 0.00235031,0.916383,0.918734
0.05,0.4 ,0.0862852, 0.0023503,0.911364,0.913715
0.05,0.41 ,0.0916182, 0.00235029,0.906032,0.908382
0.05,0.42 ,0.097287, 0.00235027,0.900363,0.902713
0.05,0.43 ,0.103315, 0.00235026,0.894335,0.896685
0.05,0.44 ,0.109728, 0.00235024,0.887922,0.890272
0.05,0.45 ,0.116552, 0.00235023,0.881098,0.883448
0.05,0.46 ,0.123819, 0.00235021,0.873831,0.876181
0.05,0.47 ,0.131559, 0.0023502,0.86609,0.868441
0.05,0.48 ,0.13981, 0.00235018,0.85784,0.86019
0.05,0.49 ,0.148608, 0.00235017,0.849042,0.851392
0.05,0.5 ,0.157996, 0.00235015,0.839654,0.842004
0.05,0.51 ,0.168019, 0.00235014,0.82963,0.831981
0.05,0.52 ,0.178729, 0.00235012,0.818921,0.821271
0.05,0.53 ,0.190179, 0.00235011,0.807471,0.809821
0.05,0.54 ,0.20243, 0.0023501,0.79522,0.79757
0.05,0.55 ,0.215549, 0.00235008,0.782101,0.784451
0.05,0.56 ,0.229609, 0.00235007,0.768041,0.770391
0.05,0.57 ,0.24469, 0.00235005,0.75296,0.75531
0.05,0.58 ,0.260881, 0.00235004,0.736769,0.739119
0.05,0.59 ,0.278282, 0.00235002,0.719368,0.721718
0.05,0.6 ,0.297003, 0.00235001,0.700647,0.702997
0.05,0.61 ,0.317165, 0.00234999,0.680485,0.682835
0.05,0.62 ,0.338906, 0.00234998,0.658744,0.661094
0.05,0.63 ,0.362376, 0.00234997,0.635274,0.637624
0.05,0.64 ,0.387745, 0.00234995,0.609905,0.612255
0.05,0.65 ,0.415205, 0.00234994,0.582445,0.584795
0.05,0.66 ,0.444969, 0.00234992,0.552682,0.555031
0.05,0.67 ,0.477274, 0.00234991,0.520377,0.522726
0.05,0.68 ,0.512387, 0.0023499,0.485263,0.487613
0.05,0.69 ,0.550605, 0.00234988,0.447045,0.449395
0.05,0.7 ,0.59225, 0.00234987,0.4054,0.40775
0.05,0.71 ,0.637665, 0.00234985,0.359985,0.362335
0.05,0.72 ,0.687179, 0.00234984,0.310471,0.312821
0.05,0.73 ,0.741028, 0.00234983,0.256622,0.258972
0.05,0.74 ,0.79908, 0.00234981,0.198571,0.20092
0.05,0.75 ,0.859896, 0.0023498,0.137755,0.140104
0.05,0.76 ,0.917337, 0.00234978,0.0803129,0.0826627
0.05,0.77 ,0.95658, 0.00234977,0.0410706,0.0434204
0.05,0.78 ,0.974118, 0.00234976,0.0235326,0.0258824
0.05,0.79 ,0.981694, 0.00234974,0.0159565,0.0183063
0.05,0.8 ,0.985592, 0.00234973,0.0120582,0.0144079
0.05,0.81 ,0.987913, 0.00234972,0.00973735,0.0120871
0.05,0.82 ,0.98944, 0.0023497,0.00821056,0.0105603
0.05,0.83 ,0.990516, 0.00234969,0.00713383,0.00948352
0.05,0.84 ,0.991315, 0.00234968,0.00633521,0.00868489
0.05,0.85 ,0.99193, 0.00234966,0.00571991,0.00806957
0.05,0.86 ,0.992419, 0.00234965,0.0052316,0.00758125
0.05,0.87 ,0.992816, 0.00234963,0.00483482,0.00718445
0.05,0.88 ,0.993144, 0.00234962,0.00450611,0.00685573
0.05,0.89 ,0.993421, 0.00234961,0.00422939,0.006579
0.05,0.9 ,0.993657, 0.00234959,0.00399327,0.00634286
0.05,0.91 ,0.993861, 0.00234958,0.00378944,0.00613902
0.05,0.92 ,0.994039, 0.00234957,0.00361171,0.00596128
0.05,0.93 ,0.994195, 0.00234955,0.00345538,0.00580493
0.05,0.94 ,0.994334, 0.00234954,0.00331681,0.00566635
0.05,0.95 ,0.994457, 0.00234953,0.00319314,0.00554266
0.05,0.96 ,0.994568, 0.00234951,0.00308209,0.0054316
0.05,0.97 ,0.994669, 0.0023495,0.00298183,0.00533133
0.05,0.98 ,0.99476, 0.00234949,0.00289086,0.00524034
0.05,0.99 ,0.994843, 0.00234947,0.00280794,0.00515741
0.05,1 ,0.994918, 0.00234946,0.00273206,0.00508152
0.06,0 ,0.00693104, 0.00235092,0.990718,0.993069
0.06,0.01 ,0.00743158, 0.0023509,0.990218,0.992568
0.06,0.02 ,0.00796396, 0.00235088,0.989685,0.992036
0.06,0.03 ,0.00853004, 0.00235087,0.989119,0.99147
0.06,0.04 ,0.00913176, 0.00235085,0.988517,0.990868
0.06,0.05 ,0.00977117, 0.00235084,0.987878,0.990229
0.06,0.06 ,0.0104504, 0.00235082,0.987199,0.98955
0.06,0.07 ,0.0111719, 0.0023508,0.986477,0.988828
0.06,0.08 ,0.0119379, 0.00235079,0.985711,0.988062
0.06,0.09 ,0.012751, 0.00235077,0.984898,0.987249
0.06,0.1 ,0.013614, 0.00235076,0.984035,0.986386
0.06,0.11 ,0.0145298, 0.00235074,0.983119,0.98547
0.06,0.12 ,0.0155013, 0.00235073,0.982148,0.984499
0.06,0.13 ,0.0165318, 0.00235071,0.981118,0.983468
0.06,0.14 ,0.0176246, 0.00235069,0.980025,0.982375
0.06,0.15 ,0.0187835, 0.00235068,0.978866,0.981217
0.06,0.16 ,0.0200122, 0.00235066,0.977637,0.979988
0.06,0.17 ,0.0213148, 0.00235065,0.976335,0.978685
0.06,0.18 ,0.0226955, 0.00235063,0.974954,0.977304
0.06,0.19 ,0.024159, 0.00235062,0.97349,0.975841
0.06,0.2 ,0.0257102, 0.0023506,0.971939,0.97429
0.06,0.21 ,0.0273541, 0.00235059,0.970295,0.972646
0.06,0.22 ,0.0290962, 0.00235057,0.968553,0.970904
0.06,0.23 ,0.0309425, 0.00235056,0.966707,0.969057
0.06,0.24 ,0.0328991, 0.00235054,0.96475,0.967101
0.06,0.25 ,0.0349725, 0.00235052,0.962677,0.965027
0.06,0.26 ,0.03717, 0.00235051,0.96048,0.96283
0.06,0.27 ,0.0394989, 0.00235049,0.958151,0.960501
0.06,0.28 ,0.0419673, 0.00235048,0.955682,0.958033
0.06,0.29 ,0.0445837, 0.00235046,0.953066,0.955416
0.06,0.3 ,0.0473574, 0.00235045,0.950292,0.952643
0.06,0.31 ,0.050298, 0.00235043,0.947352,0.949702
0.06,0.32 ,0.0534161, 0.00235042,0.944233,0.946584
0.06,0.33 ,0.0567229, 0.0023504,0.940927,0.943277
0.06,0.34 ,0.0602303, 0.00235039,0.937419,0.93977
0.06,0.35 ,0.0639513, 0.00235037,0.933698,0.936049
0.06,0.36 ,0.0678998, 0.00235036,0.92975,0.9321
0.06,0.37 ,0.0720905, 0.00235034,0.925559,0.927909
0.06,0.38 ,0.0765396, 0.00235033,0.92111,0.92346
0.06,0.39 ,0.0812642, 0.00235031,0.916385,0.918736
0.06,0.4 ,0.0862829, 0.0023503,0.911367,0.913717
0.06,0.41 ,0.0916158, 0.00235028,0.906034,0.908384
0.06,0.42 ,0.0972844, 0.00235027,0.900365,0.902716
0.06,0.43 ,0.103312, 0.00235025,0.894337,0.896688
0.06,0.44 ,0.109725, 0.00235024,0.887925,0.890275
0.06,0.45 ,0.116549, 0.00235022,0.8811,0.883451
0.06,0.46 ,0.123816, 0.00235021,0.873834,0.876184
0.06,0.47 ,0.131556, 0.0023502,0.866094,0.868444
0.06,0.48 ,0.139806, 0.00235018,0.857843,0.860194
0.06,0.49 ,0.148604, 0.00235017,0.849045,0.851396
0.06,0.5 ,0.157992, 0.00235015,0.839658,0.842008
0.06,0.51 ,0.168016, 0.00235014,0.829634,0.831984
0.06,0.52 ,0.178725, 0.00235012,0.818925,0.821275
0.06,0.53 ,0.190175, 0.00235011,0.807475,0.809825
0.06,0.54 ,0.202426, 0.00235009,0.795224,0.797574
0.06,0.55 ,0.215545, 0.00235008,0.782105,0.784455
0.06,0.56 ,0.229604, 0.00235007,0.768046,0.770396
0.06,0.57 ,0.244685, 0.00235005,0.752965,0.755315
0.06,0.58 ,0.260876, 0.00235004,0.736774,0.739124
0.06,0.59 ,0.278277, 0.00235002,0.719373,0.721723
0.06,0.6 ,0.296998, 0.00235001,0.700652,0.703002
0.06,0.61 ,0.31716, 0.00234999,0.68049,0.68284
0.06,0.62 ,0.3389, 0.00234998,0.65875,0.6611
0.06,0.63 ,0.36237, 0.00234997,0.63528,0.63763
0.06,0.64 ,0.387739, 0.00234995,0.609911,0.612261
0.06,0.65 ,0.415199, 0.00234994,0.582451,0.584801
0.06,0.66 ,0.444962, 0.00234992,0.552688,0.555038
0.06,0.67 ,0.477267, 0.00234991,0.520384,0.522733
0.06,0.68 ,0.51238, 0.00234989,0.48527,0.48762
0.06,0.69 ,0.550597, 0.00234988,0.447053,0.449403
0.06,0.7 ,0.592242, 0.00234987,0.405408,0.407758
0.06,0.71 ,0.637657, 0.00234985,0.359994,0.362343
0.06,0.72 ,0.687171, 0.00234984,0.310479,0.312829
0.06,0.73 ,0.74102, 0.00234983,0.256631,0.25898
0.06,0.74 ,0.799071, 0.00234981,0.198579,0.200929
0.06,0.75 ,0.859889, 0.0023498,0.137762,0.140111
0.06,0.76 ,0.917334, 0.00234978,0.0803157,0.0826655
0.06,0.77 ,0.956584, 0.00234977,0.041066,0.0434158
0.06,0.78 ,0.974126, 0.00234976,0.0235238,0.0258736
0.06,0.79 ,0.981704, 0.00234974,0.0159463,0.0182961
0.06,0.8 ,0.985603, 0.00234973,0.0120474,0.0143972
0.06,0.81 ,0.987924, 0.00234971,0.00972637,0.0120761
0.06,0.82 ,0.989451, 0.0023497,0.00819947,0.0105492
0.06,0.83 ,0.990528, 0.00234969,0.00712267,0.00947236
0.06,0.84 ,0.991326, 0.00234967,0.00632401,0.00867368
0.06,0.85 ,0.991942, 0.00234966,0.00570868,0.00805834
0.06,0.86 ,0.99243, 0.00234965,0.00522035,0.00757
0.06,0.87 ,0.992827, 0.00234963,0.00482355,0.00717319
0.06,0.88 ,0.993156, 0.00234962,0.00449484,0.00684446
0.06,0.89 ,0.993432, 0.00234961,0.00421811,0.00656772
0.06,0.9 ,0.993668, 0.00234959,0.00398199,0.00633158
0.06,0.91 ,0.993872, 0.00234958,0.00377815,0.00612773
0.06,0.92 ,0.99405, 0.00234957,0.00360042,0.00594998
0.06,0.93 ,0.994206, 0.00234955,0.00344408,0.00579363
0.06,0.94 ,0.994345, 0.00234954,0.00330551,0.00565505
0.06,0.95 ,0.994469, 0.00234953,0.00318184,0.00553136
0.06,0.96 ,0.99458, 0.00234951,0.00307079,0.0054203
0.06,0.97 ,0.99468, 0.0023495,0.00297052,0.00532002
0.06,0.98 ,0.994771, 0.00234949,0.00287955,0.00522904
0.06,0.99 ,0.994854, 0.00234947,0.00279663,0.00514611
0.06,1 ,0.99493, 0.00234946,0.00272075,0.00507021
0.07,0 ,0.00693068, 0.00235092,0.990718,0.993069
0.07,0.01 ,0.00743119, 0.0023509,0.990218,0.992569
0.07,0.02 ,0.00796356, 0.00235088,0.989686,0.992036
0.07,0.03 ,0.00852962, 0.00235087,0.98912,0.99147
0.07,0.04 ,0.00913131, 0.00235085,0.988518,0.990869
0.07,0.05 ,0.0097707, 0.00235084,0.987878,0.990229
0.07,0.06 ,0.0104499, 0.00235082,0.987199,0.98955
0.07,0.07 ,0.0111713, 0.0023508,0.986478,0.988829
0.07,0.08 ,0.0119373, 0.00235079,0.985712,0.988063
0.07,0.09 ,0.0127505, 0.00235077,0.984899,0.98725
0.07,0.1 ,0.0136134, 0.00235076,0.984036,0.986387
0.07,0.11 ,0.0145291, 0.00235074,0.98312,0.985471
0.07,0.12 ,0.0155006, 0.00235072,0.982149,0.984499
0.07,0.13 ,0.0165311, 0.00235071,0.981118,0.983469
0.07,0.14 ,0.0176239, 0.00235069,0.980025,0.982376
0.07,0.15 ,0.0187827, 0.00235068,0.978867,0.981217
0.07,0.16 ,0.0200114, 0.00235066,0.977638,0.979989
0.07,0.17 ,0.0213139, 0.00235065,0.976335,0.978686
0.07,0.18 ,0.0226946, 0.00235063,0.974955,0.977305
0.07,0.19 ,0.0241581, 0.00235062,0.973491,0.975842
0.07,0.2 ,0.0257092, 0.0023506,0.97194,0.974291
0.07,0.21 ,0.0273531, 0.00235058,0.970296,0.972647
0.07,0.22 ,0.0290952, 0.00235057,0.968554,0.970905
0.07,0.23 ,0.0309414, 0.00235055,0.966708,0.969059
0.07,0.24 ,0.0328979, 0.00235054,0.964752,0.967102
0.07,0.25 ,0.0349713, 0.00235052,0.962678,0.965029
0.07,0.26 ,0.0371687, 0.00235051,0.960481,0.962831
0.07,0.27 ,0.0394975, 0.00235049,0.958152,0.960502
0.07,0.28 ,0.0419659, 0.00235048,0.955684,0.958034
0.07,0.29 ,0.0445823, 0.00235046,0.953067,0.955418
0.07,0.3 ,0.0473559, 0.00235045,0.950294,0.952644
0.07,0.31 ,0.0502964, 0.00235043,0.947353,0.949704
0.07,0.32 ,0.0534145, 0.00235042,0.944235,0.946586
0.07,0.33 ,0.0567212, 0.0023504,0.940928,0.943279
0.07,0.34 ,0.0602285, 0.00235039,0.937421,0.939771
0.07,0.35 ,0.0639495, 0.00235037,0.9337,0.936051
0.07,0.36 ,0.0678978, 0.00235036,0.929752,0.932102
0.07,0.37 ,0.0720885, 0.00235034,0.925561,0.927911
0.07,0.38 ,0.0765375, 0.00235033,0.921112,0.923463
0.07,0.39 ,0.081262, 0.00235031,0.916388,0.918738
0.07,0.4 ,0.0862806, 0.0023503,0.911369,0.913719
0.07,0.41 ,0.0916134, 0.00235028,0.906036,0.908387
0.07,0.42 ,0.097282, 0.00235027,0.900368,0.902718
0.07,0.43 ,0.10331, 0.00235025,0.89434,0.89669
0.07,0.44 ,0.109722, 0.00235024,0.887928,0.890278
0.07,0.45 ,0.116546, 0.00235022,0.881103,0.883454
0.07,0.46 ,0.123813, 0.00235021,0.873837,0.876187
0.07,0.47 ,0.131553, 0.00235019,0.866097,0.868447
0.07,0.48 ,0.139803, 0.00235018,0.857847,0.860197
0.07,0.49 ,0.148601, 0.00235016,0.849049,0.851399
0.07,0.5 ,0.157989, 0.00235015,0.839661,0.842011
0.07,0.51 ,0.168012, 0.00235014,0.829638,0.831988
0.07,0.52 ,0.178721, 0.00235012,0.818929,0.821279
0.07,0.53 ,0.190171, 0.00235011,0.807479,0.809829
0.07,0.54 ,0.202422, 0.00235009,0.795228,0.797578
0.07,0.55 ,0.215541, 0.00235008,0.782109,0.784459
0.07,0.56 ,0.2296, 0.00235006,0.76805,0.7704
0.07,0.57 ,0.24468, 0.00235005,0.75297,0.75532
0.07,0.58 ,0.260871, 0.00235004,0.736778,0.739129
0.07,0.59 ,0.278272, 0.00235002,0.719378,0.721728
0.07,0.6 ,0.296993, 0.00235001,0.700657,0.703007
0.07,0.61 ,0.317155, 0.00234999,0.680495,0.682845
0.07,0.62 ,0.338894, 0.00234998,0.658756,0.661106
0.07,0.63 ,0.362364, 0.00234996,0.635286,0.637636
0.07,0.64 ,0.387733, 0.00234995,0.609917,0.612267
0.07,0.65 ,0.415193, 0.00234994,0.582458,0.584807
0.07,0.66 ,0.444955, 0.00234992,0.552695,0.555045
0.07,0.67 ,0.47726, 0.00234991,0.52039,0.52274
0.07,0.68 ,0.512373, 0.00234989,0.485278,0.487627
0.07,0.69 ,0.55059, 0.00234988,0.44706,0.44941
0.07,0.7 ,0.592235, 0.00234987,0.405416,0.407765
