e1,e2,V,Rs,Rv,P
0,0,0.00703239,0.00639597,0.986572,0.992968
0,0.01,0.00753724,0.00637435,0.986088,0.992463
0,0.02,0.00807408,0.00635297,0.985573,0.991926
0,0.03,0.00864476,0.00633185,0.985023,0.991355
0,0.04,0.00925122,0.00631099,0.984438,0.990749
0,0.05,0.00989551,0.00629038,0.983814,0.990104
0,0.06,0.0105798,0.00627002,0.98315,0.98942
0,0.07,0.0113064,0.00624992,0.982444,0.988694
0,0.08,0.0120778,0.00623008,0.981692,0.987922
0,0.09,0.0128964,0.0062105,0.980893,0.987104
0,0.1,0.0137651,0.00619118,0.980044,0.986235
0,0.11,0.0146866,0.00617212,0.979141,0.985313
0,0.12,0.0156641,0.00615331,0.978183,0.984336
0,0.13,0.0167007,0.00613477,0.977165,0.983299
0,0.14,0.0177999,0.00611649,0.976084,0.9822
0,0.15,0.0189652,0.00609847,0.974936,0.981035
0,0.16,0.0202005,0.00608072,0.973719,0.979799
0,0.17,0.0215099,0.00606322,0.972427,0.97849
0,0.18,0.0228976,0.00604598,0.971056,0.977102
0,0.19,0.0243683,0.00602901,0.969603,0.975632
0,0.2,0.0259268,0.00601229,0.968061,0.974073
0,0.21,0.0275782,0.00599584,0.966426,0.972422
0,0.22,0.029328,0.00597964,0.964692,0.970672
0,0.23,0.0311821,0.00596371,0.962854,0.968818
0,0.24,0.0331467,0.00594803,0.960905,0.966853
0,0.25,0.0352284,0.0059326,0.958839,0.964772
0,0.26,0.0374341,0.00591743,0.956648,0.962566
0,0.27,0.0397716,0.00590252,0.954326,0.960228
0,0.28,0.0422486,0.00588785,0.951863,0.957751
0,0.29,0.0448739,0.00587344,0.949253,0.955126
0,0.3,0.0476566,0.00585928,0.946484,0.952343
0,0.31,0.0506063,0.00584536,0.943548,0.949394
0,0.32,0.0537337,0.00583169,0.940435,0.946266
0,0.33,0.0570498,0.00581825,0.937132,0.94295
0,0.34,0.0605667,0.00580506,0.933628,0.939433
0,0.35,0.0642973,0.00579211,0.929911,0.935703
0,0.36,0.0682554,0.00577939,0.925965,0.931745
0,0.37,0.0724558,0.00576691,0.921777,0.927544
0,0.38,0.0769146,0.00575465,0.917331,0.923085
0,0.39,0.0816489,0.00574262,0.912609,0.918351
0,0.4,0.0866772,0.00573081,0.907592,0.913323
0,0.41,0.0920196,0.00571922,0.902261,0.90798
0,0.42,0.0976977,0.00570785,0.896594,0.902302
0,0.43,0.103735,0.00569669,0.890569,0.896265
0,0.44,0.110156,0.00568574,0.884158,0.889844
0,0.45,0.116989,0.005675,0.877336,0.883011
0,0.46,0.124264,0.00566446,0.870072,0.875736
0,0.47,0.132012,0.00565412,0.862334,0.867988
0,0.48,0.140269,0.00564398,0.854087,0.859731
0,0.49,0.149073,0.00563402,0.845293,0.850927
0,0.5,0.158466,0.00562425,0.83591,0.841534
0,0.51,0.168493,0.00561467,0.825892,0.831507
0,0.52,0.179204,0.00560527,0.81519,0.820796
0,0.53,0.190655,0.00559604,0.803749,0.809345
0,0.54,0.202904,0.00558698,0.791509,0.797096
0,0.55,0.216018,0.00557809,0.778404,0.783982
0,0.56,0.23007,0.00556937,0.764361,0.76993
0,0.57,0.245139,0.00556081,0.7493,0.754861
0,0.58,0.261314,0.0055524,0.733134,0.738686
0,0.59,0.278692,0.00554414,0.715764,0.721308
0,0.6,0.297383,0.00553604,0.697081,0.702617
0,0.61,0.317507,0.00552808,0.676965,0.682493
0,0.62,0.339197,0.00552026,0.655283,0.660803
0,0.63,0.362602,0.00551258,0.631885,0.637398
0,0.64,0.38789,0.00550504,0.606605,0.61211
0,0.65,0.415244,0.00549762,0.579259,0.584756
0,0.66,0.444871,0.00549034,0.549639,0.555129
0,0.67,0.476998,0.00548318,0.517519,0.523002
0,0.68,0.511878,0.00547614,0.482646,0.488122
0,0.69,0.549784,0.00546923,0.444747,0.450216
0,0.7,0.591002,0.00546243,0.403535,0.408998
0,0.71,0.635817,0.00545574,0.358727,0.364183
0,0.72,0.684457,0.00544916,0.310094,0.315543
0,0.73,0.736967,0.00544269,0.25759,0.263033
0,0.74,0.792858,0.00543632,0.201706,0.207142
0,0.75,0.850082,0.00543006,0.144488,0.149918
0,0.76,0.902594,0.0054239,0.0919818,0.0974057
0,0.77,0.940142,0.00541783,0.0544397,0.0598575
0,0.78,0.960433,0.00541186,0.0341548,0.0395667
0,0.79,0.970759,0.00540598,0.0238351,0.0292411
0,0.8,0.976526,0.0054002,0.0180736,0.0234738
0,0.81,0.980102,0.0053945,0.014503,0.0198975
0,0.82,0.982509,0.00538889,0.0121022,0.0174911
0,0.83,0.98423,0.00538336,0.010387,0.0157703
0,0.84,0.985518,0.00537792,0.00910431,0.0144822
0,0.85,0.986517,0.00537255,0.00811071,0.0134833
0,0.86,0.987313,0.00536727,0.00731931,0.0126866
0,0.87,0.987963,0.00536206,0.00667462,0.0120367
0,0.88,0.988503,0.00535693,0.00613965,0.0114966
0,0.89,0.988959,0.00535187,0.00568882,0.0110407
0,0.9,0.989349,0.00534688,0.00530387,0.0106507
0,0.91,0.989687,0.00534196,0.00497147,0.0103134
0,0.92,0.989981,0.00533711,0.00468163,0.0100187
0,0.93,0.990241,0.00533233,0.00442674,0.00975908
0,0.94,0.990471,0.00532762,0.00420091,0.00952852
0,0.95,0.990678,0.00532296,0.00399947,0.00932243
0,0.96,0.990863,0.00531838,0.00381871,0.00913709
0,0.97,0.991031,0.00531385,0.00365565,0.0089695
0,0.98,0.991183,0.00530938,0.00350783,0.00881721
0,0.99,0.991322,0.00530497,0.00337323,0.00867821
0,1,0.991449,0.00530062,0.00325019,0.00855081
0.01,0,0.0070318,0.00639554,0.986573,0.992968
0.01,0.01,0.00753662,0.00637392,0.986089,0.992463
0.01,0.02,0.00807343,0.00635255,0.985574,0.991927
0.01,0.03,0.00864407,0.00633143,0.985024,0.991356
0.01,0.04,0.00925049,0.00631056,0.984439,0.99075
0.01,0.05,0.00989475,0.00628995,0.983815,0.990105
0.01,0.06,0.010579,0.00626959,0.983151,0.989421
0.01,0.07,0.0113056,0.00624949,0.982445,0.988694
0.01,0.08,0.0120769,0.00622965,0.981693,0.987923
0.01,0.09,0.0128955,0.00621007,0.980894,0.987105
0.01,0.1,0.0137641,0.00619075,0.980045,0.986236
0.01,0.11,0.0146856,0.00617169,0.979143,0.985314
0.01,0.12,0.015663,0.00615288,0.978184,0.984337
0.01,0.13,0.0166996,0.00613434,0.977166,0.9833
0.01,0.14,0.0177987,0.00611606,0.976085,0.982201
0.01,0.15,0.0189639,0.00609804,0.974938,0.981036
0.01,0.16,0.0201992,0.00608028,0.973721,0.979801
0.01,0.17,0.0215085,0.00606279,0.972429,0.978491
0.01,0.18,0.0228962,0.00604555,0.971058,0.977104
0.01,0.19,0.0243668,0.00602857,0.969605,0.975633
0.01,0.2,0.0259252,0.00601186,0.968063,0.974075
0.01,0.21,0.0275765,0.0059954,0.966428,0.972423
0.01,0.22,0.0293263,0.00597921,0.964695,0.970674
0.01,0.23,0.0311803,0.00596327,0.962856,0.96882
0.01,0.24,0.0331448,0.00594759,0.960908,0.966855
0.01,0.25,0.0352264,0.00593217,0.958841,0.964774
0.01,0.26,0.0374321,0.005917,0.956651,0.962568
0.01,0.27,0.0397694,0.00590208,0.954329,0.960231
0.01,0.28,0.0422464,0.00588742,0.951866,0.957754
0.01,0.29,0.0448716,0.005873,0.949255,0.955128
0.01,0.3,0.0476541,0.00585884,0.946487,0.952346
0.01,0.31,0.0506038,0.00584492,0.943551,0.949396
0.01,0.32,0.053731,0.00583125,0.940438,0.946269
0.01,0.33,0.057047,0.00581781,0.937135,0.942953
0.01,0.34,0.0605638,0.00580462,0.933632,0.939436
0.01,0.35,0.0642943,0.00579167,0.929914,0.935706
0.01,0.36,0.0682522,0.00577895,0.925969,0.931748
0.01,0.37,0.0724525,0.00576646,0.921781,0.927548
0.01,0.38,0.0769111,0.00575421,0.917335,0.923089
0.01,0.39,0.0816452,0.00574218,0.912613,0.918355
0.01,0.4,0.0866734,0.00573037,0.907596,0.913327
0.01,0.41,0.0920156,0.00571878,0.902266,0.907984
0.01,0.42,0.0976935,0.00570741,0.896599,0.902306
0.01,0.43,0.10373,0.00569625,0.890573,0.89627
0.01,0.44,0.110152,0.0056853,0.884163,0.889848
0.01,0.45,0.116984,0.00567456,0.877341,0.883016
0.01,0.46,0.124259,0.00566402,0.870077,0.875741
0.01,0.47,0.132007,0.00565368,0.86234,0.867993
0.01,0.48,0.140263,0.00564353,0.854093,0.859737
0.01,0.49,0.149067,0.00563358,0.845299,0.850933
0.01,0.5,0.15846,0.00562381,0.835916,0.84154
0.01,0.51,0.168487,0.00561423,0.825899,0.831513
0.01,0.52,0.179198,0.00560482,0.815197,0.820802
0.01,0.53,0.190648,0.00559559,0.803756,0.809352
0.01,0.54,0.202897,0.00558654,0.791516,0.797103
0.01,0.55,0.216011,0.00557765,0.778411,0.783989
0.01,0.56,0.230062,0.00556892,0.764369,0.769938
0.01,0.57,0.245131,0.00556036,0.749309,0.754869
0.01,0.58,0.261306,0.00555195,0.733143,0.738694
0.01,0.59,0.278684,0.0055437,0.715773,0.721316
0.01,0.6,0.297374,0.00553559,0.69709,0.702626
0.01,0.61,0.317497,0.00552763,0.676975,0.682503
0.01,0.62,0.339187,0.00551981,0.655293,0.660813
0.01,0.63,0.362592,0.00551213,0.631895,0.637408
0.01,0.64,0.387879,0.00550459,0.606616,0.612121
0.01,0.65,0.415233,0.00549718,0.57927,0.584767
0.01,0.66,0.444859,0.00548989,0.549651,0.555141
0.01,0.67,0.476987,0.00548273,0.517531,0.523013
0.01,0.68,0.511866,0.0054757,0.482658,0.488134
0.01,0.69,0.549771,0.00546878,0.44476,0.450229
0.01,0.7,0.590989,0.00546198,0.403549,0.409011
0.01,0.71,0.635804,0.00545529,0.358741,0.364196
0.01,0.72,0.684443,0.00544871,0.310108,0.315557
0.01,0.73,0.736954,0.00544224,0.257604,0.263046
0.01,0.74,0.792846,0.00543587,0.201718,0.207154
0.01,0.75,0.850072,0.00542961,0.144498,0.149928
0.01,0.76,0.902592,0.00542345,0.0919848,0.0974083
0.01,0.77,0.94015,0.00541738,0.0544329,0.0598502
0.01,0.78,0.960447,0.00541141,0.0341415,0.0395529
0.01,0.79,0.970776,0.00540554,0.0238189,0.0292245
0.01,0.8,0.976544,0.00539975,0.0180563,0.023456
0.01,0.81,0.980121,0.00539405,0.0144851,0.0198791
0.01,0.82,0.982528,0.00538844,0.0120839,0.0174724
0.01,0.83,0.984249,0.00538291,0.0103685,0.0157515
0.01,0.84,0.985537,0.00537747,0.00908576,0.0144632
0.01,0.85,0.986536,0.0053721,0.00809209,0.0134642
0.01,0.86,0.987333,0.00536682,0.00730064,0.0126675
0.01,0.87,0.987982,0.00536161,0.00665592,0.0120175
0.01,0.88,0.988523,0.00535648,0.00612092,0.0114774
0.01,0.89,0.988979,0.00535142,0.00567006,0.0110215
0.01,0.9,0.989368,0.00534643,0.0052851,0.0106315
0.01,0.91,0.989706,0.00534151,0.00495268,0.0102942
0.01,0.92,0.990001,0.00533666,0.00466283,0.0099995
0.01,0.93,0.99026,0.00533188,0.00440794,0.00973982
0.01,0.94,0.990491,0.00532717,0.0041821,0.00950926
0.01,0.95,0.990697,0.00532251,0.00398065,0.00930316
0.01,0.96,0.990882,0.00531793,0.00379989,0.00911781
0.01,0.97,0.99105,0.0053134,0.00363682,0.00895022
0.01,0.98,0.991202,0.00530893,0.00348899,0.00879793
0.01,0.99,0.991341,0.00530452,0.0033544,0.00865892
0.01,1,0.991468,0.00530017,0.00323135,0.00853152
0.02,0,0.00703122,0.00639512,0.986574,0.992969
0.02,0.01,0.00753601,0.0063735,0.98609,0.992464
0.02,0.02,0.00807279,0.00635212,0.985575,0.991927
0.02,0.03,0.00864339,0.006331,0.985026,0.991357
0.02,0.04,0.00924978,0.00631013,0.98444,0.99075
0.02,0.05,0.00989399,0.00628952,0.983816,0.990106
0.02,0.06,0.0105782,0.00626917,0.983153,0.989422
0.02,0.07,0.0113047,0.00624907,0.982446,0.988695
0.02,0.08,0.012076,0.00622923,0.981695,0.987924
0.02,0.09,0.0128946,0.00620964,0.980896,0.987105
0.02,0.1,0.0137631,0.00619032,0.980047,0.986237
0.02,0.11,0.0146846,0.00617126,0.979144,0.985315
0.02,0.12,0.0156619,0.00615245,0.978186,0.984338
0.02,0.13,0.0166984,0.00613391,0.977168,0.983302
0.02,0.14,0.0177975,0.00611563,0.976087,0.982203
0.02,0.15,0.0189627,0.00609761,0.97494,0.981037
0.02,0.16,0.0201979,0.00607985,0.973722,0.979802
0.02,0.17,0.0215072,0.00606235,0.97243,0.978493
0.02,0.18,0.0228948,0.00604512,0.97106,0.977105
0.02,0.19,0.0243653,0.00602814,0.969607,0.975635
0.02,0.2,0.0259236,0.00601142,0.968065,0.974076
0.02,0.21,0.0275749,0.00599497,0.96643,0.972425
0.02,0.22,0.0293246,0.00597877,0.964697,0.970675
0.02,0.23,0.0311785,0.00596283,0.962859,0.968821
0.02,0.24,0.0331429,0.00594715,0.96091,0.966857
0.02,0.25,0.0352244,0.00593173,0.958844,0.964776
0.02,0.26,0.03743,0.00591656,0.956653,0.96257
0.02,0.27,0.0397673,0.00590164,0.954331,0.960233
0.02,0.28,0.0422441,0.00588698,0.951869,0.957756
0.02,0.29,0.0448692,0.00587256,0.949258,0.955131
0.02,0.3,0.0476517,0.0058584,0.94649,0.952348
0.02,0.31,0.0506012,0.00584448,0.943554,0.949399
0.02,0.32,0.0537283,0.00583081,0.940441,0.946272
0.02,0.33,0.0570442,0.00581738,0.937138,0.942956
0.02,0.34,0.0605609,0.00580418,0.933635,0.939439
0.02,0.35,0.0642912,0.00579123,0.929918,0.935709
0.02,0.36,0.068249,0.00577851,0.925972,0.931751
0.02,0.37,0.0724492,0.00576602,0.921785,0.927551
0.02,0.38,0.0769076,0.00575377,0.917339,0.923092
0.02,0.39,0.0816416,0.00574173,0.912617,0.918358
0.02,0.4,0.0866696,0.00572993,0.9076,0.91333
0.02,0.41,0.0920117,0.00571834,0.90227,0.907988
0.02,0.42,0.0976894,0.00570697,0.896604,0.902311
0.02,0.43,0.103726,0.00569581,0.890578,0.896274
0.02,0.44,0.110147,0.00568486,0.884168,0.889853
0.02,0.45,0.11698,0.00567412,0.877346,0.88302
0.02,0.46,0.124254,0.00566358,0.870083,0.875746
0.02,0.47,0.132002,0.00565323,0.862345,0.867998
0.02,0.48,0.140258,0.00564309,0.854099,0.859742
0.02,0.49,0.149062,0.00563313,0.845305,0.850938
0.02,0.5,0.158454,0.00562336,0.835922,0.841546
0.02,0.51,0.168481,0.00561378,0.825905,0.831519
0.02,0.52,0.179192,0.00560438,0.815204,0.820808
0.02,0.53,0.190642,0.00559515,0.803763,0.809358
0.02,0.54,0.202891,0.00558609,0.791523,0.797109
0.02,0.55,0.216004,0.0055772,0.778419,0.783996
0.02,0.56,0.230055,0.00556848,0.764376,0.769945
0.02,0.57,0.245123,0.00555991,0.749317,0.754877
0.02,0.58,0.261298,0.00555151,0.733151,0.738702
0.02,0.59,0.278675,0.00554325,0.715781,0.721325
0.02,0.6,0.297366,0.00553515,0.697099,0.702634
0.02,0.61,0.317488,0.00552719,0.676984,0.682512
0.02,0.62,0.339178,0.00551937,0.655303,0.660822
0.02,0.63,0.362583,0.00551169,0.631906,0.637417
0.02,0.64,0.387869,0.00550414,0.606627,0.612131
0.02,0.65,0.415222,0.00549673,0.579281,0.584778
0.02,0.66,0.444848,0.00548945,0.549662,0.555152
0.02,0.67,0.476975,0.00548229,0.517543,0.523025
0.02,0.68,0.511854,0.00547525,0.482671,0.488146
0.02,0.69,0.549759,0.00546833,0.444773,0.450241
0.02,0.7,0.590976,0.00546153,0.403562,0.409024
0.02,0.71,0.63579,0.00545484,0.358755,0.36421
0.02,0.72,0.68443,0.00544826,0.310122,0.31557
0.02,0.73,0.736941,0.00544179,0.257617,0.263059
0.02,0.74,0.792834,0.00543543,0.201731,0.207166
0.02,0.75,0.850063,0.00542916,0.144508,0.149937
0.02,0.76,0.902589,0.005423,0.0919878,0.0974108
0.02,0.77,0.940157,0.00541694,0.0544261,0.0598431
0.02,0.78,0.960461,0.00541096,0.0341283,0.0395393
0.02,0.79,0.970792,0.00540509,0.023803,0.0292081
0.02,0.8,0.976562,0.0053993,0.0180391,0.0234384
0.02,0.81,0.980139,0.0053936,0.0144673,0.0198609
0.02,0.82,0.982546,0.00538799,0.0120659,0.0174539
0.02,0.83,0.984267,0.00538246,0.0103503,0.0157328
0.02,0.84,0.985556,0.00537702,0.00906741,0.0144444
0.02,0.85,0.986555,0.00537166,0.00807367,0.0134453
0.02,0.86,0.987351,0.00536637,0.00728216,0.0126485
0.02,0.87,0.988001,0.00536116,0.0066374,0.0119986
0.02,0.88,0.988542,0.00535603,0.00610238,0.0114584
0.02,0.89,0.988998,0.00535097,0.0056515,0.0110025
0.02,0.9,0.989388,0.00534598,0.00526652,0.0106125
0.02,0.91,0.989725,0.00534106,0.00493409,0.0102752
0.02,0.92,0.99002,0.00533621,0.00464423,0.00998044
0.02,0.93,0.990279,0.00533143,0.00438933,0.00972076
0.02,0.94,0.99051,0.00532672,0.00416348,0.00949019
0.02,0.95,0.990716,0.00532207,0.00396202,0.00928409
0.02,0.96,0.990901,0.00531748,0.00378126,0.00909873
0.02,0.97,0.991069,0.00531295,0.00361818,0.00893113
0.02,0.98,0.991221,0.00530848,0.00347035,0.00877883
0.02,0.99,0.99136,0.00530407,0.00333575,0.00863982
0.02,1,0.991488,0.00529972,0.0032127,0.00851242
0.03,0,0.00703064,0.0063947,0.986575,0.992969
0.03,0.01,0.0075354,0.00637307,0.986092,0.992465
0.03,0.02,0.00807214,0.0063517,0.985576,0.991928
0.03,0.03,0.00864272,0.00633058,0.985027,0.991357
0.03,0.04,0.00924906,0.00630971,0.984441,0.990751
0.03,0.05,0.00989324,0.0062891,0.983818,0.990107
0.03,0.06,0.0105774,0.00626874,0.983154,0.989423
0.03,0.07,0.0113039,0.00624864,0.982447,0.988696
0.03,0.08,0.0120751,0.0062288,0.981696,0.987925
0.03,0.09,0.0128936,0.00620921,0.980897,0.987106
0.03,0.1,0.0137621,0.00618989,0.980048,0.986238
0.03,0.11,0.0146835,0.00617083,0.979146,0.985316
0.03,0.12,0.0156609,0.00615202,0.978187,0.984339
0.03,0.13,0.0166973,0.00613348,0.977169,0.983303
0.03,0.14,0.0177963,0.0061152,0.976088,0.982204
0.03,0.15,0.0189615,0.00609718,0.974941,0.981039
0.03,0.16,0.0201966,0.00607942,0.973724,0.979803
0.03,0.17,0.0215058,0.00606192,0.972432,0.978494
0.03,0.18,0.0228934,0.00604468,0.971062,0.977107
0.03,0.19,0.0243638,0.00602771,0.969608,0.975636
0.03,0.2,0.0259221,0.00601099,0.968067,0.974078
0.03,0.21,0.0275733,0.00599454,0.966432,0.972427
0.03,0.22,0.0293229,0.00597834,0.964699,0.970677
0.03,0.23,0.0311767,0.0059624,0.962861,0.968823
0.03,0.24,0.0331411,0.00594672,0.960912,0.966859
0.03,0.25,0.0352225,0.00593129,0.958846,0.964778
0.03,0.26,0.037428,0.00591612,0.956656,0.962572
0.03,0.27,0.0397651,0.00590121,0.954334,0.960235
0.03,0.28,0.0422419,0.00588654,0.951872,0.957758
0.03,0.29,0.0448669,0.00587213,0.949261,0.955133
0.03,0.3,0.0476492,0.00585796,0.946493,0.952351
0.03,0.31,0.0505987,0.00584404,0.943557,0.949401
0.03,0.32,0.0537257,0.00583037,0.940444,0.946274
0.03,0.33,0.0570414,0.00581694,0.937142,0.942959
0.03,0.34,0.060558,0.00580374,0.933638,0.939442
0.03,0.35,0.0642882,0.00579079,0.929921,0.935712
0.03,0.36,0.0682459,0.00577807,0.925976,0.931754
0.03,0.37,0.0724459,0.00576558,0.921789,0.927554
0.03,0.38,0.0769042,0.00575332,0.917342,0.923096
0.03,0.39,0.081638,0.00574129,0.912621,0.918362
0.03,0.4,0.0866659,0.00572948,0.907605,0.913334
0.03,0.41,0.0920078,0.0057179,0.902274,0.907992
0.03,0.42,0.0976854,0.00570652,0.896608,0.902315
0.03,0.43,0.103722,0.00569536,0.890583,0.896278
0.03,0.44,0.110143,0.00568442,0.884173,0.889857
0.03,0.45,0.116975,0.00567367,0.877351,0.883025
0.03,0.46,0.124249,0.00566313,0.870088,0.875751
0.03,0.47,0.131997,0.00565279,0.862351,0.868003
0.03,0.48,0.140253,0.00564264,0.854104,0.859747
0.03,0.49,0.149056,0.00563269,0.845311,0.850944
0.03,0.5,0.158448,0.00562292,0.835929,0.841552
0.03,0.51,0.168475,0.00561334,0.825912,0.831525
0.03,0.52,0.179186,0.00560393,0.81521,0.820814
0.03,0.53,0.190635,0.0055947,0.80377,0.809365
0.03,0.54,0.202884,0.00558565,0.791531,0.797116
0.03,0.55,0.215997,0.00557676,0.778426,0.784003
0.03,0.56,0.230048,0.00556803,0.764384,0.769952
0.03,0.57,0.245116,0.00555947,0.749325,0.754884
0.03,0.58,0.26129,0.00555106,0.733159,0.73871
0.03,0.59,0.278667,0.00554281,0.71579,0.721333
0.03,0.6,0.297357,0.0055347,0.697108,0.702643
0.03,0.61,0.317479,0.00552674,0.676994,0.682521
0.03,0.62,0.339168,0.00551892,0.655313,0.660832
0.03,0.63,0.362573,0.00551124,0.631916,0.637427
0.03,0.64,0.387859,0.0055037,0.606637,0.612141
0.03,0.65,0.415212,0.00549628,0.579292,0.584788
0.03,0.66,0.444837,0.005489,0.549674,0.555163
0.03,0.67,0.476964,0.00548184,0.517555,0.523036
0.03,0.68,0.511842,0.0054748,0.482683,0.488158
0.03,0.69,0.549746,0.00546789,0.444786,0.450254
0.03,0.7,0.590964,0.00546108,0.403575,0.409036
0.03,0.71,0.635778,0.00545439,0.358768,0.364222
0.03,0.72,0.684417,0.00544782,0.310135,0.315583
0.03,0.73,0.736928,0.00544135,0.257631,0.263072
0.03,0.74,0.792821,0.00543498,0.201744,0.207179
0.03,0.75,0.850054,0.00542872,0.144518,0.149946
0.03,0.76,0.902587,0.00542255,0.0919908,0.0974134
0.03,0.77,0.940164,0.00541649,0.0544195,0.059836
0.03,0.78,0.960474,0.00541052,0.0341153,0.0395258
0.03,0.79,0.970808,0.00540464,0.0237872,0.0291918
0.03,0.8,0.976579,0.00539885,0.0180221,0.023421
0.03,0.81,0.980157,0.00539316,0.0144498,0.0198429
0.03,0.82,0.982564,0.00538754,0.012048,0.0174355
0.03,0.83,0.984286,0.00538202,0.0103322,0.0157143
0.03,0.84,0.985574,0.00537657,0.00904924,0.0144258
0.03,0.85,0.986573,0.00537121,0.00805542,0.0134266
0.03,0.86,0.98737,0.00536592,0.00726387,0.0126298
0.03,0.87,0.98802,0.00536071,0.00661907,0.0119798
0.03,0.88,0.98856,0.00535558,0.00608402,0.0114396
0.03,0.89,0.989016,0.00535052,0.00563312,0.0109836
0.03,0.9,0.989406,0.00534553,0.00524812,0.0105937
0.03,0.91,0.989744,0.00534061,0.00491568,0.0102563
0.03,0.92,0.990038,0.00533577,0.00462581,0.00996158
0.03,0.93,0.990298,0.00533098,0.0043709,0.00970189
0.03,0.94,0.990529,0.00532627,0.00414504,0.00947131
0.03,0.95,0.990735,0.00532162,0.00394358,0.0092652
0.03,0.96,0.99092,0.00531703,0.00376281,0.00907984
0.03,0.97,0.991088,0.0053125,0.00359973,0.00891223
0.03,0.98,0.99124,0.00530803,0.0034519,0.00875993
0.03,0.99,0.991379,0.00530363,0.00331729,0.00862092
0.03,1,0.991506,0.00529928,0.00319424,0.00849351
0.04,0,0.00703007,0.00639428,0.986576,0.99297
0.04,0.01,0.00753479,0.00637265,0.986093,0.992465
0.04,0.02,0.0080715,0.00635127,0.985577,0.991928
0.04,0.03,0.00864204,0.00633015,0.985028,0.991358
0.04,0.04,0.00924835,0.00630928,0.984442,0.990752
0.04,0.05,0.0098925,0.00628867,0.983819,0.990108
0.04,0.06,0.0105766,0.00626831,0.983155,0.989423
0.04,0.07,0.0113031,0.00624821,0.982449,0.988697
0.04,0.08,0.0120743,0.00622837,0.981697,0.987926
0.04,0.09,0.0128927,0.00620879,0.980898,0.987107
0.04,0.1,0.0137612,0.00618946,0.980049,0.986239
0.04,0.11,0.0146825,0.0061704,0.979147,0.985317
0.04,0.12,0.0156598,0.00615159,0.978189,0.98434
0.04,0.13,0.0166962,0.00613305,0.977171,0.983304
0.04,0.14,0.0177952,0.00611477,0.97609,0.982205
0.04,0.15,0.0189603,0.00609675,0.974943,0.98104
0.04,0.16,0.0201953,0.00607899,0.973726,0.979805
0.04,0.17,0.0215045,0.00606149,0.972434,0.978496
0.04,0.18,0.022892,0.00604425,0.971064,0.977108
0.04,0.19,0.0243624,0.00602727,0.96961,0.975638
0.04,0.2,0.0259205,0.00601056,0.968069,0.974079
0.04,0.21,0.0275717,0.0059941,0.966434,0.972428
0.04,0.22,0.0293212,0.0059779,0.964701,0.970679
0.04,0.23,0.031175,0.00596197,0.962863,0.968825
0.04,0.24,0.0331392,0.00594628,0.960914,0.966861
0.04,0.25,0.0352205,0.00593086,0.958849,0.964779
0.04,0.26,0.037426,0.00591569,0.956658,0.962574
0.04,0.27,0.039763,0.00590077,0.954336,0.960237
0.04,0.28,0.0422397,0.00588611,0.951874,0.95776
0.04,0.29,0.0448646,0.00587169,0.949264,0.955135
0.04,0.3,0.0476468,0.00585752,0.946496,0.952353
0.04,0.31,0.0505961,0.00584361,0.94356,0.949404
0.04,0.32,0.053723,0.00582993,0.940447,0.946277
0.04,0.33,0.0570387,0.0058165,0.937145,0.942961
0.04,0.34,0.0605551,0.00580331,0.933642,0.939445
0.04,0.35,0.0642852,0.00579035,0.929924,0.935715
0.04,0.36,0.0682427,0.00577763,0.92598,0.931757
0.04,0.37,0.0724426,0.00576514,0.921792,0.927557
0.04,0.38,0.0769008,0.00575289,0.917346,0.923099
0.04,0.39,0.0816345,0.00574085,0.912625,0.918366
0.04,0.4,0.0866622,0.00572904,0.907609,0.913338
0.04,0.41,0.0920039,0.00571745,0.902279,0.907996
0.04,0.42,0.0976813,0.00570608,0.896613,0.902319
0.04,0.43,0.103718,0.00569492,0.890587,0.896282
0.04,0.44,0.110138,0.00568397,0.884178,0.889862
0.04,0.45,0.116971,0.00567323,0.877356,0.883029
0.04,0.46,0.124244,0.00566269,0.870093,0.875756
0.04,0.47,0.131992,0.00565235,0.862356,0.868008
0.04,0.48,0.140248,0.0056422,0.85411,0.859752
0.04,0.49,0.149051,0.00563225,0.845317,0.850949
0.04,0.5,0.158443,0.00562248,0.835935,0.841557
0.04,0.51,0.168469,0.00561289,0.825918,0.831531
0.04,0.52,0.17918,0.00560349,0.815217,0.82082
0.04,0.53,0.190629,0.00559426,0.803777,0.809371
0.04,0.54,0.202877,0.0055852,0.791538,0.797123
0.04,0.55,0.21599,0.00557631,0.778434,0.78401
0.04,0.56,0.23004,0.00556759,0.764392,0.76996
0.04,0.57,0.245108,0.00555902,0.749333,0.754892
0.04,0.58,0.261282,0.00555062,0.733168,0.738718
0.04,0.59,0.278659,0.00554236,0.715799,0.721341
0.04,0.6,0.297348,0.00553426,0.697117,0.702652
0.04,0.61,0.31747,0.0055263,0.677003,0.68253
0.04,0.62,0.339159,0.00551848,0.655322,0.660841
0.04,0.63,0.362563,0.0055108,0.631926,0.637437
0.04,0.64,0.387849,0.00550325,0.606648,0.612151
0.04,0.65,0.415201,0.00549584,0.579303,0.584799
0.04,0.66,0.444826,0.00548855,0.549685,0.555174
0.04,0.67,0.476952,0.00548139,0.517566,0.523048
0.04,0.68,0.511831,0.00547436,0.482695,0.488169
0.04,0.69,0.549734,0.00546744,0.444798,0.450266
0.04,0.7,0.590951,0.00546064,0.403588,0.409049
0.04,0.71,0.635765,0.00545395,0.358781,0.364235
0.04,0.72,0.684404,0.00544737,0.310149,0.315596
0.04,0.73,0.736915,0.0054409,0.257644,0.263085
0.04,0.74,0.792809,0.00543453,0.201756,0.207191
0.04,0.75,0.850045,0.00542827,0.144527,0.149955
0.04,0.76,0.902584,0.00542211,0.0919938,0.0974159
0.04,0.77,0.940171,0.00541604,0.0544129,0.0598289
0.04,0.78,0.960488,0.00541007,0.0341024,0.0395125
0.04,0.79,0.970824,0.00540419,0.0237716,0.0291757
0.04,0.8,0.976596,0.00539841,0.0180053,0.0234037
0.04,0.81,0.980175,0.00539271,0.0144324,0.0198251
0.04,0.82,0.982583,0.0053871,0.0120303,0.0174174
0.04,0.83,0.984304,0.00538157,0.0103144,0.0156959
0.04,0.84,0.985593,0.00537612,0.00903126,0.0144074
0.04,0.85,0.986592,0.00537076,0.00803737,0.0134081
0.04,0.86,0.987389,0.00536547,0.00724576,0.0126112
0.04,0.87,0.988039,0.00536027,0.00660093,0.0119612
0.04,0.88,0.988579,0.00535513,0.00606585,0.011421
0.04,0.89,0.989035,0.00535007,0.00561493,0.010965
0.04,0.9,0.989425,0.00534508,0.00522992,0.010575
0.04,0.91,0.989762,0.00534017,0.00489746,0.0102376
0.04,0.92,0.990057,0.00533532,0.00460758,0.0099429
0.04,0.93,0.990317,0.00533054,0.00435266,0.0096832
0.04,0.94,0.990547,0.00532582,0.00412679,0.00945262
0.04,0.95,0.990754,0.00532117,0.00392533,0.0092465
0.04,0.96,0.990939,0.00531658,0.00374455,0.00906113
0.04,0.97,0.991106,0.00531205,0.00358147,0.00889352
0.04,0.98,0.991259,0.00530759,0.00343363,0.00874122
0.04,0.99,0.991398,0.00530318,0.00329902,0.0086022
0.04,1,0.991525,0.00529883,0.00317596,0.00847479
0.05,0,0.00702949,0.00639385,0.986577,0.992971
0.05,0.01,0.00753419,0.00637223,0.986094,0.992466
0.05,0.02,0.00807087,0.00635085,0.985578,0.991929
0.05,0.03,0.00864137,0.00632973,0.985029,0.991359
0.05,0.04,0.00924765,0.00630886,0.984443,0.990752
0.05,0.05,0.00989175,0.00628825,0.98382,0.990108
0.05,0.06,0.0105759,0.00626789,0.983156,0.989424
0.05,0.07,0.0113023,0.00624779,0.98245,0.988698
0.05,0.08,0.0120734,0.00622794,0.981699,0.987927
0.05,0.09,0.0128918,0.00620836,0.9809,0.987108
0.05,0.1,0.0137602,0.00618903,0.980051,0.98624
0.05,0.11,0.0146815,0.00616997,0.979148,0.985318
0.05,0.12,0.0156588,0.00615116,0.97819,0.984341
0.05,0.13,0.0166951,0.00613262,0.977172,0.983305
0.05,0.14,0.017794,0.00611434,0.976092,0.982206
0.05,0.15,0.018959,0.00609632,0.974945,0.981041
0.05,0.16,0.0201941,0.00607856,0.973727,0.979806
0.05,0.17,0.0215031,0.00606106,0.972436,0.978497
0.05,0.18,0.0228906,0.00604382,0.971066,0.977109
0.05,0.19,0.0243609,0.00602684,0.969612,0.975639
0.05,0.2,0.025919,0.00601013,0.968071,0.974081
0.05,0.21,0.02757,0.00599367,0.966436,0.97243
0.05,0.22,0.0293195,0.00597747,0.964703,0.97068
0.05,0.23,0.0311732,0.00596153,0.962865,0.968827
0.05,0.24,0.0331374,0.00594585,0.960917,0.966863
0.05,0.25,0.0352186,0.00593042,0.958851,0.964781
0.05,0.26,0.037424,0.00591525,0.956661,0.962576
0.05,0.27,0.0397609,0.00590033,0.954339,0.960239
0.05,0.28,0.0422375,0.00588567,0.951877,0.957762
0.05,0.29,0.0448623,0.00587125,0.949266,0.955138
0.05,0.3,0.0476444,0.00585709,0.946499,0.952356
0.05,0.31,0.0505936,0.00584317,0.943563,0.949406
0.05,0.32,0.0537204,0.00582949,0.94045,0.94628
0.05,0.33,0.057036,0.00581606,0.937148,0.942964
0.05,0.34,0.0605523,0.00580287,0.933645,0.939448
0.05,0.35,0.0642822,0.00578991,0.929928,0.935718
0.05,0.36,0.0682396,0.00577719,0.925983,0.93176
0.05,0.37,0.0724394,0.0057647,0.921796,0.927561
0.05,0.38,0.0768974,0.00575245,0.91735,0.923103
0.05,0.39,0.0816309,0.00574041,0.912629,0.918369
0.05,0.4,0.0866585,0.0057286,0.907613,0.913342
0.05,0.41,0.0920001,0.00571701,0.902283,0.908
0.05,0.42,0.0976773,0.00570564,0.896617,0.902323
0.05,0.43,0.103714,0.00569448,0.890592,0.896286
0.05,0.44,0.110134,0.00568353,0.884182,0.889866
0.05,0.45,0.116966,0.00567279,0.877361,0.883034
0.05,0.46,0.12424,0.00566225,0.870098,0.87576
0.05,0.47,0.131987,0.00565191,0.862361,0.868013
0.05,0.48,0.140243,0.00564176,0.854116,0.859757
0.05,0.49,0.149046,0.0056318,0.845323,0.850954
0.05,0.5,0.158437,0.00562204,0.835941,0.841563
0.05,0.51,0.168463,0.00561245,0.825924,0.831537
0.05,0.52,0.179173,0.00560305,0.815223,0.820827
0.05,0.53,0.190623,0.00559382,0.803784,0.809377
0.05,0.54,0.202871,0.00558476,0.791545,0.797129
0.05,0.55,0.215983,0.00557587,0.778441,0.784017
0.05,0.56,0.230033,0.00556715,0.7644,0.769967
0.05,0.57,0.245101,0.00555858,0.749341,0.754899
0.05,0.58,0.261274,0.00555017,0.733176,0.738726
0.05,0.59,0.278651,0.00554192,0.715807,0.721349
0.05,0.6,0.29734,0.00553381,0.697126,0.70266
0.05,0.61,0.317462,0.00552585,0.677012,0.682538
0.05,0.62,0.33915,0.00551803,0.655332,0.66085
0.05,0.63,0.362554,0.00551035,0.631936,0.637446
0.05,0.64,0.387839,0.00550281,0.606658,0.612161
0.05,0.65,0.415191,0.00549539,0.579314,0.584809
0.05,0.66,0.444816,0.00548811,0.549696,0.555184
0.05,0.67,0.476941,0.00548095,0.517578,0.523059
0.05,0.68,0.511819,0.00547391,0.482707,0.488181
0.05,0.69,0.549722,0.00546699,0.444811,0.450278
0.05,0.7,0.590939,0.00546019,0.403601,0.409061
0.05,0.71,0.635752,0.0054535,0.358795,0.364248
0.05,0.72,0.684391,0.00544692,0.310162,0.315609
0.05,0.73,0.736902,0.00544045,0.257657,0.263098
0.05,0.74,0.792798,0.00543409,0.201768,0.207202
0.05,0.75,0.850035,0.00542782,0.144537,0.149965
0.05,0.76,0.902582,0.00542166,0.0919968,0.0974184
0.05,0.77,0.940178,0.00541559,0.0544064,0.059822
0.05,0.78,0.960501,0.00540962,0.0340897,0.0394993
0.05,0.79,0.97084,0.00540375,0.0237561,0.0291598
0.05,0.8,0.976613,0.00539796,0.0179886,0.0233866
0.05,0.81,0.980193,0.00539226,0.0144151,0.0198074
0.05,0.82,0.982601,0.00538665,0.0120128,0.0173994
0.05,0.83,0.984322,0.00538112,0.0102967,0.0156778
0.05,0.84,0.985611,0.00537568,0.00901345,0.0143891
0.05,0.85,0.98661,0.00537031,0.00801949,0.0133898
0.05,0.86,0.987407,0.00536503,0.00722783,0.0125929
0.05,0.87,0.988057,0.00535982,0.00658296,0.0119428
0.05,0.88,0.988597,0.00535469,0.00604786,0.0114025
0.05,0.89,0.989053,0.00534963,0.00559692,0.0109465
0.05,0.9,0.989443,0.00534464,0.00521189,0.0105565
0.05,0.91,0.989781,0.00533972,0.00487942,0.0102191
0.05,0.92,0.990076,0.00533487,0.00458953,0.0099244
0.05,0.93,0.990335,0.00533009,0.0043346,0.00966469
0.05,0.94,0.990566,0.00532537,0.00410873,0.0094341
0.05,0.95,0.990772,0.00532072,0.00390726,0.00922798
0.05,0.96,0.990957,0.00531613,0.00372648,0.00904261
0.05,0.97,0.991125,0.00531161,0.00356339,0.00887499
0.05,0.98,0.991277,0.00530714,0.00341554,0.00872268
0.05,0.99,0.991416,0.00530273,0.00328093,0.00858366
0.05,1,0.991544,0.00529838,0.00315787,0.00845625
0.06,0,0.00702892,0.00639343,0.986578,0.992971
0.06,0.01,0.00753359,0.0063718,0.986095,0.992466
0.06,0.02,0.00807024,0.00635043,0.985579,0.99193
0.06,0.03,0.00864071,0.00632931,0.98503,0.991359
0.06,0.04,0.00924695,0.00630844,0.984445,0.990753
0.06,0.05,0.00989102,0.00628782,0.983821,0.990109
0.06,0.06,0.0105751,0.00626746,0.983157,0.989425
0.06,0.07,0.0113014,0.00624736,0.982451,0.988699
0.06,0.08,0.0120725,0.00622752,0.9817,0.987927
0.06,0.09,0.0128909,0.00620793,0.980901,0.987109
0.06,0.1,0.0137593,0.00618861,0.980052,0.986241
0.06,0.11,0.0146805,0.00616954,0.97915,0.985319
0.06,0.12,0.0156577,0.00615074,0.978192,0.984342
0.06,0.13,0.016694,0.00613219,0.977174,0.983306
0.06,0.14,0.0177928,0.00611391,0.976093,0.982207
0.06,0.15,0.0189578,0.00609589,0.974946,0.981042
0.06,0.16,0.0201928,0.00607813,0.973729,0.979807
0.06,0.17,0.0215018,0.00606063,0.972438,0.978498
0.06,0.18,0.0228892,0.00604339,0.971067,0.977111
0.06,0.19,0.0243594,0.00602641,0.969614,0.975641
0.06,0.2,0.0259175,0.00600969,0.968073,0.974083
0.06,0.21,0.0275685,0.00599324,0.966438,0.972432
0.06,0.22,0.0293178,0.00597704,0.964705,0.970682
0.06,0.23,0.0311715,0.0059611,0.962867,0.968829
0.06,0.24,0.0331356,0.00594542,0.960919,0.966864
0.06,0.25,0.0352167,0.00592999,0.958853,0.964783
0.06,0.26,0.037422,0.00591482,0.956663,0.962578
0.06,0.27,0.0397588,0.0058999,0.954341,0.960241
0.06,0.28,0.0422353,0.00588523,0.951879,0.957765
0.06,0.29,0.04486,0.00587082,0.949269,0.95514
0.06,0.3,0.047642,0.00585665,0.946501,0.952358
0.06,0.31,0.0505911,0.00584273,0.943566,0.949409
0.06,0.32,0.0537178,0.00582906,0.940453,0.946282
0.06,0.33,0.0570332,0.00581562,0.937151,0.942967
0.06,0.34,0.0605494,0.00580243,0.933648,0.939451
0.06,0.35,0.0642793,0.00578948,0.929931,0.935721
0.06,0.36,0.0682365,0.00577675,0.925987,0.931763
0.06,0.37,0.0724361,0.00576427,0.9218,0.927564
0.06,0.38,0.076894,0.00575201,0.917354,0.923106
0.06,0.39,0.0816274,0.00573997,0.912633,0.918373
0.06,0.4,0.0866548,0.00572816,0.907617,0.913345
0.06,0.41,0.0919963,0.00571658,0.902287,0.908004
0.06,0.42,0.0976733,0.0057052,0.896621,0.902327
0.06,0.43,0.103709,0.00569404,0.890597,0.896291
0.06,0.44,0.11013,0.00568309,0.884187,0.88987
0.06,0.45,0.116962,0.00567235,0.877366,0.883038
0.06,0.46,0.124235,0.00566181,0.870103,0.875765
0.06,0.47,0.131982,0.00565147,0.862367,0.868018
0.06,0.48,0.140237,0.00564132,0.854121,0.859763
0.06,0.49,0.14904,0.00563136,0.845328,0.85096
0.06,0.5,0.158432,0.00562159,0.835947,0.841568
0.06,0.51,0.168457,0.00561201,0.825931,0.831543
0.06,0.52,0.179167,0.0056026,0.81523,0.820833
0.06,0.53,0.190616,0.00559337,0.80379,0.809384
0.06,0.54,0.202864,0.00558432,0.791552,0.797136
0.06,0.55,0.215976,0.00557543,0.778448,0.784024
0.06,0.56,0.230026,0.0055667,0.764407,0.769974
0.06,0.57,0.245093,0.00555814,0.749349,0.754907
0.06,0.58,0.261266,0.00554973,0.733184,0.738734
0.06,0.59,0.278643,0.00554147,0.715816,0.721357
0.06,0.6,0.297332,0.00553337,0.697135,0.702668
0.06,0.61,0.317453,0.00552541,0.677022,0.682547
0.06,0.62,0.339141,0.00551759,0.655342,0.660859
0.06,0.63,0.362544,0.00550991,0.631946,0.637456
0.06,0.64,0.387829,0.00550236,0.606668,0.612171
0.06,0.65,0.415181,0.00549495,0.579324,0.584819
0.06,0.66,0.444805,0.00548767,0.549707,0.555195
0.06,0.67,0.47693,0.00548051,0.517589,0.52307
0.06,0.68,0.511807,0.00547347,0.482719,0.488193
0.06,0.69,0.54971,0.00546655,0.444823,0.45029
0.06,0.7,0.590927,0.00545975,0.403614,0.409073
0.06,0.71,0.635739,0.00545306,0.358808,0.364261
0.06,0.72,0.684378,0.00544648,0.310176,0.315622
0.06,0.73,0.73689,0.00544001,0.25767,0.26311
0.06,0.74,0.792786,0.00543364,0.201781,0.207214
0.06,0.75,0.850026,0.00542738,0.144546,0.149974
0.06,0.76,0.902579,0.00542122,0.0919997,0.0974209
0.06,0.77,0.940185,0.00541515,0.0544,0.0598151
0.06,0.78,0.960514,0.00540918,0.034077,0.0394862
0.06,0.79,0.970856,0.0054033,0.0237408,0.0291441
0.06,0.8,0.97663,0.00539751,0.0179722,0.0233697
0.06,0.81,0.98021,0.00539182,0.0143981,0.0197899
0.06,0.82,0.982618,0.0053862,0.0119954,0.0173816
0.06,0.83,0.98434,0.00538068,0.0102792,0.0156598
0.06,0.84,0.985629,0.00537523,0.00899582,0.0143711
0.06,0.85,0.986628,0.00536987,0.00800179,0.0133717
0.06,0.86,0.987425,0.00536458,0.00721008,0.0125747
0.06,0.87,0.988075,0.00535937,0.00656518,0.0119246
0.06,0.88,0.988616,0.00535424,0.00603005,0.0113843
0.06,0.89,0.989072,0.00534918,0.00557909,0.0109283
0.06,0.9,0.989462,0.00534419,0.00519404,0.0105382
0.06,0.91,0.989799,0.00533927,0.00486156,0.0102008
0.06,0.92,0.990094,0.00533442,0.00457166,0.00990609
0.06,0.93,0.990354,0.00532964,0.00431673,0.00964637
0.06,0.94,0.990584,0.00532493,0.00409084,0.00941577
0.06,0.95,0.99079,0.00532027,0.00388937,0.00920964
0.06,0.96,0.990976,0.00531569,0.00370858,0.00902426
0.06,0.97,0.991143,0.00531116,0.00354549,0.00885664
0.06,0.98,0.991296,0.00530669,0.00339764,0.00870433
0.06,0.99,0.991435,0.00530228,0.00326302,0.0085653
0.06,1,0.991562,0.00529793,0.00313996,0.00843789
0.07,0,0.00702836,0.00639301,0.986579,0.992972
0.07,0.01,0.00753299,0.00637138,0.986096,0.992467
0.07,0.02,0.00806961,0.00635001,0.98558,0.99193
0.07,0.03,0.00864004,0.00632888,0.985031,0.99136
0.07,0.04,0.00924625,0.00630801,0.984446,0.990754
0.07,0.05,0.00989028,0.0062874,0.983822,0.99011
0.07,0.06,0.0105743,0.00626704,0.983159,0.989426
0.07,0.07,0.0113006,0.00624694,0.982452,0.988699
0.07,0.08,0.0120717,0.00622709,0.981701,0.987928
0.07,0.09,0.01289,0.00620751,0.980902,0.98711
0.07,0.1,0.0137583,0.00618818,0.980053,0.986242
0.07,0.11,0.0146796,0.00616912,0.979151,0.98532
0.07,0.12,0.0156567,0.00615031,0.978193,0.984343
0.07,0.13,0.0166929,0.00613176,0.977175,0.983307
0.07,0.14,0.0177917,0.00611348,0.976095,0.982208
0.07,0.15,0.0189566,0.00609546,0.974948,0.981043
0.07,0.16,0.0201916,0.0060777,0.973731,0.979808
0.07,0.17,0.0215005,0.0060602,0.972439,0.978499
0.07,0.18,0.0228878,0.00604296,0.971069,0.977112
0.07,0.19,0.024358,0.00602598,0.969616,0.975642
0.07,0.2,0.025916,0.00600926,0.968075,0.974084
0.07,0.21,0.0275669,0.0059928,0.96644,0.972433
0.07,0.22,0.0293162,0.00597661,0.964707,0.970684
0.07,0.23,0.0311697,0.00596067,0.96287,0.96883
0.07,0.24,0.0331337,0.00594498,0.960921,0.966866
0.07,0.25,0.0352148,0.00592956,0.958856,0.964785
0.07,0.26,0.03742,0.00591438,0.956666,0.96258
0.07,0.27,0.0397568,0.00589947,0.954344,0.960243
0.07,0.28,0.0422332,0.0058848,0.951882,0.957767
0.07,0.29,0.0448578,0.00587038,0.949272,0.955142
0.07,0.3,0.0476397,0.00585622,0.946504,0.95236
0.07,0.31,0.0505887,0.0058423,0.943569,0.949411
0.07,0.32,0.0537152,0.00582862,0.940456,0.946285
0.07,0.33,0.0570306,0.00581519,0.937154,0.942969
0.07,0.34,0.0605466,0.00580199,0.933651,0.939453
0.07,0.35,0.0642763,0.00578904,0.929935,0.935724
0.07,0.36,0.0682335,0.00577632,0.92599,0.931767
0.07,0.37,0.0724329,0.00576383,0.921803,0.927567
0.07,0.38,0.0768907,0.00575157,0.917358,0.923109
0.07,0.39,0.0816239,0.00573954,0.912637,0.918376
0.07,0.4,0.0866512,0.00572773,0.907621,0.913349
0.07,0.41,0.0919925,0.00571614,0.902291,0.908008
0.07,0.42,0.0976694,0.00570476,0.896626,0.902331
0.07,0.43,0.103705,0.0056936,0.890601,0.896295
0.07,0.44,0.110125,0.00568265,0.884192,0.889875
0.07,0.45,0.116957,0.00567191,0.877371,0.883043
0.07,0.46,0.12423,0.00566137,0.870108,0.87577
0.07,0.47,0.131977,0.00565103,0.862372,0.868023
0.07,0.48,0.140232,0.00564088,0.854127,0.859768
0.07,0.49,0.149035,0.00563092,0.845334,0.850965
0.07,0.5,0.158426,0.00562115,0.835953,0.841574
0.07,0.51,0.168452,0.00561157,0.825937,0.831548
0.07,0.52,0.179161,0.00560216,0.815236,0.820839
0.07,0.53,0.19061,0.00559293,0.803797,0.80939
0.07,0.54,0.202858,0.00558388,0.791559,0.797142
0.07,0.55,0.21597,0.00557499,0.778455,0.78403
0.07,0.56,0.230019,0.00556626,0.764415,0.769981
0.07,0.57,0.245086,0.0055577,0.749356,0.754914
0.07,0.58,0.261259,0.00554929,0.733192,0.738741
0.07,0.59,0.278635,0.00554103,0.715824,0.721365
0.07,0.6,0.297323,0.00553293,0.697144,0.702677
0.07,0.61,0.317444,0.00552496,0.677031,0.682556
0.07,0.62,0.339132,0.00551715,0.655351,0.660868
0.07,0.63,0.362535,0.00550947,0.631956,0.637465
0.07,0.64,0.387819,0.00550192,0.606679,0.612181
0.07,0.65,0.415171,0.00549451,0.579335,0.584829
0.07,0.66,0.444794,0.00548722,0.549718,0.555206
0.07,0.67,0.476919,0.00548006,0.517601,0.523081
0.07,0.68,0.511796,0.00547302,0.482731,0.488204
0.07,0.69,0.549699,0.00546611,0.444835,0.450301
0.07,0.7,0.590914,0.0054593,0.403626,0.409086
0.07,0.71,0.635727,0.00545261,0.358821,0.364273
0.07,0.72,0.684365,0.00544603,0.310189,0.315635
0.07,0.73,0.736877,0.00543956,0.257683,0.263123
0.07,0.74,0.792774,0.0054332,0.201793,0.207226
0.07,0.75,0.850017,0.00542693,0.144556,0.149983
0.07,0.76,0.902577,0.00542077,0.0920026,0.0974234
0.07,0.77,0.940192,0.0054147,0.0543936,0.0598083
0.07,0.78,0.960527,0.00540873,0.0340646,0.0394733
0.07,0.79,0.970872,0.00540286,0.0237256,0.0291285
0.07,0.8,0.976647,0.00539707,0.0179558,0.0233529
0.07,0.81,0.980227,0.00539137,0.0143812,0.0197726
0.07,0.82,0.982636,0.00538576,0.0119783,0.017364
0.07,0.83,0.984358,0.00538023,0.0102618,0.015642
0.07,0.84,0.985647,0.00537479,0.00897837,0.0143532
0.07,0.85,0.986646,0.00536942,0.00798426,0.0133537
0.07,0.86,0.987443,0.00536414,0.00719251,0.0125566
0.07,0.87,0.988094,0.00535893,0.00654757,0.0119065
0.07,0.88,0.988634,0.00535379,0.00601241,0.0113662
0.07,0.89,0.98909,0.00534873,0.00556143,0.0109102
0.07,0.9,0.98948,0.00534375,0.00517637,0.0105201
0.07,0.91,0.989817,0.00533883,0.00484388,0.0101827
0.07,0.92,0.990112,0.00533398,0.00455397,0.00988795
0.07,0.93,0.990372,0.0053292,0.00429903,0.00962822
0.07,0.94,0.990602,0.00532448,0.00407314,0.00939762
0.07,0.95,0.990809,0.00531983,0.00387165,0.00919148
0.07,0.96,0.990994,0.00531524,0.00369086,0.0090061
0.07,0.97,0.991162,0.00531071,0.00352776,0.00883847
0.07,0.98,0.991314,0.00530625,0.00337991,0.00868616
0.07,0.99,0.991453,0.00530184,0.00324529,0.00854713
0.07,1,0.99158,0.00529749,0.00312222,0.00841971
0.08,0,0.0070278,0.00639259,0.98658,0.992972
0.08,0.01,0.0075324,0.00637096,0.986097,0.992468
