e1,e2,V,Rs,Rv,P
0,0 ,0.0126099, 0.00708881,0.980301,0.98739
0,0.01 ,0.0133986, 0.00706985,0.979532,0.986601
0,0.02 ,0.0142198, 0.00705115,0.978729,0.98578
0,0.03 ,0.0150729, 0.00703269,0.977894,0.984927
0,0.04 ,0.0159569, 0.00701448,0.977029,0.984043
0,0.05 ,0.0168703, 0.00699652,0.976133,0.98313
0,0.06 ,0.0178114, 0.00697881,0.97521,0.982189
0,0.07 ,0.0187781, 0.00696134,0.974261,0.981222
0,0.08 ,0.0197678, 0.00694413,0.973288,0.980232
0,0.09 ,0.0207774, 0.00692716,0.972295,0.979223
0,0.1 ,0.0218035, 0.00691044,0.971286,0.978197
0,0.11 ,0.0228422, 0.00689397,0.970264,0.977158
0,0.12 ,0.0238892, 0.00687774,0.969233,0.976111
0,0.13 ,0.02494, 0.00686175,0.968198,0.97506
0,0.14 ,0.0259896, 0.00684601,0.967164,0.97401
0,0.15 ,0.0270327, 0.00683051,0.966137,0.972967
0,0.16 ,0.0280642, 0.00681524,0.965121,0.971936
0,0.17 ,0.0290785, 0.00680022,0.964121,0.970922
0,0.18 ,0.0300703, 0.00678543,0.963144,0.96993
0,0.19 ,0.0310343, 0.00677088,0.962195,0.968966
0,0.2 ,0.0319656, 0.00675656,0.961278,0.968034
0,0.21 ,0.0328594, 0.00674248,0.960398,0.967141
0,0.22 ,0.0337116, 0.00672861,0.95956,0.966288
0,0.23 ,0.0345184, 0.00671498,0.958767,0.965482
0,0.24 ,0.0352767, 0.00670157,0.958022,0.964723
0,0.25 ,0.0359841, 0.00668838,0.957328,0.964016
0,0.26 ,0.0366387, 0.00667541,0.956686,0.963361
0,0.27 ,0.0372394, 0.00666265,0.956098,0.962761
0,0.28 ,0.0377858, 0.00665011,0.955564,0.962214
0,0.29 ,0.0382781, 0.00663778,0.955084,0.961722
0,0.3 ,0.038717, 0.00662565,0.954657,0.961283
0,0.31 ,0.0391038, 0.00661373,0.954283,0.960896
0,0.32 ,0.0394403, 0.00660201,0.953958,0.96056
0,0.33 ,0.0397288, 0.00659049,0.953681,0.960271
0,0.34 ,0.0399717, 0.00657916,0.953449,0.960028
0,0.35 ,0.0401717, 0.00656802,0.95326,0.959828
0,0.36 ,0.0403319, 0.00655707,0.953111,0.959668
0,0.37 ,0.0404553, 0.00654631,0.952998,0.959545
0,0.38 ,0.0405448, 0.00653573,0.952919,0.959455
0,0.39 ,0.0406037, 0.00652533,0.952871,0.959396
0,0.4 ,0.040635, 0.00651511,0.95285,0.959365
0,0.41 ,0.0406415, 0.00650505,0.952853,0.959359
0,0.42 ,0.0406261, 0.00649517,0.952879,0.959374
0,0.43 ,0.0405914, 0.00648546,0.952923,0.959409
0,0.44 ,0.0405401, 0.0064759,0.952984,0.95946
0,0.45 ,0.0404743, 0.00646651,0.953059,0.959526
0,0.46 ,0.0403964, 0.00645727,0.953146,0.959604
0,0.47 ,0.0403082, 0.00644819,0.953244,0.959692
0,0.48 ,0.0402116, 0.00643926,0.953349,0.959788
0,0.49 ,0.0401082, 0.00643048,0.953461,0.959892
0,0.5 ,0.0399995, 0.00642184,0.953579,0.96
0,0.51 ,0.0398869, 0.00641334,0.9537,0.960113
0,0.52 ,0.0397715, 0.00640499,0.953824,0.960229
0,0.53 ,0.0396543, 0.00639676,0.953949,0.960346
0,0.54 ,0.0395362, 0.00638868,0.954075,0.960464
0,0.55 ,0.0394181, 0.00638072,0.954201,0.960582
0,0.56 ,0.0393006, 0.00637289,0.954326,0.960699
0,0.57 ,0.0391844, 0.00636519,0.95445,0.960816
0,0.58 ,0.0390698, 0.00635761,0.954573,0.96093
0,0.59 ,0.0389574, 0.00635015,0.954692,0.961043
0,0.6 ,0.0388475, 0.00634281,0.95481,0.961153
0,0.61 ,0.0387403, 0.00633558,0.954924,0.96126
0,0.62 ,0.0386361, 0.00632847,0.955035,0.961364
0,0.63 ,0.0385351, 0.00632147,0.955143,0.961465
0,0.64 ,0.0384373, 0.00631457,0.955248,0.961563
0,0.65 ,0.038343, 0.00630779,0.955349,0.961657
0,0.66 ,0.0382521, 0.0063011,0.955447,0.961748
0,0.67 ,0.0381647, 0.00629452,0.955541,0.961835
0,0.68 ,0.0380807, 0.00628804,0.955631,0.961919
0,0.69 ,0.0380002, 0.00628165,0.955718,0.962
0,0.7 ,0.0379231, 0.00627536,0.955801,0.962077
0,0.71 ,0.0378494, 0.00626917,0.955881,0.962151
0,0.72 ,0.037779, 0.00626306,0.955958,0.962221
0,0.73 ,0.0377119, 0.00625705,0.956031,0.962288
0,0.74 ,0.0376479, 0.00625112,0.956101,0.962352
0,0.75 ,0.0375869, 0.00624528,0.956168,0.962413
0,0.76 ,0.0375289, 0.00623952,0.956232,0.962471
0,0.77 ,0.0374738, 0.00623385,0.956292,0.962526
0,0.78 ,0.0374214, 0.00622825,0.95635,0.962579
0,0.79 ,0.0373717, 0.00622274,0.956406,0.962628
0,0.8 ,0.0373245, 0.0062173,0.956458,0.962675
0,0.81 ,0.0372798, 0.00621194,0.956508,0.96272
0,0.82 ,0.0372374, 0.00620666,0.956556,0.962763
0,0.83 ,0.0371973, 0.00620144,0.956601,0.962803
0,0.84 ,0.0371592, 0.0061963,0.956644,0.962841
0,0.85 ,0.0371232, 0.00619123,0.956686,0.962877
0,0.86 ,0.0370892, 0.00618623,0.956725,0.962911
0,0.87 ,0.037057, 0.00618129,0.956762,0.962943
0,0.88 ,0.0370265, 0.00617642,0.956797,0.962973
0,0.89 ,0.0369977, 0.00617162,0.956831,0.963002
0,0.9 ,0.0369705, 0.00616688,0.956863,0.96303
0,0.91 ,0.0369447, 0.0061622,0.956893,0.963055
0,0.92 ,0.0369204, 0.00615758,0.956922,0.96308
0,0.93 ,0.0368974, 0.00615302,0.95695,0.963103
0,0.94 ,0.0368757, 0.00614852,0.956976,0.963124
0,0.95 ,0.0368551, 0.00614408,0.957001,0.963145
0,0.96 ,0.0368357, 0.00613969,0.957025,0.963164
0,0.97 ,0.0368173, 0.00613536,0.957047,0.963183
0,0.98 ,0.0368, 0.00613108,0.957069,0.9632
0,0.99 ,0.0367836, 0.00612686,0.95709,0.963216
0,1 ,0.036768, 0.00612269,0.957109,0.963232
0.01,0 ,0.012567, 0.00707444,0.980359,0.987433
0.01,0.01 ,0.0133657, 0.0070554,0.979579,0.986634
0.01,0.02 ,0.0141992, 0.00703662,0.978764,0.985801
0.01,0.03 ,0.015067, 0.00701808,0.977915,0.984933
0.01,0.04 ,0.0159685, 0.0069998,0.977032,0.984032
0.01,0.05 ,0.0169025, 0.00698176,0.976116,0.983098
0.01,0.06 ,0.0178675, 0.00696397,0.975169,0.982133
0.01,0.07 ,0.0188616, 0.00694643,0.974192,0.981138
0.01,0.08 ,0.0198826, 0.00692914,0.973188,0.980117
0.01,0.09 ,0.0209275, 0.0069121,0.97216,0.979072
0.01,0.1 ,0.0219932, 0.0068953,0.971112,0.978007
0.01,0.11 ,0.0230758, 0.00687876,0.970045,0.976924
0.01,0.12 ,0.0241712, 0.00686245,0.968966,0.975829
0.01,0.13 ,0.0252747, 0.0068464,0.967879,0.974725
0.01,0.14 ,0.0263814, 0.00683058,0.966788,0.973619
0.01,0.15 ,0.027486, 0.00681501,0.965699,0.972514
0.01,0.16 ,0.0285827, 0.00679968,0.964618,0.971417
0.01,0.17 ,0.0296659, 0.00678459,0.963549,0.970334
0.01,0.18 ,0.0307298, 0.00676974,0.9625,0.96927
0.01,0.19 ,0.0317687, 0.00675512,0.961476,0.968231
0.01,0.2 ,0.0327768, 0.00674073,0.960482,0.967223
0.01,0.21 ,0.0337489, 0.00672658,0.959524,0.966251
0.01,0.22 ,0.0346802, 0.00671266,0.958607,0.96532
0.01,0.23 ,0.0355661, 0.00669896,0.957735,0.964434
0.01,0.24 ,0.0364028, 0.00668549,0.956912,0.963597
0.01,0.25 ,0.0371872, 0.00667224,0.956141,0.962813
0.01,0.26 ,0.0379167, 0.00665922,0.955424,0.962083
0.01,0.27 ,0.0385897, 0.0066464,0.954764,0.96141
0.01,0.28 ,0.0392052, 0.00663381,0.954161,0.960795
0.01,0.29 ,0.0397628, 0.00662142,0.953616,0.960237
0.01,0.3 ,0.040263, 0.00660924,0.953128,0.959737
0.01,0.31 ,0.0407068, 0.00659727,0.952696,0.959293
0.01,0.32 ,0.0410958, 0.0065855,0.952319,0.958904
0.01,0.33 ,0.0414322, 0.00657393,0.951994,0.958568
0.01,0.34 ,0.0417184, 0.00656256,0.951719,0.958282
0.01,0.35 ,0.0419572, 0.00655138,0.951491,0.958043
0.01,0.36 ,0.0421517, 0.00654039,0.951308,0.957848
0.01,0.37 ,0.0423051, 0.00652958,0.951165,0.957695
0.01,0.38 ,0.0424207, 0.00651896,0.95106,0.957579
0.01,0.39 ,0.0425018, 0.00650852,0.95099,0.957498
0.01,0.4 ,0.0425518, 0.00649826,0.95095,0.957448
0.01,0.41 ,0.0425738, 0.00648817,0.950938,0.957426
0.01,0.42 ,0.0425709, 0.00647825,0.950951,0.957429
0.01,0.43 ,0.0425462, 0.0064685,0.950985,0.957454
0.01,0.44 ,0.0425023, 0.00645891,0.951039,0.957498
0.01,0.45 ,0.0424419, 0.00644949,0.951109,0.957558
0.01,0.46 ,0.0423675, 0.00644022,0.951192,0.957633
0.01,0.47 ,0.0422811, 0.00643111,0.951288,0.957719
0.01,0.48 ,0.042185, 0.00642215,0.951393,0.957815
0.01,0.49 ,0.042081, 0.00641334,0.951506,0.957919
0.01,0.5 ,0.0419706, 0.00640467,0.951625,0.958029
0.01,0.51 ,0.0418554, 0.00639615,0.951748,0.958145
0.01,0.52 ,0.0417367, 0.00638777,0.951876,0.958263
0.01,0.53 ,0.0416157, 0.00637952,0.952005,0.958384
0.01,0.54 ,0.0414934, 0.00637141,0.952135,0.958507
0.01,0.55 ,0.0413707, 0.00636343,0.952266,0.958629
0.01,0.56 ,0.0412484, 0.00635558,0.952396,0.958752
0.01,0.57 ,0.0411272, 0.00634786,0.952525,0.958873
0.01,0.58 ,0.0410076, 0.00634026,0.952652,0.958992
0.01,0.59 ,0.04089, 0.00633278,0.952777,0.95911
0.01,0.6 ,0.040775, 0.00632542,0.9529,0.959225
0.01,0.61 ,0.0406627, 0.00631818,0.953019,0.959337
0.01,0.62 ,0.0405536, 0.00631105,0.953135,0.959446
0.01,0.63 ,0.0404477, 0.00630403,0.953248,0.959552
0.01,0.64 ,0.0403452, 0.00629712,0.953358,0.959655
0.01,0.65 ,0.0402463, 0.00629032,0.953463,0.959754
0.01,0.66 ,0.0401509, 0.00628362,0.953565,0.959849
0.01,0.67 ,0.0400592, 0.00627702,0.953664,0.959941
0.01,0.68 ,0.0399712, 0.00627052,0.953758,0.960029
0.01,0.69 ,0.0398868, 0.00626413,0.953849,0.960113
0.01,0.7 ,0.039806, 0.00625782,0.953936,0.960194
0.01,0.71 ,0.0397288, 0.00625161,0.95402,0.960271
0.01,0.72 ,0.039655, 0.0062455,0.954099,0.960345
0.01,0.73 ,0.0395847, 0.00623947,0.954176,0.960415
0.01,0.74 ,0.0395177, 0.00623353,0.954249,0.960482
0.01,0.75 ,0.0394539, 0.00622768,0.954318,0.960546
0.01,0.76 ,0.0393933, 0.00622191,0.954385,0.960607
0.01,0.77 ,0.0393356, 0.00621623,0.954448,0.960664
0.01,0.78 ,0.0392809, 0.00621063,0.954508,0.960719
0.01,0.79 ,0.0392289, 0.0062051,0.954566,0.960771
0.01,0.8 ,0.0391797, 0.00619966,0.954621,0.96082
0.01,0.81 ,0.039133, 0.00619429,0.954673,0.960867
0.01,0.82 ,0.0390888, 0.00618899,0.954722,0.960911
0.01,0.83 ,0.0390469, 0.00618377,0.954769,0.960953
0.01,0.84 ,0.0390073, 0.00617862,0.954814,0.960993
0.01,0.85 ,0.0389699, 0.00617354,0.954857,0.96103
0.01,0.86 ,0.0389344, 0.00616853,0.954897,0.961066
0.01,0.87 ,0.0389009, 0.00616359,0.954936,0.961099
0.01,0.88 ,0.0388692, 0.00615872,0.954972,0.961131
0.01,0.89 ,0.0388393, 0.0061539,0.955007,0.961161
0.01,0.9 ,0.038811, 0.00614916,0.95504,0.961189
0.01,0.91 ,0.0387843, 0.00614447,0.955071,0.961216
0.01,0.92 ,0.038759, 0.00613985,0.955101,0.961241
0.01,0.93 ,0.0387352, 0.00613528,0.95513,0.961265
0.01,0.94 ,0.0387127, 0.00613078,0.955157,0.961287
0.01,0.95 ,0.0386914, 0.00612633,0.955182,0.961309
0.01,0.96 ,0.0386713, 0.00612194,0.955207,0.961329
0.01,0.97 ,0.0386523, 0.0061176,0.95523,0.961348
0.01,0.98 ,0.0386343, 0.00611332,0.955252,0.961366
0.01,0.99 ,0.0386173, 0.00610909,0.955274,0.961383
0.01,1 ,0.0386013, 0.00610492,0.955294,0.961399
0.02,0 ,0.0125104, 0.00706029,0.980429,0.98749
0.02,0.01 ,0.0133174, 0.00704118,0.979641,0.986683
0.02,0.02 ,0.0141613, 0.00702231,0.978816,0.985839
0.02,0.03 ,0.0150419, 0.0070037,0.977954,0.984958
0.02,0.04 ,0.0159588, 0.00698534,0.977056,0.984041
0.02,0.05 ,0.0169112, 0.00696723,0.976122,0.983089
0.02,0.06 ,0.0178979, 0.00694936,0.975153,0.982102
0.02,0.07 ,0.0189173, 0.00693175,0.974151,0.981083
0.02,0.08 ,0.0199673, 0.00691438,0.973118,0.980033
0.02,0.09 ,0.0210454, 0.00689727,0.972057,0.978955
0.02,0.1 ,0.0221486, 0.0068804,0.970971,0.977851
0.02,0.11 ,0.0232732, 0.00686378,0.969863,0.976727
0.02,0.12 ,0.0244154, 0.0068474,0.968737,0.975585
0.02,0.13 ,0.0255704, 0.00683127,0.967598,0.97443
0.02,0.14 ,0.0267333, 0.00681539,0.966451,0.973267
0.02,0.15 ,0.0278988, 0.00679975,0.965301,0.972101
0.02,0.16 ,0.0290609, 0.00678435,0.964155,0.970939
0.02,0.17 ,0.0302138, 0.00676919,0.963017,0.969786
0.02,0.18 ,0.0313511, 0.00675427,0.961895,0.968649
0.02,0.19 ,0.0324667, 0.00673959,0.960794,0.967533
0.02,0.2 ,0.0335544, 0.00672514,0.95972,0.966446
0.02,0.21 ,0.0346083, 0.00671092,0.958681,0.965392
0.02,0.22 ,0.0356226, 0.00669694,0.95768,0.964377
0.02,0.23 ,0.0365923, 0.00668318,0.956725,0.963408
0.02,0.24 ,0.0375127, 0.00666965,0.955818,0.962487
0.02,0.25 ,0.0383798, 0.00665635,0.954964,0.96162
0.02,0.26 ,0.0391904, 0.00664326,0.954166,0.96081
0.02,0.27 ,0.039942, 0.00663039,0.953428,0.960058
0.02,0.28 ,0.0406331, 0.00661774,0.952749,0.959367
0.02,0.29 ,0.0412628, 0.0066053,0.952132,0.958737
0.02,0.3 ,0.0418309, 0.00659307,0.951576,0.958169
0.02,0.31 ,0.0423383, 0.00658105,0.951081,0.957662
0.02,0.32 ,0.0427862, 0.00656923,0.950645,0.957214
0.02,0.33 ,0.0431765, 0.00655762,0.950266,0.956823
0.02,0.34 ,0.0435117, 0.0065462,0.949942,0.956488
0.02,0.35 ,0.0437946, 0.00653497,0.94967,0.956205
0.02,0.36 ,0.0440284, 0.00652394,0.949448,0.955972
0.02,0.37 ,0.0442164, 0.00651309,0.949271,0.955784
0.02,0.38 ,0.0443621, 0.00650243,0.949135,0.955638
0.02,0.39 ,0.0444691, 0.00649195,0.949039,0.955531
0.02,0.4 ,0.044541, 0.00648165,0.948977,0.955459
0.02,0.41 ,0.0445813, 0.00647152,0.948947,0.955419
0.02,0.42 ,0.0445934, 0.00646157,0.948945,0.955407
0.02,0.43 ,0.0445806, 0.00645178,0.948968,0.955419
0.02,0.44 ,0.044546, 0.00644217,0.949012,0.955454
0.02,0.45 ,0.0444925, 0.00643271,0.949075,0.955507
0.02,0.46 ,0.0444228, 0.00642341,0.949154,0.955577
0.02,0.47 ,0.0443394, 0.00641427,0.949246,0.955661
0.02,0.48 ,0.0442445, 0.00640528,0.94935,0.955755
0.02,0.49 ,0.0441403, 0.00639644,0.949463,0.95586
0.02,0.5 ,0.0440287, 0.00638775,0.949584,0.955971
0.02,0.51 ,0.0439112, 0.0063792,0.94971,0.956089
0.02,0.52 ,0.0437895, 0.00637079,0.94984,0.95621
0.02,0.53 ,0.0436648, 0.00636252,0.949973,0.956335
0.02,0.54 ,0.0435383, 0.00635439,0.950107,0.956462
0.02,0.55 ,0.043411, 0.00634639,0.950243,0.956589
0.02,0.56 ,0.0432838, 0.00633852,0.950378,0.956716
0.02,0.57 ,0.0431574, 0.00633078,0.950512,0.956843
0.02,0.58 ,0.0430326, 0.00632316,0.950644,0.956967
0.02,0.59 ,0.0429097, 0.00631566,0.950775,0.95709
0.02,0.6 ,0.0427893, 0.00630828,0.950902,0.957211
0.02,0.61 ,0.0426718, 0.00630102,0.951027,0.957328
0.02,0.62 ,0.0425574, 0.00629387,0.951149,0.957443
0.02,0.63 ,0.0424464, 0.00628684,0.951267,0.957554
0.02,0.64 ,0.042339, 0.00627991,0.951381,0.957661
0.02,0.65 ,0.0422352, 0.00627309,0.951492,0.957765
0.02,0.66 ,0.0421352, 0.00626638,0.951598,0.957865
0.02,0.67 ,0.0420391, 0.00625977,0.951701,0.957961
0.02,0.68 ,0.0419468, 0.00625326,0.9518,0.958053
0.02,0.69 ,0.0418583, 0.00624684,0.951895,0.958142
0.02,0.7 ,0.0417736, 0.00624053,0.951986,0.958226
0.02,0.71 ,0.0416926, 0.00623431,0.952073,0.958307
0.02,0.72 ,0.0416154, 0.00622818,0.952156,0.958385
0.02,0.73 ,0.0415417, 0.00622214,0.952236,0.958458
0.02,0.74 ,0.0414715, 0.00621619,0.952312,0.958528
0.02,0.75 ,0.0414048, 0.00621033,0.952385,0.958595
0.02,0.76 ,0.0413413, 0.00620455,0.952454,0.958659
0.02,0.77 ,0.0412811, 0.00619886,0.95252,0.958719
0.02,0.78 ,0.0412239, 0.00619325,0.952583,0.958776
0.02,0.79 ,0.0411696, 0.00618771,0.952643,0.95883
0.02,0.8 ,0.0411182, 0.00618226,0.9527,0.958882
0.02,0.81 ,0.0410695, 0.00617688,0.952754,0.958931
0.02,0.82 ,0.0410234, 0.00617158,0.952805,0.958977
0.02,0.83 ,0.0409797, 0.00616635,0.952854,0.95902
0.02,0.84 ,0.0409385, 0.00616119,0.9529,0.959062
0.02,0.85 ,0.0408994, 0.00615611,0.952944,0.959101
0.02,0.86 ,0.0408626, 0.00615109,0.952986,0.959137
0.02,0.87 ,0.0408277, 0.00614614,0.953026,0.959172
0.02,0.88 ,0.0407948, 0.00614126,0.953064,0.959205
0.02,0.89 ,0.0407637, 0.00613644,0.9531,0.959236
0.02,0.9 ,0.0407343, 0.00613168,0.953134,0.959266
0.02,0.91 ,0.0407066, 0.00612699,0.953166,0.959293
0.02,0.92 ,0.0406804, 0.00612236,0.953197,0.95932
0.02,0.93 ,0.0406556, 0.00611779,0.953227,0.959344
0.02,0.94 ,0.0406323, 0.00611328,0.953254,0.959368
0.02,0.95 ,0.0406102, 0.00610883,0.953281,0.95939
0.02,0.96 ,0.0405894, 0.00610443,0.953306,0.959411
0.02,0.97 ,0.0405697, 0.00610009,0.95333,0.95943
0.02,0.98 ,0.0405512, 0.0060958,0.953353,0.959449
0.02,0.99 ,0.0405336, 0.00609157,0.953375,0.959466
0.02,1 ,0.040517, 0.00608739,0.953396,0.959483
0.03,0 ,0.0124411, 0.00704635,0.980513,0.987559
0.03,0.01 ,0.0132547, 0.00702716,0.979718,0.986745
0.03,0.02 ,0.0141072, 0.00700823,0.978885,0.985893
0.03,0.03 ,0.0149986, 0.00698954,0.978012,0.985001
0.03,0.04 ,0.0159289, 0.0069711,0.9771,0.984071
0.03,0.05 ,0.0168975, 0.00695291,0.97615,0.983103
0.03,0.06 ,0.0179035, 0.00693498,0.975161,0.982096
0.03,0.07 ,0.0189458, 0.00691729,0.974137,0.981054
0.03,0.08 ,0.0200224, 0.00689985,0.973078,0.979978
0.03,0.09 ,0.0211313, 0.00688266,0.971986,0.978869
0.03,0.1 ,0.0222696, 0.00686572,0.970865,0.97773
0.03,0.11 ,0.0234341, 0.00684903,0.969717,0.976566
0.03,0.12 ,0.0246209, 0.00683258,0.968547,0.975379
0.03,0.13 ,0.0258257, 0.00681638,0.967358,0.974174
0.03,0.14 ,0.0270434, 0.00680043,0.966156,0.972957
0.03,0.15 ,0.0282688, 0.00678472,0.964946,0.971731
0.03,0.16 ,0.0294959, 0.00676925,0.963735,0.970504
0.03,0.17 ,0.0307184, 0.00675403,0.962528,0.969282
0.03,0.18 ,0.03193, 0.00673904,0.961331,0.96807
0.03,0.19 ,0.0331239, 0.00672429,0.960152,0.966876
0.03,0.2 ,0.0342934, 0.00670978,0.958997,0.965707
0.03,0.21 ,0.0354319, 0.0066955,0.957873,0.964568
0.03,0.22 ,0.0365331, 0.00668145,0.956785,0.963467
0.03,0.23 ,0.037591, 0.00666764,0.955741,0.962409
0.03,0.24 ,0.0386001, 0.00665405,0.954746,0.9614
0.03,0.25 ,0.0395556, 0.00664069,0.953804,0.960444
0.03,0.26 ,0.0404534, 0.00662754,0.952919,0.959547
0.03,0.27 ,0.0412904, 0.00661462,0.952095,0.95871
0.03,0.28 ,0.042064, 0.00660192,0.951334,0.957936
0.03,0.29 ,0.0427728, 0.00658942,0.950638,0.957227
0.03,0.3 ,0.0434161, 0.00657714,0.950007,0.956584
0.03,0.31 ,0.0439941, 0.00656507,0.949441,0.956006
0.03,0.32 ,0.0445077, 0.00655321,0.948939,0.955492
0.03,0.33 ,0.0449587, 0.00654154,0.9485,0.955041
0.03,0.34 ,0.0453493, 0.00653008,0.948121,0.954651
0.03,0.35 ,0.0456823, 0.00651881,0.947799,0.954318
0.03,0.36 ,0.0459608, 0.00650773,0.947531,0.954039
0.03,0.37 ,0.0461885, 0.00649684,0.947315,0.953811
0.03,0.38 ,0.046369, 0.00648614,0.947145,0.953631
0.03,0.39 ,0.046506, 0.00647562,0.947018,0.953494
0.03,0.4 ,0.0466036, 0.00646528,0.946931,0.953396
0.03,0.41 ,0.0466655, 0.00645512,0.946879,0.953335
0.03,0.42 ,0.0466955, 0.00644513,0.946859,0.953305
0.03,0.43 ,0.0466971, 0.00643531,0.946868,0.953303
0.03,0.44 ,0.0466738, 0.00642566,0.946901,0.953326
0.03,0.45 ,0.0466289, 0.00641617,0.946955,0.953371
0.03,0.46 ,0.0465654, 0.00640684,0.947028,0.953435
0.03,0.47 ,0.046486, 0.00639767,0.947116,0.953514
0.03,0.48 ,0.0463934, 0.00638865,0.947218,0.953607
0.03,0.49 ,0.0462898, 0.00637978,0.94733,0.95371
0.03,0.5 ,0.0461775, 0.00637107,0.947451,0.953823
0.03,0.51 ,0.0460582, 0.00636249,0.947579,0.953942
0.03,0.52 ,0.0459336, 0.00635406,0.947712,0.954066
0.03,0.53 ,0.0458054, 0.00634577,0.947849,0.954195
0.03,0.54 ,0.0456747, 0.00633761,0.947988,0.954325
0.03,0.55 ,0.0455428, 0.00632959,0.948128,0.954457
0.03,0.56 ,0.0454106, 0.0063217,0.948268,0.954589
0.03,0.57 ,0.045279, 0.00631393,0.948407,0.954721
0.03,0.58 ,0.0451487, 0.00630629,0.948545,0.954851
0.03,0.59 ,0.0450203, 0.00629878,0.948681,0.95498
0.03,0.6 ,0.0448944, 0.00629138,0.948814,0.955106
0.03,0.61 ,0.0447714, 0.0062841,0.948945,0.955229
0.03,0.62 ,0.0446515, 0.00627694,0.949072,0.955348
0.03,0.63 ,0.0445352, 0.00626988,0.949195,0.955465
0.03,0.64 ,0.0444225, 0.00626294,0.949315,0.955577
0.03,0.65 ,0.0443137, 0.00625611,0.94943,0.955686
0.03,0.66 ,0.0442089, 0.00624938,0.949542,0.955791
0.03,0.67 ,0.044108, 0.00624276,0.949649,0.955892
0.03,0.68 ,0.0440112, 0.00623623,0.949753,0.955989
0.03,0.69 ,0.0439184, 0.00622981,0.949852,0.956082
0.03,0.7 ,0.0438296, 0.00622348,0.949947,0.95617
0.03,0.71 ,0.0437447, 0.00621725,0.950038,0.956255
0.03,0.72 ,0.0436638, 0.00621111,0.950125,0.956336
0.03,0.73 ,0.0435866, 0.00620506,0.950208,0.956413
0.03,0.74 ,0.0435131, 0.0061991,0.950288,0.956487
0.03,0.75 ,0.0434433, 0.00619322,0.950363,0.956557
0.03,0.76 ,0.0433769, 0.00618744,0.950436,0.956623
0.03,0.77 ,0.0433139, 0.00618173,0.950504,0.956686
0.03,0.78 ,0.0432541, 0.00617611,0.95057,0.956746
0.03,0.79 ,0.0431974, 0.00617057,0.950632,0.956803
0.03,0.8 ,0.0431437, 0.00616511,0.950691,0.956856
0.03,0.81 ,0.0430929, 0.00615972,0.950747,0.956907
0.03,0.82 ,0.0430448, 0.00615441,0.950801,0.956955
0.03,0.83 ,0.0429993, 0.00614917,0.950852,0.957001
0.03,0.84 ,0.0429563, 0.00614401,0.9509,0.957044
0.03,0.85 ,0.0429157, 0.00613891,0.950945,0.957084
0.03,0.86 ,0.0428773, 0.00613389,0.950989,0.957123
0.03,0.87 ,0.042841, 0.00612893,0.95103,0.957159
0.03,0.88 ,0.0428068, 0.00612404,0.951069,0.957193
0.03,0.89 ,0.0427745, 0.00611922,0.951106,0.957226
0.03,0.9 ,0.042744, 0.00611446,0.951142,0.957256
0.03,0.91 ,0.0427152, 0.00610976,0.951175,0.957285
0.03,0.92 ,0.042688, 0.00610512,0.951207,0.957312
0.03,0.93 ,0.0426624, 0.00610055,0.951237,0.957338
0.03,0.94 ,0.0426382, 0.00609603,0.951266,0.957362
0.03,0.95 ,0.0426154, 0.00609157,0.951293,0.957385
0.03,0.96 ,0.0425938, 0.00608717,0.951319,0.957406
0.03,0.97 ,0.0425734, 0.00608283,0.951344,0.957427
0.03,0.98 ,0.0425542, 0.00607854,0.951367,0.957446
0.03,0.99 ,0.0425361, 0.0060743,0.95139,0.957464
0.03,1 ,0.0425189, 0.00607011,0.951411,0.957481
0.04,0 ,0.0123602, 0.00703263,0.980607,0.98764
0.04,0.01 ,0.0131787, 0.00701337,0.979808,0.986821
0.04,0.02 ,0.0140379, 0.00699435,0.978968,0.985962
0.04,0.03 ,0.0149382, 0.00697559,0.978086,0.985062
0.04,0.04 ,0.0158797, 0.00695708,0.977163,0.98412
0.04,0.05 ,0.0168622, 0.00693882,0.976199,0.983138
0.04,0.06 ,0.0178852, 0.00692081,0.975194,0.982115
0.04,0.07 ,0.0189478, 0.00690305,0.974149,0.981052
0.04,0.08 ,0.0200485, 0.00688554,0.973066,0.979951
0.04,0.09 ,0.0211855, 0.00686828,0.971946,0.978814
0.04,0.1 ,0.0223564, 0.00685126,0.970792,0.977644
0.04,0.11 ,0.0235582, 0.0068345,0.969607,0.976442
0.04,0.12 ,0.0247873, 0.00681799,0.968395,0.975213
0.04,0.13 ,0.0260396, 0.00680172,0.967159,0.97396
0.04,0.14 ,0.0273103, 0.0067857,0.965904,0.97269
0.04,0.15 ,0.028594, 0.00676992,0.964636,0.971406
0.04,0.16 ,0.029885, 0.00675438,0.963361,0.970115
0.04,0.17 ,0.0311768, 0.00673909,0.962084,0.968823
0.04,0.18 ,0.0324628, 0.00672404,0.960813,0.967537
0.04,0.19 ,0.0337358, 0.00670923,0.959555,0.966264
0.04,0.2 ,0.0349887, 0.00669465,0.958317,0.965011
0.04,0.21 ,0.0362144, 0.00668031,0.957105,0.963786
0.04,0.22 ,0.0374056, 0.00666621,0.955928,0.962594
0.04,0.23 ,0.0385558, 0.00665233,0.954792,0.961444
0.04,0.24 ,0.0396585, 0.00663868,0.953703,0.960342
0.04,0.25 ,0.040708, 0.00662526,0.952667,0.959292
0.04,0.26 ,0.0416993, 0.00661206,0.951689,0.958301
0.04,0.27 ,0.0426283, 0.00659909,0.950773,0.957372
0.04,0.28 ,0.0434916, 0.00658633,0.949922,0.956508
0.04,0.29 ,0.0442869, 0.00657378,0.949139,0.955713
0.04,0.3 ,0.0450129, 0.00656145,0.948426,0.954987
0.04,0.31 ,0.0456692, 0.00654933,0.947782,0.954331
0.04,0.32 ,0.0462561, 0.00653742,0.947206,0.953744
0.04,0.33 ,0.046775, 0.0065257,0.946699,0.953225
0.04,0.34 ,0.0472281, 0.00651419,0.946258,0.952772
0.04,0.35 ,0.0476178, 0.00650288,0.945879,0.952382
0.04,0.36 ,0.0479474, 0.00649176,0.945561,0.952053
0.04,0.37 ,0.0482205, 0.00648083,0.945299,0.951779
0.04,0.38 ,0.048441, 0.00647009,0.945089,0.951559
0.04,0.39 ,0.0486129, 0.00645953,0.944928,0.951387
0.04,0.4 ,0.0487404, 0.00644915,0.94481,0.95126
0.04,0.41 ,0.0488276, 0.00643896,0.944733,0.951172
0.04,0.42 ,0.0488787, 0.00642893,0.944692,0.951121
0.04,0.43 ,0.0488976, 0.00641908,0.944683,0.951102
0.04,0.44 ,0.0488881, 0.00640939,0.944702,0.951112
0.04,0.45 ,0.0488539, 0.00639987,0.944746,0.951146
0.04,0.46 ,0.0487982, 0.00639051,0.944811,0.951202
0.04,0.47 ,0.0487243, 0.00638131,0.944894,0.951276
0.04,0.48 ,0.048635, 0.00637227,0.944993,0.951365
0.04,0.49 ,0.048533, 0.00636337,0.945104,0.951467
0.04,0.5 ,0.0484206, 0.00635463,0.945225,0.951579
0.04,0.51 ,0.0482999, 0.00634603,0.945354,0.9517
0.04,0.52 ,0.048173, 0.00633757,0.945489,0.951827
0.04,0.53 ,0.0480414, 0.00632925,0.945629,0.951959
0.04,0.54 ,0.0479067, 0.00632108,0.945772,0.952093
0.04,0.55 ,0.0477701, 0.00631303,0.945917,0.95223
0.04,0.56 ,0.0476329, 0.00630512,0.946062,0.952367
0.04,0.57 ,0.0474959, 0.00629733,0.946207,0.952504
0.04,0.58 ,0.04736, 0.00628967,0.94635,0.95264
0.04,0.59 ,0.0472259, 0.00628214,0.946492,0.952774
0.04,0.6 ,0.0470943, 0.00627472,0.946631,0.952906
0.04,0.61 ,0.0469655, 0.00626743,0.946767,0.953035
0.04,0.62 ,0.0468399, 0.00626024,0.9469,0.95316
0.04,0.63 ,0.046718, 0.00625318,0.947029,0.953282
0.04,0.64 ,0.0465999, 0.00624622,0.947154,0.9534
0.04,0.65 ,0.0464857, 0.00623937,0.947275,0.953514
0.04,0.66 ,0.0463757, 0.00623263,0.947392,0.953624
0.04,0.67 ,0.0462699, 0.00622599,0.947504,0.95373
0.04,0.68 ,0.0461684, 0.00621945,0.947612,0.953832
0.04,0.69 ,0.0460711, 0.00621301,0.947716,0.953929
0.04,0.7 ,0.045978, 0.00620667,0.947815,0.954022
0.04,0.71 ,0.045889, 0.00620043,0.947911,0.954111
0.04,0.72 ,0.0458042, 0.00619428,0.948002,0.954196
0.04,0.73 ,0.0457233, 0.00618822,0.948088,0.954277
0.04,0.74 ,0.0456464, 0.00618225,0.948171,0.954354
0.04,0.75 ,0.0455733, 0.00617636,0.94825,0.954427
0.04,0.76 ,0.0455038, 0.00617057,0.948326,0.954496
0.04,0.77 ,0.0454379, 0.00616485,0.948397,0.954562
0.04,0.78 ,0.0453754, 0.00615922,0.948465,0.954625
0.04,0.79 ,0.0453162, 0.00615367,0.94853,0.954684
0.04,0.8 ,0.0452601, 0.0061482,0.948592,0.95474
0.04,0.81 ,0.0452071, 0.0061428,0.94865,0.954793
0.04,0.82 ,0.0451569, 0.00613748,0.948706,0.954843
0.04,0.83 ,0.0451095, 0.00613224,0.948758,0.95489
0.04,0.84 ,0.0450647, 0.00612707,0.948808,0.954935
0.04,0.85 ,0.0450224, 0.00612197,0.948856,0.954978
0.04,0.86 ,0.0449825, 0.00611693,0.948901,0.955018
0.04,0.87 ,0.0449448, 0.00611197,0.948943,0.955055
0.04,0.88 ,0.0449092, 0.00610708,0.948984,0.955091
0.04,0.89 ,0.0448756, 0.00610224,0.949022,0.955124
0.04,0.9 ,0.0448439, 0.00609748,0.949059,0.955156
0.04,0.91 ,0.0448141, 0.00609277,0.949093,0.955186
0.04,0.92 ,0.0447859, 0.00608813,0.949126,0.955214
0.04,0.93 ,0.0447593, 0.00608355,0.949157,0.955241
0.04,0.94 ,0.0447342, 0.00607903,0.949187,0.955266
0.04,0.95 ,0.0447106, 0.00607457,0.949215,0.955289
0.04,0.96 ,0.0446883, 0.00607016,0.949242,0.955312
0.04,0.97 ,0.0446672, 0.00606581,0.949267,0.955333
0.04,0.98 ,0.0446473, 0.00606151,0.949291,0.955353
0.04,0.99 ,0.0446286, 0.00605727,0.949314,0.955371
0.04,1 ,0.0446108, 0.00605308,0.949336,0.955389
0.05,0 ,0.0122686, 0.00701912,0.980712,0.987731
0.05,0.01 ,0.0130905, 0.00699978,0.97991,0.98691
0.05,0.02 ,0.0139547, 0.0069807,0.979065,0.986045
0.05,0.03 ,0.0148619, 0.00696186,0.978176,0.985138
0.05,0.04 ,0.0158125, 0.00694328,0.977244,0.984188
0.05,0.05 ,0.0168066, 0.00692495,0.976268,0.983193
0.05,0.06 ,0.0178442, 0.00690686,0.975249,0.982156
0.05,0.07 ,0.0189245, 0.00688903,0.974186,0.981076
0.05,0.08 ,0.0200466, 0.00687145,0.973082,0.979953
0.05,0.09 ,0.0212089, 0.00685412,0.971937,0.978791
0.05,0.1 ,0.0224095, 0.00683704,0.970753,0.97759
0.05,0.11 ,0.0236458, 0.0068202,0.969534,0.976354
0.05,0.12 ,0.0249144, 0.00680362,0.968282,0.975086
0.05,0.13 ,0.0262116, 0.00678728,0.967001,0.973788
0.05,0.14 ,0.0275329, 0.00677119,0.965696,0.972467
0.05,0.15 ,0.028873, 0.00675535,0.964372,0.971127
0.05,0.16 ,0.0302262, 0.00673975,0.963034,0.969774
0.05,0.17 ,0.0315862, 0.00672439,0.961689,0.968414
0.05,0.18 ,0.032946, 0.00670927,0.960345,0.967054
0.05,0.19 ,0.0342983, 0.0066944,0.959007,0.965702
0.05,0.2 ,0.0356357, 0.00667976,0.957685,0.964364
0.05,0.21 ,0.0369503, 0.00666536,0.956384,0.96305
0.05,0.22 ,0.0382344, 0.00665119,0.955114,0.961766
0.05,0.23 ,0.0394804, 0.00663725,0.953882,0.96052
0.05,0.24 ,0.0406812, 0.00662355,0.952695,0.959319
0.05,0.25 ,0.0418301, 0.00661007,0.95156,0.95817
0.05,0.26 ,0.0429209, 0.00659682,0.950482,0.957079
0.05,0.27 ,0.0439487, 0.00658379,0.949468,0.956051
0.05,0.28 ,0.044909, 0.00657097,0.94852,0.955091
0.05,0.29 ,0.0457986, 0.00655838,0.947643,0.954201
0.05,0.3 ,0.0466153, 0.006546,0.946839,0.953385
0.05,0.31 ,0.0473579, 0.00653383,0.946108,0.952642
0.05,0.32 ,0.0480262, 0.00652186,0.945452,0.951974
0.05,0.33 ,0.0486211, 0.00651011,0.944869,0.951379
0.05,0.34 ,0.0491443, 0.00649855,0.944357,0.950856
0.05,0.35 ,0.0495982, 0.00648719,0.943915,0.950402
0.05,0.36 ,0.0499858, 0.00647603,0.943538,0.950014
0.05,0.37 ,0.0503109, 0.00646506,0.943224,0.949689
0.05,0.38 ,0.0505773, 0.00645428,0.942968,0.949423
0.05,0.39 ,0.0507895, 0.00644368,0.942767,0.94921
0.05,0.4 ,0.0509518, 0.00643327,0.942615,0.949048
0.05,0.41 ,0.0510687, 0.00642303,0.942508,0.948931
0.05,0.42 ,0.0511447, 0.00641297,0.942442,0.948855
0.05,0.43 ,0.0511842, 0.00640309,0.942413,0.948816
0.05,0.44 ,0.0511913, 0.00639337,0.942415,0.948809
0.05,0.45 ,0.0511701, 0.00638381,0.942446,0.94883
0.05,0.46 ,0.0511244, 0.00637443,0.942501,0.948876
0.05,0.47 ,0.0510576, 0.00636519,0.942577,0.948942
0.05,0.48 ,0.050973, 0.00635612,0.942671,0.949027
0.05,0.49 ,0.0508735, 0.0063472,0.942779,0.949127
0.05,0.5 ,0.0507619, 0.00633843,0.9429,0.949238
0.05,0.51 ,0.0506405, 0.0063298,0.94303,0.94936
0.05,0.52 ,0.0505115, 0.00632132,0.943167,0.949488
0.05,0.53 ,0.0503769, 0.00631298,0.94331,0.949623
0.05,0.54 ,0.0502382, 0.00630478,0.943457,0.949762
0.05,0.55 ,0.0500971, 0.00629671,0.943606,0.949903
0.05,0.56 ,0.0499548, 0.00628878,0.943756,0.950045
0.05,0.57 ,0.0498124, 0.00628098,0.943907,0.950188
0.05,0.58 ,0.0496708, 0.0062733,0.944056,0.950329
0.05,0.59 ,0.0495308, 0.00626574,0.944203,0.950469
0.05,0.6 ,0.0493931, 0.00625831,0.944349,0.950607
0.05,0.61 ,0.0492584, 0.006251,0.944491,0.950742
0.05,0.62 ,0.0491269, 0.0062438,0.944629,0.950873
0.05,0.63 ,0.0489991, 0.00623671,0.944764,0.951001
0.05,0.64 ,0.0488752, 0.00622974,0.944895,0.951125
0.05,0.65 ,0.0487555, 0.00622288,0.945022,0.951244
0.05,0.66 ,0.0486401, 0.00621612,0.945144,0.95136
0.05,0.67 ,0.0485291, 0.00620947,0.945261,0.951471
0.05,0.68 ,0.0484226, 0.00620292,0.945375,0.951577
0.05,0.69 ,0.0483205, 0.00619647,0.945483,0.95168
0.05,0.7 ,0.0482228, 0.00619011,0.945587,0.951777
0.05,0.71 ,0.0481296, 0.00618386,0.945687,0.95187
0.05,0.72 ,0.0480407, 0.00617769,0.945782,0.951959
0.05,0.73 ,0.047956, 0.00617162,0.945872,0.952044
0.05,0.74 ,0.0478754, 0.00616564,0.945959,0.952125
0.05,0.75 ,0.0477988, 0.00615975,0.946041,0.952201
0.05,0.76 ,0.0477262, 0.00615394,0.94612,0.952274
0.05,0.77 ,0.0476572, 0.00614822,0.946195,0.952343
0.05,0.78 ,0.0475919, 0.00614258,0.946266,0.952408
0.05,0.79 ,0.04753, 0.00613702,0.946333,0.95247
0.05,0.8 ,0.0474715, 0.00613154,0.946397,0.952529
0.05,0.81 ,0.0474161, 0.00612613,0.946458,0.952584
0.05,0.82 ,0.0473638, 0.00612081,0.946515,0.952636
0.05,0.83 ,0.0473144, 0.00611555,0.94657,0.952686
0.05,0.84 ,0.0472677, 0.00611037,0.946622,0.952732
0.05,0.85 ,0.0472237, 0.00610527,0.946671,0.952776
0.05,0.86 ,0.0471821, 0.00610023,0.946718,0.952818
0.05,0.87 ,0.0471429, 0.00609526,0.946762,0.952857
0.05,0.88 ,0.0471059, 0.00609036,0.946804,0.952894
0.05,0.89 ,0.047071, 0.00608552,0.946843,0.952929
0.05,0.9 ,0.0470381, 0.00608075,0.946881,0.952962
0.05,0.91 ,0.0470071, 0.00607604,0.946917,0.952993
0.05,0.92 ,0.0469779, 0.00607139,0.946951,0.953022
0.05,0.93 ,0.0469504, 0.0060668,0.946983,0.95305
0.05,0.94 ,0.0469244, 0.00606227,0.947013,0.953076
0.05,0.95 ,0.0468999, 0.00605781,0.947042,0.9531
0.05,0.96 ,0.0468768, 0.00605339,0.94707,0.953123
0.05,0.97 ,0.046855, 0.00604904,0.947096,0.953145
0.05,0.98 ,0.0468345, 0.00604474,0.947121,0.953166
0.05,0.99 ,0.0468151, 0.00604049,0.947144,0.953185
0.05,1 ,0.0467968, 0.0060363,0.947167,0.953203
0.06,0 ,0.0121676, 0.00700581,0.980827,0.987832
0.06,0.01 ,0.0129912, 0.00698641,0.980022,0.987009
0.06,0.02 ,0.0138587, 0.00696725,0.979174,0.986141
0.06,0.03 ,0.0147709, 0.00694835,0.978281,0.985229
0.06,0.04 ,0.0157285, 0.00692969,0.977342,0.984271
0.06,0.05 ,0.0167321, 0.00691129,0.976357,0.983268
0.06,0.06 ,0.0177817, 0.00689314,0.975325,0.982218
0.06,0.07 ,0.0188771, 0.00687523,0.974248,0.981123
0.06,0.08 ,0.0200178, 0.00685758,0.973125,0.979982
0.06,0.09 ,0.0212026, 0.00684018,0.971957,0.978797
0.06,0.1 ,0.0224299, 0.00682303,0.970747,0.97757
0.06,0.11 ,0.0236975, 0.00680613,0.969496,0.976303
0.06,0.12 ,0.0250026, 0.00678947,0.968208,0.974997
0.06,0.13 ,0.0263418, 0.00677307,0.966885,0.973658
0.06,0.14 ,0.0277107, 0.00675691,0.965532,0.972289
0.06,0.15 ,0.0291046, 0.006741,0.964154,0.970895
0.06,0.16 ,0.0305179, 0.00672534,0.962757,0.969482
0.06,0.17 ,0.0319442, 0.00670991,0.961346,0.968056
0.06,0.18 ,0.0333767, 0.00669473,0.959929,0.966623
0.06,0.19 ,0.0348079, 0.0066798,0.958512,0.965192
0.06,0.2 ,0.0362299, 0.0066651,0.957105,0.96377
0.06,0.21 ,0.0376345, 0.00665063,0.955715,0.962365
0.06,0.22 ,0.0390135, 0.00663641,0.95435,0.960987
0.06,0.23 ,0.0403585, 0.00662241,0.953019,0.959642
0.06,0.24 ,0.0416613, 0.00660865,0.95173,0.958339
0.06,0.25 ,0.0429144, 0.00659512,0.95049,0.957086
0.06,0.26 ,0.0441107, 0.00658181,0.949307,0.955889
0.06,0.27 ,0.0452438, 0.00656872,0.948187,0.954756
0.06,0.28 ,0.0463085, 0.00655586,0.947136,0.953692
0.06,0.29 ,0.0473003, 0.00654321,0.946157,0.9527
0.06,0.3 ,0.048216, 0.00653078,0.945253,0.951784
0.06,0.31 ,0.0490536, 0.00651856,0.944428,0.950946
0.06,0.32 ,0.049812, 0.00650655,0.943681,0.950188
0.06,0.33 ,0.0504916, 0.00649475,0.943014,0.949508
0.06,0.34 ,0.0510934, 0.00648314,0.942423,0.948907
0.06,0.35 ,0.0516196, 0.00647174,0.941909,0.94838
0.06,0.36 ,0.052073, 0.00646054,0.941466,0.947927
0.06,0.37 ,0.0524573, 0.00644953,0.941093,0.947543
0.06,0.38 ,0.0527765, 0.00643871,0.940785,0.947223
0.06,0.39 ,0.0530351, 0.00642807,0.940537,0.946965
0.06,0.4 ,0.0532378, 0.00641762,0.940345,0.946762
0.06,0.41 ,0.0533893, 0.00640735,0.940203,0.946611
0.06,0.42 ,0.0534946, 0.00639725,0.940108,0.946505
0.06,0.43 ,0.0535585, 0.00638733,0.940054,0.946442
0.06,0.44 ,0.0535855, 0.00637758,0.940037,0.946414
0.06,0.45 ,0.0535802, 0.006368,0.940052,0.94642
0.06,0.46 ,0.0535467, 0.00635858,0.940095,0.946453
0.06,0.47 ,0.053489, 0.00634932,0.940162,0.946511
0.06,0.48 ,0.0534107, 0.00634022,0.940249,0.946589
0.06,0.49 ,0.0533151, 0.00633127,0.940354,0.946685
0.06,0.5 ,0.0532052, 0.00632247,0.940472,0.946795
0.06,0.51 ,0.0530839, 0.00631382,0.940602,0.946916
0.06,0.52 ,0.0529534, 0.00630532,0.940741,0.947047
0.06,0.53 ,0.0528161, 0.00629695,0.940887,0.947184
0.06,0.54 ,0.0526738, 0.00628873,0.941037,0.947326
0.06,0.55 ,0.0525283, 0.00628064,0.941191,0.947472
0.06,0.56 ,0.0523809, 0.00627269,0.941346,0.947619
0.06,0.57 ,0.0522329, 0.00626486,0.941502,0.947767
0.06,0.58 ,0.0520854, 0.00625716,0.941657,0.947915
0.06,0.59 ,0.0519394, 0.00624959,0.941811,0.948061
0.06,0.6 ,0.0517955, 0.00624214,0.941962,0.948204
0.06,0.61 ,0.0516545, 0.00623481,0.942111,0.948346
0.06,0.62 ,0.0515168, 0.00622759,0.942256,0.948483
0.06,0.63 ,0.0513829, 0.00622049,0.942397,0.948617
0.06,0.64 ,0.051253, 0.00621351,0.942534,0.948747
0.06,0.65 ,0.0511274, 0.00620663,0.942666,0.948873
0.06,0.66 ,0.0510064, 0.00619986,0.942794,0.948994
0.06,0.67 ,0.0508899, 0.00619319,0.942917,0.94911
0.06,0.68 ,0.0507781, 0.00618663,0.943035,0.949222
0.06,0.69 ,0.050671, 0.00618016,0.943149,0.949329
0.06,0.7 ,0.0505686, 0.0061738,0.943258,0.949431
0.06,0.71 ,0.0504708, 0.00616753,0.943362,0.949529
0.06,0.72 ,0.0503776, 0.00616135,0.943461,0.949622
0.06,0.73 ,0.0502888, 0.00615527,0.943556,0.949711
0.06,0.74 ,0.0502044, 0.00614928,0.943646,0.949796
0.06,0.75 ,0.0501243, 0.00614338,0.943732,0.949876
0.06,0.76 ,0.0500482, 0.00613756,0.943814,0.949952
0.06,0.77 ,0.0499761, 0.00613183,0.943892,0.950024
0.06,0.78 ,0.0499078, 0.00612618,0.943966,0.950092
0.06,0.79 ,0.0498432, 0.00612061,0.944036,0.950157
0.06,0.8 ,0.049782, 0.00611512,0.944103,0.950218
0.06,0.81 ,0.0497243, 0.00610971,0.944166,0.950276
0.06,0.82 ,0.0496697, 0.00610437,0.944226,0.95033
0.06,0.83 ,0.0496182, 0.00609911,0.944283,0.950382
0.06,0.84 ,0.0495695, 0.00609393,0.944337,0.95043
0.06,0.85 ,0.0495237, 0.00608881,0.944388,0.950476
0.06,0.86 ,0.0494804, 0.00608377,0.944436,0.95052
0.06,0.87 ,0.0494396, 0.00607879,0.944482,0.95056
0.06,0.88 ,0.0494012, 0.00607388,0.944525,0.950599
0.06,0.89 ,0.049365, 0.00606904,0.944566,0.950635
0.06,0.9 ,0.0493308, 0.00606426,0.944605,0.950669
0.06,0.91 ,0.0492987, 0.00605954,0.944642,0.950701
0.06,0.92 ,0.0492684, 0.00605489,0.944677,0.950732
0.06,0.93 ,0.0492398, 0.0060503,0.94471,0.95076
0.06,0.94 ,0.0492129, 0.00604577,0.944741,0.950787
0.06,0.95 ,0.0491875, 0.00604129,0.944771,0.950812
0.06,0.96 ,0.0491636, 0.00603688,0.944799,0.950836
0.06,0.97 ,0.0491411, 0.00603252,0.944826,0.950859
0.06,0.98 ,0.0491199, 0.00602821,0.944852,0.95088
0.06,0.99 ,0.0490998, 0.00602396,0.944876,0.9509
0.06,1 ,0.0490809, 0.00601976,0.944899,0.950919
0.07,0 ,0.0120581, 0.00699272,0.980949,0.987942
0.07,0.01 ,0.0128821, 0.00697325,0.980145,0.987118
0.07,0.02 ,0.0137512, 0.00695402,0.979295,0.986249
0.07,0.03 ,0.0146666, 0.00693504,0.978398,0.985333
0.07,0.04 ,0.0156292, 0.00691632,0.977454,0.984371
0.07,0.05 ,0.0166399, 0.00689785,0.976462,0.98336
0.07,0.06 ,0.0176992, 0.00687962,0.975421,0.982301
0.07,0.07 ,0.0188071, 0.00686165,0.974331,0.981193
0.07,0.08 ,0.0199635, 0.00684393,0.973193,0.980036
0.07,0.09 ,0.0211678, 0.00682646,0.972006,0.978832
0.07,0.1 ,0.0224186, 0.00680924,0.970772,0.977581
0.07,0.11 ,0.0237144, 0.00679227,0.969493,0.976286
0.07,0.12 ,0.0250526, 0.00677555,0.968172,0.974947
0.07,0.13 ,0.0264304, 0.00675908,0.966811,0.97357
0.07,0.14 ,0.0278438, 0.00674286,0.965413,0.972156
0.07,0.15 ,0.0292884, 0.00672688,0.963985,0.970712
0.07,0.16 ,0.0307589, 0.00671115,0.96253,0.969241
0.07,0.17 ,0.0322492, 0.00669567,0.961055,0.967751
0.07,0.18 ,0.0337524, 0.00668043,0.959567,0.966248
0.07,0.19 ,0.0352611, 0.00666543,0.958073,0.964739
0.07,0.2 ,0.0367673, 0.00665066,0.956582,0.963233
0.07,0.21 ,0.0382623, 0.00663614,0.955102,0.961738
0.07,0.22 ,0.0397374, 0.00662186,0.953641,0.960263
0.07,0.23 ,0.0411836, 0.0066078,0.952209,0.958816
0.07,0.24 ,0.0425919, 0.00659398,0.950814,0.957408
0.07,0.25 ,0.0439536, 0.00658039,0.949466,0.956046
0.07,0.26 ,0.0452607, 0.00656703,0.948172,0.954739
0.07,0.27 ,0.0465057, 0.00655389,0.94694,0.953494
0.07,0.28 ,0.0476819, 0.00654097,0.945777,0.952318
0.07,0.29 ,0.0487839, 0.00652828,0.944688,0.951216
0.07,0.3 ,0.0498073, 0.0065158,0.943677,0.950193
0.07,0.31 ,0.0507488, 0.00650353,0.942748,0.949251
0.07,0.32 ,0.0516067, 0.00649147,0.941902,0.948393
0.07,0.33 ,0.0523802, 0.00647962,0.94114,0.94762
0.07,0.34 ,0.0530699, 0.00646798,0.940462,0.94693
0.07,0.35 ,0.0536773, 0.00645653,0.939866,0.946323
0.07,0.36 ,0.0542052, 0.00644528,0.939349,0.945795
0.07,0.37 ,0.0546569, 0.00643423,0.938909,0.945343
0.07,0.38 ,0.0550364, 0.00642337,0.93854,0.944964
0.07,0.39 ,0.0553484, 0.0064127,0.938239,0.944652
0.07,0.4 ,0.0555978, 0.00640221,0.938,0.944402
0.07,0.41 ,0.0557897, 0.0063919,0.937818,0.94421
0.07,0.42 ,0.0559293, 0.00638177,0.937689,0.944071
0.07,0.43 ,0.056022, 0.00637182,0.937606,0.943978
0.07,0.44 ,0.0560729, 0.00636204,0.937565,0.943927
0.07,0.45 ,0.0560867, 0.00635242,0.937561,0.943913
0.07,0.46 ,0.0560683, 0.00634297,0.937589,0.943932
0.07,0.47 ,0.0560219, 0.00633368,0.937644,0.943978
0.07,0.48 ,0.0559518, 0.00632455,0.937724,0.944048
0.07,0.49 ,0.0558616, 0.00631558,0.937823,0.944138
0.07,0.5 ,0.0557547, 0.00630675,0.937939,0.944245
0.07,0.51 ,0.0556343, 0.00629808,0.938068,0.944366
0.07,0.52 ,0.0555031, 0.00628955,0.938207,0.944497
0.07,0.53 ,0.0553636, 0.00628116,0.938355,0.944636
0.07,0.54 ,0.055218, 0.00627292,0.938509,0.944782
0.07,0.55 ,0.0550681, 0.00626481,0.938667,0.944932
0.07,0.56 ,0.0549157, 0.00625683,0.938828,0.945084
0.07,0.57 ,0.0547621, 0.00624899,0.938989,0.945238
0.07,0.58 ,0.0546087, 0.00624127,0.93915,0.945391
0.07,0.59 ,0.0544564, 0.00623368,0.93931,0.945544
0.07,0.6 ,0.0543061, 0.00622621,0.939468,0.945694
0.07,0.61 ,0.0541586, 0.00621886,0.939623,0.945841
0.07,0.62 ,0.0540144, 0.00621163,0.939774,0.945986
0.07,0.63 ,0.053874, 0.00620452,0.939921,0.946126
0.07,0.64 ,0.0537378, 0.00619751,0.940065,0.946262
0.07,0.65 ,0.0536061, 0.00619062,0.940203,0.946394
0.07,0.66 ,0.0534791, 0.00618383,0.940337,0.946521
0.07,0.67 ,0.0533569, 0.00617715,0.940466,0.946643
0.07,0.68 ,0.0532396, 0.00617058,0.94059,0.94676
0.07,0.69 ,0.0531272, 0.0061641,0.940709,0.946873
0.07,0.7 ,0.0530198, 0.00615773,0.940822,0.94698
0.07,0.71 ,0.0529172, 0.00615145,0.940931,0.947083
0.07,0.72 ,0.0528195, 0.00614526,0.941035,0.947181
0.07,0.73 ,0.0527265, 0.00613917,0.941134,0.947274
0.07,0.74 ,0.052638, 0.00613316,0.941229,0.947362
0.07,0.75 ,0.0525541, 0.00612725,0.941319,0.947446
