e1,e2,V,Rs,Rv,P
0,0,0.0405125,0.00647171,0.953016,0.959487
0,0.01,0.0404743,0.00646651,0.953059,0.959526
0,0.02,0.0404324,0.00646136,0.953106,0.959568
0,0.03,0.0403871,0.00645626,0.953157,0.959613
0,0.04,0.0403386,0.0064512,0.95321,0.959661
0,0.05,0.0402874,0.00644619,0.953266,0.959713
0,0.06,0.0402337,0.00644123,0.953325,0.959766
0,0.07,0.0401778,0.00643632,0.953386,0.959822
0,0.08,0.04012,0.00643145,0.953449,0.95988
0,0.09,0.0400605,0.00642662,0.953513,0.95994
0,0.1,0.0399995,0.00642184,0.953579,0.96
0,0.11,0.0399374,0.0064171,0.953646,0.960063
0,0.12,0.0398742,0.00641241,0.953713,0.960126
0,0.13,0.0398102,0.00640776,0.953782,0.96019
0,0.14,0.0397455,0.00640315,0.953851,0.960254
0,0.15,0.0396804,0.00639858,0.953921,0.96032
0,0.16,0.039615,0.00639405,0.953991,0.960385
0,0.17,0.0395493,0.00638957,0.954061,0.960451
0,0.18,0.0394837,0.00638513,0.954131,0.960516
0,0.19,0.0394181,0.00638072,0.954201,0.960582
0,0.2,0.0393527,0.00637636,0.954271,0.960647
0,0.21,0.0392877,0.00637203,0.95434,0.960712
0,0.22,0.039223,0.00636774,0.954409,0.960777
0,0.23,0.0391588,0.0063635,0.954478,0.960841
0,0.24,0.0390951,0.00635928,0.954546,0.960905
0,0.25,0.0390321,0.00635511,0.954613,0.960968
0,0.26,0.0389698,0.00635097,0.954679,0.96103
0,0.27,0.0389082,0.00634687,0.954745,0.961092
0,0.28,0.0388475,0.00634281,0.95481,0.961153
0,0.29,0.0387876,0.00633878,0.954874,0.961212
0,0.3,0.0387286,0.00633479,0.954937,0.961271
0,0.31,0.0386705,0.00633083,0.954999,0.96133
0,0.32,0.0386134,0.00632691,0.95506,0.961387
0,0.33,0.0385573,0.00632302,0.95512,0.961443
0,0.34,0.0385021,0.00631916,0.955179,0.961498
0,0.35,0.038448,0.00631534,0.955237,0.961552
0,0.36,0.038395,0.00631154,0.955293,0.961605
0,0.37,0.038343,0.00630779,0.955349,0.961657
0,0.38,0.0382921,0.00630406,0.955404,0.961708
0,0.39,0.0382422,0.00630037,0.955457,0.961758
0,0.4,0.0381934,0.0062967,0.95551,0.961807
0,0.41,0.0381457,0.00629307,0.955561,0.961854
0,0.42,0.0380991,0.00628947,0.955611,0.961901
0,0.43,0.0380535,0.0062859,0.955661,0.961947
0,0.44,0.038009,0.00628236,0.955709,0.961991
0,0.45,0.0379655,0.00627885,0.955756,0.962034
0,0.46,0.0379231,0.00627536,0.955801,0.962077
0,0.47,0.0378818,0.00627191,0.955846,0.962118
0,0.48,0.0378415,0.00626848,0.95589,0.962159
0,0.49,0.0378021,0.00626509,0.955933,0.962198
0,0.5,0.0377638,0.00626172,0.955974,0.962236
0,0.51,0.0377265,0.00625838,0.956015,0.962273
0,0.52,0.0376902,0.00625506,0.956055,0.96231
0,0.53,0.0376548,0.00625177,0.956093,0.962345
0,0.54,0.0376204,0.00624851,0.956131,0.96238
0,0.55,0.0375869,0.00624528,0.956168,0.962413
0,0.56,0.0375543,0.00624207,0.956204,0.962446
0,0.57,0.0375227,0.00623889,0.956238,0.962477
0,0.58,0.0374919,0.00623573,0.956272,0.962508
0,0.59,0.0374619,0.0062326,0.956305,0.962538
0,0.6,0.0374328,0.00622949,0.956338,0.962567
0,0.61,0.0374046,0.00622641,0.956369,0.962595
0,0.62,0.0373771,0.00622335,0.9564,0.962623
0,0.63,0.0373504,0.00622031,0.956429,0.96265
0,0.64,0.0373245,0.0062173,0.956458,0.962675
0,0.65,0.0372994,0.00621432,0.956486,0.962701
0,0.66,0.037275,0.00621135,0.956514,0.962725
0,0.67,0.0372513,0.00620841,0.95654,0.962749
0,0.68,0.0372283,0.00620549,0.956566,0.962772
0,0.69,0.037206,0.0062026,0.956591,0.962794
0,0.7,0.0371844,0.00619972,0.956616,0.962816
0,0.71,0.0371634,0.00619687,0.95664,0.962837
0,0.72,0.037143,0.00619404,0.956663,0.962857
0,0.73,0.0371232,0.00619123,0.956686,0.962877
0,0.74,0.0371041,0.00618844,0.956707,0.962896
0,0.75,0.0370855,0.00618568,0.956729,0.962914
0,0.76,0.0370675,0.00618293,0.95675,0.962932
0,0.77,0.0370501,0.0061802,0.95677,0.96295
0,0.78,0.0370331,0.0061775,0.956789,0.962967
0,0.79,0.0370167,0.00617481,0.956808,0.962983
0,0.8,0.0370008,0.00617215,0.956827,0.962999
0,0.81,0.0369854,0.0061695,0.956845,0.963015
0,0.82,0.0369705,0.00616688,0.956863,0.96303
0,0.83,0.036956,0.00616427,0.95688,0.963044
0,0.84,0.036942,0.00616168,0.956896,0.963058
0,0.85,0.0369284,0.00615911,0.956913,0.963072
0,0.86,0.0369152,0.00615656,0.956928,0.963085
0,0.87,0.0369024,0.00615403,0.956944,0.963098
0,0.88,0.03689,0.00615151,0.956958,0.96311
0,0.89,0.036878,0.00614902,0.956973,0.963122
0,0.9,0.0368664,0.00614654,0.956987,0.963134
0,0.91,0.0368551,0.00614408,0.957001,0.963145
0,0.92,0.0368442,0.00614163,0.957014,0.963156
0,0.93,0.0368336,0.00613921,0.957027,0.963166
0,0.94,0.0368233,0.0061368,0.95704,0.963177
0,0.95,0.0368134,0.00613441,0.957052,0.963187
0,0.96,0.0368038,0.00613203,0.957064,0.963196
0,0.97,0.0367944,0.00612967,0.957076,0.963206
0,0.98,0.0367853,0.00612733,0.957087,0.963215
0,0.99,0.0367766,0.006125,0.957098,0.963223
0,1,0.036768,0.00612269,0.957109,0.963232
0.01,0,0.0424773,0.0064547,0.951068,0.957523
0.01,0.01,0.0424419,0.00644949,0.951109,0.957558
0.01,0.02,0.0424021,0.00644432,0.951154,0.957598
0.01,0.03,0.0423584,0.0064392,0.951202,0.957642
0.01,0.04,0.0423111,0.00643413,0.951255,0.957689
0.01,0.05,0.0422606,0.0064291,0.95131,0.957739
0.01,0.06,0.0422071,0.00642413,0.951369,0.957793
0.01,0.07,0.0421511,0.0064192,0.95143,0.957849
0.01,0.08,0.0420929,0.00641431,0.951493,0.957907
0.01,0.09,0.0420326,0.00640947,0.951558,0.957967
0.01,0.1,0.0419706,0.00640467,0.951625,0.958029
0.01,0.11,0.0419071,0.00639992,0.951693,0.958093
0.01,0.12,0.0418423,0.00639521,0.951762,0.958158
0.01,0.13,0.0417766,0.00639055,0.951833,0.958223
0.01,0.14,0.04171,0.00638592,0.951904,0.95829
0.01,0.15,0.0416427,0.00638134,0.951976,0.958357
0.01,0.16,0.041575,0.0063768,0.952048,0.958425
0.01,0.17,0.041507,0.00637231,0.952121,0.958493
0.01,0.18,0.0414389,0.00636785,0.952193,0.958561
0.01,0.19,0.0413707,0.00636343,0.952266,0.958629
0.01,0.2,0.0413027,0.00635906,0.952338,0.958697
0.01,0.21,0.0412349,0.00635472,0.95241,0.958765
0.01,0.22,0.0411675,0.00635042,0.952482,0.958833
0.01,0.23,0.0411005,0.00634616,0.952553,0.9589
0.01,0.24,0.041034,0.00634194,0.952624,0.958966
0.01,0.25,0.0409681,0.00633776,0.952694,0.959032
0.01,0.26,0.040903,0.00633361,0.952763,0.959097
0.01,0.27,0.0408386,0.0063295,0.952832,0.959161
0.01,0.28,0.040775,0.00632542,0.9529,0.959225
0.01,0.29,0.0407123,0.00632138,0.952966,0.959288
0.01,0.3,0.0406505,0.00631738,0.953032,0.95935
0.01,0.31,0.0405896,0.00631341,0.953097,0.95941
0.01,0.32,0.0405298,0.00630948,0.953161,0.95947
0.01,0.33,0.0404709,0.00630558,0.953224,0.959529
0.01,0.34,0.0404131,0.00630171,0.953285,0.959587
0.01,0.35,0.0403564,0.00629788,0.953346,0.959644
0.01,0.36,0.0403008,0.00629408,0.953405,0.959699
0.01,0.37,0.0402463,0.00629032,0.953463,0.959754
0.01,0.38,0.0401928,0.00628658,0.953521,0.959807
0.01,0.39,0.0401406,0.00628288,0.953577,0.959859
0.01,0.4,0.0400894,0.00627921,0.953631,0.959911
0.01,0.41,0.0400394,0.00627557,0.953685,0.959961
0.01,0.42,0.0399904,0.00627196,0.953738,0.96001
0.01,0.43,0.0399427,0.00626838,0.953789,0.960057
0.01,0.44,0.039896,0.00626483,0.953839,0.960104
0.01,0.45,0.0398505,0.00626131,0.953888,0.96015
0.01,0.46,0.039806,0.00625782,0.953936,0.960194
0.01,0.47,0.0397627,0.00625436,0.953983,0.960237
0.01,0.48,0.0397204,0.00625093,0.954029,0.96028
0.01,0.49,0.0396792,0.00624753,0.954073,0.960321
0.01,0.5,0.0396391,0.00624415,0.954117,0.960361
0.01,0.51,0.0396001,0.0062408,0.954159,0.9604
0.01,0.52,0.039562,0.00623748,0.954201,0.960438
0.01,0.53,0.039525,0.00623419,0.954241,0.960475
0.01,0.54,0.039489,0.00623092,0.95428,0.960511
0.01,0.55,0.0394539,0.00622768,0.954318,0.960546
0.01,0.56,0.0394198,0.00622447,0.954356,0.96058
0.01,0.57,0.0393867,0.00622128,0.954392,0.960613
0.01,0.58,0.0393545,0.00621812,0.954427,0.960646
0.01,0.59,0.0393232,0.00621498,0.954462,0.960677
0.01,0.6,0.0392928,0.00621187,0.954495,0.960707
0.01,0.61,0.0392633,0.00620878,0.954528,0.960737
0.01,0.62,0.0392346,0.00620571,0.95456,0.960765
0.01,0.63,0.0392067,0.00620267,0.954591,0.960793
0.01,0.64,0.0391797,0.00619966,0.954621,0.96082
0.01,0.65,0.0391534,0.00619667,0.95465,0.960847
0.01,0.66,0.039128,0.0061937,0.954678,0.960872
0.01,0.67,0.0391033,0.00619075,0.954706,0.960897
0.01,0.68,0.0390793,0.00618783,0.954733,0.960921
0.01,0.69,0.039056,0.00618493,0.954759,0.960944
0.01,0.7,0.0390335,0.00618205,0.954784,0.960967
0.01,0.71,0.0390116,0.00617919,0.954809,0.960988
0.01,0.72,0.0389904,0.00617636,0.954833,0.96101
0.01,0.73,0.0389699,0.00617354,0.954857,0.96103
0.01,0.74,0.0389499,0.00617075,0.954879,0.96105
0.01,0.75,0.0389306,0.00616798,0.954901,0.961069
0.01,0.76,0.0389119,0.00616523,0.954923,0.961088
0.01,0.77,0.0388937,0.0061625,0.954944,0.961106
0.01,0.78,0.0388761,0.00615979,0.954964,0.961124
0.01,0.79,0.0388591,0.0061571,0.954984,0.961141
0.01,0.8,0.0388425,0.00615444,0.955003,0.961157
0.01,0.81,0.0388265,0.00615179,0.955022,0.961173
0.01,0.82,0.038811,0.00614916,0.95504,0.961189
0.01,0.83,0.038796,0.00614655,0.955057,0.961204
0.01,0.84,0.0387814,0.00614395,0.955075,0.961219
0.01,0.85,0.0387673,0.00614138,0.955091,0.961233
0.01,0.86,0.0387536,0.00613883,0.955108,0.961246
0.01,0.87,0.0387404,0.00613629,0.955123,0.96126
0.01,0.88,0.0387275,0.00613377,0.955139,0.961272
0.01,0.89,0.0387151,0.00613127,0.955154,0.961285
0.01,0.9,0.0387031,0.00612879,0.955168,0.961297
0.01,0.91,0.0386914,0.00612633,0.955182,0.961309
0.01,0.92,0.0386801,0.00612388,0.955196,0.96132
0.01,0.93,0.0386691,0.00612145,0.955209,0.961331
0.01,0.94,0.0386585,0.00611904,0.955222,0.961342
0.01,0.95,0.0386482,0.00611665,0.955235,0.961352
0.01,0.96,0.0386382,0.00611427,0.955248,0.961362
0.01,0.97,0.0386285,0.00611191,0.95526,0.961371
0.01,0.98,0.0386192,0.00610956,0.955271,0.961381
0.01,0.99,0.0386101,0.00610723,0.955283,0.96139
0.01,1,0.0386013,0.00610492,0.955294,0.961399
0.02,0,0.0445244,0.00643794,0.949038,0.955476
0.02,0.01,0.0444925,0.00643271,0.949075,0.955507
0.02,0.02,0.0444556,0.00642752,0.949117,0.955544
0.02,0.03,0.0444141,0.00642239,0.949163,0.955586
0.02,0.04,0.0443685,0.0064173,0.949214,0.955631
0.02,0.05,0.0443192,0.00641226,0.949269,0.955681
0.02,0.06,0.0442665,0.00640726,0.949326,0.955734
0.02,0.07,0.0442107,0.00640232,0.949387,0.955789
0.02,0.08,0.0441523,0.00639741,0.94945,0.955848
0.02,0.09,0.0440915,0.00639256,0.949516,0.955908
0.02,0.1,0.0440287,0.00638775,0.949584,0.955971
0.02,0.11,0.0439641,0.00638298,0.949653,0.956036
0.02,0.12,0.0438979,0.00637826,0.949724,0.956102
0.02,0.13,0.0438305,0.00637358,0.949796,0.95617
0.02,0.14,0.043762,0.00636894,0.949869,0.956238
0.02,0.15,0.0436927,0.00636435,0.949943,0.956307
0.02,0.16,0.0436228,0.0063598,0.950017,0.956377
0.02,0.17,0.0435524,0.00635529,0.950092,0.956448
0.02,0.18,0.0434818,0.00635082,0.950167,0.956518
0.02,0.19,0.043411,0.00634639,0.950243,0.956589
0.02,0.2,0.0433403,0.006342,0.950318,0.95666
0.02,0.21,0.0432697,0.00633765,0.950393,0.95673
0.02,0.22,0.0431994,0.00633334,0.950467,0.956801
0.02,0.23,0.0431295,0.00632907,0.950541,0.95687
0.02,0.24,0.0430602,0.00632484,0.950615,0.95694
0.02,0.25,0.0429914,0.00632064,0.950688,0.957009
0.02,0.26,0.0429232,0.00631649,0.95076,0.957077
0.02,0.27,0.0428559,0.00631236,0.950832,0.957144
0.02,0.28,0.0427893,0.00630828,0.950902,0.957211
0.02,0.29,0.0427237,0.00630423,0.950972,0.957276
0.02,0.3,0.0426589,0.00630022,0.951041,0.957341
0.02,0.31,0.0425952,0.00629624,0.951109,0.957405
0.02,0.32,0.0425325,0.0062923,0.951175,0.957468
0.02,0.33,0.0424708,0.00628839,0.951241,0.957529
0.02,0.34,0.0424102,0.00628451,0.951305,0.95759
0.02,0.35,0.0423507,0.00628067,0.951369,0.957649
0.02,0.36,0.0422924,0.00627687,0.951431,0.957708
0.02,0.37,0.0422352,0.00627309,0.951492,0.957765
0.02,0.38,0.0421792,0.00626935,0.951551,0.957821
0.02,0.39,0.0421244,0.00626564,0.95161,0.957876
0.02,0.4,0.0420707,0.00626196,0.951667,0.957929
0.02,0.41,0.0420182,0.00625831,0.951723,0.957982
0.02,0.42,0.0419669,0.00625469,0.951778,0.958033
0.02,0.43,0.0419168,0.00625111,0.951832,0.958083
0.02,0.44,0.0418679,0.00624755,0.951885,0.958132
0.02,0.45,0.0418202,0.00624403,0.951936,0.95818
0.02,0.46,0.0417736,0.00624053,0.951986,0.958226
0.02,0.47,0.0417282,0.00623706,0.952035,0.958272
0.02,0.48,0.0416839,0.00623362,0.952083,0.958316
0.02,0.49,0.0416407,0.00623021,0.952129,0.958359
0.02,0.5,0.0415987,0.00622683,0.952174,0.958401
0.02,0.51,0.0415578,0.00622348,0.952219,0.958442
0.02,0.52,0.0415179,0.00622015,0.952262,0.958482
0.02,0.53,0.0414792,0.00621685,0.952304,0.958521
0.02,0.54,0.0414415,0.00621358,0.952345,0.958559
0.02,0.55,0.0414048,0.00621033,0.952385,0.958595
0.02,0.56,0.0413691,0.00620711,0.952424,0.958631
0.02,0.57,0.0413345,0.00620392,0.952462,0.958666
0.02,0.58,0.0413008,0.00620075,0.952498,0.958699
0.02,0.59,0.0412681,0.0061976,0.952534,0.958732
0.02,0.6,0.0412363,0.00619449,0.952569,0.958764
0.02,0.61,0.0412055,0.00619139,0.952603,0.958795
0.02,0.62,0.0411755,0.00618832,0.952636,0.958825
0.02,0.63,0.0411464,0.00618528,0.952668,0.958854
0.02,0.64,0.0411182,0.00618226,0.9527,0.958882
0.02,0.65,0.0410908,0.00617926,0.95273,0.958909
0.02,0.66,0.0410642,0.00617629,0.952759,0.958936
0.02,0.67,0.0410385,0.00617334,0.952788,0.958962
0.02,0.68,0.0410135,0.00617041,0.952816,0.958987
0.02,0.69,0.0409892,0.00616751,0.952843,0.959011
0.02,0.7,0.0409657,0.00616462,0.95287,0.959034
0.02,0.71,0.0409429,0.00616176,0.952895,0.959057
0.02,0.72,0.0409209,0.00615892,0.95292,0.959079
0.02,0.73,0.0408994,0.00615611,0.952944,0.959101
0.02,0.74,0.0408787,0.00615331,0.952968,0.959121
0.02,0.75,0.0408586,0.00615053,0.952991,0.959141
0.02,0.76,0.0408391,0.00614778,0.953013,0.959161
0.02,0.77,0.0408202,0.00614505,0.953035,0.95918
0.02,0.78,0.0408019,0.00614234,0.953056,0.959198
0.02,0.79,0.0407842,0.00613964,0.953076,0.959216
0.02,0.8,0.040767,0.00613697,0.953096,0.959233
0.02,0.81,0.0407504,0.00613432,0.953115,0.95925
0.02,0.82,0.0407343,0.00613168,0.953134,0.959266
0.02,0.83,0.0407187,0.00612907,0.953152,0.959281
0.02,0.84,0.0407036,0.00612647,0.95317,0.959296
0.02,0.85,0.0406889,0.0061239,0.953187,0.959311
0.02,0.86,0.0406748,0.00612134,0.953204,0.959325
0.02,0.87,0.040661,0.0061188,0.95322,0.959339
0.02,0.88,0.0406477,0.00611628,0.953236,0.959352
0.02,0.89,0.0406348,0.00611378,0.953251,0.959365
0.02,0.9,0.0406223,0.00611129,0.953266,0.959378
0.02,0.91,0.0406102,0.00610883,0.953281,0.95939
0.02,0.92,0.0405985,0.00610638,0.953295,0.959401
0.02,0.93,0.0405872,0.00610395,0.953309,0.959413
0.02,0.94,0.0405762,0.00610153,0.953322,0.959424
0.02,0.95,0.0405655,0.00609913,0.953335,0.959434
0.02,0.96,0.0405552,0.00609675,0.953348,0.959445
0.02,0.97,0.0405452,0.00609439,0.95336,0.959455
0.02,0.98,0.0405355,0.00609204,0.953372,0.959464
0.02,0.99,0.0405261,0.00608971,0.953384,0.959474
0.02,1,0.040517,0.00608739,0.953396,0.959483
0.03,0,0.0466563,0.00642142,0.946922,0.953344
0.03,0.01,0.0466289,0.00641617,0.946955,0.953371
0.03,0.02,0.0465957,0.00641097,0.946993,0.953404
0.03,0.03,0.0465573,0.00640581,0.947037,0.953443
0.03,0.04,0.0465141,0.00640071,0.947085,0.953486
0.03,0.05,0.0464665,0.00639565,0.947138,0.953534
0.03,0.06,0.046415,0.00639064,0.947194,0.953585
0.03,0.07,0.04636,0.00638568,0.947254,0.95364
0.03,0.08,0.0463018,0.00638076,0.947317,0.953698
0.03,0.09,0.0462408,0.00637589,0.947383,0.953759
0.03,0.1,0.0461775,0.00637107,0.947451,0.953823
0.03,0.11,0.0461119,0.00636629,0.947522,0.953888
0.03,0.12,0.0460446,0.00636155,0.947594,0.953955
0.03,0.13,0.0459756,0.00635686,0.947668,0.954024
0.03,0.14,0.0459054,0.00635221,0.947742,0.954095
0.03,0.15,0.0458341,0.0063476,0.947818,0.954166
0.03,0.16,0.045762,0.00634303,0.947895,0.954238
0.03,0.17,0.0456893,0.00633851,0.947972,0.954311
0.03,0.18,0.0456162,0.00633403,0.94805,0.954384
0.03,0.19,0.0455428,0.00632959,0.948128,0.954457
0.03,0.2,0.0454693,0.00632519,0.948205,0.954531
0.03,0.21,0.0453959,0.00632083,0.948283,0.954604
0.03,0.22,0.0453227,0.00631651,0.948361,0.954677
0.03,0.23,0.0452499,0.00631222,0.948438,0.95475
0.03,0.24,0.0451775,0.00630798,0.948515,0.954823
0.03,0.25,0.0451057,0.00630377,0.948591,0.954894
0.03,0.26,0.0450345,0.00629961,0.948666,0.954966
0.03,0.27,0.044964,0.00629547,0.94874,0.955036
0.03,0.28,0.0448944,0.00629138,0.948814,0.955106
0.03,0.29,0.0448257,0.00628732,0.948887,0.955174
0.03,0.3,0.0447579,0.0062833,0.948959,0.955242
0.03,0.31,0.0446911,0.00627931,0.94903,0.955309
0.03,0.32,0.0446254,0.00627536,0.949099,0.955375
0.03,0.33,0.0445607,0.00627144,0.949168,0.955439
0.03,0.34,0.0444972,0.00626756,0.949235,0.955503
0.03,0.35,0.0444349,0.00626371,0.949301,0.955565
0.03,0.36,0.0443737,0.00625989,0.949366,0.955626
0.03,0.37,0.0443137,0.00625611,0.94943,0.955686
0.03,0.38,0.044255,0.00625236,0.949493,0.955745
0.03,0.39,0.0441974,0.00624864,0.949554,0.955803
0.03,0.4,0.0441412,0.00624495,0.949614,0.955859
0.03,0.41,0.0440861,0.0062413,0.949673,0.955914
0.03,0.42,0.0440323,0.00623767,0.94973,0.955968
0.03,0.43,0.0439798,0.00623408,0.949786,0.95602
0.03,0.44,0.0439285,0.00623052,0.949841,0.956072
0.03,0.45,0.0438784,0.00622698,0.949895,0.956122
0.03,0.46,0.0438296,0.00622348,0.949947,0.95617
0.03,0.47,0.043782,0.00622,0.949998,0.956218
0.03,0.48,0.0437356,0.00621656,0.950048,0.956264
0.03,0.49,0.0436903,0.00621314,0.950097,0.95631
0.03,0.5,0.0436463,0.00620975,0.950144,0.956354
0.03,0.51,0.0436034,0.00620639,0.95019,0.956397
0.03,0.52,0.0435617,0.00620306,0.950235,0.956438
0.03,0.53,0.0435211,0.00619976,0.950279,0.956479
0.03,0.54,0.0434817,0.00619648,0.950322,0.956518
0.03,0.55,0.0434433,0.00619322,0.950363,0.956557
0.03,0.56,0.043406,0.00619,0.950404,0.956594
0.03,0.57,0.0433697,0.0061868,0.950443,0.95663
0.03,0.58,0.0433345,0.00618363,0.950482,0.956665
0.03,0.59,0.0433003,0.00618048,0.950519,0.9567
0.03,0.6,0.0432671,0.00617735,0.950556,0.956733
0.03,0.61,0.0432349,0.00617425,0.950591,0.956765
0.03,0.62,0.0432036,0.00617118,0.950625,0.956796
0.03,0.63,0.0431732,0.00616813,0.950659,0.956827
0.03,0.64,0.0431437,0.00616511,0.950691,0.956856
0.03,0.65,0.0431151,0.0061621,0.950723,0.956885
0.03,0.66,0.0430874,0.00615913,0.950753,0.956913
0.03,0.67,0.0430605,0.00615617,0.950783,0.956939
0.03,0.68,0.0430345,0.00615324,0.950812,0.956966
0.03,0.69,0.0430092,0.00615033,0.95084,0.956991
0.03,0.7,0.0429847,0.00614744,0.950868,0.957015
0.03,0.71,0.042961,0.00614458,0.950894,0.957039
0.03,0.72,0.042938,0.00614173,0.95092,0.957062
0.03,0.73,0.0429157,0.00613891,0.950945,0.957084
0.03,0.74,0.0428941,0.00613611,0.95097,0.957106
0.03,0.75,0.0428732,0.00613333,0.950994,0.957127
0.03,0.76,0.0428529,0.00613058,0.951017,0.957147
0.03,0.77,0.0428333,0.00612784,0.951039,0.957167
0.03,0.78,0.0428142,0.00612512,0.951061,0.957186
0.03,0.79,0.0427958,0.00612243,0.951082,0.957204
0.03,0.8,0.042778,0.00611975,0.951102,0.957222
0.03,0.81,0.0427607,0.00611709,0.951122,0.957239
0.03,0.82,0.042744,0.00611446,0.951142,0.957256
0.03,0.83,0.0427278,0.00611184,0.95116,0.957272
0.03,0.84,0.0427121,0.00610924,0.951179,0.957288
0.03,0.85,0.0426969,0.00610666,0.951196,0.957303
0.03,0.86,0.0426822,0.0061041,0.951214,0.957318
0.03,0.87,0.042668,0.00610156,0.95123,0.957332
0.03,0.88,0.0426542,0.00609904,0.951247,0.957346
0.03,0.89,0.0426408,0.00609653,0.951263,0.957359
0.03,0.9,0.0426279,0.00609404,0.951278,0.957372
0.03,0.91,0.0426154,0.00609157,0.951293,0.957385
0.03,0.92,0.0426032,0.00608912,0.951308,0.957397
0.03,0.93,0.0425915,0.00608669,0.951322,0.957409
0.03,0.94,0.0425801,0.00608427,0.951336,0.95742
0.03,0.95,0.0425691,0.00608187,0.951349,0.957431
0.03,0.96,0.0425584,0.00607948,0.951362,0.957442
0.03,0.97,0.0425481,0.00607712,0.951375,0.957452
0.03,0.98,0.042538,0.00607477,0.951387,0.957462
0.03,0.99,0.0425283,0.00607243,0.951399,0.957472
0.03,1,0.0425189,0.00607011,0.951411,0.957481
0.04,0,0.0488758,0.00640514,0.944719,0.951124
0.04,0.01,0.0488539,0.00639987,0.944746,0.951146
0.04,0.02,0.0488254,0.00639465,0.94478,0.951175
0.04,0.03,0.0487909,0.00638948,0.94482,0.951209
0.04,0.04,0.0487508,0.00638436,0.944865,0.951249
0.04,0.05,0.0487057,0.00637929,0.944915,0.951294
0.04,0.06,0.0486561,0.00637426,0.94497,0.951344
0.04,0.07,0.0486023,0.00636928,0.945028,0.951398
0.04,0.08,0.0485449,0.00636435,0.945091,0.951455
0.04,0.09,0.0484842,0.00635947,0.945156,0.951516
0.04,0.1,0.0484206,0.00635463,0.945225,0.951579
0.04,0.11,0.0483544,0.00634983,0.945296,0.951646
0.04,0.12,0.0482861,0.00634508,0.945369,0.951714
0.04,0.13,0.0482159,0.00634037,0.945444,0.951784
0.04,0.14,0.0481441,0.00633571,0.94552,0.951856
0.04,0.15,0.0480709,0.00633109,0.945598,0.951929
0.04,0.16,0.0479968,0.00632651,0.945677,0.952003
0.04,0.17,0.0479217,0.00632198,0.945756,0.952078
0.04,0.18,0.0478461,0.00631748,0.945836,0.952154
0.04,0.19,0.0477701,0.00631303,0.945917,0.95223
0.04,0.2,0.0476939,0.00630862,0.945998,0.952306
0.04,0.21,0.0476176,0.00630425,0.946078,0.952382
0.04,0.22,0.0475414,0.00629991,0.946159,0.952459
0.04,0.23,0.0474656,0.00629562,0.946239,0.952534
0.04,0.24,0.0473901,0.00629136,0.946319,0.95261
0.04,0.25,0.0473151,0.00628715,0.946398,0.952685
0.04,0.26,0.0472407,0.00628297,0.946476,0.952759
0.04,0.27,0.0471671,0.00627883,0.946554,0.952833
0.04,0.28,0.0470943,0.00627472,0.946631,0.952906
0.04,0.29,0.0470223,0.00627065,0.946707,0.952978
0.04,0.3,0.0469514,0.00626662,0.946782,0.953049
0.04,0.31,0.0468814,0.00626263,0.946856,0.953119
0.04,0.32,0.0468125,0.00625866,0.946929,0.953187
0.04,0.33,0.0467448,0.00625474,0.947,0.953255
0.04,0.34,0.0466782,0.00625085,0.947071,0.953322
0.04,0.35,0.0466128,0.00624699,0.94714,0.953387
0.04,0.36,0.0465486,0.00624316,0.947208,0.953451
0.04,0.37,0.0464857,0.00623937,0.947275,0.953514
0.04,0.38,0.0464241,0.00623561,0.94734,0.953576
0.04,0.39,0.0463638,0.00623189,0.947404,0.953636
0.04,0.4,0.0463047,0.00622819,0.947467,0.953695
0.04,0.41,0.046247,0.00622453,0.947528,0.953753
0.04,0.42,0.0461906,0.0062209,0.947589,0.953809
0.04,0.43,0.0461355,0.0062173,0.947647,0.953865
0.04,0.44,0.0460817,0.00621372,0.947705,0.953918
0.04,0.45,0.0460292,0.00621018,0.947761,0.953971
0.04,0.46,0.045978,0.00620667,0.947815,0.954022
0.04,0.47,0.045928,0.00620319,0.947869,0.954072
0.04,0.48,0.0458794,0.00619974,0.947921,0.954121
0.04,0.49,0.045832,0.00619632,0.947972,0.954168
0.04,0.5,0.0457859,0.00619292,0.948021,0.954214
0.04,0.51,0.045741,0.00618956,0.948069,0.954259
0.04,0.52,0.0456973,0.00618622,0.948117,0.954303
0.04,0.53,0.0456548,0.00618291,0.948162,0.954345
0.04,0.54,0.0456134,0.00617962,0.948207,0.954387
0.04,0.55,0.0455733,0.00617636,0.94825,0.954427
0.04,0.56,0.0455342,0.00617313,0.948293,0.954466
0.04,0.57,0.0454963,0.00616993,0.948334,0.954504
0.04,0.58,0.0454595,0.00616675,0.948374,0.954541
0.04,0.59,0.0454237,0.00616359,0.948413,0.954576
0.04,0.6,0.045389,0.00616047,0.948451,0.954611
0.04,0.61,0.0453553,0.00615736,0.948487,0.954645
0.04,0.62,0.0453226,0.00615428,0.948523,0.954677
0.04,0.63,0.0452909,0.00615123,0.948558,0.954709
0.04,0.64,0.0452601,0.0061482,0.948592,0.95474
0.04,0.65,0.0452303,0.00614519,0.948625,0.95477
0.04,0.66,0.0452014,0.00614221,0.948656,0.954799
0.04,0.67,0.0451733,0.00613925,0.948687,0.954827
0.04,0.68,0.0451462,0.00613631,0.948718,0.954854
0.04,0.69,0.0451198,0.0061334,0.948747,0.95488
0.04,0.7,0.0450943,0.00613051,0.948775,0.954906
0.04,0.71,0.0450696,0.00612764,0.948803,0.95493
0.04,0.72,0.0450456,0.00612479,0.94883,0.954954
0.04,0.73,0.0450224,0.00612197,0.948856,0.954978
0.04,0.74,0.0449999,0.00611916,0.948881,0.955
0.04,0.75,0.0449782,0.00611638,0.948905,0.955022
0.04,0.76,0.0449571,0.00611362,0.948929,0.955043
0.04,0.77,0.0449367,0.00611088,0.948952,0.955063
0.04,0.78,0.0449169,0.00610816,0.948975,0.955083
0.04,0.79,0.0448978,0.00610546,0.948997,0.955102
0.04,0.8,0.0448792,0.00610278,0.949018,0.955121
0.04,0.81,0.0448613,0.00610012,0.949039,0.955139
0.04,0.82,0.0448439,0.00609748,0.949059,0.955156
0.04,0.83,0.0448271,0.00609486,0.949078,0.955173
0.04,0.84,0.0448108,0.00609226,0.949097,0.955189
0.04,0.85,0.0447951,0.00608967,0.949115,0.955205
0.04,0.86,0.0447798,0.00608711,0.949133,0.95522
0.04,0.87,0.0447651,0.00608456,0.94915,0.955235
0.04,0.88,0.0447508,0.00608204,0.949167,0.955249
0.04,0.89,0.0447369,0.00607953,0.949184,0.955263
0.04,0.9,0.0447235,0.00607704,0.949199,0.955276
0.04,0.91,0.0447106,0.00607457,0.949215,0.955289
0.04,0.92,0.044698,0.00607211,0.94923,0.955302
0.04,0.93,0.0446859,0.00606967,0.949244,0.955314
0.04,0.94,0.0446741,0.00606725,0.949259,0.955326
0.04,0.95,0.0446627,0.00606485,0.949272,0.955337
0.04,0.96,0.0446516,0.00606246,0.949286,0.955348
0.04,0.97,0.044641,0.00606009,0.949299,0.955359
0.04,0.98,0.0446306,0.00605774,0.949312,0.955369
0.04,0.99,0.0446206,0.0060554,0.949324,0.955379
0.04,1,0.0446108,0.00605308,0.949336,0.955389
0.05,0,0.0511851,0.0063891,0.942426,0.948815
0.05,0.01,0.0511701,0.00638381,0.942446,0.94883
0.05,0.02,0.0511475,0.00637858,0.942474,0.948853
0.05,0.03,0.0511179,0.00637339,0.942509,0.948882
0.05,0.04,0.051082,0.00636825,0.94255,0.948918
0.05,0.05,0.0510402,0.00636316,0.942597,0.94896
0.05,0.06,0.0509931,0.00635812,0.942649,0.949007
0.05,0.07,0.0509413,0.00635313,0.942706,0.949059
0.05,0.08,0.0508852,0.00634818,0.942767,0.949115
0.05,0.09,0.0508252,0.00634328,0.942831,0.949175
0.05,0.1,0.0507619,0.00633843,0.9429,0.949238
0.05,0.11,0.0506955,0.00633362,0.942971,0.949305
0.05,0.12,0.0506265,0.00632885,0.943045,0.949374
0.05,0.13,0.0505552,0.00632413,0.943121,0.949445
0.05,0.14,0.050482,0.00631946,0.943199,0.949518
0.05,0.15,0.0504072,0.00631482,0.943278,0.949593
0.05,0.16,0.050331,0.00631023,0.943359,0.949669
0.05,0.17,0.0502538,0.00630569,0.943441,0.949746
0.05,0.18,0.0501758,0.00630118,0.943523,0.949824
0.05,0.19,0.0500971,0.00629671,0.943606,0.949903
0.05,0.2,0.0500181,0.00629229,0.94369,0.949982
0.05,0.21,0.049939,0.00628791,0.943773,0.950061
0.05,0.22,0.0498598,0.00628356,0.943857,0.95014
0.05,0.23,0.0497808,0.00627926,0.94394,0.950219
0.05,0.24,0.0497021,0.00627499,0.944023,0.950298
0.05,0.25,0.0496239,0.00627076,0.944105,0.950376
0.05,0.26,0.0495462,0.00626658,0.944187,0.950454
0.05,0.27,0.0494693,0.00626242,0.944268,0.950531
0.05,0.28,0.0493931,0.00625831,0.944349,0.950607
0.05,0.29,0.0493179,0.00625423,0.944428,0.950682
0.05,0.3,0.0492436,0.00625019,0.944506,0.950756
0.05,0.31,0.0491703,0.00624618,0.944584,0.95083
0.05,0.32,0.0490981,0.00624221,0.94466,0.950902
0.05,0.33,0.0490271,0.00623828,0.944735,0.950973
0.05,0.34,0.0489573,0.00623438,0.944808,0.951043
0.05,0.35,0.0488888,0.00623051,0.944881,0.951111
0.05,0.36,0.0488215,0.00622668,0.944952,0.951179
0.05,0.37,0.0487555,0.00622288,0.945022,0.951244
0.05,0.38,0.0486909,0.00621911,0.94509,0.951309
0.05,0.39,0.0486276,0.00621538,0.945157,0.951372
0.05,0.4,0.0485656,0.00621167,0.945223,0.951434
0.05,0.41,0.0485051,0.006208,0.945287,0.951495
0.05,0.42,0.0484459,0.00620436,0.94535,0.951554
0.05,0.43,0.048388,0.00620076,0.945411,0.951612
0.05,0.44,0.0483316,0.00619718,0.945471,0.951668
0.05,0.45,0.0482765,0.00619363,0.94553,0.951723
0.05,0.46,0.0482228,0.00619011,0.945587,0.951777
0.05,0.47,0.0481705,0.00618663,0.945643,0.951829
0.05,0.48,0.0481195,0.00618317,0.945697,0.95188
0.05,0.49,0.0480698,0.00617974,0.94575,0.95193
0.05,0.5,0.0480215,0.00617634,0.945802,0.951979
0.05,0.51,0.0479744,0.00617296,0.945853,0.952026
0.05,0.52,0.0479287,0.00616962,0.945902,0.952071
0.05,0.53,0.0478842,0.0061663,0.94595,0.952116
0.05,0.54,0.0478409,0.00616301,0.945996,0.952159
0.05,0.55,0.0477988,0.00615975,0.946041,0.952201
0.05,0.56,0.047758,0.00615651,0.946086,0.952242
0.05,0.57,0.0477183,0.0061533,0.946128,0.952282
0.05,0.58,0.0476798,0.00615012,0.94617,0.95232
0.05,0.59,0.0476424,0.00614696,0.946211,0.952358
0.05,0.6,0.0476061,0.00614382,0.94625,0.952394
0.05,0.61,0.0475709,0.00614071,0.946288,0.952429
0.05,0.62,0.0475367,0.00613763,0.946326,0.952463
0.05,0.63,0.0475036,0.00613457,0.946362,0.952496
0.05,0.64,0.0474715,0.00613154,0.946397,0.952529
0.05,0.65,0.0474404,0.00612853,0.946431,0.95256
0.05,0.66,0.0474102,0.00612554,0.946464,0.95259
0.05,0.67,0.0473809,0.00612257,0.946496,0.952619
0.05,0.68,0.0473526,0.00611963,0.946528,0.952647
0.05,0.69,0.0473251,0.00611672,0.946558,0.952675
0.05,0.7,0.0472985,0.00611382,0.946588,0.952701
0.05,0.71,0.0472728,0.00611095,0.946616,0.952727
0.05,0.72,0.0472478,0.0061081,0.946644,0.952752
0.05,0.73,0.0472237,0.00610527,0.946671,0.952776
0.05,0.74,0.0472003,0.00610246,0.946697,0.9528
0.05,0.75,0.0471776,0.00609967,0.946723,0.952822
0.05,0.76,0.0471557,0.00609691,0.946747,0.952844
0.05,0.77,0.0471345,0.00609416,0.946771,0.952866
0.05,0.78,0.0471139,0.00609144,0.946795,0.952886
0.05,0.79,0.047094,0.00608874,0.946817,0.952906
0.05,0.8,0.0470748,0.00608605,0.946839,0.952925
0.05,0.81,0.0470562,0.00608339,0.94686,0.952944
0.05,0.82,0.0470381,0.00608075,0.946881,0.952962
0.05,0.83,0.0470207,0.00607812,0.946901,0.952979
0.05,0.84,0.0470038,0.00607552,0.946921,0.952996
0.05,0.85,0.0469875,0.00607293,0.94694,0.953013
0.05,0.86,0.0469716,0.00607036,0.946958,0.953028
0.05,0.87,0.0469563,0.00606782,0.946976,0.953044
0.05,0.88,0.0469415,0.00606529,0.946993,0.953058
0.05,0.89,0.0469272,0.00606277,0.94701,0.953073
0.05,0.9,0.0469133,0.00606028,0.947026,0.953087
0.05,0.91,0.0468999,0.00605781,0.947042,0.9531
0.05,0.92,0.0468869,0.00605535,0.947058,0.953113
0.05,0.93,0.0468743,0.00605291,0.947073,0.953126
0.05,0.94,0.0468621,0.00605048,0.947087,0.953138
0.05,0.95,0.0468503,0.00604808,0.947102,0.95315
0.05,0.96,0.0468389,0.00604569,0.947115,0.953161
0.05,0.97,0.0468279,0.00604332,0.947129,0.953172
0.05,0.98,0.0468172,0.00604096,0.947142,0.953183
0.05,0.99,0.0468068,0.00603862,0.947155,0.953193
0.05,1,0.0467968,0.0060363,0.947167,0.953203
0.06,0,0.0535869,0.0063733,0.94004,0.946413
0.06,0.01,0.0535802,0.006368,0.940052,0.94642
0.06,0.02,0.0535648,0.00636275,0.940072,0.946435
0.06,0.03,0.0535415,0.00635754,0.940101,0.946459
0.06,0.04,0.0535107,0.00635239,0.940137,0.946489
0.06,0.05,0.0534733,0.00634728,0.940179,0.946527
0.06,0.06,0.0534297,0.00634223,0.940228,0.94657
0.06,0.07,0.0533806,0.00633722,0.940282,0.946619
0.06,0.08,0.0533265,0.00633225,0.940341,0.946674
0.06,0.09,0.0532678,0.00632734,0.940405,0.946732
0.06,0.1,0.0532052,0.00632247,0.940472,0.946795
0.06,0.11,0.0531391,0.00631765,0.940543,0.946861
0.06,0.12,0.0530698,0.00631287,0.940617,0.94693
0.06,0.13,0.0529978,0.00630814,0.940694,0.947002
0.06,0.14,0.0529234,0.00630345,0.940773,0.947077
0.06,0.15,0.0528471,0.0062988,0.940854,0.947153
0.06,0.16,0.0527692,0.0062942,0.940937,0.947231
0.06,0.17,0.0526898,0.00628964,0.941021,0.94731
0.06,0.18,0.0526095,0.00628512,0.941105,0.947391
0.06,0.19,0.0525283,0.00628064,0.941191,0.947472
0.06,0.2,0.0524465,0.0062762,0.941277,0.947553
0.06,0.21,0.0523644,0.00627181,0.941364,0.947636
0.06,0.22,0.0522822,0.00626745,0.94145,0.947718
0.06,0.23,0.0522,0.00626314,0.941537,0.9478
0.06,0.24,0.0521181,0.00625886,0.941623,0.947882
0.06,0.25,0.0520365,0.00625462,0.941709,0.947963
0.06,0.26,0.0519555,0.00625043,0.941794,0.948044
0.06,0.27,0.0518751,0.00624626,0.941879,0.948125
0.06,0.28,0.0517955,0.00624214,0.941962,0.948204
0.06,0.29,0.0517168,0.00623805,0.942045,0.948283
0.06,0.3,0.051639,0.006234,0.942127,0.948361
0.06,0.31,0.0515623,0.00622999,0.942208,0.948438
0.06,0.32,0.0514867,0.00622601,0.942287,0.948513
0.06,0.33,0.0514123,0.00622206,0.942366,0.948588
0.06,0.34,0.0513391,0.00621815,0.942443,0.948661
0.06,0.35,0.0512672,0.00621428,0.942519,0.948733
0.06,0.36,0.0511966,0.00621043,0.942593,0.948803
0.06,0.37,0.0511274,0.00620663,0.942666,0.948873
0.06,0.38,0.0510596,0.00620285,0.942738,0.94894
0.06,0.39,0.0509932,0.00619911,0.942808,0.949007
0.06,0.4,0.0509282,0.0061954,0.942876,0.949072
0.06,0.41,0.0508647,0.00619172,0.942944,0.949135
0.06,0.42,0.0508025,0.00618808,0.943009,0.949197
0.06,0.43,0.0507419,0.00618446,0.943074,0.949258
0.06,0.44,0.0506827,0.00618088,0.943136,0.949317
0.06,0.45,0.0506249,0.00617732,0.943198,0.949375
0.06,0.46,0.0505686,0.0061738,0.943258,0.949431
0.06,0.47,0.0505137,0.0061703,0.943316,0.949486
0.06,0.48,0.0504602,0.00616684,0.943373,0.94954
0.06,0.49,0.0504082,0.0061634,0.943428,0.949592
0.06,0.5,0.0503575,0.00616,0.943483,0.949643
0.06,0.51,0.0503082,0.00615662,0.943535,0.949692
0.06,0.52,0.0502602,0.00615327,0.943587,0.94974
0.06,0.53,0.0502136,0.00614994,0.943636,0.949786
0.06,0.54,0.0501683,0.00614665,0.943685,0.949832
0.06,0.55,0.0501243,0.00614338,0.943732,0.949876
0.06,0.56,0.0500815,0.00614013,0.943778,0.949918
0.06,0.57,0.05004,0.00613692,0.943823,0.94996
0.06,0.58,0.0499997,0.00613373,0.943867,0.95
0.06,0.59,0.0499606,0.00613057,0.943909,0.950039
0.06,0.6,0.0499227,0.00612743,0.94395,0.950077
0.06,0.61,0.0498859,0.00612431,0.94399,0.950114
0.06,0.62,0.0498502,0.00612122,0.944029,0.95015
0.06,0.63,0.0498156,0.00611816,0.944066,0.950184
0.06,0.64,0.049782,0.00611512,0.944103,0.950218
0.06,0.65,0.0497495,0.00611211,0.944138,0.95025
0.06,0.66,0.049718,0.00610911,0.944173,0.950282
0.06,0.67,0.0496875,0.00610614,0.944206,0.950312
0.06,0.68,0.049658,0.0061032,0.944239,0.950342
0.06,0.69,0.0496294,0.00610028,0.94427,0.950371
0.06,0.7,0.0496016,0.00609738,0.944301,0.950398
0.06,0.71,0.0495748,0.0060945,0.944331,0.950425
0.06,0.72,0.0495488,0.00609165,0.94436,0.950451
0.06,0.73,0.0495237,0.00608881,0.944388,0.950476
0.06,0.74,0.0494993,0.006086,0.944415,0.950501
0.06,0.75,0.0494758,0.00608321,0.944441,0.950524
0.06,0.76,0.049453,0.00608044,0.944467,0.950547
0.06,0.77,0.0494309,0.00607769,0.944491,0.950569
0.06,0.78,0.0494095,0.00607497,0.944516,0.95059
0.06,0.79,0.0493889,0.00607226,0.944539,0.950611
0.06,0.8,0.0493689,0.00606957,0.944562,0.950631
0.06,0.81,0.0493495,0.00606691,0.944584,0.95065
0.06,0.82,0.0493308,0.00606426,0.944605,0.950669
0.06,0.83,0.0493127,0.00606163,0.944626,0.950687
0.06,0.84,0.0492952,0.00605902,0.944646,0.950705
0.06,0.85,0.0492783,0.00605644,0.944665,0.950722
0.06,0.86,0.0492619,0.00605387,0.944684,0.950738
0.06,0.87,0.049246,0.00605131,0.944703,0.950754
0.06,0.88,0.0492307,0.00604878,0.944721,0.950769
0.06,0.89,0.0492158,0.00604627,0.944738,0.950784
0.06,0.9,0.0492014,0.00604377,0.944755,0.950799
0.06,0.91,0.0491875,0.00604129,0.944771,0.950812
0.06,0.92,0.0491741,0.00603883,0.944787,0.950826
0.06,0.93,0.0491611,0.00603639,0.944803,0.950839
0.06,0.94,0.0491485,0.00603396,0.944818,0.950852
0.06,0.95,0.0491363,0.00603155,0.944832,0.950864
0.06,0.96,0.0491245,0.00602916,0.944846,0.950876
0.06,0.97,0.049113,0.00602679,0.94486,0.950887
0.06,0.98,0.049102,0.00602443,0.944874,0.950898
0.06,0.99,0.0490913,0.00602209,0.944887,0.950909
0.06,1,0.0490809,0.00601976,0.944899,0.950919
0.07,0,0.0560833,0.00635774,0.937559,0.943917
0.07,0.01,0.0560867,0.00635242,0.937561,0.943913
0.07,0.02,0.0560802,0.00634715,0.937573,0.94392
0.07,0.03,0.0560644,0.00634193,0.937594,0.943936
0.07,0.04,0.0560402,0.00633676,0.937623,0.94396
0.07,0.05,0.0560083,0.00633164,0.93766,0.943992
0.07,0.06,0.0559692,0.00632657,0.937704,0.944031
0.07,0.07,0.0559238,0.00632154,0.937755,0.944076
0.07,0.08,0.0558725,0.00631657,0.937811,0.944128
0.07,0.09,0.0558159,0.00631164,0.937872,0.944184
0.07,0.1,0.0557547,0.00630675,0.937939,0.944245
0.07,0.11,0.0556893,0.00630192,0.938009,0.944311
0.07,0.12,0.0556202,0.00629712,0.938083,0.94438
0.07,0.13,0.0555479,0.00629238,0.93816,0.944452
0.07,0.14,0.0554727,0.00628768,0.93824,0.944527
0.07,0.15,0.0553952,0.00628302,0.938322,0.944605
0.07,0.16,0.0553156,0.0062784,0.938406,0.944684
0.07,0.17,0.0552344,0.00627383,0.938492,0.944766
0.07,0.18,0.0551518,0.0062693,0.938579,0.944848
0.07,0.19,0.0550681,0.00626481,0.938667,0.944932
0.07,0.2,0.0549836,0.00626036,0.938756,0.945016
0.07,0.21,0.0548986,0.00625595,0.938845,0.945101
0.07,0.22,0.0548133,0.00625159,0.938935,0.945187
0.07,0.23,0.054728,0.00624726,0.939025,0.945272
0.07,0.24,0.0546427,0.00624297,0.939114,0.945357
0.07,0.25,0.0545577,0.00623873,0.939204,0.945442
0.07,0.26,0.0544732,0.00623452,0.939292,0.945527
0.07,0.27,0.0543893,0.00623035,0.93938,0.945611
0.07,0.28,0.0543061,0.00622621,0.939468,0.945694
0.07,0.29,0.0542238,0.00622211,0.939554,0.945776
0.07,0.3,0.0541424,0.00621805,0.93964,0.945858
0.07,0.31,0.0540621,0.00621403,0.939724,0.945938
0.07,0.32,0.0539829,0.00621004,0.939807,0.946017
0.07,0.33,0.0539049,0.00620609,0.939889,0.946095
0.07,0.34,0.0538281,0.00620217,0.93997,0.946172
0.07,0.35,0.0537528,0.00619829,0.940049,0.946247
0.07,0.36,0.0536787,0.00619444,0.940127,0.946321
0.07,0.37,0.0536061,0.00619062,0.940203,0.946394
0.07,0.38,0.053535,0.00618684,0.940278,0.946465
0.07,0.39,0.0534653,0.00618309,0.940352,0.946535
0.07,0.4,0.0533971,0.00617937,0.940424,0.946603
0.07,0.41,0.0533304,0.00617568,0.940494,0.94667
0.07,0.42,0.0532652,0.00617203,0.940563,0.946735
0.07,0.43,0.0532016,0.00616841,0.94063,0.946798
0.07,0.44,0.0531395,0.00616482,0.940696,0.946861
0.07,0.45,0.0530789,0.00616126,0.94076,0.946921
0.07,0.46,0.0530198,0.00615773,0.940822,0.94698
0.07,0.47,0.0529622,0.00615422,0.940884,0.947038
0.07,0.48,0.0529061,0.00615075,0.940943,0.947094
0.07,0.49,0.0528515,0.00614731,0.941001,0.947148
0.07,0.5,0.0527984,0.0061439,0.941058,0.947202
0.07,0.51,0.0527467,0.00614051,0.941113,0.947253
0.07,0.52,0.0526965,0.00613716,0.941166,0.947304
0.07,0.53,0.0526476,0.00613383,0.941219,0.947352
0.07,0.54,0.0526002,0.00613053,0.941269,0.9474
0.07,0.55,0.0525541,0.00612725,0.941319,0.947446
0.07,0.56,0.0525093,0.006124,0.941367,0.947491
0.07,0.57,0.0524659,0.00612078,0.941413,0.947534
0.07,0.58,0.0524237,0.00611759,0.941459,0.947576
0.07,0.59,0.0523828,0.00611442,0.941503,0.947617
0.07,0.6,0.0523432,0.00611127,0.941546,0.947657
0.07,0.61,0.0523047,0.00610816,0.941587,0.947695
0.07,0.62,0.0522674,0.00610506,0.941628,0.947733
0.07,0.63,0.0522313,0.00610199,0.941667,0.947769
0.07,0.64,0.0521963,0.00609895,0.941705,0.947804
0.07,0.65,0.0521623,0.00609593,0.941742,0.947838
0.07,0.66,0.0521295,0.00609293,0.941778,0.947871
0.07,0.67,0.0520976,0.00608996,0.941812,0.947902
0.07,0.68,0.0520668,0.00608701,0.941846,0.947933
0.07,0.69,0.052037,0.00608408,0.941879,0.947963
0.07,0.7,0.0520081,0.00608118,0.941911,0.947992
0.07,0.71,0.0519801,0.0060783,0.941942,0.94802
0.07,0.72,0.0519531,0.00607544,0.941972,0.948047
0.07,0.73,0.0519269,0.0060726,0.942001,0.948073
0.07,0.74,0.0519015,0.00606979,0.942029,0.948098
0.07,0.75,0.051877,0.00606699,0.942056,0.948123
0.07,0.76,0.0518533,0.00606422,0.942082,0.948147
0.07,0.77,0.0518304,0.00606147,0.942108,0.94817
0.07,0.78,0.0518082,0.00605874,0.942133,0.948192
0.07,0.79,0.0517867,0.00605603,0.942157,0.948213
0.07,0.8,0.0517659,0.00605334,0.942181,0.948234
0.07,0.81,0.0517458,0.00605067,0.942203,0.948254
0.07,0.82,0.0517264,0.00604802,0.942226,0.948274
0.07,0.83,0.0517076,0.00604539,0.942247,0.948292
0.07,0.84,0.0516895,0.00604278,0.942268,0.948311
0.07,0.85,0.0516719,0.00604019,0.942288,0.948328
0.07,0.86,0.0516549,0.00603761,0.942307,0.948345
0.07,0.87,0.0516385,0.00603506,0.942326,0.948362
0.07,0.88,0.0516226,0.00603252,0.942345,0.948377
0.07,0.89,0.0516072,0.00603001,0.942363,0.948393
0.07,0.9,0.0515923,0.00602751,0.94238,0.948408
0.07,0.91,0.0515779,0.00602503,0.942397,0.948422
0.07,0.92,0.051564,0.00602256,0.942413,0.948436
0.07,0.93,0.0515505,0.00602012,0.942429,0.948449
0.07,0.94,0.0515375,0.00601769,0.942445,0.948462
0.07,0.95,0.0515249,0.00601528,0.94246,0.948475
0.07,0.96,0.0515127,0.00601288,0.942474,0.948487
0.07,0.97,0.0515009,0.00601051,0.942489,0.948499
0.07,0.98,0.0514895,0.00600815,0.942502,0.948511
0.07,0.99,0.0514784,0.0060058,0.942516,0.948522
0.07,1,0.0514677,0.00600347,0.942529,0.948532
0.08,0,0.0586763,0.00634242,0.934981,0.941324
0.08,0.01,0.0586919,0.00633708,0.934971,0.941308
0.08,0.02,0.0586961,0.0063318,0.934972,0.941304
0.08,0.03,0.0586897,0.00632656,0.934984,0.94131
0.08,0.04,0.0586736,0.00632138,0.935005,0.941326
0.08,0.05,0.0586485,0.00631624,0.935035,0.941351
0.08,0.06,0.0586153,0.00631115,0.935074,0.941385
