e1,e2,V,Rs,Rv,P 
0,0,0.988912,0.00535243,0.00573537,0.0110878
0,0.01,0.988959,0.00535187,0.00568882,0.0110407
0,0.02,0.989006,0.00535131,0.00564307,0.0109944
0,0.03,0.989051,0.00535075,0.00559811,0.0109489
0,0.04,0.989096,0.0053502,0.00555392,0.0109041
0,0.05,0.98914,0.00534964,0.00551048,0.0108601
0,0.06,0.989183,0.00534909,0.00546777,0.0108169
0,0.07,0.989226,0.00534853,0.00542577,0.0107743
0,0.08,0.989268,0.00534798,0.00538446,0.0107324
0,0.09,0.989309,0.00534743,0.00534383,0.0106913
0,0.1,0.989349,0.00534688,0.00530387,0.0106507
0,0.11,0.989389,0.00534633,0.00526455,0.0106109
0,0.12,0.989428,0.00534578,0.00522586,0.0105716
0,0.13,0.989467,0.00534523,0.00518778,0.010533
0,0.14,0.989505,0.00534469,0.0051503,0.010495
0,0.15,0.989542,0.00534414,0.00511342,0.0104576
0,0.16,0.989579,0.00534359,0.0050771,0.0104207
0,0.17,0.989616,0.00534305,0.00504135,0.0103844
0,0.18,0.989651,0.00534251,0.00500614,0.0103486
0,0.19,0.989687,0.00534196,0.00497147,0.0103134
0,0.2,0.989721,0.00534142,0.00493732,0.0102787
0,0.21,0.989755,0.00534088,0.00490368,0.0102446
0,0.22,0.989789,0.00534034,0.00487054,0.0102109
0,0.23,0.989822,0.0053398,0.00483789,0.0101777
0,0.24,0.989855,0.00533926,0.00480572,0.010145
0,0.25,0.989887,0.00533872,0.00477402,0.0101127
0,0.26,0.989919,0.00533819,0.00474278,0.010081
0,0.27,0.98995,0.00533765,0.00471199,0.0100496
0,0.28,0.989981,0.00533711,0.00468163,0.0100187
0,0.29,0.990012,0.00533658,0.0046517,0.00998828
0,0.3,0.990042,0.00533605,0.0046222,0.00995824
0,0.31,0.990071,0.00533551,0.00459311,0.00992862
0,0.32,0.990101,0.00533498,0.00456442,0.0098994
0,0.33,0.990129,0.00533445,0.00453612,0.00987057
0,0.34,0.990158,0.00533392,0.00450822,0.00984214
0,0.35,0.990186,0.00533339,0.00448069,0.00981408
0,0.36,0.990214,0.00533286,0.00445354,0.0097864
0,0.37,0.990241,0.00533233,0.00442674,0.00975908
0,0.38,0.990268,0.0053318,0.00440031,0.00973212
0,0.39,0.990294,0.00533128,0.00437423,0.00970551
0,0.4,0.990321,0.00533075,0.00434849,0.00967924
0,0.41,0.990347,0.00533023,0.00432309,0.00965332
0,0.42,0.990372,0.0053297,0.00429802,0.00962772
0,0.43,0.990398,0.00532918,0.00427327,0.00960245
0,0.44,0.990423,0.00532866,0.00424884,0.0095775
0,0.45,0.990447,0.00532814,0.00422472,0.00955286
0,0.46,0.990471,0.00532762,0.00420091,0.00952852
0,0.47,0.990496,0.0053271,0.0041774,0.00950449
0,0.48,0.990519,0.00532658,0.00415418,0.00948075
0,0.49,0.990543,0.00532606,0.00413125,0.00945731
0,0.5,0.990566,0.00532554,0.00410861,0.00943415
0,0.51,0.990589,0.00532502,0.00408624,0.00941126
0,0.52,0.990611,0.00532451,0.00406415,0.00938866
0,0.53,0.990634,0.00532399,0.00404233,0.00936632
0,0.54,0.990656,0.00532348,0.00402077,0.00934424
0,0.55,0.990678,0.00532296,0.00399947,0.00932243
0,0.56,0.990699,0.00532245,0.00397842,0.00930087
0,0.57,0.99072,0.00532194,0.00395763,0.00927957
0,0.58,0.990741,0.00532143,0.00393708,0.00925851
0,0.59,0.990762,0.00532092,0.00391677,0.00923769
0,0.6,0.990783,0.00532041,0.0038967,0.00921711
0,0.61,0.990803,0.0053199,0.00387686,0.00919676
0,0.62,0.990823,0.00531939,0.00385726,0.00917665
0,0.63,0.990843,0.00531888,0.00383787,0.00915676
0,0.64,0.990863,0.00531838,0.00381871,0.00913709
0,0.65,0.990882,0.00531787,0.00379977,0.00911764
0,0.66,0.990902,0.00531736,0.00378104,0.00909841
0,0.67,0.990921,0.00531686,0.00376252,0.00907938
0,0.68,0.990939,0.00531636,0.00374421,0.00906057
0,0.69,0.990958,0.00531585,0.00372611,0.00904196
0,0.7,0.990976,0.00531535,0.0037082,0.00902355
0,0.71,0.990995,0.00531485,0.00369049,0.00900534
0,0.72,0.991013,0.00531435,0.00367297,0.00898732
0,0.73,0.991031,0.00531385,0.00365565,0.0089695
0,0.74,0.991048,0.00531335,0.00363851,0.00895186
0,0.75,0.991066,0.00531285,0.00362156,0.00893441
0,0.76,0.991083,0.00531235,0.00360479,0.00891714
0,0.77,0.9911,0.00531186,0.0035882,0.00890005
0,0.78,0.991117,0.00531136,0.00357178,0.00888314
0,0.79,0.991134,0.00531086,0.00355554,0.0088664
0,0.8,0.99115,0.00531037,0.00353947,0.00884984
0,0.81,0.991167,0.00530988,0.00352356,0.00883344
0,0.82,0.991183,0.00530938,0.00350783,0.00881721
0,0.83,0.991199,0.00530889,0.00349225,0.00880114
0,0.84,0.991215,0.0053084,0.00347684,0.00878524
0,0.85,0.991231,0.00530791,0.00346158,0.00876949
0,0.86,0.991246,0.00530742,0.00344648,0.0087539
0,0.87,0.991262,0.00530693,0.00343153,0.00873846
0,0.88,0.991277,0.00530644,0.00341674,0.00872318
0,0.89,0.991292,0.00530595,0.00340209,0.00870804
0,0.9,0.991307,0.00530546,0.00338759,0.00869305
0,0.91,0.991322,0.00530497,0.00337323,0.00867821
0,0.92,0.991336,0.00530449,0.00335902,0.00866351
0,0.93,0.991351,0.005304,0.00334495,0.00864895
0,0.94,0.991365,0.00530352,0.00333101,0.00863453
0,0.95,0.99138,0.00530303,0.00331721,0.00862024
0,0.96,0.991394,0.00530255,0.00330355,0.0086061
0,0.97,0.991408,0.00530207,0.00329001,0.00859208
0,0.98,0.991422,0.00530159,0.00327661,0.0085782
0,0.99,0.991436,0.00530111,0.00326334,0.00856444
0,1,0.991449,0.00530062,0.00325019,0.00855081
0.01,0,0.988931,0.00535198,0.00571662,0.0110686
0.01,0.01,0.988979,0.00535142,0.00567006,0.0110215
0.01,0.02,0.989025,0.00535086,0.00562431,0.0109752
0.01,0.03,0.98907,0.0053503,0.00557935,0.0109297
0.01,0.04,0.989115,0.00534975,0.00553516,0.0108849
0.01,0.05,0.989159,0.00534919,0.00549172,0.0108409
0.01,0.06,0.989202,0.00534864,0.005449,0.0107976
0.01,0.07,0.989245,0.00534808,0.005407,0.0107551
0.01,0.08,0.989287,0.00534753,0.00536569,0.0107132
0.01,0.09,0.989328,0.00534698,0.00532507,0.010672
0.01,0.1,0.989368,0.00534643,0.0052851,0.0106315
0.01,0.11,0.989408,0.00534588,0.00524577,0.0105917
0.01,0.12,0.989448,0.00534533,0.00520708,0.0105524
0.01,0.13,0.989486,0.00534478,0.005169,0.0105138
0.01,0.14,0.989524,0.00534424,0.00513153,0.0104758
0.01,0.15,0.989562,0.00534369,0.00509464,0.0104383
0.01,0.16,0.989599,0.00534314,0.00505832,0.0104015
0.01,0.17,0.989635,0.0053426,0.00502256,0.0103652
0.01,0.18,0.989671,0.00534206,0.00498736,0.0103294
0.01,0.19,0.989706,0.00534151,0.00495268,0.0102942
0.01,0.2,0.98974,0.00534097,0.00491853,0.0102595
0.01,0.21,0.989775,0.00534043,0.00488489,0.0102253
0.01,0.22,0.989808,0.00533989,0.00485175,0.0101916
0.01,0.23,0.989842,0.00533935,0.0048191,0.0101585
0.01,0.24,0.989874,0.00533881,0.00478693,0.0101257
0.01,0.25,0.989906,0.00533827,0.00475523,0.0100935
0.01,0.26,0.989938,0.00533774,0.00472399,0.0100617
0.01,0.27,0.98997,0.0053372,0.00469319,0.0100304
0.01,0.28,0.990001,0.00533666,0.00466283,0.0099995
0.01,0.29,0.990031,0.00533613,0.00463291,0.00996904
0.01,0.3,0.990061,0.0053356,0.0046034,0.009939
0.01,0.31,0.990091,0.00533506,0.00457431,0.00990937
0.01,0.32,0.99012,0.00533453,0.00454562,0.00988015
0.01,0.33,0.990149,0.005334,0.00451732,0.00985132
0.01,0.34,0.990177,0.00533347,0.00448942,0.00982288
0.01,0.35,0.990205,0.00533294,0.00446189,0.00979483
0.01,0.36,0.990233,0.00533241,0.00443473,0.00976714
0.01,0.37,0.99026,0.00533188,0.00440794,0.00973982
0.01,0.38,0.990287,0.00533135,0.00438151,0.00971286
0.01,0.39,0.990314,0.00533083,0.00435542,0.00968625
0.01,0.4,0.99034,0.0053303,0.00432968,0.00965999
0.01,0.41,0.990366,0.00532978,0.00430428,0.00963406
0.01,0.42,0.990392,0.00532925,0.00427921,0.00960846
0.01,0.43,0.990417,0.00532873,0.00425446,0.00958319
0.01,0.44,0.990442,0.00532821,0.00423003,0.00955824
0.01,0.45,0.990466,0.00532769,0.00420591,0.0095336
0.01,0.46,0.990491,0.00532717,0.0041821,0.00950926
0.01,0.47,0.990515,0.00532665,0.00415858,0.00948523
0.01,0.48,0.990539,0.00532613,0.00413536,0.00946149
0.01,0.49,0.990562,0.00532561,0.00411244,0.00943804
0.01,0.5,0.990585,0.00532509,0.00408979,0.00941488
0.01,0.51,0.990608,0.00532457,0.00406742,0.009392
0.01,0.52,0.990631,0.00532406,0.00404533,0.00936939
0.01,0.53,0.990653,0.00532354,0.00402351,0.00934705
0.01,0.54,0.990675,0.00532303,0.00400195,0.00932498
0.01,0.55,0.990697,0.00532251,0.00398065,0.00930316
0.01,0.56,0.990718,0.005322,0.0039596,0.0092816
0.01,0.57,0.99074,0.00532149,0.00393881,0.0092603
0.01,0.58,0.990761,0.00532098,0.00391826,0.00923924
0.01,0.59,0.990782,0.00532047,0.00389795,0.00921842
0.01,0.6,0.990802,0.00531996,0.00387788,0.00919784
0.01,0.61,0.990823,0.00531945,0.00385804,0.00917749
0.01,0.62,0.990843,0.00531894,0.00383843,0.00915737
0.01,0.63,0.990863,0.00531843,0.00381905,0.00913748
0.01,0.64,0.990882,0.00531793,0.00379989,0.00911781
0.01,0.65,0.990902,0.00531742,0.00378095,0.00909837
0.01,0.66,0.990921,0.00531691,0.00376222,0.00907913
0.01,0.67,0.99094,0.00531641,0.0037437,0.00906011
0.01,0.68,0.990959,0.00531591,0.00372539,0.00904129
0.01,0.69,0.990977,0.0053154,0.00370728,0.00902268
0.01,0.7,0.990996,0.0053149,0.00368937,0.00900427
0.01,0.71,0.991014,0.0053144,0.00367166,0.00898606
0.01,0.72,0.991032,0.0053139,0.00365414,0.00896804
0.01,0.73,0.99105,0.0053134,0.00363682,0.00895022
0.01,0.74,0.991067,0.0053129,0.00361968,0.00893258
0.01,0.75,0.991085,0.0053124,0.00360273,0.00891513
0.01,0.76,0.991102,0.0053119,0.00358596,0.00889786
0.01,0.77,0.991119,0.00531141,0.00356937,0.00888077
0.01,0.78,0.991136,0.00531091,0.00355295,0.00886386
0.01,0.79,0.991153,0.00531041,0.00353671,0.00884712
0.01,0.8,0.991169,0.00530992,0.00352064,0.00883056
0.01,0.81,0.991186,0.00530943,0.00350473,0.00881416
0.01,0.82,0.991202,0.00530893,0.00348899,0.00879793
0.01,0.83,0.991218,0.00530844,0.00347342,0.00878186
0.01,0.84,0.991234,0.00530795,0.003458,0.00876595
0.01,0.85,0.99125,0.00530746,0.00344275,0.0087502
0.01,0.86,0.991265,0.00530697,0.00342765,0.00873461
0.01,0.87,0.991281,0.00530648,0.0034127,0.00871917
0.01,0.88,0.991296,0.00530599,0.0033979,0.00870389
0.01,0.89,0.991311,0.0053055,0.00338325,0.00868875
0.01,0.9,0.991326,0.00530501,0.00336875,0.00867376
0.01,0.91,0.991341,0.00530452,0.0033544,0.00865892
0.01,0.92,0.991356,0.00530404,0.00334018,0.00864422
0.01,0.93,0.99137,0.00530355,0.00332611,0.00862966
0.01,0.94,0.991385,0.00530307,0.00331217,0.00861524
0.01,0.95,0.991399,0.00530258,0.00329837,0.00860096
0.01,0.96,0.991413,0.0053021,0.00328471,0.00858681
0.01,0.97,0.991427,0.00530162,0.00327117,0.00857279
0.01,0.98,0.991441,0.00530114,0.00325777,0.00855891
0.01,0.99,0.991455,0.00530065,0.0032445,0.00854515
0.01,1,0.991468,0.00530017,0.00323135,0.00853152
0.02,0,0.98895,0.00535153,0.00569806,0.0110496
0.02,0.01,0.988998,0.00535097,0.0056515,0.0110025
0.02,0.02,0.989044,0.00535041,0.00560575,0.0109562
0.02,0.03,0.989089,0.00534985,0.00556079,0.0109106
0.02,0.04,0.989134,0.0053493,0.00551659,0.0108659
0.02,0.05,0.989178,0.00534874,0.00547315,0.0108219
0.02,0.06,0.989221,0.00534819,0.00543043,0.0107786
0.02,0.07,0.989264,0.00534764,0.00538843,0.0107361
0.02,0.08,0.989306,0.00534708,0.00534712,0.0106942
0.02,0.09,0.989347,0.00534653,0.00530649,0.010653
0.02,0.1,0.989388,0.00534598,0.00526652,0.0106125
0.02,0.11,0.989427,0.00534543,0.00522719,0.0105726
0.02,0.12,0.989467,0.00534488,0.0051885,0.0105334
0.02,0.13,0.989505,0.00534433,0.00515042,0.0104948
0.02,0.14,0.989543,0.00534379,0.00511294,0.0104567
0.02,0.15,0.989581,0.00534324,0.00507605,0.0104193
0.02,0.16,0.989618,0.00534269,0.00503973,0.0103824
0.02,0.17,0.989654,0.00534215,0.00500397,0.0103461
0.02,0.18,0.98969,0.00534161,0.00496876,0.0103104
0.02,0.19,0.989725,0.00534106,0.00493409,0.0102752
0.02,0.2,0.98976,0.00534052,0.00489994,0.0102405
0.02,0.21,0.989794,0.00533998,0.0048663,0.0102063
0.02,0.22,0.989827,0.00533944,0.00483316,0.0101726
0.02,0.23,0.989861,0.0053389,0.00480051,0.0101394
0.02,0.24,0.989893,0.00533836,0.00476833,0.0101067
0.02,0.25,0.989926,0.00533782,0.00473663,0.0100745
0.02,0.26,0.989957,0.00533729,0.00470538,0.0100427
0.02,0.27,0.989989,0.00533675,0.00467459,0.0100113
0.02,0.28,0.99002,0.00533621,0.00464423,0.00998044
0.02,0.29,0.99005,0.00533568,0.0046143,0.00994998
0.02,0.3,0.99008,0.00533515,0.0045848,0.00991994
0.02,0.31,0.99011,0.00533461,0.0045557,0.00989031
0.02,0.32,0.990139,0.00533408,0.00452701,0.00986109
0.02,0.33,0.990168,0.00533355,0.00449871,0.00983226
0.02,0.34,0.990196,0.00533302,0.00447081,0.00980382
0.02,0.35,0.990224,0.00533249,0.00444328,0.00977577
0.02,0.36,0.990252,0.00533196,0.00441612,0.00974808
0.02,0.37,0.990279,0.00533143,0.00438933,0.00972076
0.02,0.38,0.990306,0.00533091,0.00436289,0.0096938
0.02,0.39,0.990333,0.00533038,0.00433681,0.00966719
0.02,0.4,0.990359,0.00532985,0.00431107,0.00964092
0.02,0.41,0.990385,0.00532933,0.00428566,0.00961499
0.02,0.42,0.990411,0.0053288,0.00426059,0.0095894
0.02,0.43,0.990436,0.00532828,0.00423584,0.00956412
0.02,0.44,0.990461,0.00532776,0.00421141,0.00953917
0.02,0.45,0.990485,0.00532724,0.00418729,0.00951453
0.02,0.46,0.99051,0.00532672,0.00416348,0.00949019
0.02,0.47,0.990534,0.0053262,0.00413996,0.00946616
0.02,0.48,0.990558,0.00532568,0.00411674,0.00944242
0.02,0.49,0.990581,0.00532516,0.00409381,0.00941897
0.02,0.5,0.990604,0.00532464,0.00407117,0.00939581
0.02,0.51,0.990627,0.00532412,0.0040488,0.00937293
0.02,0.52,0.99065,0.00532361,0.00402671,0.00935032
0.02,0.53,0.990672,0.00532309,0.00400488,0.00932798
0.02,0.54,0.990694,0.00532258,0.00398332,0.0093059
0.02,0.55,0.990716,0.00532207,0.00396202,0.00928409
0.02,0.56,0.990737,0.00532155,0.00394098,0.00926253
0.02,0.57,0.990759,0.00532104,0.00392018,0.00924122
0.02,0.58,0.99078,0.00532053,0.00389963,0.00922016
0.02,0.59,0.990801,0.00532002,0.00387932,0.00919934
0.02,0.6,0.990821,0.00531951,0.00385925,0.00917876
0.02,0.61,0.990842,0.005319,0.00383941,0.00915841
0.02,0.62,0.990862,0.00531849,0.0038198,0.00913829
0.02,0.63,0.990882,0.00531798,0.00380042,0.0091184
0.02,0.64,0.990901,0.00531748,0.00378126,0.00909873
0.02,0.65,0.990921,0.00531697,0.00376231,0.00907928
0.02,0.66,0.99094,0.00531647,0.00374358,0.00906005
0.02,0.67,0.990959,0.00531596,0.00372506,0.00904102
0.02,0.68,0.990978,0.00531546,0.00370675,0.00902221
0.02,0.69,0.990996,0.00531495,0.00368864,0.0090036
0.02,0.7,0.991015,0.00531445,0.00367073,0.00898519
0.02,0.71,0.991033,0.00531395,0.00365302,0.00896697
0.02,0.72,0.991051,0.00531345,0.00363551,0.00894896
0.02,0.73,0.991069,0.00531295,0.00361818,0.00893113
0.02,0.74,0.991087,0.00531245,0.00360104,0.00891349
0.02,0.75,0.991104,0.00531195,0.00358409,0.00889604
0.02,0.76,0.991121,0.00531145,0.00356732,0.00887877
0.02,0.77,0.991138,0.00531096,0.00355073,0.00886168
0.02,0.78,0.991155,0.00531046,0.00353431,0.00884477
0.02,0.79,0.991172,0.00530996,0.00351807,0.00882803
0.02,0.8,0.991189,0.00530947,0.00350199,0.00881146
0.02,0.81,0.991205,0.00530898,0.00348609,0.00879507
0.02,0.82,0.991221,0.00530848,0.00347035,0.00877883
0.02,0.83,0.991237,0.00530799,0.00345478,0.00876277
0.02,0.84,0.991253,0.0053075,0.00343936,0.00874686
0.02,0.85,0.991269,0.00530701,0.0034241,0.00873111
0.02,0.86,0.991284,0.00530652,0.003409,0.00871552
0.02,0.87,0.9913,0.00530603,0.00339405,0.00870008
0.02,0.88,0.991315,0.00530554,0.00337926,0.00868479
0.02,0.89,0.99133,0.00530505,0.00336461,0.00866966
0.02,0.9,0.991345,0.00530456,0.00335011,0.00865467
0.02,0.91,0.99136,0.00530407,0.00333575,0.00863982
0.02,0.92,0.991375,0.00530359,0.00332153,0.00862512
0.02,0.93,0.991389,0.0053031,0.00330746,0.00861056
0.02,0.94,0.991404,0.00530262,0.00329352,0.00859614
0.02,0.95,0.991418,0.00530213,0.00327972,0.00858186
0.02,0.96,0.991432,0.00530165,0.00326606,0.00856771
0.02,0.97,0.991446,0.00530117,0.00325252,0.00855369
0.02,0.98,0.99146,0.00530069,0.00323912,0.00853981
0.02,0.99,0.991474,0.00530021,0.00322585,0.00852605
0.02,1,0.991488,0.00529972,0.0032127,0.00851242
0.03,0,0.988969,0.00535108,0.00567968,0.0110308
0.03,0.01,0.989016,0.00535052,0.00563312,0.0109836
0.03,0.02,0.989063,0.00534996,0.00558737,0.0109373
0.03,0.03,0.989108,0.00534941,0.0055424,0.0108918
0.03,0.04,0.989153,0.00534885,0.00549821,0.0108471
0.03,0.05,0.989197,0.00534829,0.00545476,0.0108031
0.03,0.06,0.98924,0.00534774,0.00541204,0.0107598
0.03,0.07,0.989283,0.00534719,0.00537004,0.0107172
0.03,0.08,0.989325,0.00534663,0.00532873,0.0106754
0.03,0.09,0.989366,0.00534608,0.0052881,0.0106342
0.03,0.1,0.989406,0.00534553,0.00524812,0.0105937
0.03,0.11,0.989446,0.00534498,0.0052088,0.0105538
0.03,0.12,0.989485,0.00534443,0.0051701,0.0105145
0.03,0.13,0.989524,0.00534389,0.00513202,0.0104759
0.03,0.14,0.989562,0.00534334,0.00509454,0.0104379
0.03,0.15,0.9896,0.00534279,0.00505765,0.0104004
0.03,0.16,0.989636,0.00534225,0.00502133,0.0103636
0.03,0.17,0.989673,0.0053417,0.00498557,0.0103273
0.03,0.18,0.989708,0.00534116,0.00495036,0.0102915
0.03,0.19,0.989744,0.00534061,0.00491568,0.0102563
0.03,0.2,0.989778,0.00534007,0.00488153,0.0102216
0.03,0.21,0.989813,0.00533953,0.00484789,0.0101874
0.03,0.22,0.989846,0.00533899,0.00481475,0.0101537
0.03,0.23,0.989879,0.00533845,0.0047821,0.0101205
0.03,0.24,0.989912,0.00533791,0.00474992,0.0100878
0.03,0.25,0.989944,0.00533737,0.00471822,0.0100556
0.03,0.26,0.989976,0.00533684,0.00468697,0.0100238
0.03,0.27,0.990008,0.0053363,0.00465617,0.00999247
0.03,0.28,0.990038,0.00533577,0.00462581,0.00996158
0.03,0.29,0.990069,0.00533523,0.00459589,0.00993112
0.03,0.3,0.990099,0.0053347,0.00456638,0.00990107
0.03,0.31,0.990129,0.00533416,0.00453728,0.00987145
0.03,0.32,0.990158,0.00533363,0.00450859,0.00984222
0.03,0.33,0.990187,0.0053331,0.00448029,0.00981339
0.03,0.34,0.990215,0.00533257,0.00445238,0.00978495
0.03,0.35,0.990243,0.00533204,0.00442485,0.00975689
0.03,0.36,0.990271,0.00533151,0.0043977,0.00972921
0.03,0.37,0.990298,0.00533098,0.0043709,0.00970189
0.03,0.38,0.990325,0.00533046,0.00434447,0.00967492
0.03,0.39,0.990352,0.00532993,0.00431838,0.00964831
0.03,0.4,0.990378,0.00532941,0.00429264,0.00962205
0.03,0.41,0.990404,0.00532888,0.00426724,0.00959612
0.03,0.42,0.990429,0.00532836,0.00424216,0.00957052
0.03,0.43,0.990455,0.00532783,0.00421741,0.00954524
0.03,0.44,0.99048,0.00532731,0.00419298,0.00952029
0.03,0.45,0.990504,0.00532679,0.00416886,0.00949565
0.03,0.46,0.990529,0.00532627,0.00414504,0.00947131
0.03,0.47,0.990553,0.00532575,0.00412153,0.00944728
0.03,0.48,0.990576,0.00532523,0.00409831,0.00942354
0.03,0.49,0.9906,0.00532471,0.00407538,0.00940009
0.03,0.5,0.990623,0.00532419,0.00405273,0.00937692
0.03,0.51,0.990646,0.00532368,0.00403036,0.00935404
0.03,0.52,0.990669,0.00532316,0.00400827,0.00933143
0.03,0.53,0.990691,0.00532264,0.00398645,0.00930909
0.03,0.54,0.990713,0.00532213,0.00396488,0.00928701
0.03,0.55,0.990735,0.00532162,0.00394358,0.0092652
0.03,0.56,0.990756,0.0053211,0.00392254,0.00924364
0.03,0.57,0.990778,0.00532059,0.00390174,0.00922233
0.03,0.58,0.990799,0.00532008,0.00388119,0.00920127
0.03,0.59,0.99082,0.00531957,0.00386088,0.00918045
0.03,0.6,0.99084,0.00531906,0.00384081,0.00915987
0.03,0.61,0.99086,0.00531855,0.00382097,0.00913952
0.03,0.62,0.990881,0.00531804,0.00380136,0.0091194
0.03,0.63,0.9909,0.00531753,0.00378197,0.00909951
0.03,0.64,0.99092,0.00531703,0.00376281,0.00907984
0.03,0.65,0.99094,0.00531652,0.00374387,0.00906039
0.03,0.66,0.990959,0.00531602,0.00372514,0.00904115
0.03,0.67,0.990978,0.00531551,0.00370662,0.00902213
0.03,0.68,0.990997,0.00531501,0.0036883,0.00900331
0.03,0.69,0.991015,0.00531451,0.0036702,0.0089847
0.03,0.7,0.991034,0.005314,0.00365229,0.00896629
0.03,0.71,0.991052,0.0053135,0.00363458,0.00894808
0.03,0.72,0.99107,0.005313,0.00361706,0.00893006
0.03,0.73,0.991088,0.0053125,0.00359973,0.00891223
0.03,0.74,0.991105,0.005312,0.00358259,0.00889459
0.03,0.75,0.991123,0.0053115,0.00356564,0.00887714
0.03,0.76,0.99114,0.00531101,0.00354887,0.00885987
0.03,0.77,0.991157,0.00531051,0.00353227,0.00884278
0.03,0.78,0.991174,0.00531001,0.00351586,0.00882587
0.03,0.79,0.991191,0.00530952,0.00349961,0.00880913
0.03,0.8,0.991207,0.00530902,0.00348354,0.00879256
0.03,0.81,0.991224,0.00530853,0.00346764,0.00877616
0.03,0.82,0.99124,0.00530803,0.0034519,0.00875993
0.03,0.83,0.991256,0.00530754,0.00343632,0.00874386
0.03,0.84,0.991272,0.00530705,0.00342091,0.00872796
0.03,0.85,0.991288,0.00530656,0.00340565,0.00871221
0.03,0.86,0.991303,0.00530607,0.00339055,0.00869661
0.03,0.87,0.991319,0.00530558,0.0033756,0.00868118
0.03,0.88,0.991334,0.00530509,0.0033608,0.00866589
0.03,0.89,0.991349,0.0053046,0.00334615,0.00865075
0.03,0.9,0.991364,0.00530411,0.00333165,0.00863576
0.03,0.91,0.991379,0.00530363,0.00331729,0.00862092
0.03,0.92,0.991394,0.00530314,0.00330308,0.00860622
0.03,0.93,0.991408,0.00530265,0.003289,0.00859166
0.03,0.94,0.991423,0.00530217,0.00327506,0.00857723
0.03,0.95,0.991437,0.00530169,0.00326126,0.00856295
0.03,0.96,0.991451,0.0053012,0.0032476,0.0085488
0.03,0.97,0.991465,0.00530072,0.00323406,0.00853478
0.03,0.98,0.991479,0.00530024,0.00322066,0.0085209
0.03,0.99,0.991493,0.00529976,0.00320739,0.00850714
0.03,1,0.991506,0.00529928,0.00319424,0.00849351
0.04,0,0.988988,0.00535063,0.00566149,0.0110121
0.04,0.01,0.989035,0.00535007,0.00561493,0.010965
0.04,0.02,0.989081,0.00534952,0.00556917,0.0109187
0.04,0.03,0.989127,0.00534896,0.00552421,0.0108732
0.04,0.04,0.989172,0.0053484,0.00548001,0.0108284
0.04,0.05,0.989216,0.00534785,0.00543656,0.0107844
0.04,0.06,0.989259,0.00534729,0.00539384,0.0107411
0.04,0.07,0.989301,0.00534674,0.00535184,0.0106986
0.04,0.08,0.989343,0.00534619,0.00531052,0.0106567
0.04,0.09,0.989384,0.00534564,0.00526989,0.0106155
0.04,0.1,0.989425,0.00534508,0.00522992,0.010575
0.04,0.11,0.989465,0.00534454,0.00519059,0.0105351
0.04,0.12,0.989504,0.00534399,0.00515189,0.0104959
0.04,0.13,0.989543,0.00534344,0.00511381,0.0104572
0.04,0.14,0.989581,0.00534289,0.00507633,0.0104192
0.04,0.15,0.989618,0.00534234,0.00503943,0.0103818
0.04,0.16,0.989655,0.0053418,0.00500311,0.0103449
0.04,0.17,0.989691,0.00534125,0.00496735,0.0103086
0.04,0.18,0.989727,0.00534071,0.00493214,0.0102728
0.04,0.19,0.989762,0.00534017,0.00489746,0.0102376
0.04,0.2,0.989797,0.00533963,0.00486331,0.0102029
0.04,0.21,0.989831,0.00533908,0.00482966,0.0101687
0.04,0.22,0.989865,0.00533854,0.00479652,0.0101351
0.04,0.23,0.989898,0.005338,0.00476387,0.0101019
0.04,0.24,0.989931,0.00533746,0.00473169,0.0100692
0.04,0.25,0.989963,0.00533693,0.00469999,0.0100369
0.04,0.26,0.989995,0.00533639,0.00466874,0.0100051
0.04,0.27,0.990026,0.00533585,0.00463794,0.0099738
0.04,0.28,0.990057,0.00533532,0.00460758,0.0099429
0.04,0.29,0.990088,0.00533478,0.00457765,0.00991244
0.04,0.3,0.990118,0.00533425,0.00454814,0.00988239
0.04,0.31,0.990147,0.00533372,0.00451905,0.00985276
0.04,0.32,0.990176,0.00533318,0.00449035,0.00982354
0.04,0.33,0.990205,0.00533265,0.00446206,0.00979471
0.04,0.34,0.990234,0.00533212,0.00443415,0.00976627
0.04,0.35,0.990262,0.00533159,0.00440661,0.00973821
0.04,0.36,0.990289,0.00533106,0.00437946,0.00971052
0.04,0.37,0.990317,0.00533054,0.00435266,0.0096832
0.04,0.38,0.990344,0.00533001,0.00432623,0.00965624
0.04,0.39,0.99037,0.00532948,0.00430014,0.00962962
0.04,0.4,0.990397,0.00532896,0.0042744,0.00960335
0.04,0.41,0.990423,0.00532843,0.00424899,0.00957742
0.04,0.42,0.990448,0.00532791,0.00422392,0.00955182
0.04,0.43,0.990473,0.00532739,0.00419917,0.00952655
0.04,0.44,0.990498,0.00532686,0.00417473,0.00950159
0.04,0.45,0.990523,0.00532634,0.00415061,0.00947695
0.04,0.46,0.990547,0.00532582,0.00412679,0.00945262
0.04,0.47,0.990571,0.0053253,0.00410328,0.00942858
0.04,0.48,0.990595,0.00532478,0.00408006,0.00940484
0.04,0.49,0.990619,0.00532426,0.00405713,0.00938139
0.04,0.5,0.990642,0.00532375,0.00403448,0.00935823
0.04,0.51,0.990665,0.00532323,0.00401211,0.00933534
0.04,0.52,0.990687,0.00532271,0.00399002,0.00931273
0.04,0.53,0.99071,0.0053222,0.00396819,0.00929039
0.04,0.54,0.990732,0.00532168,0.00394663,0.00926831
0.04,0.55,0.990754,0.00532117,0.00392533,0.0092465
0.04,0.56,0.990775,0.00532066,0.00390428,0.00922494
0.04,0.57,0.990796,0.00532014,0.00388348,0.00920363
0.04,0.58,0.990817,0.00531963,0.00386293,0.00918256
0.04,0.59,0.990838,0.00531912,0.00384262,0.00916174
0.04,0.6,0.990859,0.00531861,0.00382255,0.00914116
0.04,0.61,0.990879,0.0053181,0.00380271,0.00912081
0.04,0.62,0.990899,0.00531759,0.0037831,0.00910069
0.04,0.63,0.990919,0.00531709,0.00376372,0.0090808
0.04,0.64,0.990939,0.00531658,0.00374455,0.00906113
0.04,0.65,0.990958,0.00531607,0.00372561,0.00904168
0.04,0.66,0.990978,0.00531557,0.00370688,0.00902244
0.04,0.67,0.990997,0.00531506,0.00368836,0.00900342
0.04,0.68,0.991015,0.00531456,0.00367004,0.0089846
0.04,0.69,0.991034,0.00531406,0.00365193,0.00896599
0.04,0.7,0.991052,0.00531355,0.00363402,0.00894758
0.04,0.71,0.991071,0.00531305,0.00361631,0.00892937
0.04,0.72,0.991089,0.00531255,0.00359879,0.00891135
0.04,0.73,0.991106,0.00531205,0.00358147,0.00889352
0.04,0.74,0.991124,0.00531155,0.00356433,0.00887588
0.04,0.75,0.991142,0.00531105,0.00354737,0.00885843
0.04,0.76,0.991159,0.00531056,0.0035306,0.00884116
0.04,0.77,0.991176,0.00531006,0.00351401,0.00882407
0.04,0.78,0.991193,0.00530956,0.00349759,0.00880715
0.04,0.79,0.99121,0.00530907,0.00348135,0.00879042
0.04,0.8,0.991226,0.00530857,0.00346527,0.00877385
0.04,0.81,0.991243,0.00530808,0.00344937,0.00875745
0.04,0.82,0.991259,0.00530759,0.00343363,0.00874122
0.04,0.83,0.991275,0.00530709,0.00341805,0.00872515
0.04,0.84,0.991291,0.0053066,0.00340264,0.00870924
0.04,0.85,0.991307,0.00530611,0.00338738,0.00869349
0.04,0.86,0.991322,0.00530562,0.00337228,0.0086779
0.04,0.87,0.991338,0.00530513,0.00335733,0.00866246
0.04,0.88,0.991353,0.00530464,0.00334253,0.00864717
0.04,0.89,0.991368,0.00530415,0.00332788,0.00863203
0.04,0.9,0.991383,0.00530366,0.00331338,0.00861704
0.04,0.91,0.991398,0.00530318,0.00329902,0.0086022
0.04,0.92,0.991413,0.00530269,0.0032848,0.0085875
0.04,0.93,0.991427,0.00530221,0.00327073,0.00857293
0.04,0.94,0.991441,0.00530172,0.00325679,0.00855851
0.04,0.95,0.991456,0.00530124,0.00324299,0.00854423
0.04,0.96,0.99147,0.00530075,0.00322932,0.00853008
0.04,0.97,0.991484,0.00530027,0.00321579,0.00851606
0.04,0.98,0.991498,0.00529979,0.00320239,0.00850218
0.04,0.99,0.991512,0.00529931,0.00318911,0.00848842
0.04,1,0.991525,0.00529883,0.00317596,0.00847479
0.05,0,0.989006,0.00535018,0.00564348,0.0109937
0.05,0.01,0.989053,0.00534963,0.00559692,0.0109465
0.05,0.02,0.9891,0.00534907,0.00555116,0.0109002
0.05,0.03,0.989145,0.00534851,0.00550619,0.0108547
0.05,0.04,0.98919,0.00534796,0.00546199,0.0108099
0.05,0.05,0.989234,0.0053474,0.00541854,0.0107659
0.05,0.06,0.989277,0.00534685,0.00537582,0.0107227
0.05,0.07,0.98932,0.00534629,0.00533381,0.0106801
0.05,0.08,0.989362,0.00534574,0.0052925,0.0106382
0.05,0.09,0.989403,0.00534519,0.00525186,0.0105971
0.05,0.1,0.989443,0.00534464,0.00521189,0.0105565
0.05,0.11,0.989483,0.00534409,0.00517256,0.0105166
0.05,0.12,0.989523,0.00534354,0.00513386,0.0104774
0.05,0.13,0.989561,0.00534299,0.00509578,0.0104388
0.05,0.14,0.989599,0.00534244,0.0050583,0.0104007
0.05,0.15,0.989637,0.0053419,0.0050214,0.0103633
0.05,0.16,0.989674,0.00534135,0.00498508,0.0103264
0.05,0.17,0.98971,0.00534081,0.00494932,0.0102901
0.05,0.18,0.989746,0.00534026,0.0049141,0.0102544
0.05,0.19,0.989781,0.00533972,0.00487942,0.0102191
0.05,0.2,0.989816,0.00533918,0.00484527,0.0101844
0.05,0.21,0.98985,0.00533864,0.00481162,0.0101503
0.05,0.22,0.989883,0.0053381,0.00477848,0.0101166
0.05,0.23,0.989917,0.00533756,0.00474583,0.0100834
0.05,0.24,0.989949,0.00533702,0.00471365,0.0100507
0.05,0.25,0.989982,0.00533648,0.00468194,0.0100184
0.05,0.26,0.990013,0.00533594,0.00465069,0.00998664
0.05,0.27,0.990045,0.00533541,0.00461989,0.0099553
0.05,0.28,0.990076,0.00533487,0.00458953,0.0099244
0.05,0.29,0.990106,0.00533434,0.0045596,0.00989394
0.05,0.3,0.990136,0.0053338,0.00453009,0.00986389
0.05,0.31,0.990166,0.00533327,0.00450099,0.00983426
0.05,0.32,0.990195,0.00533274,0.0044723,0.00980504
0.05,0.33,0.990224,0.00533221,0.004444,0.00977621
0.05,0.34,0.990252,0.00533168,0.00441609,0.00974777
0.05,0.35,0.99028,0.00533115,0.00438856,0.0097197
0.05,0.36,0.990308,0.00533062,0.0043614,0.00969202
0.05,0.37,0.990335,0.00533009,0.0043346,0.00966469
0.05,0.38,0.990362,0.00532956,0.00430817,0.00963773
0.05,0.39,0.990389,0.00532904,0.00428208,0.00961112
0.05,0.4,0.990415,0.00532851,0.00425634,0.00958485
0.05,0.41,0.990441,0.00532799,0.00423093,0.00955892
0.05,0.42,0.990467,0.00532746,0.00420585,0.00953332
0.05,0.43,0.990492,0.00532694,0.0041811,0.00950804
0.05,0.44,0.990517,0.00532642,0.00415667,0.00948308
0.05,0.45,0.990542,0.00532589,0.00413255,0.00945844
0.05,0.46,0.990566,0.00532537,0.00410873,0.0094341
0.05,0.47,0.99059,0.00532485,0.00408521,0.00941007
0.05,0.48,0.990614,0.00532433,0.00406199,0.00938633
0.05,0.49,0.990637,0.00532382,0.00403906,0.00936288
0.05,0.5,0.99066,0.0053233,0.00401641,0.00933971
0.05,0.51,0.990683,0.00532278,0.00399404,0.00931683
0.05,0.52,0.990706,0.00532226,0.00397195,0.00929421
0.05,0.53,0.990728,0.00532175,0.00395012,0.00927187
0.05,0.54,0.99075,0.00532123,0.00392856,0.0092498
0.05,0.55,0.990772,0.00532072,0.00390726,0.00922798
0.05,0.56,0.990794,0.00532021,0.00388621,0.00920642
0.05,0.57,0.990815,0.0053197,0.00386541,0.00918511
0.05,0.58,0.990836,0.00531918,0.00384486,0.00916404
0.05,0.59,0.990857,0.00531867,0.00382455,0.00914322
0.05,0.6,0.990877,0.00531816,0.00380447,0.00912264
0.05,0.61,0.990898,0.00531766,0.00378463,0.00910229
0.05,0.62,0.990918,0.00531715,0.00376502,0.00908217
0.05,0.63,0.990938,0.00531664,0.00374564,0.00906228
0.05,0.64,0.990957,0.00531613,0.00372648,0.00904261
0.05,0.65,0.990977,0.00531563,0.00370753,0.00902316
0.05,0.66,0.990996,0.00531512,0.0036888,0.00900392
0.05,0.67,0.991015,0.00531462,0.00367028,0.00898489
0.05,0.68,0.991034,0.00531411,0.00365196,0.00896608
0.05,0.69,0.991053,0.00531361,0.00363385,0.00894746
0.05,0.7,0.991071,0.00531311,0.00361594,0.00892905
0.05,0.71,0.991089,0.00531261,0.00359823,0.00891084
0.05,0.72,0.991107,0.00531211,0.00358071,0.00889282
0.05,0.73,0.991125,0.00531161,0.00356339,0.00887499
0.05,0.74,0.991143,0.00531111,0.00354625,0.00885735
0.05,0.75,0.99116,0.00531061,0.00352929,0.0088399
0.05,0.76,0.991177,0.00531011,0.00351252,0.00882263
0.05,0.77,0.991194,0.00530961,0.00349593,0.00880554
0.05,0.78,0.991211,0.00530912,0.00347951,0.00878862
0.05,0.79,0.991228,0.00530862,0.00346326,0.00877188
0.05,0.8,0.991245,0.00530813,0.00344719,0.00875532
0.05,0.81,0.991261,0.00530763,0.00343128,0.00873892
0.05,0.82,0.991277,0.00530714,0.00341554,0.00872268
0.05,0.83,0.991293,0.00530665,0.00339997,0.00870661
0.05,0.84,0.991309,0.00530615,0.00338455,0.0086907
0.05,0.85,0.991325,0.00530566,0.00336929,0.00867495
0.05,0.86,0.991341,0.00530517,0.00335419,0.00865936
0.05,0.87,0.991356,0.00530468,0.00333924,0.00864392
0.05,0.88,0.991371,0.00530419,0.00332444,0.00862863
0.05,0.89,0.991387,0.0053037,0.00330979,0.0086135
0.05,0.9,0.991401,0.00530322,0.00329529,0.00859851
0.05,0.91,0.991416,0.00530273,0.00328093,0.00858366
0.05,0.92,0.991431,0.00530224,0.00326671,0.00856896
0.05,0.93,0.991446,0.00530176,0.00325264,0.0085544
0.05,0.94,0.99146,0.00530127,0.0032387,0.00853997
0.05,0.95,0.991474,0.00530079,0.0032249,0.00852569
0.05,0.96,0.991488,0.00530031,0.00321123,0.00851154
0.05,0.97,0.991502,0.00529982,0.0031977,0.00849752
0.05,0.98,0.991516,0.00529934,0.00318429,0.00848364
0.05,0.99,0.99153,0.00529886,0.00317102,0.00846988
0.05,1,0.991544,0.00529838,0.00315787,0.00845625
0.06,0,0.989025,0.00534974,0.00562565,0.0109754
0.06,0.01,0.989072,0.00534918,0.00557909,0.0109283
0.06,0.02,0.989118,0.00534862,0.00553333,0.010882
0.06,0.03,0.989164,0.00534806,0.00548836,0.0108364
0.06,0.04,0.989208,0.00534751,0.00544416,0.0107917
0.06,0.05,0.989252,0.00534695,0.0054007,0.0107477
0.06,0.06,0.989296,0.0053464,0.00535798,0.0107044
0.06,0.07,0.989338,0.00534585,0.00531597,0.0106618
0.06,0.08,0.98938,0.00534529,0.00527466,0.0106199
0.06,0.09,0.989421,0.00534474,0.00523402,0.0105788
0.06,0.1,0.989462,0.00534419,0.00519404,0.0105382
0.06,0.11,0.989502,0.00534364,0.00515471,0.0104984
0.06,0.12,0.989541,0.00534309,0.00511601,0.0104591
0.06,0.13,0.98958,0.00534254,0.00507793,0.0104205
0.06,0.14,0.989618,0.005342,0.00504044,0.0103824
0.06,0.15,0.989655,0.00534145,0.00500355,0.010345
0.06,0.16,0.989692,0.00534091,0.00496722,0.0103081
0.06,0.17,0.989728,0.00534036,0.00493146,0.0102718
0.06,0.18,0.989764,0.00533982,0.00489624,0.0102361
0.06,0.19,0.989799,0.00533927,0.00486156,0.0102008
0.06,0.2,0.989834,0.00533873,0.00482741,0.0101661
0.06,0.21,0.989868,0.00533819,0.00479376,0.010132
0.06,0.22,0.989902,0.00533765,0.00476062,0.0100983
0.06,0.23,0.989935,0.00533711,0.00472796,0.0100651
0.06,0.24,0.989968,0.00533657,0.00469578,0.0100324
0.06,0.25,0.99,0.00533603,0.00466408,0.0100001
0.06,0.26,0.990032,0.0053355,0.00463283,0.00996832
0.06,0.27,0.990063,0.00533496,0.00460203,0.00993699
0.06,0.28,0.990094,0.00533442,0.00457166,0.00990609
0.06,0.29,0.990124,0.00533389,0.00454173,0.00987562
0.06,0.3,0.990154,0.00533336,0.00451222,0.00984558
0.06,0.31,0.990184,0.00533282,0.00448312,0.00981594
0.06,0.32,0.990213,0.00533229,0.00445443,0.00978672
0.06,0.33,0.990242,0.00533176,0.00442613,0.00975789
0.06,0.34,0.990271,0.00533123,0.00439821,0.00972944
0.06,0.35,0.990299,0.0053307,0.00437068,0.00970138
0.06,0.36,0.990326,0.00533017,0.00434352,0.00967369
0.06,0.37,0.990354,0.00532964,0.00431673,0.00964637
0.06,0.38,0.990381,0.00532912,0.00429029,0.0096194
0.06,0.39,0.990407,0.00532859,0.0042642,0.00959279
0.06,0.4,0.990433,0.00532806,0.00423846,0.00956652
0.06,0.41,0.990459,0.00532754,0.00421305,0.00954059
0.06,0.42,0.990485,0.00532701,0.00418797,0.00951499
0.06,0.43,0.99051,0.00532649,0.00416322,0.00948971
0.06,0.44,0.990535,0.00532597,0.00413878,0.00946475
0.06,0.45,0.99056,0.00532545,0.00411466,0.00944011
0.06,0.46,0.990584,0.00532493,0.00409084,0.00941577
0.06,0.47,0.990608,0.00532441,0.00406733,0.00939173
0.06,0.48,0.990632,0.00532389,0.00404411,0.00936799
0.06,0.49,0.990655,0.00532337,0.00402117,0.00934454
0.06,0.5,0.990679,0.00532285,0.00399853,0.00932138
0.06,0.51,0.990702,0.00532233,0.00397616,0.00929849
0.06,0.52,0.990724,0.00532182,0.00395406,0.00927588
0.06,0.53,0.990746,0.0053213,0.00393223,0.00925354
0.06,0.54,0.990769,0.00532079,0.00391067,0.00923146
0.06,0.55,0.99079,0.00532027,0.00388937,0.00920964
0.06,0.56,0.990812,0.00531976,0.00386832,0.00918808
0.06,0.57,0.990833,0.00531925,0.00384752,0.00916677
0.06,0.58,0.990854,0.00531874,0.00382697,0.0091457
0.06,0.59,0.990875,0.00531823,0.00380665,0.00912488
0.06,0.6,0.990896,0.00531772,0.00378658,0.0091043
0.06,0.61,0.990916,0.00531721,0.00376674,0.00908395
0.06,0.62,0.990936,0.0053167,0.00374713,0.00906383
0.06,0.63,0.990956,0.00531619,0.00372774,0.00904394
0.06,0.64,0.990976,0.00531569,0.00370858,0.00902426
0.06,0.65,0.990995,0.00531518,0.00368963,0.00900481
0.06,0.66,0.991014,0.00531467,0.0036709,0.00898557
0.06,0.67,0.991033,0.00531417,0.00365238,0.00896655
0.06,0.68,0.991052,0.00531367,0.00363407,0.00894773
0.06,0.69,0.991071,0.00531316,0.00361595,0.00892912
0.06,0.7,0.991089,0.00531266,0.00359804,0.00891071
0.06,0.71,0.991108,0.00531216,0.00358033,0.00889249
0.06,0.72,0.991126,0.00531166,0.00356281,0.00887447
0.06,0.73,0.991143,0.00531116,0.00354549,0.00885664
0.06,0.74,0.991161,0.00531066,0.00352835,0.008839
0.06,0.75,0.991178,0.00531016,0.00351139,0.00882155
0.06,0.76,0.991196,0.00530966,0.00349462,0.00880428
0.06,0.77,0.991213,0.00530917,0.00347802,0.00878719
0.06,0.78,0.99123,0.00530867,0.0034616,0.00877027
0.06,0.79,0.991246,0.00530817,0.00344536,0.00875353
0.06,0.8,0.991263,0.00530768,0.00342928,0.00873696
0.06,0.81,0.991279,0.00530718,0.00341338,0.00872056
0.06,0.82,0.991296,0.00530669,0.00339764,0.00870433
0.06,0.83,0.991312,0.0053062,0.00338206,0.00868826
0.06,0.84,0.991328,0.00530571,0.00336664,0.00867235
0.06,0.85,0.991343,0.00530522,0.00335139,0.0086566
0.06,0.86,0.991359,0.00530472,0.00333628,0.00864101
0.06,0.87,0.991374,0.00530424,0.00332133,0.00862557
0.06,0.88,0.99139,0.00530375,0.00330653,0.00861028
0.06,0.89,0.991405,0.00530326,0.00329188,0.00859514
0.06,0.9,0.99142,0.00530277,0.00327738,0.00858015
0.06,0.91,0.991435,0.00530228,0.00326302,0.0085653
0.06,0.92,0.991449,0.0053018,0.0032488,0.0085506
0.06,0.93,0.991464,0.00530131,0.00323473,0.00853604
0.06,0.94,0.991478,0.00530083,0.00322079,0.00852162
0.06,0.95,0.991493,0.00530034,0.00320699,0.00850733
0.06,0.96,0.991507,0.00529986,0.00319332,0.00849318
0.06,0.97,0.991521,0.00529938,0.00317979,0.00847916
0.06,0.98,0.991535,0.00529889,0.00316638,0.00846528
0.06,0.99,0.991548,0.00529841,0.00315311,0.00845152
0.06,1,0.991562,0.00529793,0.00313996,0.00843789
0.07,0,0.989043,0.00534929,0.005608,0.0109573
0.07,0.01,0.98909,0.00534873,0.00556143,0.0109102
0.07,0.02,0.989136,0.00534818,0.00551567,0.0108638
0.07,0.03,0.989182,0.00534762,0.0054707,0.0108183
0.07,0.04,0.989226,0.00534706,0.0054265,0.0107736
0.07,0.05,0.98927,0.00534651,0.00538304,0.0107295
0.07,0.06,0.989314,0.00534595,0.00534032,0.0106863
0.07,0.07,0.989356,0.0053454,0.00529831,0.0106437
0.07,0.08,0.989398,0.00534485,0.00525699,0.0106018
0.07,0.09,0.989439,0.0053443,0.00521635,0.0105606
0.07,0.1,0.98948,0.00534375,0.00517637,0.0105201
0.07,0.11,0.98952,0.0053432,0.00513704,0.0104802
0.07,0.12,0.989559,0.00534265,0.00509834,0.010441
0.07,0.13,0.989598,0.0053421,0.00506025,0.0104024
0.07,0.14,0.989636,0.00534155,0.00502277,0.0103643
0.07,0.15,0.989673,0.005341,0.00498587,0.0103269
0.07,0.16,0.98971,0.00534046,0.00494954,0.01029
0.07,0.17,0.989746,0.00533991,0.00491378,0.0102537
0.07,0.18,0.989782,0.00533937,0.00487856,0.0102179
0.07,0.19,0.989817,0.00533883,0.00484388,0.0101827
0.07,0.2,0.989852,0.00533829,0.00480972,0.010148
0.07,0.21,0.989886,0.00533774,0.00477608,0.0101138
0.07,0.22,0.98992,0.0053372,0.00474293,0.0100801
0.07,0.23,0.989953,0.00533666,0.00471027,0.0100469
0.07,0.24,0.989986,0.00533613,0.0046781,0.0100142
0.07,0.25,0.990018,0.00533559,0.00464639,0.00998197
0.07,0.26,0.99005,0.00533505,0.00461514,0.00995019
0.07,0.27,0.990081,0.00533451,0.00458433,0.00991885
0.07,0.28,0.990112,0.00533398,0.00455397,0.00988795
0.07,0.29,0.990143,0.00533344,0.00452404,0.00985748
0.07,0.3,0.990173,0.00533291,0.00449453,0.00982744
0.07,0.31,0.990202,0.00533238,0.00446543,0.0097978
0.07,0.32,0.990231,0.00533185,0.00443673,0.00976857
0.07,0.33,0.99026,0.00533131,0.00440843,0.00973974
0.07,0.34,0.990289,0.00533078,0.00438052,0.0097113
0.07,0.35,0.990317,0.00533025,0.00435298,0.00968324
0.07,0.36,0.990344,0.00532972,0.00432582,0.00965555
0.07,0.37,0.990372,0.0053292,0.00429903,0.00962822
0.07,0.38,0.990399,0.00532867,0.00427259,0.00960126
0.07,0.39,0.990425,0.00532814,0.0042465,0.00957464
0.07,0.4,0.990452,0.00532762,0.00422075,0.00954837
0.07,0.41,0.990478,0.00532709,0.00419534,0.00952244
0.07,0.42,0.990503,0.00532657,0.00417027,0.00949684
0.07,0.43,0.990528,0.00532605,0.00414551,0.00947156
0.07,0.44,0.990553,0.00532552,0.00412108,0.0094466
0.07,0.45,0.990578,0.005325,0.00409695,0.00942196
0.07,0.46,0.990602,0.00532448,0.00407314,0.00939762
0.07,0.47,0.990626,0.00532396,0.00404962,0.00937358
0.07,0.48,0.99065,0.00532344,0.0040264,0.00934984
0.07,0.49,0.990674,0.00532292,0.00400346,0.00932639
0.07,0.5,0.990697,0.00532241,0.00398081,0.00930322
0.07,0.51,0.99072,0.00532189,0.00395844,0.00928033
0.07,0.52,0.990742,0.00532137,0.00393635,0.00925772
0.07,0.53,0.990765,0.00532086,0.00391452,0.00923538
0.07,0.54,0.990787,0.00532034,0.00389296,0.0092133
0.07,0.55,0.990809,0.00531983,0.00387165,0.00919148
0.07,0.56,0.99083,0.00531932,0.0038506,0.00916992
0.07,0.57,0.990851,0.0053188,0.0038298,0.00914861
0.07,0.58,0.990872,0.00531829,0.00380925,0.00912754
0.07,0.59,0.990893,0.00531778,0.00378894,0.00910672
0.07,0.6,0.990914,0.00531727,0.00376886,0.00908613
0.07,0.61,0.990934,0.00531676,0.00374902,0.00906578
0.07,0.62,0.990954,0.00531625,0.00372941,0.00904566
0.07,0.63,0.990974,0.00531575,0.00371002,0.00902577
0.07,0.64,0.990994,0.00531524,0.00369086,0.0090061
