e1,e2,V,Rs,Rv,P
0,0 ,0.133106, 0.00235081,0.864543,0.866894
0,0.01 ,0.137943, 0.0023508,0.859706,0.862057
0,0.02 ,0.142955, 0.00235079,0.854694,0.857045
0,0.03 ,0.148147, 0.00235078,0.849502,0.851853
0,0.04 ,0.153521, 0.00235077,0.844129,0.846479
0,0.05 ,0.159077, 0.00235076,0.838572,0.840923
0,0.06 ,0.164816, 0.00235076,0.832833,0.835184
0,0.07 ,0.170735, 0.00235075,0.826914,0.829265
0,0.08 ,0.176829, 0.00235074,0.82082,0.823171
0,0.09 ,0.183092, 0.00235073,0.814558,0.816908
0,0.1 ,0.189511, 0.00235072,0.808139,0.810489
0,0.11 ,0.196071, 0.00235072,0.801578,0.803929
0,0.12 ,0.202753, 0.00235071,0.794896,0.797247
0,0.13 ,0.209531, 0.0023507,0.788118,0.790469
0,0.14 ,0.216376, 0.00235069,0.781274,0.783624
0,0.15 ,0.223248, 0.00235068,0.774401,0.776752
0,0.16 ,0.230107, 0.00235068,0.767542,0.769893
0,0.17 ,0.236903, 0.00235067,0.760747,0.763097
0,0.18 ,0.243582, 0.00235066,0.754067,0.756418
0,0.19 ,0.250088, 0.00235065,0.747561,0.749912
0,0.2 ,0.256362, 0.00235064,0.741287,0.743638
0,0.21 ,0.262347, 0.00235064,0.735303,0.737653
0,0.22 ,0.267986, 0.00235063,0.729663,0.732014
0,0.23 ,0.273233, 0.00235062,0.724416,0.726767
0,0.24 ,0.278048, 0.00235061,0.719601,0.721952
0,0.25 ,0.282403, 0.0023506,0.715246,0.717597
0,0.26 ,0.286282, 0.0023506,0.711368,0.713718
0,0.27 ,0.289681, 0.00235059,0.707968,0.710319
0,0.28 ,0.292609, 0.00235058,0.70504,0.707391
0,0.29 ,0.295087, 0.00235057,0.702563,0.704913
0,0.3 ,0.297141, 0.00235056,0.700509,0.702859
0,0.31 ,0.298806, 0.00235056,0.698843,0.701194
0,0.32 ,0.300122, 0.00235055,0.697528,0.699878
0,0.33 ,0.301127, 0.00235054,0.696523,0.698873
0,0.34 ,0.301863, 0.00235053,0.695787,0.698137
0,0.35 ,0.302367, 0.00235053,0.695282,0.697633
0,0.36 ,0.302677, 0.00235052,0.694973,0.697323
0,0.37 ,0.302825, 0.00235051,0.694825,0.697175
0,0.38 ,0.30284, 0.0023505,0.694809,0.69716
0,0.39 ,0.30275, 0.00235049,0.694899,0.69725
0,0.4 ,0.302576, 0.00235049,0.695073,0.697424
0,0.41 ,0.302338, 0.00235048,0.695312,0.697662
0,0.42 ,0.302051, 0.00235047,0.695598,0.697949
0,0.43 ,0.30173, 0.00235046,0.695919,0.69827
0,0.44 ,0.301386, 0.00235045,0.696264,0.698614
0,0.45 ,0.301027, 0.00235045,0.696622,0.698973
0,0.46 ,0.300662, 0.00235044,0.696988,0.699338
0,0.47 ,0.300295, 0.00235043,0.697354,0.699705
0,0.48 ,0.299933, 0.00235042,0.697717,0.700067
0,0.49 ,0.299577, 0.00235042,0.698073,0.700423
0,0.5 ,0.299231, 0.00235041,0.698418,0.700769
0,0.51 ,0.298897, 0.0023504,0.698752,0.701103
0,0.52 ,0.298576, 0.00235039,0.699073,0.701424
0,0.53 ,0.298269, 0.00235039,0.69938,0.701731
0,0.54 ,0.297977, 0.00235038,0.699672,0.702023
0,0.55 ,0.2977, 0.00235037,0.69995,0.7023
0,0.56 ,0.297437, 0.00235036,0.700213,0.702563
0,0.57 ,0.297189, 0.00235035,0.700461,0.702811
0,0.58 ,0.296954, 0.00235035,0.700695,0.703046
0,0.59 ,0.296734, 0.00235034,0.700916,0.703266
0,0.6 ,0.296527, 0.00235033,0.701123,0.703473
0,0.61 ,0.296332, 0.00235032,0.701317,0.703668
0,0.62 ,0.29615, 0.00235032,0.7015,0.70385
0,0.63 ,0.295979, 0.00235031,0.701671,0.704021
0,0.64 ,0.295818, 0.0023503,0.701831,0.704182
0,0.65 ,0.295668, 0.00235029,0.701981,0.704332
0,0.66 ,0.295528, 0.00235029,0.702122,0.704472
0,0.67 ,0.295396, 0.00235028,0.702254,0.704604
0,0.68 ,0.295273, 0.00235027,0.702377,0.704727
0,0.69 ,0.295158, 0.00235026,0.702492,0.704842
0,0.7 ,0.29505, 0.00235026,0.7026,0.70495
0,0.71 ,0.294949, 0.00235025,0.702701,0.705051
0,0.72 ,0.294854, 0.00235024,0.702796,0.705146
0,0.73 ,0.294765, 0.00235023,0.702885,0.705235
0,0.74 ,0.294682, 0.00235023,0.702968,0.705318
0,0.75 ,0.294604, 0.00235022,0.703046,0.705396
0,0.76 ,0.294531, 0.00235021,0.703119,0.705469
0,0.77 ,0.294462, 0.0023502,0.703188,0.705538
0,0.78 ,0.294398, 0.0023502,0.703252,0.705602
0,0.79 ,0.294337, 0.00235019,0.703313,0.705663
0,0.8 ,0.29428, 0.00235018,0.70337,0.70572
0,0.81 ,0.294226, 0.00235017,0.703424,0.705774
0,0.82 ,0.294175, 0.00235017,0.703474,0.705825
0,0.83 ,0.294128, 0.00235016,0.703522,0.705872
0,0.84 ,0.294083, 0.00235015,0.703567,0.705917
0,0.85 ,0.29404, 0.00235014,0.70361,0.70596
0,0.86 ,0.294, 0.00235014,0.70365,0.706
0,0.87 ,0.293962, 0.00235013,0.703688,0.706038
0,0.88 ,0.293926, 0.00235012,0.703724,0.706074
0,0.89 ,0.293892, 0.00235011,0.703758,0.706108
0,0.9 ,0.293859, 0.00235011,0.703791,0.706141
0,0.91 ,0.293829, 0.0023501,0.703821,0.706171
0,0.92 ,0.293799, 0.00235009,0.703851,0.706201
0,0.93 ,0.293772, 0.00235008,0.703878,0.706228
0,0.94 ,0.293745, 0.00235008,0.703905,0.706255
0,0.95 ,0.29372, 0.00235007,0.70393,0.70628
0,0.96 ,0.293696, 0.00235006,0.703954,0.706304
0,0.97 ,0.293673, 0.00235005,0.703977,0.706327
0,0.98 ,0.293651, 0.00235005,0.703998,0.706349
0,0.99 ,0.293631, 0.00235004,0.704019,0.706369
0,1 ,0.293611, 0.00235003,0.704039,0.706389
0.01,0 ,0.132226, 0.0023508,0.865424,0.867774
0.01,0.01 ,0.137035, 0.00235079,0.860615,0.862965
0.01,0.02 ,0.142022, 0.00235078,0.855627,0.857978
0.01,0.03 ,0.147193, 0.00235077,0.850456,0.852807
0.01,0.04 ,0.152551, 0.00235077,0.845098,0.847449
0.01,0.05 ,0.158098, 0.00235076,0.839551,0.841902
0.01,0.06 ,0.163837, 0.00235075,0.833813,0.836163
0.01,0.07 ,0.169766, 0.00235074,0.827883,0.830234
0.01,0.08 ,0.175884, 0.00235073,0.821765,0.824116
0.01,0.09 ,0.182186, 0.00235072,0.815464,0.817814
0.01,0.1 ,0.188664, 0.00235072,0.808985,0.811336
0.01,0.11 ,0.195307, 0.00235071,0.802343,0.804693
0.01,0.12 ,0.202098, 0.0023507,0.795551,0.797902
0.01,0.13 ,0.209018, 0.00235069,0.788631,0.790982
0.01,0.14 ,0.216039, 0.00235068,0.781611,0.783961
0.01,0.15 ,0.223128, 0.00235068,0.774521,0.776872
0.01,0.16 ,0.230246, 0.00235067,0.767403,0.769754
0.01,0.17 ,0.237347, 0.00235066,0.760302,0.762653
0.01,0.18 ,0.244379, 0.00235065,0.75327,0.755621
0.01,0.19 ,0.251284, 0.00235064,0.746365,0.748716
0.01,0.2 ,0.258001, 0.00235064,0.739648,0.741999
0.01,0.21 ,0.264467, 0.00235063,0.733182,0.735533
0.01,0.22 ,0.27062, 0.00235062,0.72703,0.72938
0.01,0.23 ,0.276402, 0.00235061,0.721248,0.723598
0.01,0.24 ,0.281762, 0.0023506,0.715888,0.718238
0.01,0.25 ,0.28666, 0.0023506,0.71099,0.71334
0.01,0.26 ,0.291068, 0.00235059,0.706582,0.708932
0.01,0.27 ,0.294971, 0.00235058,0.702678,0.705029
0.01,0.28 ,0.298369, 0.00235057,0.69928,0.701631
0.01,0.29 ,0.301275, 0.00235056,0.696374,0.698725
0.01,0.3 ,0.303712, 0.00235056,0.693938,0.696288
0.01,0.31 ,0.305712, 0.00235055,0.691937,0.694288
0.01,0.32 ,0.307315, 0.00235054,0.690335,0.692685
0.01,0.33 ,0.308562, 0.00235053,0.689087,0.691438
0.01,0.34 ,0.309497, 0.00235053,0.688152,0.690503
0.01,0.35 ,0.310164, 0.00235052,0.687486,0.689836
0.01,0.36 ,0.310602, 0.00235051,0.687047,0.689398
0.01,0.37 ,0.31085, 0.0023505,0.6868,0.68915
0.01,0.38 ,0.310941, 0.00235049,0.686709,0.689059
0.01,0.39 ,0.310906, 0.00235049,0.686744,0.689094
0.01,0.4 ,0.31077, 0.00235048,0.686879,0.68923
0.01,0.41 ,0.310557, 0.00235047,0.687092,0.689443
0.01,0.42 ,0.310286, 0.00235046,0.687364,0.689714
0.01,0.43 ,0.309971, 0.00235046,0.687678,0.690029
0.01,0.44 ,0.309627, 0.00235045,0.688022,0.690373
0.01,0.45 ,0.309264, 0.00235044,0.688386,0.690736
0.01,0.46 ,0.308891, 0.00235043,0.688759,0.691109
0.01,0.47 ,0.308514, 0.00235042,0.689136,0.691486
0.01,0.48 ,0.308139, 0.00235042,0.68951,0.691861
0.01,0.49 ,0.307771, 0.00235041,0.689879,0.692229
0.01,0.5 ,0.307412, 0.0023504,0.690238,0.692588
0.01,0.51 ,0.307064, 0.00235039,0.690585,0.692936
0.01,0.52 ,0.30673, 0.00235039,0.690919,0.69327
0.01,0.53 ,0.306411, 0.00235038,0.691239,0.693589
0.01,0.54 ,0.306106, 0.00235037,0.691543,0.693894
0.01,0.55 ,0.305817, 0.00235036,0.691832,0.694183
0.01,0.56 ,0.305544, 0.00235035,0.692106,0.694456
0.01,0.57 ,0.305285, 0.00235035,0.692364,0.694715
0.01,0.58 ,0.305042, 0.00235034,0.692608,0.694958
0.01,0.59 ,0.304813, 0.00235033,0.692837,0.695187
0.01,0.6 ,0.304597, 0.00235032,0.693052,0.695403
0.01,0.61 ,0.304395, 0.00235032,0.693254,0.695605
0.01,0.62 ,0.304206, 0.00235031,0.693444,0.695794
0.01,0.63 ,0.304029, 0.0023503,0.693621,0.695971
0.01,0.64 ,0.303863, 0.00235029,0.693787,0.696137
0.01,0.65 ,0.303708, 0.00235029,0.693942,0.696292
0.01,0.66 ,0.303562, 0.00235028,0.694087,0.696438
0.01,0.67 ,0.303426, 0.00235027,0.694223,0.696574
0.01,0.68 ,0.303299, 0.00235026,0.69435,0.696701
0.01,0.69 ,0.303181, 0.00235026,0.694469,0.696819
0.01,0.7 ,0.303069, 0.00235025,0.69458,0.696931
0.01,0.71 ,0.302965, 0.00235024,0.694684,0.697035
0.01,0.72 ,0.302868, 0.00235023,0.694782,0.697132
0.01,0.73 ,0.302777, 0.00235023,0.694873,0.697223
0.01,0.74 ,0.302692, 0.00235022,0.694958,0.697308
0.01,0.75 ,0.302612, 0.00235021,0.695038,0.697388
0.01,0.76 ,0.302536, 0.0023502,0.695113,0.697464
0.01,0.77 ,0.302466, 0.0023502,0.695184,0.697534
0.01,0.78 ,0.3024, 0.00235019,0.69525,0.6976
0.01,0.79 ,0.302338, 0.00235018,0.695312,0.697662
0.01,0.8 ,0.30228, 0.00235017,0.69537,0.69772
0.01,0.81 ,0.302225, 0.00235017,0.695425,0.697775
0.01,0.82 ,0.302173, 0.00235016,0.695477,0.697827
0.01,0.83 ,0.302124, 0.00235015,0.695526,0.697876
0.01,0.84 ,0.302078, 0.00235014,0.695572,0.697922
0.01,0.85 ,0.302035, 0.00235014,0.695615,0.697965
0.01,0.86 ,0.301994, 0.00235013,0.695656,0.698006
0.01,0.87 ,0.301955, 0.00235012,0.695695,0.698045
0.01,0.88 ,0.301918, 0.00235011,0.695732,0.698082
0.01,0.89 ,0.301884, 0.00235011,0.695766,0.698116
0.01,0.9 ,0.301851, 0.0023501,0.695799,0.698149
0.01,0.91 ,0.301819, 0.00235009,0.69583,0.698181
0.01,0.92 ,0.30179, 0.00235008,0.69586,0.69821
0.01,0.93 ,0.301762, 0.00235008,0.695888,0.698238
0.01,0.94 ,0.301735, 0.00235007,0.695915,0.698265
0.01,0.95 ,0.301709, 0.00235006,0.695941,0.698291
0.01,0.96 ,0.301685, 0.00235005,0.695965,0.698315
0.01,0.97 ,0.301662, 0.00235005,0.695988,0.698338
0.01,0.98 ,0.301639, 0.00235004,0.696011,0.698361
0.01,0.99 ,0.301618, 0.00235003,0.696032,0.698382
0.01,1 ,0.301598, 0.00235003,0.696052,0.698402
0.02,0 ,0.131352, 0.00235079,0.866297,0.868648
0.02,0.01 ,0.136129, 0.00235078,0.86152,0.863871
0.02,0.02 ,0.141088, 0.00235077,0.856562,0.858912
0.02,0.03 ,0.146232, 0.00235077,0.851418,0.853768
0.02,0.04 ,0.151566, 0.00235076,0.846083,0.848434
0.02,0.05 ,0.157096, 0.00235075,0.840553,0.842904
0.02,0.06 ,0.162823, 0.00235074,0.834826,0.837177
0.02,0.07 ,0.16875, 0.00235073,0.828899,0.83125
0.02,0.08 ,0.174877, 0.00235073,0.822773,0.825123
0.02,0.09 ,0.181201, 0.00235072,0.816448,0.818799
0.02,0.1 ,0.187718, 0.00235071,0.809931,0.812282
0.02,0.11 ,0.194421, 0.0023507,0.803229,0.805579
0.02,0.12 ,0.201296, 0.00235069,0.796353,0.798704
0.02,0.13 ,0.208329, 0.00235069,0.789321,0.791671
0.02,0.14 ,0.215495, 0.00235068,0.782154,0.784505
0.02,0.15 ,0.222768, 0.00235067,0.774881,0.777232
0.02,0.16 ,0.230113, 0.00235066,0.767536,0.769887
0.02,0.17 ,0.237487, 0.00235065,0.760163,0.762513
0.02,0.18 ,0.24484, 0.00235065,0.752809,0.75516
0.02,0.19 ,0.252118, 0.00235064,0.745532,0.747882
0.02,0.2 ,0.259257, 0.00235063,0.738393,0.740743
0.02,0.21 ,0.266192, 0.00235062,0.731458,0.733808
0.02,0.22 ,0.272855, 0.00235061,0.724795,0.727145
0.02,0.23 ,0.279179, 0.00235061,0.71847,0.720821
0.02,0.24 ,0.285104, 0.0023506,0.712545,0.714896
0.02,0.25 ,0.290576, 0.00235059,0.707073,0.709424
0.02,0.26 ,0.295554, 0.00235058,0.702095,0.704446
0.02,0.27 ,0.30001, 0.00235057,0.69764,0.69999
0.02,0.28 ,0.303931, 0.00235057,0.693718,0.696069
0.02,0.29 ,0.307321, 0.00235056,0.690328,0.692679
0.02,0.3 ,0.310196, 0.00235055,0.687453,0.689804
0.02,0.31 ,0.312585, 0.00235054,0.685065,0.687415
0.02,0.32 ,0.314524, 0.00235053,0.683125,0.685476
0.02,0.33 ,0.316058, 0.00235053,0.681592,0.683942
0.02,0.34 ,0.317232, 0.00235052,0.680418,0.682768
0.02,0.35 ,0.318093, 0.00235051,0.679556,0.681907
0.02,0.36 ,0.318687, 0.0023505,0.678962,0.681313
0.02,0.37 ,0.319057, 0.00235049,0.678592,0.680943
0.02,0.38 ,0.319242, 0.00235049,0.678408,0.680758
0.02,0.39 ,0.319276, 0.00235048,0.678374,0.680724
0.02,0.4 ,0.31919, 0.00235047,0.678459,0.68081
0.02,0.41 ,0.319011, 0.00235046,0.678639,0.680989
0.02,0.42 ,0.31876, 0.00235046,0.67889,0.68124
0.02,0.43 ,0.318456, 0.00235045,0.679193,0.681544
0.02,0.44 ,0.318115, 0.00235044,0.679534,0.681885
0.02,0.45 ,0.317749, 0.00235043,0.6799,0.682251
0.02,0.46 ,0.317369, 0.00235042,0.68028,0.682631
0.02,0.47 ,0.316983, 0.00235042,0.680667,0.683017
0.02,0.48 ,0.316596, 0.00235041,0.681053,0.683404
0.02,0.49 ,0.316215, 0.0023504,0.681435,0.683785
0.02,0.5 ,0.315842, 0.00235039,0.681807,0.684158
0.02,0.51 ,0.315481, 0.00235039,0.682169,0.684519
0.02,0.52 ,0.315133, 0.00235038,0.682516,0.684867
0.02,0.53 ,0.3148, 0.00235037,0.682849,0.6852
0.02,0.54 ,0.314483, 0.00235036,0.683167,0.685517
0.02,0.55 ,0.314182, 0.00235036,0.683468,0.685818
0.02,0.56 ,0.313897, 0.00235035,0.683753,0.686103
0.02,0.57 ,0.313628, 0.00235034,0.684022,0.686372
0.02,0.58 ,0.313374, 0.00235033,0.684276,0.686626
0.02,0.59 ,0.313136, 0.00235032,0.684514,0.686864
0.02,0.6 ,0.312912, 0.00235032,0.684737,0.687088
0.02,0.61 ,0.312702, 0.00235031,0.684947,0.687298
0.02,0.62 ,0.312506, 0.0023503,0.685144,0.687494
0.02,0.63 ,0.312322, 0.00235029,0.685327,0.687678
0.02,0.64 ,0.31215, 0.00235029,0.685499,0.68785
0.02,0.65 ,0.31199, 0.00235028,0.68566,0.68801
0.02,0.66 ,0.31184, 0.00235027,0.68581,0.68816
0.02,0.67 ,0.311699, 0.00235026,0.68595,0.688301
0.02,0.68 ,0.311568, 0.00235026,0.686082,0.688432
0.02,0.69 ,0.311446, 0.00235025,0.686204,0.688554
0.02,0.7 ,0.311331, 0.00235024,0.686319,0.688669
0.02,0.71 ,0.311224, 0.00235023,0.686426,0.688776
0.02,0.72 ,0.311124, 0.00235023,0.686526,0.688876
0.02,0.73 ,0.31103, 0.00235022,0.686619,0.68897
0.02,0.74 ,0.310943, 0.00235021,0.686707,0.689057
0.02,0.75 ,0.310861, 0.0023502,0.686789,0.689139
0.02,0.76 ,0.310784, 0.0023502,0.686866,0.689216
0.02,0.77 ,0.310712, 0.00235019,0.686938,0.689288
0.02,0.78 ,0.310644, 0.00235018,0.687006,0.689356
0.02,0.79 ,0.310581, 0.00235017,0.687069,0.689419
0.02,0.8 ,0.310521, 0.00235017,0.687129,0.689479
0.02,0.81 ,0.310465, 0.00235016,0.687185,0.689535
0.02,0.82 ,0.310412, 0.00235015,0.687238,0.689588
0.02,0.83 ,0.310362, 0.00235014,0.687288,0.689638
0.02,0.84 ,0.310315, 0.00235014,0.687334,0.689685
0.02,0.85 ,0.310271, 0.00235013,0.687379,0.689729
0.02,0.86 ,0.310229, 0.00235012,0.687421,0.689771
0.02,0.87 ,0.31019, 0.00235011,0.68746,0.68981
0.02,0.88 ,0.310152, 0.00235011,0.687497,0.689848
0.02,0.89 ,0.310117, 0.0023501,0.687533,0.689883
0.02,0.9 ,0.310084, 0.00235009,0.687566,0.689916
0.02,0.91 ,0.310052, 0.00235008,0.687598,0.689948
0.02,0.92 ,0.310022, 0.00235008,0.687628,0.689978
0.02,0.93 ,0.309993, 0.00235007,0.687657,0.690007
0.02,0.94 ,0.309966, 0.00235006,0.687684,0.690034
0.02,0.95 ,0.30994, 0.00235005,0.68771,0.69006
0.02,0.96 ,0.309915, 0.00235005,0.687735,0.690085
0.02,0.97 ,0.309891, 0.00235004,0.687759,0.690109
0.02,0.98 ,0.309869, 0.00235003,0.687781,0.690131
0.02,0.99 ,0.309847, 0.00235002,0.687803,0.690153
0.02,1 ,0.309827, 0.00235002,0.687823,0.690173
0.03,0 ,0.13049, 0.00235078,0.867159,0.86951
0.03,0.01 ,0.135233, 0.00235077,0.862416,0.864767
0.03,0.02 ,0.140158, 0.00235077,0.857491,0.859842
0.03,0.03 ,0.14527, 0.00235076,0.852379,0.85473
0.03,0.04 ,0.150576, 0.00235075,0.847073,0.849424
0.03,0.05 ,0.15608, 0.00235074,0.841569,0.84392
0.03,0.06 ,0.161787, 0.00235073,0.835862,0.838213
0.03,0.07 ,0.167701, 0.00235073,0.829948,0.832299
0.03,0.08 ,0.173823, 0.00235072,0.823826,0.826177
0.03,0.09 ,0.180154, 0.00235071,0.817495,0.819846
0.03,0.1 ,0.186693, 0.0023507,0.810957,0.813307
0.03,0.11 ,0.193434, 0.00235069,0.804216,0.806566
0.03,0.12 ,0.200369, 0.00235069,0.79728,0.799631
0.03,0.13 ,0.207487, 0.00235068,0.790162,0.792513
0.03,0.14 ,0.214769, 0.00235067,0.78288,0.785231
0.03,0.15 ,0.222194, 0.00235066,0.775456,0.777806
0.03,0.16 ,0.22973, 0.00235065,0.76792,0.77027
0.03,0.17 ,0.23734, 0.00235065,0.760309,0.76266
0.03,0.18 ,0.24498, 0.00235064,0.752669,0.75502
0.03,0.19 ,0.252597, 0.00235063,0.745052,0.747403
0.03,0.2 ,0.26013, 0.00235062,0.73752,0.73987
0.03,0.21 ,0.267512, 0.00235061,0.730138,0.732488
0.03,0.22 ,0.274672, 0.00235061,0.722978,0.725328
0.03,0.23 ,0.281537, 0.0023506,0.716112,0.718463
0.03,0.24 ,0.288037, 0.00235059,0.709613,0.711963
0.03,0.25 ,0.294105, 0.00235058,0.703544,0.705895
0.03,0.26 ,0.299687, 0.00235057,0.697962,0.700313
0.03,0.27 ,0.30474, 0.00235057,0.692909,0.69526
0.03,0.28 ,0.309238, 0.00235056,0.688411,0.690762
0.03,0.29 ,0.31317, 0.00235055,0.684479,0.68683
0.03,0.3 ,0.316544, 0.00235054,0.681106,0.683456
0.03,0.31 ,0.31938, 0.00235053,0.67827,0.68062
0.03,0.32 ,0.321712, 0.00235053,0.675938,0.678288
0.03,0.33 ,0.323583, 0.00235052,0.674067,0.676417
0.03,0.34 ,0.325041, 0.00235051,0.672609,0.674959
0.03,0.35 ,0.326136, 0.0023505,0.671513,0.673864
0.03,0.36 ,0.32692, 0.0023505,0.67073,0.67308
0.03,0.37 ,0.327439, 0.00235049,0.67021,0.672561
0.03,0.38 ,0.327739, 0.00235048,0.66991,0.672261
0.03,0.39 ,0.32786, 0.00235047,0.669789,0.67214
0.03,0.4 ,0.327837, 0.00235046,0.669812,0.672163
0.03,0.41 ,0.327701, 0.00235046,0.669948,0.672299
0.03,0.42 ,0.327479, 0.00235045,0.670171,0.672521
0.03,0.43 ,0.327191, 0.00235044,0.670458,0.672809
0.03,0.44 ,0.326857, 0.00235043,0.670792,0.673143
0.03,0.45 ,0.326492, 0.00235042,0.671158,0.673508
0.03,0.46 ,0.326106, 0.00235042,0.671543,0.673894
0.03,0.47 ,0.325711, 0.00235041,0.671939,0.674289
0.03,0.48 ,0.325313, 0.0023504,0.672337,0.674687
0.03,0.49 ,0.324918, 0.00235039,0.672731,0.675082
0.03,0.5 ,0.324532, 0.00235039,0.673118,0.675468
0.03,0.51 ,0.324156, 0.00235038,0.673493,0.675844
0.03,0.52 ,0.323794, 0.00235037,0.673855,0.676206
0.03,0.53 ,0.323447, 0.00235036,0.674202,0.676553
0.03,0.54 ,0.323117, 0.00235036,0.674533,0.676883
0.03,0.55 ,0.322803, 0.00235035,0.674847,0.677197
0.03,0.56 ,0.322505, 0.00235034,0.675144,0.677495
0.03,0.57 ,0.322225, 0.00235033,0.675425,0.677775
0.03,0.58 ,0.321961, 0.00235032,0.675689,0.678039
0.03,0.59 ,0.321713, 0.00235032,0.675937,0.678287
0.03,0.6 ,0.32148, 0.00235031,0.676169,0.67852
0.03,0.61 ,0.321263, 0.0023503,0.676387,0.678737
0.03,0.62 ,0.321059, 0.00235029,0.676591,0.678941
0.03,0.63 ,0.320868, 0.00235029,0.676782,0.679132
0.03,0.64 ,0.32069, 0.00235028,0.67696,0.67931
0.03,0.65 ,0.320524, 0.00235027,0.677126,0.679476
0.03,0.66 ,0.320368, 0.00235026,0.677281,0.679632
0.03,0.67 ,0.320224, 0.00235026,0.677426,0.679776
0.03,0.68 ,0.320088, 0.00235025,0.677562,0.679912
0.03,0.69 ,0.319962, 0.00235024,0.677688,0.680038
0.03,0.7 ,0.319844, 0.00235023,0.677806,0.680156
0.03,0.71 ,0.319734, 0.00235023,0.677916,0.680266
0.03,0.72 ,0.319631, 0.00235022,0.678019,0.680369
0.03,0.73 ,0.319535, 0.00235021,0.678115,0.680465
0.03,0.74 ,0.319445, 0.0023502,0.678205,0.680555
0.03,0.75 ,0.319361, 0.0023502,0.678289,0.680639
0.03,0.76 ,0.319282, 0.00235019,0.678368,0.680718
0.03,0.77 ,0.319208, 0.00235018,0.678442,0.680792
0.03,0.78 ,0.319139, 0.00235017,0.678511,0.680861
0.03,0.79 ,0.319074, 0.00235017,0.678576,0.680926
0.03,0.8 ,0.319013, 0.00235016,0.678637,0.680987
0.03,0.81 ,0.318955, 0.00235015,0.678694,0.681045
0.03,0.82 ,0.318901, 0.00235014,0.678748,0.681099
0.03,0.83 ,0.318851, 0.00235014,0.678799,0.681149
0.03,0.84 ,0.318803, 0.00235013,0.678847,0.681197
0.03,0.85 ,0.318758, 0.00235012,0.678892,0.681242
0.03,0.86 ,0.318715, 0.00235011,0.678935,0.681285
0.03,0.87 ,0.318675, 0.00235011,0.678975,0.681325
0.03,0.88 ,0.318637, 0.0023501,0.679013,0.681363
0.03,0.89 ,0.318601, 0.00235009,0.679049,0.681399
0.03,0.9 ,0.318567, 0.00235008,0.679083,0.681433
0.03,0.91 ,0.318534, 0.00235008,0.679116,0.681466
0.03,0.92 ,0.318504, 0.00235007,0.679146,0.681496
0.03,0.93 ,0.318474, 0.00235006,0.679176,0.681526
0.03,0.94 ,0.318447, 0.00235005,0.679203,0.681553
0.03,0.95 ,0.31842, 0.00235005,0.67923,0.68158
0.03,0.96 ,0.318395, 0.00235004,0.679255,0.681605
0.03,0.97 ,0.318371, 0.00235003,0.679279,0.681629
0.03,0.98 ,0.318348, 0.00235002,0.679302,0.681652
0.03,0.99 ,0.318326, 0.00235002,0.679324,0.681674
0.03,1 ,0.318305, 0.00235001,0.679345,0.681695
0.04,0 ,0.129643, 0.00235078,0.868006,0.870357
0.04,0.01 ,0.13435, 0.00235077,0.863299,0.86565
0.04,0.02 ,0.139239, 0.00235076,0.858411,0.860761
0.04,0.03 ,0.144316, 0.00235075,0.853334,0.855684
0.04,0.04 ,0.149587, 0.00235074,0.848062,0.850413
0.04,0.05 ,0.15506, 0.00235074,0.842589,0.84494
0.04,0.06 ,0.16074, 0.00235073,0.836909,0.83926
0.04,0.07 ,0.166631, 0.00235072,0.831018,0.833369
0.04,0.08 ,0.172737, 0.00235071,0.824912,0.827263
0.04,0.09 ,0.179062, 0.0023507,0.818587,0.820938
0.04,0.1 ,0.185605, 0.00235069,0.812044,0.814395
0.04,0.11 ,0.192366, 0.00235069,0.805283,0.807634
0.04,0.12 ,0.199339, 0.00235068,0.79831,0.800661
0.04,0.13 ,0.206517, 0.00235067,0.791132,0.793483
0.04,0.14 ,0.213887, 0.00235066,0.783763,0.786113
0.04,0.15 ,0.22143, 0.00235065,0.77622,0.77857
0.04,0.16 ,0.229122, 0.00235065,0.768527,0.770878
0.04,0.17 ,0.236932, 0.00235064,0.760717,0.763068
0.04,0.18 ,0.24482, 0.00235063,0.752829,0.75518
0.04,0.19 ,0.252738, 0.00235062,0.744911,0.747262
0.04,0.2 ,0.260629, 0.00235061,0.737021,0.739371
0.04,0.21 ,0.268427, 0.00235061,0.729223,0.731573
0.04,0.22 ,0.276061, 0.0023506,0.721589,0.723939
0.04,0.23 ,0.283453, 0.00235059,0.714196,0.716547
0.04,0.24 ,0.290526, 0.00235058,0.707124,0.709474
0.04,0.25 ,0.297203, 0.00235057,0.700446,0.702797
0.04,0.26 ,0.303416, 0.00235057,0.694234,0.696584
0.04,0.27 ,0.309105, 0.00235056,0.688544,0.690895
0.04,0.28 ,0.314229, 0.00235055,0.683421,0.685771
0.04,0.29 ,0.318761, 0.00235054,0.678888,0.681239
0.04,0.3 ,0.322696, 0.00235054,0.674953,0.677304
0.04,0.31 ,0.326044, 0.00235053,0.671606,0.673956
0.04,0.32 ,0.328832, 0.00235052,0.668818,0.671168
0.04,0.33 ,0.331099, 0.00235051,0.66655,0.668901
0.04,0.34 ,0.332894, 0.0023505,0.664755,0.667106
0.04,0.35 ,0.334271, 0.0023505,0.663379,0.665729
0.04,0.36 ,0.335283, 0.00235049,0.662367,0.664717
0.04,0.37 ,0.335985, 0.00235048,0.661665,0.664015
0.04,0.38 ,0.336427, 0.00235047,0.661223,0.663573
0.04,0.39 ,0.336656, 0.00235046,0.660994,0.663344
0.04,0.4 ,0.336712, 0.00235046,0.660937,0.663288
0.04,0.41 ,0.336633, 0.00235045,0.661017,0.663367
0.04,0.42 ,0.336448, 0.00235044,0.661201,0.663552
0.04,0.43 ,0.336184, 0.00235043,0.661466,0.663816
0.04,0.44 ,0.335861, 0.00235043,0.661788,0.664139
0.04,0.45 ,0.335499, 0.00235042,0.662151,0.664501
0.04,0.46 ,0.33511, 0.00235041,0.662539,0.66489
0.04,0.47 ,0.334707, 0.0023504,0.662943,0.665293
0.04,0.48 ,0.334298, 0.00235039,0.663351,0.665702
0.04,0.49 ,0.333891, 0.00235039,0.663759,0.666109
0.04,0.5 ,0.33349, 0.00235038,0.66416,0.66651
0.04,0.51 ,0.333099, 0.00235037,0.66455,0.666901
0.04,0.52 ,0.332723, 0.00235036,0.664927,0.667277
0.04,0.53 ,0.332361, 0.00235036,0.665289,0.667639
0.04,0.54 ,0.332016, 0.00235035,0.665633,0.667984
0.04,0.55 ,0.331689, 0.00235034,0.665961,0.668311
0.04,0.56 ,0.331379, 0.00235033,0.666271,0.668621
0.04,0.57 ,0.331087, 0.00235033,0.666563,0.668913
0.04,0.58 ,0.330812, 0.00235032,0.666838,0.669188
0.04,0.59 ,0.330553, 0.00235031,0.667096,0.669447
0.04,0.6 ,0.330311, 0.0023503,0.667338,0.669689
0.04,0.61 ,0.330085, 0.00235029,0.667565,0.669915
0.04,0.62 ,0.329873, 0.00235029,0.667776,0.670127
0.04,0.63 ,0.329676, 0.00235028,0.667974,0.670324
0.04,0.64 ,0.329491, 0.00235027,0.668159,0.670509
0.04,0.65 ,0.329319, 0.00235026,0.668331,0.670681
0.04,0.66 ,0.329158, 0.00235026,0.668492,0.670842
0.04,0.67 ,0.329008, 0.00235025,0.668641,0.670992
0.04,0.68 ,0.328869, 0.00235024,0.668781,0.671131
0.04,0.69 ,0.328738, 0.00235023,0.668911,0.671262
0.04,0.7 ,0.328617, 0.00235023,0.669033,0.671383
0.04,0.71 ,0.328504, 0.00235022,0.669146,0.671496
0.04,0.72 ,0.328398, 0.00235021,0.669252,0.671602
0.04,0.73 ,0.328299, 0.0023502,0.669351,0.671701
0.04,0.74 ,0.328207, 0.0023502,0.669443,0.671793
0.04,0.75 ,0.32812, 0.00235019,0.66953,0.67188
0.04,0.76 ,0.328039, 0.00235018,0.66961,0.671961
0.04,0.77 ,0.327964, 0.00235017,0.669686,0.672036
0.04,0.78 ,0.327893, 0.00235017,0.669757,0.672107
0.04,0.79 ,0.327826, 0.00235016,0.669823,0.672174
0.04,0.8 ,0.327764, 0.00235015,0.669886,0.672236
0.04,0.81 ,0.327706, 0.00235014,0.669944,0.672294
0.04,0.82 ,0.32765, 0.00235014,0.669999,0.67235
0.04,0.83 ,0.327599, 0.00235013,0.670051,0.672401
0.04,0.84 ,0.32755, 0.00235012,0.6701,0.67245
0.04,0.85 ,0.327504, 0.00235011,0.670146,0.672496
0.04,0.86 ,0.32746, 0.00235011,0.670189,0.67254
0.04,0.87 ,0.327419, 0.0023501,0.67023,0.672581
0.04,0.88 ,0.327381, 0.00235009,0.670269,0.672619
0.04,0.89 ,0.327344, 0.00235008,0.670306,0.672656
0.04,0.9 ,0.327309, 0.00235008,0.670341,0.672691
0.04,0.91 ,0.327276, 0.00235007,0.670374,0.672724
0.04,0.92 ,0.327245, 0.00235006,0.670405,0.672755
0.04,0.93 ,0.327215, 0.00235005,0.670435,0.672785
0.04,0.94 ,0.327187, 0.00235005,0.670463,0.672813
0.04,0.95 ,0.32716, 0.00235004,0.67049,0.67284
0.04,0.96 ,0.327135, 0.00235003,0.670515,0.672865
0.04,0.97 ,0.32711, 0.00235002,0.67054,0.67289
0.04,0.98 ,0.327087, 0.00235002,0.670563,0.672913
0.04,0.99 ,0.327065, 0.00235001,0.670585,0.672935
0.04,1 ,0.327044, 0.00235,0.670606,0.672956
0.05,0 ,0.128816, 0.00235077,0.868833,0.871184
0.05,0.01 ,0.133485, 0.00235076,0.864164,0.866515
0.05,0.02 ,0.138335, 0.00235075,0.859314,0.861665
0.05,0.03 ,0.143374, 0.00235074,0.854276,0.856626
0.05,0.04 ,0.148608, 0.00235074,0.849041,0.851392
0.05,0.05 ,0.154045, 0.00235073,0.843605,0.845955
0.05,0.06 ,0.159691, 0.00235072,0.837959,0.840309
0.05,0.07 ,0.165552, 0.00235071,0.832098,0.834448
0.05,0.08 ,0.171633, 0.0023507,0.826016,0.828367
0.05,0.09 ,0.17794, 0.0023507,0.81971,0.82206
0.05,0.1 ,0.184474, 0.00235069,0.813175,0.815526
0.05,0.11 ,0.191237, 0.00235068,0.806412,0.808763
0.05,0.12 ,0.198228, 0.00235067,0.799421,0.801772
0.05,0.13 ,0.205443, 0.00235066,0.792206,0.794557
0.05,0.14 ,0.212872, 0.00235066,0.784777,0.787128
0.05,0.15 ,0.220504, 0.00235065,0.777145,0.779496
0.05,0.16 ,0.228318, 0.00235064,0.769331,0.771682
0.05,0.17 ,0.23629, 0.00235063,0.761359,0.76371
0.05,0.18 ,0.244386, 0.00235062,0.753263,0.755614
0.05,0.19 ,0.252564, 0.00235062,0.745086,0.747436
0.05,0.2 ,0.260771, 0.00235061,0.736878,0.739229
0.05,0.21 ,0.268947, 0.0023506,0.728702,0.731053
0.05,0.22 ,0.277021, 0.00235059,0.720628,0.722979
0.05,0.23 ,0.284916, 0.00235058,0.712733,0.715084
0.05,0.24 ,0.292548, 0.00235058,0.705101,0.707452
0.05,0.25 ,0.299834, 0.00235057,0.697815,0.700166
0.05,0.26 ,0.306691, 0.00235056,0.690958,0.693309
0.05,0.27 ,0.313047, 0.00235055,0.684602,0.686953
0.05,0.28 ,0.318841, 0.00235054,0.678809,0.681159
0.05,0.29 ,0.324029, 0.00235054,0.67362,0.675971
0.05,0.3 ,0.328589, 0.00235053,0.669061,0.671411
0.05,0.31 ,0.332517, 0.00235052,0.665133,0.667483
0.05,0.32 ,0.335829, 0.00235051,0.66182,0.664171
0.05,0.33 ,0.338559, 0.0023505,0.65909,0.661441
0.05,0.34 ,0.340753, 0.0023505,0.656896,0.659247
0.05,0.35 ,0.342465, 0.00235049,0.655184,0.657535
0.05,0.36 ,0.343753, 0.00235048,0.653896,0.656247
0.05,0.37 ,0.344678, 0.00235047,0.652972,0.655322
0.05,0.38 ,0.345295, 0.00235046,0.652355,0.654705
0.05,0.39 ,0.345658, 0.00235046,0.651992,0.654342
0.05,0.4 ,0.345814, 0.00235045,0.651835,0.654186
0.05,0.41 ,0.345807, 0.00235044,0.651843,0.654193
0.05,0.42 ,0.345672, 0.00235043,0.651978,0.654328
0.05,0.43 ,0.345439, 0.00235043,0.652211,0.654561
0.05,0.44 ,0.345135, 0.00235042,0.652515,0.654865
0.05,0.45 ,0.344779, 0.00235041,0.65287,0.655221
0.05,0.46 ,0.34439, 0.0023504,0.653259,0.65561
0.05,0.47 ,0.343981, 0.00235039,0.653669,0.656019
0.05,0.48 ,0.343562, 0.00235039,0.654088,0.656438
0.05,0.49 ,0.343142, 0.00235038,0.654508,0.656858
0.05,0.5 ,0.342727, 0.00235037,0.654923,0.657273
0.05,0.51 ,0.342321, 0.00235036,0.655329,0.657679
0.05,0.52 ,0.341929, 0.00235036,0.655721,0.658071
0.05,0.53 ,0.341552, 0.00235035,0.656098,0.658448
0.05,0.54 ,0.341192, 0.00235034,0.656457,0.658808
0.05,0.55 ,0.34085, 0.00235033,0.656799,0.65915
0.05,0.56 ,0.340527, 0.00235033,0.657122,0.659473
0.05,0.57 ,0.340222, 0.00235032,0.657427,0.659778
0.05,0.58 ,0.339936, 0.00235031,0.657714,0.660064
0.05,0.59 ,0.339667, 0.0023503,0.657983,0.660333
0.05,0.6 ,0.339415, 0.00235029,0.658235,0.660585
0.05,0.61 ,0.33918, 0.00235029,0.65847,0.66082
0.05,0.62 ,0.33896, 0.00235028,0.65869,0.66104
0.05,0.63 ,0.338754, 0.00235027,0.658895,0.661246
0.05,0.64 ,0.338563, 0.00235026,0.659087,0.661437
0.05,0.65 ,0.338385, 0.00235026,0.659265,0.661615
0.05,0.66 ,0.338218, 0.00235025,0.659431,0.661782
0.05,0.67 ,0.338064, 0.00235024,0.659586,0.661936
0.05,0.68 ,0.337919, 0.00235023,0.65973,0.662081
0.05,0.69 ,0.337785, 0.00235023,0.659865,0.662215
0.05,0.7 ,0.33766, 0.00235022,0.65999,0.66234
0.05,0.71 ,0.337543, 0.00235021,0.660107,0.662457
0.05,0.72 ,0.337434, 0.0023502,0.660216,0.662566
0.05,0.73 ,0.337333, 0.0023502,0.660317,0.662667
0.05,0.74 ,0.337238, 0.00235019,0.660412,0.662762
0.05,0.75 ,0.337149, 0.00235018,0.660501,0.662851
0.05,0.76 ,0.337066, 0.00235017,0.660583,0.662934
0.05,0.77 ,0.336989, 0.00235017,0.660661,0.663011
0.05,0.78 ,0.336916, 0.00235016,0.660733,0.663084
0.05,0.79 ,0.336848, 0.00235015,0.660801,0.663152
0.05,0.8 ,0.336785, 0.00235014,0.660865,0.663215
0.05,0.81 ,0.336725, 0.00235014,0.660925,0.663275
0.05,0.82 ,0.336669, 0.00235013,0.660981,0.663331
0.05,0.83 ,0.336616, 0.00235012,0.661034,0.663384
0.05,0.84 ,0.336566, 0.00235011,0.661084,0.663434
0.05,0.85 ,0.336519, 0.00235011,0.661131,0.663481
0.05,0.86 ,0.336475, 0.0023501,0.661175,0.663525
0.05,0.87 ,0.336433, 0.00235009,0.661217,0.663567
0.05,0.88 ,0.336394, 0.00235008,0.661256,0.663606
0.05,0.89 ,0.336356, 0.00235008,0.661294,0.663644
0.05,0.9 ,0.336321, 0.00235007,0.661329,0.663679
0.05,0.91 ,0.336287, 0.00235006,0.661363,0.663713
0.05,0.92 ,0.336256, 0.00235005,0.661394,0.663744
0.05,0.93 ,0.336225, 0.00235005,0.661425,0.663775
0.05,0.94 ,0.336197, 0.00235004,0.661453,0.663803
0.05,0.95 ,0.336169, 0.00235003,0.661481,0.663831
0.05,0.96 ,0.336143, 0.00235002,0.661507,0.663857
0.05,0.97 ,0.336119, 0.00235002,0.661531,0.663881
0.05,0.98 ,0.336095, 0.00235001,0.661555,0.663905
0.05,0.99 ,0.336072, 0.00235,0.661578,0.663928
0.05,1 ,0.336051, 0.00235,0.661599,0.663949
0.06,0 ,0.128011, 0.00235076,0.869638,0.871989
0.06,0.01 ,0.132641, 0.00235075,0.865008,0.867359
0.06,0.02 ,0.137451, 0.00235074,0.860198,0.862549
0.06,0.03 ,0.142449, 0.00235074,0.8552,0.857551
0.06,0.04 ,0.147643, 0.00235073,0.850006,0.852357
0.06,0.05 ,0.15304, 0.00235072,0.844609,0.84696
0.06,0.06 ,0.158648, 0.00235071,0.839002,0.841352
0.06,0.07 ,0.164472, 0.0023507,0.833177,0.835528
0.06,0.08 ,0.170521, 0.0023507,0.827128,0.829479
0.06,0.09 ,0.1768, 0.00235069,0.820849,0.8232
0.06,0.1 ,0.183314, 0.00235068,0.814336,0.816686
0.06,0.11 ,0.190065, 0.00235067,0.807584,0.809935
0.06,0.12 ,0.197057, 0.00235066,0.800592,0.802943
0.06,0.13 ,0.204287, 0.00235066,0.793362,0.795713
0.06,0.14 ,0.211753, 0.00235065,0.785897,0.788247
0.06,0.15 ,0.219444, 0.00235064,0.778206,0.780556
0.06,0.16 ,0.227348, 0.00235063,0.770301,0.772652
0.06,0.17 ,0.235445, 0.00235062,0.762204,0.764555
0.06,0.18 ,0.243708, 0.00235062,0.753941,0.756292
0.06,0.19 ,0.252102, 0.00235061,0.745547,0.747898
0.06,0.2 ,0.260582, 0.0023506,0.737068,0.739418
0.06,0.21 ,0.269091, 0.00235059,0.728559,0.730909
0.06,0.22 ,0.277564, 0.00235058,0.720085,0.722436
0.06,0.23 ,0.285926, 0.00235058,0.711724,0.714074
0.06,0.24 ,0.294091, 0.00235057,0.703558,0.705909
0.06,0.25 ,0.301971, 0.00235056,0.695678,0.698029
0.06,0.26 ,0.309475, 0.00235055,0.688175,0.690525
0.06,0.27 ,0.316514, 0.00235054,0.681135,0.683486
0.06,0.28 ,0.323012, 0.00235054,0.674637,0.676988
0.06,0.29 ,0.328906, 0.00235053,0.668744,0.671094
0.06,0.3 ,0.334152, 0.00235052,0.663498,0.665848
0.06,0.31 ,0.33873, 0.00235051,0.65892,0.66127
0.06,0.32 ,0.34264, 0.0023505,0.655009,0.65736
0.06,0.33 ,0.345907, 0.0023505,0.651742,0.654093
0.06,0.34 ,0.34857, 0.00235049,0.64908,0.65143
0.06,0.35 ,0.350681, 0.00235048,0.646969,0.649319
0.06,0.36 ,0.352302, 0.00235047,0.645348,0.647698
0.06,0.37 ,0.353496, 0.00235047,0.644154,0.646504
0.06,0.38 ,0.354327, 0.00235046,0.643322,0.645673
0.06,0.39 ,0.354857, 0.00235045,0.642793,0.645143
0.06,0.4 ,0.355139, 0.00235044,0.642511,0.644861
0.06,0.41 ,0.355223, 0.00235043,0.642426,0.644777
0.06,0.42 ,0.355152, 0.00235043,0.642497,0.644848
0.06,0.43 ,0.354963, 0.00235042,0.642687,0.645037
0.06,0.44 ,0.354684, 0.00235041,0.642966,0.645316
0.06,0.45 ,0.354341, 0.0023504,0.643308,0.645659
0.06,0.46 ,0.353956, 0.0023504,0.643694,0.646044
0.06,0.47 ,0.353542, 0.00235039,0.644107,0.646458
0.06,0.48 ,0.353114, 0.00235038,0.644535,0.646886
0.06,0.49 ,0.352682, 0.00235037,0.644968,0.647318
0.06,0.5 ,0.352252, 0.00235036,0.645397,0.647748
0.06,0.51 ,0.351831, 0.00235036,0.645818,0.648169
0.06,0.52 ,0.351423, 0.00235035,0.646227,0.648577
0.06,0.53 ,0.35103, 0.00235034,0.64662,0.64897
0.06,0.54 ,0.350655, 0.00235033,0.646995,0.649345
0.06,0.55 ,0.350298, 0.00235033,0.647352,0.649702
0.06,0.56 ,0.349961, 0.00235032,0.647689,0.650039
0.06,0.57 ,0.349643, 0.00235031,0.648007,0.650357
0.06,0.58 ,0.349344, 0.0023503,0.648306,0.650656
0.06,0.59 ,0.349064, 0.0023503,0.648586,0.650936
0.06,0.6 ,0.348801, 0.00235029,0.648848,0.651199
0.06,0.61 ,0.348556, 0.00235028,0.649093,0.651444
0.06,0.62 ,0.348328, 0.00235027,0.649322,0.651672
0.06,0.63 ,0.348115, 0.00235026,0.649535,0.651885
0.06,0.64 ,0.347916, 0.00235026,0.649734,0.652084
0.06,0.65 ,0.347731, 0.00235025,0.649918,0.652269
0.06,0.66 ,0.347559, 0.00235024,0.65009,0.652441
0.06,0.67 ,0.347399, 0.00235023,0.650251,0.652601
0.06,0.68 ,0.34725, 0.00235023,0.6504,0.65275
0.06,0.69 ,0.347112, 0.00235022,0.650538,0.652888
0.06,0.7 ,0.346983, 0.00235021,0.650667,0.653017
0.06,0.71 ,0.346862, 0.0023502,0.650787,0.653138
0.06,0.72 ,0.34675, 0.0023502,0.650899,0.65325
0.06,0.73 ,0.346646, 0.00235019,0.651004,0.653354
0.06,0.74 ,0.346549, 0.00235018,0.651101,0.653451
0.06,0.75 ,0.346458, 0.00235017,0.651192,0.653542
0.06,0.76 ,0.346373, 0.00235017,0.651277,0.653627
0.06,0.77 ,0.346294, 0.00235016,0.651356,0.653706
0.06,0.78 ,0.346219, 0.00235015,0.651431,0.653781
0.06,0.79 ,0.34615, 0.00235014,0.6515,0.65385
0.06,0.8 ,0.346085, 0.00235014,0.651565,0.653915
0.06,0.81 ,0.346023, 0.00235013,0.651626,0.653977
0.06,0.82 ,0.345966, 0.00235012,0.651684,0.654034
0.06,0.83 ,0.345912, 0.00235011,0.651738,0.654088
0.06,0.84 ,0.345861, 0.00235011,0.651789,0.654139
0.06,0.85 ,0.345813, 0.0023501,0.651836,0.654187
0.06,0.86 ,0.345768, 0.00235009,0.651882,0.654232
0.06,0.87 ,0.345726, 0.00235008,0.651924,0.654274
0.06,0.88 ,0.345686, 0.00235008,0.651964,0.654314
0.06,0.89 ,0.345648, 0.00235007,0.652002,0.654352
0.06,0.9 ,0.345612, 0.00235006,0.652038,0.654388
0.06,0.91 ,0.345578, 0.00235005,0.652072,0.654422
0.06,0.92 ,0.345545, 0.00235005,0.652105,0.654455
0.06,0.93 ,0.345514, 0.00235004,0.652135,0.654486
0.06,0.94 ,0.345485, 0.00235003,0.652165,0.654515
0.06,0.95 ,0.345458, 0.00235003,0.652192,0.654542
0.06,0.96 ,0.345431, 0.00235002,0.652219,0.654569
0.06,0.97 ,0.345406, 0.00235001,0.652244,0.654594
0.06,0.98 ,0.345382, 0.00235,0.652268,0.654618
0.06,0.99 ,0.345359, 0.00235,0.652291,0.654641
0.06,1 ,0.345337, 0.00234999,0.652313,0.654663
0.07,0 ,0.12723, 0.00235075,0.870419,0.87277
0.07,0.01 ,0.13182, 0.00235075,0.865829,0.86818
0.07,0.02 ,0.13659, 0.00235074,0.861059,0.86341
0.07,0.03 ,0.141547, 0.00235073,0.856102,0.858453
0.07,0.04 ,0.146699, 0.00235072,0.850951,0.853301
0.07,0.05 ,0.152053, 0.00235071,0.845596,0.847947
0.07,0.06 ,0.157618, 0.00235071,0.840031,0.842382
0.07,0.07 ,0.163402, 0.0023507,0.834247,0.836598
0.07,0.08 ,0.169412, 0.00235069,0.828237,0.830588
0.07,0.09 ,0.175655, 0.00235068,0.821994,0.824345
0.07,0.1 ,0.182138, 0.00235067,0.815511,0.817862
0.07,0.11 ,0.188867, 0.00235066,0.808783,0.811133
0.07,0.12 ,0.195844, 0.00235066,0.801805,0.804156
0.07,0.13 ,0.203072, 0.00235065,0.794577,0.796928
0.07,0.14 ,0.210551, 0.00235064,0.787098,0.789449
0.07,0.15 ,0.218277, 0.00235063,0.779373,0.781723
0.07,0.16 ,0.22624, 0.00235062,0.771409,0.77376
0.07,0.17 ,0.234428, 0.00235062,0.763221,0.765572
0.07,0.18 ,0.24282, 0.00235061,0.75483,0.75718
0.07,0.19 ,0.251387, 0.0023506,0.746263,0.748613
0.07,0.2 ,0.260091, 0.00235059,0.737558,0.739909
0.07,0.21 ,0.268886, 0.00235058,0.728764,0.731114
0.07,0.22 ,0.27771, 0.00235058,0.719939,0.72229
0.07,0.23 ,0.286494, 0.00235057,0.711156,0.713506
0.07,0.24 ,0.295154, 0.00235056,0.702495,0.704846
0.07,0.25 ,0.303601, 0.00235055,0.694049,0.696399
0.07,0.26 ,0.311736, 0.00235054,0.685914,0.688264
0.07,0.27 ,0.319462, 0.00235054,0.678188,0.680538
0.07,0.28 ,0.326685, 0.00235053,0.670965,0.673315
0.07,0.29 ,0.333323, 0.00235052,0.664327,0.666677
0.07,0.3 ,0.339311, 0.00235051,0.658338,0.660689
0.07,0.31 ,0.344607, 0.00235051,0.653042,0.655393
0.07,0.32 ,0.349193, 0.0023505,0.648457,0.650807
0.07,0.33 ,0.353076, 0.00235049,0.644574,0.646924
0.07,0.34 ,0.356285, 0.00235048,0.641364,0.643715
0.07,0.35 ,0.358869, 0.00235047,0.63878,0.641131
0.07,0.36 ,0.360888, 0.00235047,0.636761,0.639112
0.07,0.37 ,0.36241, 0.00235046,0.635239,0.63759
0.07,0.38 ,0.363505, 0.00235045,0.634145,0.636495
0.07,0.39 ,0.36424, 0.00235044,0.63341,0.63576
0.07,0.4 ,0.364679, 0.00235043,0.63297,0.635321
0.07,0.41 ,0.36488, 0.00235043,0.63277,0.63512
0.07,0.42 ,0.364892, 0.00235042,0.632758,0.635108
0.07,0.43 ,0.364758, 0.00235041,0.632891,0.635242
0.07,0.44 ,0.364515, 0.0023504,0.633134,0.635485
0.07,0.45 ,0.364193, 0.0023504,0.633457,0.635807
0.07,0.46 ,0.363815, 0.00235039,0.633835,0.636185
0.07,0.47 ,0.363401, 0.00235038,0.634249,0.636599
0.07,0.48 ,0.362965, 0.00235037,0.634684,0.637035
0.07,0.49 ,0.362522, 0.00235036,0.635128,0.637478
0.07,0.5 ,0.362078, 0.00235036,0.635572,0.637922
0.07,0.51 ,0.361641, 0.00235035,0.636009,0.638359
0.07,0.52 ,0.361216, 0.00235034,0.636434,0.638784
0.07,0.53 ,0.360807, 0.00235033,0.636843,0.639193
0.07,0.54 ,0.360415, 0.00235033,0.637235,0.639585
0.07,0.55 ,0.360043, 0.00235032,0.637607,0.639957
0.07,0.56 ,0.35969, 0.00235031,0.637959,0.64031
0.07,0.57 ,0.359358, 0.0023503,0.638291,0.640642
0.07,0.58 ,0.359046, 0.0023503,0.638603,0.640954
0.07,0.59 ,0.358754, 0.00235029,0.638896,0.641246
0.07,0.6 ,0.358481, 0.00235028,0.639169,0.641519
0.07,0.61 ,0.358226, 0.00235027,0.639424,0.641774
0.07,0.62 ,0.357988, 0.00235026,0.639662,0.642012
0.07,0.63 ,0.357767, 0.00235026,0.639883,0.642233
0.07,0.64 ,0.357561, 0.00235025,0.640089,0.642439
0.07,0.65 ,0.357369, 0.00235024,0.64028,0.642631
0.07,0.66 ,0.357191, 0.00235023,0.640459,0.642809
0.07,0.67 ,0.357026, 0.00235023,0.640624,0.642974
0.07,0.68 ,0.356872, 0.00235022,0.640778,0.643128
0.07,0.69 ,0.356729, 0.00235021,0.640921,0.643271
0.07,0.7 ,0.356596, 0.0023502,0.641054,0.643404
0.07,0.71 ,0.356472, 0.0023502,0.641178,0.643528
0.07,0.72 ,0.356357, 0.00235019,0.641293,0.643643
0.07,0.73 ,0.356249, 0.00235018,0.6414,0.643751
0.07,0.74 ,0.356149, 0.00235017,0.6415,0.643851
0.07,0.75 ,0.356056, 0.00235017,0.641594,0.643944
0.07,0.76 ,0.355969, 0.00235016,0.641681,0.644031
0.07,0.77 ,0.355888, 0.00235015,0.641762,0.644112
0.07,0.78 ,0.355812, 0.00235014,0.641838,0.644188
0.07,0.79 ,0.355741, 0.00235014,0.641909,0.644259
0.07,0.8 ,0.355674, 0.00235013,0.641976,0.644326
0.07,0.81 ,0.355612, 0.00235012,0.642038,0.644388
0.07,0.82 ,0.355553, 0.00235011,0.642097,0.644447
0.07,0.83 ,0.355498, 0.00235011,0.642152,0.644502
0.07,0.84 ,0.355446, 0.0023501,0.642204,0.644554
0.07,0.85 ,0.355397, 0.00235009,0.642252,0.644603
0.07,0.86 ,0.355352, 0.00235008,0.642298,0.644648
0.07,0.87 ,0.355308, 0.00235008,0.642342,0.644692
0.07,0.88 ,0.355267, 0.00235007,0.642383,0.644733
0.07,0.89 ,0.355229, 0.00235006,0.642421,0.644771
0.07,0.9 ,0.355192, 0.00235005,0.642458,0.644808
0.07,0.91 ,0.355157, 0.00235005,0.642493,0.644843
