e1,e2,V,Rs,Rv,P
0,0,0.0528623,0.270697,0.67644,0.947138
0,0.01,0.0530991,0.270398,0.676502,0.946901
0,0.02,0.0533249,0.270102,0.676573,0.946675
0,0.03,0.0535398,0.269808,0.676653,0.94646
0,0.04,0.0537439,0.269516,0.676741,0.946256
0,0.05,0.0539371,0.269226,0.676837,0.946063
0,0.06,0.0541198,0.268938,0.676942,0.94588
0,0.07,0.054292,0.268653,0.677055,0.945708
0,0.08,0.0544537,0.268371,0.677176,0.945546
0,0.09,0.0546053,0.26809,0.677304,0.945395
0,0.1,0.0547468,0.267813,0.677441,0.945253
0,0.11,0.0548785,0.267537,0.677585,0.945122
0,0.12,0.0550004,0.267264,0.677736,0.945
0,0.13,0.0551128,0.266993,0.677894,0.944887
0,0.14,0.055216,0.266725,0.678059,0.944784
0,0.15,0.05531,0.266459,0.678231,0.94469
0,0.16,0.0553952,0.266196,0.678409,0.944605
0,0.17,0.0554717,0.265935,0.678594,0.944528
0,0.18,0.0555397,0.265676,0.678784,0.94446
0,0.19,0.0555996,0.26542,0.678981,0.9444
0,0.2,0.0556515,0.265166,0.679182,0.944349
0,0.21,0.0556956,0.264915,0.679389,0.944304
0,0.22,0.0557322,0.264666,0.679602,0.944268
0,0.23,0.0557616,0.26442,0.679819,0.944238
0,0.24,0.055784,0.264176,0.68004,0.944216
0,0.25,0.0557995,0.263934,0.680266,0.9442
0,0.26,0.0558086,0.263695,0.680497,0.944191
0,0.27,0.0558113,0.263458,0.680731,0.944189
0,0.28,0.0558079,0.263224,0.680968,0.944192
0,0.29,0.0557987,0.262992,0.681209,0.944201
0,0.3,0.0557839,0.262762,0.681454,0.944216
0,0.31,0.0557638,0.262535,0.681701,0.944236
0,0.32,0.0557384,0.26231,0.681951,0.944262
0,0.33,0.0557082,0.262088,0.682204,0.944292
0,0.34,0.0556732,0.261867,0.682459,0.944327
0,0.35,0.0556338,0.26165,0.682717,0.944366
0,0.36,0.0555901,0.261434,0.682976,0.94441
0,0.37,0.0555423,0.261221,0.683237,0.944458
0,0.38,0.0554907,0.26101,0.683499,0.944509
0,0.39,0.0554354,0.260801,0.683763,0.944565
0,0.4,0.0553766,0.260595,0.684028,0.944623
0,0.41,0.0553146,0.260391,0.684295,0.944685
0,0.42,0.0552494,0.260189,0.684562,0.944751
0,0.43,0.0551814,0.259989,0.68483,0.944819
0,0.44,0.0551106,0.259792,0.685098,0.944889
0,0.45,0.0550372,0.259596,0.685367,0.944963
0,0.46,0.0549614,0.259403,0.685636,0.945039
0,0.47,0.0548834,0.259212,0.685905,0.945117
0,0.48,0.0548032,0.259023,0.686174,0.945197
0,0.49,0.0547211,0.258836,0.686442,0.945279
0,0.5,0.0546373,0.258652,0.686711,0.945363
0,0.51,0.0545517,0.258469,0.686979,0.945448
0,0.52,0.0544646,0.258288,0.687247,0.945535
0,0.53,0.0543761,0.25811,0.687514,0.945624
0,0.54,0.0542864,0.257933,0.68778,0.945714
0,0.55,0.0541955,0.257759,0.688046,0.945805
0,0.56,0.0541035,0.257586,0.68831,0.945896
0,0.57,0.0540106,0.257416,0.688574,0.945989
0,0.58,0.0539169,0.257247,0.688836,0.946083
0,0.59,0.0538224,0.25708,0.689097,0.946178
0,0.6,0.0537274,0.256916,0.689357,0.946273
0,0.61,0.0536317,0.256753,0.689616,0.946368
0,0.62,0.0535357,0.256592,0.689873,0.946464
0,0.63,0.0534393,0.256432,0.690128,0.946561
0,0.64,0.0533425,0.256275,0.690383,0.946657
0,0.65,0.0532456,0.256119,0.690635,0.946754
0,0.66,0.0531486,0.255966,0.690886,0.946851
0,0.67,0.0530515,0.255813,0.691135,0.946949
0,0.68,0.0529544,0.255663,0.691382,0.947046
0,0.69,0.0528573,0.255515,0.691628,0.947143
0,0.7,0.0527604,0.255368,0.691872,0.94724
0,0.71,0.0526637,0.255223,0.692114,0.947336
0,0.72,0.0525672,0.255079,0.692354,0.947433
0,0.73,0.0524711,0.254937,0.692592,0.947529
0,0.74,0.0523752,0.254797,0.692828,0.947625
0,0.75,0.0522797,0.254658,0.693062,0.94772
0,0.76,0.0521847,0.254521,0.693294,0.947815
0,0.77,0.0520901,0.254386,0.693524,0.94791
0,0.78,0.0519961,0.254252,0.693752,0.948004
0,0.79,0.0519026,0.25412,0.693978,0.948097
0,0.8,0.0518096,0.253989,0.694202,0.94819
0,0.81,0.0517173,0.25386,0.694423,0.948283
0,0.82,0.0516256,0.253732,0.694643,0.948374
0,0.83,0.0515345,0.253605,0.69486,0.948465
0,0.84,0.0514442,0.25348,0.695075,0.948556
0,0.85,0.0513546,0.253357,0.695289,0.948645
0,0.86,0.0512657,0.253235,0.6955,0.948734
0,0.87,0.0511775,0.253114,0.695708,0.948822
0,0.88,0.0510901,0.252995,0.695915,0.94891
0,0.89,0.0510036,0.252877,0.69612,0.948996
0,0.9,0.0509178,0.25276,0.696322,0.949082
0,0.91,0.0508328,0.252645,0.696522,0.949167
0,0.92,0.0507487,0.252531,0.69672,0.949251
0,0.93,0.0506654,0.252418,0.696916,0.949335
0,0.94,0.050583,0.252307,0.69711,0.949417
0,0.95,0.0505014,0.252197,0.697302,0.949499
0,0.96,0.0504207,0.252088,0.697491,0.949579
0,0.97,0.0503409,0.25198,0.697679,0.949659
0,0.98,0.050262,0.251874,0.697864,0.949738
0,0.99,0.050184,0.251769,0.698047,0.949816
0,1,0.0501069,0.251664,0.698229,0.949893
0.01,0,0.054435,0.269931,0.675635,0.945565
0.01,0.01,0.0546928,0.269625,0.675682,0.945307
0.01,0.02,0.054939,0.269323,0.675738,0.945061
0.01,0.03,0.0551736,0.269022,0.675804,0.944826
0.01,0.04,0.0553967,0.268724,0.675879,0.944603
0.01,0.05,0.0556085,0.268428,0.675963,0.944392
0.01,0.06,0.0558089,0.268135,0.676056,0.944191
0.01,0.07,0.0559982,0.267844,0.676158,0.944002
0.01,0.08,0.0561764,0.267555,0.676269,0.943824
0.01,0.09,0.0563437,0.267269,0.676387,0.943656
0.01,0.1,0.0565003,0.266985,0.676515,0.9435
0.01,0.11,0.0566464,0.266704,0.67665,0.943354
0.01,0.12,0.0567821,0.266425,0.676793,0.943218
0.01,0.13,0.0569076,0.266148,0.676944,0.943092
0.01,0.14,0.0570231,0.265874,0.677102,0.942977
0.01,0.15,0.057129,0.265603,0.677268,0.942871
0.01,0.16,0.0572252,0.265334,0.677441,0.942775
0.01,0.17,0.0573122,0.265067,0.67762,0.942688
0.01,0.18,0.0573902,0.264803,0.677807,0.94261
0.01,0.19,0.0574593,0.264542,0.677999,0.942541
0.01,0.2,0.0575199,0.264283,0.678198,0.94248
0.01,0.21,0.0575721,0.264026,0.678402,0.942428
0.01,0.22,0.0576162,0.263772,0.678612,0.942384
0.01,0.23,0.0576525,0.26352,0.678827,0.942347
0.01,0.24,0.0576813,0.263271,0.679048,0.942319
0.01,0.25,0.0577027,0.263025,0.679273,0.942297
0.01,0.26,0.0577171,0.26278,0.679503,0.942283
0.01,0.27,0.0577247,0.262539,0.679737,0.942275
0.01,0.28,0.0577257,0.262299,0.679975,0.942274
0.01,0.29,0.0577204,0.262063,0.680217,0.94228
0.01,0.3,0.0577091,0.261828,0.680463,0.942291
0.01,0.31,0.057692,0.261596,0.680712,0.942308
0.01,0.32,0.0576692,0.261367,0.680964,0.942331
0.01,0.33,0.0576412,0.26114,0.681219,0.942359
0.01,0.34,0.0576081,0.260915,0.681477,0.942392
0.01,0.35,0.0575701,0.260693,0.681737,0.94243
0.01,0.36,0.0575275,0.260473,0.682,0.942472
0.01,0.37,0.0574805,0.260255,0.682264,0.942519
0.01,0.38,0.0574293,0.26004,0.682531,0.942571
0.01,0.39,0.0573742,0.259827,0.682799,0.942626
0.01,0.4,0.0573153,0.259617,0.683068,0.942685
0.01,0.41,0.0572528,0.259408,0.683339,0.942747
0.01,0.42,0.0571869,0.259203,0.683611,0.942813
0.01,0.43,0.0571179,0.258999,0.683883,0.942882
0.01,0.44,0.057046,0.258797,0.684157,0.942954
0.01,0.45,0.0569712,0.258598,0.684431,0.943029
0.01,0.46,0.0568938,0.258401,0.684705,0.943106
0.01,0.47,0.056814,0.258206,0.68498,0.943186
0.01,0.48,0.0567318,0.258014,0.685254,0.943268
0.01,0.49,0.0566476,0.257824,0.685529,0.943352
0.01,0.5,0.0565614,0.257635,0.685803,0.943439
0.01,0.51,0.0564734,0.257449,0.686077,0.943527
0.01,0.52,0.0563837,0.257265,0.686351,0.943616
0.01,0.53,0.0562925,0.257083,0.686624,0.943708
0.01,0.54,0.0561999,0.256903,0.686897,0.9438
0.01,0.55,0.056106,0.256726,0.687168,0.943894
0.01,0.56,0.0560109,0.25655,0.687439,0.943989
0.01,0.57,0.0559149,0.256376,0.687709,0.944085
0.01,0.58,0.0558179,0.256204,0.687978,0.944182
0.01,0.59,0.0557201,0.256034,0.688245,0.94428
0.01,0.6,0.0556217,0.255867,0.688512,0.944378
0.01,0.61,0.0555226,0.255701,0.688777,0.944477
0.01,0.62,0.055423,0.255537,0.68904,0.944577
0.01,0.63,0.055323,0.255375,0.689302,0.944677
0.01,0.64,0.0552227,0.255214,0.689563,0.944777
0.01,0.65,0.0551221,0.255056,0.689822,0.944878
0.01,0.66,0.0550214,0.2549,0.690079,0.944979
0.01,0.67,0.0549206,0.254745,0.690335,0.945079
0.01,0.68,0.0548198,0.254592,0.690588,0.94518
0.01,0.69,0.054719,0.254441,0.69084,0.945281
0.01,0.7,0.0546184,0.254291,0.69109,0.945382
0.01,0.71,0.0545179,0.254144,0.691338,0.945482
0.01,0.72,0.0544176,0.253998,0.691585,0.945582
0.01,0.73,0.0543177,0.253853,0.691829,0.945682
0.01,0.74,0.0542181,0.253711,0.692071,0.945782
0.01,0.75,0.0541189,0.25357,0.692311,0.945881
0.01,0.76,0.0540201,0.253431,0.692549,0.94598
0.01,0.77,0.0539218,0.253293,0.692785,0.946078
0.01,0.78,0.053824,0.253157,0.693019,0.946176
0.01,0.79,0.0537268,0.253022,0.693251,0.946273
0.01,0.8,0.0536302,0.252889,0.69348,0.94637
0.01,0.81,0.0535342,0.252758,0.693708,0.946466
0.01,0.82,0.0534389,0.252628,0.693933,0.946561
0.01,0.83,0.0533442,0.2525,0.694156,0.946656
0.01,0.84,0.0532503,0.252373,0.694377,0.94675
0.01,0.85,0.0531571,0.252247,0.694596,0.946843
0.01,0.86,0.0530647,0.252123,0.694812,0.946935
0.01,0.87,0.0529731,0.252001,0.695026,0.947027
0.01,0.88,0.0528823,0.25188,0.695238,0.947118
0.01,0.89,0.0527923,0.25176,0.695448,0.947208
0.01,0.9,0.0527031,0.251642,0.695655,0.947297
0.01,0.91,0.0526149,0.251524,0.695861,0.947385
0.01,0.92,0.0525274,0.251409,0.696064,0.947473
0.01,0.93,0.0524409,0.251294,0.696265,0.947559
0.01,0.94,0.0523553,0.251181,0.696463,0.947645
0.01,0.95,0.0522705,0.25107,0.69666,0.947729
0.01,0.96,0.0521867,0.250959,0.696854,0.947813
0.01,0.97,0.0521038,0.25085,0.697046,0.947896
0.01,0.98,0.0520218,0.250742,0.697236,0.947978
0.01,0.99,0.0519408,0.250635,0.697424,0.948059
0.01,1,0.0518607,0.25053,0.69761,0.948139
0.02,0,0.0560468,0.269162,0.674791,0.943953
0.02,0.01,0.0563273,0.26885,0.674822,0.943673
0.02,0.02,0.0565956,0.268541,0.674863,0.943404
0.02,0.03,0.0568516,0.268234,0.674914,0.943148
0.02,0.04,0.0570954,0.26793,0.674975,0.942905
0.02,0.05,0.0573272,0.267628,0.675045,0.942673
0.02,0.06,0.057547,0.267328,0.675125,0.942453
0.02,0.07,0.0577548,0.267031,0.675214,0.942245
0.02,0.08,0.057951,0.266736,0.675313,0.942049
0.02,0.09,0.0581355,0.266444,0.675421,0.941865
0.02,0.1,0.0583086,0.266154,0.675538,0.941691
0.02,0.11,0.0584704,0.265866,0.675663,0.94153
0.02,0.12,0.0586211,0.265582,0.675797,0.941379
0.02,0.13,0.058761,0.265299,0.67594,0.941239
0.02,0.14,0.0588902,0.265019,0.67609,0.94111
0.02,0.15,0.059009,0.264742,0.676249,0.940991
0.02,0.16,0.0591176,0.264467,0.676415,0.940882
0.02,0.17,0.0592161,0.264195,0.676589,0.940784
0.02,0.18,0.059305,0.263925,0.67677,0.940695
0.02,0.19,0.0593844,0.263658,0.676958,0.940616
0.02,0.2,0.0594546,0.263393,0.677152,0.940545
0.02,0.21,0.0595158,0.263131,0.677353,0.940484
0.02,0.22,0.0595683,0.262872,0.67756,0.940432
0.02,0.23,0.0596124,0.262615,0.677773,0.940388
0.02,0.24,0.0596483,0.26236,0.677991,0.940352
0.02,0.25,0.0596763,0.262109,0.678215,0.940324
0.02,0.26,0.0596968,0.261859,0.678444,0.940303
0.02,0.27,0.0597099,0.261612,0.678678,0.94029
0.02,0.28,0.0597159,0.261368,0.678916,0.940284
0.02,0.29,0.0597151,0.261126,0.679159,0.940285
0.02,0.3,0.0597077,0.260887,0.679405,0.940292
0.02,0.31,0.0596941,0.26065,0.679656,0.940306
0.02,0.32,0.0596745,0.260416,0.67991,0.940326
0.02,0.33,0.0596491,0.260184,0.680167,0.940351
0.02,0.34,0.0596182,0.259955,0.680427,0.940382
0.02,0.35,0.059582,0.259728,0.68069,0.940418
0.02,0.36,0.0595408,0.259503,0.680956,0.940459
0.02,0.37,0.0594949,0.259281,0.681224,0.940505
0.02,0.38,0.0594444,0.259062,0.681494,0.940556
0.02,0.39,0.0593897,0.258845,0.681766,0.94061
0.02,0.4,0.0593308,0.25863,0.682039,0.940669
0.02,0.41,0.0592681,0.258417,0.682315,0.940732
0.02,0.42,0.0592017,0.258207,0.682591,0.940798
0.02,0.43,0.0591319,0.257999,0.682869,0.940868
0.02,0.44,0.0590589,0.257794,0.683147,0.940941
0.02,0.45,0.0589829,0.257591,0.683426,0.941017
0.02,0.46,0.058904,0.25739,0.683706,0.941096
0.02,0.47,0.0588224,0.257191,0.683986,0.941178
0.02,0.48,0.0587383,0.256995,0.684267,0.941262
0.02,0.49,0.058652,0.256801,0.684547,0.941348
0.02,0.5,0.0585635,0.256609,0.684828,0.941437
0.02,0.51,0.058473,0.256419,0.685108,0.941527
0.02,0.52,0.0583807,0.256232,0.685388,0.941619
0.02,0.53,0.0582867,0.256046,0.685667,0.941713
0.02,0.54,0.0581912,0.255863,0.685946,0.941809
0.02,0.55,0.0580943,0.255682,0.686224,0.941906
0.02,0.56,0.0579961,0.255503,0.686501,0.942004
0.02,0.57,0.0578968,0.255326,0.686778,0.942103
0.02,0.58,0.0577965,0.255151,0.687053,0.942203
0.02,0.59,0.0576954,0.254978,0.687327,0.942305
0.02,0.6,0.0575934,0.254807,0.6876,0.942407
0.02,0.61,0.0574908,0.254638,0.687871,0.942509
0.02,0.62,0.0573876,0.254471,0.688142,0.942612
0.02,0.63,0.0572839,0.254306,0.68841,0.942716
0.02,0.64,0.0571799,0.254143,0.688677,0.94282
0.02,0.65,0.0570756,0.253981,0.688943,0.942924
0.02,0.66,0.0569711,0.253822,0.689207,0.943029
0.02,0.67,0.0568664,0.253665,0.689469,0.943134
0.02,0.68,0.0567617,0.253509,0.689729,0.943238
0.02,0.69,0.0566571,0.253355,0.689988,0.943343
0.02,0.7,0.0565526,0.253203,0.690244,0.943447
0.02,0.71,0.0564482,0.253053,0.690499,0.943552
0.02,0.72,0.0563441,0.252904,0.690751,0.943656
0.02,0.73,0.0562402,0.252758,0.691002,0.94376
0.02,0.74,0.0561367,0.252613,0.691251,0.943863
0.02,0.75,0.0560336,0.252469,0.691497,0.943966
0.02,0.76,0.055931,0.252328,0.691741,0.944069
0.02,0.77,0.0558288,0.252188,0.691983,0.944171
0.02,0.78,0.0557272,0.252049,0.692223,0.944273
0.02,0.79,0.0556261,0.251913,0.692461,0.944374
0.02,0.8,0.0555257,0.251778,0.692697,0.944474
0.02,0.81,0.0554259,0.251644,0.69293,0.944574
0.02,0.82,0.0553268,0.251512,0.693161,0.944673
0.02,0.83,0.0552285,0.251382,0.69339,0.944772
0.02,0.84,0.0551308,0.251253,0.693617,0.944869
0.02,0.85,0.055034,0.251125,0.693841,0.944966
0.02,0.86,0.0549379,0.250999,0.694063,0.945062
0.02,0.87,0.0548427,0.250875,0.694283,0.945157
0.02,0.88,0.0547483,0.250752,0.6945,0.945252
0.02,0.89,0.0546548,0.25063,0.694715,0.945345
0.02,0.9,0.0545622,0.25051,0.694928,0.945438
0.02,0.91,0.0544704,0.250391,0.695139,0.94553
0.02,0.92,0.0543796,0.250274,0.695347,0.94562
0.02,0.93,0.0542897,0.250157,0.695553,0.94571
0.02,0.94,0.0542007,0.250043,0.695757,0.945799
0.02,0.95,0.0541127,0.249929,0.695958,0.945887
0.02,0.96,0.0540256,0.249817,0.696157,0.945974
0.02,0.97,0.0539395,0.249706,0.696354,0.946061
0.02,0.98,0.0538544,0.249597,0.696549,0.946146
0.02,0.99,0.0537702,0.249488,0.696741,0.94623
0.02,1,0.053687,0.249381,0.696932,0.946313
0.03,0,0.0576975,0.268391,0.673911,0.942303
0.03,0.01,0.0580025,0.268073,0.673924,0.941998
0.03,0.02,0.0582945,0.267757,0.673948,0.941705
0.03,0.03,0.0585737,0.267444,0.673982,0.941426
0.03,0.04,0.05884,0.267133,0.674027,0.94116
0.03,0.05,0.0590934,0.266825,0.674082,0.940907
0.03,0.06,0.0593342,0.266519,0.674147,0.940666
0.03,0.07,0.0595623,0.266215,0.674223,0.940438
0.03,0.08,0.0597779,0.265914,0.674308,0.940222
0.03,0.09,0.0599812,0.265615,0.674404,0.940019
0.03,0.1,0.0601723,0.265319,0.674509,0.939828
0.03,0.11,0.0603514,0.265025,0.674623,0.939649
0.03,0.12,0.0605186,0.264734,0.674747,0.939481
0.03,0.13,0.0606742,0.264446,0.67488,0.939326
0.03,0.14,0.0608184,0.26416,0.675022,0.939182
0.03,0.15,0.0609514,0.263877,0.675172,0.939049
0.03,0.16,0.0610735,0.263596,0.675331,0.938926
0.03,0.17,0.0611849,0.263318,0.675497,0.938815
0.03,0.18,0.0612858,0.263042,0.675672,0.938714
0.03,0.19,0.0613765,0.262769,0.675854,0.938623
0.03,0.2,0.0614574,0.262499,0.676044,0.938543
0.03,0.21,0.0615286,0.262231,0.67624,0.938471
0.03,0.22,0.0615904,0.261966,0.676444,0.93841
0.03,0.23,0.0616432,0.261704,0.676653,0.938357
0.03,0.24,0.0616871,0.261444,0.676869,0.938313
0.03,0.25,0.0617226,0.261186,0.677091,0.938277
0.03,0.26,0.0617498,0.260932,0.677319,0.93825
0.03,0.27,0.0617691,0.260679,0.677551,0.938231
0.03,0.28,0.0617808,0.26043,0.677789,0.938219
0.03,0.29,0.0617851,0.260183,0.678032,0.938215
0.03,0.3,0.0617824,0.259939,0.678279,0.938218
0.03,0.31,0.0617728,0.259697,0.67853,0.938227
0.03,0.32,0.0617568,0.259458,0.678786,0.938243
0.03,0.33,0.0617345,0.259221,0.679045,0.938266
0.03,0.34,0.0617062,0.258987,0.679307,0.938294
0.03,0.35,0.0616723,0.258755,0.679573,0.938328
0.03,0.36,0.0616329,0.258526,0.679841,0.938367
0.03,0.37,0.0615884,0.258299,0.680112,0.938412
0.03,0.38,0.061539,0.258075,0.680386,0.938461
0.03,0.39,0.0614848,0.257853,0.680662,0.938515
0.03,0.4,0.0614263,0.257634,0.68094,0.938574
0.03,0.41,0.0613636,0.257417,0.681219,0.938636
0.03,0.42,0.0612969,0.257203,0.6815,0.938703
0.03,0.43,0.0612265,0.256991,0.681783,0.938774
0.03,0.44,0.0611525,0.256781,0.682066,0.938847
0.03,0.45,0.0610753,0.256574,0.682351,0.938925
0.03,0.46,0.060995,0.256369,0.682636,0.939005
0.03,0.47,0.0609118,0.256167,0.682922,0.939088
0.03,0.48,0.0608258,0.255966,0.683208,0.939174
0.03,0.49,0.0607374,0.255768,0.683494,0.939263
0.03,0.5,0.0606466,0.255573,0.683781,0.939353
0.03,0.51,0.0605537,0.255379,0.684067,0.939446
0.03,0.52,0.0604588,0.255188,0.684353,0.939541
0.03,0.53,0.060362,0.254999,0.684639,0.939638
0.03,0.54,0.0602636,0.254812,0.684924,0.939736
0.03,0.55,0.0601636,0.254627,0.685209,0.939836
0.03,0.56,0.0600623,0.254445,0.685493,0.939938
0.03,0.57,0.0599597,0.254264,0.685776,0.94004
0.03,0.58,0.059856,0.254086,0.686058,0.940144
0.03,0.59,0.0597514,0.25391,0.686339,0.940249
0.03,0.6,0.0596458,0.253736,0.686618,0.940354
0.03,0.61,0.0595396,0.253564,0.686897,0.94046
0.03,0.62,0.0594327,0.253394,0.687174,0.940567
0.03,0.63,0.0593252,0.253226,0.687449,0.940675
0.03,0.64,0.0592174,0.253059,0.687723,0.940783
0.03,0.65,0.0591092,0.252895,0.687996,0.940891
0.03,0.66,0.0590007,0.252733,0.688266,0.940999
0.03,0.67,0.0588922,0.252573,0.688535,0.941108
0.03,0.68,0.0587835,0.252414,0.688802,0.941216
0.03,0.69,0.0586749,0.252258,0.689067,0.941325
0.03,0.7,0.0585663,0.252103,0.689331,0.941434
0.03,0.71,0.0584579,0.25195,0.689592,0.941542
0.03,0.72,0.0583498,0.251799,0.689851,0.94165
0.03,0.73,0.0582419,0.25165,0.690108,0.941758
0.03,0.74,0.0581344,0.251502,0.690363,0.941866
0.03,0.75,0.0580272,0.251357,0.690616,0.941973
0.03,0.76,0.0579205,0.251212,0.690867,0.942079
0.03,0.77,0.0578144,0.25107,0.691116,0.942186
0.03,0.78,0.0577088,0.250929,0.691362,0.942291
0.03,0.79,0.0576037,0.25079,0.691606,0.942396
0.03,0.8,0.0574994,0.250653,0.691848,0.942501
0.03,0.81,0.0573957,0.250517,0.692087,0.942604
0.03,0.82,0.0572927,0.250383,0.692324,0.942707
0.03,0.83,0.0571904,0.25025,0.692559,0.94281
0.03,0.84,0.057089,0.250119,0.692792,0.942911
0.03,0.85,0.0569883,0.24999,0.693022,0.943012
0.03,0.86,0.0568885,0.249862,0.69325,0.943112
0.03,0.87,0.0567895,0.249736,0.693475,0.943211
0.03,0.88,0.0566914,0.249611,0.693698,0.943309
0.03,0.89,0.0565942,0.249487,0.693919,0.943406
0.03,0.9,0.056498,0.249365,0.694137,0.943502
0.03,0.91,0.0564026,0.249244,0.694353,0.943597
0.03,0.92,0.0563082,0.249125,0.694567,0.943692
0.03,0.93,0.0562148,0.249007,0.694778,0.943785
0.03,0.94,0.0561224,0.248891,0.694987,0.943878
0.03,0.95,0.056031,0.248775,0.695194,0.943969
0.03,0.96,0.0559405,0.248662,0.695398,0.944059
0.03,0.97,0.0558511,0.248549,0.6956,0.944149
0.03,0.98,0.0557627,0.248438,0.695799,0.944237
0.03,0.99,0.0556753,0.248328,0.695997,0.944325
0.03,1,0.0555889,0.248219,0.696192,0.944411
0.04,0,0.0593863,0.267619,0.672995,0.940614
0.04,0.01,0.0597177,0.267294,0.672988,0.940282
0.04,0.02,0.0600355,0.266972,0.672993,0.939965
0.04,0.03,0.0603396,0.266652,0.673009,0.93966
0.04,0.04,0.0606302,0.266334,0.673036,0.93937
0.04,0.05,0.0609072,0.266019,0.673074,0.939093
0.04,0.06,0.0611707,0.265706,0.673123,0.938829
0.04,0.07,0.0614209,0.265396,0.673183,0.938579
0.04,0.08,0.0616577,0.265088,0.673254,0.938342
0.04,0.09,0.0618815,0.264783,0.673335,0.938119
0.04,0.1,0.0620922,0.264481,0.673427,0.937908
0.04,0.11,0.0622901,0.264181,0.673529,0.93771
0.04,0.12,0.0624754,0.263883,0.673641,0.937525
0.04,0.13,0.0626482,0.263588,0.673763,0.937352
0.04,0.14,0.0628089,0.263296,0.673895,0.937191
0.04,0.15,0.0629575,0.263007,0.674036,0.937042
0.04,0.16,0.0630945,0.26272,0.674186,0.936906
0.04,0.17,0.0632199,0.262436,0.674344,0.93678
0.04,0.18,0.0633342,0.262154,0.674512,0.936666
0.04,0.19,0.0634375,0.261875,0.674687,0.936563
0.04,0.2,0.0635301,0.261599,0.674871,0.93647
0.04,0.21,0.0636124,0.261325,0.675062,0.936388
0.04,0.22,0.0636846,0.261054,0.675261,0.936315
0.04,0.23,0.063747,0.260786,0.675467,0.936253
0.04,0.24,0.0637999,0.260521,0.675679,0.9362
0.04,0.25,0.0638437,0.260258,0.675899,0.936156
0.04,0.26,0.0638786,0.259997,0.676124,0.936121
0.04,0.27,0.0639049,0.25974,0.676355,0.936095
0.04,0.28,0.063923,0.259485,0.676592,0.936077
0.04,0.29,0.0639332,0.259233,0.676834,0.936067
0.04,0.3,0.0639356,0.258983,0.677081,0.936064
0.04,0.31,0.0639308,0.258736,0.677333,0.936069
0.04,0.32,0.0639189,0.258492,0.677589,0.936081
0.04,0.33,0.0639003,0.25825,0.67785,0.9361
0.04,0.34,0.0638752,0.258011,0.678114,0.936125
0.04,0.35,0.0638439,0.257774,0.678382,0.936156
0.04,0.36,0.0638067,0.25754,0.678653,0.936193
0.04,0.37,0.063764,0.257309,0.678927,0.936236
0.04,0.38,0.0637159,0.25708,0.679204,0.936284
0.04,0.39,0.0636628,0.256853,0.679484,0.936337
0.04,0.4,0.0636048,0.25663,0.679766,0.936395
0.04,0.41,0.0635423,0.256408,0.680049,0.936458
0.04,0.42,0.0634755,0.256189,0.680335,0.936524
0.04,0.43,0.0634047,0.255973,0.680622,0.936595
0.04,0.44,0.06333,0.255759,0.680911,0.93667
0.04,0.45,0.0632518,0.255548,0.681201,0.936748
0.04,0.46,0.0631702,0.255339,0.681491,0.93683
0.04,0.47,0.0630854,0.255132,0.681783,0.936915
0.04,0.48,0.0629977,0.254928,0.682075,0.937002
0.04,0.49,0.0629072,0.254726,0.682367,0.937093
0.04,0.5,0.0628142,0.254526,0.68266,0.937186
0.04,0.51,0.0627189,0.254329,0.682952,0.937281
0.04,0.52,0.0626213,0.254134,0.683245,0.937379
0.04,0.53,0.0625218,0.253941,0.683537,0.937478
0.04,0.54,0.0624204,0.25375,0.683829,0.93758
0.04,0.55,0.0623174,0.253562,0.68412,0.937683
0.04,0.56,0.0622128,0.253376,0.684411,0.937787
0.04,0.57,0.0621069,0.253192,0.684701,0.937893
0.04,0.58,0.0619998,0.253011,0.68499,0.938
0.04,0.59,0.0618916,0.252831,0.685278,0.938108
0.04,0.6,0.0617824,0.252653,0.685564,0.938218
0.04,0.61,0.0616724,0.252478,0.685849,0.938328
0.04,0.62,0.0615616,0.252305,0.686133,0.938438
0.04,0.63,0.0614503,0.252134,0.686416,0.93855
0.04,0.64,0.0613385,0.251964,0.686697,0.938661
0.04,0.65,0.0612263,0.251797,0.686976,0.938774
0.04,0.66,0.0611139,0.251632,0.687254,0.938886
0.04,0.67,0.0610012,0.251469,0.68753,0.938999
0.04,0.68,0.0608885,0.251308,0.687804,0.939112
0.04,0.69,0.0607757,0.251148,0.688076,0.939224
0.04,0.7,0.060663,0.250991,0.688346,0.939337
0.04,0.71,0.0605505,0.250835,0.688614,0.93945
0.04,0.72,0.0604381,0.250681,0.688881,0.939562
0.04,0.73,0.0603261,0.250529,0.689144,0.939674
0.04,0.74,0.0602143,0.250379,0.689406,0.939786
0.04,0.75,0.060103,0.250231,0.689666,0.939897
0.04,0.76,0.0599922,0.250085,0.689923,0.940008
0.04,0.77,0.0598819,0.24994,0.690178,0.940118
0.04,0.78,0.0597721,0.249797,0.690431,0.940228
0.04,0.79,0.059663,0.249655,0.690682,0.940337
0.04,0.8,0.0595545,0.249516,0.69093,0.940446
0.04,0.81,0.0594467,0.249378,0.691176,0.940553
0.04,0.82,0.0593397,0.249241,0.691419,0.94066
0.04,0.83,0.0592334,0.249106,0.69166,0.940767
0.04,0.84,0.059128,0.248973,0.691899,0.940872
0.04,0.85,0.0590234,0.248842,0.692135,0.940977
0.04,0.86,0.0589196,0.248712,0.692369,0.94108
0.04,0.87,0.0588168,0.248583,0.6926,0.941183
0.04,0.88,0.0587148,0.248456,0.692829,0.941285
0.04,0.89,0.0586138,0.248331,0.693056,0.941386
0.04,0.9,0.0585138,0.248207,0.69328,0.941486
0.04,0.91,0.0584148,0.248084,0.693501,0.941585
0.04,0.92,0.0583167,0.247963,0.69372,0.941683
0.04,0.93,0.0582197,0.247843,0.693937,0.94178
0.04,0.94,0.0581237,0.247725,0.694151,0.941876
0.04,0.95,0.0580287,0.247608,0.694363,0.941971
0.04,0.96,0.0579348,0.247492,0.694573,0.942065
0.04,0.97,0.0578419,0.247378,0.69478,0.942158
0.04,0.98,0.0577501,0.247265,0.694984,0.94225
0.04,0.99,0.0576593,0.247154,0.695187,0.942341
0.04,1,0.0575697,0.247044,0.695387,0.94243
0.05,0,0.0611124,0.266846,0.672042,0.938888
0.05,0.01,0.0614723,0.266514,0.672014,0.938528
0.05,0.02,0.0618178,0.266185,0.671998,0.938182
0.05,0.03,0.062149,0.265858,0.671993,0.937851
0.05,0.04,0.0624659,0.265533,0.672001,0.937534
0.05,0.05,0.0627684,0.265211,0.672021,0.937232
0.05,0.06,0.0630566,0.264891,0.672052,0.936943
0.05,0.07,0.0633307,0.264574,0.672095,0.936669
0.05,0.08,0.0635906,0.26426,0.672149,0.936409
0.05,0.09,0.0638366,0.263948,0.672215,0.936163
0.05,0.1,0.0640687,0.263639,0.672292,0.935931
0.05,0.11,0.0642872,0.263332,0.67238,0.935713
0.05,0.12,0.0644922,0.263028,0.672479,0.935508
0.05,0.13,0.064684,0.262727,0.672589,0.935316
0.05,0.14,0.0648626,0.262429,0.672709,0.935137
0.05,0.15,0.0650285,0.262133,0.672839,0.934972
0.05,0.16,0.0651818,0.261839,0.672979,0.934818
0.05,0.17,0.0653227,0.261549,0.673128,0.934677
0.05,0.18,0.0654517,0.261261,0.673287,0.934548
0.05,0.19,0.0655688,0.260976,0.673455,0.934431
0.05,0.2,0.0656746,0.260694,0.673632,0.934325
0.05,0.21,0.0657691,0.260414,0.673817,0.934231
0.05,0.22,0.0658528,0.260137,0.67401,0.934147
0.05,0.23,0.065926,0.259863,0.674211,0.934074
0.05,0.24,0.065989,0.259591,0.67442,0.934011
0.05,0.25,0.066042,0.259323,0.674635,0.933958
0.05,0.26,0.0660855,0.259057,0.674858,0.933914
0.05,0.27,0.0661198,0.258794,0.675087,0.93388
0.05,0.28,0.0661451,0.258533,0.675322,0.933855
0.05,0.29,0.0661618,0.258275,0.675563,0.933838
0.05,0.3,0.0661703,0.25802,0.67581,0.93383
0.05,0.31,0.0661708,0.257768,0.676061,0.933829
0.05,0.32,0.0661637,0.257518,0.676318,0.933836
0.05,0.33,0.0661493,0.257271,0.67658,0.933851
0.05,0.34,0.0661279,0.257027,0.676845,0.933872
0.05,0.35,0.0660998,0.256785,0.677115,0.9339
0.05,0.36,0.0660653,0.256546,0.677389,0.933935
0.05,0.37,0.0660248,0.25631,0.677665,0.933975
0.05,0.38,0.0659785,0.256076,0.677946,0.934022
0.05,0.39,0.0659267,0.255845,0.678229,0.934073
0.05,0.4,0.0658696,0.255616,0.678514,0.93413
0.05,0.41,0.0658077,0.25539,0.678802,0.934192
0.05,0.42,0.065741,0.255167,0.679092,0.934259
0.05,0.43,0.06567,0.254946,0.679384,0.93433
0.05,0.44,0.0655948,0.254728,0.679678,0.934405
0.05,0.45,0.0655157,0.254512,0.679973,0.934484
0.05,0.46,0.0654329,0.254298,0.680269,0.934567
0.05,0.47,0.0653467,0.254087,0.680566,0.934653
0.05,0.48,0.0652573,0.253879,0.680864,0.934743
0.05,0.49,0.0651649,0.253673,0.681162,0.934835
0.05,0.5,0.0650697,0.253469,0.681461,0.93493
0.05,0.51,0.064972,0.253268,0.68176,0.935028
0.05,0.52,0.0648719,0.253069,0.682059,0.935128
0.05,0.53,0.0647696,0.252872,0.682358,0.93523
0.05,0.54,0.0646652,0.252678,0.682657,0.935335
0.05,0.55,0.0645591,0.252486,0.682955,0.935441
0.05,0.56,0.0644513,0.252296,0.683252,0.935549
0.05,0.57,0.064342,0.252109,0.683549,0.935658
0.05,0.58,0.0642313,0.251924,0.683845,0.935769
0.05,0.59,0.0641195,0.251741,0.68414,0.935881
0.05,0.6,0.0640065,0.25156,0.684434,0.935993
0.05,0.61,0.0638927,0.251381,0.684726,0.936107
0.05,0.62,0.0637781,0.251204,0.685017,0.936222
0.05,0.63,0.0636628,0.25103,0.685307,0.936337
0.05,0.64,0.0635469,0.250858,0.685595,0.936453
0.05,0.65,0.0634306,0.250687,0.685882,0.936569
0.05,0.66,0.063314,0.250519,0.686167,0.936686
0.05,0.67,0.0631972,0.250353,0.68645,0.936803
0.05,0.68,0.0630802,0.250189,0.686731,0.93692
0.05,0.69,0.0629631,0.250026,0.687011,0.937037
0.05,0.7,0.0628462,0.249866,0.687288,0.937154
0.05,0.71,0.0627293,0.249708,0.687563,0.937271
0.05,0.72,0.0626126,0.249551,0.687836,0.937387
0.05,0.73,0.0624962,0.249396,0.688107,0.937504
0.05,0.74,0.0623802,0.249244,0.688376,0.93762
0.05,0.75,0.0622646,0.249093,0.688643,0.937735
0.05,0.76,0.0621494,0.248944,0.688907,0.937851
0.05,0.77,0.0620348,0.248796,0.689169,0.937965
0.05,0.78,0.0619207,0.248651,0.689428,0.938079
0.05,0.79,0.0618073,0.248507,0.689686,0.938193
0.05,0.8,0.0616946,0.248365,0.68994,0.938305
0.05,0.81,0.0615826,0.248225,0.690193,0.938417
0.05,0.82,0.0614714,0.248086,0.690443,0.938529
0.05,0.83,0.0613609,0.247949,0.69069,0.938639
0.05,0.84,0.0612514,0.247813,0.690935,0.938749
0.05,0.85,0.0611426,0.24768,0.691178,0.938857
0.05,0.86,0.0610348,0.247547,0.691418,0.938965
0.05,0.87,0.060928,0.247417,0.691655,0.939072
0.05,0.88,0.0608221,0.247288,0.69189,0.939178
0.05,0.89,0.0607171,0.24716,0.692123,0.939283
0.05,0.9,0.0606132,0.247034,0.692352,0.939387
0.05,0.91,0.0605103,0.24691,0.69258,0.93949
0.05,0.92,0.0604084,0.246787,0.692805,0.939592
0.05,0.93,0.0603076,0.246665,0.693027,0.939692
0.05,0.94,0.0602079,0.246545,0.693247,0.939792
0.05,0.95,0.0601093,0.246426,0.693464,0.939891
0.05,0.96,0.0600117,0.246309,0.693679,0.939988
0.05,0.97,0.0599153,0.246193,0.693891,0.940085
0.05,0.98,0.0598199,0.246079,0.694101,0.94018
0.05,0.99,0.0597257,0.245965,0.694309,0.940274
0.05,1,0.0596327,0.245854,0.694514,0.940367
0.06,0,0.0628748,0.266071,0.671054,0.937125
0.06,0.01,0.0632653,0.265732,0.671002,0.936735
0.06,0.02,0.0636408,0.265396,0.670964,0.936359
0.06,0.03,0.0640012,0.265062,0.670937,0.935999
0.06,0.04,0.0643464,0.26473,0.670924,0.935654
0.06,0.05,0.0646765,0.264401,0.670923,0.935323
0.06,0.06,0.0649916,0.264074,0.670934,0.935008
0.06,0.07,0.0652916,0.26375,0.670958,0.934708
0.06,0.08,0.0655766,0.263429,0.670994,0.934423
0.06,0.09,0.0658468,0.26311,0.671043,0.934153
0.06,0.1,0.0661023,0.262794,0.671104,0.933898
0.06,0.11,0.0663433,0.262481,0.671176,0.933657
0.06,0.12,0.0665698,0.26217,0.67126,0.93343
0.06,0.13,0.0667822,0.261862,0.671356,0.933218
0.06,0.14,0.0669806,0.261557,0.671463,0.933019
0.06,0.15,0.0671654,0.261254,0.671581,0.932835
0.06,0.16,0.0673366,0.260954,0.671709,0.932663
0.06,0.17,0.0674946,0.260657,0.671848,0.932505
0.06,0.18,0.0676398,0.260363,0.671997,0.93236
0.06,0.19,0.0677723,0.260072,0.672156,0.932228
0.06,0.2,0.0678924,0.259783,0.672325,0.932108
0.06,0.21,0.0680006,0.259497,0.672502,0.931999
0.06,0.22,0.0680971,0.259214,0.672689,0.931903
0.06,0.23,0.0681823,0.258934,0.672884,0.931818
0.06,0.24,0.0682564,0.258656,0.673087,0.931744
0.06,0.25,0.0683198,0.258381,0.673299,0.93168
0.06,0.26,0.0683729,0.25811,0.673517,0.931627
0.06,0.27,0.0684161,0.257841,0.673743,0.931584
0.06,0.28,0.0684496,0.257574,0.673976,0.93155
0.06,0.29,0.0684738,0.257311,0.674215,0.931526
0.06,0.3,0.068489,0.25705,0.674461,0.931511
0.06,0.31,0.0684957,0.256792,0.674712,0.931504
0.06,0.32,0.0684941,0.256537,0.674969,0.931506
0.06,0.33,0.0684845,0.256285,0.675231,0.931515
0.06,0.34,0.0684675,0.256035,0.675498,0.931533
0.06,0.35,0.0684431,0.255788,0.675769,0.931557
0.06,0.36,0.0684119,0.255544,0.676044,0.931588
0.06,0.37,0.068374,0.255302,0.676324,0.931626
0.06,0.38,0.0683299,0.255063,0.676607,0.93167
0.06,0.39,0.0682798,0.254827,0.676893,0.93172
0.06,0.4,0.0682241,0.254594,0.677182,0.931776
0.06,0.41,0.0681629,0.254363,0.677474,0.931837
0.06,0.42,0.0680967,0.254135,0.677768,0.931903
0.06,0.43,0.0680258,0.253909,0.678065,0.931974
0.06,0.44,0.0679503,0.253686,0.678363,0.93205
0.06,0.45,0.0678705,0.253466,0.678664,0.93213
0.06,0.46,0.0677868,0.253248,0.678965,0.932213
0.06,0.47,0.0676993,0.253033,0.679268,0.932301
0.06,0.48,0.0676083,0.25282,0.679572,0.932392
0.06,0.49,0.0675141,0.25261,0.679876,0.932486
0.06,0.5,0.0674168,0.252402,0.680181,0.932583
0.06,0.51,0.0673167,0.252196,0.680487,0.932683
0.06,0.52,0.0672141,0.251993,0.680793,0.932786
0.06,0.53,0.067109,0.251793,0.681098,0.932891
0.06,0.54,0.0670017,0.251595,0.681404,0.932998
0.06,0.55,0.0668925,0.251399,0.681709,0.933108
0.06,0.56,0.0667814,0.251205,0.682013,0.933219
0.06,0.57,0.0666686,0.251014,0.682317,0.933331
0.06,0.58,0.0665544,0.250825,0.68262,0.933446
0.06,0.59,0.0664388,0.250639,0.682923,0.933561
0.06,0.6,0.0663221,0.250454,0.683224,0.933678
0.06,0.61,0.0662043,0.250272,0.683524,0.933796
0.06,0.62,0.0660857,0.250092,0.683822,0.933914
0.06,0.63,0.0659663,0.249914,0.684119,0.934034
0.06,0.64,0.0658463,0.249739,0.684415,0.934154
0.06,0.65,0.0657258,0.249565,0.684709,0.934274
0.06,0.66,0.0656049,0.249394,0.685001,0.934395
0.06,0.67,0.0654837,0.249224,0.685292,0.934516
0.06,0.68,0.0653623,0.249057,0.685581,0.934638
0.06,0.69,0.0652409,0.248892,0.685867,0.934759
0.06,0.7,0.0651195,0.248728,0.686152,0.934881
0.06,0.71,0.0649981,0.248567,0.686435,0.935002
0.06,0.72,0.064877,0.248408,0.686715,0.935123
0.06,0.73,0.0647562,0.24825,0.686993,0.935244
0.06,0.74,0.0646356,0.248095,0.687269,0.935364
0.06,0.75,0.0645155,0.247941,0.687543,0.935484
0.06,0.76,0.0643959,0.24779,0.687814,0.935604
0.06,0.77,0.0642768,0.24764,0.688083,0.935723
0.06,0.78,0.0641583,0.247492,0.68835,0.935842
0.06,0.79,0.0640405,0.247345,0.688614,0.93596
0.06,0.8,0.0639234,0.247201,0.688876,0.936077
0.06,0.81,0.063807,0.247058,0.689135,0.936193
0.06,0.82,0.0636914,0.246917,0.689392,0.936309
0.06,0.83,0.0635766,0.246778,0.689646,0.936423
0.06,0.84,0.0634628,0.24664,0.689897,0.936537
0.06,0.85,0.0633498,0.246504,0.690146,0.93665
0.06,0.86,0.0632378,0.24637,0.690393,0.936762
0.06,0.87,0.0631267,0.246237,0.690636,0.936873
0.06,0.88,0.0630167,0.246106,0.690878,0.936983
0.06,0.89,0.0629077,0.245976,0.691116,0.937092
0.06,0.9,0.0627997,0.245848,0.691352,0.9372
0.06,0.91,0.0626928,0.245722,0.691586,0.937307
0.06,0.92,0.062587,0.245597,0.691816,0.937413
0.06,0.93,0.0624823,0.245473,0.692045,0.937518
0.06,0.94,0.0623787,0.245351,0.69227,0.937621
0.06,0.95,0.0622763,0.245231,0.692493,0.937724
0.06,0.96,0.062175,0.245112,0.692714,0.937825
0.06,0.97,0.0620748,0.244994,0.692931,0.937925
0.06,0.98,0.0619758,0.244878,0.693147,0.938024
0.06,0.99,0.061878,0.244763,0.693359,0.938122
0.06,1,0.0617814,0.244649,0.69357,0.938219
0.07,0,0.0646724,0.265296,0.670032,0.935328
0.07,0.01,0.0650958,0.264949,0.669955,0.934904
0.07,0.02,0.0655035,0.264605,0.669891,0.934497
0.07,0.03,0.0658953,0.264264,0.669841,0.934105
0.07,0.04,0.0662712,0.263925,0.669804,0.933729
0.07,0.05,0.0666312,0.263589,0.66978,0.933369
0.07,0.06,0.0669752,0.263255,0.66977,0.933025
0.07,0.07,0.0673034,0.262924,0.669773,0.932697
0.07,0.08,0.0676157,0.262595,0.669789,0.932384
0.07,0.09,0.0679122,0.262269,0.669818,0.932088
0.07,0.1,0.0681931,0.261946,0.669861,0.931807
0.07,0.11,0.0684586,0.261626,0.669916,0.931541
0.07,0.12,0.0687087,0.261308,0.669983,0.931291
0.07,0.13,0.0689437,0.260993,0.670063,0.931056
0.07,0.14,0.0691637,0.260681,0.670155,0.930836
0.07,0.15,0.0693691,0.260372,0.670259,0.930631
0.07,0.16,0.0695601,0.260065,0.670375,0.93044
0.07,0.17,0.0697369,0.259761,0.670502,0.930263
0.07,0.18,0.0698999,0.25946,0.67064,0.9301
0.07,0.19,0.0700493,0.259162,0.670788,0.929951
0.07,0.2,0.0701855,0.258867,0.670947,0.929815
0.07,0.21,0.0703087,0.258575,0.671117,0.929691
0.07,0.22,0.0704194,0.258285,0.671295,0.929581
0.07,0.23,0.0705178,0.257999,0.671484,0.929482
0.07,0.24,0.0706044,0.257715,0.671681,0.929396
0.07,0.25,0.0706794,0.257434,0.671887,0.929321
0.07,0.26,0.0707433,0.257156,0.672101,0.929257
0.07,0.27,0.0707964,0.256881,0.672323,0.929204
0.07,0.28,0.0708391,0.256609,0.672552,0.929161
0.07,0.29,0.0708717,0.256339,0.672789,0.929128
0.07,0.3,0.0708946,0.256073,0.673033,0.929105
0.07,0.31,0.0709083,0.255809,0.673283,0.929092
0.07,0.32,0.070913,0.255548,0.673539,0.929087
0.07,0.33,0.0709091,0.25529,0.673801,0.929091
0.07,0.34,0.070897,0.255035,0.674068,0.929103
0.07,0.35,0.070877,0.254783,0.67434,0.929123
0.07,0.36,0.0708496,0.254533,0.674617,0.92915
0.07,0.37,0.070815,0.254286,0.674899,0.929185
0.07,0.38,0.0707735,0.254042,0.675184,0.929226
0.07,0.39,0.0707256,0.253801,0.675473,0.929274
0.07,0.4,0.0706716,0.253562,0.675766,0.929328
0.07,0.41,0.0706117,0.253327,0.676062,0.929388
0.07,0.42,0.0705463,0.253094,0.67636,0.929454
0.07,0.43,0.0704756,0.252863,0.676661,0.929524
0.07,0.44,0.0704001,0.252635,0.676965,0.9296
0.07,0.45,0.0703199,0.25241,0.67727,0.92968
0.07,0.46,0.0702354,0.252188,0.677577,0.929765
0.07,0.47,0.0701468,0.251968,0.677885,0.929853
0.07,0.48,0.0700544,0.251751,0.678195,0.929946
0.07,0.49,0.0699585,0.251536,0.678506,0.930042
0.07,0.5,0.0698592,0.251324,0.678817,0.930141
0.07,0.51,0.0697569,0.251114,0.679129,0.930243
0.07,0.52,0.0696517,0.250907,0.679441,0.930348
0.07,0.53,0.0695439,0.250702,0.679754,0.930456
0.07,0.54,0.0694337,0.2505,0.680066,0.930566
0.07,0.55,0.0693213,0.2503,0.680378,0.930679
0.07,0.56,0.0692069,0.250103,0.68069,0.930793
0.07,0.57,0.0690907,0.249908,0.681001,0.930909
0.07,0.58,0.0689728,0.249715,0.681312,0.931027
0.07,0.59,0.0688535,0.249525,0.681622,0.931147
0.07,0.6,0.0687329,0.249337,0.68193,0.931267
0.07,0.61,0.0686111,0.249151,0.682238,0.931389
0.07,0.62,0.0684884,0.248968,0.682544,0.931512
0.07,0.63,0.0683648,0.248786,0.682849,0.931635
0.07,0.64,0.0682405,0.248607,0.683152,0.93176
0.07,0.65,0.0681156,0.248431,0.683454,0.931884
0.07,0.66,0.0679903,0.248256,0.683754,0.93201
0.07,0.67,0.0678647,0.248083,0.684052,0.932135
0.07,0.68,0.0677388,0.247913,0.684348,0.932261
0.07,0.69,0.0676128,0.247744,0.684643,0.932387
0.07,0.7,0.0674868,0.247578,0.684935,0.932513
0.07,0.71,0.0673609,0.247414,0.685225,0.932639
0.07,0.72,0.0672351,0.247252,0.685513,0.932765
0.07,0.73,0.0671096,0.247091,0.685799,0.93289
0.07,0.74,0.0669845,0.246933,0.686082,0.933016
0.07,0.75,0.0668598,0.246777,0.686364,0.93314
0.07,0.76,0.0667355,0.246622,0.686642,0.933265
0.07,0.77,0.0666118,0.24647,0.686919,0.933388
0.07,0.78,0.0664887,0.246319,0.687192,0.933511
0.07,0.79,0.0663663,0.24617,0.687464,0.933634
0.07,0.8,0.0662446,0.246023,0.687732,0.933755
0.07,0.81,0.0661236,0.245878,0.687999,0.933876
0.07,0.82,0.0660035,0.245734,0.688262,0.933996
0.07,0.83,0.0658843,0.245593,0.688523,0.934116
0.07,0.84,0.065766,0.245453,0.688781,0.934234
0.07,0.85,0.0656486,0.245314,0.689037,0.934351
0.07,0.86,0.0655322,0.245178,0.68929,0.934468
0.07,0.87,0.0654169,0.245043,0.68954,0.934583
0.07,0.88,0.0653025,0.244909,0.689788,0.934697
0.07,0.89,0.0651893,0.244778,0.690033,0.934811
0.07,0.9,0.0650771,0.244648,0.690275,0.934923
0.07,0.91,0.0649661,0.244519,0.690515,0.935034
0.07,0.92,0.0648562,0.244392,0.690752,0.935144
0.07,0.93,0.0647474,0.244267,0.690986,0.935253
0.07,0.94,0.0646398,0.244143,0.691218,0.93536
0.07,0.95,0.0645335,0.24402,0.691446,0.935467
0.07,0.96,0.0644283,0.243899,0.691673,0.935572
0.07,0.97,0.0643243,0.24378,0.691896,0.935676
0.07,0.98,0.0642215,0.243662,0.692117,0.935778
0.07,0.99,0.06412,0.243545,0.692335,0.93588
0.07,1,0.0640197,0.24343,0.692551,0.93598
0.08,0,0.0665034,0.264519,0.668977,0.933497
0.08,0.01,0.0669622,0.264165,0.668872,0.933038
0.08,0.02,0.0674046,0.263814,0.668781,0.932595
0.08,0.03,0.0678303,0.263465,0.668705,0.93217
0.08,0.04,0.0682393,0.263119,0.668642,0.931761
0.08,0.05,0.0686316,0.262775,0.668594,0.931368
0.08,0.06,0.069007,0.262434,0.668559,0.930993
0.08,0.07,0.0693656,0.262095,0.668539,0.930634
0.08,0.08,0.0697075,0.261759,0.668533,0.930292
0.08,0.09,0.0700327,0.261426,0.668541,0.929967
0.08,0.1,0.0703413,0.261096,0.668563,0.929659
0.08,0.11,0.0706334,0.260768,0.668599,0.929367
0.08,0.12,0.0709092,0.260443,0.668648,0.929091
0.08,0.13,0.0711688,0.260121,0.66871,0.928831
0.08,0.14,0.0714126,0.259802,0.668786,0.928587
0.08,0.15,0.0716407,0.259485,0.668874,0.928359
0.08,0.16,0.0718533,0.259172,0.668975,0.928147
0.08,0.17,0.0720508,0.258861,0.669088,0.927949
0.08,0.18,0.0722334,0.258553,0.669214,0.927767
0.08,0.19,0.0724014,0.258248,0.66935,0.927599
0.08,0.2,0.0725552,0.257946,0.669499,0.927445
0.08,0.21,0.0726951,0.257647,0.669658,0.927305
0.08,0.22,0.0728215,0.257351,0.669827,0.927178
0.08,0.23,0.0729347,0.257058,0.670007,0.927065
0.08,0.24,0.0730351,0.256768,0.670197,0.926965
0.08,0.25,0.0731231,0.25648,0.670396,0.926877
0.08,0.26,0.073199,0.256196,0.670605,0.926801
0.08,0.27,0.0732632,0.255915,0.670822,0.926737
0.08,0.28,0.0733162,0.255636,0.671047,0.926684
0.08,0.29,0.0733583,0.255361,0.671281,0.926642
0.08,0.3,0.07339,0.255088,0.671522,0.92661
0.08,0.31,0.0734115,0.254819,0.67177,0.926588
0.08,0.32,0.0734234,0.254552,0.672025,0.926577
0.08,0.33,0.073426,0.254288,0.672286,0.926574
0.08,0.34,0.0734197,0.254027,0.672553,0.92658
0.08,0.35,0.0734048,0.253769,0.672826,0.926595
0.08,0.36,0.0733818,0.253514,0.673104,0.926618
0.08,0.37,0.073351,0.253262,0.673387,0.926649
0.08,0.38,0.0733129,0.253012,0.673675,0.926687
0.08,0.39,0.0732676,0.252766,0.673967,0.926732
0.08,0.4,0.0732157,0.252522,0.674262,0.926784
