e1,e2,V,Rs,Rv,P
0,0 ,0.0124064, 0.0023521,0.985242,0.987594
0,0.01 ,0.0132096, 0.00235209,0.984438,0.98679
0,0.02 ,0.0140474, 0.00235207,0.983601,0.985953
0,0.03 ,0.0149191, 0.00235206,0.982729,0.985081
0,0.04 ,0.0158236, 0.00235204,0.981824,0.984176
0,0.05 ,0.0167592, 0.00235202,0.980889,0.983241
0,0.06 ,0.017724, 0.00235201,0.979924,0.982276
0,0.07 ,0.0187154, 0.00235199,0.978933,0.981285
0,0.08 ,0.0197305, 0.00235198,0.977918,0.980269
0,0.09 ,0.0207657, 0.00235196,0.976882,0.979234
0,0.1 ,0.0218171, 0.00235195,0.975831,0.978183
0,0.11 ,0.02288, 0.00235193,0.974768,0.97712
0,0.12 ,0.0239495, 0.00235191,0.973699,0.97605
0,0.13 ,0.0250203, 0.0023519,0.972628,0.97498
0,0.14 ,0.0260867, 0.00235188,0.971561,0.973913
0,0.15 ,0.0271428, 0.00235187,0.970505,0.972857
0,0.16 ,0.0281825, 0.00235185,0.969466,0.971818
0,0.17 ,0.0291997, 0.00235184,0.968448,0.9708
0,0.18 ,0.0301887, 0.00235182,0.967459,0.969811
0,0.19 ,0.0311437, 0.0023518,0.966504,0.968856
0,0.2 ,0.0320596, 0.00235179,0.965589,0.96794
0,0.21 ,0.0329314, 0.00235177,0.964717,0.967069
0,0.22 ,0.0337551, 0.00235176,0.963893,0.966245
0,0.23 ,0.0345273, 0.00235174,0.963121,0.965473
0,0.24 ,0.0352453, 0.00235173,0.962403,0.964755
0,0.25 ,0.0359071, 0.00235171,0.961741,0.964093
0,0.26 ,0.0365116, 0.0023517,0.961137,0.963488
0,0.27 ,0.0370586, 0.00235168,0.96059,0.962941
0,0.28 ,0.0375485, 0.00235167,0.9601,0.962452
0,0.29 ,0.0379823, 0.00235165,0.959666,0.962018
0,0.3 ,0.0383617, 0.00235164,0.959287,0.961638
0,0.31 ,0.038689, 0.00235162,0.958959,0.961311
0,0.32 ,0.0389668, 0.00235161,0.958682,0.961033
0,0.33 ,0.0391979, 0.00235159,0.95845,0.960802
0,0.34 ,0.0393857, 0.00235158,0.958263,0.960614
0,0.35 ,0.0395335, 0.00235156,0.958115,0.960466
0,0.36 ,0.0396447, 0.00235155,0.958004,0.960355
0,0.37 ,0.0397226, 0.00235153,0.957926,0.960277
0,0.38 ,0.0397708, 0.00235152,0.957878,0.960229
0,0.39 ,0.0397924, 0.0023515,0.957856,0.960208
0,0.4 ,0.0397905, 0.00235149,0.957858,0.960209
0,0.41 ,0.0397682, 0.00235147,0.95788,0.960232
0,0.42 ,0.0397282, 0.00235146,0.95792,0.960272
0,0.43 ,0.0396732, 0.00235144,0.957975,0.960327
0,0.44 ,0.0396054, 0.00235143,0.958043,0.960395
0,0.45 ,0.039527, 0.00235141,0.958122,0.960473
0,0.46 ,0.03944, 0.0023514,0.958209,0.96056
0,0.47 ,0.0393462, 0.00235138,0.958302,0.960654
0,0.48 ,0.0392472, 0.00235137,0.958401,0.960753
0,0.49 ,0.0391442, 0.00235136,0.958504,0.960856
0,0.5 ,0.0390387, 0.00235134,0.95861,0.960961
0,0.51 ,0.0389316, 0.00235133,0.958717,0.961068
0,0.52 ,0.0388238, 0.00235131,0.958825,0.961176
0,0.53 ,0.0387163, 0.0023513,0.958932,0.961284
0,0.54 ,0.0386095, 0.00235128,0.959039,0.96139
0,0.55 ,0.0385043, 0.00235127,0.959144,0.961496
0,0.56 ,0.0384009, 0.00235125,0.959248,0.961599
0,0.57 ,0.0382999, 0.00235124,0.959349,0.9617
0,0.58 ,0.0382015, 0.00235123,0.959447,0.961798
0,0.59 ,0.0381061, 0.00235121,0.959543,0.961894
0,0.6 ,0.0380137, 0.0023512,0.959635,0.961986
0,0.61 ,0.0379246, 0.00235118,0.959724,0.962075
0,0.62 ,0.0378388, 0.00235117,0.95981,0.962161
0,0.63 ,0.0377564, 0.00235115,0.959892,0.962244
0,0.64 ,0.0376774, 0.00235114,0.959971,0.962323
0,0.65 ,0.0376019, 0.00235113,0.960047,0.962398
0,0.66 ,0.0375298, 0.00235111,0.960119,0.96247
0,0.67 ,0.0374611, 0.0023511,0.960188,0.962539
0,0.68 ,0.0373957, 0.00235108,0.960253,0.962604
0,0.69 ,0.0373335, 0.00235107,0.960315,0.962667
0,0.7 ,0.0372744, 0.00235106,0.960374,0.962726
0,0.71 ,0.0372185, 0.00235104,0.96043,0.962782
0,0.72 ,0.0371654, 0.00235103,0.960484,0.962835
0,0.73 ,0.0371153, 0.00235101,0.960534,0.962885
0,0.74 ,0.0370678, 0.002351,0.960581,0.962932
0,0.75 ,0.037023, 0.00235099,0.960626,0.962977
0,0.76 ,0.0369808, 0.00235097,0.960668,0.963019
0,0.77 ,0.0369409, 0.00235096,0.960708,0.963059
0,0.78 ,0.0369033, 0.00235095,0.960746,0.963097
0,0.79 ,0.0368679, 0.00235093,0.960781,0.963132
0,0.8 ,0.0368346, 0.00235092,0.960815,0.963165
0,0.81 ,0.0368032, 0.0023509,0.960846,0.963197
0,0.82 ,0.0367737, 0.00235089,0.960875,0.963226
0,0.83 ,0.036746, 0.00235088,0.960903,0.963254
0,0.84 ,0.0367199, 0.00235086,0.960929,0.96328
0,0.85 ,0.0366955, 0.00235085,0.960954,0.963305
0,0.86 ,0.0366725, 0.00235084,0.960977,0.963328
0,0.87 ,0.0366509, 0.00235082,0.960998,0.963349
0,0.88 ,0.0366306, 0.00235081,0.961019,0.963369
0,0.89 ,0.0366116, 0.0023508,0.961038,0.963388
0,0.9 ,0.0365937, 0.00235078,0.961056,0.963406
0,0.91 ,0.0365769, 0.00235077,0.961072,0.963423
0,0.92 ,0.0365612, 0.00235076,0.961088,0.963439
0,0.93 ,0.0365464, 0.00235074,0.961103,0.963454
0,0.94 ,0.0365325, 0.00235073,0.961117,0.963467
0,0.95 ,0.0365195, 0.00235072,0.96113,0.963481
0,0.96 ,0.0365072, 0.0023507,0.961142,0.963493
0,0.97 ,0.0364957, 0.00235069,0.961154,0.963504
0,0.98 ,0.0364849, 0.00235068,0.961164,0.963515
0,0.99 ,0.0364747, 0.00235066,0.961175,0.963525
0,1 ,0.0364652, 0.00235065,0.961184,0.963535
0.01,0 ,0.0123408, 0.00235209,0.985307,0.987659
0.01,0.01 ,0.0131528, 0.00235207,0.984495,0.986847
0.01,0.02 ,0.0140018, 0.00235206,0.983646,0.985998
0.01,0.03 ,0.0148874, 0.00235204,0.982761,0.985113
0.01,0.04 ,0.0158088, 0.00235203,0.981839,0.984191
0.01,0.05 ,0.0167648, 0.00235201,0.980883,0.983235
0.01,0.06 ,0.0177536, 0.00235199,0.979894,0.982246
0.01,0.07 ,0.018773, 0.00235198,0.978875,0.981227
0.01,0.08 ,0.0198205, 0.00235196,0.977828,0.98018
0.01,0.09 ,0.0208926, 0.00235195,0.976755,0.979107
0.01,0.1 ,0.0219857, 0.00235193,0.975662,0.978014
0.01,0.11 ,0.0230952, 0.00235191,0.974553,0.976905
0.01,0.12 ,0.0242164, 0.0023519,0.973432,0.975784
0.01,0.13 ,0.0253439, 0.00235188,0.972304,0.974656
0.01,0.14 ,0.0264718, 0.00235187,0.971176,0.973528
0.01,0.15 ,0.027594, 0.00235185,0.970054,0.972406
0.01,0.16 ,0.0287042, 0.00235184,0.968944,0.971296
0.01,0.17 ,0.0297958, 0.00235182,0.967852,0.970204
0.01,0.18 ,0.0308623, 0.00235181,0.966786,0.969138
0.01,0.19 ,0.0318976, 0.00235179,0.965751,0.968102
0.01,0.2 ,0.0328954, 0.00235177,0.964753,0.967105
0.01,0.21 ,0.0338504, 0.00235176,0.963798,0.96615
0.01,0.22 ,0.0347575, 0.00235174,0.962891,0.965243
0.01,0.23 ,0.0356124, 0.00235173,0.962036,0.964388
0.01,0.24 ,0.0364116, 0.00235171,0.961237,0.963588
0.01,0.25 ,0.0371524, 0.0023517,0.960496,0.962848
0.01,0.26 ,0.037833, 0.00235168,0.959815,0.962167
0.01,0.27 ,0.0384525, 0.00235167,0.959196,0.961547
0.01,0.28 ,0.0390108, 0.00235165,0.958638,0.960989
0.01,0.29 ,0.0395085, 0.00235164,0.95814,0.960492
0.01,0.3 ,0.039947, 0.00235162,0.957701,0.960053
0.01,0.31 ,0.0403284, 0.00235161,0.95732,0.959672
0.01,0.32 ,0.0406552, 0.00235159,0.956993,0.959345
0.01,0.33 ,0.0409304, 0.00235158,0.956718,0.95907
0.01,0.34 ,0.0411572, 0.00235156,0.956491,0.958843
0.01,0.35 ,0.0413393, 0.00235155,0.956309,0.958661
0.01,0.36 ,0.0414802, 0.00235153,0.956168,0.95852
0.01,0.37 ,0.0415836, 0.00235152,0.956065,0.958416
0.01,0.38 ,0.0416532, 0.0023515,0.955995,0.958347
0.01,0.39 ,0.0416927, 0.00235149,0.955956,0.958307
0.01,0.4 ,0.0417054, 0.00235147,0.955943,0.958295
0.01,0.41 ,0.0416947, 0.00235146,0.955954,0.958305
0.01,0.42 ,0.0416636, 0.00235144,0.955985,0.958336
0.01,0.43 ,0.0416151, 0.00235143,0.956034,0.958385
0.01,0.44 ,0.0415517, 0.00235141,0.956097,0.958448
0.01,0.45 ,0.0414761, 0.0023514,0.956173,0.958524
0.01,0.46 ,0.0413903, 0.00235138,0.956258,0.95861
0.01,0.47 ,0.0412963, 0.00235137,0.956352,0.958704
0.01,0.48 ,0.041196, 0.00235136,0.956453,0.958804
0.01,0.49 ,0.041091, 0.00235134,0.956558,0.958909
0.01,0.5 ,0.0409826, 0.00235133,0.956666,0.959017
0.01,0.51 ,0.040872, 0.00235131,0.956777,0.959128
0.01,0.52 ,0.0407603, 0.0023513,0.956888,0.95924
0.01,0.53 ,0.0406485, 0.00235128,0.957,0.959351
0.01,0.54 ,0.0405373, 0.00235127,0.957111,0.959463
0.01,0.55 ,0.0404274, 0.00235125,0.957221,0.959573
0.01,0.56 ,0.0403193, 0.00235124,0.957329,0.959681
0.01,0.57 ,0.0402135, 0.00235123,0.957435,0.959786
0.01,0.58 ,0.0401104, 0.00235121,0.957538,0.95989
0.01,0.59 ,0.0400103, 0.0023512,0.957639,0.95999
0.01,0.6 ,0.0399133, 0.00235118,0.957736,0.960087
0.01,0.61 ,0.0398197, 0.00235117,0.957829,0.96018
0.01,0.62 ,0.0397295, 0.00235115,0.957919,0.96027
0.01,0.63 ,0.039643, 0.00235114,0.958006,0.960357
0.01,0.64 ,0.03956, 0.00235113,0.958089,0.96044
0.01,0.65 ,0.0394807, 0.00235111,0.958168,0.960519
0.01,0.66 ,0.0394049, 0.0023511,0.958244,0.960595
0.01,0.67 ,0.0393327, 0.00235108,0.958316,0.960667
0.01,0.68 ,0.039264, 0.00235107,0.958385,0.960736
0.01,0.69 ,0.0391987, 0.00235106,0.95845,0.960801
0.01,0.7 ,0.0391368, 0.00235104,0.958512,0.960863
0.01,0.71 ,0.039078, 0.00235103,0.958571,0.960922
0.01,0.72 ,0.0390224, 0.00235101,0.958627,0.960978
0.01,0.73 ,0.0389698, 0.002351,0.958679,0.96103
0.01,0.74 ,0.0389201, 0.00235099,0.958729,0.96108
0.01,0.75 ,0.0388732, 0.00235097,0.958776,0.961127
0.01,0.76 ,0.038829, 0.00235096,0.95882,0.961171
0.01,0.77 ,0.0387873, 0.00235094,0.958862,0.961213
0.01,0.78 ,0.038748, 0.00235093,0.958901,0.961252
0.01,0.79 ,0.038711, 0.00235092,0.958938,0.961289
0.01,0.8 ,0.0386762, 0.0023509,0.958973,0.961324
0.01,0.81 ,0.0386434, 0.00235089,0.959006,0.961357
0.01,0.82 ,0.0386127, 0.00235088,0.959036,0.961387
0.01,0.83 ,0.0385838, 0.00235086,0.959065,0.961416
0.01,0.84 ,0.0385566, 0.00235085,0.959093,0.961443
0.01,0.85 ,0.0385311, 0.00235084,0.959118,0.961469
0.01,0.86 ,0.0385072, 0.00235082,0.959142,0.961493
0.01,0.87 ,0.0384848, 0.00235081,0.959164,0.961515
0.01,0.88 ,0.0384637, 0.00235079,0.959186,0.961536
0.01,0.89 ,0.0384439, 0.00235078,0.959205,0.961556
0.01,0.9 ,0.0384254, 0.00235077,0.959224,0.961575
0.01,0.91 ,0.038408, 0.00235075,0.959241,0.961592
0.01,0.92 ,0.0383916, 0.00235074,0.959258,0.961608
0.01,0.93 ,0.0383763, 0.00235073,0.959273,0.961624
0.01,0.94 ,0.0383619, 0.00235071,0.959287,0.961638
0.01,0.95 ,0.0383484, 0.0023507,0.959301,0.961652
0.01,0.96 ,0.0383357, 0.00235069,0.959314,0.961664
0.01,0.97 ,0.0383238, 0.00235067,0.959325,0.961676
0.01,0.98 ,0.0383126, 0.00235066,0.959337,0.961687
0.01,0.99 ,0.0383021, 0.00235065,0.959347,0.961698
0.01,1 ,0.0382922, 0.00235063,0.959357,0.961708
0.02,0 ,0.0122616, 0.00235208,0.985386,0.987738
0.02,0.01 ,0.0130804, 0.00235206,0.984568,0.98692
0.02,0.02 ,0.0139385, 0.00235204,0.983709,0.986061
0.02,0.03 ,0.0148358, 0.00235203,0.982812,0.985164
0.02,0.04 ,0.0157717, 0.00235201,0.981876,0.984228
0.02,0.05 ,0.0167454, 0.002352,0.980903,0.983255
0.02,0.06 ,0.0177556, 0.00235198,0.979892,0.982244
0.02,0.07 ,0.0188005, 0.00235196,0.978848,0.9812
0.02,0.08 ,0.0198776, 0.00235195,0.97777,0.980122
0.02,0.09 ,0.020984, 0.00235193,0.976664,0.979016
0.02,0.1 ,0.0221163, 0.00235192,0.975532,0.977884
0.02,0.11 ,0.0232702, 0.0023519,0.974378,0.97673
0.02,0.12 ,0.0244411, 0.00235188,0.973207,0.975559
0.02,0.13 ,0.0256236, 0.00235187,0.972025,0.974376
0.02,0.14 ,0.0268119, 0.00235185,0.970836,0.973188
0.02,0.15 ,0.0279998, 0.00235184,0.969648,0.972
0.02,0.16 ,0.0291805, 0.00235182,0.968468,0.970819
0.02,0.17 ,0.0303473, 0.00235181,0.967301,0.969653
0.02,0.18 ,0.0314931, 0.00235179,0.966155,0.968507
0.02,0.19 ,0.032611, 0.00235178,0.965037,0.967389
0.02,0.2 ,0.0336942, 0.00235176,0.963954,0.966306
0.02,0.21 ,0.0347364, 0.00235175,0.962912,0.965264
0.02,0.22 ,0.0357316, 0.00235173,0.961917,0.964268
0.02,0.23 ,0.0366748, 0.00235171,0.960974,0.963325
0.02,0.24 ,0.0375613, 0.0023517,0.960087,0.962439
0.02,0.25 ,0.0383878, 0.00235168,0.959261,0.961612
0.02,0.26 ,0.0391514, 0.00235167,0.958497,0.960849
0.02,0.27 ,0.0398506, 0.00235165,0.957798,0.960149
0.02,0.28 ,0.0404846, 0.00235164,0.957164,0.959515
0.02,0.29 ,0.0410534, 0.00235162,0.956595,0.958947
0.02,0.3 ,0.0415582, 0.00235161,0.95609,0.958442
0.02,0.31 ,0.0420005, 0.00235159,0.955648,0.957999
0.02,0.32 ,0.0423829, 0.00235158,0.955266,0.957617
0.02,0.33 ,0.0427082, 0.00235156,0.95494,0.957292
0.02,0.34 ,0.0429799, 0.00235155,0.954669,0.95702
0.02,0.35 ,0.0432014, 0.00235153,0.954447,0.956799
0.02,0.36 ,0.0433768, 0.00235152,0.954272,0.956623
0.02,0.37 ,0.04351, 0.0023515,0.954139,0.95649
0.02,0.38 ,0.0436049, 0.00235149,0.954044,0.956395
0.02,0.39 ,0.0436655, 0.00235147,0.953983,0.956334
0.02,0.4 ,0.0436957, 0.00235146,0.953953,0.956304
0.02,0.41 ,0.0436989, 0.00235144,0.95395,0.956301
0.02,0.42 ,0.0436788, 0.00235143,0.95397,0.956321
0.02,0.43 ,0.0436386, 0.00235141,0.95401,0.956361
0.02,0.44 ,0.0435812, 0.0023514,0.954067,0.956419
0.02,0.45 ,0.0435094, 0.00235138,0.954139,0.956491
0.02,0.46 ,0.0434256, 0.00235137,0.954223,0.956574
0.02,0.47 ,0.0433323, 0.00235136,0.954316,0.956668
0.02,0.48 ,0.0432313, 0.00235134,0.954417,0.956769
0.02,0.49 ,0.0431245, 0.00235133,0.954524,0.956876
0.02,0.5 ,0.0430135, 0.00235131,0.954635,0.956987
0.02,0.51 ,0.0428996, 0.0023513,0.954749,0.9571
0.02,0.52 ,0.0427841, 0.00235128,0.954865,0.957216
0.02,0.53 ,0.042668, 0.00235127,0.954981,0.957332
0.02,0.54 ,0.0425522, 0.00235125,0.955097,0.957448
0.02,0.55 ,0.0424375, 0.00235124,0.955211,0.957562
0.02,0.56 ,0.0423245, 0.00235122,0.955324,0.957675
0.02,0.57 ,0.0422138, 0.00235121,0.955435,0.957786
0.02,0.58 ,0.0421057, 0.0023512,0.955543,0.957894
0.02,0.59 ,0.0420006, 0.00235118,0.955648,0.957999
0.02,0.6 ,0.0418989, 0.00235117,0.95575,0.958101
0.02,0.61 ,0.0418005, 0.00235115,0.955848,0.958199
0.02,0.62 ,0.0417059, 0.00235114,0.955943,0.958294
0.02,0.63 ,0.0416149, 0.00235113,0.956034,0.958385
0.02,0.64 ,0.0415277, 0.00235111,0.956121,0.958472
0.02,0.65 ,0.0414444, 0.0023511,0.956205,0.958556
0.02,0.66 ,0.0413648, 0.00235108,0.956284,0.958635
0.02,0.67 ,0.0412889, 0.00235107,0.95636,0.958711
0.02,0.68 ,0.0412167, 0.00235105,0.956432,0.958783
0.02,0.69 ,0.0411482, 0.00235104,0.956501,0.958852
0.02,0.7 ,0.0410831, 0.00235103,0.956566,0.958917
0.02,0.71 ,0.0410215, 0.00235101,0.956627,0.958978
0.02,0.72 ,0.0409632, 0.002351,0.956686,0.959037
0.02,0.73 ,0.0409081, 0.00235099,0.956741,0.959092
0.02,0.74 ,0.040856, 0.00235097,0.956793,0.959144
0.02,0.75 ,0.0408069, 0.00235096,0.956842,0.959193
0.02,0.76 ,0.0407605, 0.00235094,0.956889,0.959239
0.02,0.77 ,0.0407169, 0.00235093,0.956932,0.959283
0.02,0.78 ,0.0406758, 0.00235092,0.956973,0.959324
0.02,0.79 ,0.0406371, 0.0023509,0.957012,0.959363
0.02,0.8 ,0.0406008, 0.00235089,0.957048,0.959399
0.02,0.81 ,0.0405666, 0.00235088,0.957082,0.959433
0.02,0.82 ,0.0405345, 0.00235086,0.957115,0.959465
0.02,0.83 ,0.0405044, 0.00235085,0.957145,0.959496
0.02,0.84 ,0.0404761, 0.00235083,0.957173,0.959524
0.02,0.85 ,0.0404496, 0.00235082,0.9572,0.95955
0.02,0.86 ,0.0404247, 0.00235081,0.957225,0.959575
0.02,0.87 ,0.0404013, 0.00235079,0.957248,0.959599
0.02,0.88 ,0.0403794, 0.00235078,0.95727,0.959621
0.02,0.89 ,0.0403589, 0.00235077,0.95729,0.959641
0.02,0.9 ,0.0403396, 0.00235075,0.95731,0.95966
0.02,0.91 ,0.0403216, 0.00235074,0.957328,0.959678
0.02,0.92 ,0.0403046, 0.00235073,0.957345,0.959695
0.02,0.93 ,0.0402887, 0.00235071,0.957361,0.959711
0.02,0.94 ,0.0402738, 0.0023507,0.957375,0.959726
0.02,0.95 ,0.0402599, 0.00235069,0.957389,0.95974
0.02,0.96 ,0.0402467, 0.00235067,0.957403,0.959753
0.02,0.97 ,0.0402344, 0.00235066,0.957415,0.959766
0.02,0.98 ,0.0402229, 0.00235065,0.957426,0.959777
0.02,0.99 ,0.040212, 0.00235063,0.957437,0.959788
0.02,1 ,0.0402018, 0.00235062,0.957448,0.959798
0.03,0 ,0.0121699, 0.00235206,0.985478,0.98783
0.03,0.01 ,0.0129937, 0.00235204,0.984654,0.987006
0.03,0.02 ,0.0138588, 0.00235203,0.983789,0.986141
0.03,0.03 ,0.0147655, 0.00235201,0.982883,0.985235
0.03,0.04 ,0.0157135, 0.002352,0.981935,0.984287
0.03,0.05 ,0.0167024, 0.00235198,0.980946,0.983298
0.03,0.06 ,0.0177313, 0.00235197,0.979917,0.982269
0.03,0.07 ,0.0187986, 0.00235195,0.978849,0.981201
0.03,0.08 ,0.0199025, 0.00235193,0.977746,0.980098
0.03,0.09 ,0.0210403, 0.00235192,0.976608,0.97896
0.03,0.1 ,0.022209, 0.0023519,0.975439,0.977791
0.03,0.11 ,0.0234046, 0.00235189,0.974244,0.976595
0.03,0.12 ,0.0246226, 0.00235187,0.973025,0.975377
0.03,0.13 ,0.0258581, 0.00235185,0.97179,0.974142
0.03,0.14 ,0.0271051, 0.00235184,0.970543,0.972895
0.03,0.15 ,0.0283574, 0.00235182,0.969291,0.971643
0.03,0.16 ,0.0296082, 0.00235181,0.96804,0.970392
0.03,0.17 ,0.0308503, 0.00235179,0.966798,0.96915
0.03,0.18 ,0.0320763, 0.00235178,0.965572,0.967924
0.03,0.19 ,0.0332786, 0.00235176,0.96437,0.966721
0.03,0.2 ,0.0344499, 0.00235175,0.963198,0.96555
0.03,0.21 ,0.0355829, 0.00235173,0.962065,0.964417
0.03,0.22 ,0.0366708, 0.00235172,0.960977,0.963329
0.03,0.23 ,0.0377075, 0.0023517,0.959941,0.962292
0.03,0.24 ,0.0386875, 0.00235168,0.958961,0.961312
0.03,0.25 ,0.0396062, 0.00235167,0.958042,0.960394
0.03,0.26 ,0.0404601, 0.00235165,0.957188,0.95954
0.03,0.27 ,0.0412464, 0.00235164,0.956402,0.958754
0.03,0.28 ,0.0419638, 0.00235162,0.955685,0.958036
0.03,0.29 ,0.0426116, 0.00235161,0.955037,0.957388
0.03,0.3 ,0.0431903, 0.00235159,0.954458,0.95681
0.03,0.31 ,0.0437012, 0.00235158,0.953947,0.956299
0.03,0.32 ,0.0441464, 0.00235156,0.953502,0.955854
0.03,0.33 ,0.0445288, 0.00235155,0.95312,0.955471
0.03,0.34 ,0.0448516, 0.00235153,0.952797,0.955148
0.03,0.35 ,0.0451186, 0.00235152,0.95253,0.954881
0.03,0.36 ,0.0453339, 0.0023515,0.952315,0.954666
0.03,0.37 ,0.0455017, 0.00235149,0.952147,0.954498
0.03,0.38 ,0.0456263, 0.00235147,0.952022,0.954374
0.03,0.39 ,0.0457119, 0.00235146,0.951937,0.954288
0.03,0.4 ,0.0457627, 0.00235144,0.951886,0.954237
0.03,0.41 ,0.0457829, 0.00235143,0.951866,0.954217
0.03,0.42 ,0.0457762, 0.00235141,0.951872,0.954224
0.03,0.43 ,0.0457463, 0.0023514,0.951902,0.954254
0.03,0.44 ,0.0456965, 0.00235138,0.951952,0.954303
0.03,0.45 ,0.0456299, 0.00235137,0.952019,0.95437
0.03,0.46 ,0.0455494, 0.00235136,0.952099,0.954451
0.03,0.47 ,0.0454575, 0.00235134,0.952191,0.954543
0.03,0.48 ,0.0453565, 0.00235133,0.952292,0.954644
0.03,0.49 ,0.0452484, 0.00235131,0.9524,0.954752
0.03,0.5 ,0.045135, 0.0023513,0.952514,0.954865
0.03,0.51 ,0.0450181, 0.00235128,0.952631,0.954982
0.03,0.52 ,0.0448988, 0.00235127,0.95275,0.955101
0.03,0.53 ,0.0447785, 0.00235125,0.95287,0.955222
0.03,0.54 ,0.0446581, 0.00235124,0.952991,0.955342
0.03,0.55 ,0.0445385, 0.00235122,0.95311,0.955462
0.03,0.56 ,0.0444204, 0.00235121,0.953228,0.95558
0.03,0.57 ,0.0443046, 0.0023512,0.953344,0.955695
0.03,0.58 ,0.0441913, 0.00235118,0.953458,0.955809
0.03,0.59 ,0.0440811, 0.00235117,0.953568,0.955919
0.03,0.6 ,0.0439743, 0.00235115,0.953675,0.956026
0.03,0.61 ,0.043871, 0.00235114,0.953778,0.956129
0.03,0.62 ,0.0437716, 0.00235112,0.953877,0.956228
0.03,0.63 ,0.043676, 0.00235111,0.953973,0.956324
0.03,0.64 ,0.0435844, 0.0023511,0.954065,0.956416
0.03,0.65 ,0.0434967, 0.00235108,0.954152,0.956503
0.03,0.66 ,0.0434131, 0.00235107,0.954236,0.956587
0.03,0.67 ,0.0433334, 0.00235105,0.954316,0.956667
0.03,0.68 ,0.0432576, 0.00235104,0.954391,0.956742
0.03,0.69 ,0.0431856, 0.00235103,0.954463,0.956814
0.03,0.7 ,0.0431173, 0.00235101,0.954532,0.956883
0.03,0.71 ,0.0430526, 0.002351,0.954596,0.956947
0.03,0.72 ,0.0429914, 0.00235098,0.954658,0.957009
0.03,0.73 ,0.0429336, 0.00235097,0.954715,0.957066
0.03,0.74 ,0.0428791, 0.00235096,0.95477,0.957121
0.03,0.75 ,0.0428276, 0.00235094,0.954821,0.957172
0.03,0.76 ,0.0427791, 0.00235093,0.95487,0.957221
0.03,0.77 ,0.0427334, 0.00235092,0.954916,0.957267
0.03,0.78 ,0.0426905, 0.0023509,0.954959,0.95731
0.03,0.79 ,0.0426501, 0.00235089,0.954999,0.95735
0.03,0.8 ,0.0426121, 0.00235087,0.955037,0.957388
0.03,0.81 ,0.0425765, 0.00235086,0.955073,0.957424
0.03,0.82 ,0.042543, 0.00235085,0.955106,0.957457
0.03,0.83 ,0.0425116, 0.00235083,0.955138,0.957488
0.03,0.84 ,0.0424821, 0.00235082,0.955167,0.957518
0.03,0.85 ,0.0424545, 0.00235081,0.955195,0.957546
0.03,0.86 ,0.0424286, 0.00235079,0.955221,0.957571
0.03,0.87 ,0.0424043, 0.00235078,0.955245,0.957596
0.03,0.88 ,0.0423815, 0.00235077,0.955268,0.957618
0.03,0.89 ,0.0423602, 0.00235075,0.955289,0.95764
0.03,0.9 ,0.0423402, 0.00235074,0.955309,0.95766
0.03,0.91 ,0.0423214, 0.00235073,0.955328,0.957679
0.03,0.92 ,0.0423039, 0.00235071,0.955345,0.957696
0.03,0.93 ,0.0422874, 0.0023507,0.955362,0.957713
0.03,0.94 ,0.042272, 0.00235069,0.955377,0.957728
0.03,0.95 ,0.0422575, 0.00235067,0.955392,0.957743
0.03,0.96 ,0.0422439, 0.00235066,0.955405,0.957756
0.03,0.97 ,0.0422312, 0.00235065,0.955418,0.957769
0.03,0.98 ,0.0422192, 0.00235063,0.95543,0.957781
0.03,0.99 ,0.042208, 0.00235062,0.955441,0.957792
0.03,1 ,0.0421974, 0.00235061,0.955452,0.957803
0.04,0 ,0.0120671, 0.00235205,0.985581,0.987933
0.04,0.01 ,0.012894, 0.00235203,0.984754,0.987106
0.04,0.02 ,0.0137641, 0.00235201,0.983884,0.986236
0.04,0.03 ,0.0146779, 0.002352,0.98297,0.985322
0.04,0.04 ,0.0156356, 0.00235198,0.982012,0.984364
0.04,0.05 ,0.0166371, 0.00235197,0.981011,0.983363
0.04,0.06 ,0.0176818, 0.00235195,0.979966,0.982318
0.04,0.07 ,0.0187687, 0.00235193,0.978879,0.981231
0.04,0.08 ,0.0198963, 0.00235192,0.977752,0.980104
0.04,0.09 ,0.0210624, 0.0023519,0.976586,0.978938
0.04,0.1 ,0.0222643, 0.00235189,0.975384,0.977736
0.04,0.11 ,0.0234984, 0.00235187,0.97415,0.976502
0.04,0.12 ,0.0247608, 0.00235186,0.972887,0.975239
0.04,0.13 ,0.0260464, 0.00235184,0.971602,0.973954
0.04,0.14 ,0.0273498, 0.00235182,0.970298,0.97265
0.04,0.15 ,0.0286647, 0.00235181,0.968983,0.971335
0.04,0.16 ,0.0299843, 0.00235179,0.967664,0.970016
0.04,0.17 ,0.0313012, 0.00235178,0.966347,0.968699
0.04,0.18 ,0.0326076, 0.00235176,0.965041,0.967392
0.04,0.19 ,0.0338955, 0.00235175,0.963753,0.966104
0.04,0.2 ,0.0351569, 0.00235173,0.962491,0.964843
0.04,0.21 ,0.0363837, 0.00235172,0.961265,0.963616
0.04,0.22 ,0.0375683, 0.0023517,0.96008,0.962432
0.04,0.23 ,0.0387035, 0.00235169,0.958945,0.961297
0.04,0.24 ,0.0397827, 0.00235167,0.957866,0.960217
0.04,0.25 ,0.0408002, 0.00235165,0.956848,0.9592
0.04,0.26 ,0.0417515, 0.00235164,0.955897,0.958249
0.04,0.27 ,0.0426328, 0.00235162,0.955016,0.957367
0.04,0.28 ,0.0434417, 0.00235161,0.954207,0.956558
0.04,0.29 ,0.0441767, 0.00235159,0.953472,0.955823
0.04,0.3 ,0.0448377, 0.00235158,0.952811,0.955162
0.04,0.31 ,0.0454253, 0.00235156,0.952223,0.954575
0.04,0.32 ,0.0459414, 0.00235155,0.951707,0.954059
0.04,0.33 ,0.0463884, 0.00235153,0.95126,0.953612
0.04,0.34 ,0.0467697, 0.00235152,0.950879,0.95323
0.04,0.35 ,0.0470888, 0.0023515,0.95056,0.952911
0.04,0.36 ,0.0473502, 0.00235149,0.950298,0.95265
0.04,0.37 ,0.0475582, 0.00235147,0.95009,0.952442
0.04,0.38 ,0.0477173, 0.00235146,0.949931,0.952283
0.04,0.39 ,0.0478324, 0.00235144,0.949816,0.952168
0.04,0.4 ,0.0479079, 0.00235143,0.949741,0.952092
0.04,0.41 ,0.0479483, 0.00235141,0.9497,0.952052
0.04,0.42 ,0.0479579, 0.0023514,0.949691,0.952042
0.04,0.43 ,0.0479407, 0.00235139,0.949708,0.952059
0.04,0.44 ,0.0479005, 0.00235137,0.949748,0.952099
0.04,0.45 ,0.0478408, 0.00235136,0.949808,0.952159
0.04,0.46 ,0.0477648, 0.00235134,0.949884,0.952235
0.04,0.47 ,0.0476754, 0.00235133,0.949973,0.952325
0.04,0.48 ,0.0475751, 0.00235131,0.950074,0.952425
0.04,0.49 ,0.0474664, 0.0023513,0.950182,0.952534
0.04,0.5 ,0.0473512, 0.00235128,0.950298,0.952649
0.04,0.51 ,0.0472314, 0.00235127,0.950417,0.952769
0.04,0.52 ,0.0471085, 0.00235125,0.95054,0.952892
0.04,0.53 ,0.0469839, 0.00235124,0.950665,0.953016
0.04,0.54 ,0.0468589, 0.00235122,0.95079,0.953141
0.04,0.55 ,0.0467343, 0.00235121,0.950914,0.953266
0.04,0.56 ,0.0466111, 0.0023512,0.951038,0.953389
0.04,0.57 ,0.0464899, 0.00235118,0.951159,0.95351
0.04,0.58 ,0.0463713, 0.00235117,0.951278,0.953629
0.04,0.59 ,0.0462557, 0.00235115,0.951393,0.953744
0.04,0.6 ,0.0461436, 0.00235114,0.951505,0.953856
0.04,0.61 ,0.0460352, 0.00235112,0.951614,0.953965
0.04,0.62 ,0.0459306, 0.00235111,0.951718,0.954069
0.04,0.63 ,0.0458302, 0.0023511,0.951819,0.95417
0.04,0.64 ,0.0457339, 0.00235108,0.951915,0.954266
0.04,0.65 ,0.0456418, 0.00235107,0.952007,0.954358
0.04,0.66 ,0.0455539, 0.00235105,0.952095,0.954446
0.04,0.67 ,0.0454701, 0.00235104,0.952179,0.95453
0.04,0.68 ,0.0453904, 0.00235103,0.952259,0.95461
0.04,0.69 ,0.0453148, 0.00235101,0.952334,0.954685
0.04,0.7 ,0.0452431, 0.002351,0.952406,0.954757
0.04,0.71 ,0.0451752, 0.00235098,0.952474,0.954825
0.04,0.72 ,0.0451111, 0.00235097,0.952538,0.954889
0.04,0.73 ,0.0450504, 0.00235096,0.952599,0.95495
0.04,0.74 ,0.0449932, 0.00235094,0.952656,0.955007
0.04,0.75 ,0.0449393, 0.00235093,0.95271,0.955061
0.04,0.76 ,0.0448885, 0.00235091,0.952761,0.955111
0.04,0.77 ,0.0448408, 0.0023509,0.952808,0.955159
0.04,0.78 ,0.0447958, 0.00235089,0.952853,0.955204
0.04,0.79 ,0.0447536, 0.00235087,0.952896,0.955246
0.04,0.8 ,0.044714, 0.00235086,0.952935,0.955286
0.04,0.81 ,0.0446767, 0.00235085,0.952972,0.955323
0.04,0.82 ,0.0446418, 0.00235083,0.953007,0.955358
0.04,0.83 ,0.0446091, 0.00235082,0.95304,0.955391
0.04,0.84 ,0.0445784, 0.00235081,0.953071,0.955422
0.04,0.85 ,0.0445496, 0.00235079,0.9531,0.95545
0.04,0.86 ,0.0445226, 0.00235078,0.953127,0.955477
0.04,0.87 ,0.0444974, 0.00235076,0.953152,0.955503
0.04,0.88 ,0.0444737, 0.00235075,0.953176,0.955526
0.04,0.89 ,0.0444516, 0.00235074,0.953198,0.955548
0.04,0.9 ,0.0444308, 0.00235072,0.953218,0.955569
0.04,0.91 ,0.0444114, 0.00235071,0.953238,0.955589
0.04,0.92 ,0.0443932, 0.0023507,0.953256,0.955607
0.04,0.93 ,0.0443761, 0.00235068,0.953273,0.955624
0.04,0.94 ,0.0443601, 0.00235067,0.953289,0.95564
0.04,0.95 ,0.0443451, 0.00235066,0.953304,0.955655
0.04,0.96 ,0.0443311, 0.00235064,0.953318,0.955669
0.04,0.97 ,0.0443179, 0.00235063,0.953331,0.955682
0.04,0.98 ,0.0443056, 0.00235062,0.953344,0.955694
0.04,0.99 ,0.044294, 0.0023506,0.953355,0.955706
0.04,1 ,0.0442831, 0.00235059,0.953366,0.955717
0.05,0 ,0.0119544, 0.00235203,0.985694,0.988046
0.05,0.01 ,0.0127827, 0.00235202,0.984865,0.987217
0.05,0.02 ,0.0136558, 0.002352,0.983992,0.986344
0.05,0.03 ,0.0145745, 0.00235198,0.983073,0.985425
0.05,0.04 ,0.0155395, 0.00235197,0.982108,0.98446
0.05,0.05 ,0.016551, 0.00235195,0.981097,0.983449
0.05,0.06 ,0.0176087, 0.00235194,0.980039,0.982391
0.05,0.07 ,0.0187122, 0.00235192,0.978936,0.981288
0.05,0.08 ,0.0198603, 0.0023519,0.977788,0.98014
0.05,0.09 ,0.0210514, 0.00235189,0.976597,0.978949
0.05,0.1 ,0.0222831, 0.00235187,0.975365,0.977717
0.05,0.11 ,0.0235524, 0.00235186,0.974096,0.976448
0.05,0.12 ,0.0248557, 0.00235184,0.972792,0.975144
0.05,0.13 ,0.0261884, 0.00235183,0.97146,0.973812
0.05,0.14 ,0.0275453, 0.00235181,0.970103,0.972455
0.05,0.15 ,0.0289202, 0.00235179,0.968728,0.97108
0.05,0.16 ,0.0303066, 0.00235178,0.967342,0.969693
0.05,0.17 ,0.0316968, 0.00235176,0.965951,0.968303
0.05,0.18 ,0.0330831, 0.00235175,0.964565,0.966917
0.05,0.19 ,0.0344569, 0.00235173,0.963191,0.965543
0.05,0.2 ,0.0358096, 0.00235172,0.961839,0.96419
0.05,0.21 ,0.0371325, 0.0023517,0.960516,0.962867
0.05,0.22 ,0.0384171, 0.00235169,0.959231,0.961583
0.05,0.23 ,0.0396551, 0.00235167,0.957993,0.960345
0.05,0.24 ,0.040839, 0.00235166,0.956809,0.959161
0.05,0.25 ,0.0419618, 0.00235164,0.955687,0.958038
0.05,0.26 ,0.0430176, 0.00235163,0.954631,0.956982
0.05,0.27 ,0.0440017, 0.00235161,0.953647,0.955998
0.05,0.28 ,0.0449105, 0.00235159,0.952738,0.95509
0.05,0.29 ,0.0457415, 0.00235158,0.951907,0.954259
0.05,0.3 ,0.0464936, 0.00235156,0.951155,0.953506
0.05,0.31 ,0.0471669, 0.00235155,0.950482,0.952833
0.05,0.32 ,0.0477626, 0.00235153,0.949886,0.952237
0.05,0.33 ,0.0482828, 0.00235152,0.949366,0.951717
0.05,0.34 ,0.0487304, 0.0023515,0.948918,0.95127
0.05,0.35 ,0.0491093, 0.00235149,0.948539,0.950891
0.05,0.36 ,0.0494237, 0.00235147,0.948225,0.950576
0.05,0.37 ,0.0496782, 0.00235146,0.94797,0.950322
0.05,0.38 ,0.0498777, 0.00235144,0.947771,0.950122
0.05,0.39 ,0.0500273, 0.00235143,0.947621,0.949973
0.05,0.4 ,0.0501319, 0.00235141,0.947517,0.949868
0.05,0.41 ,0.0501965, 0.0023514,0.947452,0.949804
0.05,0.42 ,0.0502257, 0.00235139,0.947423,0.949774
0.05,0.43 ,0.0502241, 0.00235137,0.947425,0.949776
0.05,0.44 ,0.0501959, 0.00235136,0.947453,0.949804
0.05,0.45 ,0.0501451, 0.00235134,0.947504,0.949855
0.05,0.46 ,0.0500752, 0.00235133,0.947573,0.949925
0.05,0.47 ,0.0499895, 0.00235131,0.947659,0.95001
0.05,0.48 ,0.049891, 0.0023513,0.947758,0.950109
0.05,0.49 ,0.0497823, 0.00235128,0.947866,0.950218
0.05,0.5 ,0.0496658, 0.00235127,0.947983,0.950334
0.05,0.51 ,0.0495435, 0.00235125,0.948105,0.950456
0.05,0.52 ,0.0494173, 0.00235124,0.948232,0.950583
0.05,0.53 ,0.0492886, 0.00235122,0.94836,0.950711
0.05,0.54 ,0.0491589, 0.00235121,0.94849,0.950841
0.05,0.55 ,0.0490293, 0.0023512,0.94862,0.950971
0.05,0.56 ,0.0489007, 0.00235118,0.948748,0.951099
0.05,0.57 ,0.048774, 0.00235117,0.948875,0.951226
0.05,0.58 ,0.0486498, 0.00235115,0.948999,0.95135
0.05,0.59 ,0.0485287, 0.00235114,0.94912,0.951471
0.05,0.6 ,0.048411, 0.00235112,0.949238,0.951589
0.05,0.61 ,0.0482971, 0.00235111,0.949352,0.951703
0.05,0.62 ,0.0481873, 0.0023511,0.949462,0.951813
0.05,0.63 ,0.0480818, 0.00235108,0.949567,0.951918
0.05,0.64 ,0.0479805, 0.00235107,0.949668,0.952019
0.05,0.65 ,0.0478837, 0.00235105,0.949765,0.952116
0.05,0.66 ,0.0477912, 0.00235104,0.949858,0.952209
0.05,0.67 ,0.0477032, 0.00235103,0.949946,0.952297
0.05,0.68 ,0.0476195, 0.00235101,0.950029,0.95238
0.05,0.69 ,0.04754, 0.002351,0.950109,0.95246
0.05,0.7 ,0.0474648, 0.00235098,0.950184,0.952535
0.05,0.71 ,0.0473935, 0.00235097,0.950256,0.952607
0.05,0.72 ,0.0473261, 0.00235096,0.950323,0.952674
0.05,0.73 ,0.0472626, 0.00235094,0.950387,0.952737
0.05,0.74 ,0.0472026, 0.00235093,0.950446,0.952797
0.05,0.75 ,0.0471461, 0.00235091,0.950503,0.952854
0.05,0.76 ,0.0470929, 0.0023509,0.950556,0.952907
0.05,0.77 ,0.0470429, 0.00235089,0.950606,0.952957
0.05,0.78 ,0.0469959, 0.00235087,0.950653,0.953004
0.05,0.79 ,0.0469518, 0.00235086,0.950697,0.953048
0.05,0.8 ,0.0469104, 0.00235085,0.950739,0.95309
0.05,0.81 ,0.0468716, 0.00235083,0.950778,0.953128
0.05,0.82 ,0.0468351, 0.00235082,0.950814,0.953165
0.05,0.83 ,0.046801, 0.0023508,0.950848,0.953199
0.05,0.84 ,0.046769, 0.00235079,0.95088,0.953231
0.05,0.85 ,0.046739, 0.00235078,0.95091,0.953261
0.05,0.86 ,0.046711, 0.00235076,0.950938,0.953289
0.05,0.87 ,0.0466847, 0.00235075,0.950965,0.953315
0.05,0.88 ,0.0466601, 0.00235074,0.950989,0.95334
0.05,0.89 ,0.0466371, 0.00235072,0.951012,0.953363
0.05,0.9 ,0.0466156, 0.00235071,0.951034,0.953384
0.05,0.91 ,0.0465954, 0.0023507,0.951054,0.953405
0.05,0.92 ,0.0465765, 0.00235068,0.951073,0.953423
0.05,0.93 ,0.0465589, 0.00235067,0.95109,0.953441
0.05,0.94 ,0.0465423, 0.00235066,0.951107,0.953458
0.05,0.95 ,0.0465268, 0.00235064,0.951123,0.953473
0.05,0.96 ,0.0465123, 0.00235063,0.951137,0.953488
0.05,0.97 ,0.0464986, 0.00235062,0.951151,0.953501
0.05,0.98 ,0.0464859, 0.0023506,0.951164,0.953514
0.05,0.99 ,0.0464739, 0.00235059,0.951176,0.953526
0.05,1 ,0.0464626, 0.00235058,0.951187,0.953537
0.06,0 ,0.011833, 0.00235202,0.985815,0.988167
0.06,0.01 ,0.012661, 0.002352,0.984987,0.987339
0.06,0.02 ,0.0135353, 0.00235199,0.984113,0.986465
0.06,0.03 ,0.014457, 0.00235197,0.983191,0.985543
0.06,0.04 ,0.015427, 0.00235195,0.982221,0.984573
0.06,0.05 ,0.0164458, 0.00235194,0.981202,0.983554
0.06,0.06 ,0.0175139, 0.00235192,0.980134,0.982486
0.06,0.07 ,0.0186309, 0.00235191,0.979017,0.981369
0.06,0.08 ,0.0197962, 0.00235189,0.977852,0.980204
0.06,0.09 ,0.0210088, 0.00235187,0.976639,0.978991
0.06,0.1 ,0.0222667, 0.00235186,0.975381,0.977733
0.06,0.11 ,0.0235676, 0.00235184,0.974081,0.976432
0.06,0.12 ,0.0249081, 0.00235183,0.97274,0.975092
0.06,0.13 ,0.0262842, 0.00235181,0.971364,0.973716
0.06,0.14 ,0.027691, 0.0023518,0.969957,0.972309
0.06,0.15 ,0.0291229, 0.00235178,0.968525,0.970877
0.06,0.16 ,0.0305733, 0.00235176,0.967075,0.969427
0.06,0.17 ,0.0320348, 0.00235175,0.965613,0.967965
0.06,0.18 ,0.0334994, 0.00235173,0.964149,0.966501
0.06,0.19 ,0.0349585, 0.00235172,0.96269,0.965042
0.06,0.2 ,0.0364029, 0.0023517,0.961245,0.963597
0.06,0.21 ,0.0378234, 0.00235169,0.959825,0.962177
0.06,0.22 ,0.0392105, 0.00235167,0.958438,0.960789
0.06,0.23 ,0.0405551, 0.00235166,0.957093,0.959445
0.06,0.24 ,0.0418485, 0.00235164,0.9558,0.958152
0.06,0.25 ,0.0430824, 0.00235163,0.954566,0.956918
0.06,0.26 ,0.0442498, 0.00235161,0.953399,0.95575
0.06,0.27 ,0.0453446, 0.0023516,0.952304,0.954655
0.06,0.28 ,0.0463618, 0.00235158,0.951287,0.953638
0.06,0.29 ,0.0472978, 0.00235157,0.950351,0.952702
0.06,0.3 ,0.0481506, 0.00235155,0.949498,0.951849
0.06,0.31 ,0.0489191, 0.00235154,0.948729,0.951081
0.06,0.32 ,0.0496038, 0.00235152,0.948045,0.950396
0.06,0.33 ,0.0502064, 0.00235151,0.947442,0.949794
0.06,0.34 ,0.0507294, 0.00235149,0.946919,0.949271
0.06,0.35 ,0.0511764, 0.00235148,0.946472,0.948824
0.06,0.36 ,0.0515517, 0.00235146,0.946097,0.948448
0.06,0.37 ,0.05186, 0.00235145,0.945789,0.94814
0.06,0.38 ,0.0521065, 0.00235143,0.945542,0.947894
0.06,0.39 ,0.0522964, 0.00235142,0.945352,0.947704
0.06,0.4 ,0.0524354, 0.0023514,0.945213,0.947565
0.06,0.41 ,0.0525286, 0.00235139,0.94512,0.947471
0.06,0.42 ,0.0525814, 0.00235137,0.945067,0.947419
0.06,0.43 ,0.0525988, 0.00235136,0.94505,0.947401
0.06,0.44 ,0.0525854, 0.00235134,0.945063,0.947415
0.06,0.45 ,0.0525458, 0.00235133,0.945103,0.947454
0.06,0.46 ,0.0524839, 0.00235131,0.945165,0.947516
0.06,0.47 ,0.0524035, 0.0023513,0.945245,0.947597
0.06,0.48 ,0.0523079, 0.00235128,0.945341,0.947692
0.06,0.49 ,0.0522002, 0.00235127,0.945449,0.9478
0.06,0.5 ,0.052083, 0.00235125,0.945566,0.947917
0.06,0.51 ,0.0519587, 0.00235124,0.94569,0.948041
0.06,0.52 ,0.0518294, 0.00235123,0.945819,0.948171
0.06,0.53 ,0.0516968, 0.00235121,0.945952,0.948303
0.06,0.54 ,0.0515625, 0.0023512,0.946086,0.948438
0.06,0.55 ,0.0514278, 0.00235118,0.946221,0.948572
0.06,0.56 ,0.0512938, 0.00235117,0.946355,0.948706
0.06,0.57 ,0.0511614, 0.00235115,0.946487,0.948839
0.06,0.58 ,0.0510314, 0.00235114,0.946617,0.948969
0.06,0.59 ,0.0509044, 0.00235112,0.946744,0.949096
0.06,0.6 ,0.050781, 0.00235111,0.946868,0.949219
0.06,0.61 ,0.0506614, 0.0023511,0.946987,0.949339
0.06,0.62 ,0.050546, 0.00235108,0.947103,0.949454
0.06,0.63 ,0.0504351, 0.00235107,0.947214,0.949565
0.06,0.64 ,0.0503286, 0.00235105,0.94732,0.949671
0.06,0.65 ,0.0502268, 0.00235104,0.947422,0.949773
0.06,0.66 ,0.0501296, 0.00235103,0.947519,0.94987
0.06,0.67 ,0.0500371, 0.00235101,0.947612,0.949963
0.06,0.68 ,0.0499491, 0.002351,0.9477,0.950051
0.06,0.69 ,0.0498656, 0.00235098,0.947783,0.950134
0.06,0.7 ,0.0497865, 0.00235097,0.947863,0.950213
0.06,0.71 ,0.0497117, 0.00235096,0.947937,0.950288
0.06,0.72 ,0.049641, 0.00235094,0.948008,0.950359
0.06,0.73 ,0.0495743, 0.00235093,0.948075,0.950426
0.06,0.74 ,0.0495114, 0.00235091,0.948138,0.950489
0.06,0.75 ,0.0494522, 0.0023509,0.948197,0.950548
0.06,0.76 ,0.0493965, 0.00235089,0.948253,0.950603
0.06,0.77 ,0.0493442, 0.00235087,0.948305,0.950656
0.06,0.78 ,0.0492951, 0.00235086,0.948354,0.950705
0.06,0.79 ,0.0492489, 0.00235084,0.9484,0.950751
0.06,0.8 ,0.0492057, 0.00235083,0.948443,0.950794
0.06,0.81 ,0.0491651, 0.00235082,0.948484,0.950835
0.06,0.82 ,0.0491271, 0.0023508,0.948522,0.950873
0.06,0.83 ,0.0490915, 0.00235079,0.948558,0.950908
0.06,0.84 ,0.0490582, 0.00235078,0.948591,0.950942
0.06,0.85 ,0.049027, 0.00235076,0.948622,0.950973
0.06,0.86 ,0.0489978, 0.00235075,0.948651,0.951002
0.06,0.87 ,0.0489705, 0.00235074,0.948679,0.951029
0.06,0.88 ,0.048945, 0.00235072,0.948704,0.951055
0.06,0.89 ,0.0489211, 0.00235071,0.948728,0.951079
0.06,0.9 ,0.0488987, 0.0023507,0.948751,0.951101
0.06,0.91 ,0.0488778, 0.00235068,0.948772,0.951122
0.06,0.92 ,0.0488582, 0.00235067,0.948791,0.951142
0.06,0.93 ,0.0488399, 0.00235066,0.948809,0.95116
0.06,0.94 ,0.0488228, 0.00235064,0.948827,0.951177
0.06,0.95 ,0.0488067, 0.00235063,0.948843,0.951193
0.06,0.96 ,0.0487917, 0.00235062,0.948858,0.951208
0.06,0.97 ,0.0487776, 0.0023506,0.948872,0.951222
0.06,0.98 ,0.0487644, 0.00235059,0.948885,0.951236
0.06,0.99 ,0.048752, 0.00235058,0.948897,0.951248
0.06,1 ,0.0487404, 0.00235056,0.948909,0.95126
0.07,0 ,0.0117042, 0.002352,0.985944,0.988296
0.07,0.01 ,0.0125305, 0.00235199,0.985118,0.98747
0.07,0.02 ,0.0134042, 0.00235197,0.984244,0.986596
0.07,0.03 ,0.0143269, 0.00235196,0.983321,0.985673
0.07,0.04 ,0.0152996, 0.00235194,0.982348,0.9847
0.07,0.05 ,0.0163234, 0.00235192,0.981325,0.983677
0.07,0.06 ,0.0173989, 0.00235191,0.980249,0.982601
0.07,0.07 ,0.0185265, 0.00235189,0.979122,0.981474
0.07,0.08 ,0.0197059, 0.00235188,0.977942,0.980294
0.07,0.09 ,0.0209364, 0.00235186,0.976712,0.979064
0.07,0.1 ,0.0222169, 0.00235184,0.975431,0.977783
0.07,0.11 ,0.0235453, 0.00235183,0.974103,0.976455
0.07,0.12 ,0.0249191, 0.00235181,0.972729,0.975081
0.07,0.13 ,0.0263346, 0.0023518,0.971314,0.973665
0.07,0.14 ,0.0277875, 0.00235178,0.969861,0.972213
0.07,0.15 ,0.0292725, 0.00235177,0.968376,0.970727
0.07,0.16 ,0.0307835, 0.00235175,0.966865,0.969217
0.07,0.17 ,0.0323133, 0.00235174,0.965335,0.967687
0.07,0.18 ,0.0338539, 0.00235172,0.963794,0.966146
0.07,0.19 ,0.0353967, 0.0023517,0.962252,0.964603
0.07,0.2 ,0.0369322, 0.00235169,0.960716,0.963068
0.07,0.21 ,0.0384507, 0.00235167,0.959198,0.961549
0.07,0.22 ,0.039942, 0.00235166,0.957706,0.960058
0.07,0.23 ,0.041396, 0.00235164,0.956252,0.958604
0.07,0.24 ,0.042803, 0.00235163,0.954845,0.957197
0.07,0.25 ,0.0441535, 0.00235161,0.953495,0.955846
0.07,0.26 ,0.0454391, 0.0023516,0.952209,0.954561
0.07,0.27 ,0.0466521, 0.00235158,0.950996,0.953348
0.07,0.28 ,0.0477863, 0.00235157,0.949862,0.952214
0.07,0.29 ,0.0488367, 0.00235155,0.948812,0.951163
0.07,0.3 ,0.0497998, 0.00235154,0.947849,0.9502
0.07,0.31 ,0.0506737, 0.00235152,0.946975,0.949326
0.07,0.32 ,0.0514577, 0.00235151,0.946191,0.948542
0.07,0.33 ,0.0521528, 0.00235149,0.945496,0.947847
0.07,0.34 ,0.052761, 0.00235148,0.944887,0.947239
0.07,0.35 ,0.0532856, 0.00235146,0.944363,0.946714
0.07,0.36 ,0.0537306, 0.00235145,0.943918,0.946269
0.07,0.37 ,0.0541009, 0.00235143,0.943548,0.945899
0.07,0.38 ,0.0544018, 0.00235142,0.943247,0.945598
0.07,0.39 ,0.054639, 0.0023514,0.94301,0.945361
0.07,0.4 ,0.0548182, 0.00235139,0.94283,0.945182
0.07,0.41 ,0.0549455, 0.00235137,0.942703,0.945055
0.07,0.42 ,0.0550264, 0.00235136,0.942622,0.944974
0.07,0.43 ,0.0550666, 0.00235134,0.942582,0.944933
0.07,0.44 ,0.0550714, 0.00235133,0.942577,0.944929
0.07,0.45 ,0.0550457, 0.00235131,0.942603,0.944954
0.07,0.46 ,0.0549941, 0.0023513,0.942655,0.945006
0.07,0.47 ,0.0549208, 0.00235128,0.942728,0.945079
0.07,0.48 ,0.0548297, 0.00235127,0.942819,0.94517
0.07,0.49 ,0.0547241, 0.00235125,0.942925,0.945276
0.07,0.5 ,0.0546071, 0.00235124,0.943042,0.945393
0.07,0.51 ,0.0544814, 0.00235123,0.943167,0.945519
0.07,0.52 ,0.0543494, 0.00235121,0.943299,0.945651
0.07,0.53 ,0.0542131, 0.0023512,0.943436,0.945787
0.07,0.54 ,0.0540743, 0.00235118,0.943575,0.945926
0.07,0.55 ,0.0539345, 0.00235117,0.943714,0.946066
0.07,0.56 ,0.0537949, 0.00235115,0.943854,0.946205
0.07,0.57 ,0.0536567, 0.00235114,0.943992,0.946343
0.07,0.58 ,0.0535207, 0.00235112,0.944128,0.946479
0.07,0.59 ,0.0533877, 0.00235111,0.944261,0.946612
0.07,0.6 ,0.0532582, 0.0023511,0.944391,0.946742
0.07,0.61 ,0.0531327, 0.00235108,0.944516,0.946867
0.07,0.62 ,0.0530114, 0.00235107,0.944637,0.946989
0.07,0.63 ,0.0528948, 0.00235105,0.944754,0.947105
0.07,0.64 ,0.0527829, 0.00235104,0.944866,0.947217
0.07,0.65 ,0.0526758, 0.00235103,0.944973,0.947324
0.07,0.66 ,0.0525736, 0.00235101,0.945075,0.947426
0.07,0.67 ,0.0524763, 0.002351,0.945173,0.947524
0.07,0.68 ,0.0523838, 0.00235098,0.945265,0.947616
0.07,0.69 ,0.052296, 0.00235097,0.945353,0.947704
0.07,0.7 ,0.0522129, 0.00235096,0.945436,0.947787
0.07,0.71 ,0.0521343, 0.00235094,0.945515,0.947866
0.07,0.72 ,0.0520601, 0.00235093,0.945589,0.94794
0.07,0.73 ,0.0519901, 0.00235091,0.945659,0.94801
0.07,0.74 ,0.0519242, 0.0023509,0.945725,0.948076
0.07,0.75 ,0.0518622, 0.00235089,0.945787,0.948138
