e1,e2,V,Rs,Rv,P
0,0 ,0.0366136, 0.0023508,0.961036,0.963386
0,0.01 ,0.0366116, 0.0023508,0.961038,0.963388
0,0.02 ,0.0366095, 0.00235079,0.96104,0.96339
0,0.03 ,0.0366075, 0.00235079,0.961042,0.963392
0,0.04 ,0.0366055, 0.00235079,0.961044,0.963395
0,0.05 ,0.0366035, 0.00235079,0.961046,0.963397
0,0.06 ,0.0366015, 0.00235079,0.961048,0.963398
0,0.07 ,0.0365995, 0.00235079,0.96105,0.9634
0,0.08 ,0.0365976, 0.00235079,0.961052,0.963402
0,0.09 ,0.0365956, 0.00235078,0.961054,0.963404
0,0.1 ,0.0365937, 0.00235078,0.961056,0.963406
0,0.11 ,0.0365918, 0.00235078,0.961057,0.963408
0,0.12 ,0.0365899, 0.00235078,0.961059,0.96341
0,0.13 ,0.036588, 0.00235078,0.961061,0.963412
0,0.14 ,0.0365861, 0.00235078,0.961063,0.963414
0,0.15 ,0.0365843, 0.00235077,0.961065,0.963416
0,0.16 ,0.0365824, 0.00235077,0.961067,0.963418
0,0.17 ,0.0365806, 0.00235077,0.961069,0.963419
0,0.18 ,0.0365787, 0.00235077,0.96107,0.963421
0,0.19 ,0.0365769, 0.00235077,0.961072,0.963423
0,0.2 ,0.0365751, 0.00235077,0.961074,0.963425
0,0.21 ,0.0365733, 0.00235077,0.961076,0.963427
0,0.22 ,0.0365716, 0.00235076,0.961078,0.963428
0,0.23 ,0.0365698, 0.00235076,0.961079,0.96343
0,0.24 ,0.0365681, 0.00235076,0.961081,0.963432
0,0.25 ,0.0365663, 0.00235076,0.961083,0.963434
0,0.26 ,0.0365646, 0.00235076,0.961085,0.963435
0,0.27 ,0.0365629, 0.00235076,0.961086,0.963437
0,0.28 ,0.0365612, 0.00235076,0.961088,0.963439
0,0.29 ,0.0365595, 0.00235075,0.96109,0.963441
0,0.3 ,0.0365578, 0.00235075,0.961091,0.963442
0,0.31 ,0.0365562, 0.00235075,0.961093,0.963444
0,0.32 ,0.0365545, 0.00235075,0.961095,0.963445
0,0.33 ,0.0365529, 0.00235075,0.961096,0.963447
0,0.34 ,0.0365512, 0.00235075,0.961098,0.963449
0,0.35 ,0.0365496, 0.00235075,0.9611,0.96345
0,0.36 ,0.036548, 0.00235074,0.961101,0.963452
0,0.37 ,0.0365464, 0.00235074,0.961103,0.963454
0,0.38 ,0.0365448, 0.00235074,0.961104,0.963455
0,0.39 ,0.0365432, 0.00235074,0.961106,0.963457
0,0.4 ,0.0365417, 0.00235074,0.961108,0.963458
0,0.41 ,0.0365401, 0.00235074,0.961109,0.96346
0,0.42 ,0.0365386, 0.00235073,0.961111,0.963461
0,0.43 ,0.0365371, 0.00235073,0.961112,0.963463
0,0.44 ,0.0365355, 0.00235073,0.961114,0.963464
0,0.45 ,0.036534, 0.00235073,0.961115,0.963466
0,0.46 ,0.0365325, 0.00235073,0.961117,0.963467
0,0.47 ,0.036531, 0.00235073,0.961118,0.963469
0,0.48 ,0.0365296, 0.00235073,0.96112,0.96347
0,0.49 ,0.0365281, 0.00235072,0.961121,0.963472
0,0.5 ,0.0365266, 0.00235072,0.961123,0.963473
0,0.51 ,0.0365252, 0.00235072,0.961124,0.963475
0,0.52 ,0.0365237, 0.00235072,0.961126,0.963476
0,0.53 ,0.0365223, 0.00235072,0.961127,0.963478
0,0.54 ,0.0365209, 0.00235072,0.961128,0.963479
0,0.55 ,0.0365195, 0.00235072,0.96113,0.963481
0,0.56 ,0.0365181, 0.00235071,0.961131,0.963482
0,0.57 ,0.0365167, 0.00235071,0.961133,0.963483
0,0.58 ,0.0365153, 0.00235071,0.961134,0.963485
0,0.59 ,0.0365139, 0.00235071,0.961135,0.963486
0,0.6 ,0.0365126, 0.00235071,0.961137,0.963487
0,0.61 ,0.0365112, 0.00235071,0.961138,0.963489
0,0.62 ,0.0365099, 0.00235071,0.961139,0.96349
0,0.63 ,0.0365086, 0.0023507,0.961141,0.963491
0,0.64 ,0.0365072, 0.0023507,0.961142,0.963493
0,0.65 ,0.0365059, 0.0023507,0.961143,0.963494
0,0.66 ,0.0365046, 0.0023507,0.961145,0.963495
0,0.67 ,0.0365033, 0.0023507,0.961146,0.963497
0,0.68 ,0.036502, 0.0023507,0.961147,0.963498
0,0.69 ,0.0365008, 0.00235069,0.961149,0.963499
0,0.7 ,0.0364995, 0.00235069,0.96115,0.963501
0,0.71 ,0.0364982, 0.00235069,0.961151,0.963502
0,0.72 ,0.036497, 0.00235069,0.961152,0.963503
0,0.73 ,0.0364957, 0.00235069,0.961154,0.963504
0,0.74 ,0.0364945, 0.00235069,0.961155,0.963506
0,0.75 ,0.0364933, 0.00235069,0.961156,0.963507
0,0.76 ,0.0364921, 0.00235068,0.961157,0.963508
0,0.77 ,0.0364908, 0.00235068,0.961158,0.963509
0,0.78 ,0.0364896, 0.00235068,0.96116,0.96351
0,0.79 ,0.0364884, 0.00235068,0.961161,0.963512
0,0.8 ,0.0364873, 0.00235068,0.961162,0.963513
0,0.81 ,0.0364861, 0.00235068,0.961163,0.963514
0,0.82 ,0.0364849, 0.00235068,0.961164,0.963515
0,0.83 ,0.0364838, 0.00235067,0.961166,0.963516
0,0.84 ,0.0364826, 0.00235067,0.961167,0.963517
0,0.85 ,0.0364815, 0.00235067,0.961168,0.963519
0,0.86 ,0.0364803, 0.00235067,0.961169,0.96352
0,0.87 ,0.0364792, 0.00235067,0.96117,0.963521
0,0.88 ,0.0364781, 0.00235067,0.961171,0.963522
0,0.89 ,0.036477, 0.00235067,0.961172,0.963523
0,0.9 ,0.0364758, 0.00235066,0.961173,0.963524
0,0.91 ,0.0364747, 0.00235066,0.961175,0.963525
0,0.92 ,0.0364737, 0.00235066,0.961176,0.963526
0,0.93 ,0.0364726, 0.00235066,0.961177,0.963527
0,0.94 ,0.0364715, 0.00235066,0.961178,0.963529
0,0.95 ,0.0364704, 0.00235066,0.961179,0.96353
0,0.96 ,0.0364694, 0.00235066,0.96118,0.963531
0,0.97 ,0.0364683, 0.00235065,0.961181,0.963532
0,0.98 ,0.0364673, 0.00235065,0.961182,0.963533
0,0.99 ,0.0364662, 0.00235065,0.961183,0.963534
0,1 ,0.0364652, 0.00235065,0.961184,0.963535
0.01,0 ,0.038446, 0.00235078,0.959203,0.961554
0.01,0.01 ,0.0384439, 0.00235078,0.959205,0.961556
0.01,0.02 ,0.0384418, 0.00235078,0.959207,0.961558
0.01,0.03 ,0.0384397, 0.00235078,0.95921,0.96156
0.01,0.04 ,0.0384376, 0.00235078,0.959212,0.961562
0.01,0.05 ,0.0384355, 0.00235078,0.959214,0.961564
0.01,0.06 ,0.0384335, 0.00235077,0.959216,0.961567
0.01,0.07 ,0.0384314, 0.00235077,0.959218,0.961569
0.01,0.08 ,0.0384294, 0.00235077,0.95922,0.961571
0.01,0.09 ,0.0384274, 0.00235077,0.959222,0.961573
0.01,0.1 ,0.0384254, 0.00235077,0.959224,0.961575
0.01,0.11 ,0.0384234, 0.00235077,0.959226,0.961577
0.01,0.12 ,0.0384214, 0.00235076,0.959228,0.961579
0.01,0.13 ,0.0384194, 0.00235076,0.95923,0.961581
0.01,0.14 ,0.0384175, 0.00235076,0.959232,0.961583
0.01,0.15 ,0.0384156, 0.00235076,0.959234,0.961584
0.01,0.16 ,0.0384136, 0.00235076,0.959236,0.961586
0.01,0.17 ,0.0384117, 0.00235076,0.959238,0.961588
0.01,0.18 ,0.0384098, 0.00235076,0.959239,0.96159
0.01,0.19 ,0.038408, 0.00235075,0.959241,0.961592
0.01,0.2 ,0.0384061, 0.00235075,0.959243,0.961594
0.01,0.21 ,0.0384042, 0.00235075,0.959245,0.961596
0.01,0.22 ,0.0384024, 0.00235075,0.959247,0.961598
0.01,0.23 ,0.0384006, 0.00235075,0.959249,0.961599
0.01,0.24 ,0.0383988, 0.00235075,0.95925,0.961601
0.01,0.25 ,0.038397, 0.00235075,0.959252,0.961603
0.01,0.26 ,0.0383952, 0.00235074,0.959254,0.961605
0.01,0.27 ,0.0383934, 0.00235074,0.959256,0.961607
0.01,0.28 ,0.0383916, 0.00235074,0.959258,0.961608
0.01,0.29 ,0.0383899, 0.00235074,0.959259,0.96161
0.01,0.3 ,0.0383881, 0.00235074,0.959261,0.961612
0.01,0.31 ,0.0383864, 0.00235074,0.959263,0.961614
0.01,0.32 ,0.0383847, 0.00235074,0.959265,0.961615
0.01,0.33 ,0.038383, 0.00235073,0.959266,0.961617
0.01,0.34 ,0.0383813, 0.00235073,0.959268,0.961619
0.01,0.35 ,0.0383796, 0.00235073,0.95927,0.96162
0.01,0.36 ,0.038378, 0.00235073,0.959271,0.961622
0.01,0.37 ,0.0383763, 0.00235073,0.959273,0.961624
0.01,0.38 ,0.0383747, 0.00235073,0.959275,0.961625
0.01,0.39 ,0.038373, 0.00235072,0.959276,0.961627
0.01,0.4 ,0.0383714, 0.00235072,0.959278,0.961629
0.01,0.41 ,0.0383698, 0.00235072,0.959279,0.96163
0.01,0.42 ,0.0383682, 0.00235072,0.959281,0.961632
0.01,0.43 ,0.0383666, 0.00235072,0.959283,0.961633
0.01,0.44 ,0.038365, 0.00235072,0.959284,0.961635
0.01,0.45 ,0.0383635, 0.00235072,0.959286,0.961637
0.01,0.46 ,0.0383619, 0.00235071,0.959287,0.961638
0.01,0.47 ,0.0383604, 0.00235071,0.959289,0.96164
0.01,0.48 ,0.0383588, 0.00235071,0.95929,0.961641
0.01,0.49 ,0.0383573, 0.00235071,0.959292,0.961643
0.01,0.5 ,0.0383558, 0.00235071,0.959293,0.961644
0.01,0.51 ,0.0383543, 0.00235071,0.959295,0.961646
0.01,0.52 ,0.0383528, 0.00235071,0.959296,0.961647
0.01,0.53 ,0.0383513, 0.0023507,0.959298,0.961649
0.01,0.54 ,0.0383499, 0.0023507,0.959299,0.96165
0.01,0.55 ,0.0383484, 0.0023507,0.959301,0.961652
0.01,0.56 ,0.038347, 0.0023507,0.959302,0.961653
0.01,0.57 ,0.0383455, 0.0023507,0.959304,0.961654
0.01,0.58 ,0.0383441, 0.0023507,0.959305,0.961656
0.01,0.59 ,0.0383427, 0.0023507,0.959307,0.961657
0.01,0.6 ,0.0383413, 0.00235069,0.959308,0.961659
0.01,0.61 ,0.0383399, 0.00235069,0.959309,0.96166
0.01,0.62 ,0.0383385, 0.00235069,0.959311,0.961662
0.01,0.63 ,0.0383371, 0.00235069,0.959312,0.961663
0.01,0.64 ,0.0383357, 0.00235069,0.959314,0.961664
0.01,0.65 ,0.0383344, 0.00235069,0.959315,0.961666
0.01,0.66 ,0.038333, 0.00235068,0.959316,0.961667
0.01,0.67 ,0.0383317, 0.00235068,0.959318,0.961668
0.01,0.68 ,0.0383304, 0.00235068,0.959319,0.96167
0.01,0.69 ,0.038329, 0.00235068,0.95932,0.961671
0.01,0.7 ,0.0383277, 0.00235068,0.959322,0.961672
0.01,0.71 ,0.0383264, 0.00235068,0.959323,0.961674
0.01,0.72 ,0.0383251, 0.00235068,0.959324,0.961675
0.01,0.73 ,0.0383238, 0.00235067,0.959325,0.961676
0.01,0.74 ,0.0383226, 0.00235067,0.959327,0.961677
0.01,0.75 ,0.0383213, 0.00235067,0.959328,0.961679
0.01,0.76 ,0.03832, 0.00235067,0.959329,0.96168
0.01,0.77 ,0.0383188, 0.00235067,0.959331,0.961681
0.01,0.78 ,0.0383175, 0.00235067,0.959332,0.961682
0.01,0.79 ,0.0383163, 0.00235067,0.959333,0.961684
0.01,0.8 ,0.0383151, 0.00235066,0.959334,0.961685
0.01,0.81 ,0.0383139, 0.00235066,0.959335,0.961686
0.01,0.82 ,0.0383126, 0.00235066,0.959337,0.961687
0.01,0.83 ,0.0383114, 0.00235066,0.959338,0.961689
0.01,0.84 ,0.0383103, 0.00235066,0.959339,0.96169
0.01,0.85 ,0.0383091, 0.00235066,0.95934,0.961691
0.01,0.86 ,0.0383079, 0.00235066,0.959341,0.961692
0.01,0.87 ,0.0383067, 0.00235065,0.959343,0.961693
0.01,0.88 ,0.0383056, 0.00235065,0.959344,0.961694
0.01,0.89 ,0.0383044, 0.00235065,0.959345,0.961696
0.01,0.9 ,0.0383033, 0.00235065,0.959346,0.961697
0.01,0.91 ,0.0383021, 0.00235065,0.959347,0.961698
0.01,0.92 ,0.038301, 0.00235065,0.959348,0.961699
0.01,0.93 ,0.0382999, 0.00235065,0.959349,0.9617
0.01,0.94 ,0.0382988, 0.00235064,0.959351,0.961701
0.01,0.95 ,0.0382977, 0.00235064,0.959352,0.961702
0.01,0.96 ,0.0382966, 0.00235064,0.959353,0.961703
0.01,0.97 ,0.0382955, 0.00235064,0.959354,0.961705
0.01,0.98 ,0.0382944, 0.00235064,0.959355,0.961706
0.01,0.99 ,0.0382933, 0.00235064,0.959356,0.961707
0.01,1 ,0.0382922, 0.00235063,0.959357,0.961708
0.02,0 ,0.0403611, 0.00235077,0.957288,0.959639
0.02,0.01 ,0.0403589, 0.00235077,0.95729,0.959641
0.02,0.02 ,0.0403567, 0.00235077,0.957293,0.959643
0.02,0.03 ,0.0403545, 0.00235076,0.957295,0.959645
0.02,0.04 ,0.0403523, 0.00235076,0.957297,0.959648
0.02,0.05 ,0.0403502, 0.00235076,0.957299,0.95965
0.02,0.06 ,0.040348, 0.00235076,0.957301,0.959652
0.02,0.07 ,0.0403459, 0.00235076,0.957303,0.959654
0.02,0.08 ,0.0403438, 0.00235076,0.957305,0.959656
0.02,0.09 ,0.0403417, 0.00235075,0.957308,0.959658
0.02,0.1 ,0.0403396, 0.00235075,0.95731,0.95966
0.02,0.11 ,0.0403376, 0.00235075,0.957312,0.959662
0.02,0.12 ,0.0403355, 0.00235075,0.957314,0.959664
0.02,0.13 ,0.0403335, 0.00235075,0.957316,0.959667
0.02,0.14 ,0.0403315, 0.00235075,0.957318,0.959669
0.02,0.15 ,0.0403295, 0.00235075,0.95732,0.959671
0.02,0.16 ,0.0403275, 0.00235074,0.957322,0.959673
0.02,0.17 ,0.0403255, 0.00235074,0.957324,0.959675
0.02,0.18 ,0.0403235, 0.00235074,0.957326,0.959676
0.02,0.19 ,0.0403216, 0.00235074,0.957328,0.959678
0.02,0.2 ,0.0403196, 0.00235074,0.95733,0.95968
0.02,0.21 ,0.0403177, 0.00235074,0.957332,0.959682
0.02,0.22 ,0.0403158, 0.00235074,0.957333,0.959684
0.02,0.23 ,0.0403139, 0.00235073,0.957335,0.959686
0.02,0.24 ,0.040312, 0.00235073,0.957337,0.959688
0.02,0.25 ,0.0403102, 0.00235073,0.957339,0.95969
0.02,0.26 ,0.0403083, 0.00235073,0.957341,0.959692
0.02,0.27 ,0.0403065, 0.00235073,0.957343,0.959694
0.02,0.28 ,0.0403046, 0.00235073,0.957345,0.959695
0.02,0.29 ,0.0403028, 0.00235072,0.957346,0.959697
0.02,0.3 ,0.040301, 0.00235072,0.957348,0.959699
0.02,0.31 ,0.0402992, 0.00235072,0.95735,0.959701
0.02,0.32 ,0.0402974, 0.00235072,0.957352,0.959703
0.02,0.33 ,0.0402957, 0.00235072,0.957354,0.959704
0.02,0.34 ,0.0402939, 0.00235072,0.957355,0.959706
0.02,0.35 ,0.0402922, 0.00235072,0.957357,0.959708
0.02,0.36 ,0.0402905, 0.00235071,0.957359,0.95971
0.02,0.37 ,0.0402887, 0.00235071,0.957361,0.959711
0.02,0.38 ,0.040287, 0.00235071,0.957362,0.959713
0.02,0.39 ,0.0402854, 0.00235071,0.957364,0.959715
0.02,0.4 ,0.0402837, 0.00235071,0.957366,0.959716
0.02,0.41 ,0.040282, 0.00235071,0.957367,0.959718
0.02,0.42 ,0.0402804, 0.00235071,0.957369,0.95972
0.02,0.43 ,0.0402787, 0.0023507,0.957371,0.959721
0.02,0.44 ,0.0402771, 0.0023507,0.957372,0.959723
0.02,0.45 ,0.0402755, 0.0023507,0.957374,0.959725
0.02,0.46 ,0.0402738, 0.0023507,0.957375,0.959726
0.02,0.47 ,0.0402722, 0.0023507,0.957377,0.959728
0.02,0.48 ,0.0402707, 0.0023507,0.957379,0.959729
0.02,0.49 ,0.0402691, 0.0023507,0.95738,0.959731
0.02,0.5 ,0.0402675, 0.00235069,0.957382,0.959732
0.02,0.51 ,0.040266, 0.00235069,0.957383,0.959734
0.02,0.52 ,0.0402644, 0.00235069,0.957385,0.959736
0.02,0.53 ,0.0402629, 0.00235069,0.957386,0.959737
0.02,0.54 ,0.0402614, 0.00235069,0.957388,0.959739
0.02,0.55 ,0.0402599, 0.00235069,0.957389,0.95974
0.02,0.56 ,0.0402584, 0.00235069,0.957391,0.959742
0.02,0.57 ,0.0402569, 0.00235068,0.957392,0.959743
0.02,0.58 ,0.0402554, 0.00235068,0.957394,0.959745
0.02,0.59 ,0.0402539, 0.00235068,0.957395,0.959746
0.02,0.6 ,0.0402525, 0.00235068,0.957397,0.959748
0.02,0.61 ,0.040251, 0.00235068,0.957398,0.959749
0.02,0.62 ,0.0402496, 0.00235068,0.9574,0.95975
0.02,0.63 ,0.0402482, 0.00235067,0.957401,0.959752
0.02,0.64 ,0.0402467, 0.00235067,0.957403,0.959753
0.02,0.65 ,0.0402453, 0.00235067,0.957404,0.959755
0.02,0.66 ,0.0402439, 0.00235067,0.957405,0.959756
0.02,0.67 ,0.0402426, 0.00235067,0.957407,0.959757
0.02,0.68 ,0.0402412, 0.00235067,0.957408,0.959759
0.02,0.69 ,0.0402398, 0.00235067,0.95741,0.95976
0.02,0.7 ,0.0402384, 0.00235066,0.957411,0.959762
0.02,0.71 ,0.0402371, 0.00235066,0.957412,0.959763
0.02,0.72 ,0.0402358, 0.00235066,0.957414,0.959764
0.02,0.73 ,0.0402344, 0.00235066,0.957415,0.959766
0.02,0.74 ,0.0402331, 0.00235066,0.957416,0.959767
0.02,0.75 ,0.0402318, 0.00235066,0.957418,0.959768
0.02,0.76 ,0.0402305, 0.00235066,0.957419,0.95977
0.02,0.77 ,0.0402292, 0.00235065,0.95742,0.959771
0.02,0.78 ,0.0402279, 0.00235065,0.957421,0.959772
0.02,0.79 ,0.0402266, 0.00235065,0.957423,0.959773
0.02,0.8 ,0.0402254, 0.00235065,0.957424,0.959775
0.02,0.81 ,0.0402241, 0.00235065,0.957425,0.959776
0.02,0.82 ,0.0402229, 0.00235065,0.957426,0.959777
0.02,0.83 ,0.0402216, 0.00235065,0.957428,0.959778
0.02,0.84 ,0.0402204, 0.00235064,0.957429,0.95978
0.02,0.85 ,0.0402192, 0.00235064,0.95743,0.959781
0.02,0.86 ,0.040218, 0.00235064,0.957431,0.959782
0.02,0.87 ,0.0402167, 0.00235064,0.957433,0.959783
0.02,0.88 ,0.0402155, 0.00235064,0.957434,0.959784
0.02,0.89 ,0.0402144, 0.00235064,0.957435,0.959786
0.02,0.9 ,0.0402132, 0.00235063,0.957436,0.959787
0.02,0.91 ,0.040212, 0.00235063,0.957437,0.959788
0.02,0.92 ,0.0402108, 0.00235063,0.957439,0.959789
0.02,0.93 ,0.0402097, 0.00235063,0.95744,0.95979
0.02,0.94 ,0.0402085, 0.00235063,0.957441,0.959791
0.02,0.95 ,0.0402074, 0.00235063,0.957442,0.959793
0.02,0.96 ,0.0402062, 0.00235063,0.957443,0.959794
0.02,0.97 ,0.0402051, 0.00235062,0.957444,0.959795
0.02,0.98 ,0.040204, 0.00235062,0.957445,0.959796
0.02,0.99 ,0.0402029, 0.00235062,0.957446,0.959797
0.02,1 ,0.0402018, 0.00235062,0.957448,0.959798
0.03,0 ,0.0423625, 0.00235075,0.955287,0.957638
0.03,0.01 ,0.0423602, 0.00235075,0.955289,0.95764
0.03,0.02 ,0.0423579, 0.00235075,0.955291,0.957642
0.03,0.03 ,0.0423556, 0.00235075,0.955294,0.957644
0.03,0.04 ,0.0423534, 0.00235075,0.955296,0.957647
0.03,0.05 ,0.0423511, 0.00235075,0.955298,0.957649
0.03,0.06 ,0.0423489, 0.00235074,0.9553,0.957651
0.03,0.07 ,0.0423467, 0.00235074,0.955303,0.957653
0.03,0.08 ,0.0423445, 0.00235074,0.955305,0.957655
0.03,0.09 ,0.0423423, 0.00235074,0.955307,0.957658
0.03,0.1 ,0.0423402, 0.00235074,0.955309,0.95766
0.03,0.11 ,0.042338, 0.00235074,0.955311,0.957662
0.03,0.12 ,0.0423359, 0.00235074,0.955313,0.957664
0.03,0.13 ,0.0423338, 0.00235073,0.955315,0.957666
0.03,0.14 ,0.0423317, 0.00235073,0.955318,0.957668
0.03,0.15 ,0.0423296, 0.00235073,0.95532,0.95767
0.03,0.16 ,0.0423275, 0.00235073,0.955322,0.957672
0.03,0.17 ,0.0423255, 0.00235073,0.955324,0.957675
0.03,0.18 ,0.0423235, 0.00235073,0.955326,0.957677
0.03,0.19 ,0.0423214, 0.00235073,0.955328,0.957679
0.03,0.2 ,0.0423194, 0.00235072,0.95533,0.957681
0.03,0.21 ,0.0423174, 0.00235072,0.955332,0.957683
0.03,0.22 ,0.0423155, 0.00235072,0.955334,0.957685
0.03,0.23 ,0.0423135, 0.00235072,0.955336,0.957687
0.03,0.24 ,0.0423115, 0.00235072,0.955338,0.957688
0.03,0.25 ,0.0423096, 0.00235072,0.95534,0.95769
0.03,0.26 ,0.0423077, 0.00235071,0.955342,0.957692
0.03,0.27 ,0.0423058, 0.00235071,0.955344,0.957694
0.03,0.28 ,0.0423039, 0.00235071,0.955345,0.957696
0.03,0.29 ,0.042302, 0.00235071,0.955347,0.957698
0.03,0.3 ,0.0423001, 0.00235071,0.955349,0.9577
0.03,0.31 ,0.0422983, 0.00235071,0.955351,0.957702
0.03,0.32 ,0.0422964, 0.00235071,0.955353,0.957704
0.03,0.33 ,0.0422946, 0.0023507,0.955355,0.957705
0.03,0.34 ,0.0422928, 0.0023507,0.955357,0.957707
0.03,0.35 ,0.042291, 0.0023507,0.955358,0.957709
0.03,0.36 ,0.0422892, 0.0023507,0.95536,0.957711
0.03,0.37 ,0.0422874, 0.0023507,0.955362,0.957713
0.03,0.38 ,0.0422856, 0.0023507,0.955364,0.957714
0.03,0.39 ,0.0422839, 0.0023507,0.955365,0.957716
0.03,0.4 ,0.0422822, 0.00235069,0.955367,0.957718
0.03,0.41 ,0.0422804, 0.00235069,0.955369,0.95772
0.03,0.42 ,0.0422787, 0.00235069,0.955371,0.957721
0.03,0.43 ,0.042277, 0.00235069,0.955372,0.957723
0.03,0.44 ,0.0422753, 0.00235069,0.955374,0.957725
0.03,0.45 ,0.0422736, 0.00235069,0.955376,0.957726
0.03,0.46 ,0.042272, 0.00235069,0.955377,0.957728
0.03,0.47 ,0.0422703, 0.00235068,0.955379,0.95773
0.03,0.48 ,0.0422687, 0.00235068,0.955381,0.957731
0.03,0.49 ,0.042267, 0.00235068,0.955382,0.957733
0.03,0.5 ,0.0422654, 0.00235068,0.955384,0.957735
0.03,0.51 ,0.0422638, 0.00235068,0.955386,0.957736
0.03,0.52 ,0.0422622, 0.00235068,0.955387,0.957738
0.03,0.53 ,0.0422606, 0.00235067,0.955389,0.957739
0.03,0.54 ,0.0422591, 0.00235067,0.95539,0.957741
0.03,0.55 ,0.0422575, 0.00235067,0.955392,0.957743
0.03,0.56 ,0.0422559, 0.00235067,0.955393,0.957744
0.03,0.57 ,0.0422544, 0.00235067,0.955395,0.957746
0.03,0.58 ,0.0422529, 0.00235067,0.955396,0.957747
0.03,0.59 ,0.0422514, 0.00235067,0.955398,0.957749
0.03,0.6 ,0.0422498, 0.00235066,0.955399,0.95775
0.03,0.61 ,0.0422484, 0.00235066,0.955401,0.957752
0.03,0.62 ,0.0422469, 0.00235066,0.955402,0.957753
0.03,0.63 ,0.0422454, 0.00235066,0.955404,0.957755
0.03,0.64 ,0.0422439, 0.00235066,0.955405,0.957756
0.03,0.65 ,0.0422425, 0.00235066,0.955407,0.957758
0.03,0.66 ,0.042241, 0.00235066,0.955408,0.957759
0.03,0.67 ,0.0422396, 0.00235065,0.95541,0.95776
0.03,0.68 ,0.0422382, 0.00235065,0.955411,0.957762
0.03,0.69 ,0.0422367, 0.00235065,0.955413,0.957763
0.03,0.7 ,0.0422353, 0.00235065,0.955414,0.957765
0.03,0.71 ,0.0422339, 0.00235065,0.955415,0.957766
0.03,0.72 ,0.0422326, 0.00235065,0.955417,0.957767
0.03,0.73 ,0.0422312, 0.00235065,0.955418,0.957769
0.03,0.74 ,0.0422298, 0.00235064,0.95542,0.95777
0.03,0.75 ,0.0422285, 0.00235064,0.955421,0.957772
0.03,0.76 ,0.0422271, 0.00235064,0.955422,0.957773
0.03,0.77 ,0.0422258, 0.00235064,0.955424,0.957774
0.03,0.78 ,0.0422244, 0.00235064,0.955425,0.957776
0.03,0.79 ,0.0422231, 0.00235064,0.955426,0.957777
0.03,0.8 ,0.0422218, 0.00235064,0.955428,0.957778
0.03,0.81 ,0.0422205, 0.00235063,0.955429,0.957779
0.03,0.82 ,0.0422192, 0.00235063,0.95543,0.957781
0.03,0.83 ,0.0422179, 0.00235063,0.955431,0.957782
0.03,0.84 ,0.0422167, 0.00235063,0.955433,0.957783
0.03,0.85 ,0.0422154, 0.00235063,0.955434,0.957785
0.03,0.86 ,0.0422141, 0.00235063,0.955435,0.957786
0.03,0.87 ,0.0422129, 0.00235062,0.955436,0.957787
0.03,0.88 ,0.0422117, 0.00235062,0.955438,0.957788
0.03,0.89 ,0.0422104, 0.00235062,0.955439,0.95779
0.03,0.9 ,0.0422092, 0.00235062,0.95544,0.957791
0.03,0.91 ,0.042208, 0.00235062,0.955441,0.957792
0.03,0.92 ,0.0422068, 0.00235062,0.955443,0.957793
0.03,0.93 ,0.0422056, 0.00235062,0.955444,0.957794
0.03,0.94 ,0.0422044, 0.00235061,0.955445,0.957796
0.03,0.95 ,0.0422032, 0.00235061,0.955446,0.957797
0.03,0.96 ,0.0422021, 0.00235061,0.955447,0.957798
0.03,0.97 ,0.0422009, 0.00235061,0.955449,0.957799
0.03,0.98 ,0.0421997, 0.00235061,0.95545,0.9578
0.03,0.99 ,0.0421986, 0.00235061,0.955451,0.957801
0.03,1 ,0.0421974, 0.00235061,0.955452,0.957803
0.04,0 ,0.044454, 0.00235074,0.953195,0.955546
0.04,0.01 ,0.0444516, 0.00235074,0.953198,0.955548
0.04,0.02 ,0.0444492, 0.00235074,0.9532,0.955551
0.04,0.03 ,0.0444468, 0.00235073,0.953202,0.955553
0.04,0.04 ,0.0444445, 0.00235073,0.953205,0.955555
0.04,0.05 ,0.0444422, 0.00235073,0.953207,0.955558
0.04,0.06 ,0.0444399, 0.00235073,0.953209,0.95556
0.04,0.07 ,0.0444376, 0.00235073,0.953212,0.955562
0.04,0.08 ,0.0444353, 0.00235073,0.953214,0.955565
0.04,0.09 ,0.0444331, 0.00235073,0.953216,0.955567
0.04,0.1 ,0.0444308, 0.00235072,0.953218,0.955569
0.04,0.11 ,0.0444286, 0.00235072,0.953221,0.955571
0.04,0.12 ,0.0444264, 0.00235072,0.953223,0.955574
0.04,0.13 ,0.0444242, 0.00235072,0.953225,0.955576
0.04,0.14 ,0.044422, 0.00235072,0.953227,0.955578
0.04,0.15 ,0.0444199, 0.00235072,0.953229,0.95558
0.04,0.16 ,0.0444177, 0.00235072,0.953232,0.955582
0.04,0.17 ,0.0444156, 0.00235071,0.953234,0.955584
0.04,0.18 ,0.0444135, 0.00235071,0.953236,0.955587
0.04,0.19 ,0.0444114, 0.00235071,0.953238,0.955589
0.04,0.2 ,0.0444093, 0.00235071,0.95324,0.955591
0.04,0.21 ,0.0444072, 0.00235071,0.953242,0.955593
0.04,0.22 ,0.0444052, 0.00235071,0.953244,0.955595
0.04,0.23 ,0.0444031, 0.00235071,0.953246,0.955597
0.04,0.24 ,0.0444011, 0.0023507,0.953248,0.955599
0.04,0.25 ,0.0443991, 0.0023507,0.95325,0.955601
0.04,0.26 ,0.0443971, 0.0023507,0.953252,0.955603
0.04,0.27 ,0.0443951, 0.0023507,0.953254,0.955605
0.04,0.28 ,0.0443932, 0.0023507,0.953256,0.955607
0.04,0.29 ,0.0443912, 0.0023507,0.953258,0.955609
0.04,0.3 ,0.0443893, 0.00235069,0.95326,0.955611
0.04,0.31 ,0.0443874, 0.00235069,0.953262,0.955613
0.04,0.32 ,0.0443854, 0.00235069,0.953264,0.955615
0.04,0.33 ,0.0443836, 0.00235069,0.953266,0.955616
0.04,0.34 ,0.0443817, 0.00235069,0.953268,0.955618
0.04,0.35 ,0.0443798, 0.00235069,0.95327,0.95562
0.04,0.36 ,0.0443779, 0.00235069,0.953271,0.955622
0.04,0.37 ,0.0443761, 0.00235068,0.953273,0.955624
0.04,0.38 ,0.0443743, 0.00235068,0.953275,0.955626
0.04,0.39 ,0.0443725, 0.00235068,0.953277,0.955628
0.04,0.4 ,0.0443707, 0.00235068,0.953279,0.955629
0.04,0.41 ,0.0443689, 0.00235068,0.95328,0.955631
0.04,0.42 ,0.0443671, 0.00235068,0.953282,0.955633
0.04,0.43 ,0.0443653, 0.00235068,0.953284,0.955635
0.04,0.44 ,0.0443636, 0.00235067,0.953286,0.955636
0.04,0.45 ,0.0443618, 0.00235067,0.953287,0.955638
0.04,0.46 ,0.0443601, 0.00235067,0.953289,0.95564
0.04,0.47 ,0.0443584, 0.00235067,0.953291,0.955642
0.04,0.48 ,0.0443567, 0.00235067,0.953293,0.955643
0.04,0.49 ,0.044355, 0.00235067,0.953294,0.955645
0.04,0.5 ,0.0443533, 0.00235067,0.953296,0.955647
0.04,0.51 ,0.0443517, 0.00235066,0.953298,0.955648
0.04,0.52 ,0.04435, 0.00235066,0.953299,0.95565
0.04,0.53 ,0.0443484, 0.00235066,0.953301,0.955652
0.04,0.54 ,0.0443468, 0.00235066,0.953303,0.955653
0.04,0.55 ,0.0443451, 0.00235066,0.953304,0.955655
0.04,0.56 ,0.0443435, 0.00235066,0.953306,0.955656
0.04,0.57 ,0.0443419, 0.00235065,0.953307,0.955658
0.04,0.58 ,0.0443404, 0.00235065,0.953309,0.95566
0.04,0.59 ,0.0443388, 0.00235065,0.953311,0.955661
0.04,0.6 ,0.0443372, 0.00235065,0.953312,0.955663
0.04,0.61 ,0.0443357, 0.00235065,0.953314,0.955664
0.04,0.62 ,0.0443341, 0.00235065,0.953315,0.955666
0.04,0.63 ,0.0443326, 0.00235065,0.953317,0.955667
0.04,0.64 ,0.0443311, 0.00235064,0.953318,0.955669
0.04,0.65 ,0.0443296, 0.00235064,0.95332,0.95567
0.04,0.66 ,0.0443281, 0.00235064,0.953321,0.955672
0.04,0.67 ,0.0443266, 0.00235064,0.953323,0.955673
0.04,0.68 ,0.0443251, 0.00235064,0.953324,0.955675
0.04,0.69 ,0.0443237, 0.00235064,0.953326,0.955676
0.04,0.7 ,0.0443222, 0.00235064,0.953327,0.955678
0.04,0.71 ,0.0443208, 0.00235063,0.953329,0.955679
0.04,0.72 ,0.0443193, 0.00235063,0.95333,0.955681
0.04,0.73 ,0.0443179, 0.00235063,0.953331,0.955682
0.04,0.74 ,0.0443165, 0.00235063,0.953333,0.955683
0.04,0.75 ,0.0443151, 0.00235063,0.953334,0.955685
0.04,0.76 ,0.0443137, 0.00235063,0.953336,0.955686
0.04,0.77 ,0.0443123, 0.00235063,0.953337,0.955688
0.04,0.78 ,0.0443109, 0.00235062,0.953338,0.955689
0.04,0.79 ,0.0443096, 0.00235062,0.95334,0.95569
0.04,0.8 ,0.0443082, 0.00235062,0.953341,0.955692
0.04,0.81 ,0.0443069, 0.00235062,0.953342,0.955693
0.04,0.82 ,0.0443056, 0.00235062,0.953344,0.955694
0.04,0.83 ,0.0443042, 0.00235062,0.953345,0.955696
0.04,0.84 ,0.0443029, 0.00235061,0.953346,0.955697
0.04,0.85 ,0.0443016, 0.00235061,0.953348,0.955698
0.04,0.86 ,0.0443003, 0.00235061,0.953349,0.9557
0.04,0.87 ,0.044299, 0.00235061,0.95335,0.955701
0.04,0.88 ,0.0442977, 0.00235061,0.953352,0.955702
0.04,0.89 ,0.0442965, 0.00235061,0.953353,0.955704
0.04,0.9 ,0.0442952, 0.00235061,0.953354,0.955705
0.04,0.91 ,0.044294, 0.0023506,0.953355,0.955706
0.04,0.92 ,0.0442927, 0.0023506,0.953357,0.955707
0.04,0.93 ,0.0442915, 0.0023506,0.953358,0.955709
0.04,0.94 ,0.0442902, 0.0023506,0.953359,0.95571
0.04,0.95 ,0.044289, 0.0023506,0.95336,0.955711
0.04,0.96 ,0.0442878, 0.0023506,0.953362,0.955712
0.04,0.97 ,0.0442866, 0.0023506,0.953363,0.955713
0.04,0.98 ,0.0442854, 0.00235059,0.953364,0.955715
0.04,0.99 ,0.0442842, 0.00235059,0.953365,0.955716
0.04,1 ,0.0442831, 0.00235059,0.953366,0.955717
0.05,0 ,0.0466396, 0.00235072,0.95101,0.95336
0.05,0.01 ,0.0466371, 0.00235072,0.951012,0.953363
0.05,0.02 ,0.0466347, 0.00235072,0.951015,0.953365
0.05,0.03 ,0.0466322, 0.00235072,0.951017,0.953368
0.05,0.04 ,0.0466298, 0.00235072,0.951019,0.95337
0.05,0.05 ,0.0466274, 0.00235072,0.951022,0.953373
0.05,0.06 ,0.046625, 0.00235072,0.951024,0.953375
0.05,0.07 ,0.0466226, 0.00235071,0.951027,0.953377
0.05,0.08 ,0.0466203, 0.00235071,0.951029,0.95338
0.05,0.09 ,0.0466179, 0.00235071,0.951031,0.953382
0.05,0.1 ,0.0466156, 0.00235071,0.951034,0.953384
0.05,0.11 ,0.0466133, 0.00235071,0.951036,0.953387
0.05,0.12 ,0.046611, 0.00235071,0.951038,0.953389
0.05,0.13 ,0.0466087, 0.00235071,0.951041,0.953391
0.05,0.14 ,0.0466065, 0.0023507,0.951043,0.953394
0.05,0.15 ,0.0466042, 0.0023507,0.951045,0.953396
0.05,0.16 ,0.046602, 0.0023507,0.951047,0.953398
0.05,0.17 ,0.0465998, 0.0023507,0.95105,0.9534
0.05,0.18 ,0.0465976, 0.0023507,0.951052,0.953402
0.05,0.19 ,0.0465954, 0.0023507,0.951054,0.953405
0.05,0.2 ,0.0465933, 0.0023507,0.951056,0.953407
0.05,0.21 ,0.0465911, 0.00235069,0.951058,0.953409
0.05,0.22 ,0.046589, 0.00235069,0.95106,0.953411
0.05,0.23 ,0.0465869, 0.00235069,0.951062,0.953413
0.05,0.24 ,0.0465848, 0.00235069,0.951065,0.953415
0.05,0.25 ,0.0465827, 0.00235069,0.951067,0.953417
0.05,0.26 ,0.0465806, 0.00235069,0.951069,0.953419
0.05,0.27 ,0.0465786, 0.00235068,0.951071,0.953421
0.05,0.28 ,0.0465765, 0.00235068,0.951073,0.953423
0.05,0.29 ,0.0465745, 0.00235068,0.951075,0.953425
0.05,0.3 ,0.0465725, 0.00235068,0.951077,0.953427
0.05,0.31 ,0.0465705, 0.00235068,0.951079,0.953429
0.05,0.32 ,0.0465685, 0.00235068,0.951081,0.953431
0.05,0.33 ,0.0465666, 0.00235068,0.951083,0.953433
0.05,0.34 ,0.0465646, 0.00235067,0.951085,0.953435
0.05,0.35 ,0.0465627, 0.00235067,0.951087,0.953437
0.05,0.36 ,0.0465608, 0.00235067,0.951089,0.953439
0.05,0.37 ,0.0465589, 0.00235067,0.95109,0.953441
0.05,0.38 ,0.046557, 0.00235067,0.951092,0.953443
0.05,0.39 ,0.0465551, 0.00235067,0.951094,0.953445
0.05,0.4 ,0.0465532, 0.00235067,0.951096,0.953447
0.05,0.41 ,0.0465514, 0.00235066,0.951098,0.953449
0.05,0.42 ,0.0465495, 0.00235066,0.9511,0.95345
0.05,0.43 ,0.0465477, 0.00235066,0.951102,0.953452
0.05,0.44 ,0.0465459, 0.00235066,0.951103,0.953454
0.05,0.45 ,0.0465441, 0.00235066,0.951105,0.953456
0.05,0.46 ,0.0465423, 0.00235066,0.951107,0.953458
0.05,0.47 ,0.0465405, 0.00235066,0.951109,0.953459
0.05,0.48 ,0.0465388, 0.00235065,0.951111,0.953461
0.05,0.49 ,0.046537, 0.00235065,0.951112,0.953463
0.05,0.5 ,0.0465353, 0.00235065,0.951114,0.953465
0.05,0.51 ,0.0465336, 0.00235065,0.951116,0.953466
0.05,0.52 ,0.0465319, 0.00235065,0.951117,0.953468
0.05,0.53 ,0.0465302, 0.00235065,0.951119,0.95347
0.05,0.54 ,0.0465285, 0.00235064,0.951121,0.953472
0.05,0.55 ,0.0465268, 0.00235064,0.951123,0.953473
0.05,0.56 ,0.0465251, 0.00235064,0.951124,0.953475
0.05,0.57 ,0.0465235, 0.00235064,0.951126,0.953477
0.05,0.58 ,0.0465219, 0.00235064,0.951128,0.953478
0.05,0.59 ,0.0465202, 0.00235064,0.951129,0.95348
0.05,0.6 ,0.0465186, 0.00235064,0.951131,0.953481
0.05,0.61 ,0.046517, 0.00235063,0.951132,0.953483
0.05,0.62 ,0.0465154, 0.00235063,0.951134,0.953485
0.05,0.63 ,0.0465138, 0.00235063,0.951136,0.953486
0.05,0.64 ,0.0465123, 0.00235063,0.951137,0.953488
0.05,0.65 ,0.0465107, 0.00235063,0.951139,0.953489
0.05,0.66 ,0.0465092, 0.00235063,0.95114,0.953491
0.05,0.67 ,0.0465076, 0.00235063,0.951142,0.953492
0.05,0.68 ,0.0465061, 0.00235062,0.951143,0.953494
0.05,0.69 ,0.0465046, 0.00235062,0.951145,0.953495
0.05,0.7 ,0.0465031, 0.00235062,0.951146,0.953497
0.05,0.71 ,0.0465016, 0.00235062,0.951148,0.953498
0.05,0.72 ,0.0465001, 0.00235062,0.951149,0.9535
0.05,0.73 ,0.0464986, 0.00235062,0.951151,0.953501
0.05,0.74 ,0.0464972, 0.00235062,0.951152,0.953503
0.05,0.75 ,0.0464957, 0.00235061,0.951154,0.953504
0.05,0.76 ,0.0464943, 0.00235061,0.951155,0.953506
0.05,0.77 ,0.0464929, 0.00235061,0.951157,0.953507
0.05,0.78 ,0.0464914, 0.00235061,0.951158,0.953509
0.05,0.79 ,0.04649, 0.00235061,0.951159,0.95351
0.05,0.8 ,0.0464886, 0.00235061,0.951161,0.953511
0.05,0.81 ,0.0464872, 0.0023506,0.951162,0.953513
0.05,0.82 ,0.0464859, 0.0023506,0.951164,0.953514
0.05,0.83 ,0.0464845, 0.0023506,0.951165,0.953515
0.05,0.84 ,0.0464831, 0.0023506,0.951166,0.953517
0.05,0.85 ,0.0464818, 0.0023506,0.951168,0.953518
0.05,0.86 ,0.0464804, 0.0023506,0.951169,0.95352
0.05,0.87 ,0.0464791, 0.0023506,0.95117,0.953521
0.05,0.88 ,0.0464778, 0.00235059,0.951172,0.953522
0.05,0.89 ,0.0464765, 0.00235059,0.951173,0.953524
0.05,0.9 ,0.0464752, 0.00235059,0.951174,0.953525
0.05,0.91 ,0.0464739, 0.00235059,0.951176,0.953526
0.05,0.92 ,0.0464726, 0.00235059,0.951177,0.953527
0.05,0.93 ,0.0464713, 0.00235059,0.951178,0.953529
0.05,0.94 ,0.0464701, 0.00235059,0.951179,0.95353
0.05,0.95 ,0.0464688, 0.00235058,0.951181,0.953531
0.05,0.96 ,0.0464675, 0.00235058,0.951182,0.953532
0.05,0.97 ,0.0464663, 0.00235058,0.951183,0.953534
0.05,0.98 ,0.0464651, 0.00235058,0.951184,0.953535
0.05,0.99 ,0.0464638, 0.00235058,0.951186,0.953536
0.05,1 ,0.0464626, 0.00235058,0.951187,0.953537
0.06,0 ,0.0489236, 0.00235071,0.948726,0.951076
0.06,0.01 ,0.0489211, 0.00235071,0.948728,0.951079
0.06,0.02 ,0.0489185, 0.00235071,0.948731,0.951081
0.06,0.03 ,0.048916, 0.00235071,0.948733,0.951084
0.06,0.04 ,0.0489134, 0.0023507,0.948736,0.951087
0.06,0.05 ,0.0489109, 0.0023507,0.948738,0.951089
0.06,0.06 ,0.0489085, 0.0023507,0.948741,0.951092
0.06,0.07 ,0.048906, 0.0023507,0.948743,0.951094
0.06,0.08 ,0.0489035, 0.0023507,0.948746,0.951096
0.06,0.09 ,0.0489011, 0.0023507,0.948748,0.951099
0.06,0.1 ,0.0488987, 0.0023507,0.948751,0.951101
0.06,0.11 ,0.0488963, 0.00235069,0.948753,0.951104
0.06,0.12 ,0.0488939, 0.00235069,0.948755,0.951106
0.06,0.13 ,0.0488916, 0.00235069,0.948758,0.951108
0.06,0.14 ,0.0488892, 0.00235069,0.94876,0.951111
0.06,0.15 ,0.0488869, 0.00235069,0.948762,0.951113
0.06,0.16 ,0.0488846, 0.00235069,0.948765,0.951115
0.06,0.17 ,0.0488823, 0.00235069,0.948767,0.951118
0.06,0.18 ,0.04888, 0.00235068,0.948769,0.95112
0.06,0.19 ,0.0488778, 0.00235068,0.948772,0.951122
0.06,0.2 ,0.0488755, 0.00235068,0.948774,0.951124
0.06,0.21 ,0.0488733, 0.00235068,0.948776,0.951127
0.06,0.22 ,0.0488711, 0.00235068,0.948778,0.951129
0.06,0.23 ,0.0488689, 0.00235068,0.94878,0.951131
0.06,0.24 ,0.0488668, 0.00235067,0.948783,0.951133
0.06,0.25 ,0.0488646, 0.00235067,0.948785,0.951135
0.06,0.26 ,0.0488625, 0.00235067,0.948787,0.951138
0.06,0.27 ,0.0488603, 0.00235067,0.948789,0.95114
0.06,0.28 ,0.0488582, 0.00235067,0.948791,0.951142
0.06,0.29 ,0.0488561, 0.00235067,0.948793,0.951144
0.06,0.3 ,0.048854, 0.00235067,0.948795,0.951146
0.06,0.31 ,0.048852, 0.00235066,0.948797,0.951148
0.06,0.32 ,0.0488499, 0.00235066,0.948799,0.95115
0.06,0.33 ,0.0488479, 0.00235066,0.948801,0.951152
0.06,0.34 ,0.0488459, 0.00235066,0.948803,0.951154
0.06,0.35 ,0.0488439, 0.00235066,0.948805,0.951156
0.06,0.36 ,0.0488419, 0.00235066,0.948807,0.951158
0.06,0.37 ,0.0488399, 0.00235066,0.948809,0.95116
0.06,0.38 ,0.0488379, 0.00235065,0.948811,0.951162
0.06,0.39 ,0.048836, 0.00235065,0.948813,0.951164
0.06,0.4 ,0.0488341, 0.00235065,0.948815,0.951166
0.06,0.41 ,0.0488321, 0.00235065,0.948817,0.951168
0.06,0.42 ,0.0488302, 0.00235065,0.948819,0.95117
0.06,0.43 ,0.0488284, 0.00235065,0.948821,0.951172
0.06,0.44 ,0.0488265, 0.00235065,0.948823,0.951174
0.06,0.45 ,0.0488246, 0.00235064,0.948825,0.951175
0.06,0.46 ,0.0488228, 0.00235064,0.948827,0.951177
0.06,0.47 ,0.0488209, 0.00235064,0.948828,0.951179
0.06,0.48 ,0.0488191, 0.00235064,0.94883,0.951181
0.06,0.49 ,0.0488173, 0.00235064,0.948832,0.951183
0.06,0.5 ,0.0488155, 0.00235064,0.948834,0.951185
0.06,0.51 ,0.0488137, 0.00235063,0.948836,0.951186
0.06,0.52 ,0.0488119, 0.00235063,0.948837,0.951188
0.06,0.53 ,0.0488102, 0.00235063,0.948839,0.95119
0.06,0.54 ,0.0488084, 0.00235063,0.948841,0.951192
0.06,0.55 ,0.0488067, 0.00235063,0.948843,0.951193
0.06,0.56 ,0.048805, 0.00235063,0.948844,0.951195
0.06,0.57 ,0.0488033, 0.00235063,0.948846,0.951197
0.06,0.58 ,0.0488016, 0.00235062,0.948848,0.951198
0.06,0.59 ,0.0487999, 0.00235062,0.948849,0.9512
0.06,0.6 ,0.0487982, 0.00235062,0.948851,0.951202
0.06,0.61 ,0.0487966, 0.00235062,0.948853,0.951203
0.06,0.62 ,0.0487949, 0.00235062,0.948854,0.951205
0.06,0.63 ,0.0487933, 0.00235062,0.948856,0.951207
0.06,0.64 ,0.0487917, 0.00235062,0.948858,0.951208
0.06,0.65 ,0.0487901, 0.00235061,0.948859,0.95121
0.06,0.66 ,0.0487885, 0.00235061,0.948861,0.951212
0.06,0.67 ,0.0487869, 0.00235061,0.948863,0.951213
0.06,0.68 ,0.0487853, 0.00235061,0.948864,0.951215
0.06,0.69 ,0.0487837, 0.00235061,0.948866,0.951216
0.06,0.7 ,0.0487822, 0.00235061,0.948867,0.951218
0.06,0.71 ,0.0487806, 0.00235061,0.948869,0.951219
0.06,0.72 ,0.0487791, 0.0023506,0.94887,0.951221
0.06,0.73 ,0.0487776, 0.0023506,0.948872,0.951222
0.06,0.74 ,0.0487761, 0.0023506,0.948873,0.951224
0.06,0.75 ,0.0487746, 0.0023506,0.948875,0.951225
0.06,0.76 ,0.0487731, 0.0023506,0.948876,0.951227
0.06,0.77 ,0.0487716, 0.0023506,0.948878,0.951228
0.06,0.78 ,0.0487702, 0.00235059,0.948879,0.95123
0.06,0.79 ,0.0487687, 0.00235059,0.948881,0.951231
0.06,0.8 ,0.0487673, 0.00235059,0.948882,0.951233
0.06,0.81 ,0.0487658, 0.00235059,0.948884,0.951234
0.06,0.82 ,0.0487644, 0.00235059,0.948885,0.951236
0.06,0.83 ,0.048763, 0.00235059,0.948886,0.951237
0.06,0.84 ,0.0487616, 0.00235059,0.948888,0.951238
0.06,0.85 ,0.0487602, 0.00235058,0.948889,0.95124
0.06,0.86 ,0.0487588, 0.00235058,0.948891,0.951241
0.06,0.87 ,0.0487574, 0.00235058,0.948892,0.951243
0.06,0.88 ,0.0487561, 0.00235058,0.948893,0.951244
0.06,0.89 ,0.0487547, 0.00235058,0.948895,0.951245
0.06,0.9 ,0.0487534, 0.00235058,0.948896,0.951247
0.06,0.91 ,0.048752, 0.00235058,0.948897,0.951248
0.06,0.92 ,0.0487507, 0.00235057,0.948899,0.951249
0.06,0.93 ,0.0487494, 0.00235057,0.9489,0.951251
0.06,0.94 ,0.0487481, 0.00235057,0.948901,0.951252
0.06,0.95 ,0.0487468, 0.00235057,0.948903,0.951253
0.06,0.96 ,0.0487455, 0.00235057,0.948904,0.951255
0.06,0.97 ,0.0487442, 0.00235057,0.948905,0.951256
0.06,0.98 ,0.0487429, 0.00235057,0.948907,0.951257
0.06,0.99 ,0.0487417, 0.00235056,0.948908,0.951258
0.06,1 ,0.0487404, 0.00235056,0.948909,0.95126
0.07,0 ,0.0513105, 0.0023507,0.946339,0.94869
0.07,0.01 ,0.0513078, 0.00235069,0.946342,0.948692
0.07,0.02 ,0.0513051, 0.00235069,0.946344,0.948695
0.07,0.03 ,0.0513025, 0.00235069,0.946347,0.948697
0.07,0.04 ,0.0512999, 0.00235069,0.946349,0.9487
0.07,0.05 ,0.0512973, 0.00235069,0.946352,0.948703
0.07,0.06 ,0.0512947, 0.00235069,0.946355,0.948705
0.07,0.07 ,0.0512922, 0.00235069,0.946357,0.948708
0.07,0.08 ,0.0512896, 0.00235068,0.94636,0.94871
0.07,0.09 ,0.0512871, 0.00235068,0.946362,0.948713
0.07,0.1 ,0.0512846, 0.00235068,0.946365,0.948715
0.07,0.11 ,0.0512821, 0.00235068,0.946367,0.948718
0.07,0.12 ,0.0512797, 0.00235068,0.94637,0.94872
0.07,0.13 ,0.0512772, 0.00235068,0.946372,0.948723
0.07,0.14 ,0.0512748, 0.00235068,0.946375,0.948725
0.07,0.15 ,0.0512724, 0.00235067,0.946377,0.948728
0.07,0.16 ,0.05127, 0.00235067,0.946379,0.94873
0.07,0.17 ,0.0512676, 0.00235067,0.946382,0.948732
0.07,0.18 ,0.0512652, 0.00235067,0.946384,0.948735
0.07,0.19 ,0.0512629, 0.00235067,0.946386,0.948737
0.07,0.2 ,0.0512606, 0.00235067,0.946389,0.948739
0.07,0.21 ,0.0512583, 0.00235066,0.946391,0.948742
0.07,0.22 ,0.051256, 0.00235066,0.946393,0.948744
0.07,0.23 ,0.0512537, 0.00235066,0.946396,0.948746
0.07,0.24 ,0.0512515, 0.00235066,0.946398,0.948749
0.07,0.25 ,0.0512492, 0.00235066,0.9464,0.948751
0.07,0.26 ,0.051247, 0.00235066,0.946402,0.948753
0.07,0.27 ,0.0512448, 0.00235066,0.946405,0.948755
0.07,0.28 ,0.0512426, 0.00235065,0.946407,0.948757
0.07,0.29 ,0.0512405, 0.00235065,0.946409,0.94876
0.07,0.3 ,0.0512383, 0.00235065,0.946411,0.948762
0.07,0.31 ,0.0512362, 0.00235065,0.946413,0.948764
0.07,0.32 ,0.051234, 0.00235065,0.946415,0.948766
0.07,0.33 ,0.0512319, 0.00235065,0.946417,0.948768
0.07,0.34 ,0.0512298, 0.00235065,0.94642,0.94877
0.07,0.35 ,0.0512278, 0.00235064,0.946422,0.948772
0.07,0.36 ,0.0512257, 0.00235064,0.946424,0.948774
0.07,0.37 ,0.0512237, 0.00235064,0.946426,0.948776
0.07,0.38 ,0.0512216, 0.00235064,0.946428,0.948778
0.07,0.39 ,0.0512196, 0.00235064,0.94643,0.94878
0.07,0.4 ,0.0512176, 0.00235064,0.946432,0.948782
0.07,0.41 ,0.0512156, 0.00235064,0.946434,0.948784
0.07,0.42 ,0.0512136, 0.00235063,0.946436,0.948786
0.07,0.43 ,0.0512117, 0.00235063,0.946438,0.948788
0.07,0.44 ,0.0512097, 0.00235063,0.94644,0.94879
0.07,0.45 ,0.0512078, 0.00235063,0.946442,0.948792
0.07,0.46 ,0.0512059, 0.00235063,0.946443,0.948794
0.07,0.47 ,0.051204, 0.00235063,0.946445,0.948796
0.07,0.48 ,0.0512021, 0.00235062,0.946447,0.948798
0.07,0.49 ,0.0512002, 0.00235062,0.946449,0.9488
0.07,0.5 ,0.0511984, 0.00235062,0.946451,0.948802
0.07,0.51 ,0.0511965, 0.00235062,0.946453,0.948803
0.07,0.52 ,0.0511947, 0.00235062,0.946455,0.948805
0.07,0.53 ,0.0511929, 0.00235062,0.946456,0.948807
0.07,0.54 ,0.0511911, 0.00235062,0.946458,0.948809
0.07,0.55 ,0.0511893, 0.00235061,0.94646,0.948811
0.07,0.56 ,0.0511875, 0.00235061,0.946462,0.948812
0.07,0.57 ,0.0511858, 0.00235061,0.946464,0.948814
0.07,0.58 ,0.051184, 0.00235061,0.946465,0.948816
0.07,0.59 ,0.0511823, 0.00235061,0.946467,0.948818
0.07,0.6 ,0.0511805, 0.00235061,0.946469,0.948819
0.07,0.61 ,0.0511788, 0.00235061,0.946471,0.948821
0.07,0.62 ,0.0511771, 0.0023506,0.946472,0.948823
0.07,0.63 ,0.0511754, 0.0023506,0.946474,0.948825
0.07,0.64 ,0.0511738, 0.0023506,0.946476,0.948826
0.07,0.65 ,0.0511721, 0.0023506,0.946477,0.948828
0.07,0.66 ,0.0511704, 0.0023506,0.946479,0.94883
0.07,0.67 ,0.0511688, 0.0023506,0.946481,0.948831
0.07,0.68 ,0.0511672, 0.0023506,0.946482,0.948833
0.07,0.69 ,0.0511655, 0.00235059,0.946484,0.948834
0.07,0.7 ,0.0511639, 0.00235059,0.946485,0.948836
0.07,0.71 ,0.0511623, 0.00235059,0.946487,0.948838
0.07,0.72 ,0.0511608, 0.00235059,0.946489,0.948839
0.07,0.73 ,0.0511592, 0.00235059,0.94649,0.948841
0.07,0.74 ,0.0511576, 0.00235059,0.946492,0.948842
0.07,0.75 ,0.0511561, 0.00235059,0.946493,0.948844
