e1,e2,V,Rs,Rv,P
0,0 ,0.00767653, 0.00235149,0.989972,0.992323
0,0.01 ,0.00822963, 0.00235147,0.989419,0.99177
0,0.02 ,0.00881821, 0.00235146,0.98883,0.991182
0,0.03 ,0.00944437, 0.00235144,0.988204,0.990556
0,0.04 ,0.0101103, 0.00235142,0.987538,0.98989
0,0.05 ,0.0108185, 0.00235141,0.98683,0.989182
0,0.06 ,0.0115713, 0.00235139,0.986077,0.988429
0,0.07 ,0.0123715, 0.00235138,0.985277,0.987629
0,0.08 ,0.0132218, 0.00235136,0.984427,0.986778
0,0.09 ,0.0141253, 0.00235135,0.983523,0.985875
0,0.1 ,0.0150852, 0.00235133,0.982563,0.984915
0,0.11 ,0.0161049, 0.00235131,0.981544,0.983895
0,0.12 ,0.0171879, 0.0023513,0.980461,0.982812
0,0.13 ,0.0183381, 0.00235128,0.979311,0.981662
0,0.14 ,0.0195597, 0.00235127,0.978089,0.98044
0,0.15 ,0.0208569, 0.00235125,0.976792,0.979143
0,0.16 ,0.0222344, 0.00235124,0.975414,0.977766
0,0.17 ,0.0236973, 0.00235122,0.973952,0.976303
0,0.18 ,0.0252507, 0.0023512,0.972398,0.974749
0,0.19 ,0.0269005, 0.00235119,0.970748,0.9731
0,0.2 ,0.0286526, 0.00235117,0.968996,0.971347
0,0.21 ,0.0305137, 0.00235116,0.967135,0.969486
0,0.22 ,0.0324906, 0.00235114,0.965158,0.967509
0,0.23 ,0.034591, 0.00235113,0.963058,0.965409
0,0.24 ,0.0368228, 0.00235111,0.960826,0.963177
0,0.25 ,0.0391948, 0.0023511,0.958454,0.960805
0,0.26 ,0.0417163, 0.00235108,0.955933,0.958284
0,0.27 ,0.0443974, 0.00235107,0.953252,0.955603
0,0.28 ,0.047249, 0.00235105,0.9504,0.952751
0,0.29 ,0.0502827, 0.00235104,0.947366,0.949717
0,0.3 ,0.0535114, 0.00235102,0.944138,0.946489
0,0.31 ,0.0569487, 0.00235101,0.9407,0.943051
0,0.32 ,0.0606096, 0.00235099,0.937039,0.93939
0,0.33 ,0.0645102, 0.00235098,0.933139,0.93549
0,0.34 ,0.0686679, 0.00235096,0.928981,0.931332
0,0.35 ,0.0731017, 0.00235095,0.924547,0.926898
0,0.36 ,0.077832, 0.00235093,0.919817,0.922168
0,0.37 ,0.0828811, 0.00235092,0.914768,0.917119
0,0.38 ,0.0882729, 0.0023509,0.909376,0.911727
0,0.39 ,0.0940328, 0.00235089,0.903616,0.905967
0,0.4 ,0.100188, 0.00235087,0.897461,0.899812
0,0.41 ,0.106769, 0.00235086,0.89088,0.893231
0,0.42 ,0.113804, 0.00235084,0.883845,0.886196
0,0.43 ,0.121324, 0.00235083,0.876325,0.878676
0,0.44 ,0.129361, 0.00235081,0.868288,0.870639
0,0.45 ,0.137943, 0.0023508,0.859706,0.862057
0,0.46 ,0.147094, 0.00235078,0.850555,0.852906
0,0.47 ,0.156833, 0.00235077,0.840817,0.843167
0,0.48 ,0.167162, 0.00235075,0.830487,0.832838
0,0.49 ,0.178069, 0.00235074,0.819581,0.821931
0,0.5 ,0.189511, 0.00235072,0.808139,0.810489
0,0.51 ,0.201408, 0.00235071,0.796241,0.798592
0,0.52 ,0.213632, 0.0023507,0.784017,0.786368
0,0.53 ,0.225996, 0.00235068,0.771653,0.774004
0,0.54 ,0.23825, 0.00235067,0.7594,0.76175
0,0.55 ,0.250088, 0.00235065,0.747561,0.749912
0,0.56 ,0.261176, 0.00235064,0.736474,0.738824
0,0.57 ,0.271184, 0.00235062,0.726465,0.728816
0,0.58 ,0.279847, 0.00235061,0.717803,0.720153
0,0.59 ,0.287, 0.00235059,0.71065,0.713
0,0.6 ,0.292609, 0.00235058,0.70504,0.707391
0,0.61 ,0.296762, 0.00235057,0.700887,0.703238
0,0.62 ,0.299635, 0.00235055,0.698015,0.700365
0,0.63 ,0.301451, 0.00235054,0.696198,0.698549
0,0.64 ,0.302443, 0.00235052,0.695206,0.697557
0,0.65 ,0.302825, 0.00235051,0.694825,0.697175
0,0.66 ,0.302775, 0.0023505,0.694874,0.697225
0,0.67 ,0.30244, 0.00235048,0.69521,0.69756
0,0.68 ,0.301926, 0.00235047,0.695723,0.698074
0,0.69 ,0.301315, 0.00235045,0.696335,0.698685
0,0.7 ,0.300662, 0.00235044,0.696988,0.699338
0,0.71 ,0.300005, 0.00235043,0.697645,0.699995
0,0.72 ,0.299368, 0.00235041,0.698281,0.700632
0,0.73 ,0.298767, 0.0023504,0.698882,0.701233
0,0.74 ,0.29821, 0.00235038,0.69944,0.70179
0,0.75 ,0.2977, 0.00235037,0.69995,0.7023
0,0.76 ,0.297237, 0.00235036,0.700413,0.702763
0,0.77 ,0.296821, 0.00235034,0.700829,0.703179
0,0.78 ,0.296448, 0.00235033,0.701202,0.703552
0,0.79 ,0.296115, 0.00235031,0.701535,0.703885
0,0.8 ,0.295818, 0.0023503,0.701831,0.704182
0,0.81 ,0.295555, 0.00235029,0.702095,0.704445
0,0.82 ,0.295321, 0.00235027,0.702328,0.704679
0,0.83 ,0.295114, 0.00235026,0.702536,0.704886
0,0.84 ,0.294929, 0.00235025,0.702721,0.705071
0,0.85 ,0.294765, 0.00235023,0.702885,0.705235
0,0.86 ,0.294619, 0.00235022,0.703031,0.705381
0,0.87 ,0.294489, 0.00235021,0.703161,0.705511
0,0.88 ,0.294373, 0.00235019,0.703277,0.705627
0,0.89 ,0.294269, 0.00235018,0.703381,0.705731
0,0.9 ,0.294175, 0.00235017,0.703474,0.705825
0,0.91 ,0.294091, 0.00235015,0.703559,0.705909
0,0.92 ,0.294016, 0.00235014,0.703634,0.705984
0,0.93 ,0.293947, 0.00235013,0.703703,0.706053
0,0.94 ,0.293885, 0.00235011,0.703765,0.706115
0,0.95 ,0.293829, 0.0023501,0.703821,0.706171
0,0.96 ,0.293777, 0.00235009,0.703873,0.706223
0,0.97 ,0.29373, 0.00235007,0.70392,0.70627
0,0.98 ,0.293687, 0.00235006,0.703963,0.706313
0,0.99 ,0.293647, 0.00235005,0.704003,0.706353
0,1 ,0.293611, 0.00235003,0.704039,0.706389
0.01,0 ,0.00765116, 0.00235148,0.989997,0.992349
0.01,0.01 ,0.00820229, 0.00235147,0.989446,0.991798
0.01,0.02 ,0.00878875, 0.00235145,0.98886,0.991211
0.01,0.03 ,0.00941261, 0.00235143,0.988236,0.990587
0.01,0.04 ,0.0100761, 0.00235142,0.987572,0.989924
0.01,0.05 ,0.0107816, 0.0023514,0.986867,0.989218
0.01,0.06 ,0.0115315, 0.00235139,0.986117,0.988468
0.01,0.07 ,0.0123286, 0.00235137,0.98532,0.987671
0.01,0.08 ,0.0131756, 0.00235135,0.984473,0.986824
0.01,0.09 ,0.0140755, 0.00235134,0.983573,0.985925
0.01,0.1 ,0.0150314, 0.00235132,0.982617,0.984969
0.01,0.11 ,0.0160468, 0.00235131,0.981602,0.983953
0.01,0.12 ,0.0171252, 0.00235129,0.980523,0.982875
0.01,0.13 ,0.0182705, 0.00235127,0.979378,0.98173
0.01,0.14 ,0.0194866, 0.00235126,0.978162,0.980513
0.01,0.15 ,0.0207779, 0.00235124,0.976871,0.979222
0.01,0.16 ,0.0221491, 0.00235123,0.9755,0.977851
0.01,0.17 ,0.023605, 0.00235121,0.974044,0.976395
0.01,0.18 ,0.0251509, 0.0023512,0.972498,0.974849
0.01,0.19 ,0.0267924, 0.00235118,0.970856,0.973208
0.01,0.2 ,0.0285356, 0.00235117,0.969113,0.971464
0.01,0.21 ,0.0303869, 0.00235115,0.967262,0.969613
0.01,0.22 ,0.0323532, 0.00235114,0.965296,0.967647
0.01,0.23 ,0.0344419, 0.00235112,0.963207,0.965558
0.01,0.24 ,0.0366611, 0.0023511,0.960988,0.963339
0.01,0.25 ,0.0390192, 0.00235109,0.95863,0.960981
0.01,0.26 ,0.0415255, 0.00235107,0.956123,0.958475
0.01,0.27 ,0.0441899, 0.00235106,0.953459,0.95581
0.01,0.28 ,0.0470232, 0.00235104,0.950626,0.952977
0.01,0.29 ,0.050037, 0.00235103,0.947612,0.949963
0.01,0.3 ,0.0532438, 0.00235101,0.944405,0.946756
0.01,0.31 ,0.0566571, 0.002351,0.940992,0.943343
0.01,0.32 ,0.0602916, 0.00235098,0.937357,0.939708
0.01,0.33 ,0.0641633, 0.00235097,0.933486,0.935837
0.01,0.34 ,0.0682894, 0.00235095,0.92936,0.931711
0.01,0.35 ,0.0726887, 0.00235094,0.92496,0.927311
0.01,0.36 ,0.0773814, 0.00235092,0.920268,0.922619
0.01,0.37 ,0.0823895, 0.00235091,0.91526,0.917611
0.01,0.38 ,0.0877368, 0.00235089,0.909912,0.912263
0.01,0.39 ,0.0934489, 0.00235088,0.9042,0.906551
0.01,0.4 ,0.0995534, 0.00235086,0.898096,0.900447
0.01,0.41 ,0.10608, 0.00235085,0.891569,0.89392
0.01,0.42 ,0.113059, 0.00235083,0.884591,0.886941
0.01,0.43 ,0.120522, 0.00235082,0.877127,0.879478
0.01,0.44 ,0.128504, 0.0023508,0.869145,0.871496
0.01,0.45 ,0.137035, 0.00235079,0.860615,0.862965
0.01,0.46 ,0.146144, 0.00235078,0.851505,0.853856
0.01,0.47 ,0.155857, 0.00235076,0.841793,0.844143
0.01,0.48 ,0.166185, 0.00235075,0.831464,0.833815
0.01,0.49 ,0.17713, 0.00235073,0.82052,0.82287
0.01,0.5 ,0.188664, 0.00235072,0.808985,0.811336
0.01,0.51 ,0.200729, 0.0023507,0.79692,0.799271
0.01,0.52 ,0.21322, 0.00235069,0.784429,0.78678
0.01,0.53 ,0.225974, 0.00235067,0.771675,0.774026
0.01,0.54 ,0.238761, 0.00235066,0.758889,0.761239
0.01,0.55 ,0.251284, 0.00235064,0.746365,0.748716
0.01,0.56 ,0.263197, 0.00235063,0.734452,0.736803
0.01,0.57 ,0.274137, 0.00235062,0.723513,0.725863
0.01,0.58 ,0.283778, 0.0023506,0.713871,0.716222
0.01,0.59 ,0.291889, 0.00235059,0.70576,0.708111
0.01,0.6 ,0.298369, 0.00235057,0.69928,0.701631
0.01,0.61 ,0.303261, 0.00235056,0.694389,0.696739
0.01,0.62 ,0.306719, 0.00235054,0.690931,0.693281
0.01,0.63 ,0.308971, 0.00235053,0.688678,0.691029
0.01,0.64 ,0.310268, 0.00235052,0.687381,0.689732
0.01,0.65 ,0.31085, 0.0023505,0.6868,0.68915
0.01,0.66 ,0.310922, 0.00235049,0.686728,0.689078
0.01,0.67 ,0.310651, 0.00235047,0.686999,0.689349
0.01,0.68 ,0.310164, 0.00235046,0.687485,0.689836
0.01,0.69 ,0.309556, 0.00235045,0.688094,0.690444
0.01,0.7 ,0.308891, 0.00235043,0.688759,0.691109
0.01,0.71 ,0.308214, 0.00235042,0.689436,0.691786
0.01,0.72 ,0.307554, 0.0023504,0.690095,0.692446
0.01,0.73 ,0.306929, 0.00235039,0.69072,0.693071
0.01,0.74 ,0.306349, 0.00235038,0.691301,0.693651
0.01,0.75 ,0.305817, 0.00235036,0.691832,0.694183
0.01,0.76 ,0.305336, 0.00235035,0.692314,0.694664
0.01,0.77 ,0.304902, 0.00235033,0.692747,0.695098
0.01,0.78 ,0.304515, 0.00235032,0.693135,0.695485
0.01,0.79 ,0.30417, 0.00235031,0.69348,0.69583
0.01,0.8 ,0.303863, 0.00235029,0.693787,0.696137
0.01,0.81 ,0.303591, 0.00235028,0.694059,0.696409
0.01,0.82 ,0.303349, 0.00235027,0.694301,0.696651
0.01,0.83 ,0.303135, 0.00235025,0.694515,0.696865
0.01,0.84 ,0.302945, 0.00235024,0.694704,0.697055
0.01,0.85 ,0.302777, 0.00235023,0.694873,0.697223
0.01,0.86 ,0.302627, 0.00235021,0.695023,0.697373
0.01,0.87 ,0.302494, 0.0023502,0.695156,0.697506
0.01,0.88 ,0.302375, 0.00235018,0.695275,0.697625
0.01,0.89 ,0.302268, 0.00235017,0.695382,0.697732
0.01,0.9 ,0.302173, 0.00235016,0.695477,0.697827
0.01,0.91 ,0.302087, 0.00235014,0.695563,0.697913
0.01,0.92 ,0.30201, 0.00235013,0.69564,0.69799
0.01,0.93 ,0.30194, 0.00235012,0.69571,0.69806
0.01,0.94 ,0.301877, 0.0023501,0.695773,0.698123
0.01,0.95 ,0.301819, 0.00235009,0.69583,0.698181
0.01,0.96 ,0.301767, 0.00235008,0.695883,0.698233
0.01,0.97 ,0.301719, 0.00235006,0.695931,0.698281
0.01,0.98 ,0.301675, 0.00235005,0.695975,0.698325
0.01,0.99 ,0.301635, 0.00235004,0.696015,0.698365
0.01,1 ,0.301598, 0.00235003,0.696052,0.698402
0.02,0 ,0.00762655, 0.00235147,0.990022,0.992373
0.02,0.01 ,0.00817578, 0.00235146,0.989473,0.991824
0.02,0.02 ,0.00876018, 0.00235144,0.988888,0.99124
0.02,0.03 ,0.00938183, 0.00235143,0.988267,0.990618
0.02,0.04 ,0.0100429, 0.00235141,0.987606,0.989957
0.02,0.05 ,0.0107458, 0.00235139,0.986903,0.989254
0.02,0.06 ,0.011493, 0.00235138,0.986156,0.988507
0.02,0.07 ,0.0122871, 0.00235136,0.985362,0.987713
0.02,0.08 ,0.0131308, 0.00235135,0.984518,0.986869
0.02,0.09 ,0.0140272, 0.00235133,0.983621,0.985973
0.02,0.1 ,0.0149793, 0.00235131,0.982669,0.985021
0.02,0.11 ,0.0159906, 0.0023513,0.981658,0.984009
0.02,0.12 ,0.0170646, 0.00235128,0.980584,0.982935
0.02,0.13 ,0.018205, 0.00235127,0.979444,0.981795
0.02,0.14 ,0.0194159, 0.00235125,0.978233,0.980584
0.02,0.15 ,0.0207016, 0.00235124,0.976947,0.979298
0.02,0.16 ,0.0220666, 0.00235122,0.975582,0.977933
0.02,0.17 ,0.0235158, 0.00235121,0.974133,0.976484
0.02,0.18 ,0.0250544, 0.00235119,0.972594,0.974946
0.02,0.19 ,0.0266881, 0.00235117,0.970961,0.973312
0.02,0.2 ,0.0284226, 0.00235116,0.969226,0.971577
0.02,0.21 ,0.0302645, 0.00235114,0.967384,0.969735
0.02,0.22 ,0.0322206, 0.00235113,0.965428,0.967779
0.02,0.23 ,0.0342981, 0.00235111,0.963351,0.965702
0.02,0.24 ,0.036505, 0.0023511,0.961144,0.963495
0.02,0.25 ,0.0388498, 0.00235108,0.958799,0.96115
0.02,0.26 ,0.0413414, 0.00235107,0.956307,0.958659
0.02,0.27 ,0.0439899, 0.00235105,0.953659,0.95601
0.02,0.28 ,0.0468056, 0.00235104,0.950843,0.953194
0.02,0.29 ,0.0498001, 0.00235102,0.947849,0.9502
0.02,0.3 ,0.0529858, 0.00235101,0.944663,0.947014
0.02,0.31 ,0.0563759, 0.00235099,0.941273,0.943624
0.02,0.32 ,0.059985, 0.00235098,0.937664,0.940015
0.02,0.33 ,0.0638288, 0.00235096,0.93382,0.936171
0.02,0.34 ,0.0679243, 0.00235095,0.929725,0.932076
0.02,0.35 ,0.0722899, 0.00235093,0.925359,0.92771
0.02,0.36 ,0.0769458, 0.00235092,0.920703,0.923054
0.02,0.37 ,0.0819138, 0.0023509,0.915735,0.918086
0.02,0.38 ,0.0872174, 0.00235089,0.910432,0.912783
0.02,0.39 ,0.0928823, 0.00235087,0.904767,0.907118
0.02,0.4 ,0.0989359, 0.00235086,0.898713,0.901064
0.02,0.41 ,0.105408, 0.00235084,0.892241,0.894592
0.02,0.42 ,0.112329, 0.00235083,0.88532,0.887671
0.02,0.43 ,0.119734, 0.00235081,0.877915,0.880266
0.02,0.44 ,0.127656, 0.0023508,0.869993,0.872344
0.02,0.45 ,0.136129, 0.00235078,0.86152,0.863871
0.02,0.46 ,0.145188, 0.00235077,0.852461,0.854812
0.02,0.47 ,0.15486, 0.00235075,0.842789,0.84514
0.02,0.48 ,0.16517, 0.00235074,0.832479,0.83483
0.02,0.49 ,0.176126, 0.00235072,0.821524,0.823874
0.02,0.5 ,0.187718, 0.00235071,0.809931,0.812282
0.02,0.51 ,0.199908, 0.00235069,0.797741,0.800092
0.02,0.52 ,0.212614, 0.00235068,0.785035,0.787386
0.02,0.53 ,0.2257, 0.00235067,0.77195,0.7743
0.02,0.54 ,0.238961, 0.00235065,0.758689,0.761039
0.02,0.55 ,0.252118, 0.00235064,0.745532,0.747882
0.02,0.56 ,0.264824, 0.00235062,0.732825,0.735176
0.02,0.57 ,0.276694, 0.00235061,0.720955,0.723306
0.02,0.58 ,0.28735, 0.00235059,0.710299,0.71265
0.02,0.59 ,0.296488, 0.00235058,0.701162,0.703512
0.02,0.6 ,0.303931, 0.00235057,0.693718,0.696069
0.02,0.61 ,0.309661, 0.00235055,0.687988,0.690339
0.02,0.62 ,0.3138, 0.00235054,0.68385,0.6862
0.02,0.63 ,0.316568, 0.00235052,0.681082,0.683432
0.02,0.64 ,0.318232, 0.00235051,0.679418,0.681768
0.02,0.65 ,0.319057, 0.00235049,0.678592,0.680943
0.02,0.66 ,0.31928, 0.00235048,0.67837,0.68072
0.02,0.67 ,0.319092, 0.00235047,0.678557,0.680908
0.02,0.68 ,0.318644, 0.00235045,0.679006,0.681356
0.02,0.69 ,0.318044, 0.00235044,0.679606,0.681956
0.02,0.7 ,0.317369, 0.00235042,0.68028,0.682631
0.02,0.71 ,0.316673, 0.00235041,0.680976,0.683327
0.02,0.72 ,0.31599, 0.0023504,0.68166,0.68401
0.02,0.73 ,0.31534, 0.00235038,0.682309,0.68466
0.02,0.74 ,0.314736, 0.00235037,0.682914,0.685264
0.02,0.75 ,0.314182, 0.00235036,0.683468,0.685818
0.02,0.76 ,0.31368, 0.00235034,0.683969,0.68632
0.02,0.77 ,0.313229, 0.00235033,0.68442,0.686771
0.02,0.78 ,0.312827, 0.00235031,0.684823,0.687173
0.02,0.79 ,0.312468, 0.0023503,0.685181,0.687532
0.02,0.8 ,0.31215, 0.00235029,0.685499,0.68785
0.02,0.81 ,0.311869, 0.00235027,0.685781,0.688131
0.02,0.82 ,0.31162, 0.00235026,0.68603,0.68838
0.02,0.83 ,0.311399, 0.00235025,0.686251,0.688601
0.02,0.84 ,0.311204, 0.00235023,0.686446,0.688796
0.02,0.85 ,0.31103, 0.00235022,0.686619,0.68897
0.02,0.86 ,0.310877, 0.0023502,0.686773,0.689123
0.02,0.87 ,0.31074, 0.00235019,0.68691,0.68926
0.02,0.88 ,0.310618, 0.00235018,0.687032,0.689382
0.02,0.89 ,0.310509, 0.00235016,0.68714,0.689491
0.02,0.9 ,0.310412, 0.00235015,0.687238,0.689588
0.02,0.91 ,0.310325, 0.00235014,0.687325,0.689675
0.02,0.92 ,0.310246, 0.00235012,0.687404,0.689754
0.02,0.93 ,0.310175, 0.00235011,0.687475,0.689825
0.02,0.94 ,0.31011, 0.0023501,0.68754,0.68989
0.02,0.95 ,0.310052, 0.00235008,0.687598,0.689948
0.02,0.96 ,0.309998, 0.00235007,0.687651,0.690002
0.02,0.97 ,0.30995, 0.00235006,0.6877,0.69005
0.02,0.98 ,0.309905, 0.00235004,0.687745,0.690095
0.02,0.99 ,0.309864, 0.00235003,0.687786,0.690136
0.02,1 ,0.309827, 0.00235002,0.687823,0.690173
0.03,0 ,0.00760267, 0.00235147,0.990046,0.992397
0.03,0.01 ,0.00815006, 0.00235145,0.989498,0.99185
0.03,0.02 ,0.00873247, 0.00235143,0.988916,0.991268
0.03,0.03 ,0.00935198, 0.00235142,0.988297,0.990648
0.03,0.04 ,0.0100108, 0.0023514,0.987638,0.989989
0.03,0.05 ,0.0107112, 0.00235139,0.986937,0.989289
0.03,0.06 ,0.0114557, 0.00235137,0.986193,0.988544
0.03,0.07 ,0.0122468, 0.00235135,0.985402,0.987753
0.03,0.08 ,0.0130874, 0.00235134,0.984561,0.986913
0.03,0.09 ,0.0139804, 0.00235132,0.983668,0.98602
0.03,0.1 ,0.014929, 0.00235131,0.98272,0.985071
0.03,0.11 ,0.0159363, 0.00235129,0.981712,0.984064
0.03,0.12 ,0.017006, 0.00235128,0.980643,0.982994
0.03,0.13 ,0.0181418, 0.00235126,0.979507,0.981858
0.03,0.14 ,0.0193476, 0.00235124,0.978301,0.980652
0.03,0.15 ,0.0206278, 0.00235123,0.977021,0.979372
0.03,0.16 ,0.0219869, 0.00235121,0.975662,0.978013
0.03,0.17 ,0.0234297, 0.0023512,0.974219,0.97657
0.03,0.18 ,0.0249613, 0.00235118,0.972687,0.975039
0.03,0.19 ,0.0265874, 0.00235117,0.971061,0.973413
0.03,0.2 ,0.0283136, 0.00235115,0.969335,0.971686
0.03,0.21 ,0.0301465, 0.00235114,0.967502,0.969853
0.03,0.22 ,0.0320927, 0.00235112,0.965556,0.967907
0.03,0.23 ,0.0341595, 0.00235111,0.963489,0.96584
0.03,0.24 ,0.0363547, 0.00235109,0.961294,0.963645
0.03,0.25 ,0.0386865, 0.00235107,0.958962,0.961313
0.03,0.26 ,0.0411642, 0.00235106,0.956485,0.958836
0.03,0.27 ,0.0437972, 0.00235104,0.953852,0.956203
0.03,0.28 ,0.046596, 0.00235103,0.951053,0.953404
0.03,0.29 ,0.049572, 0.00235101,0.948077,0.950428
0.03,0.3 ,0.0527373, 0.002351,0.944912,0.947263
0.03,0.31 ,0.0561051, 0.00235098,0.941544,0.943895
0.03,0.32 ,0.0596896, 0.00235097,0.937959,0.94031
0.03,0.33 ,0.0635064, 0.00235095,0.934143,0.936494
0.03,0.34 ,0.0675723, 0.00235094,0.930077,0.932428
0.03,0.35 ,0.0719054, 0.00235092,0.925744,0.928095
0.03,0.36 ,0.0765256, 0.00235091,0.921123,0.923474
0.03,0.37 ,0.0814545, 0.00235089,0.916195,0.918546
0.03,0.38 ,0.0867154, 0.00235088,0.910934,0.913285
0.03,0.39 ,0.0923336, 0.00235086,0.905315,0.907666
0.03,0.4 ,0.0983368, 0.00235085,0.899312,0.901663
0.03,0.41 ,0.104754, 0.00235083,0.892895,0.895246
0.03,0.42 ,0.111618, 0.00235082,0.886031,0.888382
0.03,0.43 ,0.118962, 0.0023508,0.878687,0.881038
0.03,0.44 ,0.126822, 0.00235079,0.870828,0.873178
0.03,0.45 ,0.135233, 0.00235077,0.862416,0.864767
0.03,0.46 ,0.144232, 0.00235076,0.853417,0.855768
0.03,0.47 ,0.153854, 0.00235075,0.843795,0.846146
0.03,0.48 ,0.164128, 0.00235073,0.833522,0.835872
0.03,0.49 ,0.175073, 0.00235072,0.822577,0.824927
0.03,0.5 ,0.186693, 0.0023507,0.810957,0.813307
0.03,0.51 ,0.198967, 0.00235069,0.798682,0.801033
0.03,0.52 ,0.211838, 0.00235067,0.785811,0.788162
0.03,0.53 ,0.225197, 0.00235066,0.772453,0.774803
0.03,0.54 ,0.238868, 0.00235064,0.758782,0.761132
0.03,0.55 ,0.252597, 0.00235063,0.745052,0.747403
0.03,0.56 ,0.266051, 0.00235062,0.731599,0.733949
0.03,0.57 ,0.278831, 0.0023506,0.718819,0.721169
0.03,0.58 ,0.290519, 0.00235059,0.70713,0.709481
0.03,0.59 ,0.300741, 0.00235057,0.696908,0.699259
0.03,0.6 ,0.309238, 0.00235056,0.688411,0.690762
0.03,0.61 ,0.315913, 0.00235054,0.681737,0.684087
0.03,0.62 ,0.320837, 0.00235053,0.676813,0.679163
0.03,0.63 ,0.324213, 0.00235052,0.673437,0.675787
0.03,0.64 ,0.326317, 0.0023505,0.671333,0.673683
0.03,0.65 ,0.327439, 0.00235049,0.67021,0.672561
0.03,0.66 ,0.327849, 0.00235047,0.669801,0.672151
0.03,0.67 ,0.327768, 0.00235046,0.669882,0.672232
0.03,0.68 ,0.327371, 0.00235045,0.670279,0.672629
0.03,0.69 ,0.326786, 0.00235043,0.670863,0.673214
0.03,0.7 ,0.326106, 0.00235042,0.671543,0.673894
0.03,0.71 ,0.325392, 0.0023504,0.672257,0.674608
0.03,0.72 ,0.324685, 0.00235039,0.672964,0.675315
0.03,0.73 ,0.32401, 0.00235038,0.67364,0.67599
0.03,0.74 ,0.32338, 0.00235036,0.67427,0.67662
0.03,0.75 ,0.322803, 0.00235035,0.674847,0.677197
0.03,0.76 ,0.32228, 0.00235033,0.67537,0.67772
0.03,0.77 ,0.32181, 0.00235032,0.675839,0.67819
0.03,0.78 ,0.321392, 0.00235031,0.676258,0.678608
0.03,0.79 ,0.32102, 0.00235029,0.67663,0.67898
0.03,0.8 ,0.32069, 0.00235028,0.67696,0.67931
0.03,0.81 ,0.320399, 0.00235027,0.677251,0.679601
0.03,0.82 ,0.320141, 0.00235025,0.677509,0.679859
0.03,0.83 ,0.319914, 0.00235024,0.677736,0.680086
0.03,0.84 ,0.319713, 0.00235022,0.677937,0.680287
0.03,0.85 ,0.319535, 0.00235021,0.678115,0.680465
0.03,0.86 ,0.319377, 0.0023502,0.678273,0.680623
0.03,0.87 ,0.319237, 0.00235018,0.678413,0.680763
0.03,0.88 ,0.319112, 0.00235017,0.678538,0.680888
0.03,0.89 ,0.319001, 0.00235016,0.678649,0.680999
0.03,0.9 ,0.318901, 0.00235014,0.678748,0.681099
0.03,0.91 ,0.318812, 0.00235013,0.678838,0.681188
0.03,0.92 ,0.318732, 0.00235012,0.678918,0.681268
0.03,0.93 ,0.318659, 0.0023501,0.67899,0.681341
0.03,0.94 ,0.318594, 0.00235009,0.679056,0.681406
0.03,0.95 ,0.318534, 0.00235008,0.679116,0.681466
0.03,0.96 ,0.31848, 0.00235006,0.67917,0.68152
0.03,0.97 ,0.318431, 0.00235005,0.679219,0.681569
0.03,0.98 ,0.318385, 0.00235004,0.679265,0.681615
0.03,0.99 ,0.318344, 0.00235002,0.679306,0.681656
0.03,1 ,0.318305, 0.00235001,0.679345,0.681695
0.04,0 ,0.00757952, 0.00235146,0.990069,0.99242
0.04,0.01 ,0.00812512, 0.00235144,0.989523,0.991875
0.04,0.02 ,0.00870562, 0.00235143,0.988943,0.991294
0.04,0.03 ,0.00932306, 0.00235141,0.988326,0.990677
0.04,0.04 ,0.00997963, 0.0023514,0.987669,0.99002
0.04,0.05 ,0.0106776, 0.00235138,0.986971,0.989322
0.04,0.06 ,0.0114195, 0.00235136,0.986229,0.98858
0.04,0.07 ,0.0122079, 0.00235135,0.985441,0.987792
0.04,0.08 ,0.0130455, 0.00235133,0.984603,0.986955
0.04,0.09 ,0.0139352, 0.00235132,0.983713,0.986065
0.04,0.1 ,0.0148802, 0.0023513,0.982768,0.98512
0.04,0.11 ,0.0158837, 0.00235128,0.981765,0.984116
0.04,0.12 ,0.0169493, 0.00235127,0.980699,0.983051
0.04,0.13 ,0.0180806, 0.00235125,0.979568,0.981919
0.04,0.14 ,0.0192816, 0.00235124,0.978367,0.980718
0.04,0.15 ,0.0205566, 0.00235122,0.977092,0.979443
0.04,0.16 ,0.02191, 0.00235121,0.975739,0.97809
0.04,0.17 ,0.0233466, 0.00235119,0.974302,0.976653
0.04,0.18 ,0.0248715, 0.00235117,0.972777,0.975129
0.04,0.19 ,0.0264902, 0.00235116,0.971159,0.97351
0.04,0.2 ,0.0282085, 0.00235114,0.96944,0.971791
0.04,0.21 ,0.0300327, 0.00235113,0.967616,0.969967
0.04,0.22 ,0.0319695, 0.00235111,0.965679,0.968031
0.04,0.23 ,0.0340259, 0.0023511,0.963623,0.965974
0.04,0.24 ,0.0362098, 0.00235108,0.961439,0.96379
0.04,0.25 ,0.0385293, 0.00235107,0.95912,0.961471
0.04,0.26 ,0.0409934, 0.00235105,0.956656,0.959007
0.04,0.27 ,0.0436116, 0.00235104,0.954037,0.956388
0.04,0.28 ,0.0463942, 0.00235102,0.951255,0.953606
0.04,0.29 ,0.0493524, 0.00235101,0.948297,0.950648
0.04,0.3 ,0.0524982, 0.00235099,0.945151,0.947502
0.04,0.31 ,0.0558444, 0.00235098,0.941805,0.944156
0.04,0.32 ,0.0594054, 0.00235096,0.938244,0.940595
0.04,0.33 ,0.0631962, 0.00235095,0.934453,0.936804
0.04,0.34 ,0.0672334, 0.00235093,0.930416,0.932767
0.04,0.35 ,0.0715351, 0.00235092,0.926114,0.928465
0.04,0.36 ,0.0761207, 0.0023509,0.921528,0.923879
0.04,0.37 ,0.0810116, 0.00235089,0.916638,0.918988
0.04,0.38 ,0.0862308, 0.00235087,0.911418,0.913769
0.04,0.39 ,0.0918035, 0.00235086,0.905846,0.908196
0.04,0.4 ,0.0977571, 0.00235084,0.899892,0.902243
0.04,0.41 ,0.104121, 0.00235083,0.893528,0.895879
0.04,0.42 ,0.110927, 0.00235081,0.886722,0.889073
0.04,0.43 ,0.118209, 0.0023508,0.87944,0.881791
0.04,0.44 ,0.126005, 0.00235078,0.871645,0.873995
0.04,0.45 ,0.13435, 0.00235077,0.863299,0.86565
0.04,0.46 ,0.143285, 0.00235075,0.854364,0.856715
0.04,0.47 ,0.152847, 0.00235074,0.844803,0.847153
0.04,0.48 ,0.163071, 0.00235072,0.834579,0.836929
0.04,0.49 ,0.173985, 0.00235071,0.823664,0.826015
0.04,0.5 ,0.185605, 0.00235069,0.812044,0.814395
0.04,0.51 ,0.197928, 0.00235068,0.799721,0.802072
0.04,0.52 ,0.210917, 0.00235067,0.786733,0.789083
0.04,0.53 ,0.22449, 0.00235065,0.773159,0.77551
0.04,0.54 ,0.238505, 0.00235064,0.759144,0.761495
0.04,0.55 ,0.252738, 0.00235062,0.744911,0.747262
0.04,0.56 ,0.266878, 0.00235061,0.730771,0.733122
0.04,0.57 ,0.28053, 0.00235059,0.717119,0.71947
0.04,0.58 ,0.293248, 0.00235058,0.704401,0.706752
0.04,0.59 ,0.304597, 0.00235057,0.693053,0.695403
0.04,0.6 ,0.314229, 0.00235055,0.683421,0.685771
0.04,0.61 ,0.321957, 0.00235054,0.675693,0.678043
0.04,0.62 ,0.327781, 0.00235052,0.669868,0.672219
0.04,0.63 ,0.331871, 0.00235051,0.665779,0.668129
0.04,0.64 ,0.334501, 0.00235049,0.663149,0.665499
0.04,0.65 ,0.335985, 0.00235048,0.661665,0.664015
0.04,0.66 ,0.336625, 0.00235047,0.661025,0.663375
0.04,0.67 ,0.336679, 0.00235045,0.660971,0.663321
0.04,0.68 ,0.336351, 0.00235044,0.661299,0.663649
0.04,0.69 ,0.335792, 0.00235042,0.661858,0.664208
0.04,0.7 ,0.33511, 0.00235041,0.662539,0.66489
0.04,0.71 ,0.33438, 0.0023504,0.66327,0.66562
0.04,0.72 ,0.333649, 0.00235038,0.664001,0.666351
0.04,0.73 ,0.332947, 0.00235037,0.664703,0.667053
0.04,0.74 ,0.332291, 0.00235035,0.665359,0.667709
0.04,0.75 ,0.331689, 0.00235034,0.665961,0.668311
0.04,0.76 ,0.331144, 0.00235033,0.666506,0.668856
0.04,0.77 ,0.330655, 0.00235031,0.666995,0.669345
0.04,0.78 ,0.330219, 0.0023503,0.667431,0.669781
0.04,0.79 ,0.329833, 0.00235029,0.667817,0.670167
0.04,0.8 ,0.329491, 0.00235027,0.668159,0.670509
0.04,0.81 ,0.329189, 0.00235026,0.66846,0.670811
0.04,0.82 ,0.328923, 0.00235024,0.668726,0.671077
0.04,0.83 ,0.328689, 0.00235023,0.668961,0.671311
0.04,0.84 ,0.328482, 0.00235022,0.669168,0.671518
0.04,0.85 ,0.328299, 0.0023502,0.669351,0.671701
0.04,0.86 ,0.328137, 0.00235019,0.669513,0.671863
0.04,0.87 ,0.327993, 0.00235018,0.669656,0.672007
0.04,0.88 ,0.327866, 0.00235016,0.669784,0.672134
0.04,0.89 ,0.327752, 0.00235015,0.669898,0.672248
0.04,0.9 ,0.32765, 0.00235014,0.669999,0.67235
0.04,0.91 ,0.327559, 0.00235012,0.67009,0.672441
0.04,0.92 ,0.327478, 0.00235011,0.670172,0.672522
0.04,0.93 ,0.327404, 0.0023501,0.670246,0.672596
0.04,0.94 ,0.327337, 0.00235008,0.670313,0.672663
0.04,0.95 ,0.327276, 0.00235007,0.670374,0.672724
0.04,0.96 ,0.327221, 0.00235006,0.670429,0.672779
0.04,0.97 ,0.327171, 0.00235004,0.670479,0.672829
0.04,0.98 ,0.327125, 0.00235003,0.670525,0.672875
0.04,0.99 ,0.327083, 0.00235002,0.670567,0.672917
0.04,1 ,0.327044, 0.00235,0.670606,0.672956
0.05,0 ,0.00755706, 0.00235145,0.990091,0.992443
0.05,0.01 ,0.00810095, 0.00235144,0.989548,0.991899
0.05,0.02 ,0.00867959, 0.00235142,0.988969,0.99132
0.05,0.03 ,0.00929503, 0.0023514,0.988354,0.990705
0.05,0.04 ,0.00994945, 0.00235139,0.987699,0.990051
0.05,0.05 ,0.0106451, 0.00235137,0.987003,0.989355
0.05,0.06 ,0.0113845, 0.00235136,0.986264,0.988615
0.05,0.07 ,0.0121702, 0.00235134,0.985478,0.98783
0.05,0.08 ,0.0130049, 0.00235132,0.984644,0.986995
0.05,0.09 ,0.0138915, 0.00235131,0.983757,0.986109
0.05,0.1 ,0.0148331, 0.00235129,0.982816,0.985167
0.05,0.11 ,0.0158329, 0.00235128,0.981816,0.984167
0.05,0.12 ,0.0168945, 0.00235126,0.980754,0.983105
0.05,0.13 ,0.0180215, 0.00235125,0.979627,0.981978
0.05,0.14 ,0.0192179, 0.00235123,0.978431,0.980782
0.05,0.15 ,0.0204878, 0.00235121,0.977161,0.979512
0.05,0.16 ,0.0218357, 0.0023512,0.975813,0.978164
0.05,0.17 ,0.0232664, 0.00235118,0.974382,0.976734
0.05,0.18 ,0.0247848, 0.00235117,0.972864,0.975215
0.05,0.19 ,0.0263965, 0.00235115,0.971252,0.973604
0.05,0.2 ,0.0281072, 0.00235114,0.969542,0.971893
0.05,0.21 ,0.029923, 0.00235112,0.967726,0.970077
0.05,0.22 ,0.0318507, 0.00235111,0.965798,0.968149
0.05,0.23 ,0.0338972, 0.00235109,0.963752,0.966103
0.05,0.24 ,0.0360703, 0.00235108,0.961579,0.96393
0.05,0.25 ,0.0383779, 0.00235106,0.959271,0.961622
0.05,0.26 ,0.0408291, 0.00235104,0.95682,0.959171
0.05,0.27 ,0.0434331, 0.00235103,0.954216,0.956567
0.05,0.28 ,0.0462001, 0.00235101,0.951449,0.9538
0.05,0.29 ,0.0491412, 0.002351,0.948508,0.950859
0.05,0.3 ,0.0522681, 0.00235098,0.945381,0.947732
0.05,0.31 ,0.0555938, 0.00235097,0.942055,0.944406
0.05,0.32 ,0.059132, 0.00235095,0.938517,0.940868
0.05,0.33 ,0.0628978, 0.00235094,0.934751,0.937102
0.05,0.34 ,0.0669074, 0.00235092,0.930742,0.933093
0.05,0.35 ,0.0711788, 0.00235091,0.92647,0.928821
0.05,0.36 ,0.075731, 0.00235089,0.921918,0.924269
0.05,0.37 ,0.0805851, 0.00235088,0.917064,0.919415
0.05,0.38 ,0.0857639, 0.00235086,0.911885,0.914236
0.05,0.39 ,0.0912923, 0.00235085,0.906357,0.908708
0.05,0.4 ,0.0971972, 0.00235083,0.900452,0.902803
0.05,0.41 ,0.103508, 0.00235082,0.894141,0.896492
0.05,0.42 ,0.110257, 0.0023508,0.887392,0.889743
0.05,0.43 ,0.117478, 0.00235079,0.880171,0.882522
0.05,0.44 ,0.125207, 0.00235078,0.872442,0.874793
0.05,0.45 ,0.133485, 0.00235076,0.864164,0.866515
0.05,0.46 ,0.142351, 0.00235075,0.855299,0.857649
0.05,0.47 ,0.151845, 0.00235073,0.845804,0.848155
0.05,0.48 ,0.162009, 0.00235072,0.83564,0.837991
0.05,0.49 ,0.172876, 0.0023507,0.824773,0.827124
0.05,0.5 ,0.184474, 0.00235069,0.813175,0.815526
0.05,0.51 ,0.196812, 0.00235067,0.800837,0.803188
0.05,0.52 ,0.209876, 0.00235066,0.787774,0.790124
0.05,0.53 ,0.223609, 0.00235064,0.77404,0.776391
0.05,0.54 ,0.237901, 0.00235063,0.759748,0.762099
0.05,0.55 ,0.252564, 0.00235062,0.745086,0.747436
0.05,0.56 ,0.267318, 0.0023506,0.730332,0.732682
0.05,0.57 ,0.281785, 0.00235059,0.715865,0.718215
0.05,0.58 ,0.295509, 0.00235057,0.70214,0.704491
0.05,0.59 ,0.308005, 0.00235056,0.689645,0.691995
0.05,0.6 ,0.318841, 0.00235054,0.678809,0.681159
0.05,0.61 ,0.327728, 0.00235053,0.669922,0.672272
0.05,0.62 ,0.334576, 0.00235052,0.663073,0.665424
0.05,0.63 ,0.339498, 0.0023505,0.658151,0.660502
0.05,0.64 ,0.342755, 0.00235049,0.654895,0.657245
0.05,0.65 ,0.344678, 0.00235047,0.652972,0.655322
0.05,0.66 ,0.345603, 0.00235046,0.652047,0.654397
0.05,0.67 ,0.345827, 0.00235044,0.651822,0.654173
0.05,0.68 ,0.345589, 0.00235043,0.652061,0.654411
0.05,0.69 ,0.345067, 0.00235042,0.652582,0.654933
0.05,0.7 ,0.34439, 0.0023504,0.653259,0.65561
0.05,0.71 ,0.343646, 0.00235039,0.654003,0.656354
0.05,0.72 ,0.342892, 0.00235037,0.654758,0.657108
0.05,0.73 ,0.342162, 0.00235036,0.655487,0.657838
0.05,0.74 ,0.341479, 0.00235035,0.656171,0.658521
0.05,0.75 ,0.34085, 0.00235033,0.656799,0.65915
0.05,0.76 ,0.340282, 0.00235032,0.657368,0.659718
0.05,0.77 ,0.339772, 0.00235031,0.657877,0.660228
0.05,0.78 ,0.339319, 0.00235029,0.658331,0.660681
0.05,0.79 ,0.338917, 0.00235028,0.658732,0.661083
0.05,0.8 ,0.338563, 0.00235026,0.659087,0.661437
0.05,0.81 ,0.338251, 0.00235025,0.659399,0.661749
0.05,0.82 ,0.337976, 0.00235024,0.659674,0.662024
0.05,0.83 ,0.337734, 0.00235022,0.659916,0.662266
0.05,0.84 ,0.337521, 0.00235021,0.660129,0.662479
0.05,0.85 ,0.337333, 0.0023502,0.660317,0.662667
0.05,0.86 ,0.337167, 0.00235018,0.660483,0.662833
0.05,0.87 ,0.337019, 0.00235017,0.66063,0.662981
0.05,0.88 ,0.336889, 0.00235016,0.660761,0.663111
0.05,0.89 ,0.336772, 0.00235014,0.660877,0.663228
0.05,0.9 ,0.336669, 0.00235013,0.660981,0.663331
0.05,0.91 ,0.336576, 0.00235012,0.661074,0.663424
0.05,0.92 ,0.336492, 0.0023501,0.661158,0.663508
0.05,0.93 ,0.336417, 0.00235009,0.661233,0.663583
0.05,0.94 ,0.336349, 0.00235008,0.661301,0.663651
0.05,0.95 ,0.336287, 0.00235006,0.661363,0.663713
0.05,0.96 ,0.336231, 0.00235005,0.661419,0.663769
0.05,0.97 ,0.33618, 0.00235004,0.66147,0.66382
0.05,0.98 ,0.336133, 0.00235002,0.661517,0.663867
0.05,0.99 ,0.33609, 0.00235001,0.66156,0.66391
0.05,1 ,0.336051, 0.00235,0.661599,0.663949
0.06,0 ,0.00753529, 0.00235144,0.990113,0.992465
0.06,0.01 ,0.00807751, 0.00235143,0.989571,0.991922
0.06,0.02 ,0.00865436, 0.00235141,0.988994,0.991346
0.06,0.03 ,0.00926788, 0.0023514,0.988381,0.990732
0.06,0.04 ,0.00992022, 0.00235138,0.987728,0.99008
0.06,0.05 ,0.0106137, 0.00235136,0.987035,0.989386
0.06,0.06 ,0.0113507, 0.00235135,0.986298,0.988649
0.06,0.07 ,0.0121337, 0.00235133,0.985515,0.987866
0.06,0.08 ,0.0129656, 0.00235132,0.984683,0.987034
0.06,0.09 ,0.0138492, 0.0023513,0.9838,0.986151
0.06,0.1 ,0.0147875, 0.00235129,0.982861,0.985213
0.06,0.11 ,0.0157838, 0.00235127,0.981865,0.984216
0.06,0.12 ,0.0168416, 0.00235125,0.980807,0.983158
0.06,0.13 ,0.0179644, 0.00235124,0.979684,0.982036
0.06,0.14 ,0.0191563, 0.00235122,0.978492,0.980844
0.06,0.15 ,0.0204214, 0.00235121,0.977227,0.979579
0.06,0.16 ,0.021764, 0.00235119,0.975885,0.978236
0.06,0.17 ,0.023189, 0.00235118,0.97446,0.976811
0.06,0.18 ,0.0247012, 0.00235116,0.972948,0.975299
0.06,0.19 ,0.0263061, 0.00235114,0.971343,0.973694
0.06,0.2 ,0.0280095, 0.00235113,0.969639,0.971991
0.06,0.21 ,0.0298173, 0.00235111,0.967832,0.970183
0.06,0.22 ,0.0317363, 0.0023511,0.965913,0.968264
0.06,0.23 ,0.0337733, 0.00235108,0.963876,0.966227
0.06,0.24 ,0.0359359, 0.00235107,0.961713,0.964064
0.06,0.25 ,0.0382323, 0.00235105,0.959417,0.961768
0.06,0.26 ,0.040671, 0.00235104,0.956978,0.959329
0.06,0.27 ,0.0432613, 0.00235102,0.954388,0.956739
0.06,0.28 ,0.0460134, 0.00235101,0.951636,0.953987
0.06,0.29 ,0.0489381, 0.00235099,0.948711,0.951062
0.06,0.3 ,0.0520471, 0.00235098,0.945602,0.947953
0.06,0.31 ,0.0553529, 0.00235096,0.942296,0.944647
0.06,0.32 ,0.0588693, 0.00235095,0.93878,0.941131
0.06,0.33 ,0.062611, 0.00235093,0.935038,0.937389
0.06,0.34 ,0.0665943, 0.00235092,0.931055,0.933406
0.06,0.35 ,0.0708364, 0.0023509,0.926813,0.929164
0.06,0.36 ,0.0753564, 0.00235089,0.922293,0.924644
0.06,0.37 ,0.080175, 0.00235087,0.917474,0.919825
0.06,0.38 ,0.0853147, 0.00235086,0.912334,0.914685
0.06,0.39 ,0.0908, 0.00235084,0.906849,0.9092
0.06,0.4 ,0.0966577, 0.00235083,0.900991,0.903342
0.06,0.41 ,0.102917, 0.00235081,0.894732,0.897083
0.06,0.42 ,0.109609, 0.0023508,0.88804,0.890391
0.06,0.43 ,0.116769, 0.00235078,0.88088,0.883231
0.06,0.44 ,0.124433, 0.00235077,0.873216,0.875567
0.06,0.45 ,0.132641, 0.00235075,0.865008,0.867359
0.06,0.46 ,0.141434, 0.00235074,0.856215,0.858566
0.06,0.47 ,0.150857, 0.00235072,0.846793,0.849143
0.06,0.48 ,0.160951, 0.00235071,0.836698,0.839049
0.06,0.49 ,0.171758, 0.00235069,0.825891,0.828242
0.06,0.5 ,0.183314, 0.00235068,0.814336,0.816686
0.06,0.51 ,0.195639, 0.00235067,0.80201,0.804361
0.06,0.52 ,0.208739, 0.00235065,0.788911,0.791261
0.06,0.53 ,0.222581, 0.00235064,0.775069,0.777419
0.06,0.54 ,0.237085, 0.00235062,0.760564,0.762915
0.06,0.55 ,0.252102, 0.00235061,0.745547,0.747898
0.06,0.56 ,0.26739, 0.00235059,0.73026,0.73261
0.06,0.57 ,0.2826, 0.00235058,0.71505,0.7174
0.06,0.58 ,0.297283, 0.00235056,0.700367,0.702717
0.06,0.59 ,0.310922, 0.00235055,0.686727,0.689078
0.06,0.6 ,0.323012, 0.00235054,0.674637,0.676988
0.06,0.61 ,0.333156, 0.00235052,0.664494,0.666844
0.06,0.62 ,0.341155, 0.00235051,0.656494,0.658845
0.06,0.63 ,0.347042, 0.00235049,0.650608,0.652958
0.06,0.64 ,0.351042, 0.00235048,0.646607,0.648958
0.06,0.65 ,0.353496, 0.00235047,0.644154,0.646504
0.06,0.66 ,0.354772, 0.00235045,0.642877,0.645228
0.06,0.67 ,0.355211, 0.00235044,0.642439,0.644789
0.06,0.68 ,0.355089, 0.00235042,0.642561,0.644911
0.06,0.69 ,0.35462, 0.00235041,0.64303,0.64538
0.06,0.7 ,0.353956, 0.0023504,0.643694,0.646044
0.06,0.71 ,0.353201, 0.00235038,0.644449,0.646799
0.06,0.72 ,0.352423, 0.00235037,0.645226,0.647577
0.06,0.73 ,0.351666, 0.00235035,0.645984,0.648334
0.06,0.74 ,0.350954, 0.00235034,0.646696,0.649046
0.06,0.75 ,0.350298, 0.00235033,0.647352,0.649702
0.06,0.76 ,0.349705, 0.00235031,0.647945,0.650295
0.06,0.77 ,0.349173, 0.0023503,0.648476,0.650827
0.06,0.78 ,0.348701, 0.00235028,0.648948,0.651299
0.06,0.79 ,0.348284, 0.00235027,0.649366,0.651716
0.06,0.8 ,0.347916, 0.00235026,0.649734,0.652084
0.06,0.81 ,0.347593, 0.00235024,0.650057,0.652407
0.06,0.82 ,0.347309, 0.00235023,0.650341,0.652691
0.06,0.83 ,0.347059, 0.00235022,0.650591,0.652941
0.06,0.84 ,0.346839, 0.0023502,0.65081,0.653161
0.06,0.85 ,0.346646, 0.00235019,0.651004,0.653354
0.06,0.86 ,0.346475, 0.00235018,0.651174,0.653525
0.06,0.87 ,0.346325, 0.00235016,0.651325,0.653675
0.06,0.88 ,0.346191, 0.00235015,0.651459,0.653809
0.06,0.89 ,0.346072, 0.00235013,0.651578,0.653928
0.06,0.9 ,0.345966, 0.00235012,0.651684,0.654034
0.06,0.91 ,0.345871, 0.00235011,0.651779,0.654129
0.06,0.92 ,0.345786, 0.00235009,0.651864,0.654214
0.06,0.93 ,0.345709, 0.00235008,0.65194,0.654291
0.06,0.94 ,0.34564, 0.00235007,0.65201,0.65436
0.06,0.95 ,0.345578, 0.00235005,0.652072,0.654422
0.06,0.96 ,0.34552, 0.00235004,0.652129,0.65448
0.06,0.97 ,0.345468, 0.00235003,0.652182,0.654532
0.06,0.98 ,0.345421, 0.00235001,0.652229,0.654579
0.06,0.99 ,0.345377, 0.00235,0.652273,0.654623
0.06,1 ,0.345337, 0.00234999,0.652313,0.654663
0.07,0 ,0.00751418, 0.00235144,0.990134,0.992486
0.07,0.01 ,0.00805479, 0.00235142,0.989594,0.991945
0.07,0.02 ,0.00862991, 0.00235141,0.989019,0.99137
0.07,0.03 ,0.00924157, 0.00235139,0.988407,0.990758
0.07,0.04 ,0.00989191, 0.00235137,0.987757,0.990108
0.07,0.05 ,0.0105832, 0.00235136,0.987065,0.989417
0.07,0.06 ,0.0113179, 0.00235134,0.986331,0.988682
0.07,0.07 ,0.0120984, 0.00235133,0.98555,0.987902
0.07,0.08 ,0.0129276, 0.00235131,0.984721,0.987072
0.07,0.09 ,0.0138082, 0.00235129,0.98384,0.986192
0.07,0.1 ,0.0147434, 0.00235128,0.982905,0.985257
0.07,0.11 ,0.0157363, 0.00235126,0.981912,0.984264
0.07,0.12 ,0.0167904, 0.00235125,0.980858,0.98321
0.07,0.13 ,0.0179093, 0.00235123,0.979739,0.982091
0.07,0.14 ,0.0190969, 0.00235122,0.978552,0.980903
0.07,0.15 ,0.0203573, 0.0023512,0.977292,0.979643
0.07,0.16 ,0.0216949, 0.00235118,0.975954,0.978305
0.07,0.17 ,0.0231143, 0.00235117,0.974535,0.976886
0.07,0.18 ,0.0246206, 0.00235115,0.973028,0.975379
0.07,0.19 ,0.0262191, 0.00235114,0.97143,0.973781
0.07,0.2 ,0.0279153, 0.00235112,0.969734,0.972085
0.07,0.21 ,0.0297155, 0.00235111,0.967933,0.970284
0.07,0.22 ,0.0316261, 0.00235109,0.966023,0.968374
0.07,0.23 ,0.033654, 0.00235108,0.963995,0.966346
0.07,0.24 ,0.0358067, 0.00235106,0.961842,0.964193
0.07,0.25 ,0.0380921, 0.00235105,0.959557,0.961908
0.07,0.26 ,0.0405189, 0.00235103,0.95713,0.959481
0.07,0.27 ,0.0430962, 0.00235101,0.954553,0.956904
0.07,0.28 ,0.045834, 0.002351,0.951815,0.954166
0.07,0.29 ,0.048743, 0.00235098,0.948906,0.951257
0.07,0.3 ,0.0518347, 0.00235097,0.945814,0.948165
0.07,0.31 ,0.0551215, 0.00235095,0.942528,0.944878
0.07,0.32 ,0.058617, 0.00235094,0.939032,0.941383
0.07,0.33 ,0.0623357, 0.00235092,0.935313,0.937664
0.07,0.34 ,0.0662936, 0.00235091,0.931356,0.933706
0.07,0.35 ,0.0705077, 0.00235089,0.927141,0.929492
0.07,0.36 ,0.0749968, 0.00235088,0.922652,0.925003
0.07,0.37 ,0.0797812, 0.00235086,0.917868,0.920219
0.07,0.38 ,0.0848832, 0.00235085,0.912766,0.915117
0.07,0.39 ,0.0903269, 0.00235083,0.907322,0.909673
0.07,0.4 ,0.0961387, 0.00235082,0.901511,0.903861
0.07,0.41 ,0.102347, 0.0023508,0.895302,0.897653
0.07,0.42 ,0.108984, 0.00235079,0.888665,0.891016
0.07,0.43 ,0.116084, 0.00235078,0.881565,0.883916
0.07,0.44 ,0.123682, 0.00235076,0.873967,0.876318
0.07,0.45 ,0.13182, 0.00235075,0.865829,0.86818
0.07,0.46 ,0.14054, 0.00235073,0.857109,0.85946
0.07,0.47 ,0.149887, 0.00235072,0.847763,0.850113
0.07,0.48 ,0.159905, 0.0023507,0.837744,0.840095
0.07,0.49 ,0.170642, 0.00235069,0.827007,0.829358
0.07,0.5 ,0.182138, 0.00235067,0.815511,0.817862
0.07,0.51 ,0.194428, 0.00235066,0.803221,0.805572
0.07,0.52 ,0.20753, 0.00235064,0.79012,0.79247
0.07,0.53 ,0.221434, 0.00235063,0.776215,0.778566
0.07,0.54 ,0.236091, 0.00235061,0.761559,0.763909
0.07,0.55 ,0.251387, 0.0023506,0.746263,0.748613
0.07,0.56 ,0.267122, 0.00235059,0.730527,0.732878
0.07,0.57 ,0.28299, 0.00235057,0.714659,0.71701
0.07,0.58 ,0.298564, 0.00235056,0.699086,0.701436
0.07,0.59 ,0.313317, 0.00235054,0.684333,0.686683
0.07,0.6 ,0.326685, 0.00235053,0.670965,0.673315
0.07,0.61 ,0.338168, 0.00235051,0.659481,0.661832
0.07,0.62 ,0.347444, 0.0023505,0.650206,0.652556
0.07,0.63 ,0.354438, 0.00235049,0.643212,0.645562
0.07,0.64 ,0.359316, 0.00235047,0.638333,0.640684
0.07,0.65 ,0.36241, 0.00235046,0.635239,0.63759
0.07,0.66 ,0.364119, 0.00235044,0.633531,0.635881
0.07,0.67 ,0.364825, 0.00235043,0.632825,0.635175
0.07,0.68 ,0.364854, 0.00235042,0.632796,0.635146
0.07,0.69 ,0.364456, 0.0023504,0.633193,0.635544
0.07,0.7 ,0.363815, 0.00235039,0.633835,0.636185
0.07,0.71 ,0.363054, 0.00235037,0.634596,0.636946
0.07,0.72 ,0.362255, 0.00235036,0.635395,0.637745
0.07,0.73 ,0.361469, 0.00235035,0.63618,0.638531
0.07,0.74 ,0.360727, 0.00235033,0.636923,0.639273
0.07,0.75 ,0.360043, 0.00235032,0.637607,0.639957
0.07,0.76 ,0.359423, 0.0023503,0.638227,0.640577
0.07,0.77 ,0.358869, 0.00235029,0.638781,0.641131
0.07,0.78 ,0.358377, 0.00235028,0.639273,0.641623
0.07,0.79 ,0.357943, 0.00235026,0.639707,0.642057
0.07,0.8 ,0.357561, 0.00235025,0.640089,0.642439
0.07,0.81 ,0.357226, 0.00235024,0.640424,0.642774
0.07,0.82 ,0.356932, 0.00235022,0.640718,0.643068
0.07,0.83 ,0.356674, 0.00235021,0.640975,0.643326
0.07,0.84 ,0.356448, 0.0023502,0.641202,0.643552
