e1,e2,V,Rs,Rv,P
0,0,0.106008,0.223389,0.670603,0.893992
0,0.01,0.109266,0.222397,0.668336,0.890734
0,0.02,0.112632,0.221396,0.665972,0.887368
0,0.03,0.116109,0.220385,0.663506,0.883891
0,0.04,0.1197,0.219364,0.660936,0.8803
0,0.05,0.123411,0.218332,0.658257,0.876589
0,0.06,0.127245,0.21729,0.655464,0.872755
0,0.07,0.131207,0.216238,0.652555,0.868793
0,0.08,0.135302,0.215174,0.649524,0.864698
0,0.09,0.139534,0.2141,0.646366,0.860466
0,0.1,0.143909,0.213014,0.643077,0.856091
0,0.11,0.148431,0.211918,0.639651,0.851569
0,0.12,0.153106,0.210809,0.636085,0.846894
0,0.13,0.15794,0.209689,0.632371,0.84206
0,0.14,0.162939,0.208557,0.628504,0.837061
0,0.15,0.168108,0.207413,0.62448,0.831892
0,0.16,0.173453,0.206256,0.620291,0.826547
0,0.17,0.178982,0.205087,0.615931,0.821018
0,0.18,0.184701,0.203905,0.611394,0.815299
0,0.19,0.190616,0.202711,0.606673,0.809384
0,0.2,0.196736,0.201503,0.601761,0.803264
0,0.21,0.203066,0.200282,0.596652,0.796934
0,0.22,0.209616,0.199048,0.591337,0.790384
0,0.23,0.216391,0.1978,0.585809,0.783609
0,0.24,0.223402,0.196538,0.58006,0.776598
0,0.25,0.230655,0.195262,0.574083,0.769345
0,0.26,0.238159,0.193972,0.567869,0.761841
0,0.27,0.245922,0.192668,0.56141,0.754078
0,0.28,0.253953,0.19135,0.554697,0.746047
0,0.29,0.26226,0.190017,0.547723,0.73774
0,0.3,0.270853,0.188669,0.540478,0.729147
0,0.31,0.279738,0.187307,0.532955,0.720262
0,0.32,0.288926,0.185929,0.525145,0.711074
0,0.33,0.298424,0.184537,0.517039,0.701576
0,0.34,0.308239,0.18313,0.508631,0.691761
0,0.35,0.31838,0.181709,0.499912,0.68162
0,0.36,0.328852,0.180272,0.490875,0.671148
0,0.37,0.339663,0.178821,0.481516,0.660337
0,0.38,0.350817,0.177355,0.471828,0.649183
0,0.39,0.362317,0.175875,0.461808,0.637683
0,0.4,0.374167,0.174381,0.451452,0.625833
0,0.41,0.386366,0.172873,0.440761,0.613634
0,0.42,0.398912,0.171352,0.429736,0.601088
0,0.43,0.411803,0.169817,0.41838,0.588197
0,0.44,0.425029,0.168271,0.4067,0.574971
0,0.45,0.438582,0.166712,0.394706,0.561418
0,0.46,0.452446,0.165142,0.382412,0.547554
0,0.47,0.466602,0.163562,0.369835,0.533398
0,0.48,0.481028,0.161973,0.357,0.518972
0,0.49,0.495693,0.160375,0.343932,0.504307
0,0.5,0.510564,0.15877,0.330666,0.489436
0,0.51,0.525601,0.157159,0.317239,0.474399
0,0.52,0.540759,0.155544,0.303698,0.459241
0,0.53,0.555985,0.153925,0.29009,0.444015
0,0.54,0.571225,0.152305,0.276471,0.428775
0,0.55,0.586417,0.150684,0.262898,0.413583
0,0.56,0.6015,0.149066,0.249434,0.3985
0,0.57,0.616408,0.147451,0.236141,0.383592
0,0.58,0.631078,0.145842,0.223081,0.368922
0,0.59,0.645446,0.14424,0.210315,0.354554
0,0.6,0.659454,0.142647,0.1979,0.340546
0,0.61,0.673048,0.141065,0.185887,0.326952
0,0.62,0.686184,0.139496,0.17432,0.313816
0,0.63,0.698822,0.137942,0.163236,0.301178
0,0.64,0.710932,0.136405,0.152663,0.289068
0,0.65,0.722495,0.134886,0.142619,0.277505
0,0.66,0.733499,0.133386,0.133115,0.266501
0,0.67,0.743938,0.131908,0.124154,0.256062
0,0.68,0.753818,0.130452,0.115731,0.246182
0,0.69,0.763146,0.129019,0.107835,0.236854
0,0.7,0.771938,0.127611,0.100451,0.228062
0,0.71,0.780213,0.126228,0.0935594,0.219787
0,0.72,0.78799,0.124871,0.0871384,0.21201
0,0.73,0.795295,0.123541,0.081164,0.204705
0,0.74,0.802151,0.122238,0.0756109,0.197849
0,0.75,0.808584,0.120962,0.0704539,0.191416
0,0.76,0.814619,0.119714,0.0656676,0.185381
0,0.77,0.82028,0.118493,0.0612273,0.17972
0,0.78,0.825592,0.1173,0.0571088,0.174408
0,0.79,0.830577,0.116134,0.0532894,0.169423
0,0.8,0.835257,0.114995,0.0497472,0.164743
0,0.81,0.839654,0.113884,0.0464618,0.160346
0,0.82,0.843787,0.112799,0.0434138,0.156213
0,0.83,0.847674,0.111741,0.0405854,0.152326
0,0.84,0.851332,0.110708,0.0379599,0.148668
0,0.85,0.854777,0.109701,0.0355219,0.145223
0,0.86,0.858024,0.108719,0.0332569,0.141976
0,0.87,0.861086,0.107762,0.0311518,0.138914
0,0.88,0.863977,0.106828,0.0291945,0.136023
0,0.89,0.866708,0.105918,0.0273736,0.133292
0,0.9,0.86929,0.105031,0.025679,0.13071
0,0.91,0.871733,0.104166,0.024101,0.128267
0,0.92,0.874047,0.103323,0.0226309,0.125953
0,0.93,0.876239,0.102501,0.0212607,0.123761
0,0.94,0.878318,0.101699,0.0199831,0.121682
0,0.95,0.880291,0.100918,0.0187912,0.119709
0,0.96,0.882165,0.100156,0.0176787,0.117835
0,0.97,0.883947,0.0994133,0.01664,0.116053
0,0.98,0.885641,0.0986889,0.0156698,0.114359
0,0.99,0.887254,0.0979825,0.0147631,0.112746
0,1,0.888791,0.0972935,0.0139155,0.111209
0.01,0,0.105977,0.223368,0.670655,0.894023
0.01,0.01,0.109235,0.222376,0.668389,0.890765
0.01,0.02,0.1126,0.221375,0.666026,0.8874
0.01,0.03,0.116075,0.220363,0.663561,0.883925
0.01,0.04,0.119666,0.219342,0.660992,0.880334
0.01,0.05,0.123376,0.21831,0.658314,0.876624
0.01,0.06,0.12721,0.217268,0.655523,0.87279
0.01,0.07,0.131171,0.216215,0.652614,0.868829
0.01,0.08,0.135265,0.215151,0.649584,0.864735
0.01,0.09,0.139496,0.214077,0.646427,0.860504
0.01,0.1,0.14387,0.212991,0.643139,0.85613
0.01,0.11,0.148391,0.211894,0.639715,0.851609
0.01,0.12,0.153066,0.210785,0.63615,0.846934
0.01,0.13,0.157899,0.209664,0.632437,0.842101
0.01,0.14,0.162896,0.208532,0.628572,0.837104
0.01,0.15,0.168064,0.207387,0.624549,0.831936
0.01,0.16,0.173409,0.20623,0.620361,0.826591
0.01,0.17,0.178937,0.205061,0.616002,0.821063
0.01,0.18,0.184654,0.203879,0.611467,0.815346
0.01,0.19,0.190569,0.202684,0.606747,0.809431
0.01,0.2,0.196687,0.201476,0.601837,0.803313
0.01,0.21,0.203017,0.200255,0.596728,0.796983
0.01,0.22,0.209565,0.19902,0.591415,0.790435
0.01,0.23,0.216341,0.197772,0.585888,0.783659
0.01,0.24,0.22335,0.196509,0.580141,0.77665
0.01,0.25,0.230602,0.195233,0.574165,0.769398
0.01,0.26,0.238105,0.193943,0.567952,0.761895
0.01,0.27,0.245868,0.192638,0.561494,0.754132
0.01,0.28,0.253898,0.191319,0.554783,0.746102
0.01,0.29,0.262205,0.189986,0.54781,0.737795
0.01,0.3,0.270796,0.188637,0.540566,0.729204
0.01,0.31,0.279681,0.187274,0.533044,0.720319
0.01,0.32,0.288869,0.185897,0.525235,0.711131
0.01,0.33,0.298366,0.184504,0.51713,0.701634
0.01,0.34,0.308181,0.183097,0.508722,0.691819
0.01,0.35,0.318322,0.181674,0.500004,0.681678
0.01,0.36,0.328794,0.180237,0.490969,0.671206
0.01,0.37,0.339605,0.178785,0.481609,0.660395
0.01,0.38,0.350759,0.177319,0.471922,0.649241
0.01,0.39,0.36226,0.175838,0.461901,0.63774
0.01,0.4,0.374111,0.174343,0.451546,0.625889
0.01,0.41,0.386311,0.172835,0.440855,0.613689
0.01,0.42,0.398859,0.171313,0.429828,0.601141
0.01,0.43,0.411751,0.169777,0.418471,0.588249
0.01,0.44,0.42498,0.16823,0.40679,0.57502
0.01,0.45,0.438535,0.16667,0.394794,0.561465
0.01,0.46,0.452402,0.1651,0.382498,0.547598
0.01,0.47,0.466562,0.163519,0.369918,0.533438
0.01,0.48,0.480992,0.161929,0.357079,0.519008
0.01,0.49,0.495662,0.16033,0.344008,0.504338
0.01,0.5,0.510539,0.158724,0.330737,0.489461
0.01,0.51,0.525583,0.157112,0.317305,0.474417
0.01,0.52,0.540747,0.155496,0.303757,0.459253
0.01,0.53,0.555981,0.153876,0.290143,0.444019
0.01,0.54,0.571229,0.152254,0.276516,0.428771
0.01,0.55,0.586431,0.150633,0.262936,0.413569
0.01,0.56,0.601524,0.149013,0.249463,0.398476
0.01,0.57,0.616442,0.147397,0.23616,0.383558
0.01,0.58,0.631123,0.145787,0.223091,0.368877
0.01,0.59,0.645502,0.144183,0.210315,0.354498
0.01,0.6,0.659522,0.142589,0.197889,0.340478
0.01,0.61,0.673128,0.141006,0.185865,0.326872
0.01,0.62,0.686276,0.139436,0.174288,0.313724
0.01,0.63,0.698925,0.137881,0.163193,0.301075
0.01,0.64,0.711048,0.136342,0.15261,0.288952
0.01,0.65,0.722622,0.134822,0.142556,0.277378
0.01,0.66,0.733637,0.133321,0.133042,0.266363
0.01,0.67,0.744087,0.131841,0.124071,0.255913
0.01,0.68,0.753977,0.130384,0.115639,0.246023
0.01,0.69,0.763315,0.12895,0.107735,0.236685
0.01,0.7,0.772116,0.127541,0.100343,0.227884
0.01,0.71,0.780399,0.126157,0.0934443,0.219601
0.01,0.72,0.788185,0.124799,0.0870165,0.211815
0.01,0.73,0.795497,0.123467,0.0810357,0.204503
0.01,0.74,0.80236,0.122163,0.0754769,0.19764
0.01,0.75,0.8088,0.120886,0.0703145,0.1912
0.01,0.76,0.814841,0.119636,0.0655233,0.185159
0.01,0.77,0.820507,0.118414,0.0610784,0.179493
0.01,0.78,0.825824,0.11722,0.0569558,0.174176
0.01,0.79,0.830814,0.116053,0.0531325,0.169186
0.01,0.8,0.8355,0.114914,0.0495868,0.1645
0.01,0.81,0.839901,0.113801,0.0462981,0.160099
0.01,0.82,0.844038,0.112715,0.0432472,0.155962
0.01,0.83,0.847928,0.111656,0.0404161,0.152072
0.01,0.84,0.851589,0.110622,0.0377881,0.148411
0.01,0.85,0.855038,0.109614,0.0353477,0.144962
0.01,0.86,0.858288,0.108631,0.0330806,0.141712
0.01,0.87,0.861353,0.107673,0.0309736,0.138647
0.01,0.88,0.864247,0.106739,0.0290144,0.135753
0.01,0.89,0.866981,0.105828,0.0271918,0.133019
0.01,0.9,0.869565,0.10494,0.0254956,0.130435
0.01,0.91,0.87201,0.104074,0.0239161,0.12799
0.01,0.92,0.874326,0.10323,0.0224447,0.125674
0.01,0.93,0.87652,0.102407,0.0210732,0.12348
0.01,0.94,0.878601,0.101605,0.0197944,0.121399
0.01,0.95,0.880576,0.100823,0.0186013,0.119424
0.01,0.96,0.882452,0.10006,0.0174878,0.117548
0.01,0.97,0.884235,0.0993169,0.0164481,0.115765
0.01,0.98,0.885931,0.0985919,0.0154769,0.114069
0.01,0.99,0.887546,0.0978849,0.0145693,0.112454
0.01,1,0.889084,0.0971953,0.0137208,0.110916
0.02,0,0.105946,0.223347,0.670707,0.894054
0.02,0.01,0.109203,0.222355,0.668442,0.890797
0.02,0.02,0.112567,0.221353,0.66608,0.887433
0.02,0.03,0.116042,0.220342,0.663616,0.883958
0.02,0.04,0.119632,0.21932,0.661048,0.880368
0.02,0.05,0.123341,0.218288,0.658371,0.876659
0.02,0.06,0.127174,0.217245,0.655581,0.872826
0.02,0.07,0.131134,0.216192,0.652673,0.868866
0.02,0.08,0.135228,0.215128,0.649644,0.864772
0.02,0.09,0.139458,0.214053,0.646489,0.860542
0.02,0.1,0.143831,0.212967,0.643202,0.856169
0.02,0.11,0.148351,0.21187,0.639779,0.851649
0.02,0.12,0.153025,0.210761,0.636215,0.846975
0.02,0.13,0.157857,0.20964,0.632503,0.842143
0.02,0.14,0.162854,0.208507,0.628639,0.837146
0.02,0.15,0.168021,0.207362,0.624617,0.831979
0.02,0.16,0.173364,0.206205,0.620431,0.826636
0.02,0.17,0.178891,0.205035,0.616073,0.821109
0.02,0.18,0.184608,0.203853,0.611539,0.815392
0.02,0.19,0.190522,0.202657,0.606821,0.809478
0.02,0.2,0.196639,0.201449,0.601912,0.803361
0.02,0.21,0.202968,0.200227,0.596805,0.797032
0.02,0.22,0.209516,0.198992,0.591492,0.790484
0.02,0.23,0.21629,0.197743,0.585967,0.78371
0.02,0.24,0.223298,0.196481,0.580221,0.776702
0.02,0.25,0.23055,0.195204,0.574246,0.76945
0.02,0.26,0.238052,0.193913,0.568035,0.761948
0.02,0.27,0.245814,0.192608,0.561578,0.754186
0.02,0.28,0.253843,0.191289,0.554868,0.746157
0.02,0.29,0.262149,0.189955,0.547896,0.737851
0.02,0.3,0.27074,0.188606,0.540654,0.72926
0.02,0.31,0.279625,0.187242,0.533133,0.720375
0.02,0.32,0.288811,0.185864,0.525324,0.711189
0.02,0.33,0.298308,0.184471,0.517221,0.701692
0.02,0.34,0.308123,0.183063,0.508814,0.691877
0.02,0.35,0.318264,0.18164,0.500096,0.681736
0.02,0.36,0.328736,0.180202,0.491061,0.671264
0.02,0.37,0.339547,0.17875,0.481703,0.660453
0.02,0.38,0.350702,0.177283,0.472015,0.649298
0.02,0.39,0.362203,0.175801,0.461995,0.637797
0.02,0.4,0.374055,0.174306,0.451639,0.625945
0.02,0.41,0.386256,0.172796,0.440948,0.613744
0.02,0.42,0.398806,0.171274,0.429921,0.601194
0.02,0.43,0.4117,0.169738,0.418563,0.5883
0.02,0.44,0.424931,0.168189,0.40688,0.575069
0.02,0.45,0.438489,0.166629,0.394882,0.561511
0.02,0.46,0.452359,0.165058,0.382583,0.547641
0.02,0.47,0.466523,0.163476,0.370001,0.533477
0.02,0.48,0.480956,0.161885,0.357159,0.519044
0.02,0.49,0.495632,0.160285,0.344083,0.504368
0.02,0.5,0.510514,0.158678,0.330808,0.489486
0.02,0.51,0.525564,0.157065,0.317371,0.474436
0.02,0.52,0.540735,0.155448,0.303817,0.459265
0.02,0.53,0.555977,0.153827,0.290196,0.444023
0.02,0.54,0.571233,0.152204,0.276562,0.428767
0.02,0.55,0.586444,0.150582,0.262974,0.413556
0.02,0.56,0.601546,0.148961,0.249492,0.398454
0.02,0.57,0.616476,0.147344,0.23618,0.383524
0.02,0.58,0.631167,0.145732,0.223101,0.368833
0.02,0.59,0.645557,0.144128,0.210315,0.354443
0.02,0.6,0.659589,0.142532,0.197879,0.340411
0.02,0.61,0.673207,0.140948,0.185845,0.326793
0.02,0.62,0.686367,0.139377,0.174257,0.313633
0.02,0.63,0.699028,0.13782,0.163152,0.300972
0.02,0.64,0.711162,0.13628,0.152557,0.288838
0.02,0.65,0.722748,0.134758,0.142493,0.277252
0.02,0.66,0.733774,0.133256,0.13297,0.266226
0.02,0.67,0.744235,0.131775,0.12399,0.255765
0.02,0.68,0.754134,0.130317,0.115549,0.245866
0.02,0.69,0.763482,0.128881,0.107637,0.236518
0.02,0.7,0.772292,0.127471,0.100237,0.227708
0.02,0.71,0.780584,0.126085,0.0933307,0.219416
0.02,0.72,0.788378,0.124726,0.0868962,0.211622
0.02,0.73,0.795697,0.123394,0.0809091,0.204303
0.02,0.74,0.802568,0.122088,0.0753445,0.197432
0.02,0.75,0.809014,0.12081,0.0701768,0.190986
0.02,0.76,0.81506,0.119559,0.0653806,0.18494
0.02,0.77,0.820733,0.118336,0.0609312,0.179267
0.02,0.78,0.826055,0.117141,0.0568045,0.173945
0.02,0.79,0.83105,0.115973,0.0529775,0.16895
0.02,0.8,0.83574,0.114832,0.0494283,0.16426
0.02,0.81,0.840145,0.113718,0.0461364,0.159855
0.02,0.82,0.844286,0.112632,0.0430826,0.155714
0.02,0.83,0.84818,0.111571,0.0402488,0.15182
0.02,0.84,0.851845,0.110537,0.0376183,0.148155
0.02,0.85,0.855296,0.109528,0.0351756,0.144704
0.02,0.86,0.85855,0.108544,0.0329064,0.14145
0.02,0.87,0.861618,0.107585,0.0307974,0.138382
0.02,0.88,0.864514,0.10665,0.0288364,0.135486
0.02,0.89,0.86725,0.105738,0.0270121,0.13275
0.02,0.9,0.869837,0.104849,0.0253143,0.130163
0.02,0.91,0.872284,0.103982,0.0237334,0.127716
0.02,0.92,0.874602,0.103137,0.0222606,0.125398
0.02,0.93,0.876798,0.102314,0.0208878,0.123202
0.02,0.94,0.878881,0.101511,0.0196078,0.121119
0.02,0.95,0.880858,0.100728,0.0184136,0.119142
0.02,0.96,0.882736,0.0999652,0.0172991,0.117264
0.02,0.97,0.884521,0.0992211,0.0162584,0.115479
0.02,0.98,0.886218,0.0984954,0.0152862,0.113782
0.02,0.99,0.887835,0.0977878,0.0143777,0.112165
0.02,1,0.889374,0.0970975,0.0135284,0.110626
0.03,0,0.105915,0.223326,0.670759,0.894085
0.03,0.01,0.109171,0.222334,0.668495,0.890829
0.03,0.02,0.112535,0.221332,0.666133,0.887465
0.03,0.03,0.116009,0.22032,0.663671,0.883991
0.03,0.04,0.119598,0.219298,0.661104,0.880402
0.03,0.05,0.123307,0.218266,0.658428,0.876693
0.03,0.06,0.127138,0.217223,0.655638,0.872862
0.03,0.07,0.131098,0.21617,0.652732,0.868902
0.03,0.08,0.13519,0.215105,0.649704,0.86481
0.03,0.09,0.13942,0.21403,0.64655,0.86058
0.03,0.1,0.143792,0.212944,0.643264,0.856208
0.03,0.11,0.148312,0.211846,0.639843,0.851688
0.03,0.12,0.152984,0.210737,0.636279,0.847016
0.03,0.13,0.157815,0.209615,0.632569,0.842185
0.03,0.14,0.162811,0.208482,0.628707,0.837189
0.03,0.15,0.167977,0.207337,0.624686,0.832023
0.03,0.16,0.17332,0.20618,0.6205,0.82668
0.03,0.17,0.178846,0.205009,0.616144,0.821154
0.03,0.18,0.184562,0.203827,0.611611,0.815438
0.03,0.19,0.190475,0.202631,0.606894,0.809525
0.03,0.2,0.196591,0.201422,0.601986,0.803409
0.03,0.21,0.202919,0.2002,0.596881,0.797081
0.03,0.22,0.209466,0.198964,0.59157,0.790534
0.03,0.23,0.216239,0.197715,0.586046,0.783761
0.03,0.24,0.223247,0.196452,0.580301,0.776753
0.03,0.25,0.230497,0.195175,0.574328,0.769503
0.03,0.26,0.237999,0.193884,0.568117,0.762001
0.03,0.27,0.24576,0.192578,0.561662,0.75424
0.03,0.28,0.253788,0.191258,0.554953,0.746212
0.03,0.29,0.262094,0.189924,0.547983,0.737906
0.03,0.3,0.270684,0.188575,0.540741,0.729316
0.03,0.31,0.279568,0.187211,0.533221,0.720432
0.03,0.32,0.288754,0.185832,0.525414,0.711246
0.03,0.33,0.298251,0.184438,0.517311,0.701749
0.03,0.34,0.308066,0.183029,0.508905,0.691934
0.03,0.35,0.318206,0.181606,0.500188,0.681794
0.03,0.36,0.328679,0.180168,0.491154,0.671321
0.03,0.37,0.33949,0.178715,0.481796,0.66051
0.03,0.38,0.350645,0.177247,0.472109,0.649355
0.03,0.39,0.362147,0.175765,0.462088,0.637853
0.03,0.4,0.373999,0.174269,0.451733,0.626001
0.03,0.41,0.386201,0.172758,0.44104,0.613799
0.03,0.42,0.398752,0.171235,0.430013,0.601248
0.03,0.43,0.411648,0.169698,0.418654,0.588352
0.03,0.44,0.424881,0.168149,0.40697,0.575119
0.03,0.45,0.438442,0.166588,0.39497,0.561558
0.03,0.46,0.452315,0.165016,0.382669,0.547685
0.03,0.47,0.466483,0.163433,0.370084,0.533517
0.03,0.48,0.480921,0.161841,0.357238,0.519079
0.03,0.49,0.495601,0.16024,0.344159,0.504399
0.03,0.5,0.510489,0.158633,0.330879,0.489511
0.03,0.51,0.525544,0.157019,0.317437,0.474456
0.03,0.52,0.540722,0.1554,0.303877,0.459278
0.03,0.53,0.555972,0.153778,0.29025,0.444028
0.03,0.54,0.571237,0.152155,0.276609,0.428763
0.03,0.55,0.586457,0.150531,0.263012,0.413543
0.03,0.56,0.601569,0.148909,0.249522,0.398431
0.03,0.57,0.616508,0.147291,0.236201,0.383492
0.03,0.58,0.63121,0.145678,0.223112,0.36879
0.03,0.59,0.645612,0.144072,0.210316,0.354388
0.03,0.6,0.659655,0.142475,0.19787,0.340345
0.03,0.61,0.673285,0.14089,0.185825,0.326715
0.03,0.62,0.686456,0.139317,0.174226,0.313544
0.03,0.63,0.699129,0.13776,0.163111,0.300871
0.03,0.64,0.711275,0.136218,0.152506,0.288725
0.03,0.65,0.722872,0.134695,0.142432,0.277128
0.03,0.66,0.733909,0.133192,0.132899,0.266091
0.03,0.67,0.74438,0.13171,0.12391,0.25562
0.03,0.68,0.75429,0.13025,0.11546,0.24571
0.03,0.69,0.763647,0.128813,0.107539,0.236353
0.03,0.7,0.772467,0.127401,0.100132,0.227533
0.03,0.71,0.780767,0.126015,0.0932186,0.219233
0.03,0.72,0.788568,0.124654,0.0867774,0.211432
0.03,0.73,0.795896,0.12332,0.0807841,0.204104
0.03,0.74,0.802773,0.122014,0.0752137,0.197227
0.03,0.75,0.809225,0.120734,0.0700407,0.190775
0.03,0.76,0.815278,0.119482,0.0652397,0.184722
0.03,0.77,0.820956,0.118258,0.0607859,0.179044
0.03,0.78,0.826283,0.117062,0.056655,0.173717
0.03,0.79,0.831283,0.115893,0.0528242,0.168717
0.03,0.8,0.835977,0.114751,0.0492716,0.164023
0.03,0.81,0.840387,0.113636,0.0459766,0.159613
0.03,0.82,0.844532,0.112549,0.0429198,0.155468
0.03,0.83,0.848429,0.111487,0.0400833,0.151571
0.03,0.84,0.852098,0.110452,0.0374504,0.147902
0.03,0.85,0.855553,0.109442,0.0350054,0.144447
0.03,0.86,0.858809,0.108457,0.0327341,0.141191
0.03,0.87,0.86188,0.107497,0.0306232,0.13812
0.03,0.88,0.864779,0.106561,0.0286604,0.135221
0.03,0.89,0.867517,0.105648,0.0268345,0.132483
0.03,0.9,0.870106,0.104758,0.0251351,0.129894
0.03,0.91,0.872556,0.103891,0.0235527,0.127444
0.03,0.92,0.874876,0.103046,0.0220786,0.125124
0.03,0.93,0.877074,0.102221,0.0207046,0.122926
0.03,0.94,0.879159,0.101418,0.0194234,0.120841
0.03,0.95,0.881138,0.100634,0.0182281,0.118862
0.03,0.96,0.883017,0.0998705,0.0171125,0.116983
0.03,0.97,0.884803,0.0991257,0.0160708,0.115197
0.03,0.98,0.886503,0.0983994,0.0150977,0.113497
0.03,0.99,0.888121,0.0976911,0.0141884,0.111879
0.03,1,0.889661,0.0970003,0.0133382,0.110339
0.04,0,0.105884,0.223305,0.67081,0.894116
0.04,0.01,0.10914,0.222313,0.668547,0.89086
0.04,0.02,0.112503,0.221311,0.666187,0.887497
0.04,0.03,0.115976,0.220299,0.663725,0.884024
0.04,0.04,0.119565,0.219276,0.661159,0.880435
0.04,0.05,0.123272,0.218244,0.658484,0.876728
0.04,0.06,0.127103,0.217201,0.655696,0.872897
0.04,0.07,0.131062,0.216147,0.652791,0.868938
0.04,0.08,0.135153,0.215083,0.649764,0.864847
0.04,0.09,0.139382,0.214007,0.646611,0.860618
0.04,0.1,0.143753,0.21292,0.643326,0.856247
0.04,0.11,0.148272,0.211822,0.639906,0.851728
0.04,0.12,0.152944,0.210712,0.636344,0.847056
0.04,0.13,0.157774,0.209591,0.632635,0.842226
0.04,0.14,0.162769,0.208458,0.628773,0.837231
0.04,0.15,0.167934,0.207312,0.624754,0.832066
0.04,0.16,0.173276,0.206154,0.62057,0.826724
0.04,0.17,0.178801,0.204984,0.616215,0.821199
0.04,0.18,0.184516,0.203801,0.611683,0.815484
0.04,0.19,0.190428,0.202604,0.606967,0.809572
0.04,0.2,0.196544,0.201395,0.602061,0.803456
0.04,0.21,0.202871,0.200173,0.596957,0.797129
0.04,0.22,0.209416,0.198937,0.591647,0.790584
0.04,0.23,0.216189,0.197687,0.586124,0.783811
0.04,0.24,0.223196,0.196424,0.580381,0.776804
0.04,0.25,0.230445,0.195146,0.574409,0.769555
0.04,0.26,0.237946,0.193854,0.5682,0.762054
0.04,0.27,0.245706,0.192548,0.561746,0.754294
0.04,0.28,0.253734,0.191228,0.555038,0.746266
0.04,0.29,0.262039,0.189893,0.548068,0.737961
0.04,0.3,0.270628,0.188543,0.540828,0.729372
0.04,0.31,0.279512,0.187179,0.533309,0.720488
0.04,0.32,0.288698,0.185799,0.525503,0.711302
0.04,0.33,0.298194,0.184405,0.517401,0.701806
0.04,0.34,0.308008,0.182996,0.508996,0.691992
0.04,0.35,0.318148,0.181572,0.50028,0.681852
0.04,0.36,0.328621,0.180133,0.491246,0.671379
0.04,0.37,0.339432,0.178679,0.481888,0.660568
0.04,0.38,0.350587,0.177211,0.472202,0.649413
0.04,0.39,0.36209,0.175728,0.462182,0.63791
0.04,0.4,0.373943,0.174231,0.451826,0.626057
0.04,0.41,0.386147,0.17272,0.441133,0.613853
0.04,0.42,0.398699,0.171196,0.430105,0.601301
0.04,0.43,0.411597,0.169659,0.418745,0.588403
0.04,0.44,0.424832,0.168109,0.407059,0.575168
0.04,0.45,0.438395,0.166547,0.395058,0.561605
0.04,0.46,0.452272,0.164974,0.382755,0.547728
0.04,0.47,0.466443,0.16339,0.370167,0.533557
0.04,0.48,0.480885,0.161797,0.357318,0.519115
0.04,0.49,0.49557,0.160196,0.344234,0.50443
0.04,0.5,0.510463,0.158587,0.33095,0.489537
0.04,0.51,0.525525,0.156972,0.317503,0.474475
0.04,0.52,0.54071,0.155353,0.303938,0.45929
0.04,0.53,0.555967,0.15373,0.290304,0.444033
0.04,0.54,0.57124,0.152105,0.276655,0.42876
0.04,0.55,0.586469,0.15048,0.263051,0.413531
0.04,0.56,0.60159,0.148857,0.249552,0.39841
0.04,0.57,0.61654,0.147238,0.236222,0.38346
0.04,0.58,0.631253,0.145624,0.223124,0.368747
0.04,0.59,0.645666,0.144017,0.210318,0.354334
0.04,0.6,0.65972,0.142419,0.197861,0.34028
0.04,0.61,0.673362,0.140832,0.185806,0.326638
0.04,0.62,0.686545,0.139258,0.174197,0.313455
0.04,0.63,0.69923,0.137699,0.163071,0.30077
0.04,0.64,0.711387,0.136157,0.152456,0.288613
0.04,0.65,0.722995,0.134632,0.142372,0.277005
0.04,0.66,0.734042,0.133128,0.13283,0.265958
0.04,0.67,0.744524,0.131644,0.123831,0.255476
0.04,0.68,0.754444,0.130183,0.115373,0.245556
0.04,0.69,0.763811,0.128745,0.107444,0.236189
0.04,0.7,0.772639,0.127332,0.100029,0.227361
0.04,0.71,0.780948,0.125944,0.0931081,0.219052
0.04,0.72,0.788757,0.124582,0.0866601,0.211243
0.04,0.73,0.796092,0.123247,0.0806606,0.203908
0.04,0.74,0.802976,0.121939,0.0750846,0.197024
0.04,0.75,0.809435,0.120659,0.0699063,0.190565
0.04,0.76,0.815494,0.119406,0.0651005,0.184506
0.04,0.77,0.821177,0.118181,0.0606422,0.178823
0.04,0.78,0.82651,0.116983,0.0565074,0.17349
0.04,0.79,0.831514,0.115813,0.0526728,0.168486
0.04,0.8,0.836213,0.11467,0.0491168,0.163787
0.04,0.81,0.840627,0.113555,0.0458186,0.159373
0.04,0.82,0.844775,0.112466,0.0427589,0.155225
0.04,0.83,0.848677,0.111403,0.0399198,0.151323
0.04,0.84,0.852348,0.110367,0.0372844,0.147652
0.04,0.85,0.855806,0.109356,0.0348372,0.144194
0.04,0.86,0.859065,0.108371,0.0325638,0.140935
0.04,0.87,0.862139,0.10741,0.0304509,0.137861
0.04,0.88,0.865041,0.106473,0.0284864,0.134959
0.04,0.89,0.867782,0.105559,0.0266588,0.132218
0.04,0.9,0.870373,0.104669,0.0249579,0.129627
0.04,0.91,0.872825,0.1038,0.0233741,0.127175
0.04,0.92,0.875147,0.102954,0.0218986,0.124853
0.04,0.93,0.877347,0.102129,0.0205234,0.122653
0.04,0.94,0.879434,0.101325,0.019241,0.120566
0.04,0.95,0.881415,0.100541,0.0180446,0.118585
0.04,0.96,0.883296,0.0997763,0.016928,0.116704
0.04,0.97,0.885084,0.0990308,0.0158854,0.114916
0.04,0.98,0.886785,0.0983039,0.0149114,0.113215
0.04,0.99,0.888404,0.097595,0.0140012,0.111596
0.04,1,0.889946,0.0969035,0.0131502,0.110054
0.05,0,0.105854,0.223285,0.670862,0.894146
0.05,0.01,0.109109,0.222292,0.668599,0.890891
0.05,0.02,0.11247,0.22129,0.66624,0.88753
0.05,0.03,0.115943,0.220277,0.66378,0.884057
0.05,0.04,0.119531,0.219255,0.661214,0.880469
0.05,0.05,0.123238,0.218222,0.65854,0.876762
0.05,0.06,0.127068,0.217179,0.655754,0.872932
0.05,0.07,0.131026,0.216125,0.652849,0.868974
0.05,0.08,0.135117,0.21506,0.649824,0.864883
0.05,0.09,0.139344,0.213984,0.646672,0.860656
0.05,0.1,0.143715,0.212897,0.643388,0.856285
0.05,0.11,0.148233,0.211798,0.639969,0.851767
0.05,0.12,0.152904,0.210688,0.636408,0.847096
0.05,0.13,0.157733,0.209567,0.6327,0.842267
0.05,0.14,0.162727,0.208433,0.62884,0.837273
0.05,0.15,0.167891,0.207287,0.624822,0.832109
0.05,0.16,0.173232,0.206129,0.620639,0.826768
0.05,0.17,0.178757,0.204958,0.616285,0.821243
0.05,0.18,0.184471,0.203775,0.611755,0.815529
0.05,0.19,0.190382,0.202578,0.60704,0.809618
0.05,0.2,0.196496,0.201368,0.602135,0.803504
0.05,0.21,0.202822,0.200146,0.597032,0.797178
0.05,0.22,0.209367,0.198909,0.591724,0.790633
0.05,0.23,0.216139,0.197659,0.586202,0.783861
0.05,0.24,0.223145,0.196395,0.58046,0.776855
0.05,0.25,0.230393,0.195117,0.574489,0.769607
0.05,0.26,0.237893,0.193825,0.568282,0.762107
0.05,0.27,0.245652,0.192519,0.561829,0.754348
0.05,0.28,0.25368,0.191198,0.555122,0.74632
0.05,0.29,0.261984,0.189862,0.548154,0.738016
0.05,0.3,0.270573,0.188512,0.540915,0.729427
0.05,0.31,0.279456,0.187147,0.533397,0.720544
0.05,0.32,0.288641,0.185767,0.525592,0.711359
0.05,0.33,0.298137,0.184372,0.517491,0.701863
0.05,0.34,0.307951,0.182963,0.509087,0.692049
0.05,0.35,0.318091,0.181538,0.500371,0.681909
0.05,0.36,0.328563,0.180098,0.491338,0.671437
0.05,0.37,0.339375,0.178644,0.481981,0.660625
0.05,0.38,0.35053,0.177175,0.472294,0.64947
0.05,0.39,0.362034,0.175692,0.462274,0.637966
0.05,0.4,0.373887,0.174194,0.451918,0.626113
0.05,0.41,0.386092,0.172683,0.441225,0.613908
0.05,0.42,0.398646,0.171158,0.430196,0.601354
0.05,0.43,0.411545,0.169619,0.418835,0.588455
0.05,0.44,0.424783,0.168069,0.407148,0.575217
0.05,0.45,0.438349,0.166506,0.395145,0.561651
0.05,0.46,0.452228,0.164932,0.38284,0.547772
0.05,0.47,0.466402,0.163348,0.37025,0.533598
0.05,0.48,0.480849,0.161754,0.357397,0.519151
0.05,0.49,0.495538,0.160152,0.34431,0.504462
0.05,0.5,0.510437,0.158542,0.331021,0.489563
0.05,0.51,0.525505,0.156926,0.317569,0.474495
0.05,0.52,0.540697,0.155305,0.303998,0.459303
0.05,0.53,0.555961,0.153681,0.290358,0.444039
0.05,0.54,0.571242,0.152056,0.276702,0.428758
0.05,0.55,0.58648,0.15043,0.26309,0.41352
0.05,0.56,0.601611,0.148806,0.249583,0.398389
0.05,0.57,0.616571,0.147185,0.236244,0.383429
0.05,0.58,0.631294,0.14557,0.223136,0.368706
0.05,0.59,0.645718,0.143962,0.21032,0.354282
0.05,0.6,0.659784,0.142363,0.197853,0.340216
0.05,0.61,0.673437,0.140775,0.185788,0.326563
0.05,0.62,0.686632,0.1392,0.174169,0.313368
0.05,0.63,0.699328,0.137639,0.163032,0.300672
0.05,0.64,0.711497,0.136096,0.152407,0.288503
0.05,0.65,0.723117,0.13457,0.142314,0.276883
0.05,0.66,0.734175,0.133064,0.132761,0.265825
0.05,0.67,0.744667,0.131579,0.123754,0.255333
0.05,0.68,0.754597,0.130117,0.115287,0.245403
0.05,0.69,0.763973,0.128678,0.107349,0.236027
0.05,0.7,0.77281,0.127263,0.0999266,0.22719
0.05,0.71,0.781127,0.125874,0.0929989,0.218873
0.05,0.72,0.788944,0.124511,0.0865443,0.211056
0.05,0.73,0.796286,0.123175,0.0805388,0.203714
0.05,0.74,0.803177,0.121866,0.074957,0.196823
0.05,0.75,0.809642,0.120584,0.0697736,0.190358
0.05,0.76,0.815707,0.11933,0.064963,0.184293
0.05,0.77,0.821396,0.118103,0.0605003,0.178604
0.05,0.78,0.826734,0.116905,0.0563614,0.173266
0.05,0.79,0.831743,0.115734,0.0525232,0.168257
0.05,0.8,0.836446,0.11459,0.0489637,0.163554
0.05,0.81,0.840864,0.113473,0.0456624,0.159136
0.05,0.82,0.845017,0.112383,0.0425999,0.154983
0.05,0.83,0.848922,0.11132,0.0397582,0.151078
0.05,0.84,0.852597,0.110283,0.0371203,0.147403
0.05,0.85,0.856058,0.109271,0.0346709,0.143942
0.05,0.86,0.85932,0.108285,0.0323954,0.14068
0.05,0.87,0.862397,0.107323,0.0302807,0.137603
0.05,0.88,0.865301,0.106385,0.0283143,0.134699
0.05,0.89,0.868044,0.105471,0.0264852,0.131956
0.05,0.9,0.870638,0.104579,0.0247827,0.129362
0.05,0.91,0.873092,0.10371,0.0231975,0.126908
0.05,0.92,0.875416,0.102863,0.0217207,0.124584
0.05,0.93,0.877618,0.102038,0.0203443,0.122382
0.05,0.94,0.879707,0.101233,0.0190607,0.120293
0.05,0.95,0.881689,0.100448,0.0178633,0.118311
0.05,0.96,0.883572,0.0996825,0.0167456,0.116428
0.05,0.97,0.885362,0.0989364,0.015702,0.114638
0.05,0.98,0.887064,0.0982089,0.0147272,0.112936
0.05,0.99,0.888685,0.0974993,0.0138161,0.111315
0.05,1,0.890228,0.0968073,0.0129643,0.109772
0.06,0,0.105823,0.223264,0.670913,0.894177
0.06,0.01,0.109077,0.222271,0.668652,0.890923
0.06,0.02,0.112439,0.221268,0.666293,0.887561
0.06,0.03,0.115911,0.220256,0.663834,0.884089
0.06,0.04,0.119498,0.219233,0.66127,0.880502
0.06,0.05,0.123204,0.2182,0.658597,0.876796
0.06,0.06,0.127033,0.217156,0.655811,0.872967
0.06,0.07,0.13099,0.216102,0.652908,0.86901
0.06,0.08,0.13508,0.215037,0.649883,0.86492
0.06,0.09,0.139307,0.213961,0.646732,0.860693
0.06,0.1,0.143676,0.212874,0.64345,0.856324
0.06,0.11,0.148193,0.211775,0.640032,0.851807
0.06,0.12,0.152863,0.210665,0.636472,0.847137
0.06,0.13,0.157692,0.209542,0.632766,0.842308
0.06,0.14,0.162685,0.208408,0.628907,0.837315
0.06,0.15,0.167848,0.207262,0.624889,0.832152
0.06,0.16,0.173189,0.206104,0.620708,0.826811
0.06,0.17,0.178712,0.204932,0.616356,0.821288
0.06,0.18,0.184425,0.203749,0.611826,0.815575
0.06,0.19,0.190335,0.202552,0.607113,0.809665
0.06,0.2,0.196449,0.201342,0.602209,0.803551
0.06,0.21,0.202774,0.200119,0.597107,0.797226
0.06,0.22,0.209318,0.198882,0.5918,0.790682
0.06,0.23,0.216089,0.197631,0.58628,0.783911
0.06,0.24,0.223094,0.196367,0.580539,0.776906
0.06,0.25,0.230342,0.195089,0.57457,0.769658
0.06,0.26,0.237841,0.193796,0.568363,0.762159
0.06,0.27,0.245599,0.192489,0.561912,0.754401
0.06,0.28,0.253626,0.191168,0.555207,0.746374
0.06,0.29,0.261929,0.189832,0.548239,0.738071
0.06,0.3,0.270517,0.188481,0.541002,0.729483
0.06,0.31,0.2794,0.187116,0.533485,0.7206
0.06,0.32,0.288584,0.185735,0.52568,0.711416
0.06,0.33,0.29808,0.18434,0.51758,0.70192
0.06,0.34,0.307894,0.18293,0.509177,0.692106
0.06,0.35,0.318033,0.181504,0.500462,0.681967
0.06,0.36,0.328506,0.180064,0.49143,0.671494
0.06,0.37,0.339318,0.178609,0.482073,0.660682
0.06,0.38,0.350474,0.17714,0.472387,0.649526
0.06,0.39,0.361978,0.175656,0.462367,0.638022
0.06,0.4,0.373832,0.174157,0.452011,0.626168
0.06,0.41,0.386038,0.172645,0.441317,0.613962
0.06,0.42,0.398593,0.171119,0.430288,0.601407
0.06,0.43,0.411494,0.16958,0.418926,0.588506
0.06,0.44,0.424734,0.168029,0.407237,0.575266
0.06,0.45,0.438302,0.166465,0.395233,0.561698
0.06,0.46,0.452184,0.164891,0.382925,0.547816
0.06,0.47,0.466362,0.163305,0.370332,0.533638
0.06,0.48,0.480813,0.161711,0.357477,0.519187
0.06,0.49,0.495507,0.160107,0.344386,0.504493
0.06,0.5,0.510411,0.158497,0.331092,0.489589
0.06,0.51,0.525485,0.15688,0.317635,0.474515
0.06,0.52,0.540683,0.155258,0.304059,0.459317
0.06,0.53,0.555955,0.153633,0.290412,0.444045
0.06,0.54,0.571244,0.152006,0.276749,0.428756
0.06,0.55,0.586491,0.15038,0.263129,0.413509
0.06,0.56,0.601632,0.148754,0.249614,0.398368
0.06,0.57,0.616601,0.147133,0.236266,0.383399
0.06,0.58,0.631335,0.145516,0.223149,0.368665
0.06,0.59,0.64577,0.143907,0.210323,0.35423
0.06,0.6,0.659847,0.142306,0.197846,0.340153
0.06,0.61,0.673512,0.140717,0.185771,0.326488
0.06,0.62,0.686718,0.139141,0.174141,0.313282
0.06,0.63,0.699426,0.13758,0.162994,0.300574
0.06,0.64,0.711606,0.136035,0.15236,0.288394
0.06,0.65,0.723237,0.134508,0.142256,0.276763
0.06,0.66,0.734305,0.133,0.132694,0.265695
0.06,0.67,0.744808,0.131514,0.123678,0.255192
0.06,0.68,0.754748,0.13005,0.115202,0.245252
0.06,0.69,0.764133,0.12861,0.107256,0.235867
0.06,0.7,0.772979,0.127195,0.099826,0.227021
0.06,0.71,0.781304,0.125804,0.0928913,0.218696
0.06,0.72,0.78913,0.12444,0.0864301,0.21087
0.06,0.73,0.796479,0.123103,0.0804184,0.203521
0.06,0.74,0.803377,0.121792,0.0748311,0.196623
0.06,0.75,0.809848,0.12051,0.0696425,0.190152
0.06,0.76,0.815919,0.119254,0.0648271,0.184081
0.06,0.77,0.821613,0.118027,0.0603601,0.178387
0.06,0.78,0.826956,0.116827,0.0562172,0.173044
0.06,0.79,0.83197,0.115655,0.0523753,0.16803
0.06,0.8,0.836678,0.11451,0.0488125,0.163322
0.06,0.81,0.8411,0.113392,0.0455081,0.1589
0.06,0.82,0.845256,0.112302,0.0424427,0.154744
0.06,0.83,0.849164,0.111237,0.0395984,0.150836
0.06,0.84,0.852843,0.110199,0.0369581,0.147157
0.06,0.85,0.856307,0.109186,0.0345065,0.143693
0.06,0.86,0.859572,0.108199,0.032229,0.140428
0.06,0.87,0.862651,0.107236,0.0301123,0.137349
0.06,0.88,0.865558,0.106297,0.0281443,0.134442
0.06,0.89,0.868304,0.105382,0.0263135,0.131696
0.06,0.9,0.8709,0.10449,0.0246095,0.1291
0.06,0.91,0.873357,0.103621,0.0230229,0.126643
0.06,0.92,0.875682,0.102773,0.0215448,0.124318
0.06,0.93,0.877887,0.101946,0.0201672,0.122113
0.06,0.94,0.879977,0.101141,0.0188825,0.120023
0.06,0.95,0.881961,0.100355,0.017684,0.118039
0.06,0.96,0.883845,0.0995892,0.0165653,0.116155
0.06,0.97,0.885637,0.0988425,0.0155208,0.114363
0.06,0.98,0.887341,0.0981143,0.014545,0.112659
0.06,0.99,0.888963,0.0974041,0.0136331,0.111037
0.06,1,0.890508,0.0967115,0.0127806,0.109492
0.07,0,0.105793,0.223243,0.670964,0.894207
0.07,0.01,0.109046,0.22225,0.668703,0.890954
0.07,0.02,0.112407,0.221247,0.666346,0.887593
0.07,0.03,0.115878,0.220234,0.663888,0.884122
0.07,0.04,0.119464,0.219211,0.661324,0.880536
0.07,0.05,0.123169,0.218178,0.658653,0.876831
0.07,0.06,0.126998,0.217134,0.655868,0.873002
0.07,0.07,0.130954,0.21608,0.652966,0.869046
0.07,0.08,0.135043,0.215014,0.649942,0.864957
0.07,0.09,0.13927,0.213938,0.646792,0.86073
0.07,0.1,0.143638,0.21285,0.643512,0.856362
0.07,0.11,0.148154,0.211751,0.640094,0.851846
0.07,0.12,0.152823,0.210641,0.636536,0.847177
0.07,0.13,0.157651,0.209518,0.632831,0.842349
0.07,0.14,0.162643,0.208384,0.628973,0.837357
0.07,0.15,0.167806,0.207237,0.624957,0.832194
0.07,0.16,0.173145,0.206078,0.620776,0.826855
0.07,0.17,0.178668,0.204907,0.616426,0.821332
0.07,0.18,0.18438,0.203723,0.611897,0.81562
0.07,0.19,0.190289,0.202526,0.607186,0.809711
0.07,0.2,0.196402,0.201315,0.602283,0.803598
0.07,0.21,0.202726,0.200092,0.597182,0.797274
0.07,0.22,0.209269,0.198854,0.591876,0.790731
0.07,0.23,0.216039,0.197604,0.586358,0.783961
0.07,0.24,0.223043,0.196339,0.580618,0.776957
0.07,0.25,0.23029,0.19506,0.57465,0.76971
0.07,0.26,0.237788,0.193767,0.568445,0.762212
0.07,0.27,0.245546,0.19246,0.561994,0.754454
0.07,0.28,0.253572,0.191138,0.55529,0.746428
0.07,0.29,0.261874,0.189801,0.548324,0.738126
0.07,0.3,0.270462,0.18845,0.541088,0.729538
0.07,0.31,0.279344,0.187084,0.533572,0.720656
0.07,0.32,0.288528,0.185703,0.525769,0.711472
0.07,0.33,0.298023,0.184307,0.51767,0.701977
0.07,0.34,0.307837,0.182896,0.509267,0.692163
0.07,0.35,0.317976,0.181471,0.500553,0.682024
0.07,0.36,0.328449,0.18003,0.491521,0.671551
0.07,0.37,0.339261,0.178574,0.482165,0.660739
0.07,0.38,0.350417,0.177104,0.472479,0.649583
0.07,0.39,0.361921,0.175619,0.462459,0.638079
0.07,0.4,0.373777,0.17412,0.452103,0.626223
0.07,0.41,0.385983,0.172608,0.441409,0.614017
0.07,0.42,0.39854,0.171081,0.430379,0.60146
0.07,0.43,0.411443,0.169541,0.419016,0.588557
0.07,0.44,0.424684,0.167989,0.407326,0.575316
0.07,0.45,0.438255,0.166425,0.39532,0.561745
0.07,0.46,0.45214,0.164849,0.38301,0.54786
0.07,0.47,0.466322,0.163263,0.370415,0.533678
0.07,0.48,0.480776,0.161668,0.357556,0.519224
0.07,0.49,0.495475,0.160063,0.344461,0.504525
0.07,0.5,0.510385,0.158452,0.331164,0.489615
0.07,0.51,0.525464,0.156834,0.317702,0.474536
0.07,0.52,0.540669,0.155211,0.304119,0.459331
0.07,0.53,0.555949,0.153585,0.290466,0.444051
0.07,0.54,0.571246,0.151958,0.276797,0.428754
0.07,0.55,0.586501,0.15033,0.263169,0.413499
0.07,0.56,0.601651,0.148703,0.249646,0.398349
0.07,0.57,0.616631,0.14708,0.236289,0.383369
0.07,0.58,0.631375,0.145463,0.223162,0.368625
0.07,0.59,0.645821,0.143852,0.210327,0.354179
0.07,0.6,0.659909,0.142251,0.19784,0.340091
0.07,0.61,0.673586,0.14066,0.185754,0.326414
0.07,0.62,0.686803,0.139083,0.174114,0.313197
0.07,0.63,0.699522,0.13752,0.162958,0.300478
0.07,0.64,0.711714,0.135974,0.152313,0.288286
0.07,0.65,0.723355,0.134446,0.142199,0.276645
0.07,0.66,0.734435,0.132937,0.132628,0.265565
0.07,0.67,0.744948,0.13145,0.123603,0.255052
0.07,0.68,0.754897,0.129985,0.115118,0.245103
0.07,0.69,0.764292,0.128543,0.107165,0.235708
0.07,0.7,0.773147,0.127126,0.0997268,0.226853
0.07,0.71,0.78148,0.125735,0.092785,0.21852
0.07,0.72,0.789313,0.12437,0.0863173,0.210687
0.07,0.73,0.796669,0.123031,0.0802996,0.203331
0.07,0.74,0.803574,0.121719,0.0747067,0.196426
0.07,0.75,0.810052,0.120435,0.069513,0.189948
0.07,0.76,0.816128,0.119179,0.0646929,0.183872
0.07,0.77,0.821828,0.11795,0.0602215,0.178172
0.07,0.78,0.827176,0.116749,0.0560746,0.172824
0.07,0.79,0.832195,0.115576,0.0522291,0.167805
0.07,0.8,0.836907,0.11443,0.0486629,0.163093
0.07,0.81,0.841333,0.113312,0.0453555,0.158667
0.07,0.82,0.845493,0.11222,0.0422873,0.154507
0.07,0.83,0.849405,0.111155,0.0394404,0.150595
0.07,0.84,0.853087,0.110116,0.0367978,0.146913
0.07,0.85,0.856554,0.109102,0.0343439,0.143446
0.07,0.86,0.859822,0.108114,0.0320644,0.140178
0.07,0.87,0.862904,0.10715,0.0299459,0.137096
0.07,0.88,0.865813,0.106211,0.0279761,0.134187
0.07,0.89,0.868562,0.105295,0.0261437,0.131438
0.07,0.9,0.87116,0.104402,0.0244383,0.12884
0.07,0.91,0.873618,0.103531,0.0228503,0.126382
0.07,0.92,0.875946,0.102683,0.0213709,0.124054
0.07,0.93,0.878152,0.101856,0.0199921,0.121848
0.07,0.94,0.880245,0.101049,0.0187063,0.119755
0.07,0.95,0.88223,0.100263,0.0175067,0.11777
0.07,0.96,0.884117,0.0994964,0.0163871,0.115883
0.07,0.97,0.885909,0.098749,0.0153416,0.114091
0.07,0.98,0.887615,0.0980202,0.014365,0.112385
0.07,0.99,0.889238,0.0973094,0.0134522,0.110762
0.07,1,0.890785,0.0966162,0.0125989,0.109215
0.08,0,0.105763,0.223223,0.671015,0.894237
0.08,0.01,0.109015,0.222229,0.668755,0.890985
0.08,0.02,0.112375,0.221226,0.666399,0.887625
0.08,0.03,0.115845,0.220213,0.663941,0.884155
0.08,0.04,0.119431,0.21919,0.661379,0.880569
0.08,0.05,0.123135,0.218156,0.658708,0.876865
0.08,0.06,0.126963,0.217112,0.655925,0.873037
0.08,0.07,0.130919,0.216057,0.653024,0.869081
0.08,0.08,0.135007,0.214992,0.650001,0.864993
0.08,0.09,0.139232,0.213915,0.646853,0.860768
0.08,0.1,0.1436,0.212827,0.643573,0.8564
0.08,0.11,0.148115,0.211728,0.640157,0.851885
0.08,0.12,0.152784,0.210617,0.636599,0.847216
0.08,0.13,0.15761,0.209494,0.632895,0.84239
0.08,0.14,0.162602,0.20836,0.629039,0.837398
0.08,0.15,0.167763,0.207213,0.625024,0.832237
0.08,0.16,0.173102,0.206053,0.620845,0.826898
0.08,0.17,0.178623,0.204882,0.616495,0.821377
0.08,0.18,0.184335,0.203697,0.611968,0.815665
0.08,0.19,0.190243,0.202499,0.607258,0.809757
0.08,0.2,0.196355,0.201289,0.602356,0.803645
0.08,0.21,0.202678,0.200065,0.597257,0.797322
0.08,0.22,0.20922,0.198827,0.591953,0.79078
0.08,0.23,0.215989,0.197576,0.586435,0.784011
0.08,0.24,0.222993,0.196311,0.580697,0.777007
0.08,0.25,0.230239,0.195032,0.57473,0.769761
0.08,0.26,0.237736,0.193738,0.568526,0.762264
0.08,0.27,0.245493,0.19243,0.562077,0.754507
0.08,0.28,0.253518,0.191108,0.555374,0.746482
0.08,0.29,0.26182,0.189771,0.548409,0.73818
0.08,0.3,0.270407,0.188419,0.541174,0.729593
0.08,0.31,0.279288,0.187053,0.533659,0.720712
0.08,0.32,0.288472,0.185671,0.525857,0.711528
0.08,0.33,0.297967,0.184275,0.517758,0.702033
0.08,0.34,0.30778,0.182863,0.509357,0.69222
0.08,0.35,0.317919,0.181437,0.500644,0.682081
0.08,0.36,0.328392,0.179996,0.491612,0.671608
0.08,0.37,0.339204,0.17854,0.482256,0.660796
0.08,0.38,0.35036,0.177069,0.472571,0.64964
0.08,0.39,0.361865,0.175583,0.462551,0.638135
0.08,0.4,0.373721,0.174084,0.452195,0.626279
0.08,0.41,0.385929,0.17257,0.441501,0.614071
0.08,0.42,0.398487,0.171043,0.43047,0.601513
0.08,0.43,0.411391,0.169503,0.419106,0.588609
0.08,0.44,0.424635,0.16795,0.407415,0.575365
0.08,0.45,0.438208,0.166384,0.395407,0.561792
0.08,0.46,0.452097,0.164808,0.383095,0.547903
0.08,0.47,0.466282,0.163221,0.370497,0.533718
0.08,0.48,0.48074,0.161625,0.357635,0.51926
0.08,0.49,0.495444,0.16002,0.344537,0.504556
0.08,0.5,0.510358,0.158407,0.331235,0.489642
0.08,0.51,0.525444,0.156788,0.317768,0.474556
0.08,0.52,0.540655,0.155165,0.30418,0.459345
