e1,e2,V,Rs,Rv,P
0,0,0.295087,0.00560887,0.699305,0.704913
0,0.01,0.295069,0.00560832,0.699322,0.704931
0,0.02,0.295053,0.00560777,0.69934,0.704947
0,0.03,0.295036,0.00560722,0.699357,0.704964
0,0.04,0.295019,0.00560667,0.699374,0.704981
0,0.05,0.295003,0.00560612,0.699391,0.704997
0,0.06,0.294987,0.00560557,0.699407,0.705013
0,0.07,0.294971,0.00560502,0.699424,0.705029
0,0.08,0.294955,0.00560447,0.69944,0.705045
0,0.09,0.29494,0.00560393,0.699456,0.70506
0,0.1,0.294924,0.00560338,0.699472,0.705076
0,0.11,0.294909,0.00560284,0.699488,0.705091
0,0.12,0.294894,0.0056023,0.699504,0.705106
0,0.13,0.294879,0.00560175,0.699519,0.705121
0,0.14,0.294864,0.00560121,0.699535,0.705136
0,0.15,0.29485,0.00560067,0.69955,0.70515
0,0.16,0.294835,0.00560013,0.699565,0.705165
0,0.17,0.294821,0.00559959,0.69958,0.705179
0,0.18,0.294807,0.00559905,0.699594,0.705193
0,0.19,0.294793,0.00559852,0.699609,0.705207
0,0.2,0.294779,0.00559798,0.699623,0.705221
0,0.21,0.294765,0.00559744,0.699638,0.705235
0,0.22,0.294751,0.00559691,0.699652,0.705249
0,0.23,0.294738,0.00559638,0.699666,0.705262
0,0.24,0.294725,0.00559584,0.69968,0.705275
0,0.25,0.294711,0.00559531,0.699693,0.705289
0,0.26,0.294698,0.00559478,0.699707,0.705302
0,0.27,0.294686,0.00559425,0.69972,0.705314
0,0.28,0.294673,0.00559372,0.699733,0.705327
0,0.29,0.29466,0.00559319,0.699747,0.70534
0,0.3,0.294648,0.00559266,0.69976,0.705352
0,0.31,0.294635,0.00559213,0.699773,0.705365
0,0.32,0.294623,0.0055916,0.699785,0.705377
0,0.33,0.294611,0.00559108,0.699798,0.705389
0,0.34,0.294599,0.00559055,0.69981,0.705401
0,0.35,0.294587,0.00559003,0.699823,0.705413
0,0.36,0.294575,0.00558951,0.699835,0.705425
0,0.37,0.294564,0.00558898,0.699847,0.705436
0,0.38,0.294552,0.00558846,0.699859,0.705448
0,0.39,0.294541,0.00558794,0.699871,0.705459
0,0.4,0.29453,0.00558742,0.699883,0.70547
0,0.41,0.294518,0.0055869,0.699895,0.705482
0,0.42,0.294507,0.00558638,0.699906,0.705493
0,0.43,0.294496,0.00558586,0.699918,0.705504
0,0.44,0.294486,0.00558535,0.699929,0.705514
0,0.45,0.294475,0.00558483,0.69994,0.705525
0,0.46,0.294464,0.00558431,0.699952,0.705536
0,0.47,0.294454,0.0055838,0.699963,0.705546
0,0.48,0.294443,0.00558328,0.699974,0.705557
0,0.49,0.294433,0.00558277,0.699984,0.705567
0,0.5,0.294423,0.00558226,0.699995,0.705577
0,0.51,0.294413,0.00558175,0.700006,0.705587
0,0.52,0.294403,0.00558124,0.700016,0.705597
0,0.53,0.294393,0.00558073,0.700027,0.705607
0,0.54,0.294383,0.00558022,0.700037,0.705617
0,0.55,0.294373,0.00557971,0.700047,0.705627
0,0.56,0.294363,0.0055792,0.700057,0.705637
0,0.57,0.294354,0.00557869,0.700067,0.705646
0,0.58,0.294344,0.00557819,0.700077,0.705656
0,0.59,0.294335,0.00557768,0.700087,0.705665
0,0.6,0.294326,0.00557717,0.700097,0.705674
0,0.61,0.294317,0.00557667,0.700107,0.705683
0,0.62,0.294307,0.00557617,0.700116,0.705693
0,0.63,0.294298,0.00557566,0.700126,0.705702
0,0.64,0.29429,0.00557516,0.700135,0.70571
0,0.65,0.294281,0.00557466,0.700145,0.705719
0,0.66,0.294272,0.00557416,0.700154,0.705728
0,0.67,0.294263,0.00557366,0.700163,0.705737
0,0.68,0.294255,0.00557316,0.700172,0.705745
0,0.69,0.294246,0.00557266,0.700181,0.705754
0,0.7,0.294238,0.00557217,0.70019,0.705762
0,0.71,0.294229,0.00557167,0.700199,0.705771
0,0.72,0.294221,0.00557117,0.700208,0.705779
0,0.73,0.294213,0.00557068,0.700217,0.705787
0,0.74,0.294205,0.00557018,0.700225,0.705795
0,0.75,0.294197,0.00556969,0.700234,0.705803
0,0.76,0.294189,0.0055692,0.700242,0.705811
0,0.77,0.294181,0.0055687,0.700251,0.705819
0,0.78,0.294173,0.00556821,0.700259,0.705827
0,0.79,0.294165,0.00556772,0.700267,0.705835
0,0.8,0.294157,0.00556723,0.700275,0.705843
0,0.81,0.29415,0.00556674,0.700284,0.70585
0,0.82,0.294142,0.00556625,0.700292,0.705858
0,0.83,0.294135,0.00556576,0.7003,0.705865
0,0.84,0.294127,0.00556528,0.700308,0.705873
0,0.85,0.29412,0.00556479,0.700315,0.70588
0,0.86,0.294113,0.0055643,0.700323,0.705887
0,0.87,0.294105,0.00556382,0.700331,0.705895
0,0.88,0.294098,0.00556333,0.700339,0.705902
0,0.89,0.294091,0.00556285,0.700346,0.705909
0,0.9,0.294084,0.00556237,0.700354,0.705916
0,0.91,0.294077,0.00556188,0.700361,0.705923
0,0.92,0.29407,0.0055614,0.700369,0.70593
0,0.93,0.294063,0.00556092,0.700376,0.705937
0,0.94,0.294056,0.00556044,0.700383,0.705944
0,0.95,0.29405,0.00555996,0.70039,0.70595
0,0.96,0.294043,0.00555948,0.700398,0.705957
0,0.97,0.294036,0.005559,0.700405,0.705964
0,0.98,0.29403,0.00555853,0.700412,0.70597
0,0.99,0.294023,0.00555805,0.700419,0.705977
0,1,0.294017,0.00555757,0.700426,0.705983
0.01,0,0.303082,0.00560433,0.691314,0.696918
0.01,0.01,0.303065,0.00560377,0.691332,0.696935
0.01,0.02,0.303047,0.00560322,0.691349,0.696953
0.01,0.03,0.30303,0.00560267,0.691367,0.69697
0.01,0.04,0.303013,0.00560212,0.691384,0.696987
0.01,0.05,0.302997,0.00560157,0.691402,0.697003
0.01,0.06,0.30298,0.00560102,0.691419,0.69702
0.01,0.07,0.302964,0.00560047,0.691436,0.697036
0.01,0.08,0.302948,0.00559993,0.691452,0.697052
0.01,0.09,0.302932,0.00559938,0.691469,0.697068
0.01,0.1,0.302916,0.00559884,0.691485,0.697084
0.01,0.11,0.302901,0.00559829,0.691501,0.697099
0.01,0.12,0.302885,0.00559775,0.691517,0.697115
0.01,0.13,0.30287,0.00559721,0.691533,0.69713
0.01,0.14,0.302855,0.00559666,0.691549,0.697145
0.01,0.15,0.30284,0.00559612,0.691564,0.69716
0.01,0.16,0.302825,0.00559558,0.691579,0.697175
0.01,0.17,0.30281,0.00559504,0.691595,0.69719
0.01,0.18,0.302796,0.00559451,0.69161,0.697204
0.01,0.19,0.302782,0.00559397,0.691624,0.697218
0.01,0.2,0.302768,0.00559343,0.691639,0.697232
0.01,0.21,0.302754,0.0055929,0.691654,0.697246
0.01,0.22,0.30274,0.00559236,0.691668,0.69726
0.01,0.23,0.302726,0.00559183,0.691682,0.697274
0.01,0.24,0.302712,0.00559129,0.691696,0.697288
0.01,0.25,0.302699,0.00559076,0.69171,0.697301
0.01,0.26,0.302686,0.00559023,0.691724,0.697314
0.01,0.27,0.302673,0.0055897,0.691738,0.697327
0.01,0.28,0.30266,0.00558917,0.691751,0.69734
0.01,0.29,0.302647,0.00558864,0.691765,0.697353
0.01,0.3,0.302634,0.00558811,0.691778,0.697366
0.01,0.31,0.302621,0.00558758,0.691791,0.697379
0.01,0.32,0.302609,0.00558706,0.691804,0.697391
0.01,0.33,0.302596,0.00558653,0.691817,0.697404
0.01,0.34,0.302584,0.005586,0.69183,0.697416
0.01,0.35,0.302572,0.00558548,0.691842,0.697428
0.01,0.36,0.30256,0.00558496,0.691855,0.69744
0.01,0.37,0.302548,0.00558443,0.691867,0.697452
0.01,0.38,0.302537,0.00558391,0.691879,0.697463
0.01,0.39,0.302525,0.00558339,0.691892,0.697475
0.01,0.4,0.302514,0.00558287,0.691904,0.697486
0.01,0.41,0.302502,0.00558235,0.691916,0.697498
0.01,0.42,0.302491,0.00558183,0.691927,0.697509
0.01,0.43,0.30248,0.00558131,0.691939,0.69752
0.01,0.44,0.302469,0.00558079,0.691951,0.697531
0.01,0.45,0.302458,0.00558028,0.691962,0.697542
0.01,0.46,0.302447,0.00557976,0.691973,0.697553
0.01,0.47,0.302436,0.00557925,0.691985,0.697564
0.01,0.48,0.302426,0.00557873,0.691996,0.697574
0.01,0.49,0.302415,0.00557822,0.692007,0.697585
0.01,0.5,0.302405,0.00557771,0.692018,0.697595
0.01,0.51,0.302394,0.00557719,0.692028,0.697606
0.01,0.52,0.302384,0.00557668,0.692039,0.697616
0.01,0.53,0.302374,0.00557617,0.69205,0.697626
0.01,0.54,0.302364,0.00557566,0.69206,0.697636
0.01,0.55,0.302354,0.00557515,0.692071,0.697646
0.01,0.56,0.302344,0.00557465,0.692081,0.697656
0.01,0.57,0.302335,0.00557414,0.692091,0.697665
0.01,0.58,0.302325,0.00557363,0.692101,0.697675
0.01,0.59,0.302316,0.00557313,0.692111,0.697684
0.01,0.6,0.302306,0.00557262,0.692121,0.697694
0.01,0.61,0.302297,0.00557212,0.692131,0.697703
0.01,0.62,0.302287,0.00557161,0.692141,0.697713
0.01,0.63,0.302278,0.00557111,0.692151,0.697722
0.01,0.64,0.302269,0.00557061,0.69216,0.697731
0.01,0.65,0.30226,0.00557011,0.69217,0.69774
0.01,0.66,0.302251,0.00556961,0.692179,0.697749
0.01,0.67,0.302242,0.00556911,0.692188,0.697758
0.01,0.68,0.302234,0.00556861,0.692198,0.697766
0.01,0.69,0.302225,0.00556811,0.692207,0.697775
0.01,0.7,0.302216,0.00556761,0.692216,0.697784
0.01,0.71,0.302208,0.00556711,0.692225,0.697792
0.01,0.72,0.3022,0.00556662,0.692234,0.6978
0.01,0.73,0.302191,0.00556612,0.692243,0.697809
0.01,0.74,0.302183,0.00556563,0.692251,0.697817
0.01,0.75,0.302175,0.00556513,0.69226,0.697825
0.01,0.76,0.302167,0.00556464,0.692269,0.697833
0.01,0.77,0.302159,0.00556415,0.692277,0.697841
0.01,0.78,0.302151,0.00556366,0.692286,0.697849
0.01,0.79,0.302143,0.00556316,0.692294,0.697857
0.01,0.8,0.302135,0.00556267,0.692303,0.697865
0.01,0.81,0.302127,0.00556218,0.692311,0.697873
0.01,0.82,0.302119,0.0055617,0.692319,0.697881
0.01,0.83,0.302112,0.00556121,0.692327,0.697888
0.01,0.84,0.302104,0.00556072,0.692335,0.697896
0.01,0.85,0.302097,0.00556023,0.692343,0.697903
0.01,0.86,0.302089,0.00555975,0.692351,0.697911
0.01,0.87,0.302082,0.00555926,0.692359,0.697918
0.01,0.88,0.302075,0.00555878,0.692367,0.697925
0.01,0.89,0.302067,0.00555829,0.692374,0.697933
0.01,0.9,0.30206,0.00555781,0.692382,0.69794
0.01,0.91,0.302053,0.00555733,0.69239,0.697947
0.01,0.92,0.302046,0.00555685,0.692397,0.697954
0.01,0.93,0.302039,0.00555636,0.692405,0.697961
0.01,0.94,0.302032,0.00555588,0.692412,0.697968
0.01,0.95,0.302025,0.0055554,0.692419,0.697975
0.01,0.96,0.302018,0.00555492,0.692427,0.697982
0.01,0.97,0.302012,0.00555445,0.692434,0.697988
0.01,0.98,0.302005,0.00555397,0.692441,0.697995
0.01,0.99,0.301998,0.00555349,0.692448,0.698002
0.01,1,0.301992,0.00555302,0.692455,0.698008
0.02,0,0.311318,0.00559983,0.683082,0.688682
0.02,0.01,0.3113,0.00559927,0.683101,0.6887
0.02,0.02,0.311282,0.00559872,0.683119,0.688718
0.02,0.03,0.311265,0.00559817,0.683137,0.688735
0.02,0.04,0.311248,0.00559762,0.683155,0.688752
0.02,0.05,0.311231,0.00559707,0.683172,0.688769
0.02,0.06,0.311214,0.00559652,0.68319,0.688786
0.02,0.07,0.311197,0.00559597,0.683207,0.688803
0.02,0.08,0.311181,0.00559543,0.683224,0.688819
0.02,0.09,0.311164,0.00559488,0.683241,0.688836
0.02,0.1,0.311148,0.00559434,0.683257,0.688852
0.02,0.11,0.311132,0.00559379,0.683274,0.688868
0.02,0.12,0.311117,0.00559325,0.68329,0.688883
0.02,0.13,0.311101,0.00559271,0.683306,0.688899
0.02,0.14,0.311086,0.00559216,0.683322,0.688914
0.02,0.15,0.31107,0.00559162,0.683338,0.68893
0.02,0.16,0.311055,0.00559108,0.683354,0.688945
0.02,0.17,0.31104,0.00559054,0.683369,0.68896
0.02,0.18,0.311026,0.00559,0.683384,0.688974
0.02,0.19,0.311011,0.00558947,0.683399,0.688989
0.02,0.2,0.310997,0.00558893,0.683414,0.689003
0.02,0.21,0.310982,0.00558839,0.683429,0.689018
0.02,0.22,0.310968,0.00558786,0.683444,0.689032
0.02,0.23,0.310954,0.00558732,0.683458,0.689046
0.02,0.24,0.31094,0.00558679,0.683473,0.68906
0.02,0.25,0.310927,0.00558626,0.683487,0.689073
0.02,0.26,0.310913,0.00558573,0.683501,0.689087
0.02,0.27,0.3109,0.0055852,0.683515,0.6891
0.02,0.28,0.310887,0.00558467,0.683529,0.689113
0.02,0.29,0.310873,0.00558414,0.683542,0.689127
0.02,0.3,0.31086,0.00558361,0.683556,0.68914
0.02,0.31,0.310848,0.00558308,0.683569,0.689152
0.02,0.32,0.310835,0.00558255,0.683583,0.689165
0.02,0.33,0.310822,0.00558203,0.683596,0.689178
0.02,0.34,0.31081,0.0055815,0.683609,0.68919
0.02,0.35,0.310797,0.00558098,0.683622,0.689203
0.02,0.36,0.310785,0.00558045,0.683634,0.689215
0.02,0.37,0.310773,0.00557993,0.683647,0.689227
0.02,0.38,0.310761,0.00557941,0.683659,0.689239
0.02,0.39,0.310749,0.00557889,0.683672,0.689251
0.02,0.4,0.310738,0.00557836,0.683684,0.689262
0.02,0.41,0.310726,0.00557784,0.683696,0.689274
0.02,0.42,0.310715,0.00557733,0.683708,0.689285
0.02,0.43,0.310703,0.00557681,0.68372,0.689297
0.02,0.44,0.310692,0.00557629,0.683732,0.689308
0.02,0.45,0.310681,0.00557577,0.683743,0.689319
0.02,0.46,0.31067,0.00557526,0.683755,0.68933
0.02,0.47,0.310659,0.00557474,0.683766,0.689341
0.02,0.48,0.310648,0.00557423,0.683778,0.689352
0.02,0.49,0.310637,0.00557371,0.683789,0.689363
0.02,0.5,0.310627,0.0055732,0.6838,0.689373
0.02,0.51,0.310616,0.00557269,0.683811,0.689384
0.02,0.52,0.310606,0.00557218,0.683822,0.689394
0.02,0.53,0.310596,0.00557167,0.683833,0.689404
0.02,0.54,0.310586,0.00557116,0.683843,0.689414
0.02,0.55,0.310575,0.00557065,0.683854,0.689425
0.02,0.56,0.310565,0.00557014,0.683864,0.689435
0.02,0.57,0.310556,0.00556963,0.683875,0.689444
0.02,0.58,0.310546,0.00556913,0.683885,0.689454
0.02,0.59,0.310536,0.00556862,0.683895,0.689464
0.02,0.6,0.310527,0.00556811,0.683905,0.689473
0.02,0.61,0.310517,0.00556761,0.683915,0.689483
0.02,0.62,0.310508,0.00556711,0.683925,0.689492
0.02,0.63,0.310498,0.0055666,0.683935,0.689502
0.02,0.64,0.310489,0.0055661,0.683945,0.689511
0.02,0.65,0.31048,0.0055656,0.683955,0.68952
0.02,0.66,0.310471,0.0055651,0.683964,0.689529
0.02,0.67,0.310462,0.0055646,0.683974,0.689538
0.02,0.68,0.310453,0.0055641,0.683983,0.689547
0.02,0.69,0.310444,0.0055636,0.683992,0.689556
0.02,0.7,0.310435,0.0055631,0.684002,0.689565
0.02,0.71,0.310427,0.00556261,0.684011,0.689573
0.02,0.72,0.310418,0.00556211,0.68402,0.689582
0.02,0.73,0.31041,0.00556161,0.684029,0.68959
0.02,0.74,0.310401,0.00556112,0.684038,0.689599
0.02,0.75,0.310393,0.00556063,0.684046,0.689607
0.02,0.76,0.310385,0.00556013,0.684055,0.689615
0.02,0.77,0.310376,0.00555964,0.684064,0.689624
0.02,0.78,0.310368,0.00555915,0.684073,0.689632
0.02,0.79,0.31036,0.00555866,0.684081,0.68964
0.02,0.8,0.310352,0.00555817,0.68409,0.689648
0.02,0.81,0.310344,0.00555768,0.684098,0.689656
0.02,0.82,0.310337,0.00555719,0.684106,0.689663
0.02,0.83,0.310329,0.0055567,0.684114,0.689671
0.02,0.84,0.310321,0.00555621,0.684123,0.689679
0.02,0.85,0.310314,0.00555572,0.684131,0.689686
0.02,0.86,0.310306,0.00555524,0.684139,0.689694
0.02,0.87,0.310298,0.00555475,0.684147,0.689702
0.02,0.88,0.310291,0.00555427,0.684155,0.689709
0.02,0.89,0.310284,0.00555378,0.684162,0.689716
0.02,0.9,0.310276,0.0055533,0.68417,0.689724
0.02,0.91,0.310269,0.00555282,0.684178,0.689731
0.02,0.92,0.310262,0.00555234,0.684186,0.689738
0.02,0.93,0.310255,0.00555185,0.684193,0.689745
0.02,0.94,0.310248,0.00555137,0.684201,0.689752
0.02,0.95,0.310241,0.00555089,0.684208,0.689759
0.02,0.96,0.310234,0.00555041,0.684216,0.689766
0.02,0.97,0.310227,0.00554994,0.684223,0.689773
0.02,0.98,0.31022,0.00554946,0.68423,0.68978
0.02,0.99,0.310214,0.00554898,0.684237,0.689786
0.02,1,0.310207,0.0055485,0.684245,0.689793
0.03,0,0.319803,0.00559537,0.674602,0.680197
0.03,0.01,0.319784,0.00559482,0.674621,0.680216
0.03,0.02,0.319766,0.00559427,0.674639,0.680234
0.03,0.03,0.319749,0.00559372,0.674658,0.680251
0.03,0.04,0.319731,0.00559317,0.674676,0.680269
0.03,0.05,0.319714,0.00559262,0.674694,0.680286
0.03,0.06,0.319696,0.00559207,0.674711,0.680304
0.03,0.07,0.319679,0.00559152,0.674729,0.680321
0.03,0.08,0.319663,0.00559097,0.674746,0.680337
0.03,0.09,0.319646,0.00559043,0.674764,0.680354
0.03,0.1,0.31963,0.00558988,0.674781,0.68037
0.03,0.11,0.319613,0.00558934,0.674797,0.680387
0.03,0.12,0.319597,0.00558879,0.674814,0.680403
0.03,0.13,0.319581,0.00558825,0.67483,0.680419
0.03,0.14,0.319566,0.00558771,0.674847,0.680434
0.03,0.15,0.31955,0.00558717,0.674863,0.68045
0.03,0.16,0.319535,0.00558663,0.674879,0.680465
0.03,0.17,0.319519,0.00558609,0.674894,0.680481
0.03,0.18,0.319504,0.00558555,0.67491,0.680496
0.03,0.19,0.319489,0.00558501,0.674926,0.680511
0.03,0.2,0.319475,0.00558448,0.674941,0.680525
0.03,0.21,0.31946,0.00558394,0.674956,0.68054
0.03,0.22,0.319446,0.0055834,0.674971,0.680554
0.03,0.23,0.319431,0.00558287,0.674986,0.680569
0.03,0.24,0.319417,0.00558234,0.675,0.680583
0.03,0.25,0.319403,0.0055818,0.675015,0.680597
0.03,0.26,0.31939,0.00558127,0.675029,0.68061
0.03,0.27,0.319376,0.00558074,0.675043,0.680624
0.03,0.28,0.319362,0.00558021,0.675057,0.680638
0.03,0.29,0.319349,0.00557968,0.675071,0.680651
0.03,0.3,0.319336,0.00557915,0.675085,0.680664
0.03,0.31,0.319323,0.00557862,0.675099,0.680677
0.03,0.32,0.31931,0.0055781,0.675112,0.68069
0.03,0.33,0.319297,0.00557757,0.675126,0.680703
0.03,0.34,0.319284,0.00557704,0.675139,0.680716
0.03,0.35,0.319272,0.00557652,0.675152,0.680728
0.03,0.36,0.319259,0.00557599,0.675165,0.680741
0.03,0.37,0.319247,0.00557547,0.675178,0.680753
0.03,0.38,0.319235,0.00557495,0.67519,0.680765
0.03,0.39,0.319223,0.00557443,0.675203,0.680777
0.03,0.4,0.319211,0.00557391,0.675215,0.680789
0.03,0.41,0.319199,0.00557339,0.675228,0.680801
0.03,0.42,0.319187,0.00557287,0.67524,0.680813
0.03,0.43,0.319176,0.00557235,0.675252,0.680824
0.03,0.44,0.319164,0.00557183,0.675264,0.680836
0.03,0.45,0.319153,0.00557131,0.675276,0.680847
0.03,0.46,0.319142,0.0055708,0.675288,0.680858
0.03,0.47,0.319131,0.00557028,0.675299,0.680869
0.03,0.48,0.31912,0.00556977,0.675311,0.68088
0.03,0.49,0.319109,0.00556926,0.675322,0.680891
0.03,0.5,0.319098,0.00556874,0.675333,0.680902
0.03,0.51,0.319087,0.00556823,0.675345,0.680913
0.03,0.52,0.319077,0.00556772,0.675356,0.680923
0.03,0.53,0.319066,0.00556721,0.675367,0.680934
0.03,0.54,0.319056,0.0055667,0.675377,0.680944
0.03,0.55,0.319046,0.00556619,0.675388,0.680954
0.03,0.56,0.319035,0.00556568,0.675399,0.680965
0.03,0.57,0.319025,0.00556517,0.675409,0.680975
0.03,0.58,0.319015,0.00556467,0.67542,0.680985
0.03,0.59,0.319006,0.00556416,0.67543,0.680994
0.03,0.6,0.318996,0.00556365,0.675441,0.681004
0.03,0.61,0.318986,0.00556315,0.675451,0.681014
0.03,0.62,0.318976,0.00556265,0.675461,0.681024
0.03,0.63,0.318967,0.00556214,0.675471,0.681033
0.03,0.64,0.318958,0.00556164,0.675481,0.681042
0.03,0.65,0.318948,0.00556114,0.675491,0.681052
0.03,0.66,0.318939,0.00556064,0.6755,0.681061
0.03,0.67,0.31893,0.00556014,0.67551,0.68107
0.03,0.68,0.318921,0.00555964,0.675519,0.681079
0.03,0.69,0.318912,0.00555914,0.675529,0.681088
0.03,0.7,0.318903,0.00555864,0.675538,0.681097
0.03,0.71,0.318894,0.00555815,0.675548,0.681106
0.03,0.72,0.318886,0.00555765,0.675557,0.681114
0.03,0.73,0.318877,0.00555715,0.675566,0.681123
0.03,0.74,0.318868,0.00555666,0.675575,0.681132
0.03,0.75,0.31886,0.00555616,0.675584,0.68114
0.03,0.76,0.318851,0.00555567,0.675593,0.681149
0.03,0.77,0.318843,0.00555518,0.675602,0.681157
0.03,0.78,0.318835,0.00555469,0.67561,0.681165
0.03,0.79,0.318827,0.00555419,0.675619,0.681173
0.03,0.8,0.318819,0.0055537,0.675628,0.681181
0.03,0.81,0.318811,0.00555321,0.675636,0.681189
0.03,0.82,0.318803,0.00555273,0.675645,0.681197
0.03,0.83,0.318795,0.00555224,0.675653,0.681205
0.03,0.84,0.318787,0.00555175,0.675661,0.681213
0.03,0.85,0.318779,0.00555126,0.67567,0.681221
0.03,0.86,0.318772,0.00555078,0.675678,0.681228
0.03,0.87,0.318764,0.00555029,0.675686,0.681236
0.03,0.88,0.318756,0.00554981,0.675694,0.681244
0.03,0.89,0.318749,0.00554932,0.675702,0.681251
0.03,0.9,0.318741,0.00554884,0.67571,0.681259
0.03,0.91,0.318734,0.00554835,0.675718,0.681266
0.03,0.92,0.318727,0.00554787,0.675725,0.681273
0.03,0.93,0.31872,0.00554739,0.675733,0.68128
0.03,0.94,0.318712,0.00554691,0.675741,0.681288
0.03,0.95,0.318705,0.00554643,0.675748,0.681295
0.03,0.96,0.318698,0.00554595,0.675756,0.681302
0.03,0.97,0.318691,0.00554547,0.675763,0.681309
0.03,0.98,0.318684,0.00554499,0.675771,0.681316
0.03,0.99,0.318678,0.00554452,0.675778,0.681322
0.03,1,0.318671,0.00554404,0.675785,0.681329
0.04,0,0.328546,0.00559097,0.665863,0.671454
0.04,0.01,0.328527,0.00559041,0.665882,0.671473
0.04,0.02,0.328509,0.00558986,0.665901,0.671491
0.04,0.03,0.328491,0.00558931,0.66592,0.671509
0.04,0.04,0.328473,0.00558876,0.665939,0.671527
0.04,0.05,0.328455,0.00558821,0.665957,0.671545
0.04,0.06,0.328437,0.00558766,0.665975,0.671563
0.04,0.07,0.32842,0.00558711,0.665993,0.67158
0.04,0.08,0.328403,0.00558657,0.666011,0.671597
0.04,0.09,0.328386,0.00558602,0.666028,0.671614
0.04,0.1,0.328369,0.00558547,0.666046,0.671631
0.04,0.11,0.328352,0.00558493,0.666063,0.671648
0.04,0.12,0.328336,0.00558439,0.66608,0.671664
0.04,0.13,0.32832,0.00558384,0.666097,0.67168
0.04,0.14,0.328304,0.0055833,0.666113,0.671696
0.04,0.15,0.328288,0.00558276,0.66613,0.671712
0.04,0.16,0.328272,0.00558222,0.666146,0.671728
0.04,0.17,0.328256,0.00558168,0.666162,0.671744
0.04,0.18,0.328241,0.00558114,0.666178,0.671759
0.04,0.19,0.328226,0.0055806,0.666194,0.671774
0.04,0.2,0.328211,0.00558007,0.666209,0.671789
0.04,0.21,0.328196,0.00557953,0.666225,0.671804
0.04,0.22,0.328181,0.00557899,0.66624,0.671819
0.04,0.23,0.328167,0.00557846,0.666255,0.671833
0.04,0.24,0.328152,0.00557793,0.66627,0.671848
0.04,0.25,0.328138,0.00557739,0.666285,0.671862
0.04,0.26,0.328124,0.00557686,0.666299,0.671876
0.04,0.27,0.32811,0.00557633,0.666314,0.67189
0.04,0.28,0.328096,0.0055758,0.666328,0.671904
0.04,0.29,0.328083,0.00557527,0.666342,0.671917
0.04,0.3,0.328069,0.00557474,0.666356,0.671931
0.04,0.31,0.328056,0.00557421,0.66637,0.671944
0.04,0.32,0.328043,0.00557368,0.666384,0.671957
0.04,0.33,0.328029,0.00557316,0.666397,0.671971
0.04,0.34,0.328017,0.00557263,0.666411,0.671983
0.04,0.35,0.328004,0.00557211,0.666424,0.671996
0.04,0.36,0.327991,0.00557158,0.666437,0.672009
0.04,0.37,0.327979,0.00557106,0.66645,0.672021
0.04,0.38,0.327966,0.00557054,0.666463,0.672034
0.04,0.39,0.327954,0.00557002,0.666476,0.672046
0.04,0.4,0.327942,0.0055695,0.666489,0.672058
0.04,0.41,0.32793,0.00556898,0.666501,0.67207
0.04,0.42,0.327918,0.00556846,0.666514,0.672082
0.04,0.43,0.327906,0.00556794,0.666526,0.672094
0.04,0.44,0.327894,0.00556742,0.666538,0.672106
0.04,0.45,0.327883,0.0055669,0.66655,0.672117
0.04,0.46,0.327871,0.00556639,0.666562,0.672129
0.04,0.47,0.32786,0.00556587,0.666574,0.67214
0.04,0.48,0.327849,0.00556536,0.666586,0.672151
0.04,0.49,0.327838,0.00556484,0.666597,0.672162
0.04,0.5,0.327827,0.00556433,0.666609,0.672173
0.04,0.51,0.327816,0.00556382,0.66662,0.672184
0.04,0.52,0.327805,0.00556331,0.666632,0.672195
0.04,0.53,0.327795,0.00556279,0.666643,0.672205
0.04,0.54,0.327784,0.00556228,0.666654,0.672216
0.04,0.55,0.327774,0.00556178,0.666665,0.672226
0.04,0.56,0.327763,0.00556127,0.666676,0.672237
0.04,0.57,0.327753,0.00556076,0.666686,0.672247
0.04,0.58,0.327743,0.00556025,0.666697,0.672257
0.04,0.59,0.327733,0.00555975,0.666707,0.672267
0.04,0.6,0.327723,0.00555924,0.666718,0.672277
0.04,0.61,0.327713,0.00555874,0.666728,0.672287
0.04,0.62,0.327703,0.00555823,0.666738,0.672297
0.04,0.63,0.327694,0.00555773,0.666749,0.672306
0.04,0.64,0.327684,0.00555723,0.666759,0.672316
0.04,0.65,0.327675,0.00555672,0.666769,0.672325
0.04,0.66,0.327665,0.00555622,0.666779,0.672335
0.04,0.67,0.327656,0.00555572,0.666788,0.672344
0.04,0.68,0.327647,0.00555522,0.666798,0.672353
0.04,0.69,0.327638,0.00555473,0.666808,0.672362
0.04,0.7,0.327629,0.00555423,0.666817,0.672371
0.04,0.71,0.32762,0.00555373,0.666827,0.67238
0.04,0.72,0.327611,0.00555323,0.666836,0.672389
0.04,0.73,0.327602,0.00555274,0.666845,0.672398
0.04,0.74,0.327593,0.00555224,0.666854,0.672407
0.04,0.75,0.327585,0.00555175,0.666864,0.672415
0.04,0.76,0.327576,0.00555126,0.666873,0.672424
0.04,0.77,0.327568,0.00555076,0.666882,0.672432
0.04,0.78,0.327559,0.00555027,0.66689,0.672441
0.04,0.79,0.327551,0.00554978,0.666899,0.672449
0.04,0.8,0.327543,0.00554929,0.666908,0.672457
0.04,0.81,0.327535,0.0055488,0.666917,0.672465
0.04,0.82,0.327526,0.00554831,0.666925,0.672474
0.04,0.83,0.327518,0.00554782,0.666934,0.672482
0.04,0.84,0.327511,0.00554733,0.666942,0.672489
0.04,0.85,0.327503,0.00554685,0.666951,0.672497
0.04,0.86,0.327495,0.00554636,0.666959,0.672505
0.04,0.87,0.327487,0.00554587,0.666967,0.672513
0.04,0.88,0.327479,0.00554539,0.666975,0.672521
0.04,0.89,0.327472,0.0055449,0.666983,0.672528
0.04,0.9,0.327464,0.00554442,0.666991,0.672536
0.04,0.91,0.327457,0.00554394,0.666999,0.672543
0.04,0.92,0.327449,0.00554346,0.667007,0.672551
0.04,0.93,0.327442,0.00554297,0.667015,0.672558
0.04,0.94,0.327435,0.00554249,0.667023,0.672565
0.04,0.95,0.327428,0.00554201,0.66703,0.672572
0.04,0.96,0.327421,0.00554153,0.667038,0.672579
0.04,0.97,0.327413,0.00554105,0.667045,0.672587
0.04,0.98,0.327406,0.00554058,0.667053,0.672594
0.04,0.99,0.327399,0.0055401,0.66706,0.672601
0.04,1,0.327393,0.00553962,0.667068,0.672607
0.05,0,0.337556,0.00558661,0.656857,0.662444
0.05,0.01,0.337537,0.00558605,0.656877,0.662463
0.05,0.02,0.337519,0.0055855,0.656896,0.662481
0.05,0.03,0.3375,0.00558495,0.656915,0.6625
0.05,0.04,0.337482,0.0055844,0.656934,0.662518
0.05,0.05,0.337463,0.00558385,0.656953,0.662537
0.05,0.06,0.337445,0.0055833,0.656971,0.662555
0.05,0.07,0.337428,0.00558275,0.656989,0.662572
0.05,0.08,0.33741,0.0055822,0.657008,0.66259
0.05,0.09,0.337393,0.00558166,0.657025,0.662607
0.05,0.1,0.337376,0.00558111,0.657043,0.662624
0.05,0.11,0.337359,0.00558057,0.657061,0.662641
0.05,0.12,0.337342,0.00558002,0.657078,0.662658
0.05,0.13,0.337325,0.00557948,0.657095,0.662675
0.05,0.14,0.337309,0.00557894,0.657112,0.662691
0.05,0.15,0.337293,0.0055784,0.657129,0.662707
0.05,0.16,0.337277,0.00557786,0.657145,0.662723
0.05,0.17,0.337261,0.00557732,0.657162,0.662739
0.05,0.18,0.337245,0.00557678,0.657178,0.662755
0.05,0.19,0.33723,0.00557624,0.657194,0.66277
0.05,0.2,0.337214,0.0055757,0.65721,0.662786
0.05,0.21,0.337199,0.00557516,0.657226,0.662801
0.05,0.22,0.337184,0.00557463,0.657241,0.662816
0.05,0.23,0.337169,0.00557409,0.657257,0.662831
0.05,0.24,0.337155,0.00557356,0.657272,0.662845
0.05,0.25,0.33714,0.00557303,0.657287,0.66286
0.05,0.26,0.337126,0.0055725,0.657302,0.662874
0.05,0.27,0.337112,0.00557196,0.657316,0.662888
0.05,0.28,0.337098,0.00557143,0.657331,0.662902
0.05,0.29,0.337084,0.0055709,0.657345,0.662916
0.05,0.3,0.33707,0.00557037,0.65736,0.66293
0.05,0.31,0.337056,0.00556985,0.657374,0.662944
0.05,0.32,0.337043,0.00556932,0.657388,0.662957
0.05,0.33,0.337029,0.00556879,0.657402,0.662971
0.05,0.34,0.337016,0.00556827,0.657415,0.662984
0.05,0.35,0.337003,0.00556774,0.657429,0.662997
0.05,0.36,0.33699,0.00556722,0.657442,0.66301
0.05,0.37,0.336978,0.00556669,0.657456,0.663022
0.05,0.38,0.336965,0.00556617,0.657469,0.663035
0.05,0.39,0.336952,0.00556565,0.657482,0.663048
0.05,0.4,0.33694,0.00556513,0.657495,0.66306
0.05,0.41,0.336928,0.00556461,0.657508,0.663072
0.05,0.42,0.336916,0.00556409,0.65752,0.663084
0.05,0.43,0.336904,0.00556357,0.657533,0.663096
0.05,0.44,0.336892,0.00556305,0.657545,0.663108
0.05,0.45,0.33688,0.00556254,0.657557,0.66312
0.05,0.46,0.336868,0.00556202,0.65757,0.663132
0.05,0.47,0.336857,0.0055615,0.657582,0.663143
0.05,0.48,0.336846,0.00556099,0.657593,0.663154
0.05,0.49,0.336834,0.00556047,0.657605,0.663166
0.05,0.5,0.336823,0.00555996,0.657617,0.663177
0.05,0.51,0.336812,0.00555945,0.657629,0.663188
0.05,0.52,0.336801,0.00555894,0.65764,0.663199
0.05,0.53,0.33679,0.00555843,0.657651,0.66321
0.05,0.54,0.33678,0.00555792,0.657663,0.66322
0.05,0.55,0.336769,0.00555741,0.657674,0.663231
0.05,0.56,0.336758,0.0055569,0.657685,0.663242
0.05,0.57,0.336748,0.00555639,0.657696,0.663252
0.05,0.58,0.336738,0.00555588,0.657706,0.663262
0.05,0.59,0.336727,0.00555538,0.657717,0.663273
0.05,0.6,0.336717,0.00555487,0.657728,0.663283
0.05,0.61,0.336707,0.00555437,0.657738,0.663293
0.05,0.62,0.336697,0.00555386,0.657749,0.663303
0.05,0.63,0.336688,0.00555336,0.657759,0.663312
0.05,0.64,0.336678,0.00555286,0.657769,0.663322
0.05,0.65,0.336668,0.00555236,0.657779,0.663332
0.05,0.66,0.336659,0.00555185,0.657789,0.663341
0.05,0.67,0.336649,0.00555135,0.657799,0.663351
0.05,0.68,0.33664,0.00555085,0.657809,0.66336
0.05,0.69,0.336631,0.00555036,0.657819,0.663369
0.05,0.7,0.336621,0.00554986,0.657829,0.663379
0.05,0.71,0.336612,0.00554936,0.657838,0.663388
0.05,0.72,0.336603,0.00554886,0.657848,0.663397
0.05,0.73,0.336594,0.00554837,0.657857,0.663406
0.05,0.74,0.336585,0.00554787,0.657867,0.663415
0.05,0.75,0.336577,0.00554738,0.657876,0.663423
0.05,0.76,0.336568,0.00554688,0.657885,0.663432
0.05,0.77,0.336559,0.00554639,0.657894,0.663441
0.05,0.78,0.336551,0.0055459,0.657903,0.663449
0.05,0.79,0.336542,0.00554541,0.657912,0.663458
0.05,0.8,0.336534,0.00554492,0.657921,0.663466
0.05,0.81,0.336526,0.00554443,0.65793,0.663474
0.05,0.82,0.336518,0.00554394,0.657938,0.663482
0.05,0.83,0.336509,0.00554345,0.657947,0.663491
0.05,0.84,0.336501,0.00554296,0.657956,0.663499
0.05,0.85,0.336493,0.00554247,0.657964,0.663507
0.05,0.86,0.336485,0.00554199,0.657973,0.663515
0.05,0.87,0.336478,0.0055415,0.657981,0.663522
0.05,0.88,0.33647,0.00554102,0.657989,0.66353
0.05,0.89,0.336462,0.00554053,0.657997,0.663538
0.05,0.9,0.336454,0.00554005,0.658005,0.663546
0.05,0.91,0.336447,0.00553957,0.658014,0.663553
0.05,0.92,0.336439,0.00553908,0.658022,0.663561
0.05,0.93,0.336432,0.0055386,0.658029,0.663568
0.05,0.94,0.336425,0.00553812,0.658037,0.663575
0.05,0.95,0.336417,0.00553764,0.658045,0.663583
0.05,0.96,0.33641,0.00553716,0.658053,0.66359
0.05,0.97,0.336403,0.00553668,0.658061,0.663597
0.05,0.98,0.336396,0.0055362,0.658068,0.663604
0.05,0.99,0.336389,0.00553573,0.658076,0.663611
0.05,1,0.336382,0.00553525,0.658083,0.663618
0.06,0,0.346844,0.00558229,0.647573,0.653156
0.06,0.01,0.346825,0.00558174,0.647593,0.653175
0.06,0.02,0.346806,0.00558118,0.647613,0.653194
0.06,0.03,0.346787,0.00558063,0.647633,0.653213
0.06,0.04,0.346768,0.00558008,0.647652,0.653232
0.06,0.05,0.34675,0.00557953,0.647671,0.65325
0.06,0.06,0.346731,0.00557898,0.64769,0.653269
0.06,0.07,0.346713,0.00557843,0.647708,0.653287
0.06,0.08,0.346695,0.00557788,0.647727,0.653305
0.06,0.09,0.346677,0.00557734,0.647745,0.653323
0.06,0.1,0.34666,0.00557679,0.647763,0.65334
0.06,0.11,0.346643,0.00557625,0.647781,0.653357
0.06,0.12,0.346626,0.0055757,0.647799,0.653374
0.06,0.13,0.346609,0.00557516,0.647816,0.653391
0.06,0.14,0.346592,0.00557462,0.647834,0.653408
0.06,0.15,0.346575,0.00557408,0.647851,0.653425
0.06,0.16,0.346559,0.00557354,0.647868,0.653441
0.06,0.17,0.346543,0.005573,0.647884,0.653457
0.06,0.18,0.346527,0.00557246,0.647901,0.653473
0.06,0.19,0.346511,0.00557192,0.647917,0.653489
0.06,0.2,0.346495,0.00557138,0.647933,0.653505
0.06,0.21,0.34648,0.00557085,0.647949,0.65352
0.06,0.22,0.346465,0.00557031,0.647965,0.653535
0.06,0.23,0.346449,0.00556977,0.647981,0.653551
0.06,0.24,0.346434,0.00556924,0.647996,0.653566
0.06,0.25,0.34642,0.00556871,0.648012,0.65358
0.06,0.26,0.346405,0.00556817,0.648027,0.653595
0.06,0.27,0.34639,0.00556764,0.648042,0.65361
0.06,0.28,0.346376,0.00556711,0.648057,0.653624
0.06,0.29,0.346362,0.00556658,0.648071,0.653638
0.06,0.3,0.346348,0.00556605,0.648086,0.653652
0.06,0.31,0.346334,0.00556553,0.6481,0.653666
0.06,0.32,0.34632,0.005565,0.648115,0.65368
0.06,0.33,0.346307,0.00556447,0.648129,0.653693
0.06,0.34,0.346293,0.00556395,0.648143,0.653707
0.06,0.35,0.34628,0.00556342,0.648157,0.65372
0.06,0.36,0.346267,0.0055629,0.64817,0.653733
0.06,0.37,0.346254,0.00556237,0.648184,0.653746
0.06,0.38,0.346241,0.00556185,0.648197,0.653759
0.06,0.39,0.346228,0.00556133,0.64821,0.653772
0.06,0.4,0.346216,0.00556081,0.648224,0.653784
0.06,0.41,0.346203,0.00556029,0.648236,0.653797
0.06,0.42,0.346191,0.00555977,0.648249,0.653809
0.06,0.43,0.346179,0.00555925,0.648262,0.653821
0.06,0.44,0.346167,0.00555873,0.648275,0.653833
0.06,0.45,0.346155,0.00555821,0.648287,0.653845
0.06,0.46,0.346143,0.0055577,0.6483,0.653857
0.06,0.47,0.346131,0.00555718,0.648312,0.653869
0.06,0.48,0.346119,0.00555667,0.648324,0.653881
0.06,0.49,0.346108,0.00555615,0.648336,0.653892
0.06,0.5,0.346097,0.00555564,0.648348,0.653903
0.06,0.51,0.346085,0.00555513,0.64836,0.653915
0.06,0.52,0.346074,0.00555461,0.648371,0.653926
0.06,0.53,0.346063,0.0055541,0.648383,0.653937
0.06,0.54,0.346052,0.00555359,0.648394,0.653948
0.06,0.55,0.346041,0.00555308,0.648405,0.653959
0.06,0.56,0.346031,0.00555257,0.648417,0.653969
0.06,0.57,0.34602,0.00555207,0.648428,0.65398
0.06,0.58,0.34601,0.00555156,0.648439,0.65399
0.06,0.59,0.345999,0.00555105,0.64845,0.654001
0.06,0.6,0.345989,0.00555055,0.648461,0.654011
0.06,0.61,0.345979,0.00555004,0.648471,0.654021
0.06,0.62,0.345969,0.00554954,0.648482,0.654031
0.06,0.63,0.345959,0.00554904,0.648492,0.654041
0.06,0.64,0.345949,0.00554853,0.648503,0.654051
0.06,0.65,0.345939,0.00554803,0.648513,0.654061
0.06,0.66,0.345929,0.00554753,0.648523,0.654071
0.06,0.67,0.34592,0.00554703,0.648533,0.65408
0.06,0.68,0.34591,0.00554653,0.648543,0.65409
0.06,0.69,0.345901,0.00554603,0.648553,0.654099
0.06,0.7,0.345891,0.00554553,0.648563,0.654109
0.06,0.71,0.345882,0.00554504,0.648573,0.654118
0.06,0.72,0.345873,0.00554454,0.648582,0.654127
0.06,0.73,0.345864,0.00554404,0.648592,0.654136
0.06,0.74,0.345855,0.00554355,0.648602,0.654145
0.06,0.75,0.345846,0.00554305,0.648611,0.654154
0.06,0.76,0.345837,0.00554256,0.64862,0.654163
0.06,0.77,0.345828,0.00554207,0.64863,0.654172
0.06,0.78,0.34582,0.00554157,0.648639,0.65418
0.06,0.79,0.345811,0.00554108,0.648648,0.654189
0.06,0.8,0.345803,0.00554059,0.648657,0.654197
0.06,0.81,0.345794,0.0055401,0.648666,0.654206
0.06,0.82,0.345786,0.00553961,0.648675,0.654214
0.06,0.83,0.345778,0.00553912,0.648683,0.654222
0.06,0.84,0.345769,0.00553863,0.648692,0.654231
0.06,0.85,0.345761,0.00553815,0.648701,0.654239
0.06,0.86,0.345753,0.00553766,0.648709,0.654247
0.06,0.87,0.345745,0.00553717,0.648718,0.654255
0.06,0.88,0.345737,0.00553669,0.648726,0.654263
0.06,0.89,0.345729,0.00553621,0.648734,0.654271
0.06,0.9,0.345722,0.00553572,0.648743,0.654278
0.06,0.91,0.345714,0.00553524,0.648751,0.654286
0.06,0.92,0.345706,0.00553476,0.648759,0.654294
0.06,0.93,0.345699,0.00553427,0.648767,0.654301
0.06,0.94,0.345691,0.00553379,0.648775,0.654309
0.06,0.95,0.345684,0.00553331,0.648783,0.654316
0.06,0.96,0.345676,0.00553283,0.648791,0.654324
0.06,0.97,0.345669,0.00553235,0.648798,0.654331
0.06,0.98,0.345662,0.00553188,0.648806,0.654338
0.06,0.99,0.345655,0.0055314,0.648814,0.654345
0.06,1,0.345648,0.00553092,0.648821,0.654352
0.07,0,0.35642,0.00557802,0.638002,0.64358
0.07,0.01,0.356401,0.00557746,0.638022,0.643599
0.07,0.02,0.356381,0.00557691,0.638042,0.643619
0.07,0.03,0.356362,0.00557636,0.638062,0.643638
0.07,0.04,0.356342,0.00557581,0.638082,0.643658
0.07,0.05,0.356323,0.00557526,0.638101,0.643677
0.07,0.06,0.356305,0.00557471,0.638121,0.643695
0.07,0.07,0.356286,0.00557416,0.63814,0.643714
0.07,0.08,0.356268,0.00557361,0.638159,0.643732
0.07,0.09,0.35625,0.00557306,0.638177,0.64375
0.07,0.1,0.356232,0.00557252,0.638196,0.643768
0.07,0.11,0.356214,0.00557197,0.638214,0.643786
0.07,0.12,0.356197,0.00557143,0.638232,0.643803
0.07,0.13,0.356179,0.00557089,0.63825,0.643821
0.07,0.14,0.356162,0.00557034,0.638267,0.643838
0.07,0.15,0.356145,0.0055698,0.638285,0.643855
0.07,0.16,0.356129,0.00556926,0.638302,0.643871
0.07,0.17,0.356112,0.00556872,0.638319,0.643888
0.07,0.18,0.356096,0.00556818,0.638336,0.643904
0.07,0.19,0.35608,0.00556764,0.638353,0.64392
0.07,0.2,0.356064,0.00556711,0.638369,0.643936
0.07,0.21,0.356048,0.00556657,0.638385,0.643952
0.07,0.22,0.356032,0.00556603,0.638402,0.643968
0.07,0.23,0.356017,0.0055655,0.638417,0.643983
0.07,0.24,0.356002,0.00556496,0.638433,0.643998
0.07,0.25,0.355987,0.00556443,0.638449,0.644013
0.07,0.26,0.355972,0.0055639,0.638464,0.644028
0.07,0.27,0.355957,0.00556337,0.63848,0.644043
0.07,0.28,0.355942,0.00556284,0.638495,0.644058
0.07,0.29,0.355928,0.00556231,0.63851,0.644072
0.07,0.3,0.355914,0.00556178,0.638525,0.644086
0.07,0.31,0.355899,0.00556125,0.638539,0.644101
0.07,0.32,0.355886,0.00556072,0.638554,0.644114
0.07,0.33,0.355872,0.00556019,0.638568,0.644128
0.07,0.34,0.355858,0.00555967,0.638582,0.644142
0.07,0.35,0.355844,0.00555914,0.638596,0.644156
0.07,0.36,0.355831,0.00555862,0.63861,0.644169
0.07,0.37,0.355818,0.00555809,0.638624,0.644182
0.07,0.38,0.355805,0.00555757,0.638638,0.644195
0.07,0.39,0.355792,0.00555705,0.638651,0.644208
0.07,0.4,0.355779,0.00555653,0.638665,0.644221
0.07,0.41,0.355766,0.00555601,0.638678,0.644234
0.07,0.42,0.355754,0.00555549,0.638691,0.644246
0.07,0.43,0.355741,0.00555497,0.638704,0.644259
0.07,0.44,0.355729,0.00555445,0.638717,0.644271
0.07,0.45,0.355717,0.00555393,0.638729,0.644283
0.07,0.46,0.355705,0.00555342,0.638742,0.644295
0.07,0.47,0.355693,0.0055529,0.638754,0.644307
0.07,0.48,0.355681,0.00555239,0.638767,0.644319
0.07,0.49,0.355669,0.00555187,0.638779,0.644331
0.07,0.5,0.355658,0.00555136,0.638791,0.644342
0.07,0.51,0.355646,0.00555085,0.638803,0.644354
0.07,0.52,0.355635,0.00555033,0.638815,0.644365
0.07,0.53,0.355624,0.00554982,0.638827,0.644376
0.07,0.54,0.355612,0.00554931,0.638838,0.644388
0.07,0.55,0.355601,0.0055488,0.63885,0.644399
0.07,0.56,0.355591,0.0055483,0.638861,0.644409
0.07,0.57,0.35558,0.00554779,0.638872,0.64442
0.07,0.58,0.355569,0.00554728,0.638884,0.644431
0.07,0.59,0.355559,0.00554677,0.638895,0.644441
0.07,0.6,0.355548,0.00554627,0.638906,0.644452
0.07,0.61,0.355538,0.00554576,0.638917,0.644462
0.07,0.62,0.355527,0.00554526,0.638927,0.644473
0.07,0.63,0.355517,0.00554475,0.638938,0.644483
0.07,0.64,0.355507,0.00554425,0.638949,0.644493
0.07,0.65,0.355497,0.00554375,0.638959,0.644503
0.07,0.66,0.355487,0.00554325,0.638969,0.644513
0.07,0.67,0.355478,0.00554275,0.63898,0.644522
0.07,0.68,0.355468,0.00554225,0.63899,0.644532
0.07,0.69,0.355458,0.00554175,0.639,0.644542
0.07,0.7,0.355449,0.00554125,0.63901,0.644551
0.07,0.71,0.355439,0.00554075,0.63902,0.644561
0.07,0.72,0.35543,0.00554026,0.63903,0.64457
0.07,0.73,0.355421,0.00553976,0.639039,0.644579
0.07,0.74,0.355412,0.00553927,0.639049,0.644588
0.07,0.75,0.355403,0.00553877,0.639059,0.644597
0.07,0.76,0.355394,0.00553828,0.639068,0.644606
0.07,0.77,0.355385,0.00553778,0.639077,0.644615
0.07,0.78,0.355376,0.00553729,0.639087,0.644624
0.07,0.79,0.355367,0.0055368,0.639096,0.644633
0.07,0.8,0.355359,0.00553631,0.639105,0.644641
0.07,0.81,0.35535,0.00553582,0.639114,0.64465
0.07,0.82,0.355342,0.00553533,0.639123,0.644658
0.07,0.83,0.355333,0.00553484,0.639132,0.644667
0.07,0.84,0.355325,0.00553435,0.639141,0.644675
0.07,0.85,0.355317,0.00553386,0.63915,0.644683
0.07,0.86,0.355308,0.00553338,0.639158,0.644692
0.07,0.87,0.3553,0.00553289,0.639167,0.6447
0.07,0.88,0.355292,0.00553241,0.639175,0.644708
0.07,0.89,0.355284,0.00553192,0.639184,0.644716
0.07,0.9,0.355276,0.00553144,0.639192,0.644724
0.07,0.91,0.355269,0.00553096,0.6392,0.644731
0.07,0.92,0.355261,0.00553047,0.639209,0.644739
0.07,0.93,0.355253,0.00552999,0.639217,0.644747
0.07,0.94,0.355246,0.00552951,0.639225,0.644754
0.07,0.95,0.355238,0.00552903,0.639233,0.644762
0.07,0.96,0.35523,0.00552855,0.639241,0.64477
0.07,0.97,0.355223,0.00552807,0.639249,0.644777
0.07,0.98,0.355216,0.00552759,0.639257,0.644784
0.07,0.99,0.355208,0.00552711,0.639265,0.644792
0.07,1,0.355201,0.00552664,0.639272,0.644799
0.08,0,0.366295,0.00557379,0.628131,0.633705
0.08,0.01,0.366275,0.00557323,0.628152,0.633725
0.08,0.02,0.366255,0.00557268,0.628173,0.633745
0.08,0.03,0.366235,0.00557213,0.628193,0.633765
0.08,0.04,0.366215,0.00557158,0.628213,0.633785
0.08,0.05,0.366196,0.00557103,0.628233,0.633804
0.08,0.06,0.366177,0.00557048,0.628253,0.633823
0.08,0.07,0.366158,0.00556993,0.628272,0.633842
0.08,0.08,0.366139,0.00556938,0.628292,0.633861
0.08,0.09,0.366121,0.00556883,0.628311,0.633879
0.08,0.1,0.366102,0.00556829,0.628329,0.633898
0.08,0.11,0.366084,0.00556774,0.628348,0.633916
0.08,0.12,0.366066,0.0055672,0.628366,0.633934
0.08,0.13,0.366049,0.00556665,0.628385,0.633951
0.08,0.14,0.366031,0.00556611,0.628403,0.633969
0.08,0.15,0.366014,0.00556557,0.62842,0.633986
0.08,0.16,0.365997,0.00556503,0.628438,0.634003
0.08,0.17,0.36598,0.00556449,0.628455,0.63402
0.08,0.18,0.365964,0.00556395,0.628472,0.634036
0.08,0.19,0.365947,0.00556341,0.62849,0.634053
0.08,0.2,0.365931,0.00556287,0.628506,0.634069
0.08,0.21,0.365915,0.00556234,0.628523,0.634085
0.08,0.22,0.365899,0.0055618,0.628539,0.634101
