e1,e2,V,Rs,Rv,P
0,0 ,0.0395717, 0.00235142,0.958077,0.960428
0,0.01 ,0.039527, 0.00235141,0.958122,0.960473
0,0.02 ,0.0394796, 0.00235141,0.958169,0.96052
0,0.03 ,0.0394299, 0.0023514,0.958219,0.96057
0,0.04 ,0.0393782, 0.00235139,0.95827,0.960622
0,0.05 ,0.0393246, 0.00235138,0.958324,0.960675
0,0.06 ,0.0392696, 0.00235137,0.958379,0.96073
0,0.07 ,0.0392132, 0.00235136,0.958435,0.960787
0,0.08 ,0.0391558, 0.00235136,0.958493,0.960844
0,0.09 ,0.0390976, 0.00235135,0.958551,0.960902
0,0.1 ,0.0390387, 0.00235134,0.95861,0.960961
0,0.11 ,0.0389793, 0.00235133,0.958669,0.961021
0,0.12 ,0.0389196, 0.00235132,0.958729,0.96108
0,0.13 ,0.0388598, 0.00235132,0.958789,0.96114
0,0.14 ,0.0387999, 0.00235131,0.958849,0.9612
0,0.15 ,0.0387401, 0.0023513,0.958909,0.96126
0,0.16 ,0.0386806, 0.00235129,0.958968,0.961319
0,0.17 ,0.0386213, 0.00235128,0.959027,0.961379
0,0.18 ,0.0385626, 0.00235128,0.959086,0.961437
0,0.19 ,0.0385043, 0.00235127,0.959144,0.961496
0,0.2 ,0.0384466, 0.00235126,0.959202,0.961553
0,0.21 ,0.0383896, 0.00235125,0.959259,0.96161
0,0.22 ,0.0383333, 0.00235124,0.959315,0.961667
0,0.23 ,0.0382778, 0.00235124,0.959371,0.961722
0,0.24 ,0.0382232, 0.00235123,0.959426,0.961777
0,0.25 ,0.0381694, 0.00235122,0.959479,0.961831
0,0.26 ,0.0381165, 0.00235121,0.959532,0.961883
0,0.27 ,0.0380646, 0.0023512,0.959584,0.961935
0,0.28 ,0.0380137, 0.0023512,0.959635,0.961986
0,0.29 ,0.0379638, 0.00235119,0.959685,0.962036
0,0.3 ,0.0379149, 0.00235118,0.959734,0.962085
0,0.31 ,0.037867, 0.00235117,0.959782,0.962133
0,0.32 ,0.0378202, 0.00235117,0.959829,0.96218
0,0.33 ,0.0377744, 0.00235116,0.959874,0.962226
0,0.34 ,0.0377297, 0.00235115,0.959919,0.96227
0,0.35 ,0.037686, 0.00235114,0.959963,0.962314
0,0.36 ,0.0376435, 0.00235113,0.960005,0.962357
0,0.37 ,0.0376019, 0.00235113,0.960047,0.962398
0,0.38 ,0.0375615, 0.00235112,0.960087,0.962439
0,0.39 ,0.037522, 0.00235111,0.960127,0.962478
0,0.4 ,0.0374836, 0.0023511,0.960165,0.962516
0,0.41 ,0.0374463, 0.00235109,0.960203,0.962554
0,0.42 ,0.0374099, 0.00235109,0.960239,0.96259
0,0.43 ,0.0373746, 0.00235108,0.960274,0.962625
0,0.44 ,0.0373402, 0.00235107,0.960309,0.96266
0,0.45 ,0.0373069, 0.00235106,0.960342,0.962693
0,0.46 ,0.0372744, 0.00235106,0.960374,0.962726
0,0.47 ,0.037243, 0.00235105,0.960406,0.962757
0,0.48 ,0.0372124, 0.00235104,0.960437,0.962788
0,0.49 ,0.0371828, 0.00235103,0.960466,0.962817
0,0.5 ,0.0371541, 0.00235102,0.960495,0.962846
0,0.51 ,0.0371262, 0.00235102,0.960523,0.962874
0,0.52 ,0.0370992, 0.00235101,0.96055,0.962901
0,0.53 ,0.037073, 0.002351,0.960576,0.962927
0,0.54 ,0.0370476, 0.00235099,0.960601,0.962952
0,0.55 ,0.037023, 0.00235099,0.960626,0.962977
0,0.56 ,0.0369992, 0.00235098,0.96065,0.963001
0,0.57 ,0.0369762, 0.00235097,0.960673,0.963024
0,0.58 ,0.0369539, 0.00235096,0.960695,0.963046
0,0.59 ,0.0369323, 0.00235096,0.960717,0.963068
0,0.6 ,0.0369114, 0.00235095,0.960738,0.963089
0,0.61 ,0.0368912, 0.00235094,0.960758,0.963109
0,0.62 ,0.0368717, 0.00235093,0.960777,0.963128
0,0.63 ,0.0368528, 0.00235093,0.960796,0.963147
0,0.64 ,0.0368346, 0.00235092,0.960815,0.963165
0,0.65 ,0.0368169, 0.00235091,0.960832,0.963183
0,0.66 ,0.0367998, 0.0023509,0.960849,0.9632
0,0.67 ,0.0367833, 0.00235089,0.960866,0.963217
0,0.68 ,0.0367674, 0.00235089,0.960882,0.963233
0,0.69 ,0.036752, 0.00235088,0.960897,0.963248
0,0.7 ,0.0367371, 0.00235087,0.960912,0.963263
0,0.71 ,0.0367228, 0.00235086,0.960926,0.963277
0,0.72 ,0.0367089, 0.00235086,0.96094,0.963291
0,0.73 ,0.0366955, 0.00235085,0.960954,0.963305
0,0.74 ,0.0366825, 0.00235084,0.960967,0.963317
0,0.75 ,0.03667, 0.00235083,0.960979,0.96333
0,0.76 ,0.0366579, 0.00235083,0.960991,0.963342
0,0.77 ,0.0366463, 0.00235082,0.961003,0.963354
0,0.78 ,0.036635, 0.00235081,0.961014,0.963365
0,0.79 ,0.0366241, 0.0023508,0.961025,0.963376
0,0.8 ,0.0366136, 0.0023508,0.961036,0.963386
0,0.81 ,0.0366035, 0.00235079,0.961046,0.963397
0,0.82 ,0.0365937, 0.00235078,0.961056,0.963406
0,0.83 ,0.0365843, 0.00235077,0.961065,0.963416
0,0.84 ,0.0365751, 0.00235077,0.961074,0.963425
0,0.85 ,0.0365663, 0.00235076,0.961083,0.963434
0,0.86 ,0.0365578, 0.00235075,0.961091,0.963442
0,0.87 ,0.0365496, 0.00235075,0.9611,0.96345
0,0.88 ,0.0365417, 0.00235074,0.961108,0.963458
0,0.89 ,0.036534, 0.00235073,0.961115,0.963466
0,0.9 ,0.0365266, 0.00235072,0.961123,0.963473
0,0.91 ,0.0365195, 0.00235072,0.96113,0.963481
0,0.92 ,0.0365126, 0.00235071,0.961137,0.963487
0,0.93 ,0.0365059, 0.0023507,0.961143,0.963494
0,0.94 ,0.0364995, 0.00235069,0.96115,0.963501
0,0.95 ,0.0364933, 0.00235069,0.961156,0.963507
0,0.96 ,0.0364873, 0.00235068,0.961162,0.963513
0,0.97 ,0.0364815, 0.00235067,0.961168,0.963519
0,0.98 ,0.0364758, 0.00235066,0.961173,0.963524
0,0.99 ,0.0364704, 0.00235066,0.961179,0.96353
0,1 ,0.0364652, 0.00235065,0.961184,0.963535
0.01,0 ,0.0415195, 0.00235141,0.956129,0.958481
0.01,0.01 ,0.0414761, 0.0023514,0.956173,0.958524
0.01,0.02 ,0.0414295, 0.00235139,0.956219,0.95857
0.01,0.03 ,0.0413802, 0.00235138,0.956268,0.95862
0.01,0.04 ,0.0413284, 0.00235137,0.95632,0.958672
0.01,0.05 ,0.0412745, 0.00235137,0.956374,0.958725
0.01,0.06 ,0.0412188, 0.00235136,0.95643,0.958781
0.01,0.07 ,0.0411615, 0.00235135,0.956487,0.958839
0.01,0.08 ,0.0411028, 0.00235134,0.956546,0.958897
0.01,0.09 ,0.0410431, 0.00235133,0.956606,0.958957
0.01,0.1 ,0.0409826, 0.00235133,0.956666,0.959017
0.01,0.11 ,0.0409213, 0.00235132,0.956727,0.959079
0.01,0.12 ,0.0408596, 0.00235131,0.956789,0.95914
0.01,0.13 ,0.0407976, 0.0023513,0.956851,0.959202
0.01,0.14 ,0.0407355, 0.00235129,0.956913,0.959265
0.01,0.15 ,0.0406733, 0.00235129,0.956975,0.959327
0.01,0.16 ,0.0406114, 0.00235128,0.957037,0.959389
0.01,0.17 ,0.0405496, 0.00235127,0.957099,0.95945
0.01,0.18 ,0.0404883, 0.00235126,0.95716,0.959512
0.01,0.19 ,0.0404274, 0.00235125,0.957221,0.959573
0.01,0.2 ,0.0403671, 0.00235125,0.957282,0.959633
0.01,0.21 ,0.0403075, 0.00235124,0.957341,0.959693
0.01,0.22 ,0.0402485, 0.00235123,0.9574,0.959751
0.01,0.23 ,0.0401904, 0.00235122,0.957458,0.95981
0.01,0.24 ,0.0401331, 0.00235121,0.957516,0.959867
0.01,0.25 ,0.0400767, 0.00235121,0.957572,0.959923
0.01,0.26 ,0.0400212, 0.0023512,0.957628,0.959979
0.01,0.27 ,0.0399667, 0.00235119,0.957682,0.960033
0.01,0.28 ,0.0399133, 0.00235118,0.957736,0.960087
0.01,0.29 ,0.0398609, 0.00235117,0.957788,0.960139
0.01,0.3 ,0.0398095, 0.00235117,0.957839,0.960191
0.01,0.31 ,0.0397592, 0.00235116,0.95789,0.960241
0.01,0.32 ,0.03971, 0.00235115,0.957939,0.96029
0.01,0.33 ,0.0396619, 0.00235114,0.957987,0.960338
0.01,0.34 ,0.0396149, 0.00235114,0.958034,0.960385
0.01,0.35 ,0.0395691, 0.00235113,0.95808,0.960431
0.01,0.36 ,0.0395243, 0.00235112,0.958125,0.960476
0.01,0.37 ,0.0394807, 0.00235111,0.958168,0.960519
0.01,0.38 ,0.0394382, 0.0023511,0.958211,0.960562
0.01,0.39 ,0.0393967, 0.0023511,0.958252,0.960603
0.01,0.4 ,0.0393564, 0.00235109,0.958293,0.960644
0.01,0.41 ,0.0393172, 0.00235108,0.958332,0.960683
0.01,0.42 ,0.039279, 0.00235107,0.95837,0.960721
0.01,0.43 ,0.0392419, 0.00235106,0.958407,0.960758
0.01,0.44 ,0.0392058, 0.00235106,0.958443,0.960794
0.01,0.45 ,0.0391708, 0.00235105,0.958478,0.960829
0.01,0.46 ,0.0391368, 0.00235104,0.958512,0.960863
0.01,0.47 ,0.0391038, 0.00235103,0.958545,0.960896
0.01,0.48 ,0.0390717, 0.00235103,0.958577,0.960928
0.01,0.49 ,0.0390406, 0.00235102,0.958608,0.960959
0.01,0.5 ,0.0390105, 0.00235101,0.958638,0.96099
0.01,0.51 ,0.0389813, 0.002351,0.958668,0.961019
0.01,0.52 ,0.038953, 0.002351,0.958696,0.961047
0.01,0.53 ,0.0389255, 0.00235099,0.958723,0.961074
0.01,0.54 ,0.038899, 0.00235098,0.95875,0.961101
0.01,0.55 ,0.0388732, 0.00235097,0.958776,0.961127
0.01,0.56 ,0.0388483, 0.00235096,0.958801,0.961152
0.01,0.57 ,0.0388242, 0.00235096,0.958825,0.961176
0.01,0.58 ,0.0388009, 0.00235095,0.958848,0.961199
0.01,0.59 ,0.0387783, 0.00235094,0.958871,0.961222
0.01,0.6 ,0.0387565, 0.00235093,0.958893,0.961244
0.01,0.61 ,0.0387354, 0.00235093,0.958914,0.961265
0.01,0.62 ,0.038715, 0.00235092,0.958934,0.961285
0.01,0.63 ,0.0386952, 0.00235091,0.958954,0.961305
0.01,0.64 ,0.0386762, 0.0023509,0.958973,0.961324
0.01,0.65 ,0.0386577, 0.0023509,0.958991,0.961342
0.01,0.66 ,0.0386399, 0.00235089,0.959009,0.96136
0.01,0.67 ,0.0386227, 0.00235088,0.959026,0.961377
0.01,0.68 ,0.0386061, 0.00235087,0.959043,0.961394
0.01,0.69 ,0.03859, 0.00235087,0.959059,0.96141
0.01,0.7 ,0.0385745, 0.00235086,0.959075,0.961425
0.01,0.71 ,0.0385596, 0.00235085,0.95909,0.96144
0.01,0.72 ,0.0385451, 0.00235084,0.959104,0.961455
0.01,0.73 ,0.0385311, 0.00235084,0.959118,0.961469
0.01,0.74 ,0.0385177, 0.00235083,0.959132,0.961482
0.01,0.75 ,0.0385046, 0.00235082,0.959145,0.961495
0.01,0.76 ,0.0384921, 0.00235081,0.959157,0.961508
0.01,0.77 ,0.03848, 0.00235081,0.959169,0.96152
0.01,0.78 ,0.0384683, 0.0023508,0.959181,0.961532
0.01,0.79 ,0.038457, 0.00235079,0.959192,0.961543
0.01,0.8 ,0.038446, 0.00235078,0.959203,0.961554
0.01,0.81 ,0.0384355, 0.00235078,0.959214,0.961564
0.01,0.82 ,0.0384254, 0.00235077,0.959224,0.961575
0.01,0.83 ,0.0384156, 0.00235076,0.959234,0.961584
0.01,0.84 ,0.0384061, 0.00235075,0.959243,0.961594
0.01,0.85 ,0.038397, 0.00235075,0.959252,0.961603
0.01,0.86 ,0.0383881, 0.00235074,0.959261,0.961612
0.01,0.87 ,0.0383796, 0.00235073,0.95927,0.96162
0.01,0.88 ,0.0383714, 0.00235072,0.959278,0.961629
0.01,0.89 ,0.0383635, 0.00235072,0.959286,0.961637
0.01,0.9 ,0.0383558, 0.00235071,0.959293,0.961644
0.01,0.91 ,0.0383484, 0.0023507,0.959301,0.961652
0.01,0.92 ,0.0383413, 0.00235069,0.959308,0.961659
0.01,0.93 ,0.0383344, 0.00235069,0.959315,0.961666
0.01,0.94 ,0.0383277, 0.00235068,0.959322,0.961672
0.01,0.95 ,0.0383213, 0.00235067,0.959328,0.961679
0.01,0.96 ,0.0383151, 0.00235066,0.959334,0.961685
0.01,0.97 ,0.0383091, 0.00235066,0.95934,0.961691
0.01,0.98 ,0.0383033, 0.00235065,0.959346,0.961697
0.01,0.99 ,0.0382977, 0.00235064,0.959352,0.961702
0.01,1 ,0.0382922, 0.00235063,0.959357,0.961708
0.02,0 ,0.0435509, 0.00235139,0.954098,0.956449
0.02,0.01 ,0.0435094, 0.00235138,0.954139,0.956491
0.02,0.02 ,0.0434642, 0.00235138,0.954184,0.956536
0.02,0.03 ,0.0434157, 0.00235137,0.954233,0.956584
0.02,0.04 ,0.0433643, 0.00235136,0.954284,0.956636
0.02,0.05 ,0.0433104, 0.00235135,0.954338,0.95669
0.02,0.06 ,0.0432543, 0.00235134,0.954394,0.956746
0.02,0.07 ,0.0431963, 0.00235134,0.954452,0.956804
0.02,0.08 ,0.0431366, 0.00235133,0.954512,0.956863
0.02,0.09 ,0.0430756, 0.00235132,0.954573,0.956924
0.02,0.1 ,0.0430135, 0.00235131,0.954635,0.956987
0.02,0.11 ,0.0429505, 0.0023513,0.954698,0.95705
0.02,0.12 ,0.0428868, 0.0023513,0.954762,0.957113
0.02,0.13 ,0.0428227, 0.00235129,0.954826,0.957177
0.02,0.14 ,0.0427583, 0.00235128,0.95489,0.957242
0.02,0.15 ,0.0426938, 0.00235127,0.954955,0.957306
0.02,0.16 ,0.0426293, 0.00235126,0.955019,0.957371
0.02,0.17 ,0.042565, 0.00235126,0.955084,0.957435
0.02,0.18 ,0.0425011, 0.00235125,0.955148,0.957499
0.02,0.19 ,0.0424375, 0.00235124,0.955211,0.957562
0.02,0.2 ,0.0423745, 0.00235123,0.955274,0.957625
0.02,0.21 ,0.0423121, 0.00235122,0.955337,0.957688
0.02,0.22 ,0.0422504, 0.00235122,0.955398,0.95775
0.02,0.23 ,0.0421895, 0.00235121,0.955459,0.95781
0.02,0.24 ,0.0421295, 0.0023512,0.955519,0.957871
0.02,0.25 ,0.0420703, 0.00235119,0.955578,0.95793
0.02,0.26 ,0.0420122, 0.00235118,0.955637,0.957988
0.02,0.27 ,0.041955, 0.00235118,0.955694,0.958045
0.02,0.28 ,0.0418989, 0.00235117,0.95575,0.958101
0.02,0.29 ,0.0418438, 0.00235116,0.955805,0.958156
0.02,0.3 ,0.0417898, 0.00235115,0.955859,0.95821
0.02,0.31 ,0.041737, 0.00235114,0.955912,0.958263
0.02,0.32 ,0.0416853, 0.00235114,0.955964,0.958315
0.02,0.33 ,0.0416348, 0.00235113,0.956014,0.958365
0.02,0.34 ,0.0415854, 0.00235112,0.956063,0.958415
0.02,0.35 ,0.0415372, 0.00235111,0.956112,0.958463
0.02,0.36 ,0.0414902, 0.0023511,0.956159,0.95851
0.02,0.37 ,0.0414444, 0.0023511,0.956205,0.958556
0.02,0.38 ,0.0413997, 0.00235109,0.956249,0.9586
0.02,0.39 ,0.0413561, 0.00235108,0.956293,0.958644
0.02,0.4 ,0.0413138, 0.00235107,0.956335,0.958686
0.02,0.41 ,0.0412726, 0.00235107,0.956376,0.958727
0.02,0.42 ,0.0412325, 0.00235106,0.956416,0.958768
0.02,0.43 ,0.0411935, 0.00235105,0.956455,0.958807
0.02,0.44 ,0.0411556, 0.00235104,0.956493,0.958844
0.02,0.45 ,0.0411188, 0.00235103,0.95653,0.958881
0.02,0.46 ,0.0410831, 0.00235103,0.956566,0.958917
0.02,0.47 ,0.0410485, 0.00235102,0.9566,0.958952
0.02,0.48 ,0.0410149, 0.00235101,0.956634,0.958985
0.02,0.49 ,0.0409823, 0.002351,0.956667,0.959018
0.02,0.5 ,0.0409507, 0.002351,0.956698,0.959049
0.02,0.51 ,0.04092, 0.00235099,0.956729,0.95908
0.02,0.52 ,0.0408904, 0.00235098,0.956759,0.95911
0.02,0.53 ,0.0408616, 0.00235097,0.956787,0.959138
0.02,0.54 ,0.0408338, 0.00235097,0.956815,0.959166
0.02,0.55 ,0.0408069, 0.00235096,0.956842,0.959193
0.02,0.56 ,0.0407808, 0.00235095,0.956868,0.959219
0.02,0.57 ,0.0407555, 0.00235094,0.956894,0.959244
0.02,0.58 ,0.0407311, 0.00235093,0.956918,0.959269
0.02,0.59 ,0.0407075, 0.00235093,0.956942,0.959292
0.02,0.6 ,0.0406847, 0.00235092,0.956964,0.959315
0.02,0.61 ,0.0406626, 0.00235091,0.956986,0.959337
0.02,0.62 ,0.0406413, 0.0023509,0.957008,0.959359
0.02,0.63 ,0.0406207, 0.0023509,0.957028,0.959379
0.02,0.64 ,0.0406008, 0.00235089,0.957048,0.959399
0.02,0.65 ,0.0405816, 0.00235088,0.957068,0.959418
0.02,0.66 ,0.040563, 0.00235087,0.957086,0.959437
0.02,0.67 ,0.040545, 0.00235087,0.957104,0.959455
0.02,0.68 ,0.0405277, 0.00235086,0.957121,0.959472
0.02,0.69 ,0.0405109, 0.00235085,0.957138,0.959489
0.02,0.7 ,0.0404948, 0.00235084,0.957154,0.959505
0.02,0.71 ,0.0404792, 0.00235084,0.95717,0.959521
0.02,0.72 ,0.0404641, 0.00235083,0.957185,0.959536
0.02,0.73 ,0.0404496, 0.00235082,0.9572,0.95955
0.02,0.74 ,0.0404356, 0.00235081,0.957214,0.959564
0.02,0.75 ,0.040422, 0.00235081,0.957227,0.959578
0.02,0.76 ,0.040409, 0.0023508,0.95724,0.959591
0.02,0.77 ,0.0403963, 0.00235079,0.957253,0.959604
0.02,0.78 ,0.0403842, 0.00235078,0.957265,0.959616
0.02,0.79 ,0.0403724, 0.00235078,0.957277,0.959628
0.02,0.8 ,0.0403611, 0.00235077,0.957288,0.959639
0.02,0.81 ,0.0403502, 0.00235076,0.957299,0.95965
0.02,0.82 ,0.0403396, 0.00235075,0.95731,0.95966
0.02,0.83 ,0.0403295, 0.00235075,0.95732,0.959671
0.02,0.84 ,0.0403196, 0.00235074,0.95733,0.95968
0.02,0.85 ,0.0403102, 0.00235073,0.957339,0.95969
0.02,0.86 ,0.040301, 0.00235072,0.957348,0.959699
0.02,0.87 ,0.0402922, 0.00235072,0.957357,0.959708
0.02,0.88 ,0.0402837, 0.00235071,0.957366,0.959716
0.02,0.89 ,0.0402755, 0.0023507,0.957374,0.959725
0.02,0.9 ,0.0402675, 0.00235069,0.957382,0.959732
0.02,0.91 ,0.0402599, 0.00235069,0.957389,0.95974
0.02,0.92 ,0.0402525, 0.00235068,0.957397,0.959748
0.02,0.93 ,0.0402453, 0.00235067,0.957404,0.959755
0.02,0.94 ,0.0402384, 0.00235066,0.957411,0.959762
0.02,0.95 ,0.0402318, 0.00235066,0.957418,0.959768
0.02,0.96 ,0.0402254, 0.00235065,0.957424,0.959775
0.02,0.97 ,0.0402192, 0.00235064,0.95743,0.959781
0.02,0.98 ,0.0402132, 0.00235063,0.957436,0.959787
0.02,0.99 ,0.0402074, 0.00235063,0.957442,0.959793
0.02,1 ,0.0402018, 0.00235062,0.957448,0.959798
0.03,0 ,0.0456688, 0.00235138,0.95198,0.954331
0.03,0.01 ,0.0456299, 0.00235137,0.952019,0.95437
0.03,0.02 ,0.0455867, 0.00235136,0.952062,0.954413
0.03,0.03 ,0.0455397, 0.00235135,0.952109,0.95446
0.03,0.04 ,0.0454892, 0.00235135,0.952159,0.954511
0.03,0.05 ,0.0454357, 0.00235134,0.952213,0.954564
0.03,0.06 ,0.0453796, 0.00235133,0.952269,0.95462
0.03,0.07 ,0.0453211, 0.00235132,0.952328,0.954679
0.03,0.08 ,0.0452607, 0.00235131,0.952388,0.954739
0.03,0.09 ,0.0451986, 0.00235131,0.95245,0.954801
0.03,0.1 ,0.045135, 0.0023513,0.952514,0.954865
0.03,0.11 ,0.0450704, 0.00235129,0.952578,0.95493
0.03,0.12 ,0.0450049, 0.00235128,0.952644,0.954995
0.03,0.13 ,0.0449387, 0.00235127,0.95271,0.955061
0.03,0.14 ,0.0448721, 0.00235126,0.952777,0.955128
0.03,0.15 ,0.0448052, 0.00235126,0.952843,0.955195
0.03,0.16 ,0.0447383, 0.00235125,0.95291,0.955262
0.03,0.17 ,0.0446714, 0.00235124,0.952977,0.955329
0.03,0.18 ,0.0446048, 0.00235123,0.953044,0.955395
0.03,0.19 ,0.0445385, 0.00235122,0.95311,0.955462
0.03,0.2 ,0.0444727, 0.00235122,0.953176,0.955527
0.03,0.21 ,0.0444075, 0.00235121,0.953241,0.955593
0.03,0.22 ,0.0443429, 0.0023512,0.953306,0.955657
0.03,0.23 ,0.0442792, 0.00235119,0.95337,0.955721
0.03,0.24 ,0.0442162, 0.00235119,0.953433,0.955784
0.03,0.25 ,0.0441542, 0.00235118,0.953495,0.955846
0.03,0.26 ,0.0440932, 0.00235117,0.953556,0.955907
0.03,0.27 ,0.0440332, 0.00235116,0.953616,0.955967
0.03,0.28 ,0.0439743, 0.00235115,0.953675,0.956026
0.03,0.29 ,0.0439165, 0.00235115,0.953732,0.956084
0.03,0.3 ,0.0438598, 0.00235114,0.953789,0.95614
0.03,0.31 ,0.0438043, 0.00235113,0.953845,0.956196
0.03,0.32 ,0.04375, 0.00235112,0.953899,0.95625
0.03,0.33 ,0.0436969, 0.00235111,0.953952,0.956303
0.03,0.34 ,0.043645, 0.00235111,0.954004,0.956355
0.03,0.35 ,0.0435943, 0.0023511,0.954055,0.956406
0.03,0.36 ,0.0435449, 0.00235109,0.954104,0.956455
0.03,0.37 ,0.0434967, 0.00235108,0.954152,0.956503
0.03,0.38 ,0.0434498, 0.00235107,0.954199,0.95655
0.03,0.39 ,0.043404, 0.00235107,0.954245,0.956596
0.03,0.4 ,0.0433595, 0.00235106,0.954289,0.95664
0.03,0.41 ,0.0433162, 0.00235105,0.954333,0.956684
0.03,0.42 ,0.0432741, 0.00235104,0.954375,0.956726
0.03,0.43 ,0.0432331, 0.00235104,0.954416,0.956767
0.03,0.44 ,0.0431934, 0.00235103,0.954456,0.956807
0.03,0.45 ,0.0431548, 0.00235102,0.954494,0.956845
0.03,0.46 ,0.0431173, 0.00235101,0.954532,0.956883
0.03,0.47 ,0.0430809, 0.002351,0.954568,0.956919
0.03,0.48 ,0.0430456, 0.002351,0.954603,0.956954
0.03,0.49 ,0.0430114, 0.00235099,0.954638,0.956989
0.03,0.5 ,0.0429783, 0.00235098,0.954671,0.957022
0.03,0.51 ,0.0429462, 0.00235097,0.954703,0.957054
0.03,0.52 ,0.0429151, 0.00235097,0.954734,0.957085
0.03,0.53 ,0.042885, 0.00235096,0.954764,0.957115
0.03,0.54 ,0.0428558, 0.00235095,0.954793,0.957144
0.03,0.55 ,0.0428276, 0.00235094,0.954821,0.957172
0.03,0.56 ,0.0428003, 0.00235094,0.954849,0.9572
0.03,0.57 ,0.0427739, 0.00235093,0.954875,0.957226
0.03,0.58 ,0.0427483, 0.00235092,0.954901,0.957252
0.03,0.59 ,0.0427237, 0.00235091,0.954925,0.957276
0.03,0.6 ,0.0426998, 0.0023509,0.954949,0.9573
0.03,0.61 ,0.0426767, 0.0023509,0.954972,0.957323
0.03,0.62 ,0.0426544, 0.00235089,0.954995,0.957346
0.03,0.63 ,0.0426329, 0.00235088,0.955016,0.957367
0.03,0.64 ,0.0426121, 0.00235087,0.955037,0.957388
0.03,0.65 ,0.042592, 0.00235087,0.955057,0.957408
0.03,0.66 ,0.0425726, 0.00235086,0.955077,0.957427
0.03,0.67 ,0.0425539, 0.00235085,0.955095,0.957446
0.03,0.68 ,0.0425358, 0.00235084,0.955113,0.957464
0.03,0.69 ,0.0425184, 0.00235084,0.955131,0.957482
0.03,0.7 ,0.0425015, 0.00235083,0.955148,0.957498
0.03,0.71 ,0.0424853, 0.00235082,0.955164,0.957515
0.03,0.72 ,0.0424696, 0.00235081,0.95518,0.95753
0.03,0.73 ,0.0424545, 0.00235081,0.955195,0.957546
0.03,0.74 ,0.0424399, 0.0023508,0.955209,0.95756
0.03,0.75 ,0.0424258, 0.00235079,0.955223,0.957574
0.03,0.76 ,0.0424122, 0.00235078,0.955237,0.957588
0.03,0.77 ,0.0423991, 0.00235078,0.95525,0.957601
0.03,0.78 ,0.0423864, 0.00235077,0.955263,0.957614
0.03,0.79 ,0.0423742, 0.00235076,0.955275,0.957626
0.03,0.8 ,0.0423625, 0.00235075,0.955287,0.957638
0.03,0.81 ,0.0423511, 0.00235075,0.955298,0.957649
0.03,0.82 ,0.0423402, 0.00235074,0.955309,0.95766
0.03,0.83 ,0.0423296, 0.00235073,0.95532,0.95767
0.03,0.84 ,0.0423194, 0.00235072,0.95533,0.957681
0.03,0.85 ,0.0423096, 0.00235072,0.95534,0.95769
0.03,0.86 ,0.0423001, 0.00235071,0.955349,0.9577
0.03,0.87 ,0.042291, 0.0023507,0.955358,0.957709
0.03,0.88 ,0.0422822, 0.00235069,0.955367,0.957718
0.03,0.89 ,0.0422736, 0.00235069,0.955376,0.957726
0.03,0.9 ,0.0422654, 0.00235068,0.955384,0.957735
0.03,0.91 ,0.0422575, 0.00235067,0.955392,0.957743
0.03,0.92 ,0.0422498, 0.00235066,0.955399,0.95775
0.03,0.93 ,0.0422425, 0.00235066,0.955407,0.957758
0.03,0.94 ,0.0422353, 0.00235065,0.955414,0.957765
0.03,0.95 ,0.0422285, 0.00235064,0.955421,0.957772
0.03,0.96 ,0.0422218, 0.00235064,0.955428,0.957778
0.03,0.97 ,0.0422154, 0.00235063,0.955434,0.957785
0.03,0.98 ,0.0422092, 0.00235062,0.95544,0.957791
0.03,0.99 ,0.0422032, 0.00235061,0.955446,0.957797
0.03,1 ,0.0421974, 0.00235061,0.955452,0.957803
0.04,0 ,0.0478762, 0.00235136,0.949772,0.952124
0.04,0.01 ,0.0478408, 0.00235136,0.949808,0.952159
0.04,0.02 ,0.0478004, 0.00235135,0.949848,0.9522
0.04,0.03 ,0.0477555, 0.00235134,0.949893,0.952244
0.04,0.04 ,0.0477065, 0.00235133,0.949942,0.952293
0.04,0.05 ,0.047654, 0.00235132,0.949995,0.952346
0.04,0.06 ,0.0475982, 0.00235132,0.95005,0.952402
0.04,0.07 ,0.0475397, 0.00235131,0.950109,0.95246
0.04,0.08 ,0.0474788, 0.0023513,0.95017,0.952521
0.04,0.09 ,0.0474159, 0.00235129,0.950233,0.952584
0.04,0.1 ,0.0473512, 0.00235128,0.950298,0.952649
0.04,0.11 ,0.0472851, 0.00235127,0.950364,0.952715
0.04,0.12 ,0.0472178, 0.00235127,0.950431,0.952782
0.04,0.13 ,0.0471497, 0.00235126,0.950499,0.95285
0.04,0.14 ,0.0470809, 0.00235125,0.950568,0.952919
0.04,0.15 ,0.0470117, 0.00235124,0.950637,0.952988
0.04,0.16 ,0.0469423, 0.00235123,0.950706,0.953058
0.04,0.17 ,0.0468728, 0.00235123,0.950776,0.953127
0.04,0.18 ,0.0468034, 0.00235122,0.950845,0.953197
0.04,0.19 ,0.0467343, 0.00235121,0.950914,0.953266
0.04,0.2 ,0.0466656, 0.0023512,0.950983,0.953334
0.04,0.21 ,0.0465975, 0.00235119,0.951051,0.953402
0.04,0.22 ,0.04653, 0.00235119,0.951119,0.95347
0.04,0.23 ,0.0464633, 0.00235118,0.951186,0.953537
0.04,0.24 ,0.0463974, 0.00235117,0.951251,0.953603
0.04,0.25 ,0.0463324, 0.00235116,0.951316,0.953668
0.04,0.26 ,0.0462684, 0.00235115,0.95138,0.953732
0.04,0.27 ,0.0462054, 0.00235115,0.951443,0.953795
0.04,0.28 ,0.0461436, 0.00235114,0.951505,0.953856
0.04,0.29 ,0.0460829, 0.00235113,0.951566,0.953917
0.04,0.3 ,0.0460233, 0.00235112,0.951626,0.953977
0.04,0.31 ,0.045965, 0.00235112,0.951684,0.954035
0.04,0.32 ,0.045908, 0.00235111,0.951741,0.954092
0.04,0.33 ,0.0458522, 0.0023511,0.951797,0.954148
0.04,0.34 ,0.0457976, 0.00235109,0.951851,0.954202
0.04,0.35 ,0.0457444, 0.00235108,0.951905,0.954256
0.04,0.36 ,0.0456924, 0.00235108,0.951956,0.954308
0.04,0.37 ,0.0456418, 0.00235107,0.952007,0.954358
0.04,0.38 ,0.0455924, 0.00235106,0.952057,0.954408
0.04,0.39 ,0.0455443, 0.00235105,0.952105,0.954456
0.04,0.4 ,0.0454976, 0.00235104,0.952151,0.954502
0.04,0.41 ,0.045452, 0.00235104,0.952197,0.954548
0.04,0.42 ,0.0454078, 0.00235103,0.952241,0.954592
0.04,0.43 ,0.0453648, 0.00235102,0.952284,0.954635
0.04,0.44 ,0.045323, 0.00235101,0.952326,0.954677
0.04,0.45 ,0.0452825, 0.00235101,0.952367,0.954718
0.04,0.46 ,0.0452431, 0.002351,0.952406,0.954757
0.04,0.47 ,0.0452049, 0.00235099,0.952444,0.954795
0.04,0.48 ,0.0451679, 0.00235098,0.952481,0.954832
0.04,0.49 ,0.045132, 0.00235097,0.952517,0.954868
0.04,0.5 ,0.0450973, 0.00235097,0.952552,0.954903
0.04,0.51 ,0.0450636, 0.00235096,0.952585,0.954936
0.04,0.52 ,0.045031, 0.00235095,0.952618,0.954969
0.04,0.53 ,0.0449994, 0.00235094,0.95265,0.955001
0.04,0.54 ,0.0449689, 0.00235094,0.95268,0.955031
0.04,0.55 ,0.0449393, 0.00235093,0.95271,0.955061
0.04,0.56 ,0.0449107, 0.00235092,0.952738,0.955089
0.04,0.57 ,0.0448831, 0.00235091,0.952766,0.955117
0.04,0.58 ,0.0448564, 0.00235091,0.952793,0.955144
0.04,0.59 ,0.0448305, 0.0023509,0.952819,0.955169
0.04,0.6 ,0.0448056, 0.00235089,0.952844,0.955194
0.04,0.61 ,0.0447815, 0.00235088,0.952868,0.955219
0.04,0.62 ,0.0447582, 0.00235088,0.952891,0.955242
0.04,0.63 ,0.0447357, 0.00235087,0.952913,0.955264
0.04,0.64 ,0.044714, 0.00235086,0.952935,0.955286
0.04,0.65 ,0.044693, 0.00235085,0.952956,0.955307
0.04,0.66 ,0.0446728, 0.00235084,0.952976,0.955327
0.04,0.67 ,0.0446532, 0.00235084,0.952996,0.955347
0.04,0.68 ,0.0446344, 0.00235083,0.953015,0.955366
0.04,0.69 ,0.0446162, 0.00235082,0.953033,0.955384
0.04,0.7 ,0.0445986, 0.00235081,0.953051,0.955401
0.04,0.71 ,0.0445817, 0.00235081,0.953067,0.955418
0.04,0.72 ,0.0445654, 0.0023508,0.953084,0.955435
0.04,0.73 ,0.0445496, 0.00235079,0.9531,0.95545
0.04,0.74 ,0.0445344, 0.00235078,0.953115,0.955466
0.04,0.75 ,0.0445198, 0.00235078,0.953129,0.95548
0.04,0.76 ,0.0445056, 0.00235077,0.953144,0.955494
0.04,0.77 ,0.044492, 0.00235076,0.953157,0.955508
0.04,0.78 ,0.0444789, 0.00235075,0.95317,0.955521
0.04,0.79 ,0.0444662, 0.00235075,0.953183,0.955534
0.04,0.8 ,0.044454, 0.00235074,0.953195,0.955546
0.04,0.81 ,0.0444422, 0.00235073,0.953207,0.955558
0.04,0.82 ,0.0444308, 0.00235072,0.953218,0.955569
0.04,0.83 ,0.0444199, 0.00235072,0.953229,0.95558
0.04,0.84 ,0.0444093, 0.00235071,0.95324,0.955591
0.04,0.85 ,0.0443991, 0.0023507,0.95325,0.955601
0.04,0.86 ,0.0443893, 0.00235069,0.95326,0.955611
0.04,0.87 ,0.0443798, 0.00235069,0.95327,0.95562
0.04,0.88 ,0.0443707, 0.00235068,0.953279,0.955629
0.04,0.89 ,0.0443618, 0.00235067,0.953287,0.955638
0.04,0.9 ,0.0443533, 0.00235067,0.953296,0.955647
0.04,0.91 ,0.0443451, 0.00235066,0.953304,0.955655
0.04,0.92 ,0.0443372, 0.00235065,0.953312,0.955663
0.04,0.93 ,0.0443296, 0.00235064,0.95332,0.95567
0.04,0.94 ,0.0443222, 0.00235064,0.953327,0.955678
0.04,0.95 ,0.0443151, 0.00235063,0.953334,0.955685
0.04,0.96 ,0.0443082, 0.00235062,0.953341,0.955692
0.04,0.97 ,0.0443016, 0.00235061,0.953348,0.955698
0.04,0.98 ,0.0442952, 0.00235061,0.953354,0.955705
0.04,0.99 ,0.044289, 0.0023506,0.95336,0.955711
0.04,1 ,0.0442831, 0.00235059,0.953366,0.955717
0.05,0 ,0.0501759, 0.00235135,0.947473,0.949824
0.05,0.01 ,0.0501451, 0.00235134,0.947504,0.949855
0.05,0.02 ,0.0501084, 0.00235133,0.94754,0.949892
0.05,0.03 ,0.0500664, 0.00235133,0.947582,0.949934
0.05,0.04 ,0.0500197, 0.00235132,0.947629,0.94998
0.05,0.05 ,0.0499686, 0.00235131,0.94768,0.950031
0.05,0.06 ,0.0499139, 0.0023513,0.947735,0.950086
0.05,0.07 ,0.0498558, 0.00235129,0.947793,0.950144
0.05,0.08 ,0.0497948, 0.00235128,0.947854,0.950205
0.05,0.09 ,0.0497314, 0.00235128,0.947917,0.950269
0.05,0.1 ,0.0496658, 0.00235127,0.947983,0.950334
0.05,0.11 ,0.0495985, 0.00235126,0.94805,0.950402
0.05,0.12 ,0.0495297, 0.00235125,0.948119,0.95047
0.05,0.13 ,0.0494597, 0.00235124,0.948189,0.95054
0.05,0.14 ,0.0493888, 0.00235124,0.94826,0.950611
0.05,0.15 ,0.0493173, 0.00235123,0.948331,0.950683
0.05,0.16 ,0.0492454, 0.00235122,0.948403,0.950755
0.05,0.17 ,0.0491733, 0.00235121,0.948475,0.950827
0.05,0.18 ,0.0491012, 0.0023512,0.948548,0.950899
0.05,0.19 ,0.0490293, 0.0023512,0.94862,0.950971
0.05,0.2 ,0.0489577, 0.00235119,0.948691,0.951042
0.05,0.21 ,0.0488865, 0.00235118,0.948762,0.951113
0.05,0.22 ,0.048816, 0.00235117,0.948833,0.951184
0.05,0.23 ,0.0487462, 0.00235116,0.948903,0.951254
0.05,0.24 ,0.0486771, 0.00235116,0.948972,0.951323
0.05,0.25 ,0.0486091, 0.00235115,0.94904,0.951391
0.05,0.26 ,0.0485419, 0.00235114,0.949107,0.951458
0.05,0.27 ,0.0484759, 0.00235113,0.949173,0.951524
0.05,0.28 ,0.048411, 0.00235112,0.949238,0.951589
0.05,0.29 ,0.0483472, 0.00235112,0.949302,0.951653
0.05,0.3 ,0.0482847, 0.00235111,0.949364,0.951715
0.05,0.31 ,0.0482235, 0.0023511,0.949425,0.951777
0.05,0.32 ,0.0481635, 0.00235109,0.949485,0.951837
0.05,0.33 ,0.0481048, 0.00235109,0.949544,0.951895
0.05,0.34 ,0.0480475, 0.00235108,0.949601,0.951952
0.05,0.35 ,0.0479915, 0.00235107,0.949657,0.952008
0.05,0.36 ,0.0479369, 0.00235106,0.949712,0.952063
0.05,0.37 ,0.0478837, 0.00235105,0.949765,0.952116
0.05,0.38 ,0.0478318, 0.00235105,0.949817,0.952168
0.05,0.39 ,0.0477812, 0.00235104,0.949868,0.952219
0.05,0.4 ,0.0477321, 0.00235103,0.949917,0.952268
0.05,0.41 ,0.0476842, 0.00235102,0.949965,0.952316
0.05,0.42 ,0.0476377, 0.00235101,0.950011,0.952362
0.05,0.43 ,0.0475925, 0.00235101,0.950056,0.952407
0.05,0.44 ,0.0475487, 0.002351,0.9501,0.952451
0.05,0.45 ,0.0475061, 0.00235099,0.950143,0.952494
0.05,0.46 ,0.0474648, 0.00235098,0.950184,0.952535
0.05,0.47 ,0.0474247, 0.00235098,0.950224,0.952575
0.05,0.48 ,0.0473858, 0.00235097,0.950263,0.952614
0.05,0.49 ,0.0473482, 0.00235096,0.950301,0.952652
0.05,0.5 ,0.0473117, 0.00235095,0.950337,0.952688
0.05,0.51 ,0.0472764, 0.00235095,0.950373,0.952724
0.05,0.52 ,0.0472422, 0.00235094,0.950407,0.952758
0.05,0.53 ,0.0472091, 0.00235093,0.95044,0.952791
0.05,0.54 ,0.0471771, 0.00235092,0.950472,0.952823
0.05,0.55 ,0.0471461, 0.00235091,0.950503,0.952854
0.05,0.56 ,0.0471162, 0.00235091,0.950533,0.952884
0.05,0.57 ,0.0470872, 0.0023509,0.950562,0.952913
0.05,0.58 ,0.0470593, 0.00235089,0.95059,0.952941
0.05,0.59 ,0.0470322, 0.00235088,0.950617,0.952968
0.05,0.6 ,0.0470061, 0.00235088,0.950643,0.952994
0.05,0.61 ,0.0469809, 0.00235087,0.950668,0.953019
0.05,0.62 ,0.0469566, 0.00235086,0.950693,0.953043
0.05,0.63 ,0.0469331, 0.00235085,0.950716,0.953067
0.05,0.64 ,0.0469104, 0.00235085,0.950739,0.95309
0.05,0.65 ,0.0468885, 0.00235084,0.950761,0.953111
0.05,0.66 ,0.0468674, 0.00235083,0.950782,0.953133
0.05,0.67 ,0.046847, 0.00235082,0.950802,0.953153
0.05,0.68 ,0.0468273, 0.00235082,0.950822,0.953173
0.05,0.69 ,0.0468084, 0.00235081,0.950841,0.953192
0.05,0.7 ,0.0467901, 0.0023508,0.950859,0.95321
0.05,0.71 ,0.0467725, 0.00235079,0.950877,0.953228
0.05,0.72 ,0.0467554, 0.00235078,0.950894,0.953245
0.05,0.73 ,0.046739, 0.00235078,0.95091,0.953261
0.05,0.74 ,0.0467232, 0.00235077,0.950926,0.953277
0.05,0.75 ,0.046708, 0.00235076,0.950941,0.953292
0.05,0.76 ,0.0466933, 0.00235075,0.950956,0.953307
0.05,0.77 ,0.0466791, 0.00235075,0.95097,0.953321
0.05,0.78 ,0.0466655, 0.00235074,0.950984,0.953335
0.05,0.79 ,0.0466523, 0.00235073,0.950997,0.953348
0.05,0.8 ,0.0466396, 0.00235072,0.95101,0.95336
0.05,0.81 ,0.0466274, 0.00235072,0.951022,0.953373
0.05,0.82 ,0.0466156, 0.00235071,0.951034,0.953384
0.05,0.83 ,0.0466042, 0.0023507,0.951045,0.953396
0.05,0.84 ,0.0465933, 0.0023507,0.951056,0.953407
0.05,0.85 ,0.0465827, 0.00235069,0.951067,0.953417
0.05,0.86 ,0.0465725, 0.00235068,0.951077,0.953427
0.05,0.87 ,0.0465627, 0.00235067,0.951087,0.953437
0.05,0.88 ,0.0465532, 0.00235067,0.951096,0.953447
0.05,0.89 ,0.0465441, 0.00235066,0.951105,0.953456
0.05,0.9 ,0.0465353, 0.00235065,0.951114,0.953465
0.05,0.91 ,0.0465268, 0.00235064,0.951123,0.953473
0.05,0.92 ,0.0465186, 0.00235064,0.951131,0.953481
0.05,0.93 ,0.0465107, 0.00235063,0.951139,0.953489
0.05,0.94 ,0.0465031, 0.00235062,0.951146,0.953497
0.05,0.95 ,0.0464957, 0.00235061,0.951154,0.953504
0.05,0.96 ,0.0464886, 0.00235061,0.951161,0.953511
0.05,0.97 ,0.0464818, 0.0023506,0.951168,0.953518
0.05,0.98 ,0.0464752, 0.00235059,0.951174,0.953525
0.05,0.99 ,0.0464688, 0.00235058,0.951181,0.953531
0.05,1 ,0.0464626, 0.00235058,0.951187,0.953537
0.06,0 ,0.0525708, 0.00235134,0.945078,0.947429
0.06,0.01 ,0.0525458, 0.00235133,0.945103,0.947454
0.06,0.02 ,0.0525139, 0.00235132,0.945135,0.947486
0.06,0.03 ,0.0524758, 0.00235131,0.945173,0.947524
0.06,0.04 ,0.0524321, 0.0023513,0.945217,0.947568
0.06,0.05 ,0.0523834, 0.00235129,0.945265,0.947617
0.06,0.06 ,0.0523303, 0.00235129,0.945318,0.94767
0.06,0.07 ,0.0522732, 0.00235128,0.945375,0.947727
0.06,0.08 ,0.0522127, 0.00235127,0.945436,0.947787
0.06,0.09 ,0.0521492, 0.00235126,0.9455,0.947851
0.06,0.1 ,0.052083, 0.00235125,0.945566,0.947917
0.06,0.11 ,0.0520147, 0.00235125,0.945634,0.947985
0.06,0.12 ,0.0519446, 0.00235124,0.945704,0.948055
0.06,0.13 ,0.051873, 0.00235123,0.945776,0.948127
0.06,0.14 ,0.0518002, 0.00235122,0.945849,0.9482
0.06,0.15 ,0.0517265, 0.00235121,0.945922,0.948274
0.06,0.16 ,0.0516522, 0.00235121,0.945997,0.948348
0.06,0.17 ,0.0515775, 0.0023512,0.946071,0.948423
0.06,0.18 ,0.0515026, 0.00235119,0.946146,0.948497
0.06,0.19 ,0.0514278, 0.00235118,0.946221,0.948572
0.06,0.2 ,0.0513532, 0.00235117,0.946296,0.948647
0.06,0.21 ,0.051279, 0.00235117,0.94637,0.948721
0.06,0.22 ,0.0512053, 0.00235116,0.946444,0.948795
0.06,0.23 ,0.0511323, 0.00235115,0.946517,0.948868
0.06,0.24 ,0.05106, 0.00235114,0.946589,0.94894
0.06,0.25 ,0.0509887, 0.00235113,0.94666,0.949011
0.06,0.26 ,0.0509184, 0.00235113,0.946731,0.949082
0.06,0.27 ,0.0508491, 0.00235112,0.9468,0.949151
0.06,0.28 ,0.050781, 0.00235111,0.946868,0.949219
0.06,0.29 ,0.050714, 0.0023511,0.946935,0.949286
0.06,0.3 ,0.0506484, 0.00235109,0.947001,0.949352
0.06,0.31 ,0.050584, 0.00235109,0.947065,0.949416
0.06,0.32 ,0.050521, 0.00235108,0.947128,0.949479
0.06,0.33 ,0.0504593, 0.00235107,0.94719,0.949541
0.06,0.34 ,0.0503991, 0.00235106,0.94725,0.949601
0.06,0.35 ,0.0503402, 0.00235106,0.947309,0.94966
0.06,0.36 ,0.0502828, 0.00235105,0.947366,0.949717
0.06,0.37 ,0.0502268, 0.00235104,0.947422,0.949773
0.06,0.38 ,0.0501723, 0.00235103,0.947477,0.949828
0.06,0.39 ,0.0501191, 0.00235102,0.94753,0.949881
0.06,0.4 ,0.0500674, 0.00235102,0.947582,0.949933
0.06,0.41 ,0.0500171, 0.00235101,0.947632,0.949983
0.06,0.42 ,0.0499683, 0.002351,0.947681,0.950032
0.06,0.43 ,0.0499208, 0.00235099,0.947728,0.950079
0.06,0.44 ,0.0498747, 0.00235098,0.947774,0.950125
0.06,0.45 ,0.0498299, 0.00235098,0.947819,0.95017
0.06,0.46 ,0.0497865, 0.00235097,0.947863,0.950213
0.06,0.47 ,0.0497444, 0.00235096,0.947905,0.950256
0.06,0.48 ,0.0497036, 0.00235095,0.947945,0.950296
0.06,0.49 ,0.0496641, 0.00235095,0.947985,0.950336
0.06,0.5 ,0.0496258, 0.00235094,0.948023,0.950374
0.06,0.51 ,0.0495888, 0.00235093,0.94806,0.950411
0.06,0.52 ,0.0495529, 0.00235092,0.948096,0.950447
0.06,0.53 ,0.0495182, 0.00235092,0.948131,0.950482
0.06,0.54 ,0.0494847, 0.00235091,0.948164,0.950515
0.06,0.55 ,0.0494522, 0.0023509,0.948197,0.950548
0.06,0.56 ,0.0494209, 0.00235089,0.948228,0.950579
0.06,0.57 ,0.0493906, 0.00235088,0.948259,0.950609
0.06,0.58 ,0.0493613, 0.00235088,0.948288,0.950639
0.06,0.59 ,0.049333, 0.00235087,0.948316,0.950667
0.06,0.6 ,0.0493057, 0.00235086,0.948343,0.950694
0.06,0.61 ,0.0492794, 0.00235085,0.94837,0.950721
0.06,0.62 ,0.0492539, 0.00235085,0.948395,0.950746
0.06,0.63 ,0.0492294, 0.00235084,0.94842,0.950771
0.06,0.64 ,0.0492057, 0.00235083,0.948443,0.950794
0.06,0.65 ,0.0491828, 0.00235082,0.948466,0.950817
0.06,0.66 ,0.0491608, 0.00235082,0.948488,0.950839
0.06,0.67 ,0.0491395, 0.00235081,0.94851,0.95086
0.06,0.68 ,0.049119, 0.0023508,0.94853,0.950881
0.06,0.69 ,0.0490992, 0.00235079,0.94855,0.950901
0.06,0.7 ,0.0490802, 0.00235079,0.948569,0.95092
0.06,0.71 ,0.0490618, 0.00235078,0.948587,0.950938
0.06,0.72 ,0.0490441, 0.00235077,0.948605,0.950956
0.06,0.73 ,0.049027, 0.00235076,0.948622,0.950973
0.06,0.74 ,0.0490106, 0.00235076,0.948639,0.950989
0.06,0.75 ,0.0489947, 0.00235075,0.948655,0.951005
0.06,0.76 ,0.0489794, 0.00235074,0.94867,0.951021
0.06,0.77 ,0.0489647, 0.00235073,0.948685,0.951035
0.06,0.78 ,0.0489505, 0.00235073,0.948699,0.95105
0.06,0.79 ,0.0489368, 0.00235072,0.948712,0.951063
0.06,0.8 ,0.0489236, 0.00235071,0.948726,0.951076
0.06,0.81 ,0.0489109, 0.0023507,0.948738,0.951089
0.06,0.82 ,0.0488987, 0.0023507,0.948751,0.951101
0.06,0.83 ,0.0488869, 0.00235069,0.948762,0.951113
0.06,0.84 ,0.0488755, 0.00235068,0.948774,0.951124
0.06,0.85 ,0.0488646, 0.00235067,0.948785,0.951135
0.06,0.86 ,0.048854, 0.00235067,0.948795,0.951146
0.06,0.87 ,0.0488439, 0.00235066,0.948805,0.951156
0.06,0.88 ,0.0488341, 0.00235065,0.948815,0.951166
0.06,0.89 ,0.0488246, 0.00235064,0.948825,0.951175
0.06,0.9 ,0.0488155, 0.00235064,0.948834,0.951185
0.06,0.91 ,0.0488067, 0.00235063,0.948843,0.951193
0.06,0.92 ,0.0487982, 0.00235062,0.948851,0.951202
0.06,0.93 ,0.0487901, 0.00235061,0.948859,0.95121
0.06,0.94 ,0.0487822, 0.00235061,0.948867,0.951218
0.06,0.95 ,0.0487746, 0.0023506,0.948875,0.951225
0.06,0.96 ,0.0487673, 0.00235059,0.948882,0.951233
0.06,0.97 ,0.0487602, 0.00235058,0.948889,0.95124
0.06,0.98 ,0.0487534, 0.00235058,0.948896,0.951247
0.06,0.99 ,0.0487468, 0.00235057,0.948903,0.951253
0.06,1 ,0.0487404, 0.00235056,0.948909,0.95126
0.07,0 ,0.0550635, 0.00235132,0.942585,0.944937
0.07,0.01 ,0.0550457, 0.00235131,0.942603,0.944954
0.07,0.02 ,0.05502, 0.0023513,0.942629,0.94498
0.07,0.03 ,0.054987, 0.0023513,0.942662,0.945013
0.07,0.04 ,0.0549474, 0.00235129,0.942701,0.945053
0.07,0.05 ,0.054902, 0.00235128,0.942747,0.945098
0.07,0.06 ,0.0548513, 0.00235127,0.942797,0.945149
0.07,0.07 ,0.0547959, 0.00235126,0.942853,0.945204
0.07,0.08 ,0.0547364, 0.00235126,0.942912,0.945264
0.07,0.09 ,0.0546733, 0.00235125,0.942975,0.945327
0.07,0.1 ,0.0546071, 0.00235124,0.943042,0.945393
0.07,0.11 ,0.0545382, 0.00235123,0.943111,0.945462
0.07,0.12 ,0.054467, 0.00235122,0.943182,0.945533
0.07,0.13 ,0.054394, 0.00235122,0.943255,0.945606
0.07,0.14 ,0.0543194, 0.00235121,0.943329,0.945681
0.07,0.15 ,0.0542437, 0.0023512,0.943405,0.945756
0.07,0.16 ,0.054167, 0.00235119,0.943482,0.945833
0.07,0.17 ,0.0540898, 0.00235118,0.943559,0.94591
0.07,0.18 ,0.0540122, 0.00235118,0.943637,0.945988
0.07,0.19 ,0.0539345, 0.00235117,0.943714,0.946066
0.07,0.2 ,0.0538568, 0.00235116,0.943792,0.946143
0.07,0.21 ,0.0537795, 0.00235115,0.943869,0.946221
0.07,0.22 ,0.0537026, 0.00235114,0.943946,0.946297
0.07,0.23 ,0.0536263, 0.00235114,0.944023,0.946374
0.07,0.24 ,0.0535507, 0.00235113,0.944098,0.946449
0.07,0.25 ,0.053476, 0.00235112,0.944173,0.946524
0.07,0.26 ,0.0534023, 0.00235111,0.944247,0.946598
0.07,0.27 ,0.0533297, 0.0023511,0.944319,0.94667
0.07,0.28 ,0.0532582, 0.0023511,0.944391,0.946742
0.07,0.29 ,0.0531879, 0.00235109,0.944461,0.946812
0.07,0.3 ,0.053119, 0.00235108,0.94453,0.946881
0.07,0.31 ,0.0530514, 0.00235107,0.944598,0.946949
0.07,0.32 ,0.0529851, 0.00235106,0.944664,0.947015
0.07,0.33 ,0.0529203, 0.00235106,0.944729,0.94708
0.07,0.34 ,0.052857, 0.00235105,0.944792,0.947143
0.07,0.35 ,0.0527951, 0.00235104,0.944854,0.947205
0.07,0.36 ,0.0527347, 0.00235103,0.944914,0.947265
0.07,0.37 ,0.0526758, 0.00235103,0.944973,0.947324
0.07,0.38 ,0.0526184, 0.00235102,0.945031,0.947382
0.07,0.39 ,0.0525626, 0.00235101,0.945086,0.947437
0.07,0.4 ,0.0525082, 0.002351,0.945141,0.947492
0.07,0.41 ,0.0524553, 0.00235099,0.945194,0.947545
0.07,0.42 ,0.0524039, 0.00235099,0.945245,0.947596
0.07,0.43 ,0.052354, 0.00235098,0.945295,0.947646
0.07,0.44 ,0.0523055, 0.00235097,0.945343,0.947694
0.07,0.45 ,0.0522585, 0.00235096,0.945391,0.947741
0.07,0.46 ,0.0522129, 0.00235096,0.945436,0.947787
0.07,0.47 ,0.0521687, 0.00235095,0.94548,0.947831
0.07,0.48 ,0.0521259, 0.00235094,0.945523,0.947874
0.07,0.49 ,0.0520844, 0.00235093,0.945565,0.947916
0.07,0.5 ,0.0520442, 0.00235092,0.945605,0.947956
0.07,0.51 ,0.0520053, 0.00235092,0.945644,0.947995
0.07,0.52 ,0.0519677, 0.00235091,0.945681,0.948032
0.07,0.53 ,0.0519313, 0.0023509,0.945718,0.948069
0.07,0.54 ,0.0518962, 0.00235089,0.945753,0.948104
0.07,0.55 ,0.0518622, 0.00235089,0.945787,0.948138
0.07,0.56 ,0.0518293, 0.00235088,0.94582,0.948171
0.07,0.57 ,0.0517976, 0.00235087,0.945852,0.948202
0.07,0.58 ,0.0517669, 0.00235086,0.945882,0.948233
0.07,0.59 ,0.0517374, 0.00235085,0.945912,0.948263
0.07,0.6 ,0.0517088, 0.00235085,0.94594,0.948291
0.07,0.61 ,0.0516812, 0.00235084,0.945968,0.948319
0.07,0.62 ,0.0516546, 0.00235083,0.945995,0.948345
0.07,0.63 ,0.051629, 0.00235082,0.94602,0.948371
0.07,0.64 ,0.0516042, 0.00235082,0.946045,0.948396
0.07,0.65 ,0.0515804, 0.00235081,0.946069,0.94842
0.07,0.66 ,0.0515573, 0.0023508,0.946092,0.948443
0.07,0.67 ,0.0515352, 0.00235079,0.946114,0.948465
0.07,0.68 ,0.0515138, 0.00235079,0.946135,0.948486
0.07,0.69 ,0.0514932, 0.00235078,0.946156,0.948507
0.07,0.7 ,0.0514733, 0.00235077,0.946176,0.948527
0.07,0.71 ,0.0514542, 0.00235076,0.946195,0.948546
0.07,0.72 ,0.0514357, 0.00235076,0.946214,0.948564
0.07,0.73 ,0.0514179, 0.00235075,0.946231,0.948582
0.07,0.74 ,0.0514008, 0.00235074,0.946248,0.948599
0.07,0.75 ,0.0513843, 0.00235073,0.946265,0.948616
0.07,0.76 ,0.0513684, 0.00235073,0.946281,0.948632
