e1,e2,V,Rs,Rv,P
0,0,0.0370008,0.00617215,0.956827,0.962999
0,0.01,0.0369977,0.00617162,0.956831,0.963002
0,0.02,0.0369946,0.00617109,0.956834,0.963005
0,0.03,0.0369915,0.00617056,0.956838,0.963008
0,0.04,0.0369885,0.00617003,0.956842,0.963012
0,0.05,0.0369854,0.0061695,0.956845,0.963015
0,0.06,0.0369824,0.00616898,0.956849,0.963018
0,0.07,0.0369794,0.00616845,0.956852,0.963021
0,0.08,0.0369764,0.00616792,0.956856,0.963024
0,0.09,0.0369734,0.0061674,0.956859,0.963027
0,0.1,0.0369705,0.00616688,0.956863,0.96303
0,0.11,0.0369675,0.00616635,0.956866,0.963032
0,0.12,0.0369646,0.00616583,0.95687,0.963035
0,0.13,0.0369617,0.00616531,0.956873,0.963038
0,0.14,0.0369589,0.00616479,0.956876,0.963041
0,0.15,0.036956,0.00616427,0.95688,0.963044
0,0.16,0.0369532,0.00616375,0.956883,0.963047
0,0.17,0.0369503,0.00616323,0.956886,0.96305
0,0.18,0.0369475,0.00616271,0.95689,0.963052
0,0.19,0.0369447,0.0061622,0.956893,0.963055
0,0.2,0.036942,0.00616168,0.956896,0.963058
0,0.21,0.0369392,0.00616116,0.9569,0.963061
0,0.22,0.0369365,0.00616065,0.956903,0.963064
0,0.23,0.0369338,0.00616014,0.956906,0.963066
0,0.24,0.036931,0.00615962,0.956909,0.963069
0,0.25,0.0369284,0.00615911,0.956913,0.963072
0,0.26,0.0369257,0.0061586,0.956916,0.963074
0,0.27,0.036923,0.00615809,0.956919,0.963077
0,0.28,0.0369204,0.00615758,0.956922,0.96308
0,0.29,0.0369178,0.00615707,0.956925,0.963082
0,0.3,0.0369152,0.00615656,0.956928,0.963085
0,0.31,0.0369126,0.00615605,0.956931,0.963087
0,0.32,0.03691,0.00615554,0.956934,0.96309
0,0.33,0.0369075,0.00615504,0.956937,0.963093
0,0.34,0.0369049,0.00615453,0.956941,0.963095
0,0.35,0.0369024,0.00615403,0.956944,0.963098
0,0.36,0.0368999,0.00615352,0.956947,0.9631
0,0.37,0.0368974,0.00615302,0.95695,0.963103
0,0.38,0.0368949,0.00615252,0.956953,0.963105
0,0.39,0.0368925,0.00615201,0.956956,0.963108
0,0.4,0.03689,0.00615151,0.956958,0.96311
0,0.41,0.0368876,0.00615101,0.956961,0.963112
0,0.42,0.0368852,0.00615051,0.956964,0.963115
0,0.43,0.0368828,0.00615001,0.956967,0.963117
0,0.44,0.0368804,0.00614951,0.95697,0.96312
0,0.45,0.036878,0.00614902,0.956973,0.963122
0,0.46,0.0368757,0.00614852,0.956976,0.963124
0,0.47,0.0368733,0.00614802,0.956979,0.963127
0,0.48,0.036871,0.00614753,0.956981,0.963129
0,0.49,0.0368687,0.00614703,0.956984,0.963131
0,0.5,0.0368664,0.00614654,0.956987,0.963134
0,0.51,0.0368641,0.00614604,0.95699,0.963136
0,0.52,0.0368618,0.00614555,0.956993,0.963138
0,0.53,0.0368596,0.00614506,0.956995,0.96314
0,0.54,0.0368573,0.00614457,0.956998,0.963143
0,0.55,0.0368551,0.00614408,0.957001,0.963145
0,0.56,0.0368529,0.00614359,0.957004,0.963147
0,0.57,0.0368507,0.0061431,0.957006,0.963149
0,0.58,0.0368485,0.00614261,0.957009,0.963151
0,0.59,0.0368464,0.00614212,0.957012,0.963154
0,0.6,0.0368442,0.00614163,0.957014,0.963156
0,0.61,0.0368421,0.00614115,0.957017,0.963158
0,0.62,0.0368399,0.00614066,0.957019,0.96316
0,0.63,0.0368378,0.00614018,0.957022,0.963162
0,0.64,0.0368357,0.00613969,0.957025,0.963164
0,0.65,0.0368336,0.00613921,0.957027,0.963166
0,0.66,0.0368315,0.00613872,0.95703,0.963168
0,0.67,0.0368295,0.00613824,0.957032,0.963171
0,0.68,0.0368274,0.00613776,0.957035,0.963173
0,0.69,0.0368254,0.00613728,0.957037,0.963175
0,0.7,0.0368233,0.0061368,0.95704,0.963177
0,0.71,0.0368213,0.00613632,0.957042,0.963179
0,0.72,0.0368193,0.00613584,0.957045,0.963181
0,0.73,0.0368173,0.00613536,0.957047,0.963183
0,0.74,0.0368154,0.00613488,0.95705,0.963185
0,0.75,0.0368134,0.00613441,0.957052,0.963187
0,0.76,0.0368114,0.00613393,0.957055,0.963189
0,0.77,0.0368095,0.00613345,0.957057,0.96319
0,0.78,0.0368076,0.00613298,0.957059,0.963192
0,0.79,0.0368057,0.0061325,0.957062,0.963194
0,0.8,0.0368038,0.00613203,0.957064,0.963196
0,0.81,0.0368019,0.00613156,0.957067,0.963198
0,0.82,0.0368,0.00613108,0.957069,0.9632
0,0.83,0.0367981,0.00613061,0.957071,0.963202
0,0.84,0.0367963,0.00613014,0.957074,0.963204
0,0.85,0.0367944,0.00612967,0.957076,0.963206
0,0.86,0.0367926,0.0061292,0.957078,0.963207
0,0.87,0.0367907,0.00612873,0.957081,0.963209
0,0.88,0.0367889,0.00612826,0.957083,0.963211
0,0.89,0.0367871,0.0061278,0.957085,0.963213
0,0.9,0.0367853,0.00612733,0.957087,0.963215
0,0.91,0.0367836,0.00612686,0.95709,0.963216
0,0.92,0.0367818,0.0061264,0.957092,0.963218
0,0.93,0.03678,0.00612593,0.957094,0.96322
0,0.94,0.0367783,0.00612547,0.957096,0.963222
0,0.95,0.0367766,0.006125,0.957098,0.963223
0,0.96,0.0367748,0.00612454,0.957101,0.963225
0,0.97,0.0367731,0.00612408,0.957103,0.963227
0,0.98,0.0367714,0.00612361,0.957105,0.963229
0,0.99,0.0367697,0.00612315,0.957107,0.96323
0,1,0.036768,0.00612269,0.957109,0.963232
0.01,0,0.0388425,0.00615444,0.955003,0.961157
0.01,0.01,0.0388393,0.0061539,0.955007,0.961161
0.01,0.02,0.0388361,0.00615337,0.955011,0.961164
0.01,0.03,0.0388329,0.00615284,0.955014,0.961167
0.01,0.04,0.0388297,0.00615231,0.955018,0.96117
0.01,0.05,0.0388265,0.00615179,0.955022,0.961173
0.01,0.06,0.0388234,0.00615126,0.955025,0.961177
0.01,0.07,0.0388203,0.00615073,0.955029,0.96118
0.01,0.08,0.0388172,0.00615021,0.955033,0.961183
0.01,0.09,0.0388141,0.00614968,0.955036,0.961186
0.01,0.1,0.038811,0.00614916,0.95504,0.961189
0.01,0.11,0.038808,0.00614863,0.955043,0.961192
0.01,0.12,0.0388049,0.00614811,0.955047,0.961195
0.01,0.13,0.0388019,0.00614759,0.95505,0.961198
0.01,0.14,0.0387989,0.00614707,0.955054,0.961201
0.01,0.15,0.038796,0.00614655,0.955057,0.961204
0.01,0.16,0.038793,0.00614603,0.955061,0.961207
0.01,0.17,0.0387901,0.00614551,0.955064,0.96121
0.01,0.18,0.0387872,0.00614499,0.955068,0.961213
0.01,0.19,0.0387843,0.00614447,0.955071,0.961216
0.01,0.2,0.0387814,0.00614395,0.955075,0.961219
0.01,0.21,0.0387786,0.00614344,0.955078,0.961221
0.01,0.22,0.0387757,0.00614292,0.955081,0.961224
0.01,0.23,0.0387729,0.00614241,0.955085,0.961227
0.01,0.24,0.0387701,0.00614189,0.955088,0.96123
0.01,0.25,0.0387673,0.00614138,0.955091,0.961233
0.01,0.26,0.0387645,0.00614087,0.955095,0.961235
0.01,0.27,0.0387618,0.00614036,0.955098,0.961238
0.01,0.28,0.038759,0.00613985,0.955101,0.961241
0.01,0.29,0.0387563,0.00613934,0.955104,0.961244
0.01,0.3,0.0387536,0.00613883,0.955108,0.961246
0.01,0.31,0.0387509,0.00613832,0.955111,0.961249
0.01,0.32,0.0387483,0.00613781,0.955114,0.961252
0.01,0.33,0.0387456,0.0061373,0.955117,0.961254
0.01,0.34,0.038743,0.0061368,0.95512,0.961257
0.01,0.35,0.0387404,0.00613629,0.955123,0.96126
0.01,0.36,0.0387378,0.00613579,0.955126,0.961262
0.01,0.37,0.0387352,0.00613528,0.95513,0.961265
0.01,0.38,0.0387326,0.00613478,0.955133,0.961267
0.01,0.39,0.0387301,0.00613428,0.955136,0.96127
0.01,0.4,0.0387275,0.00613377,0.955139,0.961272
0.01,0.41,0.038725,0.00613327,0.955142,0.961275
0.01,0.42,0.0387225,0.00613277,0.955145,0.961277
0.01,0.43,0.03872,0.00613227,0.955148,0.96128
0.01,0.44,0.0387176,0.00613177,0.955151,0.961282
0.01,0.45,0.0387151,0.00613127,0.955154,0.961285
0.01,0.46,0.0387127,0.00613078,0.955157,0.961287
0.01,0.47,0.0387102,0.00613028,0.955159,0.96129
0.01,0.48,0.0387078,0.00612978,0.955162,0.961292
0.01,0.49,0.0387054,0.00612929,0.955165,0.961295
0.01,0.5,0.0387031,0.00612879,0.955168,0.961297
0.01,0.51,0.0387007,0.0061283,0.955171,0.961299
0.01,0.52,0.0386983,0.00612781,0.955174,0.961302
0.01,0.53,0.038696,0.00612731,0.955177,0.961304
0.01,0.54,0.0386937,0.00612682,0.955179,0.961306
0.01,0.55,0.0386914,0.00612633,0.955182,0.961309
0.01,0.56,0.0386891,0.00612584,0.955185,0.961311
0.01,0.57,0.0386868,0.00612535,0.955188,0.961313
0.01,0.58,0.0386845,0.00612486,0.955191,0.961315
0.01,0.59,0.0386823,0.00612437,0.955193,0.961318
0.01,0.6,0.0386801,0.00612388,0.955196,0.96132
0.01,0.61,0.0386778,0.0061234,0.955199,0.961322
0.01,0.62,0.0386756,0.00612291,0.955201,0.961324
0.01,0.63,0.0386734,0.00612242,0.955204,0.961327
0.01,0.64,0.0386713,0.00612194,0.955207,0.961329
0.01,0.65,0.0386691,0.00612145,0.955209,0.961331
0.01,0.66,0.0386669,0.00612097,0.955212,0.961333
0.01,0.67,0.0386648,0.00612049,0.955215,0.961335
0.01,0.68,0.0386627,0.00612,0.955217,0.961337
0.01,0.69,0.0386606,0.00611952,0.95522,0.961339
0.01,0.7,0.0386585,0.00611904,0.955222,0.961342
0.01,0.71,0.0386564,0.00611856,0.955225,0.961344
0.01,0.72,0.0386543,0.00611808,0.955228,0.961346
0.01,0.73,0.0386523,0.0061176,0.95523,0.961348
0.01,0.74,0.0386502,0.00611712,0.955233,0.96135
0.01,0.75,0.0386482,0.00611665,0.955235,0.961352
0.01,0.76,0.0386462,0.00611617,0.955238,0.961354
0.01,0.77,0.0386441,0.00611569,0.95524,0.961356
0.01,0.78,0.0386422,0.00611522,0.955243,0.961358
0.01,0.79,0.0386402,0.00611474,0.955245,0.96136
0.01,0.8,0.0386382,0.00611427,0.955248,0.961362
0.01,0.81,0.0386362,0.00611379,0.95525,0.961364
0.01,0.82,0.0386343,0.00611332,0.955252,0.961366
0.01,0.83,0.0386324,0.00611285,0.955255,0.961368
0.01,0.84,0.0386304,0.00611238,0.955257,0.96137
0.01,0.85,0.0386285,0.00611191,0.95526,0.961371
0.01,0.86,0.0386266,0.00611144,0.955262,0.961373
0.01,0.87,0.0386247,0.00611097,0.955264,0.961375
0.01,0.88,0.0386229,0.0061105,0.955267,0.961377
0.01,0.89,0.038621,0.00611003,0.955269,0.961379
0.01,0.9,0.0386192,0.00610956,0.955271,0.961381
0.01,0.91,0.0386173,0.00610909,0.955274,0.961383
0.01,0.92,0.0386155,0.00610863,0.955276,0.961385
0.01,0.93,0.0386137,0.00610816,0.955278,0.961386
0.01,0.94,0.0386119,0.0061077,0.95528,0.961388
0.01,0.95,0.0386101,0.00610723,0.955283,0.96139
0.01,0.96,0.0386083,0.00610677,0.955285,0.961392
0.01,0.97,0.0386065,0.0061063,0.955287,0.961393
0.01,0.98,0.0386047,0.00610584,0.955289,0.961395
0.01,0.99,0.038603,0.00610538,0.955292,0.961397
0.01,1,0.0386013,0.00610492,0.955294,0.961399
0.02,0,0.040767,0.00613697,0.953096,0.959233
0.02,0.01,0.0407637,0.00613644,0.9531,0.959236
0.02,0.02,0.0407603,0.00613591,0.953104,0.95924
0.02,0.03,0.040757,0.00613538,0.953108,0.959243
0.02,0.04,0.0407537,0.00613485,0.953111,0.959246
0.02,0.05,0.0407504,0.00613432,0.953115,0.95925
0.02,0.06,0.0407471,0.00613379,0.953119,0.959253
0.02,0.07,0.0407439,0.00613326,0.953123,0.959256
0.02,0.08,0.0407407,0.00613273,0.953127,0.959259
0.02,0.09,0.0407375,0.00613221,0.95313,0.959263
0.02,0.1,0.0407343,0.00613168,0.953134,0.959266
0.02,0.11,0.0407311,0.00613116,0.953138,0.959269
0.02,0.12,0.040728,0.00613064,0.953141,0.959272
0.02,0.13,0.0407249,0.00613011,0.953145,0.959275
0.02,0.14,0.0407218,0.00612959,0.953149,0.959278
0.02,0.15,0.0407187,0.00612907,0.953152,0.959281
0.02,0.16,0.0407156,0.00612855,0.953156,0.959284
0.02,0.17,0.0407126,0.00612803,0.953159,0.959287
0.02,0.18,0.0407096,0.00612751,0.953163,0.95929
0.02,0.19,0.0407066,0.00612699,0.953166,0.959293
0.02,0.2,0.0407036,0.00612647,0.95317,0.959296
0.02,0.21,0.0407006,0.00612596,0.953173,0.959299
0.02,0.22,0.0406977,0.00612544,0.953177,0.959302
0.02,0.23,0.0406947,0.00612493,0.95318,0.959305
0.02,0.24,0.0406918,0.00612441,0.953184,0.959308
0.02,0.25,0.0406889,0.0061239,0.953187,0.959311
0.02,0.26,0.0406861,0.00612339,0.953191,0.959314
0.02,0.27,0.0406832,0.00612287,0.953194,0.959317
0.02,0.28,0.0406804,0.00612236,0.953197,0.95932
0.02,0.29,0.0406776,0.00612185,0.953201,0.959322
0.02,0.3,0.0406748,0.00612134,0.953204,0.959325
0.02,0.31,0.040672,0.00612083,0.953207,0.959328
0.02,0.32,0.0406692,0.00612032,0.95321,0.959331
0.02,0.33,0.0406665,0.00611982,0.953214,0.959334
0.02,0.34,0.0406637,0.00611931,0.953217,0.959336
0.02,0.35,0.040661,0.0061188,0.95322,0.959339
0.02,0.36,0.0406583,0.0061183,0.953223,0.959342
0.02,0.37,0.0406556,0.00611779,0.953227,0.959344
0.02,0.38,0.040653,0.00611729,0.95323,0.959347
0.02,0.39,0.0406503,0.00611678,0.953233,0.95935
0.02,0.4,0.0406477,0.00611628,0.953236,0.959352
0.02,0.41,0.0406451,0.00611578,0.953239,0.959355
0.02,0.42,0.0406425,0.00611528,0.953242,0.959357
0.02,0.43,0.0406399,0.00611478,0.953245,0.95936
0.02,0.44,0.0406374,0.00611428,0.953248,0.959363
0.02,0.45,0.0406348,0.00611378,0.953251,0.959365
0.02,0.46,0.0406323,0.00611328,0.953254,0.959368
0.02,0.47,0.0406298,0.00611278,0.953257,0.95937
0.02,0.48,0.0406273,0.00611229,0.95326,0.959373
0.02,0.49,0.0406248,0.00611179,0.953263,0.959375
0.02,0.5,0.0406223,0.00611129,0.953266,0.959378
0.02,0.51,0.0406199,0.0061108,0.953269,0.95938
0.02,0.52,0.0406174,0.00611031,0.953272,0.959383
0.02,0.53,0.040615,0.00610981,0.953275,0.959385
0.02,0.54,0.0406126,0.00610932,0.953278,0.959387
0.02,0.55,0.0406102,0.00610883,0.953281,0.95939
0.02,0.56,0.0406079,0.00610834,0.953284,0.959392
0.02,0.57,0.0406055,0.00610785,0.953287,0.959394
0.02,0.58,0.0406032,0.00610736,0.953289,0.959397
0.02,0.59,0.0406008,0.00610687,0.953292,0.959399
0.02,0.6,0.0405985,0.00610638,0.953295,0.959401
0.02,0.61,0.0405962,0.00610589,0.953298,0.959404
0.02,0.62,0.0405939,0.0061054,0.953301,0.959406
0.02,0.63,0.0405917,0.00610492,0.953303,0.959408
0.02,0.64,0.0405894,0.00610443,0.953306,0.959411
0.02,0.65,0.0405872,0.00610395,0.953309,0.959413
0.02,0.66,0.0405849,0.00610346,0.953312,0.959415
0.02,0.67,0.0405827,0.00610298,0.953314,0.959417
0.02,0.68,0.0405805,0.0061025,0.953317,0.959419
0.02,0.69,0.0405783,0.00610201,0.95332,0.959422
0.02,0.7,0.0405762,0.00610153,0.953322,0.959424
0.02,0.71,0.040574,0.00610105,0.953325,0.959426
0.02,0.72,0.0405719,0.00610057,0.953328,0.959428
0.02,0.73,0.0405697,0.00610009,0.95333,0.95943
0.02,0.74,0.0405676,0.00609961,0.953333,0.959432
0.02,0.75,0.0405655,0.00609913,0.953335,0.959434
0.02,0.76,0.0405634,0.00609866,0.953338,0.959437
0.02,0.77,0.0405614,0.00609818,0.95334,0.959439
0.02,0.78,0.0405593,0.0060977,0.953343,0.959441
0.02,0.79,0.0405572,0.00609723,0.953346,0.959443
0.02,0.8,0.0405552,0.00609675,0.953348,0.959445
0.02,0.81,0.0405532,0.00609628,0.953351,0.959447
0.02,0.82,0.0405512,0.0060958,0.953353,0.959449
0.02,0.83,0.0405492,0.00609533,0.953356,0.959451
0.02,0.84,0.0405472,0.00609486,0.953358,0.959453
0.02,0.85,0.0405452,0.00609439,0.95336,0.959455
0.02,0.86,0.0405432,0.00609392,0.953363,0.959457
0.02,0.87,0.0405413,0.00609345,0.953365,0.959459
0.02,0.88,0.0405393,0.00609298,0.953368,0.959461
0.02,0.89,0.0405374,0.00609251,0.95337,0.959463
0.02,0.9,0.0405355,0.00609204,0.953372,0.959464
0.02,0.91,0.0405336,0.00609157,0.953375,0.959466
0.02,0.92,0.0405317,0.0060911,0.953377,0.959468
0.02,0.93,0.0405298,0.00609064,0.95338,0.95947
0.02,0.94,0.040528,0.00609017,0.953382,0.959472
0.02,0.95,0.0405261,0.00608971,0.953384,0.959474
0.02,0.96,0.0405243,0.00608924,0.953386,0.959476
0.02,0.97,0.0405224,0.00608878,0.953389,0.959478
0.02,0.98,0.0405206,0.00608832,0.953391,0.959479
0.02,0.99,0.0405188,0.00608785,0.953393,0.959481
0.02,1,0.040517,0.00608739,0.953396,0.959483
0.03,0,0.042778,0.00611975,0.951102,0.957222
0.03,0.01,0.0427745,0.00611922,0.951106,0.957226
0.03,0.02,0.042771,0.00611869,0.95111,0.957229
0.03,0.03,0.0427676,0.00611815,0.951114,0.957232
0.03,0.04,0.0427641,0.00611762,0.951118,0.957236
0.03,0.05,0.0427607,0.00611709,0.951122,0.957239
0.03,0.06,0.0427573,0.00611657,0.951126,0.957243
0.03,0.07,0.042754,0.00611604,0.95113,0.957246
0.03,0.08,0.0427506,0.00611551,0.951134,0.957249
0.03,0.09,0.0427473,0.00611498,0.951138,0.957253
0.03,0.1,0.042744,0.00611446,0.951142,0.957256
0.03,0.11,0.0427407,0.00611393,0.951145,0.957259
0.03,0.12,0.0427375,0.00611341,0.951149,0.957263
0.03,0.13,0.0427342,0.00611288,0.951153,0.957266
0.03,0.14,0.042731,0.00611236,0.951157,0.957269
0.03,0.15,0.0427278,0.00611184,0.95116,0.957272
0.03,0.16,0.0427246,0.00611132,0.951164,0.957275
0.03,0.17,0.0427215,0.0061108,0.951168,0.957279
0.03,0.18,0.0427183,0.00611028,0.951171,0.957282
0.03,0.19,0.0427152,0.00610976,0.951175,0.957285
0.03,0.2,0.0427121,0.00610924,0.951179,0.957288
0.03,0.21,0.042709,0.00610872,0.951182,0.957291
0.03,0.22,0.042706,0.00610821,0.951186,0.957294
0.03,0.23,0.0427029,0.00610769,0.951189,0.957297
0.03,0.24,0.0426999,0.00610718,0.951193,0.9573
0.03,0.25,0.0426969,0.00610666,0.951196,0.957303
0.03,0.26,0.0426939,0.00610615,0.9512,0.957306
0.03,0.27,0.042691,0.00610564,0.951203,0.957309
0.03,0.28,0.042688,0.00610512,0.951207,0.957312
0.03,0.29,0.0426851,0.00610461,0.95121,0.957315
0.03,0.3,0.0426822,0.0061041,0.951214,0.957318
0.03,0.31,0.0426793,0.00610359,0.951217,0.957321
0.03,0.32,0.0426765,0.00610308,0.95122,0.957324
0.03,0.33,0.0426736,0.00610257,0.951224,0.957326
0.03,0.34,0.0426708,0.00610207,0.951227,0.957329
0.03,0.35,0.042668,0.00610156,0.95123,0.957332
0.03,0.36,0.0426652,0.00610105,0.951234,0.957335
0.03,0.37,0.0426624,0.00610055,0.951237,0.957338
0.03,0.38,0.0426596,0.00610004,0.95124,0.95734
0.03,0.39,0.0426569,0.00609954,0.951244,0.957343
0.03,0.4,0.0426542,0.00609904,0.951247,0.957346
0.03,0.41,0.0426515,0.00609853,0.95125,0.957349
0.03,0.42,0.0426488,0.00609803,0.951253,0.957351
0.03,0.43,0.0426461,0.00609753,0.951256,0.957354
0.03,0.44,0.0426435,0.00609703,0.95126,0.957357
0.03,0.45,0.0426408,0.00609653,0.951263,0.957359
0.03,0.46,0.0426382,0.00609603,0.951266,0.957362
0.03,0.47,0.0426356,0.00609553,0.951269,0.957364
0.03,0.48,0.042633,0.00609504,0.951272,0.957367
0.03,0.49,0.0426304,0.00609454,0.951275,0.95737
0.03,0.5,0.0426279,0.00609404,0.951278,0.957372
0.03,0.51,0.0426253,0.00609355,0.951281,0.957375
0.03,0.52,0.0426228,0.00609305,0.951284,0.957377
0.03,0.53,0.0426203,0.00609256,0.951287,0.95738
0.03,0.54,0.0426178,0.00609207,0.95129,0.957382
0.03,0.55,0.0426154,0.00609157,0.951293,0.957385
0.03,0.56,0.0426129,0.00609108,0.951296,0.957387
0.03,0.57,0.0426105,0.00609059,0.951299,0.95739
0.03,0.58,0.042608,0.0060901,0.951302,0.957392
0.03,0.59,0.0426056,0.00608961,0.951305,0.957394
0.03,0.6,0.0426032,0.00608912,0.951308,0.957397
0.03,0.61,0.0426009,0.00608863,0.951311,0.957399
0.03,0.62,0.0425985,0.00608815,0.951313,0.957402
0.03,0.63,0.0425961,0.00608766,0.951316,0.957404
0.03,0.64,0.0425938,0.00608717,0.951319,0.957406
0.03,0.65,0.0425915,0.00608669,0.951322,0.957409
0.03,0.66,0.0425892,0.0060862,0.951325,0.957411
0.03,0.67,0.0425869,0.00608572,0.951327,0.957413
0.03,0.68,0.0425846,0.00608523,0.95133,0.957415
0.03,0.69,0.0425824,0.00608475,0.951333,0.957418
0.03,0.7,0.0425801,0.00608427,0.951336,0.95742
0.03,0.71,0.0425779,0.00608379,0.951338,0.957422
0.03,0.72,0.0425757,0.00608331,0.951341,0.957424
0.03,0.73,0.0425734,0.00608283,0.951344,0.957427
0.03,0.74,0.0425713,0.00608235,0.951346,0.957429
0.03,0.75,0.0425691,0.00608187,0.951349,0.957431
0.03,0.76,0.0425669,0.00608139,0.951352,0.957433
0.03,0.77,0.0425648,0.00608091,0.951354,0.957435
0.03,0.78,0.0425626,0.00608044,0.951357,0.957437
0.03,0.79,0.0425605,0.00607996,0.95136,0.957439
0.03,0.8,0.0425584,0.00607948,0.951362,0.957442
0.03,0.81,0.0425563,0.00607901,0.951365,0.957444
0.03,0.82,0.0425542,0.00607854,0.951367,0.957446
0.03,0.83,0.0425522,0.00607806,0.95137,0.957448
0.03,0.84,0.0425501,0.00607759,0.951372,0.95745
0.03,0.85,0.0425481,0.00607712,0.951375,0.957452
0.03,0.86,0.042546,0.00607665,0.951377,0.957454
0.03,0.87,0.042544,0.00607617,0.95138,0.957456
0.03,0.88,0.042542,0.0060757,0.951382,0.957458
0.03,0.89,0.04254,0.00607524,0.951385,0.95746
0.03,0.9,0.042538,0.00607477,0.951387,0.957462
0.03,0.91,0.0425361,0.0060743,0.95139,0.957464
0.03,0.92,0.0425341,0.00607383,0.951392,0.957466
0.03,0.93,0.0425322,0.00607336,0.951394,0.957468
0.03,0.94,0.0425303,0.0060729,0.951397,0.95747
0.03,0.95,0.0425283,0.00607243,0.951399,0.957472
0.03,0.96,0.0425264,0.00607197,0.951402,0.957474
0.03,0.97,0.0425245,0.0060715,0.951404,0.957475
0.03,0.98,0.0425227,0.00607104,0.951406,0.957477
0.03,0.99,0.0425208,0.00607058,0.951409,0.957479
0.03,1,0.0425189,0.00607011,0.951411,0.957481
0.04,0,0.0448792,0.00610278,0.949018,0.955121
0.04,0.01,0.0448756,0.00610224,0.949022,0.955124
0.04,0.02,0.044872,0.00610171,0.949026,0.955128
0.04,0.03,0.0448684,0.00610118,0.94903,0.955132
0.04,0.04,0.0448648,0.00610065,0.949035,0.955135
0.04,0.05,0.0448613,0.00610012,0.949039,0.955139
0.04,0.06,0.0448578,0.00609959,0.949043,0.955142
0.04,0.07,0.0448543,0.00609906,0.949047,0.955146
0.04,0.08,0.0448508,0.00609853,0.949051,0.955149
0.04,0.09,0.0448474,0.006098,0.949055,0.955153
0.04,0.1,0.0448439,0.00609748,0.949059,0.955156
0.04,0.11,0.0448405,0.00609695,0.949063,0.955159
0.04,0.12,0.0448371,0.00609643,0.949066,0.955163
0.04,0.13,0.0448338,0.0060959,0.94907,0.955166
0.04,0.14,0.0448304,0.00609538,0.949074,0.95517
0.04,0.15,0.0448271,0.00609486,0.949078,0.955173
0.04,0.16,0.0448238,0.00609434,0.949082,0.955176
0.04,0.17,0.0448205,0.00609381,0.949086,0.955179
0.04,0.18,0.0448173,0.00609329,0.949089,0.955183
0.04,0.19,0.0448141,0.00609277,0.949093,0.955186
0.04,0.2,0.0448108,0.00609226,0.949097,0.955189
0.04,0.21,0.0448077,0.00609174,0.949101,0.955192
0.04,0.22,0.0448045,0.00609122,0.949104,0.955196
0.04,0.23,0.0448013,0.0060907,0.949108,0.955199
0.04,0.24,0.0447982,0.00609019,0.949112,0.955202
0.04,0.25,0.0447951,0.00608967,0.949115,0.955205
0.04,0.26,0.044792,0.00608916,0.949119,0.955208
0.04,0.27,0.0447889,0.00608865,0.949122,0.955211
0.04,0.28,0.0447859,0.00608813,0.949126,0.955214
0.04,0.29,0.0447828,0.00608762,0.94913,0.955217
0.04,0.3,0.0447798,0.00608711,0.949133,0.95522
0.04,0.31,0.0447768,0.0060866,0.949137,0.955223
0.04,0.32,0.0447739,0.00608609,0.94914,0.955226
0.04,0.33,0.0447709,0.00608558,0.949143,0.955229
0.04,0.34,0.044768,0.00608507,0.949147,0.955232
0.04,0.35,0.0447651,0.00608456,0.94915,0.955235
0.04,0.36,0.0447622,0.00608406,0.949154,0.955238
0.04,0.37,0.0447593,0.00608355,0.949157,0.955241
0.04,0.38,0.0447564,0.00608305,0.949161,0.955244
0.04,0.39,0.0447536,0.00608254,0.949164,0.955246
0.04,0.4,0.0447508,0.00608204,0.949167,0.955249
0.04,0.41,0.044748,0.00608153,0.94917,0.955252
0.04,0.42,0.0447452,0.00608103,0.949174,0.955255
0.04,0.43,0.0447424,0.00608053,0.949177,0.955258
0.04,0.44,0.0447397,0.00608003,0.94918,0.95526
0.04,0.45,0.0447369,0.00607953,0.949184,0.955263
0.04,0.46,0.0447342,0.00607903,0.949187,0.955266
0.04,0.47,0.0447315,0.00607853,0.94919,0.955268
0.04,0.48,0.0447289,0.00607803,0.949193,0.955271
0.04,0.49,0.0447262,0.00607754,0.949196,0.955274
0.04,0.5,0.0447235,0.00607704,0.949199,0.955276
0.04,0.51,0.0447209,0.00607654,0.949203,0.955279
0.04,0.52,0.0447183,0.00607605,0.949206,0.955282
0.04,0.53,0.0447157,0.00607555,0.949209,0.955284
0.04,0.54,0.0447131,0.00607506,0.949212,0.955287
0.04,0.55,0.0447106,0.00607457,0.949215,0.955289
0.04,0.56,0.044708,0.00607407,0.949218,0.955292
0.04,0.57,0.0447055,0.00607358,0.949221,0.955294
0.04,0.58,0.044703,0.00607309,0.949224,0.955297
0.04,0.59,0.0447005,0.0060726,0.949227,0.9553
0.04,0.6,0.044698,0.00607211,0.94923,0.955302
0.04,0.61,0.0446956,0.00607162,0.949233,0.955304
0.04,0.62,0.0446931,0.00607113,0.949236,0.955307
0.04,0.63,0.0446907,0.00607065,0.949239,0.955309
0.04,0.64,0.0446883,0.00607016,0.949242,0.955312
0.04,0.65,0.0446859,0.00606967,0.949244,0.955314
0.04,0.66,0.0446835,0.00606919,0.949247,0.955317
0.04,0.67,0.0446811,0.0060687,0.94925,0.955319
0.04,0.68,0.0446787,0.00606822,0.949253,0.955321
0.04,0.69,0.0446764,0.00606774,0.949256,0.955324
0.04,0.7,0.0446741,0.00606725,0.949259,0.955326
0.04,0.71,0.0446718,0.00606677,0.949261,0.955328
0.04,0.72,0.0446695,0.00606629,0.949264,0.955331
0.04,0.73,0.0446672,0.00606581,0.949267,0.955333
0.04,0.74,0.0446649,0.00606533,0.94927,0.955335
0.04,0.75,0.0446627,0.00606485,0.949272,0.955337
0.04,0.76,0.0446604,0.00606437,0.949275,0.95534
0.04,0.77,0.0446582,0.00606389,0.949278,0.955342
0.04,0.78,0.044656,0.00606342,0.949281,0.955344
0.04,0.79,0.0446538,0.00606294,0.949283,0.955346
0.04,0.8,0.0446516,0.00606246,0.949286,0.955348
0.04,0.81,0.0446495,0.00606199,0.949289,0.955351
0.04,0.82,0.0446473,0.00606151,0.949291,0.955353
0.04,0.83,0.0446452,0.00606104,0.949294,0.955355
0.04,0.84,0.0446431,0.00606057,0.949296,0.955357
0.04,0.85,0.044641,0.00606009,0.949299,0.955359
0.04,0.86,0.0446389,0.00605962,0.949302,0.955361
0.04,0.87,0.0446368,0.00605915,0.949304,0.955363
0.04,0.88,0.0446347,0.00605868,0.949307,0.955365
0.04,0.89,0.0446326,0.00605821,0.949309,0.955367
0.04,0.9,0.0446306,0.00605774,0.949312,0.955369
0.04,0.91,0.0446286,0.00605727,0.949314,0.955371
0.04,0.92,0.0446265,0.0060568,0.949317,0.955373
0.04,0.93,0.0446245,0.00605634,0.949319,0.955375
0.04,0.94,0.0446225,0.00605587,0.949322,0.955377
0.04,0.95,0.0446206,0.0060554,0.949324,0.955379
0.04,0.96,0.0446186,0.00605494,0.949326,0.955381
0.04,0.97,0.0446166,0.00605447,0.949329,0.955383
0.04,0.98,0.0446147,0.00605401,0.949331,0.955385
0.04,0.99,0.0446128,0.00605355,0.949334,0.955387
0.04,1,0.0446108,0.00605308,0.949336,0.955389
0.05,0,0.0470748,0.00608605,0.946839,0.952925
0.05,0.01,0.047071,0.00608552,0.946843,0.952929
0.05,0.02,0.0470673,0.00608498,0.946848,0.952933
0.05,0.03,0.0470635,0.00608445,0.946852,0.952936
0.05,0.04,0.0470598,0.00608392,0.946856,0.95294
0.05,0.05,0.0470562,0.00608339,0.94686,0.952944
0.05,0.06,0.0470525,0.00608286,0.946865,0.952947
0.05,0.07,0.0470489,0.00608233,0.946869,0.952951
0.05,0.08,0.0470453,0.0060818,0.946873,0.952955
0.05,0.09,0.0470417,0.00608127,0.946877,0.952958
0.05,0.1,0.0470381,0.00608075,0.946881,0.952962
0.05,0.11,0.0470346,0.00608022,0.946885,0.952965
0.05,0.12,0.0470311,0.00607969,0.946889,0.952969
0.05,0.13,0.0470276,0.00607917,0.946893,0.952972
0.05,0.14,0.0470241,0.00607864,0.946897,0.952976
0.05,0.15,0.0470207,0.00607812,0.946901,0.952979
0.05,0.16,0.0470173,0.0060776,0.946905,0.952983
0.05,0.17,0.0470139,0.00607708,0.946909,0.952986
0.05,0.18,0.0470105,0.00607656,0.946913,0.95299
0.05,0.19,0.0470071,0.00607604,0.946917,0.952993
0.05,0.2,0.0470038,0.00607552,0.946921,0.952996
0.05,0.21,0.0470005,0.006075,0.946925,0.953
0.05,0.22,0.0469972,0.00607448,0.946928,0.953003
0.05,0.23,0.0469939,0.00607396,0.946932,0.953006
0.05,0.24,0.0469907,0.00607345,0.946936,0.953009
0.05,0.25,0.0469875,0.00607293,0.94694,0.953013
0.05,0.26,0.0469843,0.00607242,0.946943,0.953016
0.05,0.27,0.0469811,0.0060719,0.946947,0.953019
0.05,0.28,0.0469779,0.00607139,0.946951,0.953022
0.05,0.29,0.0469748,0.00607088,0.946954,0.953025
0.05,0.3,0.0469716,0.00607036,0.946958,0.953028
0.05,0.31,0.0469685,0.00606985,0.946962,0.953031
0.05,0.32,0.0469655,0.00606934,0.946965,0.953035
0.05,0.33,0.0469624,0.00606883,0.946969,0.953038
0.05,0.34,0.0469594,0.00606832,0.946972,0.953041
0.05,0.35,0.0469563,0.00606782,0.946976,0.953044
0.05,0.36,0.0469533,0.00606731,0.946979,0.953047
0.05,0.37,0.0469504,0.0060668,0.946983,0.95305
0.05,0.38,0.0469474,0.0060663,0.946986,0.953053
0.05,0.39,0.0469445,0.00606579,0.94699,0.953056
0.05,0.4,0.0469415,0.00606529,0.946993,0.953058
0.05,0.41,0.0469386,0.00606478,0.946997,0.953061
0.05,0.42,0.0469357,0.00606428,0.947,0.953064
0.05,0.43,0.0469329,0.00606378,0.947003,0.953067
0.05,0.44,0.04693,0.00606328,0.947007,0.95307
0.05,0.45,0.0469272,0.00606277,0.94701,0.953073
0.05,0.46,0.0469244,0.00606227,0.947013,0.953076
0.05,0.47,0.0469216,0.00606178,0.947017,0.953078
0.05,0.48,0.0469188,0.00606128,0.94702,0.953081
0.05,0.49,0.0469161,0.00606078,0.947023,0.953084
0.05,0.5,0.0469133,0.00606028,0.947026,0.953087
0.05,0.51,0.0469106,0.00605978,0.94703,0.953089
0.05,0.52,0.0469079,0.00605929,0.947033,0.953092
0.05,0.53,0.0469052,0.00605879,0.947036,0.953095
0.05,0.54,0.0469025,0.0060583,0.947039,0.953097
0.05,0.55,0.0468999,0.00605781,0.947042,0.9531
0.05,0.56,0.0468973,0.00605731,0.947045,0.953103
0.05,0.57,0.0468946,0.00605682,0.947049,0.953105
0.05,0.58,0.046892,0.00605633,0.947052,0.953108
0.05,0.59,0.0468895,0.00605584,0.947055,0.953111
0.05,0.6,0.0468869,0.00605535,0.947058,0.953113
0.05,0.61,0.0468843,0.00605486,0.947061,0.953116
0.05,0.62,0.0468818,0.00605437,0.947064,0.953118
0.05,0.63,0.0468793,0.00605388,0.947067,0.953121
0.05,0.64,0.0468768,0.00605339,0.94707,0.953123
0.05,0.65,0.0468743,0.00605291,0.947073,0.953126
0.05,0.66,0.0468718,0.00605242,0.947076,0.953128
0.05,0.67,0.0468694,0.00605194,0.947079,0.953131
0.05,0.68,0.046867,0.00605145,0.947082,0.953133
0.05,0.69,0.0468645,0.00605097,0.947084,0.953135
0.05,0.7,0.0468621,0.00605048,0.947087,0.953138
0.05,0.71,0.0468597,0.00605,0.94709,0.95314
0.05,0.72,0.0468574,0.00604952,0.947093,0.953143
0.05,0.73,0.046855,0.00604904,0.947096,0.953145
0.05,0.74,0.0468527,0.00604856,0.947099,0.953147
0.05,0.75,0.0468503,0.00604808,0.947102,0.95315
0.05,0.76,0.046848,0.0060476,0.947104,0.953152
0.05,0.77,0.0468457,0.00604712,0.947107,0.953154
0.05,0.78,0.0468435,0.00604664,0.94711,0.953157
0.05,0.79,0.0468412,0.00604617,0.947113,0.953159
0.05,0.8,0.0468389,0.00604569,0.947115,0.953161
0.05,0.81,0.0468367,0.00604521,0.947118,0.953163
0.05,0.82,0.0468345,0.00604474,0.947121,0.953166
0.05,0.83,0.0468323,0.00604426,0.947123,0.953168
0.05,0.84,0.0468301,0.00604379,0.947126,0.95317
0.05,0.85,0.0468279,0.00604332,0.947129,0.953172
0.05,0.86,0.0468257,0.00604284,0.947131,0.953174
0.05,0.87,0.0468236,0.00604237,0.947134,0.953176
0.05,0.88,0.0468214,0.0060419,0.947137,0.953179
0.05,0.89,0.0468193,0.00604143,0.947139,0.953181
0.05,0.9,0.0468172,0.00604096,0.947142,0.953183
0.05,0.91,0.0468151,0.00604049,0.947144,0.953185
0.05,0.92,0.046813,0.00604002,0.947147,0.953187
0.05,0.93,0.0468109,0.00603956,0.94715,0.953189
0.05,0.94,0.0468088,0.00603909,0.947152,0.953191
0.05,0.95,0.0468068,0.00603862,0.947155,0.953193
0.05,0.96,0.0468048,0.00603816,0.947157,0.953195
0.05,0.97,0.0468027,0.00603769,0.94716,0.953197
0.05,0.98,0.0468007,0.00603723,0.947162,0.953199
0.05,0.99,0.0467987,0.00603676,0.947164,0.953201
0.05,1,0.0467968,0.0060363,0.947167,0.953203
0.06,0,0.0493689,0.00606957,0.944562,0.950631
0.06,0.01,0.049365,0.00606904,0.944566,0.950635
0.06,0.02,0.0493611,0.0060685,0.94457,0.950639
0.06,0.03,0.0493572,0.00606797,0.944575,0.950643
0.06,0.04,0.0493534,0.00606744,0.944579,0.950647
0.06,0.05,0.0493495,0.00606691,0.944584,0.95065
0.06,0.06,0.0493457,0.00606638,0.944588,0.950654
0.06,0.07,0.049342,0.00606585,0.944592,0.950658
0.06,0.08,0.0493382,0.00606532,0.944596,0.950662
0.06,0.09,0.0493345,0.00606479,0.944601,0.950665
0.06,0.1,0.0493308,0.00606426,0.944605,0.950669
0.06,0.11,0.0493272,0.00606373,0.944609,0.950673
0.06,0.12,0.0493235,0.00606321,0.944613,0.950676
0.06,0.13,0.0493199,0.00606268,0.944617,0.95068
0.06,0.14,0.0493163,0.00606216,0.944622,0.950684
0.06,0.15,0.0493127,0.00606163,0.944626,0.950687
0.06,0.16,0.0493092,0.00606111,0.94463,0.950691
0.06,0.17,0.0493056,0.00606059,0.944634,0.950694
0.06,0.18,0.0493021,0.00606006,0.944638,0.950698
0.06,0.19,0.0492987,0.00605954,0.944642,0.950701
0.06,0.2,0.0492952,0.00605902,0.944646,0.950705
0.06,0.21,0.0492918,0.0060585,0.94465,0.950708
0.06,0.22,0.0492884,0.00605799,0.944654,0.950712
0.06,0.23,0.049285,0.00605747,0.944658,0.950715
0.06,0.24,0.0492816,0.00605695,0.944661,0.950718
0.06,0.25,0.0492783,0.00605644,0.944665,0.950722
0.06,0.26,0.0492749,0.00605592,0.944669,0.950725
0.06,0.27,0.0492716,0.00605541,0.944673,0.950728
0.06,0.28,0.0492684,0.00605489,0.944677,0.950732
0.06,0.29,0.0492651,0.00605438,0.944681,0.950735
0.06,0.3,0.0492619,0.00605387,0.944684,0.950738
0.06,0.31,0.0492586,0.00605335,0.944688,0.950741
0.06,0.32,0.0492555,0.00605284,0.944692,0.950745
0.06,0.33,0.0492523,0.00605233,0.944695,0.950748
0.06,0.34,0.0492491,0.00605182,0.944699,0.950751
0.06,0.35,0.049246,0.00605131,0.944703,0.950754
0.06,0.36,0.0492429,0.00605081,0.944706,0.950757
0.06,0.37,0.0492398,0.0060503,0.94471,0.95076
0.06,0.38,0.0492367,0.00604979,0.944713,0.950763
0.06,0.39,0.0492337,0.00604929,0.944717,0.950766
0.06,0.4,0.0492307,0.00604878,0.944721,0.950769
0.06,0.41,0.0492276,0.00604828,0.944724,0.950772
0.06,0.42,0.0492247,0.00604777,0.944728,0.950775
0.06,0.43,0.0492217,0.00604727,0.944731,0.950778
0.06,0.44,0.0492187,0.00604677,0.944734,0.950781
0.06,0.45,0.0492158,0.00604627,0.944738,0.950784
0.06,0.46,0.0492129,0.00604577,0.944741,0.950787
0.06,0.47,0.04921,0.00604527,0.944745,0.95079
0.06,0.48,0.0492071,0.00604477,0.944748,0.950793
0.06,0.49,0.0492043,0.00604427,0.944751,0.950796
0.06,0.5,0.0492014,0.00604377,0.944755,0.950799
0.06,0.51,0.0491986,0.00604327,0.944758,0.950801
0.06,0.52,0.0491958,0.00604278,0.944761,0.950804
0.06,0.53,0.049193,0.00604228,0.944765,0.950807
0.06,0.54,0.0491903,0.00604179,0.944768,0.95081
0.06,0.55,0.0491875,0.00604129,0.944771,0.950812
0.06,0.56,0.0491848,0.0060408,0.944774,0.950815
0.06,0.57,0.0491821,0.00604031,0.944778,0.950818
0.06,0.58,0.0491794,0.00603981,0.944781,0.950821
0.06,0.59,0.0491767,0.00603932,0.944784,0.950823
0.06,0.6,0.0491741,0.00603883,0.944787,0.950826
0.06,0.61,0.0491714,0.00603834,0.94479,0.950829
0.06,0.62,0.0491688,0.00603785,0.944793,0.950831
0.06,0.63,0.0491662,0.00603736,0.944796,0.950834
0.06,0.64,0.0491636,0.00603688,0.944799,0.950836
0.06,0.65,0.0491611,0.00603639,0.944803,0.950839
0.06,0.66,0.0491585,0.0060359,0.944806,0.950841
0.06,0.67,0.049156,0.00603542,0.944809,0.950844
0.06,0.68,0.0491535,0.00603493,0.944812,0.950847
0.06,0.69,0.049151,0.00603445,0.944815,0.950849
0.06,0.7,0.0491485,0.00603396,0.944818,0.950852
0.06,0.71,0.049146,0.00603348,0.944821,0.950854
0.06,0.72,0.0491435,0.006033,0.944823,0.950856
0.06,0.73,0.0491411,0.00603252,0.944826,0.950859
0.06,0.74,0.0491387,0.00603204,0.944829,0.950861
0.06,0.75,0.0491363,0.00603155,0.944832,0.950864
0.06,0.76,0.0491339,0.00603108,0.944835,0.950866
0.06,0.77,0.0491315,0.0060306,0.944838,0.950868
0.06,0.78,0.0491291,0.00603012,0.944841,0.950871
0.06,0.79,0.0491268,0.00602964,0.944844,0.950873
0.06,0.8,0.0491245,0.00602916,0.944846,0.950876
0.06,0.81,0.0491222,0.00602869,0.944849,0.950878
0.06,0.82,0.0491199,0.00602821,0.944852,0.95088
0.06,0.83,0.0491176,0.00602774,0.944855,0.950882
0.06,0.84,0.0491153,0.00602726,0.944857,0.950885
0.06,0.85,0.049113,0.00602679,0.94486,0.950887
0.06,0.86,0.0491108,0.00602632,0.944863,0.950889
0.06,0.87,0.0491086,0.00602584,0.944866,0.950891
0.06,0.88,0.0491064,0.00602537,0.944868,0.950894
0.06,0.89,0.0491042,0.0060249,0.944871,0.950896
0.06,0.9,0.049102,0.00602443,0.944874,0.950898
0.06,0.91,0.0490998,0.00602396,0.944876,0.9509
0.06,0.92,0.0490977,0.00602349,0.944879,0.950902
0.06,0.93,0.0490955,0.00602302,0.944881,0.950904
0.06,0.94,0.0490934,0.00602256,0.944884,0.950907
0.06,0.95,0.0490913,0.00602209,0.944887,0.950909
0.06,0.96,0.0490892,0.00602162,0.944889,0.950911
0.06,0.97,0.0490871,0.00602116,0.944892,0.950913
0.06,0.98,0.049085,0.00602069,0.944894,0.950915
0.06,0.99,0.049083,0.00602023,0.944897,0.950917
0.06,1,0.0490809,0.00601976,0.944899,0.950919
0.07,0,0.0517659,0.00605334,0.942181,0.948234
0.07,0.01,0.0517619,0.0060528,0.942185,0.948238
0.07,0.02,0.0517578,0.00605227,0.94219,0.948242
0.07,0.03,0.0517538,0.00605174,0.942194,0.948246
0.07,0.04,0.0517498,0.0060512,0.942199,0.94825
0.07,0.05,0.0517458,0.00605067,0.942203,0.948254
0.07,0.06,0.0517419,0.00605014,0.942208,0.948258
0.07,0.07,0.051738,0.00604961,0.942212,0.948262
0.07,0.08,0.0517341,0.00604908,0.942217,0.948266
0.07,0.09,0.0517303,0.00604855,0.942221,0.94827
0.07,0.1,0.0517264,0.00604802,0.942226,0.948274
0.07,0.11,0.0517226,0.00604749,0.94223,0.948277
0.07,0.12,0.0517188,0.00604696,0.942234,0.948281
0.07,0.13,0.0517151,0.00604644,0.942238,0.948285
0.07,0.14,0.0517113,0.00604591,0.942243,0.948289
0.07,0.15,0.0517076,0.00604539,0.942247,0.948292
0.07,0.16,0.051704,0.00604487,0.942251,0.948296
0.07,0.17,0.0517003,0.00604434,0.942255,0.9483
0.07,0.18,0.0516967,0.00604382,0.94226,0.948303
0.07,0.19,0.0516931,0.0060433,0.942264,0.948307
0.07,0.2,0.0516895,0.00604278,0.942268,0.948311
0.07,0.21,0.0516859,0.00604226,0.942272,0.948314
0.07,0.22,0.0516824,0.00604174,0.942276,0.948318
0.07,0.23,0.0516789,0.00604122,0.94228,0.948321
0.07,0.24,0.0516754,0.0060407,0.942284,0.948325
0.07,0.25,0.0516719,0.00604019,0.942288,0.948328
0.07,0.26,0.0516685,0.00603967,0.942292,0.948332
0.07,0.27,0.051665,0.00603915,0.942296,0.948335
0.07,0.28,0.0516616,0.00603864,0.9423,0.948338
0.07,0.29,0.0516583,0.00603813,0.942304,0.948342
0.07,0.3,0.0516549,0.00603761,0.942307,0.948345
0.07,0.31,0.0516516,0.0060371,0.942311,0.948348
0.07,0.32,0.0516483,0.00603659,0.942315,0.948352
0.07,0.33,0.051645,0.00603608,0.942319,0.948355
0.07,0.34,0.0516417,0.00603557,0.942323,0.948358
0.07,0.35,0.0516385,0.00603506,0.942326,0.948362
0.07,0.36,0.0516352,0.00603455,0.94233,0.948365
0.07,0.37,0.051632,0.00603404,0.942334,0.948368
0.07,0.38,0.0516289,0.00603354,0.942338,0.948371
0.07,0.39,0.0516257,0.00603303,0.942341,0.948374
0.07,0.4,0.0516226,0.00603252,0.942345,0.948377
0.07,0.41,0.0516194,0.00603202,0.942349,0.948381
0.07,0.42,0.0516164,0.00603151,0.942352,0.948384
0.07,0.43,0.0516133,0.00603101,0.942356,0.948387
0.07,0.44,0.0516102,0.00603051,0.942359,0.94839
0.07,0.45,0.0516072,0.00603001,0.942363,0.948393
0.07,0.46,0.0516042,0.00602951,0.942366,0.948396
0.07,0.47,0.0516012,0.006029,0.94237,0.948399
0.07,0.48,0.0515982,0.0060285,0.942373,0.948402
0.07,0.49,0.0515952,0.00602801,0.942377,0.948405
0.07,0.5,0.0515923,0.00602751,0.94238,0.948408
0.07,0.51,0.0515894,0.00602701,0.942384,0.948411
0.07,0.52,0.0515865,0.00602651,0.942387,0.948413
0.07,0.53,0.0515836,0.00602602,0.94239,0.948416
0.07,0.54,0.0515808,0.00602552,0.942394,0.948419
0.07,0.55,0.0515779,0.00602503,0.942397,0.948422
0.07,0.56,0.0515751,0.00602453,0.9424,0.948425
0.07,0.57,0.0515723,0.00602404,0.942404,0.948428
0.07,0.58,0.0515695,0.00602355,0.942407,0.94843
0.07,0.59,0.0515668,0.00602305,0.94241,0.948433
0.07,0.6,0.051564,0.00602256,0.942413,0.948436
0.07,0.61,0.0515613,0.00602207,0.942417,0.948439
0.07,0.62,0.0515586,0.00602158,0.94242,0.948441
0.07,0.63,0.0515559,0.00602109,0.942423,0.948444
0.07,0.64,0.0515532,0.0060206,0.942426,0.948447
0.07,0.65,0.0515505,0.00602012,0.942429,0.948449
0.07,0.66,0.0515479,0.00601963,0.942432,0.948452
0.07,0.67,0.0515453,0.00601914,0.942436,0.948455
0.07,0.68,0.0515427,0.00601866,0.942439,0.948457
0.07,0.69,0.0515401,0.00601817,0.942442,0.94846
0.07,0.7,0.0515375,0.00601769,0.942445,0.948462
0.07,0.71,0.051535,0.00601721,0.942448,0.948465
0.07,0.72,0.0515324,0.00601672,0.942451,0.948468
0.07,0.73,0.0515299,0.00601624,0.942454,0.94847
0.07,0.74,0.0515274,0.00601576,0.942457,0.948473
0.07,0.75,0.0515249,0.00601528,0.94246,0.948475
0.07,0.76,0.0515224,0.0060148,0.942463,0.948478
0.07,0.77,0.05152,0.00601432,0.942466,0.94848
0.07,0.78,0.0515175,0.00601384,0.942469,0.948482
0.07,0.79,0.0515151,0.00601336,0.942472,0.948485
0.07,0.8,0.0515127,0.00601288,0.942474,0.948487
0.07,0.81,0.0515103,0.00601241,0.942477,0.94849
0.07,0.82,0.0515079,0.00601193,0.94248,0.948492
0.07,0.83,0.0515056,0.00601145,0.942483,0.948494
0.07,0.84,0.0515032,0.00601098,0.942486,0.948497
0.07,0.85,0.0515009,0.00601051,0.942489,0.948499
0.07,0.86,0.0514986,0.00601003,0.942491,0.948501
0.07,0.87,0.0514963,0.00600956,0.942494,0.948504
0.07,0.88,0.051494,0.00600909,0.942497,0.948506
0.07,0.89,0.0514917,0.00600862,0.9425,0.948508
0.07,0.9,0.0514895,0.00600815,0.942502,0.948511
0.07,0.91,0.0514872,0.00600768,0.942505,0.948513
0.07,0.92,0.051485,0.00600721,0.942508,0.948515
0.07,0.93,0.0514828,0.00600674,0.94251,0.948517
0.07,0.94,0.0514806,0.00600627,0.942513,0.948519
0.07,0.95,0.0514784,0.0060058,0.942516,0.948522
0.07,0.96,0.0514762,0.00600533,0.942518,0.948524
0.07,0.97,0.0514741,0.00600487,0.942521,0.948526
0.07,0.98,0.0514719,0.0060044,0.942524,0.948528
0.07,0.99,0.0514698,0.00600394,0.942526,0.94853
0.07,1,0.0514677,0.00600347,0.942529,0.948532
0.08,0,0.0542706,0.00603735,0.939692,0.945729
0.08,0.01,0.0542664,0.00603682,0.939697,0.945734
0.08,0.02,0.0542622,0.00603628,0.939702,0.945738
0.08,0.03,0.054258,0.00603575,0.939706,0.945742
0.08,0.04,0.0542539,0.00603521,0.939711,0.945746
0.08,0.05,0.0542498,0.00603468,0.939716,0.94575
0.08,0.06,0.0542457,0.00603415,0.93972,0.945754
