e1,e2,V,Rs,Rv,P
0,0,0.0141171,0.287144,0.698739,0.985883
0,0.01,0.0147763,0.286264,0.69896,0.985224
0,0.02,0.0154707,0.285375,0.699154,0.984529
0,0.03,0.0162024,0.284479,0.699319,0.983798
0,0.04,0.0169731,0.283574,0.699453,0.983027
0,0.05,0.017785,0.282661,0.699554,0.982215
0,0.06,0.01864,0.281739,0.699621,0.98136
0,0.07,0.0195406,0.280809,0.699651,0.980459
0,0.08,0.020489,0.27987,0.699641,0.979511
0,0.09,0.0214876,0.278922,0.69959,0.978512
0,0.1,0.022539,0.277965,0.699496,0.977461
0,0.11,0.023646,0.276999,0.699355,0.976354
0,0.12,0.0248114,0.276024,0.699164,0.975189
0,0.13,0.0260382,0.27504,0.698922,0.973962
0,0.14,0.0273295,0.274046,0.698624,0.97267
0,0.15,0.0286886,0.273043,0.698269,0.971311
0,0.16,0.0301189,0.272029,0.697852,0.969881
0,0.17,0.0316241,0.271006,0.69737,0.968376
0,0.18,0.0332078,0.269973,0.696819,0.966792
0,0.19,0.0348742,0.26893,0.696196,0.965126
0,0.2,0.0366272,0.267877,0.695496,0.963373
0,0.21,0.0384713,0.266813,0.694716,0.961529
0,0.22,0.040411,0.265739,0.69385,0.959589
0,0.23,0.0424509,0.264654,0.692895,0.957549
0,0.24,0.044596,0.263559,0.691846,0.955404
0,0.25,0.0468513,0.262452,0.690696,0.953149
0,0.26,0.0492223,0.261335,0.689443,0.950778
0,0.27,0.0517144,0.260207,0.688079,0.948286
0,0.28,0.0543334,0.259068,0.686599,0.945667
0,0.29,0.057085,0.257917,0.684998,0.942915
0,0.3,0.0599754,0.256756,0.683269,0.940025
0,0.31,0.0630107,0.255583,0.681406,0.936989
0,0.32,0.0661974,0.254399,0.679404,0.933803
0,0.33,0.0695418,0.253203,0.677255,0.930458
0,0.34,0.0730506,0.251996,0.674953,0.926949
0,0.35,0.0767301,0.250778,0.672492,0.92327
0,0.36,0.0805868,0.249549,0.669864,0.919413
0,0.37,0.0846272,0.248309,0.667064,0.915373
0,0.38,0.0888575,0.247057,0.664086,0.911143
0,0.39,0.0932833,0.245794,0.660922,0.906717
0,0.4,0.0979103,0.244521,0.657569,0.90209
0,0.41,0.102743,0.243237,0.65402,0.897257
0,0.42,0.107786,0.241943,0.650271,0.892214
0,0.43,0.113041,0.240639,0.646319,0.886959
0,0.44,0.118512,0.239326,0.642162,0.881488
0,0.45,0.124198,0.238003,0.637799,0.875802
0,0.46,0.130097,0.236672,0.633231,0.869903
0,0.47,0.136207,0.235332,0.628461,0.863793
0,0.48,0.14252,0.233986,0.623494,0.85748
0,0.49,0.149029,0.232633,0.618338,0.850971
0,0.5,0.15572,0.231275,0.613006,0.84428
0,0.51,0.162577,0.229911,0.607511,0.837423
0,0.52,0.16958,0.228545,0.601875,0.83042
0,0.53,0.176705,0.227176,0.596119,0.823295
0,0.54,0.183921,0.225807,0.590272,0.816079
0,0.55,0.191195,0.224438,0.584367,0.808805
0,0.56,0.198488,0.223071,0.578442,0.801512
0,0.57,0.205755,0.221708,0.572537,0.794245
0,0.58,0.212951,0.220351,0.566698,0.787049
0,0.59,0.220025,0.219001,0.560974,0.779975
0,0.6,0.226925,0.217661,0.555414,0.773075
0,0.61,0.233599,0.216332,0.550068,0.766401
0,0.62,0.239998,0.215017,0.544985,0.760002
0,0.63,0.246073,0.213718,0.540209,0.753927
0,0.64,0.251783,0.212436,0.535781,0.748217
0,0.65,0.257093,0.211174,0.531734,0.742907
0,0.66,0.261974,0.209932,0.528094,0.738026
0,0.67,0.266408,0.208714,0.524878,0.733592
0,0.68,0.270385,0.20752,0.522095,0.729615
0,0.69,0.273905,0.206352,0.519743,0.726095
0,0.7,0.276974,0.20521,0.517815,0.723026
0,0.71,0.279608,0.204096,0.516295,0.720392
0,0.72,0.281828,0.203011,0.51516,0.718172
0,0.73,0.28366,0.201955,0.514385,0.71634
0,0.74,0.285132,0.200928,0.51394,0.714868
0,0.75,0.286277,0.199931,0.513793,0.713723
0,0.76,0.287125,0.198963,0.513912,0.712875
0,0.77,0.287709,0.198024,0.514266,0.712291
0,0.78,0.288061,0.197115,0.514824,0.711939
0,0.79,0.288209,0.196235,0.515556,0.711791
0,0.8,0.288182,0.195383,0.516435,0.711818
0,0.81,0.288005,0.194558,0.517437,0.711995
0,0.82,0.287701,0.193761,0.518538,0.712299
0,0.83,0.287291,0.19299,0.519719,0.712709
0,0.84,0.286794,0.192245,0.520961,0.713206
0,0.85,0.286226,0.191525,0.522248,0.713774
0,0.86,0.285602,0.19083,0.523568,0.714398
0,0.87,0.284935,0.190157,0.524908,0.715065
0,0.88,0.284234,0.189508,0.526258,0.715766
0,0.89,0.283511,0.18888,0.527609,0.716489
0,0.9,0.282771,0.188274,0.528955,0.717229
0,0.91,0.282024,0.187688,0.530289,0.717976
0,0.92,0.281273,0.187121,0.531606,0.718727
0,0.93,0.280524,0.186574,0.532902,0.719476
0,0.94,0.279781,0.186045,0.534174,0.720219
0,0.95,0.279047,0.185533,0.53542,0.720953
0,0.96,0.278324,0.185038,0.536637,0.721676
0,0.97,0.277616,0.18456,0.537825,0.722384
0,0.98,0.276923,0.184096,0.538981,0.723077
0,0.99,0.276246,0.183648,0.540106,0.723754
0,1,0.275587,0.183215,0.541198,0.724413
0.01,0,0.0140645,0.287039,0.698896,0.985936
0.01,0.01,0.0147213,0.286157,0.699122,0.985279
0.01,0.02,0.0154134,0.285267,0.69932,0.984587
0.01,0.03,0.0161425,0.284368,0.699489,0.983857
0.01,0.04,0.0169107,0.283461,0.699628,0.983089
0.01,0.05,0.0177199,0.282546,0.699734,0.98228
0.01,0.06,0.0185722,0.281622,0.699806,0.981428
0.01,0.07,0.0194699,0.28069,0.69984,0.98053
0.01,0.08,0.0204153,0.279748,0.699836,0.979585
0.01,0.09,0.0214109,0.278798,0.699791,0.978589
0.01,0.1,0.0224593,0.277839,0.699702,0.977541
0.01,0.11,0.0235632,0.27687,0.699566,0.976437
0.01,0.12,0.0247253,0.275893,0.699382,0.975275
0.01,0.13,0.0259488,0.274906,0.699146,0.974051
0.01,0.14,0.0272367,0.273909,0.698854,0.972763
0.01,0.15,0.0285924,0.272902,0.698505,0.971408
0.01,0.16,0.0300193,0.271886,0.698095,0.969981
0.01,0.17,0.031521,0.27086,0.697619,0.968479
0.01,0.18,0.0331013,0.269824,0.697075,0.966899
0.01,0.19,0.0347642,0.268777,0.696459,0.965236
0.01,0.2,0.0365139,0.26772,0.695766,0.963486
0.01,0.21,0.0383547,0.266653,0.694993,0.961645
0.01,0.22,0.0402912,0.265575,0.694134,0.959709
0.01,0.23,0.0423281,0.264486,0.693186,0.957672
0.01,0.24,0.0444704,0.263386,0.692143,0.95553
0.01,0.25,0.0467233,0.262276,0.691001,0.953277
0.01,0.26,0.0490921,0.261154,0.689754,0.950908
0.01,0.27,0.0515825,0.260021,0.688396,0.948417
0.01,0.28,0.0542002,0.258877,0.686922,0.9458
0.01,0.29,0.0569513,0.257722,0.685327,0.943049
0.01,0.3,0.0598419,0.256555,0.683603,0.940158
0.01,0.31,0.0628783,0.255377,0.681745,0.937122
0.01,0.32,0.0660671,0.254187,0.679746,0.933933
0.01,0.33,0.069415,0.252986,0.677599,0.930585
0.01,0.34,0.0729286,0.251773,0.675299,0.927071
0.01,0.35,0.0766148,0.250548,0.672837,0.923385
0.01,0.36,0.0804802,0.249312,0.670208,0.91952
0.01,0.37,0.0845317,0.248065,0.667404,0.915468
0.01,0.38,0.0887757,0.246806,0.664419,0.911224
0.01,0.39,0.0932186,0.245535,0.661246,0.906781
0.01,0.4,0.0978662,0.244254,0.65788,0.902134
0.01,0.41,0.102724,0.242961,0.654315,0.897276
0.01,0.42,0.107797,0.241658,0.650545,0.892203
0.01,0.43,0.113088,0.240345,0.646567,0.886912
0.01,0.44,0.1186,0.239021,0.642378,0.8814
0.01,0.45,0.124335,0.237688,0.637976,0.875665
0.01,0.46,0.130292,0.236346,0.633362,0.869708
0.01,0.47,0.136468,0.234996,0.628536,0.863532
0.01,0.48,0.142859,0.233637,0.623504,0.857141
0.01,0.49,0.149456,0.232271,0.618272,0.850544
0.01,0.5,0.156249,0.2309,0.612851,0.843751
0.01,0.51,0.163222,0.229523,0.607255,0.836778
0.01,0.52,0.170357,0.228141,0.601502,0.829643
0.01,0.53,0.177629,0.226757,0.595613,0.822371
0.01,0.54,0.185011,0.225372,0.589617,0.814989
0.01,0.55,0.192468,0.223986,0.583546,0.807532
0.01,0.56,0.199963,0.222602,0.577435,0.800037
0.01,0.57,0.207452,0.22122,0.571328,0.792548
0.01,0.58,0.214886,0.219844,0.565269,0.785114
0.01,0.59,0.222216,0.218475,0.559309,0.777784
0.01,0.6,0.229387,0.217115,0.553498,0.770613
0.01,0.61,0.236346,0.215765,0.547889,0.763654
0.01,0.62,0.243038,0.214429,0.542533,0.756962
0.01,0.63,0.249413,0.213108,0.537479,0.750587
0.01,0.64,0.255425,0.211804,0.532771,0.744575
0.01,0.65,0.261034,0.210519,0.528447,0.738966
0.01,0.66,0.266208,0.209255,0.524537,0.733792
0.01,0.67,0.270925,0.208014,0.521061,0.729075
0.01,0.68,0.275171,0.206797,0.518031,0.724829
0.01,0.69,0.278943,0.205606,0.515451,0.721057
0.01,0.7,0.282245,0.204442,0.513312,0.717755
0.01,0.71,0.285092,0.203307,0.511601,0.714908
0.01,0.72,0.287503,0.2022,0.510297,0.712497
0.01,0.73,0.289504,0.201122,0.509373,0.710496
0.01,0.74,0.291126,0.200075,0.508799,0.708874
0.01,0.75,0.292399,0.199057,0.508544,0.707601
0.01,0.76,0.293358,0.19807,0.508572,0.706642
0.01,0.77,0.294035,0.197113,0.508851,0.705965
0.01,0.78,0.294465,0.196186,0.509349,0.705535
0.01,0.79,0.294677,0.195288,0.510035,0.705323
0.01,0.8,0.294702,0.194419,0.510879,0.705298
0.01,0.81,0.294566,0.193579,0.511855,0.705434
0.01,0.82,0.294294,0.192767,0.51294,0.705706
0.01,0.83,0.293908,0.191981,0.51411,0.706092
0.01,0.84,0.293429,0.191222,0.515349,0.706571
0.01,0.85,0.292873,0.190489,0.516638,0.707127
0.01,0.86,0.292257,0.189781,0.517962,0.707743
0.01,0.87,0.291593,0.189097,0.519311,0.708407
0.01,0.88,0.290893,0.188436,0.520671,0.709107
0.01,0.89,0.290167,0.187797,0.522036,0.709833
0.01,0.9,0.289424,0.187181,0.523395,0.710576
0.01,0.91,0.288671,0.186585,0.524745,0.711329
0.01,0.92,0.287913,0.186009,0.526078,0.712087
0.01,0.93,0.287157,0.185453,0.52739,0.712843
0.01,0.94,0.286406,0.184915,0.528679,0.713594
0.01,0.95,0.285663,0.184395,0.529942,0.714337
0.01,0.96,0.284931,0.183893,0.531176,0.715069
0.01,0.97,0.284213,0.183407,0.532379,0.715787
0.01,0.98,0.283511,0.182937,0.533552,0.716489
0.01,0.99,0.282825,0.182482,0.534692,0.717175
0.01,1,0.282157,0.182042,0.5358,0.717843
0.02,0,0.0140121,0.286936,0.699052,0.985988
0.02,0.01,0.0146666,0.286052,0.699282,0.985333
0.02,0.02,0.0153563,0.285159,0.699485,0.984644
0.02,0.03,0.016083,0.284259,0.699658,0.983917
0.02,0.04,0.0168486,0.28335,0.699802,0.983151
0.02,0.05,0.0176551,0.282432,0.699913,0.982345
0.02,0.06,0.0185046,0.281506,0.699989,0.981495
0.02,0.07,0.0193995,0.280572,0.700029,0.9806
0.02,0.08,0.020342,0.279628,0.70003,0.979658
0.02,0.09,0.0213346,0.278675,0.69999,0.978665
0.02,0.1,0.0223798,0.277714,0.699907,0.97762
0.02,0.11,0.0234804,0.276743,0.699777,0.97652
0.02,0.12,0.0246393,0.275762,0.699598,0.975361
0.02,0.13,0.0258595,0.274772,0.699368,0.974141
0.02,0.14,0.027144,0.273773,0.699083,0.972856
0.02,0.15,0.0284962,0.272763,0.69874,0.971504
0.02,0.16,0.0299195,0.271744,0.698336,0.97008
0.02,0.17,0.0314177,0.270715,0.697867,0.968582
0.02,0.18,0.0329945,0.269675,0.69733,0.967006
0.02,0.19,0.0346539,0.268625,0.696721,0.965346
0.02,0.2,0.0364,0.267565,0.696035,0.9636
0.02,0.21,0.0382374,0.266494,0.695269,0.961763
0.02,0.22,0.0401705,0.265412,0.694417,0.959829
0.02,0.23,0.0422042,0.26432,0.693476,0.957796
0.02,0.24,0.0443435,0.263216,0.69244,0.955656
0.02,0.25,0.0465937,0.262101,0.691305,0.953406
0.02,0.26,0.04896,0.260975,0.690065,0.95104
0.02,0.27,0.0514483,0.259838,0.688714,0.948552
0.02,0.28,0.0540645,0.258689,0.687246,0.945936
0.02,0.29,0.0568145,0.257529,0.685657,0.943186
0.02,0.3,0.0597047,0.256357,0.683938,0.940295
0.02,0.31,0.0627417,0.255173,0.682085,0.937258
0.02,0.32,0.065932,0.253978,0.68009,0.934068
0.02,0.33,0.0692826,0.252771,0.677947,0.930717
0.02,0.34,0.0728002,0.251552,0.675648,0.9272
0.02,0.35,0.0764921,0.250321,0.673187,0.923508
0.02,0.36,0.0803652,0.249078,0.670557,0.919635
0.02,0.37,0.0844265,0.247823,0.66775,0.915573
0.02,0.38,0.0886831,0.246557,0.66476,0.911317
0.02,0.39,0.0931415,0.245279,0.66158,0.906859
0.02,0.4,0.0978081,0.243989,0.658202,0.902192
0.02,0.41,0.102689,0.242689,0.654622,0.897311
0.02,0.42,0.107789,0.241377,0.650834,0.892211
0.02,0.43,0.113114,0.240054,0.646832,0.886886
0.02,0.44,0.118666,0.238721,0.642614,0.881334
0.02,0.45,0.124447,0.237377,0.638176,0.875553
0.02,0.46,0.130458,0.236024,0.633517,0.869542
0.02,0.47,0.136698,0.234662,0.628639,0.863302
0.02,0.48,0.143163,0.233292,0.623545,0.856837
0.02,0.49,0.149845,0.231914,0.618241,0.850155
0.02,0.5,0.156736,0.230529,0.612735,0.843264
0.02,0.51,0.163821,0.229138,0.607041,0.836179
0.02,0.52,0.171083,0.227742,0.601175,0.828917
0.02,0.53,0.1785,0.226343,0.595157,0.8215
0.02,0.54,0.186043,0.224941,0.589016,0.813957
0.02,0.55,0.193681,0.223539,0.58278,0.806319
0.02,0.56,0.201375,0.222137,0.576488,0.798625
0.02,0.57,0.209083,0.220738,0.570179,0.790917
0.02,0.58,0.216756,0.219343,0.563901,0.783244
0.02,0.59,0.224343,0.217954,0.557704,0.775657
0.02,0.6,0.231787,0.216573,0.55164,0.768213
0.02,0.61,0.239034,0.215203,0.545764,0.760966
0.02,0.62,0.246025,0.213845,0.54013,0.753975
0.02,0.63,0.252708,0.212502,0.534791,0.747292
0.02,0.64,0.259031,0.211175,0.529794,0.740969
0.02,0.65,0.26495,0.209867,0.525182,0.73505
0.02,0.66,0.27043,0.208581,0.520989,0.72957
0.02,0.67,0.275443,0.207316,0.51724,0.724557
0.02,0.68,0.279972,0.206076,0.513951,0.720028
0.02,0.69,0.28401,0.204862,0.511127,0.71599
0.02,0.7,0.28756,0.203676,0.508764,0.71244
0.02,0.71,0.290633,0.202517,0.506849,0.709367
0.02,0.72,0.293249,0.201388,0.505363,0.706751
0.02,0.73,0.295432,0.200289,0.504278,0.704568
0.02,0.74,0.297214,0.199221,0.503565,0.702786
0.02,0.75,0.298627,0.198183,0.503191,0.701373
0.02,0.76,0.299705,0.197176,0.503119,0.700295
0.02,0.77,0.300484,0.196199,0.503316,0.699516
0.02,0.78,0.300999,0.195254,0.503748,0.699001
0.02,0.79,0.301281,0.194338,0.504381,0.698719
0.02,0.8,0.301363,0.193452,0.505185,0.698637
0.02,0.81,0.301273,0.192595,0.506132,0.698727
0.02,0.82,0.301037,0.191767,0.507196,0.698963
0.02,0.83,0.300679,0.190967,0.508354,0.699321
0.02,0.84,0.30022,0.190194,0.509586,0.69978
0.02,0.85,0.299679,0.189447,0.510874,0.700321
0.02,0.86,0.299072,0.188726,0.512202,0.700928
0.02,0.87,0.298413,0.188029,0.513557,0.701587
0.02,0.88,0.297716,0.187357,0.514928,0.702284
0.02,0.89,0.296989,0.186707,0.516304,0.703011
0.02,0.9,0.296243,0.18608,0.517677,0.703757
0.02,0.91,0.295485,0.185474,0.519041,0.704515
0.02,0.92,0.294722,0.184888,0.52039,0.705278
0.02,0.93,0.293959,0.184323,0.521718,0.706041
0.02,0.94,0.293199,0.183777,0.523024,0.706801
0.02,0.95,0.292448,0.183249,0.524303,0.707552
0.02,0.96,0.291708,0.182739,0.525553,0.708292
0.02,0.97,0.290982,0.182245,0.526773,0.709018
0.02,0.98,0.29027,0.181768,0.527961,0.70973
0.02,0.99,0.289576,0.181307,0.529117,0.710424
0.02,1,0.288899,0.180861,0.530241,0.711101
0.03,0,0.0139601,0.286833,0.699207,0.98604
0.03,0.01,0.0146123,0.285947,0.699441,0.985388
0.03,0.02,0.0152996,0.285053,0.699648,0.9847
0.03,0.03,0.0160238,0.28415,0.699826,0.983976
0.03,0.04,0.0167868,0.283239,0.699974,0.983213
0.03,0.05,0.0175906,0.28232,0.70009,0.982409
0.03,0.06,0.0184374,0.281391,0.700171,0.981563
0.03,0.07,0.0193294,0.280454,0.700216,0.980671
0.03,0.08,0.0202689,0.279509,0.700222,0.979731
0.03,0.09,0.0212584,0.278554,0.700188,0.978742
0.03,0.1,0.0223005,0.277589,0.70011,0.977699
0.03,0.11,0.0233979,0.276616,0.699986,0.976602
0.03,0.12,0.0245535,0.275633,0.699813,0.975446
0.03,0.13,0.0257702,0.27464,0.699589,0.97423
0.03,0.14,0.0270513,0.273638,0.699311,0.972949
0.03,0.15,0.0284,0.272626,0.698974,0.9716
0.03,0.16,0.0298197,0.271604,0.698577,0.97018
0.03,0.17,0.0313143,0.270571,0.698115,0.968686
0.03,0.18,0.0328874,0.269528,0.697584,0.967113
0.03,0.19,0.0345431,0.268475,0.696982,0.965457
0.03,0.2,0.0362857,0.267411,0.696303,0.963714
0.03,0.21,0.0381195,0.266337,0.695544,0.961881
0.03,0.22,0.0400491,0.265251,0.694699,0.959951
0.03,0.23,0.0420794,0.264155,0.693766,0.957921
0.03,0.24,0.0442155,0.263047,0.692737,0.955785
0.03,0.25,0.0464626,0.261928,0.691609,0.953537
0.03,0.26,0.0488262,0.260798,0.690376,0.951174
0.03,0.27,0.0513121,0.259656,0.689031,0.948688
0.03,0.28,0.0539262,0.258503,0.687571,0.946074
0.03,0.29,0.0566748,0.257338,0.685987,0.943325
0.03,0.3,0.0595642,0.256161,0.684275,0.940436
0.03,0.31,0.0626011,0.254972,0.682427,0.937399
0.03,0.32,0.0657924,0.253771,0.680437,0.934208
0.03,0.33,0.0691449,0.252558,0.678297,0.930855
0.03,0.34,0.0726658,0.251333,0.676001,0.927334
0.03,0.35,0.0763625,0.250096,0.673542,0.923638
0.03,0.36,0.0802422,0.248846,0.670912,0.919758
0.03,0.37,0.0843122,0.247585,0.668103,0.915688
0.03,0.38,0.08858,0.246311,0.665109,0.91142
0.03,0.39,0.0930524,0.245026,0.661922,0.906948
0.03,0.4,0.0977365,0.243728,0.658535,0.902263
0.03,0.41,0.102639,0.242419,0.654942,0.897361
0.03,0.42,0.107765,0.241098,0.651137,0.892235
0.03,0.43,0.11312,0.239766,0.647113,0.88688
0.03,0.44,0.118709,0.238423,0.642868,0.881291
0.03,0.45,0.124534,0.23707,0.638396,0.875466
0.03,0.46,0.130597,0.235706,0.633697,0.869403
0.03,0.47,0.136897,0.234333,0.62877,0.863103
0.03,0.48,0.143432,0.232951,0.623617,0.856568
0.03,0.49,0.150196,0.23156,0.618244,0.849804
0.03,0.5,0.157181,0.230162,0.612657,0.842819
0.03,0.51,0.164374,0.228758,0.606868,0.835626
0.03,0.52,0.171759,0.227348,0.600893,0.828241
0.03,0.53,0.179316,0.225933,0.594751,0.820684
0.03,0.54,0.187017,0.224515,0.588467,0.812983
0.03,0.55,0.194832,0.223096,0.582072,0.805168
0.03,0.56,0.202723,0.221677,0.5756,0.797277
0.03,0.57,0.210648,0.22026,0.569092,0.789352
0.03,0.58,0.218558,0.218846,0.562596,0.781442
0.03,0.59,0.226402,0.217437,0.556161,0.773598
0.03,0.6,0.234122,0.216036,0.549843,0.765878
0.03,0.61,0.241659,0.214644,0.543696,0.758341
0.03,0.62,0.248955,0.213265,0.53778,0.751045
0.03,0.63,0.255952,0.211899,0.532148,0.744048
0.03,0.64,0.262595,0.21055,0.526855,0.737405
0.03,0.65,0.268836,0.209219,0.521945,0.731164
0.03,0.66,0.274633,0.207909,0.517457,0.725367
0.03,0.67,0.279956,0.206621,0.513423,0.720044
0.03,0.68,0.284782,0.205358,0.50986,0.715218
0.03,0.69,0.289101,0.204121,0.506778,0.710899
0.03,0.7,0.292913,0.202911,0.504176,0.707087
0.03,0.71,0.296227,0.201729,0.502044,0.703773
0.03,0.72,0.299061,0.200577,0.500362,0.700939
0.03,0.73,0.30144,0.199456,0.499104,0.69856
0.03,0.74,0.303394,0.198366,0.49824,0.696606
0.03,0.75,0.304957,0.197307,0.497736,0.695043
0.03,0.76,0.306166,0.196279,0.497555,0.693834
0.03,0.77,0.307055,0.195283,0.497662,0.692945
0.03,0.78,0.307662,0.194318,0.498019,0.692338
0.03,0.79,0.308022,0.193384,0.498594,0.691978
0.03,0.8,0.308167,0.192481,0.499352,0.691833
0.03,0.81,0.308128,0.191607,0.500265,0.691872
0.03,0.82,0.307932,0.190763,0.501305,0.692068
0.03,0.83,0.307606,0.189947,0.502447,0.692394
0.03,0.84,0.30717,0.18916,0.50367,0.69283
0.03,0.85,0.306646,0.188399,0.504955,0.693354
0.03,0.86,0.306051,0.187664,0.506285,0.693949
0.03,0.87,0.3054,0.186955,0.507645,0.6946
0.03,0.88,0.304706,0.18627,0.509024,0.695294
0.03,0.89,0.30398,0.185609,0.510411,0.69602
0.03,0.9,0.303232,0.184971,0.511797,0.696768
0.03,0.91,0.302471,0.184355,0.513174,0.697529
0.03,0.92,0.301702,0.18376,0.514538,0.698298
0.03,0.93,0.300933,0.183185,0.515882,0.699067
0.03,0.94,0.300167,0.18263,0.517204,0.699833
0.03,0.95,0.299408,0.182093,0.518499,0.700592
0.03,0.96,0.29866,0.181575,0.519765,0.70134
0.03,0.97,0.297925,0.181074,0.521001,0.702075
0.03,0.98,0.297205,0.18059,0.522205,0.702795
0.03,0.99,0.296501,0.180122,0.523377,0.703499
0.03,1,0.295816,0.179669,0.524515,0.704184
0.04,0,0.0139084,0.286731,0.699361,0.986092
0.04,0.01,0.0145583,0.285843,0.699599,0.985442
0.04,0.02,0.0152432,0.284947,0.69981,0.984757
0.04,0.03,0.0159649,0.284042,0.699993,0.984035
0.04,0.04,0.0167253,0.28313,0.700145,0.983275
0.04,0.05,0.0175265,0.282208,0.700266,0.982474
0.04,0.06,0.0183705,0.281278,0.700352,0.981629
0.04,0.07,0.0192596,0.280339,0.700402,0.98074
0.04,0.08,0.0201962,0.27939,0.700413,0.979804
0.04,0.09,0.0211826,0.278433,0.700384,0.978817
0.04,0.1,0.0222215,0.277467,0.700312,0.977778
0.04,0.11,0.0233157,0.276491,0.700194,0.976684
0.04,0.12,0.0244679,0.275505,0.700027,0.975532
0.04,0.13,0.0256812,0.27451,0.699809,0.974319
0.04,0.14,0.0269587,0.273505,0.699537,0.973041
0.04,0.15,0.0283038,0.27249,0.699207,0.971696
0.04,0.16,0.02972,0.271464,0.698816,0.97028
0.04,0.17,0.0312108,0.270429,0.69836,0.968789
0.04,0.18,0.0327802,0.269383,0.697837,0.96722
0.04,0.19,0.0344322,0.268327,0.697241,0.965568
0.04,0.2,0.036171,0.267259,0.69657,0.963829
0.04,0.21,0.038001,0.266181,0.695818,0.961999
0.04,0.22,0.039927,0.265092,0.694981,0.960073
0.04,0.23,0.0419537,0.263992,0.694054,0.958046
0.04,0.24,0.0440863,0.26288,0.693033,0.955914
0.04,0.25,0.0463302,0.261758,0.691912,0.95367
0.04,0.26,0.0486908,0.260623,0.690686,0.951309
0.04,0.27,0.0511739,0.259477,0.689349,0.948826
0.04,0.28,0.0537858,0.258319,0.687896,0.946214
0.04,0.29,0.0565325,0.257149,0.686319,0.943468
0.04,0.3,0.0594206,0.255967,0.684613,0.940579
0.04,0.31,0.062457,0.254773,0.68277,0.937543
0.04,0.32,0.0656485,0.253566,0.680785,0.934352
0.04,0.33,0.0690023,0.252347,0.67865,0.930998
0.04,0.34,0.0725257,0.251116,0.676358,0.927474
0.04,0.35,0.0762263,0.249873,0.673901,0.923774
0.04,0.36,0.0801116,0.248617,0.671271,0.919888
0.04,0.37,0.0841893,0.247349,0.668462,0.915811
0.04,0.38,0.088467,0.246068,0.665465,0.911533
0.04,0.39,0.0929521,0.244775,0.662273,0.907048
0.04,0.4,0.0976521,0.24347,0.658878,0.902348
0.04,0.41,0.102574,0.242152,0.655274,0.897426
0.04,0.42,0.107724,0.240823,0.651453,0.892276
0.04,0.43,0.113108,0.239482,0.64741,0.886892
0.04,0.44,0.118731,0.23813,0.643139,0.881269
0.04,0.45,0.124597,0.236766,0.638637,0.875403
0.04,0.46,0.130709,0.235392,0.6339,0.869291
0.04,0.47,0.137066,0.234008,0.628927,0.862934
0.04,0.48,0.143668,0.232614,0.623719,0.856332
0.04,0.49,0.150509,0.231211,0.61828,0.849491
0.04,0.5,0.157584,0.2298,0.612616,0.842416
0.04,0.51,0.164881,0.228382,0.606737,0.835119
0.04,0.52,0.172386,0.226957,0.600657,0.827614
0.04,0.53,0.180078,0.225528,0.594394,0.819922
0.04,0.54,0.187933,0.224094,0.587972,0.812067
0.04,0.55,0.195921,0.222659,0.58142,0.804079
0.04,0.56,0.204006,0.221222,0.574772,0.795994
0.04,0.57,0.212145,0.219786,0.568069,0.787855
0.04,0.58,0.220291,0.218353,0.561356,0.779709
0.04,0.59,0.22839,0.216925,0.554685,0.77161
0.04,0.6,0.236386,0.215503,0.54811,0.763614
0.04,0.61,0.244218,0.214091,0.541692,0.755782
0.04,0.62,0.251823,0.212689,0.535488,0.748177
0.04,0.63,0.25914,0.211301,0.529558,0.74086
0.04,0.64,0.266112,0.209929,0.523959,0.733888
0.04,0.65,0.272684,0.208575,0.518741,0.727316
0.04,0.66,0.278811,0.207241,0.513948,0.721189
0.04,0.67,0.284456,0.20593,0.509614,0.715544
0.04,0.68,0.289594,0.204642,0.505764,0.710406
0.04,0.69,0.294209,0.203381,0.50241,0.705791
0.04,0.7,0.298299,0.202147,0.499554,0.701701
0.04,0.71,0.301869,0.200942,0.497189,0.698131
0.04,0.72,0.304936,0.199767,0.495297,0.695064
0.04,0.73,0.307524,0.198623,0.493853,0.692476
0.04,0.74,0.309664,0.19751,0.492826,0.690336
0.04,0.75,0.311389,0.19643,0.492181,0.688611
0.04,0.76,0.312738,0.195381,0.491881,0.687262
0.04,0.77,0.313747,0.194365,0.491888,0.686253
0.04,0.78,0.314456,0.19338,0.492164,0.685544
0.04,0.79,0.3149,0.192428,0.492673,0.6851
0.04,0.8,0.315114,0.191506,0.49338,0.684886
0.04,0.81,0.315131,0.190615,0.494253,0.684869
0.04,0.82,0.314981,0.189754,0.495265,0.685019
0.04,0.83,0.31469,0.188923,0.496387,0.68531
0.04,0.84,0.314282,0.18812,0.497598,0.685718
0.04,0.85,0.313778,0.187345,0.498877,0.686222
0.04,0.86,0.313197,0.186596,0.500207,0.686803
0.04,0.87,0.312555,0.185874,0.501571,0.687445
0.04,0.88,0.311867,0.185177,0.502956,0.688133
0.04,0.89,0.311143,0.184504,0.504353,0.688857
0.04,0.9,0.310395,0.183855,0.50575,0.689605
0.04,0.91,0.309631,0.183228,0.507141,0.690369
0.04,0.92,0.308859,0.182623,0.508519,0.691141
0.04,0.93,0.308083,0.182039,0.509878,0.691917
0.04,0.94,0.307311,0.181474,0.511215,0.692689
0.04,0.95,0.306545,0.180929,0.512526,0.693455
0.04,0.96,0.305789,0.180403,0.513808,0.694211
0.04,0.97,0.305046,0.179894,0.51506,0.694954
0.04,0.98,0.304318,0.179403,0.516279,0.695682
0.04,0.99,0.303607,0.178927,0.517466,0.696393
0.04,1,0.302913,0.178468,0.518619,0.697087
0.05,0,0.0138571,0.28663,0.699513,0.986143
0.05,0.01,0.0145047,0.28574,0.699755,0.985495
0.05,0.02,0.0151872,0.284842,0.699971,0.984813
0.05,0.03,0.0159064,0.283936,0.700158,0.984094
0.05,0.04,0.0166642,0.283021,0.700315,0.983336
0.05,0.05,0.0174627,0.282097,0.70044,0.982537
0.05,0.06,0.018304,0.281165,0.700531,0.981696
0.05,0.07,0.0191902,0.280224,0.700586,0.98081
0.05,0.08,0.0201237,0.279273,0.700603,0.979876
0.05,0.09,0.0211071,0.278314,0.700579,0.978893
0.05,0.1,0.0221429,0.277345,0.700512,0.977857
0.05,0.11,0.0232337,0.276366,0.7004,0.976766
0.05,0.12,0.0243826,0.275378,0.700239,0.975617
0.05,0.13,0.0255924,0.27438,0.700027,0.974408
0.05,0.14,0.0268664,0.273373,0.699761,0.973134
0.05,0.15,0.0282078,0.272355,0.699437,0.971792
0.05,0.16,0.0296202,0.271327,0.699053,0.97038
0.05,0.17,0.0311073,0.270288,0.698605,0.968893
0.05,0.18,0.0326729,0.269239,0.698088,0.967327
0.05,0.19,0.034321,0.268179,0.6975,0.965679
0.05,0.2,0.0360559,0.267109,0.696835,0.963944
0.05,0.21,0.0378821,0.266027,0.69609,0.962118
0.05,0.22,0.0398043,0.264935,0.695261,0.960196
0.05,0.23,0.0418273,0.263831,0.694342,0.958173
0.05,0.24,0.0439562,0.262715,0.693328,0.956044
0.05,0.25,0.0461966,0.261588,0.692215,0.953803
0.05,0.26,0.0485539,0.26045,0.690996,0.951446
0.05,0.27,0.0510341,0.259299,0.689667,0.948966
0.05,0.28,0.0536432,0.258136,0.68822,0.946357
0.05,0.29,0.0563877,0.256962,0.686651,0.943612
0.05,0.3,0.0592741,0.255775,0.684951,0.940726
0.05,0.31,0.0623094,0.254575,0.683115,0.937691
0.05,0.32,0.0655006,0.253364,0.681136,0.934499
0.05,0.33,0.0688551,0.252139,0.679006,0.931145
0.05,0.34,0.0723803,0.250902,0.676717,0.92762
0.05,0.35,0.076084,0.249653,0.674263,0.923916
0.05,0.36,0.079974,0.248391,0.671635,0.920026
0.05,0.37,0.0840582,0.247116,0.668826,0.915942
0.05,0.38,0.0883446,0.245828,0.665828,0.911655
0.05,0.39,0.0928411,0.244527,0.662632,0.907159
0.05,0.4,0.0975554,0.243214,0.65923,0.902445
0.05,0.41,0.102495,0.241889,0.655616,0.897505
0.05,0.42,0.107667,0.240551,0.651782,0.892333
0.05,0.43,0.113078,0.239201,0.647721,0.886922
0.05,0.44,0.118733,0.237839,0.643428,0.881267
0.05,0.45,0.124637,0.236466,0.638897,0.875363
0.05,0.46,0.130794,0.235081,0.634125,0.869206
0.05,0.47,0.137206,0.233686,0.629109,0.862794
0.05,0.48,0.143871,0.23228,0.623849,0.856129
0.05,0.49,0.150786,0.230865,0.618348,0.849214
0.05,0.5,0.157947,0.229441,0.612611,0.842053
0.05,0.51,0.165344,0.22801,0.606646,0.834656
0.05,0.52,0.172963,0.226571,0.600465,0.827037
0.05,0.53,0.180787,0.225127,0.594086,0.819213
0.05,0.54,0.188791,0.223678,0.587531,0.811209
0.05,0.55,0.196948,0.222225,0.580826,0.803052
0.05,0.56,0.205222,0.220772,0.574006,0.794778
0.05,0.57,0.213573,0.219318,0.56711,0.786427
0.05,0.58,0.221952,0.217866,0.560183,0.778048
0.05,0.59,0.230306,0.216418,0.553276,0.769694
0.05,0.6,0.238578,0.214976,0.546446,0.761422
0.05,0.61,0.246705,0.213542,0.539753,0.753295
0.05,0.62,0.254622,0.212119,0.533259,0.745378
0.05,0.63,0.262266,0.210708,0.527026,0.737734
0.05,0.64,0.269574,0.209313,0.521114,0.730426
0.05,0.65,0.276487,0.207935,0.515578,0.723513
0.05,0.66,0.282955,0.206577,0.510468,0.717045
0.05,0.67,0.288937,0.205241,0.505822,0.711063
0.05,0.68,0.294401,0.203929,0.50167,0.705599
0.05,0.69,0.299328,0.202644,0.498029,0.700672
0.05,0.7,0.30371,0.201385,0.494905,0.69629
0.05,0.71,0.307552,0.200156,0.492292,0.692448
0.05,0.72,0.310867,0.198958,0.490175,0.689133
0.05,0.73,0.313679,0.19779,0.48853,0.686321
0.05,0.74,0.316018,0.196655,0.487327,0.683982
0.05,0.75,0.317919,0.195552,0.486529,0.682081
0.05,0.76,0.319419,0.194482,0.486099,0.680581
0.05,0.77,0.320559,0.193445,0.485996,0.679441
0.05,0.78,0.321378,0.19244,0.486182,0.678622
0.05,0.79,0.321914,0.191468,0.486618,0.678086
0.05,0.8,0.322205,0.190528,0.487267,0.677795
0.05,0.81,0.322285,0.189619,0.488096,0.677715
0.05,0.82,0.322185,0.188741,0.489074,0.677815
0.05,0.83,0.321933,0.187893,0.490173,0.678067
0.05,0.84,0.321556,0.187075,0.491369,0.678444
0.05,0.85,0.321076,0.186285,0.492639,0.678924
0.05,0.86,0.320512,0.185523,0.493965,0.679488
0.05,0.87,0.319882,0.184787,0.495331,0.680118
0.05,0.88,0.319201,0.184077,0.496722,0.680799
0.05,0.89,0.318481,0.183392,0.498126,0.681519
0.05,0.9,0.317735,0.182731,0.499534,0.682265
0.05,0.91,0.316969,0.182093,0.500937,0.683031
0.05,0.92,0.316194,0.181478,0.502328,0.683806
0.05,0.93,0.315414,0.180884,0.503702,0.684586
0.05,0.94,0.314636,0.18031,0.505053,0.685364
0.05,0.95,0.313864,0.179756,0.506379,0.686136
0.05,0.96,0.313101,0.179222,0.507677,0.686899
0.05,0.97,0.312351,0.178705,0.508944,0.687649
0.05,0.98,0.311615,0.178206,0.510179,0.688385
0.05,0.99,0.310896,0.177723,0.511381,0.689104
0.05,1,0.310194,0.177257,0.512549,0.689806
0.06,0,0.0138062,0.28653,0.699664,0.986194
0.06,0.01,0.0144515,0.285638,0.69991,0.985549
0.06,0.02,0.0151316,0.284738,0.70013,0.984868
0.06,0.03,0.0158483,0.28383,0.700322,0.984152
0.06,0.04,0.0166035,0.282913,0.700483,0.983396
0.06,0.05,0.0173993,0.281988,0.700613,0.982601
0.06,0.06,0.0182378,0.281053,0.700709,0.981762
0.06,0.07,0.0191211,0.28011,0.700769,0.980879
0.06,0.08,0.0200517,0.279157,0.700791,0.979948
0.06,0.09,0.021032,0.278195,0.700773,0.978968
0.06,0.1,0.0220645,0.277224,0.700711,0.977936
0.06,0.11,0.0231521,0.276243,0.700605,0.976848
0.06,0.12,0.0242975,0.275253,0.70045,0.975703
0.06,0.13,0.0255038,0.274252,0.700244,0.974496
0.06,0.14,0.0267742,0.273242,0.699984,0.973226
0.06,0.15,0.028112,0.272221,0.699667,0.971888
0.06,0.16,0.0295206,0.27119,0.699289,0.970479
0.06,0.17,0.0310039,0.270149,0.698847,0.968996
0.06,0.18,0.0325656,0.269097,0.698338,0.967434
0.06,0.19,0.0342097,0.268034,0.697756,0.96579
0.06,0.2,0.0359407,0.26696,0.697099,0.964059
0.06,0.21,0.0377629,0.265875,0.696362,0.962237
0.06,0.22,0.0396811,0.264779,0.69554,0.960319
0.06,0.23,0.0417002,0.263671,0.694629,0.9583
0.06,0.24,0.0438254,0.262552,0.693623,0.956175
0.06,0.25,0.046062,0.261421,0.692517,0.953938
0.06,0.26,0.0484158,0.260278,0.691306,0.951584
0.06,0.27,0.0508927,0.259123,0.689984,0.949107
0.06,0.28,0.0534988,0.257956,0.688545,0.946501
0.06,0.29,0.0562407,0.256777,0.686983,0.943759
0.06,0.3,0.059125,0.255585,0.68529,0.940875
0.06,0.31,0.0621588,0.25438,0.683461,0.937841
0.06,0.32,0.0653491,0.253163,0.681487,0.934651
0.06,0.33,0.0687036,0.251934,0.679363,0.931296
0.06,0.34,0.0722299,0.250691,0.677079,0.92777
0.06,0.35,0.0759359,0.249435,0.674629,0.924064
0.06,0.36,0.0798297,0.248167,0.672004,0.92017
0.06,0.37,0.0839195,0.246885,0.669196,0.916081
0.06,0.38,0.0882135,0.24559,0.666196,0.911787
0.06,0.39,0.0927199,0.244283,0.662997,0.90728
0.06,0.4,0.097447,0.242962,0.659591,0.902553
0.06,0.41,0.102403,0.241628,0.655969,0.897597
0.06,0.42,0.107595,0.240282,0.652123,0.892405
0.06,0.43,0.11303,0.238923,0.648047,0.88697
0.06,0.44,0.118715,0.237552,0.643733,0.881285
0.06,0.45,0.124655,0.236169,0.639176,0.875345
0.06,0.46,0.130855,0.234774,0.634371,0.869145
0.06,0.47,0.137317,0.233368,0.629315,0.862683
0.06,0.48,0.144042,0.231951,0.624007,0.855958
0.06,0.49,0.151028,0.230524,0.618448,0.848972
0.06,0.5,0.158271,0.229087,0.612641,0.841729
0.06,0.51,0.165763,0.227642,0.606594,0.834237
0.06,0.52,0.173493,0.22619,0.600318,0.826507
0.06,0.53,0.181443,0.22473,0.593827,0.818557
0.06,0.54,0.189592,0.223266,0.587142,0.810408
0.06,0.55,0.197913,0.221797,0.58029,0.802087
0.06,0.56,0.206372,0.220326,0.573302,0.793628
0.06,0.57,0.21493,0.218854,0.566216,0.78507
0.06,0.58,0.223539,0.217384,0.559078,0.776461
0.06,0.59,0.232146,0.215916,0.551938,0.767854
0.06,0.6,0.240693,0.214453,0.544854,0.759307
0.06,0.61,0.249117,0.212998,0.537885,0.750883
0.06,0.62,0.25735,0.211553,0.531098,0.74265
0.06,0.63,0.265324,0.210119,0.524556,0.734676
0.06,0.64,0.272975,0.208701,0.518324,0.727025
0.06,0.65,0.280239,0.207299,0.512462,0.719761
0.06,0.66,0.28706,0.205917,0.507024,0.71294
0.06,0.67,0.29339,0.204556,0.502053,0.70661
0.06,0.68,0.299195,0.20322,0.497585,0.700805
0.06,0.69,0.304449,0.201909,0.493642,0.695551
0.06,0.7,0.30914,0.200626,0.490234,0.69086
0.06,0.71,0.31327,0.199373,0.487357,0.68673
0.06,0.72,0.31685,0.19815,0.485001,0.68315
0.06,0.73,0.319901,0.196958,0.48314,0.680099
0.06,0.74,0.322454,0.1958,0.481746,0.677546
0.06,0.75,0.324543,0.194674,0.480783,0.675457
0.06,0.76,0.326208,0.193582,0.480211,0.673792
0.06,0.77,0.327489,0.192523,0.479988,0.672511
0.06,0.78,0.328428,0.191498,0.480075,0.671572
0.06,0.79,0.329065,0.190506,0.480429,0.670935
0.06,0.8,0.32944,0.189546,0.481013,0.67056
0.06,0.81,0.329589,0.188619,0.481792,0.670411
0.06,0.82,0.329545,0.187724,0.482731,0.670455
0.06,0.83,0.329338,0.186859,0.483803,0.670662
0.06,0.84,0.328996,0.186025,0.484979,0.671004
0.06,0.85,0.328542,0.18522,0.486238,0.671458
0.06,0.86,0.327999,0.184443,0.487559,0.672001
0.06,0.87,0.327383,0.183693,0.488923,0.672617
0.06,0.88,0.326712,0.18297,0.490318,0.673288
0.06,0.89,0.325998,0.182273,0.491729,0.674002
0.06,0.9,0.325254,0.1816,0.493146,0.674746
0.06,0.91,0.324489,0.180951,0.494559,0.675511
0.06,0.92,0.323712,0.180325,0.495963,0.676288
0.06,0.93,0.322929,0.179721,0.49735,0.677071
0.06,0.94,0.322146,0.179138,0.498716,0.677854
0.06,0.95,0.321369,0.178575,0.500056,0.678631
0.06,0.96,0.3206,0.178031,0.501369,0.6794
0.06,0.97,0.319843,0.177507,0.502651,0.680157
0.06,0.98,0.3191,0.177,0.503901,0.6809
0.06,0.99,0.318373,0.17651,0.505117,0.681627
0.06,1,0.317664,0.176036,0.5063,0.682336
0.07,0,0.0137556,0.28643,0.699814,0.986244
0.07,0.01,0.0143986,0.285537,0.700064,0.985601
0.07,0.02,0.0150763,0.284636,0.700288,0.984924
0.07,0.03,0.0157906,0.283725,0.700484,0.984209
0.07,0.04,0.0165432,0.282807,0.70065,0.983457
0.07,0.05,0.0173363,0.281879,0.700785,0.982664
0.07,0.06,0.018172,0.280943,0.700885,0.981828
0.07,0.07,0.0190524,0.279997,0.700951,0.980948
0.07,0.08,0.01998,0.279042,0.700978,0.98002
0.07,0.09,0.0209572,0.278078,0.700965,0.979043
0.07,0.1,0.0219865,0.277105,0.700909,0.978014
0.07,0.11,0.0230707,0.276121,0.700808,0.976929
0.07,0.12,0.0242127,0.275128,0.700659,0.975787
0.07,0.13,0.0254155,0.274125,0.700459,0.974584
0.07,0.14,0.0266823,0.273112,0.700205,0.973318
0.07,0.15,0.0280163,0.272089,0.699895,0.971984
0.07,0.16,0.0294212,0.271055,0.699524,0.970579
0.07,0.17,0.0309005,0.270011,0.699089,0.969099
0.07,0.18,0.0324583,0.268956,0.698586,0.967542
0.07,0.19,0.0340984,0.26789,0.698012,0.965902
0.07,0.2,0.0358253,0.266812,0.697362,0.964175
0.07,0.21,0.0376435,0.265724,0.696632,0.962357
0.07,0.22,0.0395576,0.264624,0.695818,0.960442
0.07,0.23,0.0415726,0.263513,0.694914,0.958427
0.07,0.24,0.0436938,0.26239,0.693916,0.956306
0.07,0.25,0.0459265,0.261255,0.692818,0.954073
0.07,0.26,0.0482766,0.260108,0.691615,0.951723
0.07,0.27,0.0507499,0.258949,0.690301,0.94925
0.07,0.28,0.0533528,0.257778,0.68887,0.946647
0.07,0.29,0.0560917,0.256594,0.687315,0.943908
0.07,0.3,0.0589735,0.255397,0.685629,0.941026
0.07,0.31,0.0620053,0.254188,0.683807,0.937995
0.07,0.32,0.0651943,0.252965,0.68184,0.934806
0.07,0.33,0.0685482,0.25173,0.679722,0.931452
0.07,0.34,0.0720749,0.250482,0.677443,0.927925
0.07,0.35,0.0757825,0.24922,0.674997,0.924218
0.07,0.36,0.0796792,0.247945,0.672376,0.920321
0.07,0.37,0.0837735,0.246657,0.669569,0.916226
0.07,0.38,0.088074,0.245356,0.666571,0.911926
0.07,0.39,0.0925892,0.244041,0.66337,0.907411
0.07,0.4,0.0973277,0.242712,0.65996,0.902672
0.07,0.41,0.102298,0.241371,0.656331,0.897702
0.07,0.42,0.107508,0.240016,0.652475,0.892492
0.07,0.43,0.112966,0.238649,0.648385,0.887034
0.07,0.44,0.118678,0.237269,0.644053,0.881322
0.07,0.45,0.124652,0.235876,0.639472,0.875348
0.07,0.46,0.130892,0.234471,0.634638,0.869108
0.07,0.47,0.137401,0.233054,0.629545,0.862599
0.07,0.48,0.144182,0.231626,0.624192,0.855818
0.07,0.49,0.151235,0.230187,0.618578,0.848765
0.07,0.5,0.158556,0.228738,0.612706,0.841444
0.07,0.51,0.166139,0.227279,0.606581,0.833861
0.07,0.52,0.173974,0.225813,0.600213,0.826026
0.07,0.53,0.182046,0.224339,0.593615,0.817954
0.07,0.54,0.190335,0.222859,0.586806,0.809665
0.07,0.55,0.198816,0.221374,0.579811,0.801184
0.07,0.56,0.207455,0.219886,0.572659,0.792545
0.07,0.57,0.216216,0.218396,0.565388,0.783784
0.07,0.58,0.225051,0.216906,0.558043,0.774949
0.07,0.59,0.233909,0.215419,0.550672,0.766091
0.07,0.6,0.24273,0.213936,0.543334,0.75727
0.07,0.61,0.25145,0.212459,0.536091,0.74855
0.07,0.62,0.26,0.210992,0.529009,0.74
0.07,0.63,0.26831,0.209536,0.522155,0.73169
0.07,0.64,0.27631,0.208093,0.515597,0.72369
0.07,0.65,0.283932,0.206668,0.5094,0.716068
0.07,0.66,0.291116,0.205261,0.503623,0.708884
0.07,0.67,0.297809,0.203875,0.498316,0.702191
0.07,0.68,0.303968,0.202514,0.493518,0.696032
0.07,0.69,0.309565,0.201178,0.489258,0.690435
0.07,0.7,0.314582,0.19987,0.485548,0.685418
0.07,0.71,0.319016,0.198591,0.482393,0.680984
0.07,0.72,0.322877,0.197343,0.479779,0.677123
0.07,0.73,0.326184,0.196128,0.477688,0.673816
0.07,0.74,0.328966,0.194945,0.476089,0.671034
0.07,0.75,0.331258,0.193796,0.474946,0.668742
0.07,0.76,0.333099,0.192681,0.47422,0.666901
0.07,0.77,0.334534,0.1916,0.473866,0.665466
0.07,0.78,0.335603,0.190554,0.473843,0.664397
0.07,0.79,0.336351,0.189541,0.474108,0.663649
0.07,0.8,0.336818,0.188562,0.47462,0.663182
0.07,0.81,0.337043,0.187616,0.475341,0.662957
0.07,0.82,0.337061,0.186703,0.476236,0.662939
0.07,0.83,0.336904,0.185821,0.477275,0.663096
0.07,0.84,0.336602,0.18497,0.478428,0.663398
0.07,0.85,0.336179,0.184149,0.479672,0.663821
0.07,0.86,0.335659,0.183357,0.480984,0.664341
0.07,0.87,0.335061,0.182594,0.482345,0.664939
0.07,0.88,0.334402,0.181857,0.483741,0.665598
0.07,0.89,0.333696,0.181147,0.485156,0.666304
0.07,0.9,0.332957,0.180462,0.486581,0.667043
0.07,0.91,0.332194,0.179802,0.488004,0.667806
0.07,0.92,0.331416,0.179165,0.489419,0.668584
0.07,0.93,0.330631,0.17855,0.490819,0.669369
0.07,0.94,0.329845,0.177957,0.492198,0.670155
0.07,0.95,0.329063,0.177385,0.493552,0.670937
0.07,0.96,0.328288,0.176833,0.494879,0.671712
0.07,0.97,0.327525,0.176299,0.496176,0.672475
0.07,0.98,0.326776,0.175784,0.49744,0.673224
0.07,0.99,0.326042,0.175287,0.498671,0.673958
0.07,1,0.325326,0.174806,0.499867,0.674674
0.08,0,0.0137054,0.286332,0.699963,0.986295
0.08,0.01,0.0143462,0.285437,0.700217,0.985654
0.08,0.02,0.0150215,0.284534,0.700445,0.984979
0.08,0.03,0.0157332,0.283622,0.700645,0.984267
0.08,0.04,0.0164833,0.282701,0.700816,0.983517
0.08,0.05,0.0172737,0.281771,0.700955,0.982726
0.08,0.06,0.0181066,0.280833,0.70106,0.981893
0.08,0.07,0.0189842,0.279885,0.701131,0.981016
0.08,0.08,0.0199087,0.278928,0.701163,0.980091
0.08,0.09,0.0208828,0.277962,0.701155,0.979117
0.08,0.1,0.0219089,0.276986,0.701105,0.978091
0.08,0.11,0.0229898,0.276001,0.70101,0.97701
0.08,0.12,0.0241284,0.275005,0.700867,0.975872
0.08,0.13,0.0253276,0.274,0.700673,0.974672
0.08,0.14,0.0265907,0.272984,0.700425,0.973409
0.08,0.15,0.027921,0.271958,0.700121,0.972079
0.08,0.16,0.029322,0.270921,0.699757,0.970678
0.08,0.17,0.0307974,0.269874,0.699329,0.969203
0.08,0.18,0.0323511,0.268816,0.698833,0.967649
0.08,0.19,0.0339872,0.267747,0.698266,0.966013
0.08,0.2,0.0357099,0.266667,0.697624,0.96429
0.08,0.21,0.0375239,0.265575,0.696901,0.962476
0.08,0.22,0.0394338,0.264472,0.696094,0.960566
0.08,0.23,0.0414447,0.263357,0.695199,0.958555
0.08,0.24,0.0435617,0.26223,0.694208,0.956438
0.08,0.25,0.0457903,0.261091,0.693118,0.95421
0.08,0.26,0.0481364,0.25994,0.691923,0.951864
0.08,0.27,0.050606,0.258777,0.690617,0.949394
0.08,0.28,0.0532053,0.257601,0.689194,0.946795
0.08,0.29,0.0559409,0.256413,0.687646,0.944059
0.08,0.3,0.0588198,0.255211,0.685969,0.94118
0.08,0.31,0.0618491,0.253997,0.684154,0.938151
0.08,0.32,0.0650363,0.25277,0.682194,0.934964
0.08,0.33,0.0683892,0.251529,0.680082,0.931611
0.08,0.34,0.0719157,0.250275,0.677809,0.928084
0.08,0.35,0.0756241,0.249007,0.675369,0.924376
0.08,0.36,0.0795229,0.247726,0.672751,0.920477
0.08,0.37,0.0836208,0.246432,0.669947,0.916379
0.08,0.38,0.0879267,0.245123,0.66695,0.912073
0.08,0.39,0.0924494,0.243802,0.663749,0.907551
0.08,0.4,0.097198,0.242466,0.660336,0.902802
0.08,0.41,0.102181,0.241117,0.656702,0.897819
0.08,0.42,0.107408,0.239754,0.652838,0.892592
0.08,0.43,0.112886,0.238378,0.648736,0.887114
0.08,0.44,0.118624,0.236988,0.644388,0.881376
0.08,0.45,0.124628,0.235586,0.639786,0.875372
0.08,0.46,0.130905,0.234171,0.634924,0.869095
0.08,0.47,0.137459,0.232743,0.629797,0.862541
0.08,0.48,0.144293,0.231304,0.624402,0.855707
0.08,0.49,0.151409,0.229853,0.618738,0.848591
0.08,0.5,0.158804,0.228392,0.612804,0.841196
