e1,e2,V,Rs,Rv,P
0,0,0.283592,0.188949,0.527459,0.716408
0,0.01,0.283511,0.18888,0.527609,0.716489
0,0.02,0.283429,0.188812,0.527759,0.716571
0,0.03,0.283347,0.188744,0.527909,0.716653
0,0.04,0.283266,0.188676,0.528059,0.716734
0,0.05,0.283183,0.188608,0.528208,0.716817
0,0.06,0.283101,0.188541,0.528358,0.716899
0,0.07,0.283019,0.188474,0.528507,0.716981
0,0.08,0.282937,0.188407,0.528657,0.717063
0,0.09,0.282854,0.18834,0.528806,0.717146
0,0.1,0.282771,0.188274,0.528955,0.717229
0,0.11,0.282689,0.188208,0.529104,0.717311
0,0.12,0.282606,0.188142,0.529252,0.717394
0,0.13,0.282523,0.188076,0.529401,0.717477
0,0.14,0.28244,0.188011,0.529549,0.71756
0,0.15,0.282357,0.187946,0.529698,0.717643
0,0.16,0.282273,0.187881,0.529846,0.717727
0,0.17,0.28219,0.187816,0.529994,0.71781
0,0.18,0.282107,0.187752,0.530141,0.717893
0,0.19,0.282024,0.187688,0.530289,0.717976
0,0.2,0.28194,0.187624,0.530436,0.71806
0,0.21,0.281857,0.18756,0.530583,0.718143
0,0.22,0.281773,0.187497,0.53073,0.718227
0,0.23,0.28169,0.187434,0.530876,0.71831
0,0.24,0.281607,0.187371,0.531023,0.718393
0,0.25,0.281523,0.187308,0.531169,0.718477
0,0.26,0.28144,0.187246,0.531315,0.71856
0,0.27,0.281356,0.187183,0.53146,0.718644
0,0.28,0.281273,0.187121,0.531606,0.718727
0,0.29,0.281189,0.18706,0.531751,0.718811
0,0.3,0.281106,0.186998,0.531896,0.718894
0,0.31,0.281023,0.186937,0.53204,0.718977
0,0.32,0.28094,0.186876,0.532185,0.71906
0,0.33,0.280856,0.186815,0.532329,0.719144
0,0.34,0.280773,0.186754,0.532473,0.719227
0,0.35,0.28069,0.186694,0.532616,0.71931
0,0.36,0.280607,0.186634,0.532759,0.719393
0,0.37,0.280524,0.186574,0.532902,0.719476
0,0.38,0.280441,0.186514,0.533045,0.719559
0,0.39,0.280358,0.186455,0.533187,0.719642
0,0.4,0.280275,0.186396,0.533329,0.719725
0,0.41,0.280193,0.186337,0.533471,0.719807
0,0.42,0.28011,0.186278,0.533612,0.71989
0,0.43,0.280028,0.186219,0.533753,0.719972
0,0.44,0.279945,0.186161,0.533894,0.720055
0,0.45,0.279863,0.186103,0.534034,0.720137
0,0.46,0.279781,0.186045,0.534174,0.720219
0,0.47,0.279699,0.185987,0.534314,0.720301
0,0.48,0.279617,0.18593,0.534454,0.720383
0,0.49,0.279535,0.185872,0.534593,0.720465
0,0.5,0.279453,0.185815,0.534731,0.720547
0,0.51,0.279372,0.185758,0.53487,0.720628
0,0.52,0.27929,0.185702,0.535008,0.72071
0,0.53,0.279209,0.185645,0.535146,0.720791
0,0.54,0.279128,0.185589,0.535283,0.720872
0,0.55,0.279047,0.185533,0.53542,0.720953
0,0.56,0.278966,0.185477,0.535557,0.721034
0,0.57,0.278885,0.185422,0.535693,0.721115
0,0.58,0.278805,0.185366,0.535829,0.721195
0,0.59,0.278724,0.185311,0.535965,0.721276
0,0.6,0.278644,0.185256,0.5361,0.721356
0,0.61,0.278564,0.185201,0.536235,0.721436
0,0.62,0.278484,0.185147,0.536369,0.721516
0,0.63,0.278404,0.185092,0.536504,0.721596
0,0.64,0.278324,0.185038,0.536637,0.721676
0,0.65,0.278245,0.184984,0.536771,0.721755
0,0.66,0.278166,0.18493,0.536904,0.721834
0,0.67,0.278087,0.184877,0.537037,0.721913
0,0.68,0.278008,0.184823,0.537169,0.721992
0,0.69,0.277929,0.18477,0.537301,0.722071
0,0.7,0.27785,0.184717,0.537432,0.72215
0,0.71,0.277772,0.184665,0.537563,0.722228
0,0.72,0.277694,0.184612,0.537694,0.722306
0,0.73,0.277616,0.18456,0.537825,0.722384
0,0.74,0.277538,0.184507,0.537955,0.722462
0,0.75,0.27746,0.184455,0.538084,0.72254
0,0.76,0.277383,0.184403,0.538214,0.722617
0,0.77,0.277306,0.184352,0.538342,0.722694
0,0.78,0.277229,0.1843,0.538471,0.722771
0,0.79,0.277152,0.184249,0.538599,0.722848
0,0.8,0.277075,0.184198,0.538727,0.722925
0,0.81,0.276999,0.184147,0.538854,0.723001
0,0.82,0.276923,0.184096,0.538981,0.723077
0,0.83,0.276847,0.184046,0.539107,0.723153
0,0.84,0.276771,0.183996,0.539234,0.723229
0,0.85,0.276695,0.183945,0.539359,0.723305
0,0.86,0.27662,0.183895,0.539485,0.72338
0,0.87,0.276545,0.183846,0.53961,0.723455
0,0.88,0.27647,0.183796,0.539734,0.72353
0,0.89,0.276395,0.183747,0.539858,0.723605
0,0.9,0.27632,0.183697,0.539982,0.72368
0,0.91,0.276246,0.183648,0.540106,0.723754
0,0.92,0.276172,0.183599,0.540229,0.723828
0,0.93,0.276098,0.183551,0.540351,0.723902
0,0.94,0.276024,0.183502,0.540473,0.723976
0,0.95,0.275951,0.183454,0.540595,0.724049
0,0.96,0.275878,0.183406,0.540717,0.724122
0,0.97,0.275805,0.183358,0.540838,0.724195
0,0.98,0.275732,0.18331,0.540958,0.724268
0,0.99,0.27566,0.183262,0.541078,0.72434
0,1,0.275587,0.183215,0.541198,0.724413
0.01,0,0.290249,0.187867,0.521884,0.709751
0.01,0.01,0.290167,0.187797,0.522036,0.709833
0.01,0.02,0.290085,0.187728,0.522187,0.709915
0.01,0.03,0.290003,0.187658,0.522338,0.709997
0.01,0.04,0.289921,0.187589,0.52249,0.710079
0.01,0.05,0.289839,0.187521,0.522641,0.710161
0.01,0.06,0.289756,0.187452,0.522792,0.710244
0.01,0.07,0.289673,0.187384,0.522943,0.710327
0.01,0.08,0.28959,0.187316,0.523094,0.71041
0.01,0.09,0.289507,0.187248,0.523245,0.710493
0.01,0.1,0.289424,0.187181,0.523395,0.710576
0.01,0.11,0.289341,0.187113,0.523546,0.710659
0.01,0.12,0.289257,0.187046,0.523696,0.710743
0.01,0.13,0.289174,0.18698,0.523847,0.710826
0.01,0.14,0.28909,0.186913,0.523997,0.71091
0.01,0.15,0.289006,0.186847,0.524147,0.710994
0.01,0.16,0.288923,0.186781,0.524296,0.711077
0.01,0.17,0.288839,0.186715,0.524446,0.711161
0.01,0.18,0.288755,0.18665,0.524595,0.711245
0.01,0.19,0.288671,0.186585,0.524745,0.711329
0.01,0.2,0.288587,0.18652,0.524894,0.711413
0.01,0.21,0.288503,0.186455,0.525042,0.711497
0.01,0.22,0.288419,0.186391,0.525191,0.711581
0.01,0.23,0.288334,0.186326,0.525339,0.711666
0.01,0.24,0.28825,0.186262,0.525487,0.71175
0.01,0.25,0.288166,0.186199,0.525635,0.711834
0.01,0.26,0.288082,0.186135,0.525783,0.711918
0.01,0.27,0.287998,0.186072,0.52593,0.712002
0.01,0.28,0.287913,0.186009,0.526078,0.712087
0.01,0.29,0.287829,0.185946,0.526225,0.712171
0.01,0.3,0.287745,0.185884,0.526371,0.712255
0.01,0.31,0.287661,0.185821,0.526518,0.712339
0.01,0.32,0.287577,0.185759,0.526664,0.712423
0.01,0.33,0.287493,0.185698,0.52681,0.712507
0.01,0.34,0.287409,0.185636,0.526955,0.712591
0.01,0.35,0.287325,0.185575,0.527101,0.712675
0.01,0.36,0.287241,0.185514,0.527246,0.712759
0.01,0.37,0.287157,0.185453,0.52739,0.712843
0.01,0.38,0.287073,0.185392,0.527535,0.712927
0.01,0.39,0.286989,0.185332,0.527679,0.713011
0.01,0.4,0.286906,0.185271,0.527823,0.713094
0.01,0.41,0.286822,0.185212,0.527966,0.713178
0.01,0.42,0.286739,0.185152,0.52811,0.713261
0.01,0.43,0.286655,0.185092,0.528253,0.713345
0.01,0.44,0.286572,0.185033,0.528395,0.713428
0.01,0.45,0.286489,0.184974,0.528537,0.713511
0.01,0.46,0.286406,0.184915,0.528679,0.713594
0.01,0.47,0.286322,0.184856,0.528821,0.713678
0.01,0.48,0.28624,0.184798,0.528962,0.71376
0.01,0.49,0.286157,0.18474,0.529103,0.713843
0.01,0.5,0.286074,0.184682,0.529244,0.713926
0.01,0.51,0.285992,0.184624,0.529384,0.714008
0.01,0.52,0.285909,0.184567,0.529524,0.714091
0.01,0.53,0.285827,0.184509,0.529664,0.714173
0.01,0.54,0.285745,0.184452,0.529803,0.714255
0.01,0.55,0.285663,0.184395,0.529942,0.714337
0.01,0.56,0.285581,0.184339,0.53008,0.714419
0.01,0.57,0.285499,0.184282,0.530219,0.714501
0.01,0.58,0.285418,0.184226,0.530356,0.714582
0.01,0.59,0.285336,0.18417,0.530494,0.714664
0.01,0.6,0.285255,0.184114,0.530631,0.714745
0.01,0.61,0.285174,0.184059,0.530768,0.714826
0.01,0.62,0.285093,0.184003,0.530904,0.714907
0.01,0.63,0.285012,0.183948,0.53104,0.714988
0.01,0.64,0.284931,0.183893,0.531176,0.715069
0.01,0.65,0.284851,0.183838,0.531311,0.715149
0.01,0.66,0.284771,0.183784,0.531446,0.715229
0.01,0.67,0.28469,0.183729,0.53158,0.71531
0.01,0.68,0.28461,0.183675,0.531715,0.71539
0.01,0.69,0.284531,0.183621,0.531848,0.715469
0.01,0.7,0.284451,0.183567,0.531982,0.715549
0.01,0.71,0.284372,0.183514,0.532115,0.715628
0.01,0.72,0.284293,0.18346,0.532247,0.715707
0.01,0.73,0.284213,0.183407,0.532379,0.715787
0.01,0.74,0.284135,0.183354,0.532511,0.715865
0.01,0.75,0.284056,0.183301,0.532643,0.715944
0.01,0.76,0.283978,0.183249,0.532774,0.716022
0.01,0.77,0.283899,0.183196,0.532904,0.716101
0.01,0.78,0.283821,0.183144,0.533035,0.716179
0.01,0.79,0.283743,0.183092,0.533165,0.716257
0.01,0.8,0.283666,0.18304,0.533294,0.716334
0.01,0.81,0.283588,0.182989,0.533423,0.716412
0.01,0.82,0.283511,0.182937,0.533552,0.716489
0.01,0.83,0.283434,0.182886,0.53368,0.716566
0.01,0.84,0.283357,0.182835,0.533808,0.716643
0.01,0.85,0.283281,0.182784,0.533936,0.716719
0.01,0.86,0.283204,0.182733,0.534063,0.716796
0.01,0.87,0.283128,0.182683,0.534189,0.716872
0.01,0.88,0.283052,0.182632,0.534316,0.716948
0.01,0.89,0.282976,0.182582,0.534442,0.717024
0.01,0.9,0.282901,0.182532,0.534567,0.717099
0.01,0.91,0.282825,0.182482,0.534692,0.717175
0.01,0.92,0.28275,0.182433,0.534817,0.71725
0.01,0.93,0.282675,0.182383,0.534941,0.717325
0.01,0.94,0.282601,0.182334,0.535065,0.717399
0.01,0.95,0.282526,0.182285,0.535189,0.717474
0.01,0.96,0.282452,0.182236,0.535312,0.717548
0.01,0.97,0.282378,0.182187,0.535434,0.717622
0.01,0.98,0.282304,0.182139,0.535557,0.717696
0.01,0.99,0.282231,0.182091,0.535679,0.717769
0.01,1,0.282157,0.182042,0.5358,0.717843
0.02,0,0.297071,0.186778,0.516151,0.702929
0.02,0.01,0.296989,0.186707,0.516304,0.703011
0.02,0.02,0.296907,0.186636,0.516457,0.703093
0.02,0.03,0.296825,0.186566,0.51661,0.703175
0.02,0.04,0.296742,0.186495,0.516762,0.703258
0.02,0.05,0.29666,0.186425,0.516915,0.70334
0.02,0.06,0.296577,0.186356,0.517068,0.703423
0.02,0.07,0.296494,0.186286,0.51722,0.703506
0.02,0.08,0.29641,0.186217,0.517373,0.70359
0.02,0.09,0.296327,0.186148,0.517525,0.703673
0.02,0.1,0.296243,0.18608,0.517677,0.703757
0.02,0.11,0.296159,0.186011,0.517829,0.703841
0.02,0.12,0.296076,0.185943,0.517981,0.703924
0.02,0.13,0.295992,0.185875,0.518133,0.704008
0.02,0.14,0.295907,0.185808,0.518285,0.704093
0.02,0.15,0.295823,0.18574,0.518436,0.704177
0.02,0.16,0.295739,0.185673,0.518588,0.704261
0.02,0.17,0.295654,0.185607,0.518739,0.704346
0.02,0.18,0.29557,0.18554,0.51889,0.70443
0.02,0.19,0.295485,0.185474,0.519041,0.704515
0.02,0.2,0.295401,0.185408,0.519192,0.704599
0.02,0.21,0.295316,0.185342,0.519342,0.704684
0.02,0.22,0.295231,0.185276,0.519492,0.704769
0.02,0.23,0.295146,0.185211,0.519643,0.704854
0.02,0.24,0.295062,0.185146,0.519792,0.704938
0.02,0.25,0.294977,0.185081,0.519942,0.705023
0.02,0.26,0.294892,0.185017,0.520091,0.705108
0.02,0.27,0.294807,0.184952,0.520241,0.705193
0.02,0.28,0.294722,0.184888,0.52039,0.705278
0.02,0.29,0.294637,0.184825,0.520538,0.705363
0.02,0.3,0.294552,0.184761,0.520687,0.705448
0.02,0.31,0.294467,0.184698,0.520835,0.705533
0.02,0.32,0.294382,0.184635,0.520983,0.705618
0.02,0.33,0.294298,0.184572,0.521131,0.705702
0.02,0.34,0.294213,0.184509,0.521278,0.705787
0.02,0.35,0.294128,0.184447,0.521425,0.705872
0.02,0.36,0.294043,0.184385,0.521572,0.705957
0.02,0.37,0.293959,0.184323,0.521718,0.706041
0.02,0.38,0.293874,0.184261,0.521865,0.706126
0.02,0.39,0.293789,0.1842,0.522011,0.706211
0.02,0.4,0.293705,0.184139,0.522156,0.706295
0.02,0.41,0.29362,0.184078,0.522302,0.70638
0.02,0.42,0.293536,0.184017,0.522447,0.706464
0.02,0.43,0.293452,0.183957,0.522591,0.706548
0.02,0.44,0.293368,0.183897,0.522736,0.706632
0.02,0.45,0.293283,0.183837,0.52288,0.706717
0.02,0.46,0.293199,0.183777,0.523024,0.706801
0.02,0.47,0.293116,0.183717,0.523167,0.706884
0.02,0.48,0.293032,0.183658,0.52331,0.706968
0.02,0.49,0.292948,0.183599,0.523453,0.707052
0.02,0.5,0.292864,0.18354,0.523596,0.707136
0.02,0.51,0.292781,0.183481,0.523738,0.707219
0.02,0.52,0.292698,0.183423,0.52388,0.707302
0.02,0.53,0.292614,0.183365,0.524021,0.707386
0.02,0.54,0.292531,0.183307,0.524162,0.707469
0.02,0.55,0.292448,0.183249,0.524303,0.707552
0.02,0.56,0.292366,0.183191,0.524443,0.707634
0.02,0.57,0.292283,0.183134,0.524583,0.707717
0.02,0.58,0.2922,0.183077,0.524723,0.7078
0.02,0.59,0.292118,0.18302,0.524862,0.707882
0.02,0.6,0.292036,0.182963,0.525001,0.707964
0.02,0.61,0.291954,0.182907,0.52514,0.708046
0.02,0.62,0.291872,0.18285,0.525278,0.708128
0.02,0.63,0.29179,0.182794,0.525416,0.70821
0.02,0.64,0.291708,0.182739,0.525553,0.708292
0.02,0.65,0.291627,0.182683,0.52569,0.708373
0.02,0.66,0.291546,0.182628,0.525827,0.708454
0.02,0.67,0.291465,0.182572,0.525963,0.708535
0.02,0.68,0.291384,0.182517,0.526099,0.708616
0.02,0.69,0.291303,0.182462,0.526235,0.708697
0.02,0.7,0.291222,0.182408,0.52637,0.708778
0.02,0.71,0.291142,0.182353,0.526505,0.708858
0.02,0.72,0.291062,0.182299,0.526639,0.708938
0.02,0.73,0.290982,0.182245,0.526773,0.709018
0.02,0.74,0.290902,0.182191,0.526907,0.709098
0.02,0.75,0.290822,0.182138,0.52704,0.709178
0.02,0.76,0.290743,0.182085,0.527173,0.709257
0.02,0.77,0.290664,0.182031,0.527305,0.709336
0.02,0.78,0.290585,0.181978,0.527437,0.709415
0.02,0.79,0.290506,0.181926,0.527569,0.709494
0.02,0.8,0.290427,0.181873,0.5277,0.709573
0.02,0.81,0.290349,0.18182,0.527831,0.709651
0.02,0.82,0.29027,0.181768,0.527961,0.70973
0.02,0.83,0.290192,0.181716,0.528091,0.709808
0.02,0.84,0.290114,0.181664,0.528221,0.709886
0.02,0.85,0.290037,0.181613,0.52835,0.709963
0.02,0.86,0.289959,0.181561,0.528479,0.710041
0.02,0.87,0.289882,0.18151,0.528608,0.710118
0.02,0.88,0.289805,0.181459,0.528736,0.710195
0.02,0.89,0.289729,0.181408,0.528863,0.710271
0.02,0.9,0.289652,0.181357,0.528991,0.710348
0.02,0.91,0.289576,0.181307,0.529117,0.710424
0.02,0.92,0.2895,0.181257,0.529244,0.7105
0.02,0.93,0.289424,0.181206,0.52937,0.710576
0.02,0.94,0.289348,0.181156,0.529495,0.710652
0.02,0.95,0.289273,0.181107,0.529621,0.710727
0.02,0.96,0.289197,0.181057,0.529745,0.710803
0.02,0.97,0.289122,0.181008,0.52987,0.710878
0.02,0.98,0.289048,0.180958,0.529994,0.710952
0.02,0.99,0.288973,0.180909,0.530117,0.711027
0.02,1,0.288899,0.180861,0.530241,0.711101
0.03,0,0.304062,0.185682,0.510257,0.695938
0.03,0.01,0.30398,0.185609,0.510411,0.69602
0.03,0.02,0.303898,0.185537,0.510565,0.696102
0.03,0.03,0.303816,0.185465,0.510719,0.696184
0.03,0.04,0.303733,0.185394,0.510873,0.696267
0.03,0.05,0.30365,0.185323,0.511027,0.69635
0.03,0.06,0.303567,0.185252,0.511181,0.696433
0.03,0.07,0.303484,0.185181,0.511335,0.696516
0.03,0.08,0.3034,0.185111,0.511489,0.6966
0.03,0.09,0.303316,0.185041,0.511643,0.696684
0.03,0.1,0.303232,0.184971,0.511797,0.696768
0.03,0.11,0.303148,0.184901,0.51195,0.696852
0.03,0.12,0.303064,0.184832,0.512104,0.696936
0.03,0.13,0.30298,0.184763,0.512257,0.69702
0.03,0.14,0.302895,0.184694,0.51241,0.697105
0.03,0.15,0.302811,0.184626,0.512563,0.697189
0.03,0.16,0.302726,0.184558,0.512716,0.697274
0.03,0.17,0.302641,0.18449,0.512869,0.697359
0.03,0.18,0.302556,0.184422,0.513022,0.697444
0.03,0.19,0.302471,0.184355,0.513174,0.697529
0.03,0.2,0.302386,0.184288,0.513327,0.697614
0.03,0.21,0.302301,0.184221,0.513479,0.697699
0.03,0.22,0.302215,0.184154,0.513631,0.697785
0.03,0.23,0.30213,0.184088,0.513782,0.69787
0.03,0.24,0.302044,0.184022,0.513934,0.697956
0.03,0.25,0.301959,0.183956,0.514085,0.698041
0.03,0.26,0.301874,0.18389,0.514236,0.698126
0.03,0.27,0.301788,0.183825,0.514387,0.698212
0.03,0.28,0.301702,0.18376,0.514538,0.698298
0.03,0.29,0.301617,0.183695,0.514688,0.698383
0.03,0.3,0.301531,0.18363,0.514838,0.698469
0.03,0.31,0.301446,0.183566,0.514988,0.698554
0.03,0.32,0.30136,0.183502,0.515138,0.69864
0.03,0.33,0.301275,0.183438,0.515287,0.698725
0.03,0.34,0.301189,0.183374,0.515437,0.698811
0.03,0.35,0.301104,0.183311,0.515585,0.698896
0.03,0.36,0.301018,0.183248,0.515734,0.698982
0.03,0.37,0.300933,0.183185,0.515882,0.699067
0.03,0.38,0.300847,0.183122,0.51603,0.699153
0.03,0.39,0.300762,0.18306,0.516178,0.699238
0.03,0.4,0.300677,0.182998,0.516325,0.699323
0.03,0.41,0.300592,0.182936,0.516473,0.699408
0.03,0.42,0.300506,0.182874,0.516619,0.699494
0.03,0.43,0.300421,0.182813,0.516766,0.699579
0.03,0.44,0.300336,0.182752,0.516912,0.699664
0.03,0.45,0.300251,0.182691,0.517058,0.699749
0.03,0.46,0.300167,0.18263,0.517204,0.699833
0.03,0.47,0.300082,0.182569,0.517349,0.699918
0.03,0.48,0.299997,0.182509,0.517494,0.700003
0.03,0.49,0.299913,0.182449,0.517638,0.700087
0.03,0.5,0.299828,0.182389,0.517783,0.700172
0.03,0.51,0.299744,0.18233,0.517926,0.700256
0.03,0.52,0.29966,0.18227,0.51807,0.70034
0.03,0.53,0.299576,0.182211,0.518213,0.700424
0.03,0.54,0.299492,0.182152,0.518356,0.700508
0.03,0.55,0.299408,0.182093,0.518499,0.700592
0.03,0.56,0.299324,0.182035,0.518641,0.700676
0.03,0.57,0.299241,0.181977,0.518783,0.700759
0.03,0.58,0.299157,0.181919,0.518924,0.700843
0.03,0.59,0.299074,0.181861,0.519065,0.700926
0.03,0.6,0.298991,0.181803,0.519206,0.701009
0.03,0.61,0.298908,0.181746,0.519346,0.701092
0.03,0.62,0.298825,0.181689,0.519486,0.701175
0.03,0.63,0.298742,0.181632,0.519626,0.701258
0.03,0.64,0.29866,0.181575,0.519765,0.70134
0.03,0.65,0.298577,0.181519,0.519904,0.701423
0.03,0.66,0.298495,0.181462,0.520042,0.701505
0.03,0.67,0.298413,0.181406,0.520181,0.701587
0.03,0.68,0.298331,0.18135,0.520318,0.701669
0.03,0.69,0.29825,0.181295,0.520456,0.70175
0.03,0.7,0.298168,0.181239,0.520593,0.701832
0.03,0.71,0.298087,0.181184,0.520729,0.701913
0.03,0.72,0.298006,0.181129,0.520865,0.701994
0.03,0.73,0.297925,0.181074,0.521001,0.702075
0.03,0.74,0.297844,0.18102,0.521136,0.702156
0.03,0.75,0.297763,0.180965,0.521271,0.702237
0.03,0.76,0.297683,0.180911,0.521406,0.702317
0.03,0.77,0.297603,0.180857,0.52154,0.702397
0.03,0.78,0.297523,0.180803,0.521674,0.702477
0.03,0.79,0.297443,0.18075,0.521807,0.702557
0.03,0.8,0.297363,0.180696,0.52194,0.702637
0.03,0.81,0.297284,0.180643,0.522073,0.702716
0.03,0.82,0.297205,0.18059,0.522205,0.702795
0.03,0.83,0.297126,0.180537,0.522337,0.702874
0.03,0.84,0.297047,0.180485,0.522468,0.702953
0.03,0.85,0.296968,0.180432,0.522599,0.703032
0.03,0.86,0.29689,0.18038,0.52273,0.70311
0.03,0.87,0.296812,0.180328,0.52286,0.703188
0.03,0.88,0.296734,0.180276,0.52299,0.703266
0.03,0.89,0.296656,0.180225,0.523119,0.703344
0.03,0.9,0.296579,0.180173,0.523248,0.703421
0.03,0.91,0.296501,0.180122,0.523377,0.703499
0.03,0.92,0.296424,0.180071,0.523505,0.703576
0.03,0.93,0.296347,0.18002,0.523633,0.703653
0.03,0.94,0.296271,0.179969,0.52376,0.703729
0.03,0.95,0.296194,0.179919,0.523887,0.703806
0.03,0.96,0.296118,0.179868,0.524013,0.703882
0.03,0.97,0.296042,0.179818,0.524139,0.703958
0.03,0.98,0.295967,0.179768,0.524265,0.704033
0.03,0.99,0.295891,0.179719,0.52439,0.704109
0.03,1,0.295816,0.179669,0.524515,0.704184
0.04,0,0.311225,0.184578,0.504197,0.688775
0.04,0.01,0.311143,0.184504,0.504353,0.688857
0.04,0.02,0.311061,0.184431,0.504508,0.688939
0.04,0.03,0.310979,0.184358,0.504663,0.689021
0.04,0.04,0.310896,0.184285,0.504819,0.689104
0.04,0.05,0.310813,0.184213,0.504974,0.689187
0.04,0.06,0.31073,0.184141,0.505129,0.68927
0.04,0.07,0.310647,0.184069,0.505285,0.689353
0.04,0.08,0.310563,0.183997,0.50544,0.689437
0.04,0.09,0.310479,0.183926,0.505595,0.689521
0.04,0.1,0.310395,0.183855,0.50575,0.689605
0.04,0.11,0.310311,0.183784,0.505905,0.689689
0.04,0.12,0.310226,0.183714,0.50606,0.689774
0.04,0.13,0.310142,0.183643,0.506215,0.689858
0.04,0.14,0.310057,0.183574,0.506369,0.689943
0.04,0.15,0.309972,0.183504,0.506524,0.690028
0.04,0.16,0.309887,0.183434,0.506678,0.690113
0.04,0.17,0.309802,0.183365,0.506833,0.690198
0.04,0.18,0.309717,0.183297,0.506987,0.690283
0.04,0.19,0.309631,0.183228,0.507141,0.690369
0.04,0.2,0.309546,0.18316,0.507295,0.690454
0.04,0.21,0.30946,0.183092,0.507448,0.69054
0.04,0.22,0.309374,0.183024,0.507602,0.690626
0.04,0.23,0.309288,0.182956,0.507755,0.690712
0.04,0.24,0.309203,0.182889,0.507908,0.690797
0.04,0.25,0.309117,0.182822,0.508061,0.690883
0.04,0.26,0.309031,0.182755,0.508214,0.690969
0.04,0.27,0.308945,0.182689,0.508366,0.691055
0.04,0.28,0.308859,0.182623,0.508519,0.691141
0.04,0.29,0.308772,0.182557,0.508671,0.691228
0.04,0.3,0.308686,0.182491,0.508822,0.691314
0.04,0.31,0.3086,0.182426,0.508974,0.6914
0.04,0.32,0.308514,0.182361,0.509125,0.691486
0.04,0.33,0.308428,0.182296,0.509276,0.691572
0.04,0.34,0.308342,0.182231,0.509427,0.691658
0.04,0.35,0.308256,0.182167,0.509578,0.691744
0.04,0.36,0.30817,0.182102,0.509728,0.69183
0.04,0.37,0.308083,0.182039,0.509878,0.691917
0.04,0.38,0.307997,0.181975,0.510028,0.692003
0.04,0.39,0.307911,0.181911,0.510177,0.692089
0.04,0.4,0.307825,0.181848,0.510326,0.692175
0.04,0.41,0.30774,0.181785,0.510475,0.69226
0.04,0.42,0.307654,0.181723,0.510624,0.692346
0.04,0.43,0.307568,0.18166,0.510772,0.692432
0.04,0.44,0.307482,0.181598,0.51092,0.692518
0.04,0.45,0.307397,0.181536,0.511067,0.692603
0.04,0.46,0.307311,0.181474,0.511215,0.692689
0.04,0.47,0.307225,0.181413,0.511362,0.692775
0.04,0.48,0.30714,0.181352,0.511508,0.69286
0.04,0.49,0.307055,0.181291,0.511655,0.692945
0.04,0.5,0.30697,0.18123,0.511801,0.69303
0.04,0.51,0.306884,0.181169,0.511946,0.693116
0.04,0.52,0.306799,0.181109,0.512092,0.693201
0.04,0.53,0.306715,0.181049,0.512237,0.693285
0.04,0.54,0.30663,0.180989,0.512381,0.69337
0.04,0.55,0.306545,0.180929,0.512526,0.693455
0.04,0.56,0.306461,0.18087,0.51267,0.693539
0.04,0.57,0.306376,0.180811,0.512813,0.693624
0.04,0.58,0.306292,0.180752,0.512956,0.693708
0.04,0.59,0.306208,0.180693,0.513099,0.693792
0.04,0.6,0.306124,0.180635,0.513242,0.693876
0.04,0.61,0.30604,0.180576,0.513384,0.69396
0.04,0.62,0.305956,0.180518,0.513525,0.694044
0.04,0.63,0.305873,0.18046,0.513667,0.694127
0.04,0.64,0.305789,0.180403,0.513808,0.694211
0.04,0.65,0.305706,0.180345,0.513948,0.694294
0.04,0.66,0.305623,0.180288,0.514089,0.694377
0.04,0.67,0.30554,0.180231,0.514229,0.69446
0.04,0.68,0.305457,0.180175,0.514368,0.694543
0.04,0.69,0.305375,0.180118,0.514507,0.694625
0.04,0.7,0.305292,0.180062,0.514646,0.694708
0.04,0.71,0.30521,0.180006,0.514784,0.69479
0.04,0.72,0.305128,0.17995,0.514922,0.694872
0.04,0.73,0.305046,0.179894,0.51506,0.694954
0.04,0.74,0.304965,0.179839,0.515197,0.695035
0.04,0.75,0.304883,0.179783,0.515333,0.695117
0.04,0.76,0.304802,0.179728,0.51547,0.695198
0.04,0.77,0.304721,0.179674,0.515606,0.695279
0.04,0.78,0.30464,0.179619,0.515741,0.69536
0.04,0.79,0.304559,0.179565,0.515876,0.695441
0.04,0.8,0.304479,0.17951,0.516011,0.695521
0.04,0.81,0.304398,0.179456,0.516145,0.695602
0.04,0.82,0.304318,0.179403,0.516279,0.695682
0.04,0.83,0.304238,0.179349,0.516413,0.695762
0.04,0.84,0.304159,0.179296,0.516546,0.695841
0.04,0.85,0.304079,0.179242,0.516679,0.695921
0.04,0.86,0.304,0.179189,0.516811,0.696
0.04,0.87,0.303921,0.179137,0.516943,0.696079
0.04,0.88,0.303842,0.179084,0.517074,0.696158
0.04,0.89,0.303763,0.179031,0.517205,0.696237
0.04,0.9,0.303685,0.178979,0.517336,0.696315
0.04,0.91,0.303607,0.178927,0.517466,0.696393
0.04,0.92,0.303529,0.178875,0.517596,0.696471
0.04,0.93,0.303451,0.178824,0.517725,0.696549
0.04,0.94,0.303373,0.178772,0.517854,0.696627
0.04,0.95,0.303296,0.178721,0.517983,0.696704
0.04,0.96,0.303219,0.17867,0.518111,0.696781
0.04,0.97,0.303142,0.178619,0.518239,0.696858
0.04,0.98,0.303066,0.178568,0.518366,0.696934
0.04,0.99,0.302989,0.178518,0.518493,0.697011
0.04,1,0.302913,0.178468,0.518619,0.697087
0.05,0,0.318563,0.183467,0.49797,0.681437
0.05,0.01,0.318481,0.183392,0.498126,0.681519
0.05,0.02,0.3184,0.183318,0.498283,0.6816
0.05,0.03,0.318317,0.183243,0.498439,0.681683
0.05,0.04,0.318235,0.183169,0.498596,0.681765
0.05,0.05,0.318152,0.183096,0.498752,0.681848
0.05,0.06,0.318069,0.183022,0.498909,0.681931
0.05,0.07,0.317986,0.182949,0.499065,0.682014
0.05,0.08,0.317902,0.182876,0.499221,0.682098
0.05,0.09,0.317819,0.182804,0.499378,0.682181
0.05,0.1,0.317735,0.182731,0.499534,0.682265
0.05,0.11,0.31765,0.182659,0.49969,0.68235
0.05,0.12,0.317566,0.182588,0.499847,0.682434
0.05,0.13,0.317481,0.182516,0.500003,0.682519
0.05,0.14,0.317396,0.182445,0.500159,0.682604
0.05,0.15,0.317311,0.182374,0.500315,0.682689
0.05,0.16,0.317226,0.182304,0.50047,0.682774
0.05,0.17,0.317141,0.182233,0.500626,0.682859
0.05,0.18,0.317055,0.182163,0.500782,0.682945
0.05,0.19,0.316969,0.182093,0.500937,0.683031
0.05,0.2,0.316884,0.182024,0.501092,0.683116
0.05,0.21,0.316798,0.181955,0.501247,0.683202
0.05,0.22,0.316712,0.181886,0.501402,0.683288
0.05,0.23,0.316626,0.181817,0.501557,0.683374
0.05,0.24,0.316539,0.181749,0.501712,0.683461
0.05,0.25,0.316453,0.181681,0.501866,0.683547
0.05,0.26,0.316367,0.181613,0.50202,0.683633
0.05,0.27,0.31628,0.181545,0.502174,0.68372
0.05,0.28,0.316194,0.181478,0.502328,0.683806
0.05,0.29,0.316107,0.181411,0.502482,0.683893
0.05,0.3,0.316021,0.181344,0.502635,0.683979
0.05,0.31,0.315934,0.181278,0.502788,0.684066
0.05,0.32,0.315848,0.181211,0.502941,0.684152
0.05,0.33,0.315761,0.181145,0.503094,0.684239
0.05,0.34,0.315674,0.18108,0.503246,0.684326
0.05,0.35,0.315588,0.181014,0.503398,0.684412
0.05,0.36,0.315501,0.180949,0.50355,0.684499
0.05,0.37,0.315414,0.180884,0.503702,0.684586
0.05,0.38,0.315328,0.180819,0.503853,0.684672
0.05,0.39,0.315241,0.180755,0.504004,0.684759
0.05,0.4,0.315155,0.18069,0.504155,0.684845
0.05,0.41,0.315068,0.180626,0.504305,0.684932
0.05,0.42,0.314982,0.180563,0.504456,0.685018
0.05,0.43,0.314895,0.180499,0.504606,0.685105
0.05,0.44,0.314809,0.180436,0.504755,0.685191
0.05,0.45,0.314723,0.180373,0.504904,0.685277
0.05,0.46,0.314636,0.18031,0.505053,0.685364
0.05,0.47,0.31455,0.180248,0.505202,0.68545
0.05,0.48,0.314464,0.180186,0.50535,0.685536
0.05,0.49,0.314378,0.180123,0.505498,0.685622
0.05,0.5,0.314292,0.180062,0.505646,0.685708
0.05,0.51,0.314206,0.18,0.505794,0.685794
0.05,0.52,0.314121,0.179939,0.505941,0.685879
0.05,0.53,0.314035,0.179878,0.506087,0.685965
0.05,0.54,0.313949,0.179817,0.506234,0.686051
0.05,0.55,0.313864,0.179756,0.506379,0.686136
0.05,0.56,0.313779,0.179696,0.506525,0.686221
0.05,0.57,0.313694,0.179636,0.50667,0.686306
0.05,0.58,0.313609,0.179576,0.506815,0.686391
0.05,0.59,0.313524,0.179516,0.50696,0.686476
0.05,0.6,0.313439,0.179457,0.507104,0.686561
0.05,0.61,0.313354,0.179398,0.507248,0.686646
0.05,0.62,0.31327,0.179339,0.507391,0.68673
0.05,0.63,0.313186,0.17928,0.507534,0.686814
0.05,0.64,0.313101,0.179222,0.507677,0.686899
0.05,0.65,0.313017,0.179163,0.507819,0.686983
0.05,0.66,0.312933,0.179105,0.507961,0.687067
0.05,0.67,0.31285,0.179047,0.508103,0.68715
0.05,0.68,0.312766,0.17899,0.508244,0.687234
0.05,0.69,0.312683,0.178932,0.508385,0.687317
0.05,0.7,0.3126,0.178875,0.508525,0.6874
0.05,0.71,0.312516,0.178818,0.508665,0.687484
0.05,0.72,0.312434,0.178761,0.508805,0.687566
0.05,0.73,0.312351,0.178705,0.508944,0.687649
0.05,0.74,0.312268,0.178649,0.509083,0.687732
0.05,0.75,0.312186,0.178592,0.509221,0.687814
0.05,0.76,0.312104,0.178537,0.50936,0.687896
0.05,0.77,0.312022,0.178481,0.509497,0.687978
0.05,0.78,0.31194,0.178425,0.509634,0.68806
0.05,0.79,0.311859,0.17837,0.509771,0.688141
0.05,0.8,0.311777,0.178315,0.509908,0.688223
0.05,0.81,0.311696,0.17826,0.510044,0.688304
0.05,0.82,0.311615,0.178206,0.510179,0.688385
0.05,0.83,0.311534,0.178151,0.510314,0.688466
0.05,0.84,0.311454,0.178097,0.510449,0.688546
0.05,0.85,0.311373,0.178043,0.510584,0.688627
0.05,0.86,0.311293,0.177989,0.510717,0.688707
0.05,0.87,0.311213,0.177936,0.510851,0.688787
0.05,0.88,0.311134,0.177882,0.510984,0.688866
0.05,0.89,0.311054,0.177829,0.511117,0.688946
0.05,0.9,0.310975,0.177776,0.511249,0.689025
0.05,0.91,0.310896,0.177723,0.511381,0.689104
0.05,0.92,0.310817,0.177671,0.511512,0.689183
0.05,0.93,0.310738,0.177618,0.511644,0.689262
0.05,0.94,0.31066,0.177566,0.511774,0.68934
0.05,0.95,0.310582,0.177514,0.511904,0.689418
0.05,0.96,0.310504,0.177462,0.512034,0.689496
0.05,0.97,0.310426,0.17741,0.512163,0.689574
0.05,0.98,0.310349,0.177359,0.512292,0.689651
0.05,0.99,0.310271,0.177308,0.512421,0.689729
0.05,1,0.310194,0.177257,0.512549,0.689806
0.06,0,0.326079,0.182349,0.491571,0.673921
0.06,0.01,0.325998,0.182273,0.491729,0.674002
0.06,0.02,0.325917,0.182197,0.491886,0.674083
0.06,0.03,0.325835,0.182122,0.492043,0.674165
0.06,0.04,0.325753,0.182046,0.492201,0.674247
0.06,0.05,0.325671,0.181971,0.492358,0.674329
0.06,0.06,0.325588,0.181896,0.492516,0.674412
0.06,0.07,0.325505,0.181822,0.492673,0.674495
0.06,0.08,0.325422,0.181748,0.492831,0.674578
0.06,0.09,0.325338,0.181674,0.492988,0.674662
0.06,0.1,0.325254,0.1816,0.493146,0.674746
0.06,0.11,0.32517,0.181527,0.493303,0.67483
0.06,0.12,0.325086,0.181454,0.49346,0.674914
0.06,0.13,0.325001,0.181381,0.493618,0.674999
0.06,0.14,0.324916,0.181309,0.493775,0.675084
0.06,0.15,0.324831,0.181237,0.493932,0.675169
0.06,0.16,0.324746,0.181165,0.494089,0.675254
0.06,0.17,0.324661,0.181094,0.494246,0.675339
0.06,0.18,0.324575,0.181022,0.494403,0.675425
0.06,0.19,0.324489,0.180951,0.494559,0.675511
0.06,0.2,0.324403,0.180881,0.494716,0.675597
0.06,0.21,0.324317,0.18081,0.494872,0.675683
0.06,0.22,0.324231,0.18074,0.495029,0.675769
0.06,0.23,0.324145,0.18067,0.495185,0.675855
0.06,0.24,0.324058,0.180601,0.495341,0.675942
0.06,0.25,0.323972,0.180531,0.495497,0.676028
0.06,0.26,0.323885,0.180462,0.495652,0.676115
0.06,0.27,0.323799,0.180394,0.495808,0.676201
0.06,0.28,0.323712,0.180325,0.495963,0.676288
0.06,0.29,0.323625,0.180257,0.496118,0.676375
0.06,0.3,0.323538,0.180189,0.496273,0.676462
0.06,0.31,0.323451,0.180121,0.496427,0.676549
0.06,0.32,0.323364,0.180054,0.496582,0.676636
0.06,0.33,0.323277,0.179987,0.496736,0.676723
0.06,0.34,0.32319,0.17992,0.49689,0.67681
0.06,0.35,0.323103,0.179853,0.497043,0.676897
0.06,0.36,0.323016,0.179787,0.497197,0.676984
0.06,0.37,0.322929,0.179721,0.49735,0.677071
0.06,0.38,0.322842,0.179655,0.497503,0.677158
0.06,0.39,0.322755,0.17959,0.497655,0.677245
0.06,0.4,0.322668,0.179524,0.497808,0.677332
0.06,0.41,0.322581,0.179459,0.49796,0.677419
0.06,0.42,0.322494,0.179394,0.498112,0.677506
0.06,0.43,0.322407,0.17933,0.498263,0.677593
0.06,0.44,0.32232,0.179266,0.498414,0.67768
0.06,0.45,0.322233,0.179202,0.498565,0.677767
0.06,0.46,0.322146,0.179138,0.498716,0.677854
0.06,0.47,0.32206,0.179074,0.498866,0.67794
0.06,0.48,0.321973,0.179011,0.499016,0.678027
0.06,0.49,0.321886,0.178948,0.499166,0.678114
0.06,0.5,0.3218,0.178885,0.499315,0.6782
0.06,0.51,0.321713,0.178823,0.499464,0.678287
0.06,0.52,0.321627,0.17876,0.499613,0.678373
0.06,0.53,0.321541,0.178698,0.499761,0.678459
0.06,0.54,0.321455,0.178636,0.499909,0.678545
0.06,0.55,0.321369,0.178575,0.500056,0.678631
0.06,0.56,0.321283,0.178514,0.500204,0.678717
0.06,0.57,0.321197,0.178452,0.500351,0.678803
0.06,0.58,0.321111,0.178392,0.500497,0.678889
0.06,0.59,0.321026,0.178331,0.500643,0.678974
0.06,0.6,0.32094,0.178271,0.500789,0.67906
0.06,0.61,0.320855,0.17821,0.500935,0.679145
0.06,0.62,0.32077,0.178151,0.50108,0.67923
0.06,0.63,0.320685,0.178091,0.501225,0.679315
0.06,0.64,0.3206,0.178031,0.501369,0.6794
0.06,0.65,0.320515,0.177972,0.501513,0.679485
0.06,0.66,0.32043,0.177913,0.501657,0.67957
0.06,0.67,0.320346,0.177854,0.5018,0.679654
0.06,0.68,0.320262,0.177796,0.501943,0.679738
0.06,0.69,0.320177,0.177738,0.502085,0.679823
0.06,0.7,0.320093,0.177679,0.502227,0.679907
0.06,0.71,0.32001,0.177622,0.502369,0.67999
0.06,0.72,0.319926,0.177564,0.50251,0.680074
0.06,0.73,0.319843,0.177507,0.502651,0.680157
0.06,0.74,0.319759,0.177449,0.502791,0.680241
0.06,0.75,0.319676,0.177392,0.502932,0.680324
0.06,0.76,0.319593,0.177336,0.503071,0.680407
0.06,0.77,0.31951,0.177279,0.50321,0.68049
0.06,0.78,0.319428,0.177223,0.503349,0.680572
0.06,0.79,0.319346,0.177167,0.503488,0.680654
0.06,0.8,0.319263,0.177111,0.503626,0.680737
0.06,0.81,0.319181,0.177055,0.503764,0.680819
0.06,0.82,0.3191,0.177,0.503901,0.6809
0.06,0.83,0.319018,0.176944,0.504038,0.680982
0.06,0.84,0.318937,0.176889,0.504174,0.681063
0.06,0.85,0.318856,0.176834,0.50431,0.681144
0.06,0.86,0.318775,0.17678,0.504446,0.681225
0.06,0.87,0.318694,0.176725,0.504581,0.681306
0.06,0.88,0.318613,0.176671,0.504716,0.681387
0.06,0.89,0.318533,0.176617,0.50485,0.681467
0.06,0.9,0.318453,0.176563,0.504984,0.681547
0.06,0.91,0.318373,0.17651,0.505117,0.681627
0.06,0.92,0.318293,0.176456,0.50525,0.681707
0.06,0.93,0.318214,0.176403,0.505383,0.681786
0.06,0.94,0.318135,0.17635,0.505515,0.681865
0.06,0.95,0.318056,0.176297,0.505647,0.681944
0.06,0.96,0.317977,0.176245,0.505779,0.682023
0.06,0.97,0.317898,0.176192,0.505909,0.682102
0.06,0.98,0.31782,0.17614,0.50604,0.68218
0.06,0.99,0.317742,0.176088,0.50617,0.682258
0.06,1,0.317664,0.176036,0.5063,0.682336
0.07,0,0.333777,0.181225,0.484999,0.666223
0.07,0.01,0.333696,0.181147,0.485156,0.666304
0.07,0.02,0.333616,0.18107,0.485314,0.666384
0.07,0.03,0.333535,0.180993,0.485473,0.666465
0.07,0.04,0.333453,0.180916,0.485631,0.666547
0.07,0.05,0.333371,0.18084,0.485789,0.666629
0.07,0.06,0.333289,0.180764,0.485947,0.666711
0.07,0.07,0.333206,0.180688,0.486106,0.666794
0.07,0.08,0.333124,0.180612,0.486264,0.666876
0.07,0.09,0.33304,0.180537,0.486422,0.66696
0.07,0.1,0.332957,0.180462,0.486581,0.667043
0.07,0.11,0.332873,0.180388,0.486739,0.667127
0.07,0.12,0.332789,0.180314,0.486898,0.667211
0.07,0.13,0.332705,0.18024,0.487056,0.667295
0.07,0.14,0.33262,0.180166,0.487214,0.66738
0.07,0.15,0.332535,0.180092,0.487372,0.667465
0.07,0.16,0.33245,0.180019,0.48753,0.66755
0.07,0.17,0.332365,0.179947,0.487688,0.667635
0.07,0.18,0.332279,0.179874,0.487846,0.667721
0.07,0.19,0.332194,0.179802,0.488004,0.667806
0.07,0.2,0.332108,0.17973,0.488162,0.667892
0.07,0.21,0.332022,0.179658,0.48832,0.667978
0.07,0.22,0.331936,0.179587,0.488477,0.668064
0.07,0.23,0.33185,0.179516,0.488635,0.66815
0.07,0.24,0.331763,0.179445,0.488792,0.668237
0.07,0.25,0.331677,0.179375,0.488949,0.668323
0.07,0.26,0.33159,0.179304,0.489106,0.66841
0.07,0.27,0.331503,0.179234,0.489263,0.668497
0.07,0.28,0.331416,0.179165,0.489419,0.668584
0.07,0.29,0.331329,0.179095,0.489575,0.668671
0.07,0.3,0.331242,0.179026,0.489732,0.668758
0.07,0.31,0.331155,0.178957,0.489888,0.668845
0.07,0.32,0.331068,0.178889,0.490043,0.668932
0.07,0.33,0.330981,0.178821,0.490199,0.669019
0.07,0.34,0.330893,0.178753,0.490354,0.669107
0.07,0.35,0.330806,0.178685,0.490509,0.669194
0.07,0.36,0.330719,0.178617,0.490664,0.669281
0.07,0.37,0.330631,0.17855,0.490819,0.669369
0.07,0.38,0.330544,0.178483,0.490973,0.669456
0.07,0.39,0.330456,0.178417,0.491127,0.669544
0.07,0.4,0.330369,0.17835,0.491281,0.669631
0.07,0.41,0.330282,0.178284,0.491434,0.669718
0.07,0.42,0.330194,0.178218,0.491588,0.669806
0.07,0.43,0.330107,0.178152,0.491741,0.669893
0.07,0.44,0.33002,0.178087,0.491893,0.66998
0.07,0.45,0.329932,0.178022,0.492046,0.670068
0.07,0.46,0.329845,0.177957,0.492198,0.670155
0.07,0.47,0.329758,0.177893,0.49235,0.670242
0.07,0.48,0.329671,0.177828,0.492501,0.670329
0.07,0.49,0.329584,0.177764,0.492652,0.670416
0.07,0.5,0.329497,0.1777,0.492803,0.670503
0.07,0.51,0.32941,0.177637,0.492954,0.67059
0.07,0.52,0.329323,0.177573,0.493104,0.670677
0.07,0.53,0.329236,0.17751,0.493254,0.670764
0.07,0.54,0.329149,0.177447,0.493403,0.670851
0.07,0.55,0.329063,0.177385,0.493552,0.670937
0.07,0.56,0.328976,0.177323,0.493701,0.671024
0.07,0.57,0.32889,0.17726,0.49385,0.67111
0.07,0.58,0.328803,0.177199,0.493998,0.671197
0.07,0.59,0.328717,0.177137,0.494146,0.671283
0.07,0.6,0.328631,0.177076,0.494293,0.671369
0.07,0.61,0.328545,0.177015,0.49444,0.671455
0.07,0.62,0.328459,0.176954,0.494587,0.671541
0.07,0.63,0.328374,0.176893,0.494733,0.671626
0.07,0.64,0.328288,0.176833,0.494879,0.671712
0.07,0.65,0.328203,0.176772,0.495025,0.671797
0.07,0.66,0.328118,0.176712,0.49517,0.671882
0.07,0.67,0.328032,0.176653,0.495315,0.671968
0.07,0.68,0.327948,0.176593,0.495459,0.672052
0.07,0.69,0.327863,0.176534,0.495603,0.672137
0.07,0.7,0.327778,0.176475,0.495747,0.672222
0.07,0.71,0.327694,0.176416,0.49589,0.672306
0.07,0.72,0.327609,0.176358,0.496033,0.672391
0.07,0.73,0.327525,0.176299,0.496176,0.672475
0.07,0.74,0.327441,0.176241,0.496318,0.672559
0.07,0.75,0.327357,0.176183,0.496459,0.672643
0.07,0.76,0.327274,0.176126,0.496601,0.672726
0.07,0.77,0.32719,0.176068,0.496742,0.67281
0.07,0.78,0.327107,0.176011,0.496882,0.672893
0.07,0.79,0.327024,0.175954,0.497022,0.672976
0.07,0.8,0.326941,0.175897,0.497162,0.673059
0.07,0.81,0.326858,0.175841,0.497301,0.673142
0.07,0.82,0.326776,0.175784,0.49744,0.673224
0.07,0.83,0.326693,0.175728,0.497578,0.673307
0.07,0.84,0.326611,0.175672,0.497716,0.673389
0.07,0.85,0.326529,0.175617,0.497854,0.673471
0.07,0.86,0.326448,0.175561,0.497991,0.673552
0.07,0.87,0.326366,0.175506,0.498128,0.673634
0.07,0.88,0.326285,0.175451,0.498264,0.673715
0.07,0.89,0.326204,0.175396,0.4984,0.673796
0.07,0.9,0.326123,0.175341,0.498536,0.673877
0.07,0.91,0.326042,0.175287,0.498671,0.673958
0.07,0.92,0.325962,0.175233,0.498805,0.674038
0.07,0.93,0.325882,0.175179,0.49894,0.674118
0.07,0.94,0.325802,0.175125,0.499074,0.674198
0.07,0.95,0.325722,0.175071,0.499207,0.674278
0.07,0.96,0.325642,0.175018,0.49934,0.674358
0.07,0.97,0.325563,0.174965,0.499472,0.674437
0.07,0.98,0.325484,0.174912,0.499604,0.674516
0.07,0.99,0.325405,0.174859,0.499736,0.674595
0.07,1,0.325326,0.174806,0.499867,0.674674
0.08,0,0.341658,0.180094,0.478249,0.658342
0.08,0.01,0.341578,0.180015,0.478407,0.658422
0.08,0.02,0.341499,0.179936,0.478565,0.658501
0.08,0.03,0.341418,0.179858,0.478724,0.658582
0.08,0.04,0.341338,0.179779,0.478883,0.658662
0.08,0.05,0.341257,0.179702,0.479042,0.658743
0.08,0.06,0.341175,0.179624,0.479201,0.658825
0.08,0.07,0.341093,0.179547,0.47936,0.658907
0.08,0.08,0.341011,0.17947,0.479519,0.658989
0.08,0.09,0.340929,0.179394,0.479678,0.659071
0.08,0.1,0.340846,0.179317,0.479837,0.659154
0.08,0.11,0.340762,0.179241,0.479996,0.659238
0.08,0.12,0.340679,0.179166,0.480155,0.659321
0.08,0.13,0.340595,0.17909,0.480315,0.659405
0.08,0.14,0.340511,0.179015,0.480474,0.659489
0.08,0.15,0.340426,0.178941,0.480633,0.659574
0.08,0.16,0.340342,0.178866,0.480792,0.659658
0.08,0.17,0.340257,0.178792,0.480951,0.659743
0.08,0.18,0.340172,0.178718,0.48111,0.659828
0.08,0.19,0.340086,0.178645,0.481269,0.659914
0.08,0.2,0.340001,0.178572,0.481427,0.659999
0.08,0.21,0.339915,0.178499,0.481586,0.660085
0.08,0.22,0.339829,0.178426,0.481745,0.660171
0.08,0.23,0.339743,0.178354,0.481903,0.660257
0.08,0.24,0.339657,0.178282,0.482062,0.660343
0.08,0.25,0.33957,0.17821,0.48222,0.66043
0.08,0.26,0.339483,0.178139,0.482378,0.660517
0.08,0.27,0.339397,0.178068,0.482536,0.660603
0.08,0.28,0.33931,0.177997,0.482693,0.66069
0.08,0.29,0.339223,0.177926,0.482851,0.660777
0.08,0.3,0.339136,0.177856,0.483008,0.660864
0.08,0.31,0.339049,0.177786,0.483166,0.660951
0.08,0.32,0.338961,0.177716,0.483323,0.661039
0.08,0.33,0.338874,0.177647,0.483479,0.661126
0.08,0.34,0.338787,0.177577,0.483636,0.661213
0.08,0.35,0.338699,0.177508,0.483792,0.661301
0.08,0.36,0.338612,0.17744,0.483949,0.661388
0.08,0.37,0.338524,0.177371,0.484104,0.661476
0.08,0.38,0.338437,0.177303,0.48426,0.661563
0.08,0.39,0.338349,0.177236,0.484416,0.661651
0.08,0.4,0.338261,0.177168,0.484571,0.661739
0.08,0.41,0.338174,0.177101,0.484726,0.661826
0.08,0.42,0.338086,0.177034,0.48488,0.661914
0.08,0.43,0.337998,0.176967,0.485035,0.662002
0.08,0.44,0.337911,0.1769,0.485189,0.662089
0.08,0.45,0.337823,0.176834,0.485343,0.662177
0.08,0.46,0.337736,0.176768,0.485496,0.662264
0.08,0.47,0.337648,0.176703,0.485649,0.662352
0.08,0.48,0.337561,0.176637,0.485802,0.662439
0.08,0.49,0.337473,0.176572,0.485955,0.662527
0.08,0.5,0.337386,0.176507,0.486107,0.662614
0.08,0.51,0.337298,0.176443,0.486259,0.662702
0.08,0.52,0.337211,0.176378,0.486411,0.662789
0.08,0.53,0.337124,0.176314,0.486562,0.662876
0.08,0.54,0.337037,0.17625,0.486713,0.662963
0.08,0.55,0.33695,0.176186,0.486864,0.66305
0.08,0.56,0.336863,0.176123,0.487014,0.663137
0.08,0.57,0.336776,0.17606,0.487164,0.663224
0.08,0.58,0.336689,0.175997,0.487314,0.663311
0.08,0.59,0.336603,0.175934,0.487463,0.663397
