e1,e2,V,Rs,Rv,P
0,0,0.121013,0.238739,0.640249,0.878987
0,0.01,0.124198,0.238003,0.637799,0.875802
0,0.02,0.127449,0.237264,0.635287,0.872551
0,0.03,0.130766,0.236523,0.632711,0.869234
0,0.04,0.134147,0.23578,0.630073,0.865853
0,0.05,0.137592,0.235034,0.627374,0.862408
0,0.06,0.1411,0.234286,0.624614,0.8589
0,0.07,0.144669,0.233536,0.621796,0.855331
0,0.08,0.148296,0.232784,0.61892,0.851704
0,0.09,0.151981,0.23203,0.615989,0.848019
0,0.1,0.15572,0.231275,0.613006,0.84428
0,0.11,0.15951,0.230518,0.609972,0.84049
0,0.12,0.163348,0.22976,0.606892,0.836652
0,0.13,0.167231,0.229001,0.603768,0.832769
0,0.14,0.171154,0.228241,0.600605,0.828846
0,0.15,0.175113,0.22748,0.597407,0.824887
0,0.16,0.179102,0.22672,0.594178,0.820898
0,0.17,0.183116,0.225959,0.590925,0.816884
0,0.18,0.187149,0.225198,0.587653,0.812851
0,0.19,0.191195,0.224438,0.584367,0.808805
0,0.2,0.195247,0.223678,0.581075,0.804753
0,0.21,0.199297,0.222919,0.577784,0.800703
0,0.22,0.203338,0.222162,0.5745,0.796662
0,0.23,0.207362,0.221406,0.571232,0.792638
0,0.24,0.211361,0.220652,0.567988,0.788639
0,0.25,0.215325,0.2199,0.564775,0.784675
0,0.26,0.219246,0.21915,0.561603,0.780754
0,0.27,0.223116,0.218404,0.55848,0.776884
0,0.28,0.226925,0.217661,0.555414,0.773075
0,0.29,0.230664,0.216921,0.552415,0.769336
0,0.3,0.234325,0.216186,0.54949,0.765675
0,0.31,0.237898,0.215454,0.546647,0.762102
0,0.32,0.241377,0.214727,0.543896,0.758623
0,0.33,0.244753,0.214005,0.541242,0.755247
0,0.34,0.248019,0.213289,0.538692,0.751981
0,0.35,0.251168,0.212578,0.536254,0.748832
0,0.36,0.254194,0.211873,0.533933,0.745806
0,0.37,0.257093,0.211174,0.531734,0.742907
0,0.38,0.259859,0.210481,0.52966,0.740141
0,0.39,0.262489,0.209796,0.527715,0.737511
0,0.4,0.26498,0.209118,0.525902,0.73502
0,0.41,0.267332,0.208447,0.524222,0.732668
0,0.42,0.269541,0.207783,0.522676,0.730459
0,0.43,0.271609,0.207128,0.521263,0.728391
0,0.44,0.273536,0.20648,0.519983,0.726464
0,0.45,0.275324,0.205841,0.518835,0.724676
0,0.46,0.276974,0.20521,0.517815,0.723026
0,0.47,0.27849,0.204588,0.516922,0.72151
0,0.48,0.279875,0.203974,0.51615,0.720125
0,0.49,0.281133,0.20337,0.515497,0.718867
0,0.5,0.282268,0.202774,0.514958,0.717732
0,0.51,0.283285,0.202187,0.514528,0.716715
0,0.52,0.284189,0.201609,0.514201,0.715811
0,0.53,0.284986,0.201041,0.513974,0.715014
0,0.54,0.28568,0.200481,0.513839,0.71432
0,0.55,0.286277,0.199931,0.513793,0.713723
0,0.56,0.286782,0.199389,0.513828,0.713218
0,0.57,0.287202,0.198857,0.513941,0.712798
0,0.58,0.287542,0.198334,0.514124,0.712458
0,0.59,0.287807,0.19782,0.514374,0.712193
0,0.6,0.288001,0.197315,0.514684,0.711999
0,0.61,0.288132,0.196819,0.51505,0.711868
0,0.62,0.288202,0.196331,0.515467,0.711798
0,0.63,0.288217,0.195853,0.51593,0.711783
0,0.64,0.288182,0.195383,0.516435,0.711818
0,0.65,0.288101,0.194921,0.516978,0.711899
0,0.66,0.287977,0.194468,0.517555,0.712023
0,0.67,0.287815,0.194024,0.518161,0.712185
0,0.68,0.287618,0.193588,0.518794,0.712382
0,0.69,0.28739,0.193159,0.51945,0.71261
0,0.7,0.287134,0.192739,0.520127,0.712866
0,0.71,0.286853,0.192327,0.52082,0.713147
0,0.72,0.28655,0.191922,0.521528,0.71345
0,0.73,0.286226,0.191525,0.522248,0.713774
0,0.74,0.285886,0.191136,0.522978,0.714114
0,0.75,0.28553,0.190754,0.523716,0.71447
0,0.76,0.285161,0.190379,0.52446,0.714839
0,0.77,0.284782,0.190011,0.525207,0.715218
0,0.78,0.284392,0.18965,0.525957,0.715608
0,0.79,0.283995,0.189296,0.526709,0.716005
0,0.8,0.283592,0.188949,0.527459,0.716408
0,0.81,0.283183,0.188608,0.528208,0.716817
0,0.82,0.282771,0.188274,0.528955,0.717229
0,0.83,0.282357,0.187946,0.529698,0.717643
0,0.84,0.28194,0.187624,0.530436,0.71806
0,0.85,0.281523,0.187308,0.531169,0.718477
0,0.86,0.281106,0.186998,0.531896,0.718894
0,0.87,0.28069,0.186694,0.532616,0.71931
0,0.88,0.280275,0.186396,0.533329,0.719725
0,0.89,0.279863,0.186103,0.534034,0.720137
0,0.9,0.279453,0.185815,0.534731,0.720547
0,0.91,0.279047,0.185533,0.53542,0.720953
0,0.92,0.278644,0.185256,0.5361,0.721356
0,0.93,0.278245,0.184984,0.536771,0.721755
0,0.94,0.27785,0.184717,0.537432,0.72215
0,0.95,0.27746,0.184455,0.538084,0.72254
0,0.96,0.277075,0.184198,0.538727,0.722925
0,0.97,0.276695,0.183945,0.539359,0.723305
0,0.98,0.27632,0.183697,0.539982,0.72368
0,0.99,0.275951,0.183454,0.540595,0.724049
0,1,0.275587,0.183215,0.541198,0.724413
0.01,0,0.121122,0.23843,0.640448,0.878878
0.01,0.01,0.124335,0.237688,0.637976,0.875665
0.01,0.02,0.127617,0.236944,0.635439,0.872383
0.01,0.03,0.130968,0.236197,0.632836,0.869032
0.01,0.04,0.134385,0.235447,0.630168,0.865615
0.01,0.05,0.13787,0.234694,0.627435,0.86213
0.01,0.06,0.141421,0.23394,0.62464,0.858579
0.01,0.07,0.145036,0.233183,0.621782,0.854964
0.01,0.08,0.148714,0.232423,0.618863,0.851286
0.01,0.09,0.152452,0.231662,0.615885,0.847548
0.01,0.1,0.156249,0.2309,0.612851,0.843751
0.01,0.11,0.160102,0.230135,0.609763,0.839898
0.01,0.12,0.164008,0.229369,0.606623,0.835992
0.01,0.13,0.167962,0.228602,0.603436,0.832038
0.01,0.14,0.171962,0.227834,0.600204,0.828038
0.01,0.15,0.176003,0.227065,0.596932,0.823997
0.01,0.16,0.180079,0.226296,0.593625,0.819921
0.01,0.17,0.184186,0.225526,0.590288,0.815814
0.01,0.18,0.188318,0.224756,0.586926,0.811682
0.01,0.19,0.192468,0.223986,0.583546,0.807532
0.01,0.2,0.19663,0.223217,0.580153,0.80337
0.01,0.21,0.200796,0.222448,0.576756,0.799204
0.01,0.22,0.204959,0.22168,0.573361,0.795041
0.01,0.23,0.20911,0.220914,0.569976,0.79089
0.01,0.24,0.213241,0.22015,0.566609,0.786759
0.01,0.25,0.217344,0.219387,0.563269,0.782656
0.01,0.26,0.221408,0.218627,0.559965,0.778592
0.01,0.27,0.225426,0.217869,0.556705,0.774574
0.01,0.28,0.229387,0.217115,0.553498,0.770613
0.01,0.29,0.233283,0.216364,0.550354,0.766717
0.01,0.3,0.237103,0.215616,0.54728,0.762897
0.01,0.31,0.24084,0.214873,0.544287,0.75916
0.01,0.32,0.244483,0.214134,0.541382,0.755517
0.01,0.33,0.248026,0.2134,0.538574,0.751974
0.01,0.34,0.251459,0.212671,0.53587,0.748541
0.01,0.35,0.254776,0.211948,0.533276,0.745224
0.01,0.36,0.257969,0.21123,0.5308,0.742031
0.01,0.37,0.261034,0.210519,0.528447,0.738966
0.01,0.38,0.263964,0.209814,0.526222,0.736036
0.01,0.39,0.266755,0.209116,0.524129,0.733245
0.01,0.4,0.269405,0.208425,0.52217,0.730595
0.01,0.41,0.27191,0.207741,0.520349,0.72809
0.01,0.42,0.274269,0.207065,0.518666,0.725731
0.01,0.43,0.276481,0.206397,0.517121,0.723519
0.01,0.44,0.278547,0.205737,0.515715,0.721453
0.01,0.45,0.280468,0.205086,0.514446,0.719532
0.01,0.46,0.282245,0.204442,0.513312,0.717755
0.01,0.47,0.283882,0.203808,0.51231,0.716118
0.01,0.48,0.285381,0.203182,0.511437,0.714619
0.01,0.49,0.286746,0.202565,0.510688,0.713254
0.01,0.5,0.287982,0.201958,0.51006,0.712018
0.01,0.51,0.289094,0.201359,0.509547,0.710906
0.01,0.52,0.290086,0.20077,0.509145,0.709914
0.01,0.53,0.290963,0.20019,0.508847,0.709037
0.01,0.54,0.291733,0.199619,0.508648,0.708267
0.01,0.55,0.292399,0.199057,0.508544,0.707601
0.01,0.56,0.292968,0.198505,0.508526,0.707032
0.01,0.57,0.293446,0.197962,0.508591,0.706554
0.01,0.58,0.293839,0.197429,0.508732,0.706161
0.01,0.59,0.294151,0.196905,0.508944,0.705849
0.01,0.6,0.294389,0.196389,0.509221,0.705611
0.01,0.61,0.294558,0.195883,0.509558,0.705442
0.01,0.62,0.294663,0.195386,0.50995,0.705337
0.01,0.63,0.29471,0.194898,0.510392,0.70529
0.01,0.64,0.294702,0.194419,0.510879,0.705298
0.01,0.65,0.294644,0.193949,0.511406,0.705356
0.01,0.66,0.294542,0.193487,0.511971,0.705458
0.01,0.67,0.294398,0.193034,0.512567,0.705602
0.01,0.68,0.294217,0.19259,0.513193,0.705783
0.01,0.69,0.294003,0.192154,0.513844,0.705997
0.01,0.7,0.293758,0.191725,0.514517,0.706242
0.01,0.71,0.293486,0.191305,0.515208,0.706514
0.01,0.72,0.29319,0.190893,0.515916,0.70681
0.01,0.73,0.292873,0.190489,0.516638,0.707127
0.01,0.74,0.292537,0.190093,0.51737,0.707463
0.01,0.75,0.292185,0.189704,0.518111,0.707815
0.01,0.76,0.291819,0.189322,0.518859,0.708181
0.01,0.77,0.29144,0.188948,0.519612,0.70856
0.01,0.78,0.291051,0.188581,0.520368,0.708949
0.01,0.79,0.290653,0.18822,0.521126,0.709347
0.01,0.8,0.290249,0.187867,0.521884,0.709751
0.01,0.81,0.289839,0.187521,0.522641,0.710161
0.01,0.82,0.289424,0.187181,0.523395,0.710576
0.01,0.83,0.289006,0.186847,0.524147,0.710994
0.01,0.84,0.288587,0.18652,0.524894,0.711413
0.01,0.85,0.288166,0.186199,0.525635,0.711834
0.01,0.86,0.287745,0.185884,0.526371,0.712255
0.01,0.87,0.287325,0.185575,0.527101,0.712675
0.01,0.88,0.286906,0.185271,0.527823,0.713094
0.01,0.89,0.286489,0.184974,0.528537,0.713511
0.01,0.9,0.286074,0.184682,0.529244,0.713926
0.01,0.91,0.285663,0.184395,0.529942,0.714337
0.01,0.92,0.285255,0.184114,0.530631,0.714745
0.01,0.93,0.284851,0.183838,0.531311,0.715149
0.01,0.94,0.284451,0.183567,0.531982,0.715549
0.01,0.95,0.284056,0.183301,0.532643,0.715944
0.01,0.96,0.283666,0.18304,0.533294,0.716334
0.01,0.97,0.283281,0.182784,0.533936,0.716719
0.01,0.98,0.282901,0.182532,0.534567,0.717099
0.01,0.99,0.282526,0.182285,0.535189,0.717474
0.01,1,0.282157,0.182042,0.5358,0.717843
0.02,0,0.121207,0.238125,0.640668,0.878793
0.02,0.01,0.124447,0.237377,0.638176,0.875553
0.02,0.02,0.127758,0.236627,0.635615,0.872242
0.02,0.03,0.13114,0.235874,0.632986,0.86886
0.02,0.04,0.134593,0.235117,0.63029,0.865407
0.02,0.05,0.138116,0.234359,0.627526,0.861884
0.02,0.06,0.141707,0.233597,0.624696,0.858293
0.02,0.07,0.145366,0.232833,0.6218,0.854634
0.02,0.08,0.149092,0.232067,0.61884,0.850908
0.02,0.09,0.152883,0.231299,0.615818,0.847117
0.02,0.1,0.156736,0.230529,0.612735,0.843264
0.02,0.11,0.160649,0.229757,0.609594,0.839351
0.02,0.12,0.16462,0.228983,0.606397,0.83538
0.02,0.13,0.168644,0.228208,0.603148,0.831356
0.02,0.14,0.172719,0.227432,0.59985,0.827281
0.02,0.15,0.176839,0.226654,0.596506,0.823161
0.02,0.16,0.181001,0.225876,0.593123,0.818999
0.02,0.17,0.1852,0.225097,0.589703,0.8148
0.02,0.18,0.189428,0.224318,0.586254,0.810572
0.02,0.19,0.193681,0.223539,0.58278,0.806319
0.02,0.2,0.197951,0.22276,0.579289,0.802049
0.02,0.21,0.202232,0.221981,0.575787,0.797768
0.02,0.22,0.206515,0.221204,0.572281,0.793485
0.02,0.23,0.210793,0.220427,0.56878,0.789207
0.02,0.24,0.215057,0.219652,0.565291,0.784943
0.02,0.25,0.219297,0.218879,0.561824,0.780703
0.02,0.26,0.223506,0.218108,0.558387,0.776494
0.02,0.27,0.227672,0.217339,0.554989,0.772328
0.02,0.28,0.231787,0.216573,0.55164,0.768213
0.02,0.29,0.235841,0.21581,0.548348,0.764159
0.02,0.3,0.239824,0.215051,0.545125,0.760176
0.02,0.31,0.243727,0.214296,0.541977,0.756273
0.02,0.32,0.247539,0.213545,0.538916,0.752461
0.02,0.33,0.251252,0.212799,0.535949,0.748748
0.02,0.34,0.254858,0.212057,0.533085,0.745142
0.02,0.35,0.258347,0.211322,0.530331,0.741653
0.02,0.36,0.261714,0.210591,0.527695,0.738286
0.02,0.37,0.26495,0.209867,0.525182,0.73505
0.02,0.38,0.268051,0.20915,0.522799,0.731949
0.02,0.39,0.271011,0.208439,0.52055,0.728989
0.02,0.4,0.273825,0.207735,0.518439,0.726175
0.02,0.41,0.276492,0.207039,0.516469,0.723508
0.02,0.42,0.279008,0.20635,0.514642,0.720992
0.02,0.43,0.281373,0.205669,0.512958,0.718627
0.02,0.44,0.283586,0.204996,0.511418,0.716414
0.02,0.45,0.285648,0.204332,0.51002,0.714352
0.02,0.46,0.28756,0.203676,0.508764,0.71244
0.02,0.47,0.289325,0.203029,0.507646,0.710675
0.02,0.48,0.290946,0.202391,0.506664,0.709054
0.02,0.49,0.292426,0.201761,0.505812,0.707574
0.02,0.5,0.29377,0.201142,0.505088,0.70623
0.02,0.51,0.294983,0.200531,0.504486,0.705017
0.02,0.52,0.296069,0.19993,0.504001,0.703931
0.02,0.53,0.297035,0.199338,0.503627,0.702965
0.02,0.54,0.297885,0.198756,0.503359,0.702115
0.02,0.55,0.298627,0.198183,0.503191,0.701373
0.02,0.56,0.299265,0.197619,0.503116,0.700735
0.02,0.57,0.299806,0.197066,0.503129,0.700194
0.02,0.58,0.300256,0.196521,0.503223,0.699744
0.02,0.59,0.30062,0.195986,0.503393,0.69938
0.02,0.6,0.300905,0.195461,0.503633,0.699095
0.02,0.61,0.301117,0.194945,0.503938,0.698883
0.02,0.62,0.30126,0.194438,0.504302,0.69874
0.02,0.63,0.301341,0.193941,0.504719,0.698659
0.02,0.64,0.301363,0.193452,0.505185,0.698637
0.02,0.65,0.301332,0.192973,0.505695,0.698668
0.02,0.66,0.301253,0.192502,0.506245,0.698747
0.02,0.67,0.30113,0.19204,0.50683,0.69887
0.02,0.68,0.300967,0.191587,0.507446,0.699033
0.02,0.69,0.300768,0.191142,0.50809,0.699232
0.02,0.7,0.300536,0.190706,0.508757,0.699464
0.02,0.71,0.300275,0.190278,0.509446,0.699725
0.02,0.72,0.299989,0.189859,0.510153,0.700011
0.02,0.73,0.299679,0.189447,0.510874,0.700321
0.02,0.74,0.299349,0.189043,0.511608,0.700651
0.02,0.75,0.299001,0.188647,0.512352,0.700999
0.02,0.76,0.298638,0.188259,0.513104,0.701362
0.02,0.77,0.298261,0.187878,0.513861,0.701739
0.02,0.78,0.297873,0.187504,0.514623,0.702127
0.02,0.79,0.297476,0.187137,0.515386,0.702524
0.02,0.8,0.297071,0.186778,0.516151,0.702929
0.02,0.81,0.29666,0.186425,0.516915,0.70334
0.02,0.82,0.296243,0.18608,0.517677,0.703757
0.02,0.83,0.295823,0.18574,0.518436,0.704177
0.02,0.84,0.295401,0.185408,0.519192,0.704599
0.02,0.85,0.294977,0.185081,0.519942,0.705023
0.02,0.86,0.294552,0.184761,0.520687,0.705448
0.02,0.87,0.294128,0.184447,0.521425,0.705872
0.02,0.88,0.293705,0.184139,0.522156,0.706295
0.02,0.89,0.293283,0.183837,0.52288,0.706717
0.02,0.9,0.292864,0.18354,0.523596,0.707136
0.02,0.91,0.292448,0.183249,0.524303,0.707552
0.02,0.92,0.292036,0.182963,0.525001,0.707964
0.02,0.93,0.291627,0.182683,0.52569,0.708373
0.02,0.94,0.291222,0.182408,0.52637,0.708778
0.02,0.95,0.290822,0.182138,0.52704,0.709178
0.02,0.96,0.290427,0.181873,0.5277,0.709573
0.02,0.97,0.290037,0.181613,0.52835,0.709963
0.02,0.98,0.289652,0.181357,0.528991,0.710348
0.02,0.99,0.289273,0.181107,0.529621,0.710727
0.02,1,0.288899,0.180861,0.530241,0.711101
0.03,0,0.121269,0.237823,0.640908,0.878731
0.03,0.01,0.124534,0.23707,0.638396,0.875466
0.03,0.02,0.127873,0.236314,0.635814,0.872127
0.03,0.03,0.131285,0.235554,0.633161,0.868715
0.03,0.04,0.134771,0.234792,0.630437,0.865229
0.03,0.05,0.138329,0.234027,0.627644,0.861671
0.03,0.06,0.14196,0.233259,0.624782,0.85804
0.03,0.07,0.145661,0.232488,0.62185,0.854339
0.03,0.08,0.149433,0.231715,0.618852,0.850567
0.03,0.09,0.153274,0.23094,0.615786,0.846726
0.03,0.1,0.157181,0.230162,0.612657,0.842819
0.03,0.11,0.161152,0.229383,0.609465,0.838848
0.03,0.12,0.165185,0.228601,0.606213,0.834815
0.03,0.13,0.169277,0.227818,0.602904,0.830723
0.03,0.14,0.173425,0.227034,0.599542,0.826575
0.03,0.15,0.177623,0.226248,0.596129,0.822377
0.03,0.16,0.181868,0.225461,0.592671,0.818132
0.03,0.17,0.186155,0.224673,0.589172,0.813845
0.03,0.18,0.190479,0.223885,0.585637,0.809521
0.03,0.19,0.194832,0.223096,0.582072,0.805168
0.03,0.2,0.199209,0.222308,0.578483,0.800791
0.03,0.21,0.203603,0.22152,0.574878,0.796397
0.03,0.22,0.208006,0.220732,0.571263,0.791994
0.03,0.23,0.212409,0.219945,0.567646,0.787591
0.03,0.24,0.216804,0.219159,0.564036,0.783196
0.03,0.25,0.221183,0.218375,0.560442,0.778817
0.03,0.26,0.225535,0.217593,0.556872,0.774465
0.03,0.27,0.229851,0.216813,0.553335,0.770149
0.03,0.28,0.234122,0.216036,0.549843,0.765878
0.03,0.29,0.238335,0.215262,0.546403,0.761665
0.03,0.3,0.242483,0.214491,0.543027,0.757517
0.03,0.31,0.246554,0.213723,0.539723,0.753446
0.03,0.32,0.250538,0.21296,0.536502,0.749462
0.03,0.33,0.254426,0.212202,0.533372,0.745574
0.03,0.34,0.258208,0.211448,0.530344,0.741792
0.03,0.35,0.261876,0.210699,0.527425,0.738124
0.03,0.36,0.265421,0.209956,0.524623,0.734579
0.03,0.37,0.268836,0.209219,0.521945,0.731164
0.03,0.38,0.272114,0.208489,0.519397,0.727886
0.03,0.39,0.275249,0.207765,0.516986,0.724751
0.03,0.4,0.278236,0.207048,0.514716,0.721764
0.03,0.41,0.281072,0.206338,0.51259,0.718928
0.03,0.42,0.283753,0.205637,0.51061,0.716247
0.03,0.43,0.286279,0.204943,0.508779,0.713721
0.03,0.44,0.288647,0.204257,0.507097,0.711353
0.03,0.45,0.290858,0.203579,0.505563,0.709142
0.03,0.46,0.292913,0.202911,0.504176,0.707087
0.03,0.47,0.294815,0.202251,0.502935,0.705185
0.03,0.48,0.296565,0.2016,0.501835,0.703435
0.03,0.49,0.298168,0.200958,0.500874,0.701832
0.03,0.5,0.299628,0.200326,0.500046,0.700372
0.03,0.51,0.300949,0.199703,0.499348,0.699051
0.03,0.52,0.302137,0.199089,0.498774,0.697863
0.03,0.53,0.303197,0.198485,0.498318,0.696803
0.03,0.54,0.304135,0.197891,0.497974,0.695865
0.03,0.55,0.304957,0.197307,0.497736,0.695043
0.03,0.56,0.30567,0.196732,0.497598,0.69433
0.03,0.57,0.306279,0.196167,0.497554,0.693721
0.03,0.58,0.306792,0.195612,0.497597,0.693208
0.03,0.59,0.307213,0.195066,0.497721,0.692787
0.03,0.6,0.30755,0.19453,0.49792,0.69245
0.03,0.61,0.307808,0.194004,0.498188,0.692192
0.03,0.62,0.307993,0.193487,0.49852,0.692007
0.03,0.63,0.308111,0.192979,0.49891,0.691889
0.03,0.64,0.308167,0.192481,0.499352,0.691833
0.03,0.65,0.308166,0.191992,0.499842,0.691834
0.03,0.66,0.308113,0.191512,0.500375,0.691887
0.03,0.67,0.308013,0.191041,0.500946,0.691987
0.03,0.68,0.30787,0.190579,0.50155,0.69213
0.03,0.69,0.307688,0.190126,0.502185,0.692312
0.03,0.7,0.307471,0.189682,0.502847,0.692529
0.03,0.71,0.307223,0.189246,0.503531,0.692777
0.03,0.72,0.306947,0.188818,0.504235,0.693053
0.03,0.73,0.306646,0.188399,0.504955,0.693354
0.03,0.74,0.306323,0.187988,0.505689,0.693677
0.03,0.75,0.305981,0.187584,0.506435,0.694019
0.03,0.76,0.305622,0.187189,0.507189,0.694378
0.03,0.77,0.305249,0.186801,0.50795,0.694751
0.03,0.78,0.304863,0.18642,0.508717,0.695137
0.03,0.79,0.304467,0.186047,0.509486,0.695533
0.03,0.8,0.304062,0.185682,0.510257,0.695938
0.03,0.81,0.30365,0.185323,0.511027,0.69635
0.03,0.82,0.303232,0.184971,0.511797,0.696768
0.03,0.83,0.302811,0.184626,0.512563,0.697189
0.03,0.84,0.302386,0.184288,0.513327,0.697614
0.03,0.85,0.301959,0.183956,0.514085,0.698041
0.03,0.86,0.301531,0.18363,0.514838,0.698469
0.03,0.87,0.301104,0.183311,0.515585,0.698896
0.03,0.88,0.300677,0.182998,0.516325,0.699323
0.03,0.89,0.300251,0.182691,0.517058,0.699749
0.03,0.9,0.299828,0.182389,0.517783,0.700172
0.03,0.91,0.299408,0.182093,0.518499,0.700592
0.03,0.92,0.298991,0.181803,0.519206,0.701009
0.03,0.93,0.298577,0.181519,0.519904,0.701423
0.03,0.94,0.298168,0.181239,0.520593,0.701832
0.03,0.95,0.297763,0.180965,0.521271,0.702237
0.03,0.96,0.297363,0.180696,0.52194,0.702637
0.03,0.97,0.296968,0.180432,0.522599,0.703032
0.03,0.98,0.296579,0.180173,0.523248,0.703421
0.03,0.99,0.296194,0.179919,0.523887,0.703806
0.03,1,0.295816,0.179669,0.524515,0.704184
0.04,0,0.121308,0.237525,0.641167,0.878692
0.04,0.01,0.124597,0.236766,0.638637,0.875403
0.04,0.02,0.127962,0.236004,0.636034,0.872038
0.04,0.03,0.131403,0.235239,0.633359,0.868597
0.04,0.04,0.134919,0.23447,0.63061,0.865081
0.04,0.05,0.138512,0.233699,0.62779,0.861488
0.04,0.06,0.14218,0.232924,0.624896,0.85782
0.04,0.07,0.145922,0.232147,0.621931,0.854078
0.04,0.08,0.149738,0.231367,0.618895,0.850262
0.04,0.09,0.153626,0.230585,0.61579,0.846374
0.04,0.1,0.157584,0.2298,0.612616,0.842416
0.04,0.11,0.161612,0.229013,0.609376,0.838388
0.04,0.12,0.165705,0.228224,0.606071,0.834295
0.04,0.13,0.169862,0.227433,0.602705,0.830138
0.04,0.14,0.17408,0.22664,0.59928,0.82592
0.04,0.15,0.178354,0.225846,0.595801,0.821646
0.04,0.16,0.18268,0.22505,0.59227,0.81732
0.04,0.17,0.187053,0.224254,0.588693,0.812947
0.04,0.18,0.191469,0.223456,0.585075,0.808531
0.04,0.19,0.195921,0.222659,0.58142,0.804079
0.04,0.2,0.200403,0.22186,0.577736,0.799597
0.04,0.21,0.204908,0.221062,0.574029,0.795092
0.04,0.22,0.209429,0.220265,0.570307,0.790571
0.04,0.23,0.213956,0.219468,0.566576,0.786044
0.04,0.24,0.218483,0.218671,0.562846,0.781517
0.04,0.25,0.222999,0.217877,0.559125,0.777001
0.04,0.26,0.227495,0.217083,0.555422,0.772505
0.04,0.27,0.23196,0.216292,0.551747,0.76804
0.04,0.28,0.236386,0.215503,0.54811,0.763614
0.04,0.29,0.240761,0.214717,0.544521,0.759239
0.04,0.3,0.245075,0.213935,0.540991,0.754925
0.04,0.31,0.249317,0.213155,0.537528,0.750683
0.04,0.32,0.253476,0.21238,0.534145,0.746524
0.04,0.33,0.257542,0.211609,0.530849,0.742458
0.04,0.34,0.261505,0.210842,0.527653,0.738495
0.04,0.35,0.265356,0.210081,0.524563,0.734644
0.04,0.36,0.269085,0.209325,0.52159,0.730915
0.04,0.37,0.272684,0.208575,0.518741,0.727316
0.04,0.38,0.276145,0.207831,0.516023,0.723855
0.04,0.39,0.279462,0.207094,0.513443,0.720538
0.04,0.4,0.28263,0.206364,0.511006,0.71737
0.04,0.41,0.285643,0.205641,0.508716,0.714357
0.04,0.42,0.288497,0.204926,0.506577,0.711503
0.04,0.43,0.291191,0.204219,0.50459,0.708809
0.04,0.44,0.293723,0.20352,0.502758,0.706277
0.04,0.45,0.296092,0.202829,0.501079,0.703908
0.04,0.46,0.298299,0.202147,0.499554,0.701701
0.04,0.47,0.300345,0.201474,0.498181,0.699655
0.04,0.48,0.302234,0.20081,0.496956,0.697766
0.04,0.49,0.303968,0.200155,0.495877,0.696032
0.04,0.5,0.305551,0.19951,0.494939,0.694449
0.04,0.51,0.306989,0.198875,0.494137,0.693011
0.04,0.52,0.308285,0.198249,0.493466,0.691715
0.04,0.53,0.309447,0.197632,0.492921,0.690553
0.04,0.54,0.310479,0.197026,0.492494,0.689521
0.04,0.55,0.311389,0.19643,0.492181,0.688611
0.04,0.56,0.312182,0.195843,0.491974,0.687818
0.04,0.57,0.312866,0.195267,0.491867,0.687134
0.04,0.58,0.313446,0.1947,0.491854,0.686554
0.04,0.59,0.313929,0.194143,0.491927,0.686071
0.04,0.6,0.314322,0.193596,0.492081,0.685678
0.04,0.61,0.314631,0.193059,0.492309,0.685369
0.04,0.62,0.314862,0.192532,0.492606,0.685138
0.04,0.63,0.315021,0.192014,0.492964,0.684979
0.04,0.64,0.315114,0.191506,0.49338,0.684886
0.04,0.65,0.315146,0.191007,0.493846,0.684854
0.04,0.66,0.315123,0.190518,0.494359,0.684877
0.04,0.67,0.315048,0.190038,0.494914,0.684952
0.04,0.68,0.314928,0.189567,0.495505,0.685072
0.04,0.69,0.314765,0.189105,0.496129,0.685235
0.04,0.7,0.314566,0.188652,0.496782,0.685434
0.04,0.71,0.314332,0.188208,0.49746,0.685668
0.04,0.72,0.314068,0.187772,0.49816,0.685932
0.04,0.73,0.313778,0.187345,0.498877,0.686222
0.04,0.74,0.313463,0.186926,0.499611,0.686537
0.04,0.75,0.313128,0.186515,0.500357,0.686872
0.04,0.76,0.312775,0.186112,0.501113,0.687225
0.04,0.77,0.312406,0.185717,0.501877,0.687594
0.04,0.78,0.312023,0.18533,0.502647,0.687977
0.04,0.79,0.311629,0.18495,0.503421,0.688371
0.04,0.8,0.311225,0.184578,0.504197,0.688775
0.04,0.81,0.310813,0.184213,0.504974,0.689187
0.04,0.82,0.310395,0.183855,0.50575,0.689605
0.04,0.83,0.309972,0.183504,0.506524,0.690028
0.04,0.84,0.309546,0.18316,0.507295,0.690454
0.04,0.85,0.309117,0.182822,0.508061,0.690883
0.04,0.86,0.308686,0.182491,0.508822,0.691314
0.04,0.87,0.308256,0.182167,0.509578,0.691744
0.04,0.88,0.307825,0.181848,0.510326,0.692175
0.04,0.89,0.307397,0.181536,0.511067,0.692603
0.04,0.9,0.30697,0.18123,0.511801,0.69303
0.04,0.91,0.306545,0.180929,0.512526,0.693455
0.04,0.92,0.306124,0.180635,0.513242,0.693876
0.04,0.93,0.305706,0.180345,0.513948,0.694294
0.04,0.94,0.305292,0.180062,0.514646,0.694708
0.04,0.95,0.304883,0.179783,0.515333,0.695117
0.04,0.96,0.304479,0.17951,0.516011,0.695521
0.04,0.97,0.304079,0.179242,0.516679,0.695921
0.04,0.98,0.303685,0.178979,0.517336,0.696315
0.04,0.99,0.303296,0.178721,0.517983,0.696704
0.04,1,0.302913,0.178468,0.518619,0.697087
0.05,0,0.121326,0.23723,0.641444,0.878674
0.05,0.01,0.124637,0.236466,0.638897,0.875363
0.05,0.02,0.128027,0.235698,0.636276,0.871973
0.05,0.03,0.131494,0.234927,0.633579,0.868506
0.05,0.04,0.13504,0.234152,0.630808,0.86496
0.05,0.05,0.138665,0.233374,0.627961,0.861335
0.05,0.06,0.142368,0.232593,0.625039,0.857632
0.05,0.07,0.146148,0.23181,0.622042,0.853852
0.05,0.08,0.150006,0.231023,0.618971,0.849994
0.05,0.09,0.153939,0.230234,0.615827,0.846061
0.05,0.1,0.157947,0.229441,0.612611,0.842053
0.05,0.11,0.162028,0.228647,0.609325,0.837972
0.05,0.12,0.16618,0.22785,0.60597,0.83382
0.05,0.13,0.1704,0.227051,0.602549,0.8296
0.05,0.14,0.174685,0.226251,0.599064,0.825315
0.05,0.15,0.179032,0.225448,0.59552,0.820968
0.05,0.16,0.183436,0.224644,0.59192,0.816564
0.05,0.17,0.187894,0.223839,0.588267,0.812106
0.05,0.18,0.1924,0.223033,0.584568,0.8076
0.05,0.19,0.196948,0.222225,0.580826,0.803052
0.05,0.2,0.201533,0.221418,0.577049,0.798467
0.05,0.21,0.206147,0.22061,0.573243,0.793853
0.05,0.22,0.210783,0.219802,0.569414,0.789217
0.05,0.23,0.215434,0.218995,0.565571,0.784566
0.05,0.24,0.22009,0.218188,0.561722,0.77991
0.05,0.25,0.224742,0.217383,0.557875,0.775258
0.05,0.26,0.229381,0.216579,0.554041,0.770619
0.05,0.27,0.233996,0.215776,0.550228,0.766004
0.05,0.28,0.238578,0.214976,0.546446,0.761422
0.05,0.29,0.243115,0.214178,0.542707,0.756885
0.05,0.3,0.247596,0.213383,0.539021,0.752404
0.05,0.31,0.25201,0.212592,0.535398,0.74799
0.05,0.32,0.256347,0.211804,0.531849,0.743653
0.05,0.33,0.260594,0.21102,0.528385,0.739406
0.05,0.34,0.264742,0.210241,0.525017,0.735258
0.05,0.35,0.26878,0.209467,0.521753,0.73122
0.05,0.36,0.272698,0.208698,0.518604,0.727302
0.05,0.37,0.276487,0.207935,0.515578,0.723513
0.05,0.38,0.280138,0.207178,0.512684,0.719862
0.05,0.39,0.283645,0.206427,0.509928,0.716355
0.05,0.4,0.286999,0.205684,0.507317,0.713001
0.05,0.41,0.290197,0.204947,0.504856,0.709803
0.05,0.42,0.293232,0.204219,0.502549,0.706768
0.05,0.43,0.296103,0.203498,0.500399,0.703897
0.05,0.44,0.298807,0.202785,0.498408,0.701193
0.05,0.45,0.301342,0.202081,0.496577,0.698658
0.05,0.46,0.30371,0.201385,0.494905,0.69629
0.05,0.47,0.30591,0.200699,0.493391,0.69409
0.05,0.48,0.307946,0.200022,0.492033,0.692054
0.05,0.49,0.309819,0.199354,0.490827,0.690181
0.05,0.5,0.311535,0.198696,0.48977,0.688465
0.05,0.51,0.313096,0.198047,0.488857,0.686904
0.05,0.52,0.31451,0.197408,0.488082,0.68549
0.05,0.53,0.315781,0.19678,0.48744,0.684219
0.05,0.54,0.316915,0.196161,0.486924,0.683085
0.05,0.55,0.317919,0.195552,0.486529,0.682081
0.05,0.56,0.318799,0.194954,0.486247,0.681201
0.05,0.57,0.319563,0.194365,0.486072,0.680437
0.05,0.58,0.320217,0.193787,0.485997,0.679783
0.05,0.59,0.320767,0.193219,0.486014,0.679233
0.05,0.6,0.321222,0.192661,0.486118,0.678778
0.05,0.61,0.321586,0.192112,0.486301,0.678414
0.05,0.62,0.321868,0.191574,0.486558,0.678132
0.05,0.63,0.322072,0.191046,0.486882,0.677928
0.05,0.64,0.322205,0.190528,0.487267,0.677795
0.05,0.65,0.322274,0.190019,0.487707,0.677726
0.05,0.66,0.322282,0.18952,0.488198,0.677718
0.05,0.67,0.322236,0.189031,0.488733,0.677764
0.05,0.68,0.322141,0.18855,0.489309,0.677859
0.05,0.69,0.322001,0.188079,0.48992,0.677999
0.05,0.7,0.32182,0.187617,0.490562,0.67818
0.05,0.71,0.321604,0.187165,0.491232,0.678396
0.05,0.72,0.321354,0.18672,0.491925,0.678646
0.05,0.73,0.321076,0.186285,0.492639,0.678924
0.05,0.74,0.320772,0.185858,0.49337,0.679228
0.05,0.75,0.320445,0.18544,0.494116,0.679555
0.05,0.76,0.320098,0.185029,0.494872,0.679902
0.05,0.77,0.319735,0.184627,0.495638,0.680265
0.05,0.78,0.319356,0.184233,0.496411,0.680644
0.05,0.79,0.318965,0.183846,0.497189,0.681035
0.05,0.8,0.318563,0.183467,0.49797,0.681437
0.05,0.81,0.318152,0.183096,0.498752,0.681848
0.05,0.82,0.317735,0.182731,0.499534,0.682265
0.05,0.83,0.317311,0.182374,0.500315,0.682689
0.05,0.84,0.316884,0.182024,0.501092,0.683116
0.05,0.85,0.316453,0.181681,0.501866,0.683547
0.05,0.86,0.316021,0.181344,0.502635,0.683979
0.05,0.87,0.315588,0.181014,0.503398,0.684412
0.05,0.88,0.315155,0.18069,0.504155,0.684845
0.05,0.89,0.314723,0.180373,0.504904,0.685277
0.05,0.9,0.314292,0.180062,0.505646,0.685708
0.05,0.91,0.313864,0.179756,0.506379,0.686136
0.05,0.92,0.313439,0.179457,0.507104,0.686561
0.05,0.93,0.313017,0.179163,0.507819,0.686983
0.05,0.94,0.3126,0.178875,0.508525,0.6874
0.05,0.95,0.312186,0.178592,0.509221,0.687814
0.05,0.96,0.311777,0.178315,0.509908,0.688223
0.05,0.97,0.311373,0.178043,0.510584,0.688627
0.05,0.98,0.310975,0.177776,0.511249,0.689025
0.05,0.99,0.310582,0.177514,0.511904,0.689418
0.05,1,0.310194,0.177257,0.512549,0.689806
0.06,0,0.121323,0.236939,0.641738,0.878677
0.06,0.01,0.124655,0.236169,0.639176,0.875345
0.06,0.02,0.128067,0.235395,0.636537,0.871933
0.06,0.03,0.13156,0.234618,0.633822,0.86844
0.06,0.04,0.135134,0.233838,0.631028,0.864866
0.06,0.05,0.138789,0.233054,0.628157,0.861211
0.06,0.06,0.142525,0.232267,0.625209,0.857475
0.06,0.07,0.146342,0.231476,0.622182,0.853658
0.06,0.08,0.150239,0.230683,0.619078,0.849761
0.06,0.09,0.154216,0.229887,0.615898,0.845784
0.06,0.1,0.158271,0.229087,0.612641,0.841729
0.06,0.11,0.162403,0.228286,0.609311,0.837597
0.06,0.12,0.166611,0.227481,0.605908,0.833389
0.06,0.13,0.170891,0.226675,0.602435,0.829109
0.06,0.14,0.175241,0.225866,0.598893,0.824759
0.06,0.15,0.179658,0.225055,0.595287,0.820342
0.06,0.16,0.184138,0.224243,0.591619,0.815862
0.06,0.17,0.188677,0.223429,0.587894,0.811323
0.06,0.18,0.193271,0.222613,0.584116,0.806729
0.06,0.19,0.197913,0.221797,0.58029,0.802087
0.06,0.2,0.202598,0.22098,0.576422,0.797402
0.06,0.21,0.207319,0.220163,0.572518,0.792681
0.06,0.22,0.212069,0.219345,0.568586,0.787931
0.06,0.23,0.21684,0.218527,0.564633,0.78316
0.06,0.24,0.221624,0.21771,0.560666,0.778376
0.06,0.25,0.226411,0.216894,0.556695,0.773589
0.06,0.26,0.231192,0.216079,0.55273,0.768808
0.06,0.27,0.235956,0.215265,0.548779,0.764044
0.06,0.28,0.240693,0.214453,0.544854,0.759307
0.06,0.29,0.245392,0.213644,0.540964,0.754608
0.06,0.3,0.250042,0.212837,0.537121,0.749958
0.06,0.31,0.254631,0.212033,0.533336,0.745369
0.06,0.32,0.259146,0.211233,0.529621,0.740854
0.06,0.33,0.263578,0.210437,0.525985,0.736422
0.06,0.34,0.267914,0.209645,0.522441,0.732086
0.06,0.35,0.272143,0.208857,0.519,0.727857
0.06,0.36,0.276255,0.208075,0.51567,0.723745
0.06,0.37,0.280239,0.207299,0.512462,0.719761
0.06,0.38,0.284086,0.206529,0.509385,0.715914
0.06,0.39,0.287788,0.205765,0.506448,0.712212
0.06,0.4,0.291337,0.205007,0.503656,0.708663
0.06,0.41,0.294727,0.204257,0.501016,0.705273
0.06,0.42,0.297952,0.203515,0.498534,0.702048
0.06,0.43,0.301008,0.20278,0.496212,0.698992
0.06,0.44,0.303892,0.202053,0.494054,0.696108
0.06,0.45,0.306603,0.201335,0.492061,0.693397
0.06,0.46,0.30914,0.200626,0.490234,0.69086
0.06,0.47,0.311503,0.199926,0.488571,0.688497
0.06,0.48,0.313694,0.199235,0.48707,0.686306
0.06,0.49,0.315716,0.198554,0.48573,0.684284
0.06,0.5,0.317573,0.197882,0.484545,0.682427
0.06,0.51,0.319267,0.19722,0.483512,0.680733
0.06,0.52,0.320806,0.196569,0.482625,0.679194
0.06,0.53,0.322194,0.195927,0.481879,0.677806
0.06,0.54,0.323437,0.195295,0.481267,0.676563
0.06,0.55,0.324543,0.194674,0.480783,0.675457
0.06,0.56,0.325518,0.194063,0.480419,0.674482
0.06,0.57,0.326368,0.193462,0.48017,0.673632
0.06,0.58,0.327102,0.192872,0.480026,0.672898
0.06,0.59,0.327725,0.192292,0.479982,0.672275
0.06,0.6,0.328246,0.191723,0.480031,0.671754
0.06,0.61,0.328672,0.191163,0.480165,0.671328
0.06,0.62,0.329008,0.190614,0.480378,0.670992
0.06,0.63,0.329262,0.190075,0.480663,0.670738
0.06,0.64,0.32944,0.189546,0.481013,0.67056
0.06,0.65,0.329548,0.189027,0.481424,0.670452
0.06,0.66,0.329593,0.188518,0.481889,0.670407
0.06,0.67,0.329579,0.188019,0.482402,0.670421
0.06,0.68,0.329512,0.187529,0.482959,0.670488
0.06,0.69,0.329396,0.187049,0.483555,0.670604
0.06,0.7,0.329238,0.186578,0.484184,0.670762
0.06,0.71,0.32904,0.186116,0.484844,0.67096
0.06,0.72,0.328807,0.185664,0.48553,0.671193
0.06,0.73,0.328542,0.18522,0.486238,0.671458
0.06,0.74,0.32825,0.184785,0.486965,0.67175
0.06,0.75,0.327933,0.184358,0.487708,0.672067
0.06,0.76,0.327595,0.18394,0.488465,0.672405
0.06,0.77,0.327238,0.183531,0.489231,0.672762
0.06,0.78,0.326865,0.183129,0.490006,0.673135
0.06,0.79,0.326478,0.182735,0.490787,0.673522
0.06,0.8,0.326079,0.182349,0.491571,0.673921
0.06,0.81,0.325671,0.181971,0.492358,0.674329
0.06,0.82,0.325254,0.1816,0.493146,0.674746
0.06,0.83,0.324831,0.181237,0.493932,0.675169
0.06,0.84,0.324403,0.180881,0.494716,0.675597
0.06,0.85,0.323972,0.180531,0.495497,0.676028
0.06,0.86,0.323538,0.180189,0.496273,0.676462
0.06,0.87,0.323103,0.179853,0.497043,0.676897
0.06,0.88,0.322668,0.179524,0.497808,0.677332
0.06,0.89,0.322233,0.179202,0.498565,0.677767
0.06,0.9,0.3218,0.178885,0.499315,0.6782
0.06,0.91,0.321369,0.178575,0.500056,0.678631
0.06,0.92,0.32094,0.178271,0.500789,0.67906
0.06,0.93,0.320515,0.177972,0.501513,0.679485
0.06,0.94,0.320093,0.177679,0.502227,0.679907
0.06,0.95,0.319676,0.177392,0.502932,0.680324
0.06,0.96,0.319263,0.177111,0.503626,0.680737
0.06,0.97,0.318856,0.176834,0.50431,0.681144
0.06,0.98,0.318453,0.176563,0.504984,0.681547
0.06,0.99,0.318056,0.176297,0.505647,0.681944
0.06,1,0.317664,0.176036,0.5063,0.682336
0.07,0,0.121301,0.236651,0.642048,0.878699
0.07,0.01,0.124652,0.235876,0.639472,0.875348
0.07,0.02,0.128085,0.235097,0.636818,0.871915
0.07,0.03,0.131602,0.234314,0.634085,0.868398
0.07,0.04,0.135201,0.233527,0.631272,0.864799
0.07,0.05,0.138885,0.232737,0.628378,0.861115
0.07,0.06,0.142652,0.231944,0.625404,0.857348
0.07,0.07,0.146503,0.231147,0.62235,0.853497
0.07,0.08,0.150438,0.230347,0.619215,0.849562
0.07,0.09,0.154456,0.229544,0.616,0.845544
0.07,0.1,0.158556,0.228738,0.612706,0.841444
0.07,0.11,0.162737,0.227929,0.609334,0.837263
0.07,0.12,0.166998,0.227117,0.605886,0.833002
0.07,0.13,0.171335,0.226302,0.602362,0.828665
0.07,0.14,0.175748,0.225486,0.598766,0.824252
0.07,0.15,0.180233,0.224667,0.5951,0.819767
0.07,0.16,0.184786,0.223846,0.591368,0.815214
0.07,0.17,0.189404,0.223023,0.587572,0.810596
0.07,0.18,0.194082,0.222199,0.583718,0.805918
0.07,0.19,0.198816,0.221374,0.579811,0.801184
0.07,0.2,0.203598,0.220547,0.575855,0.796402
0.07,0.21,0.208424,0.21972,0.571856,0.791576
0.07,0.22,0.213285,0.218893,0.567822,0.786715
0.07,0.23,0.218175,0.218065,0.563761,0.781825
0.07,0.24,0.223084,0.217237,0.559679,0.776916
0.07,0.25,0.228004,0.21641,0.555586,0.771996
0.07,0.26,0.232925,0.215584,0.551491,0.767075
0.07,0.27,0.237838,0.214759,0.547403,0.762162
0.07,0.28,0.24273,0.213936,0.543334,0.75727
0.07,0.29,0.247591,0.213115,0.539295,0.752409
0.07,0.3,0.252409,0.212296,0.535295,0.747591
0.07,0.31,0.257173,0.21148,0.531347,0.742827
0.07,0.32,0.26187,0.210667,0.527463,0.73813
0.07,0.33,0.266488,0.209858,0.523654,0.733512
0.07,0.34,0.271014,0.209053,0.519932,0.728986
0.07,0.35,0.275438,0.208253,0.516309,0.724562
0.07,0.36,0.279748,0.207457,0.512795,0.720252
0.07,0.37,0.283932,0.206668,0.5094,0.716068
0.07,0.38,0.287981,0.205884,0.506135,0.712019
0.07,0.39,0.291885,0.205106,0.503009,0.708115
0.07,0.4,0.295635,0.204335,0.50003,0.704365
0.07,0.41,0.299225,0.203571,0.497204,0.700775
0.07,0.42,0.302647,0.202814,0.494539,0.697353
0.07,0.43,0.305897,0.202065,0.492037,0.694103
0.07,0.44,0.308971,0.201325,0.489704,0.691029
0.07,0.45,0.311866,0.200593,0.487541,0.688134
0.07,0.46,0.314582,0.19987,0.485548,0.685418
0.07,0.47,0.317117,0.199156,0.483727,0.682883
0.07,0.48,0.319473,0.198451,0.482076,0.680527
0.07,0.49,0.321653,0.197756,0.480591,0.678347
0.07,0.5,0.323659,0.19707,0.479271,0.676341
0.07,0.51,0.325496,0.196395,0.478109,0.674504
0.07,0.52,0.327168,0.19573,0.477102,0.672832
0.07,0.53,0.328682,0.195075,0.476244,0.671318
0.07,0.54,0.330043,0.19443,0.475527,0.669957
0.07,0.55,0.331258,0.193796,0.474946,0.668742
0.07,0.56,0.332334,0.193172,0.474494,0.667666
0.07,0.57,0.333278,0.192559,0.474163,0.666722
0.07,0.58,0.334098,0.191957,0.473945,0.665902
0.07,0.59,0.334801,0.191365,0.473834,0.665199
0.07,0.6,0.335395,0.190783,0.473822,0.664605
0.07,0.61,0.335886,0.190212,0.473902,0.664114
0.07,0.62,0.336283,0.189652,0.474066,0.663717
0.07,0.63,0.336591,0.189102,0.474307,0.663409
0.07,0.64,0.336818,0.188562,0.47462,0.663182
0.07,0.65,0.336971,0.188033,0.474997,0.663029
0.07,0.66,0.337055,0.187513,0.475432,0.662945
0.07,0.67,0.337076,0.187004,0.47592,0.662924
0.07,0.68,0.33704,0.186504,0.476456,0.66296
0.07,0.69,0.336953,0.186014,0.477033,0.663047
0.07,0.7,0.336818,0.185534,0.477648,0.663182
0.07,0.71,0.336642,0.185063,0.478295,0.663358
0.07,0.72,0.336427,0.184602,0.478971,0.663573
0.07,0.73,0.336179,0.184149,0.479672,0.663821
0.07,0.74,0.335901,0.183706,0.480393,0.664099
0.07,0.75,0.335596,0.183271,0.481133,0.664404
0.07,0.76,0.335268,0.182845,0.481887,0.664732
0.07,0.77,0.334919,0.182428,0.482653,0.665081
0.07,0.78,0.334553,0.182019,0.483429,0.665447
0.07,0.79,0.334171,0.181618,0.484211,0.665829
0.07,0.8,0.333777,0.181225,0.484999,0.666223
0.07,0.81,0.333371,0.18084,0.485789,0.666629
0.07,0.82,0.332957,0.180462,0.486581,0.667043
0.07,0.83,0.332535,0.180092,0.487372,0.667465
0.07,0.84,0.332108,0.17973,0.488162,0.667892
0.07,0.85,0.331677,0.179375,0.488949,0.668323
0.07,0.86,0.331242,0.179026,0.489732,0.668758
0.07,0.87,0.330806,0.178685,0.490509,0.669194
0.07,0.88,0.330369,0.17835,0.491281,0.669631
0.07,0.89,0.329932,0.178022,0.492046,0.670068
0.07,0.9,0.329497,0.1777,0.492803,0.670503
0.07,0.91,0.329063,0.177385,0.493552,0.670937
0.07,0.92,0.328631,0.177076,0.494293,0.671369
0.07,0.93,0.328203,0.176772,0.495025,0.671797
0.07,0.94,0.327778,0.176475,0.495747,0.672222
0.07,0.95,0.327357,0.176183,0.496459,0.672643
0.07,0.96,0.326941,0.175897,0.497162,0.673059
0.07,0.97,0.326529,0.175617,0.497854,0.673471
0.07,0.98,0.326123,0.175341,0.498536,0.673877
0.07,0.99,0.325722,0.175071,0.499207,0.674278
0.07,1,0.325326,0.174806,0.499867,0.674674
0.08,0,0.121259,0.236367,0.642374,0.878741
0.08,0.01,0.124628,0.235586,0.639786,0.875372
0.08,0.02,0.128081,0.234801,0.637117,0.871919
0.08,0.03,0.13162,0.234013,0.634368,0.86838
0.08,0.04,0.135243,0.233221,0.631536,0.864757
0.08,0.05,0.138954,0.232425,0.628622,0.861046
0.08,0.06,0.14275,0.231625,0.625625,0.85725
0.08,0.07,0.146634,0.230822,0.622544,0.853366
0.08,0.08,0.150604,0.230015,0.61938,0.849396
0.08,0.09,0.154661,0.229205,0.616133,0.845339
0.08,0.1,0.158804,0.228392,0.612804,0.841196
0.08,0.11,0.163031,0.227576,0.609393,0.836969
0.08,0.12,0.167342,0.226757,0.605901,0.832658
0.08,0.13,0.171735,0.225935,0.60233,0.828265
0.08,0.14,0.176208,0.22511,0.598682,0.823792
0.08,0.15,0.180757,0.224283,0.594959,0.819243
0.08,0.16,0.185381,0.223454,0.591165,0.814619
0.08,0.17,0.190075,0.222623,0.587302,0.809925
0.08,0.18,0.194835,0.22179,0.583375,0.805165
0.08,0.19,0.199656,0.220955,0.579388,0.800344
0.08,0.2,0.204534,0.22012,0.575347,0.795466
0.08,0.21,0.209461,0.219283,0.571256,0.790539
0.08,0.22,0.214431,0.218445,0.567124,0.785569
0.08,0.23,0.219436,0.217607,0.562956,0.780564
0.08,0.24,0.224469,0.216769,0.558761,0.775531
0.08,0.25,0.22952,0.215932,0.554548,0.77048
0.08,0.26,0.23458,0.215095,0.550325,0.76542
0.08,0.27,0.239639,0.214258,0.546103,0.760361
0.08,0.28,0.244685,0.213424,0.541892,0.755315
0.08,0.29,0.249707,0.212591,0.537702,0.750293
0.08,0.3,0.254694,0.21176,0.533546,0.745306
0.08,0.31,0.259633,0.210932,0.529435,0.740367
0.08,0.32,0.264512,0.210106,0.525381,0.735488
0.08,0.33,0.269318,0.209285,0.521397,0.730682
0.08,0.34,0.274038,0.208467,0.517495,0.725962
0.08,0.35,0.27866,0.207653,0.513687,0.72134
0.08,0.36,0.283171,0.206844,0.509984,0.716829
0.08,0.37,0.287561,0.206041,0.506398,0.712439
0.08,0.38,0.291816,0.205243,0.502941,0.708184
0.08,0.39,0.295928,0.204452,0.49962,0.704072
0.08,0.4,0.299886,0.203667,0.496447,0.700114
0.08,0.41,0.303683,0.202888,0.493429,0.696317
0.08,0.42,0.30731,0.202118,0.490572,0.69269
0.08,0.43,0.310763,0.201355,0.487883,0.689237
0.08,0.44,0.314035,0.2006,0.485365,0.685965
0.08,0.45,0.317124,0.199854,0.483023,0.682876
0.08,0.46,0.320027,0.199116,0.480857,0.679973
0.08,0.47,0.322744,0.198388,0.478868,0.677256
0.08,0.48,0.325275,0.197669,0.477056,0.674725
0.08,0.49,0.327622,0.19696,0.475419,0.672378
0.08,0.5,0.329787,0.19626,0.473952,0.670213
0.08,0.51,0.331775,0.195571,0.472654,0.668225
0.08,0.52,0.333591,0.194892,0.471517,0.666409
0.08,0.53,0.335239,0.194223,0.470538,0.664761
0.08,0.54,0.336726,0.193565,0.469709,0.663274
0.08,0.55,0.338058,0.192918,0.469024,0.661942
0.08,0.56,0.339244,0.192281,0.468475,0.660756
0.08,0.57,0.340289,0.191655,0.468055,0.659711
0.08,0.58,0.341203,0.19104,0.467757,0.658797
