e1,e2,V,Rs,Rv,P
0,0 ,0.29428, 0.00235018,0.70337,0.70572
0,0.01 ,0.294269, 0.00235018,0.703381,0.705731
0,0.02 ,0.294258, 0.00235018,0.703392,0.705742
0,0.03 ,0.294247, 0.00235018,0.703403,0.705753
0,0.04 ,0.294237, 0.00235017,0.703413,0.705763
0,0.05 ,0.294226, 0.00235017,0.703424,0.705774
0,0.06 ,0.294216, 0.00235017,0.703434,0.705784
0,0.07 ,0.294205, 0.00235017,0.703444,0.705795
0,0.08 ,0.294195, 0.00235017,0.703455,0.705805
0,0.09 ,0.294185, 0.00235017,0.703465,0.705815
0,0.1 ,0.294175, 0.00235017,0.703474,0.705825
0,0.11 ,0.294166, 0.00235016,0.703484,0.705834
0,0.12 ,0.294156, 0.00235016,0.703494,0.705844
0,0.13 ,0.294146, 0.00235016,0.703503,0.705854
0,0.14 ,0.294137, 0.00235016,0.703513,0.705863
0,0.15 ,0.294128, 0.00235016,0.703522,0.705872
0,0.16 ,0.294118, 0.00235016,0.703531,0.705882
0,0.17 ,0.294109, 0.00235015,0.703541,0.705891
0,0.18 ,0.2941, 0.00235015,0.70355,0.7059
0,0.19 ,0.294091, 0.00235015,0.703559,0.705909
0,0.2 ,0.294083, 0.00235015,0.703567,0.705917
0,0.21 ,0.294074, 0.00235015,0.703576,0.705926
0,0.22 ,0.294065, 0.00235015,0.703585,0.705935
0,0.23 ,0.294057, 0.00235015,0.703593,0.705943
0,0.24 ,0.294048, 0.00235014,0.703602,0.705952
0,0.25 ,0.29404, 0.00235014,0.70361,0.70596
0,0.26 ,0.294032, 0.00235014,0.703618,0.705968
0,0.27 ,0.294024, 0.00235014,0.703626,0.705976
0,0.28 ,0.294016, 0.00235014,0.703634,0.705984
0,0.29 ,0.294008, 0.00235014,0.703642,0.705992
0,0.3 ,0.294, 0.00235014,0.70365,0.706
0,0.31 ,0.293992, 0.00235013,0.703658,0.706008
0,0.32 ,0.293984, 0.00235013,0.703666,0.706016
0,0.33 ,0.293977, 0.00235013,0.703673,0.706023
0,0.34 ,0.293969, 0.00235013,0.703681,0.706031
0,0.35 ,0.293962, 0.00235013,0.703688,0.706038
0,0.36 ,0.293954, 0.00235013,0.703696,0.706046
0,0.37 ,0.293947, 0.00235013,0.703703,0.706053
0,0.38 ,0.29394, 0.00235012,0.70371,0.70606
0,0.39 ,0.293933, 0.00235012,0.703717,0.706067
0,0.4 ,0.293926, 0.00235012,0.703724,0.706074
0,0.41 ,0.293919, 0.00235012,0.703731,0.706081
0,0.42 ,0.293912, 0.00235012,0.703738,0.706088
0,0.43 ,0.293905, 0.00235012,0.703745,0.706095
0,0.44 ,0.293898, 0.00235011,0.703752,0.706102
0,0.45 ,0.293892, 0.00235011,0.703758,0.706108
0,0.46 ,0.293885, 0.00235011,0.703765,0.706115
0,0.47 ,0.293878, 0.00235011,0.703771,0.706122
0,0.48 ,0.293872, 0.00235011,0.703778,0.706128
0,0.49 ,0.293866, 0.00235011,0.703784,0.706134
0,0.5 ,0.293859, 0.00235011,0.703791,0.706141
0,0.51 ,0.293853, 0.0023501,0.703797,0.706147
0,0.52 ,0.293847, 0.0023501,0.703803,0.706153
0,0.53 ,0.293841, 0.0023501,0.703809,0.706159
0,0.54 ,0.293835, 0.0023501,0.703815,0.706165
0,0.55 ,0.293829, 0.0023501,0.703821,0.706171
0,0.56 ,0.293823, 0.0023501,0.703827,0.706177
0,0.57 ,0.293817, 0.0023501,0.703833,0.706183
0,0.58 ,0.293811, 0.00235009,0.703839,0.706189
0,0.59 ,0.293805, 0.00235009,0.703845,0.706195
0,0.6 ,0.293799, 0.00235009,0.703851,0.706201
0,0.61 ,0.293794, 0.00235009,0.703856,0.706206
0,0.62 ,0.293788, 0.00235009,0.703862,0.706212
0,0.63 ,0.293783, 0.00235009,0.703867,0.706217
0,0.64 ,0.293777, 0.00235009,0.703873,0.706223
0,0.65 ,0.293772, 0.00235008,0.703878,0.706228
0,0.66 ,0.293766, 0.00235008,0.703884,0.706234
0,0.67 ,0.293761, 0.00235008,0.703889,0.706239
0,0.68 ,0.293756, 0.00235008,0.703894,0.706244
0,0.69 ,0.29375, 0.00235008,0.7039,0.70625
0,0.7 ,0.293745, 0.00235008,0.703905,0.706255
0,0.71 ,0.29374, 0.00235007,0.70391,0.70626
0,0.72 ,0.293735, 0.00235007,0.703915,0.706265
0,0.73 ,0.29373, 0.00235007,0.70392,0.70627
0,0.74 ,0.293725, 0.00235007,0.703925,0.706275
0,0.75 ,0.29372, 0.00235007,0.70393,0.70628
0,0.76 ,0.293715, 0.00235007,0.703935,0.706285
0,0.77 ,0.29371, 0.00235007,0.70394,0.70629
0,0.78 ,0.293706, 0.00235006,0.703944,0.706294
0,0.79 ,0.293701, 0.00235006,0.703949,0.706299
0,0.8 ,0.293696, 0.00235006,0.703954,0.706304
0,0.81 ,0.293691, 0.00235006,0.703958,0.706309
0,0.82 ,0.293687, 0.00235006,0.703963,0.706313
0,0.83 ,0.293682, 0.00235006,0.703968,0.706318
0,0.84 ,0.293678, 0.00235006,0.703972,0.706322
0,0.85 ,0.293673, 0.00235005,0.703977,0.706327
0,0.86 ,0.293669, 0.00235005,0.703981,0.706331
0,0.87 ,0.293664, 0.00235005,0.703985,0.706336
0,0.88 ,0.29366, 0.00235005,0.70399,0.70634
0,0.89 ,0.293656, 0.00235005,0.703994,0.706344
0,0.9 ,0.293651, 0.00235005,0.703998,0.706349
0,0.91 ,0.293647, 0.00235005,0.704003,0.706353
0,0.92 ,0.293643, 0.00235004,0.704007,0.706357
0,0.93 ,0.293639, 0.00235004,0.704011,0.706361
0,0.94 ,0.293635, 0.00235004,0.704015,0.706365
0,0.95 ,0.293631, 0.00235004,0.704019,0.706369
0,0.96 ,0.293627, 0.00235004,0.704023,0.706373
0,0.97 ,0.293623, 0.00235004,0.704027,0.706377
0,0.98 ,0.293619, 0.00235004,0.704031,0.706381
0,0.99 ,0.293615, 0.00235003,0.704035,0.706385
0,1 ,0.293611, 0.00235003,0.704039,0.706389
0.01,0 ,0.30228, 0.00235017,0.69537,0.69772
0.01,0.01 ,0.302268, 0.00235017,0.695382,0.697732
0.01,0.02 ,0.302257, 0.00235017,0.695393,0.697743
0.01,0.03 ,0.302246, 0.00235017,0.695404,0.697754
0.01,0.04 ,0.302235, 0.00235017,0.695414,0.697765
0.01,0.05 ,0.302225, 0.00235017,0.695425,0.697775
0.01,0.06 ,0.302214, 0.00235016,0.695436,0.697786
0.01,0.07 ,0.302204, 0.00235016,0.695446,0.697796
0.01,0.08 ,0.302193, 0.00235016,0.695457,0.697807
0.01,0.09 ,0.302183, 0.00235016,0.695467,0.697817
0.01,0.1 ,0.302173, 0.00235016,0.695477,0.697827
0.01,0.11 ,0.302163, 0.00235016,0.695487,0.697837
0.01,0.12 ,0.302153, 0.00235016,0.695497,0.697847
0.01,0.13 ,0.302143, 0.00235015,0.695507,0.697857
0.01,0.14 ,0.302134, 0.00235015,0.695516,0.697866
0.01,0.15 ,0.302124, 0.00235015,0.695526,0.697876
0.01,0.16 ,0.302115, 0.00235015,0.695535,0.697885
0.01,0.17 ,0.302105, 0.00235015,0.695544,0.697895
0.01,0.18 ,0.302096, 0.00235015,0.695554,0.697904
0.01,0.19 ,0.302087, 0.00235014,0.695563,0.697913
0.01,0.2 ,0.302078, 0.00235014,0.695572,0.697922
0.01,0.21 ,0.302069, 0.00235014,0.695581,0.697931
0.01,0.22 ,0.302061, 0.00235014,0.695589,0.697939
0.01,0.23 ,0.302052, 0.00235014,0.695598,0.697948
0.01,0.24 ,0.302043, 0.00235014,0.695607,0.697957
0.01,0.25 ,0.302035, 0.00235014,0.695615,0.697965
0.01,0.26 ,0.302026, 0.00235013,0.695623,0.697974
0.01,0.27 ,0.302018, 0.00235013,0.695632,0.697982
0.01,0.28 ,0.30201, 0.00235013,0.69564,0.69799
0.01,0.29 ,0.302002, 0.00235013,0.695648,0.697998
0.01,0.3 ,0.301994, 0.00235013,0.695656,0.698006
0.01,0.31 ,0.301986, 0.00235013,0.695664,0.698014
0.01,0.32 ,0.301978, 0.00235013,0.695672,0.698022
0.01,0.33 ,0.30197, 0.00235012,0.69568,0.69803
0.01,0.34 ,0.301963, 0.00235012,0.695687,0.698037
0.01,0.35 ,0.301955, 0.00235012,0.695695,0.698045
0.01,0.36 ,0.301948, 0.00235012,0.695702,0.698052
0.01,0.37 ,0.30194, 0.00235012,0.69571,0.69806
0.01,0.38 ,0.301933, 0.00235012,0.695717,0.698067
0.01,0.39 ,0.301926, 0.00235011,0.695724,0.698074
0.01,0.4 ,0.301918, 0.00235011,0.695732,0.698082
0.01,0.41 ,0.301911, 0.00235011,0.695739,0.698089
0.01,0.42 ,0.301904, 0.00235011,0.695746,0.698096
0.01,0.43 ,0.301897, 0.00235011,0.695753,0.698103
0.01,0.44 ,0.30189, 0.00235011,0.695759,0.69811
0.01,0.45 ,0.301884, 0.00235011,0.695766,0.698116
0.01,0.46 ,0.301877, 0.0023501,0.695773,0.698123
0.01,0.47 ,0.30187, 0.0023501,0.69578,0.69813
0.01,0.48 ,0.301864, 0.0023501,0.695786,0.698136
0.01,0.49 ,0.301857, 0.0023501,0.695793,0.698143
0.01,0.5 ,0.301851, 0.0023501,0.695799,0.698149
0.01,0.51 ,0.301844, 0.0023501,0.695806,0.698156
0.01,0.52 ,0.301838, 0.0023501,0.695812,0.698162
0.01,0.53 ,0.301832, 0.00235009,0.695818,0.698168
0.01,0.54 ,0.301826, 0.00235009,0.695824,0.698174
0.01,0.55 ,0.301819, 0.00235009,0.69583,0.698181
0.01,0.56 ,0.301813, 0.00235009,0.695837,0.698187
0.01,0.57 ,0.301807, 0.00235009,0.695843,0.698193
0.01,0.58 ,0.301801, 0.00235009,0.695848,0.698199
0.01,0.59 ,0.301796, 0.00235009,0.695854,0.698204
0.01,0.6 ,0.30179, 0.00235008,0.69586,0.69821
0.01,0.61 ,0.301784, 0.00235008,0.695866,0.698216
0.01,0.62 ,0.301778, 0.00235008,0.695872,0.698222
0.01,0.63 ,0.301773, 0.00235008,0.695877,0.698227
0.01,0.64 ,0.301767, 0.00235008,0.695883,0.698233
0.01,0.65 ,0.301762, 0.00235008,0.695888,0.698238
0.01,0.66 ,0.301756, 0.00235007,0.695894,0.698244
0.01,0.67 ,0.301751, 0.00235007,0.695899,0.698249
0.01,0.68 ,0.301745, 0.00235007,0.695905,0.698255
0.01,0.69 ,0.30174, 0.00235007,0.69591,0.69826
0.01,0.7 ,0.301735, 0.00235007,0.695915,0.698265
0.01,0.71 ,0.301729, 0.00235007,0.69592,0.698271
0.01,0.72 ,0.301724, 0.00235007,0.695926,0.698276
0.01,0.73 ,0.301719, 0.00235006,0.695931,0.698281
0.01,0.74 ,0.301714, 0.00235006,0.695936,0.698286
0.01,0.75 ,0.301709, 0.00235006,0.695941,0.698291
0.01,0.76 ,0.301704, 0.00235006,0.695946,0.698296
0.01,0.77 ,0.301699, 0.00235006,0.695951,0.698301
0.01,0.78 ,0.301694, 0.00235006,0.695956,0.698306
0.01,0.79 ,0.30169, 0.00235006,0.69596,0.69831
0.01,0.8 ,0.301685, 0.00235005,0.695965,0.698315
0.01,0.81 ,0.30168, 0.00235005,0.69597,0.69832
0.01,0.82 ,0.301675, 0.00235005,0.695975,0.698325
0.01,0.83 ,0.301671, 0.00235005,0.695979,0.698329
0.01,0.84 ,0.301666, 0.00235005,0.695984,0.698334
0.01,0.85 ,0.301662, 0.00235005,0.695988,0.698338
0.01,0.86 ,0.301657, 0.00235005,0.695993,0.698343
0.01,0.87 ,0.301653, 0.00235004,0.695997,0.698347
0.01,0.88 ,0.301648, 0.00235004,0.696002,0.698352
0.01,0.89 ,0.301644, 0.00235004,0.696006,0.698356
0.01,0.9 ,0.301639, 0.00235004,0.696011,0.698361
0.01,0.91 ,0.301635, 0.00235004,0.696015,0.698365
0.01,0.92 ,0.301631, 0.00235004,0.696019,0.698369
0.01,0.93 ,0.301627, 0.00235004,0.696023,0.698373
0.01,0.94 ,0.301622, 0.00235003,0.696028,0.698378
0.01,0.95 ,0.301618, 0.00235003,0.696032,0.698382
0.01,0.96 ,0.301614, 0.00235003,0.696036,0.698386
0.01,0.97 ,0.30161, 0.00235003,0.69604,0.69839
0.01,0.98 ,0.301606, 0.00235003,0.696044,0.698394
0.01,0.99 ,0.301602, 0.00235003,0.696048,0.698398
0.01,1 ,0.301598, 0.00235003,0.696052,0.698402
0.02,0 ,0.310521, 0.00235017,0.687129,0.689479
0.02,0.01 ,0.310509, 0.00235016,0.68714,0.689491
0.02,0.02 ,0.310498, 0.00235016,0.687152,0.689502
0.02,0.03 ,0.310487, 0.00235016,0.687163,0.689513
0.02,0.04 ,0.310476, 0.00235016,0.687174,0.689524
0.02,0.05 ,0.310465, 0.00235016,0.687185,0.689535
0.02,0.06 ,0.310454, 0.00235016,0.687196,0.689546
0.02,0.07 ,0.310443, 0.00235016,0.687207,0.689557
0.02,0.08 ,0.310433, 0.00235015,0.687217,0.689567
0.02,0.09 ,0.310422, 0.00235015,0.687228,0.689578
0.02,0.1 ,0.310412, 0.00235015,0.687238,0.689588
0.02,0.11 ,0.310402, 0.00235015,0.687248,0.689598
0.02,0.12 ,0.310392, 0.00235015,0.687258,0.689608
0.02,0.13 ,0.310382, 0.00235015,0.687268,0.689618
0.02,0.14 ,0.310372, 0.00235014,0.687278,0.689628
0.02,0.15 ,0.310362, 0.00235014,0.687288,0.689638
0.02,0.16 ,0.310353, 0.00235014,0.687297,0.689647
0.02,0.17 ,0.310343, 0.00235014,0.687307,0.689657
0.02,0.18 ,0.310334, 0.00235014,0.687316,0.689666
0.02,0.19 ,0.310325, 0.00235014,0.687325,0.689675
0.02,0.2 ,0.310315, 0.00235014,0.687334,0.689685
0.02,0.21 ,0.310306, 0.00235013,0.687344,0.689694
0.02,0.22 ,0.310297, 0.00235013,0.687353,0.689703
0.02,0.23 ,0.310289, 0.00235013,0.687361,0.689711
0.02,0.24 ,0.31028, 0.00235013,0.68737,0.68972
0.02,0.25 ,0.310271, 0.00235013,0.687379,0.689729
0.02,0.26 ,0.310263, 0.00235013,0.687387,0.689737
0.02,0.27 ,0.310254, 0.00235013,0.687396,0.689746
0.02,0.28 ,0.310246, 0.00235012,0.687404,0.689754
0.02,0.29 ,0.310238, 0.00235012,0.687412,0.689762
0.02,0.3 ,0.310229, 0.00235012,0.687421,0.689771
0.02,0.31 ,0.310221, 0.00235012,0.687429,0.689779
0.02,0.32 ,0.310213, 0.00235012,0.687437,0.689787
0.02,0.33 ,0.310205, 0.00235012,0.687445,0.689795
0.02,0.34 ,0.310198, 0.00235011,0.687452,0.689802
0.02,0.35 ,0.31019, 0.00235011,0.68746,0.68981
0.02,0.36 ,0.310182, 0.00235011,0.687468,0.689818
0.02,0.37 ,0.310175, 0.00235011,0.687475,0.689825
0.02,0.38 ,0.310167, 0.00235011,0.687483,0.689833
0.02,0.39 ,0.31016, 0.00235011,0.68749,0.68984
0.02,0.4 ,0.310152, 0.00235011,0.687497,0.689848
0.02,0.41 ,0.310145, 0.0023501,0.687505,0.689855
0.02,0.42 ,0.310138, 0.0023501,0.687512,0.689862
0.02,0.43 ,0.310131, 0.0023501,0.687519,0.689869
0.02,0.44 ,0.310124, 0.0023501,0.687526,0.689876
0.02,0.45 ,0.310117, 0.0023501,0.687533,0.689883
0.02,0.46 ,0.31011, 0.0023501,0.68754,0.68989
0.02,0.47 ,0.310103, 0.0023501,0.687546,0.689897
0.02,0.48 ,0.310097, 0.00235009,0.687553,0.689903
0.02,0.49 ,0.31009, 0.00235009,0.68756,0.68991
0.02,0.5 ,0.310084, 0.00235009,0.687566,0.689916
0.02,0.51 ,0.310077, 0.00235009,0.687573,0.689923
0.02,0.52 ,0.310071, 0.00235009,0.687579,0.689929
0.02,0.53 ,0.310064, 0.00235009,0.687586,0.689936
0.02,0.54 ,0.310058, 0.00235009,0.687592,0.689942
0.02,0.55 ,0.310052, 0.00235008,0.687598,0.689948
0.02,0.56 ,0.310046, 0.00235008,0.687604,0.689954
0.02,0.57 ,0.31004, 0.00235008,0.68761,0.68996
0.02,0.58 ,0.310033, 0.00235008,0.687616,0.689967
0.02,0.59 ,0.310027, 0.00235008,0.687622,0.689973
0.02,0.6 ,0.310022, 0.00235008,0.687628,0.689978
0.02,0.61 ,0.310016, 0.00235007,0.687634,0.689984
0.02,0.62 ,0.31001, 0.00235007,0.68764,0.68999
0.02,0.63 ,0.310004, 0.00235007,0.687646,0.689996
0.02,0.64 ,0.309998, 0.00235007,0.687651,0.690002
0.02,0.65 ,0.309993, 0.00235007,0.687657,0.690007
0.02,0.66 ,0.309987, 0.00235007,0.687663,0.690013
0.02,0.67 ,0.309982, 0.00235007,0.687668,0.690018
0.02,0.68 ,0.309976, 0.00235006,0.687674,0.690024
0.02,0.69 ,0.309971, 0.00235006,0.687679,0.690029
0.02,0.7 ,0.309966, 0.00235006,0.687684,0.690034
0.02,0.71 ,0.30996, 0.00235006,0.68769,0.69004
0.02,0.72 ,0.309955, 0.00235006,0.687695,0.690045
0.02,0.73 ,0.30995, 0.00235006,0.6877,0.69005
0.02,0.74 ,0.309945, 0.00235006,0.687705,0.690055
0.02,0.75 ,0.30994, 0.00235005,0.68771,0.69006
0.02,0.76 ,0.309935, 0.00235005,0.687715,0.690065
0.02,0.77 ,0.30993, 0.00235005,0.68772,0.69007
0.02,0.78 ,0.309925, 0.00235005,0.687725,0.690075
0.02,0.79 ,0.30992, 0.00235005,0.68773,0.69008
0.02,0.8 ,0.309915, 0.00235005,0.687735,0.690085
0.02,0.81 ,0.30991, 0.00235005,0.68774,0.69009
0.02,0.82 ,0.309905, 0.00235004,0.687745,0.690095
0.02,0.83 ,0.309901, 0.00235004,0.687749,0.690099
0.02,0.84 ,0.309896, 0.00235004,0.687754,0.690104
0.02,0.85 ,0.309891, 0.00235004,0.687759,0.690109
0.02,0.86 ,0.309887, 0.00235004,0.687763,0.690113
0.02,0.87 ,0.309882, 0.00235004,0.687768,0.690118
0.02,0.88 ,0.309878, 0.00235004,0.687772,0.690122
0.02,0.89 ,0.309873, 0.00235003,0.687777,0.690127
0.02,0.9 ,0.309869, 0.00235003,0.687781,0.690131
0.02,0.91 ,0.309864, 0.00235003,0.687786,0.690136
0.02,0.92 ,0.30986, 0.00235003,0.68779,0.69014
0.02,0.93 ,0.309856, 0.00235003,0.687794,0.690144
0.02,0.94 ,0.309851, 0.00235003,0.687799,0.690149
0.02,0.95 ,0.309847, 0.00235002,0.687803,0.690153
0.02,0.96 ,0.309843, 0.00235002,0.687807,0.690157
0.02,0.97 ,0.309839, 0.00235002,0.687811,0.690161
0.02,0.98 ,0.309835, 0.00235002,0.687815,0.690165
0.02,0.99 ,0.309831, 0.00235002,0.687819,0.690169
0.02,1 ,0.309827, 0.00235002,0.687823,0.690173
0.03,0 ,0.319013, 0.00235016,0.678637,0.680987
0.03,0.01 ,0.319001, 0.00235016,0.678649,0.680999
0.03,0.02 ,0.318989, 0.00235016,0.67866,0.681011
0.03,0.03 ,0.318978, 0.00235015,0.678672,0.681022
0.03,0.04 ,0.318967, 0.00235015,0.678683,0.681033
0.03,0.05 ,0.318955, 0.00235015,0.678694,0.681045
0.03,0.06 ,0.318944, 0.00235015,0.678706,0.681056
0.03,0.07 ,0.318933, 0.00235015,0.678716,0.681067
0.03,0.08 ,0.318923, 0.00235015,0.678727,0.681077
0.03,0.09 ,0.318912, 0.00235014,0.678738,0.681088
0.03,0.1 ,0.318901, 0.00235014,0.678748,0.681099
0.03,0.11 ,0.318891, 0.00235014,0.678759,0.681109
0.03,0.12 ,0.318881, 0.00235014,0.678769,0.681119
0.03,0.13 ,0.318871, 0.00235014,0.678779,0.681129
0.03,0.14 ,0.318861, 0.00235014,0.678789,0.681139
0.03,0.15 ,0.318851, 0.00235014,0.678799,0.681149
0.03,0.16 ,0.318841, 0.00235013,0.678809,0.681159
0.03,0.17 ,0.318831, 0.00235013,0.678819,0.681169
0.03,0.18 ,0.318822, 0.00235013,0.678828,0.681178
0.03,0.19 ,0.318812, 0.00235013,0.678838,0.681188
0.03,0.2 ,0.318803, 0.00235013,0.678847,0.681197
0.03,0.21 ,0.318794, 0.00235013,0.678856,0.681206
0.03,0.22 ,0.318784, 0.00235013,0.678865,0.681216
0.03,0.23 ,0.318775, 0.00235012,0.678874,0.681225
0.03,0.24 ,0.318767, 0.00235012,0.678883,0.681233
0.03,0.25 ,0.318758, 0.00235012,0.678892,0.681242
0.03,0.26 ,0.318749, 0.00235012,0.678901,0.681251
0.03,0.27 ,0.31874, 0.00235012,0.678909,0.68126
0.03,0.28 ,0.318732, 0.00235012,0.678918,0.681268
0.03,0.29 ,0.318723, 0.00235012,0.678926,0.681277
0.03,0.3 ,0.318715, 0.00235011,0.678935,0.681285
0.03,0.31 ,0.318707, 0.00235011,0.678943,0.681293
0.03,0.32 ,0.318699, 0.00235011,0.678951,0.681301
0.03,0.33 ,0.318691, 0.00235011,0.678959,0.681309
0.03,0.34 ,0.318683, 0.00235011,0.678967,0.681317
0.03,0.35 ,0.318675, 0.00235011,0.678975,0.681325
0.03,0.36 ,0.318667, 0.0023501,0.678983,0.681333
0.03,0.37 ,0.318659, 0.0023501,0.67899,0.681341
0.03,0.38 ,0.318652, 0.0023501,0.678998,0.681348
0.03,0.39 ,0.318644, 0.0023501,0.679006,0.681356
0.03,0.4 ,0.318637, 0.0023501,0.679013,0.681363
0.03,0.41 ,0.318629, 0.0023501,0.67902,0.681371
0.03,0.42 ,0.318622, 0.0023501,0.679028,0.681378
0.03,0.43 ,0.318615, 0.00235009,0.679035,0.681385
0.03,0.44 ,0.318608, 0.00235009,0.679042,0.681392
0.03,0.45 ,0.318601, 0.00235009,0.679049,0.681399
0.03,0.46 ,0.318594, 0.00235009,0.679056,0.681406
0.03,0.47 ,0.318587, 0.00235009,0.679063,0.681413
0.03,0.48 ,0.31858, 0.00235009,0.67907,0.68142
0.03,0.49 ,0.318573, 0.00235009,0.679077,0.681427
0.03,0.5 ,0.318567, 0.00235008,0.679083,0.681433
0.03,0.51 ,0.31856, 0.00235008,0.67909,0.68144
0.03,0.52 ,0.318554, 0.00235008,0.679096,0.681446
0.03,0.53 ,0.318547, 0.00235008,0.679103,0.681453
0.03,0.54 ,0.318541, 0.00235008,0.679109,0.681459
0.03,0.55 ,0.318534, 0.00235008,0.679116,0.681466
0.03,0.56 ,0.318528, 0.00235008,0.679122,0.681472
0.03,0.57 ,0.318522, 0.00235007,0.679128,0.681478
0.03,0.58 ,0.318516, 0.00235007,0.679134,0.681484
0.03,0.59 ,0.31851, 0.00235007,0.67914,0.68149
0.03,0.6 ,0.318504, 0.00235007,0.679146,0.681496
0.03,0.61 ,0.318498, 0.00235007,0.679152,0.681502
0.03,0.62 ,0.318492, 0.00235007,0.679158,0.681508
0.03,0.63 ,0.318486, 0.00235006,0.679164,0.681514
0.03,0.64 ,0.31848, 0.00235006,0.67917,0.68152
0.03,0.65 ,0.318474, 0.00235006,0.679176,0.681526
0.03,0.66 ,0.318469, 0.00235006,0.679181,0.681531
0.03,0.67 ,0.318463, 0.00235006,0.679187,0.681537
0.03,0.68 ,0.318458, 0.00235006,0.679192,0.681542
0.03,0.69 ,0.318452, 0.00235006,0.679198,0.681548
0.03,0.7 ,0.318447, 0.00235005,0.679203,0.681553
0.03,0.71 ,0.318441, 0.00235005,0.679209,0.681559
0.03,0.72 ,0.318436, 0.00235005,0.679214,0.681564
0.03,0.73 ,0.318431, 0.00235005,0.679219,0.681569
0.03,0.74 ,0.318425, 0.00235005,0.679224,0.681575
0.03,0.75 ,0.31842, 0.00235005,0.67923,0.68158
0.03,0.76 ,0.318415, 0.00235005,0.679235,0.681585
0.03,0.77 ,0.31841, 0.00235004,0.67924,0.68159
0.03,0.78 ,0.318405, 0.00235004,0.679245,0.681595
0.03,0.79 ,0.3184, 0.00235004,0.67925,0.6816
0.03,0.8 ,0.318395, 0.00235004,0.679255,0.681605
0.03,0.81 ,0.31839, 0.00235004,0.67926,0.68161
0.03,0.82 ,0.318385, 0.00235004,0.679265,0.681615
0.03,0.83 ,0.318381, 0.00235004,0.679269,0.681619
0.03,0.84 ,0.318376, 0.00235003,0.679274,0.681624
0.03,0.85 ,0.318371, 0.00235003,0.679279,0.681629
0.03,0.86 ,0.318366, 0.00235003,0.679284,0.681634
0.03,0.87 ,0.318362, 0.00235003,0.679288,0.681638
0.03,0.88 ,0.318357, 0.00235003,0.679293,0.681643
0.03,0.89 ,0.318353, 0.00235003,0.679297,0.681647
0.03,0.9 ,0.318348, 0.00235002,0.679302,0.681652
0.03,0.91 ,0.318344, 0.00235002,0.679306,0.681656
0.03,0.92 ,0.318339, 0.00235002,0.679311,0.681661
0.03,0.93 ,0.318335, 0.00235002,0.679315,0.681665
0.03,0.94 ,0.318331, 0.00235002,0.679319,0.681669
0.03,0.95 ,0.318326, 0.00235002,0.679324,0.681674
0.03,0.96 ,0.318322, 0.00235002,0.679328,0.681678
0.03,0.97 ,0.318318, 0.00235001,0.679332,0.681682
0.03,0.98 ,0.318314, 0.00235001,0.679336,0.681686
0.03,0.99 ,0.31831, 0.00235001,0.67934,0.68169
0.03,1 ,0.318305, 0.00235001,0.679345,0.681695
0.04,0 ,0.327764, 0.00235015,0.669886,0.672236
0.04,0.01 ,0.327752, 0.00235015,0.669898,0.672248
0.04,0.02 ,0.32774, 0.00235015,0.66991,0.67226
0.04,0.03 ,0.327729, 0.00235015,0.669921,0.672271
0.04,0.04 ,0.327717, 0.00235014,0.669933,0.672283
0.04,0.05 ,0.327706, 0.00235014,0.669944,0.672294
0.04,0.06 ,0.327694, 0.00235014,0.669956,0.672306
0.04,0.07 ,0.327683, 0.00235014,0.669967,0.672317
0.04,0.08 ,0.327672, 0.00235014,0.669978,0.672328
0.04,0.09 ,0.327661, 0.00235014,0.669989,0.672339
0.04,0.1 ,0.32765, 0.00235014,0.669999,0.67235
0.04,0.11 ,0.32764, 0.00235013,0.67001,0.67236
0.04,0.12 ,0.327629, 0.00235013,0.67002,0.672371
0.04,0.13 ,0.327619, 0.00235013,0.670031,0.672381
0.04,0.14 ,0.327609, 0.00235013,0.670041,0.672391
0.04,0.15 ,0.327599, 0.00235013,0.670051,0.672401
0.04,0.16 ,0.327589, 0.00235013,0.670061,0.672411
0.04,0.17 ,0.327579, 0.00235013,0.670071,0.672421
0.04,0.18 ,0.327569, 0.00235012,0.670081,0.672431
0.04,0.19 ,0.327559, 0.00235012,0.67009,0.672441
0.04,0.2 ,0.32755, 0.00235012,0.6701,0.67245
0.04,0.21 ,0.32754, 0.00235012,0.670109,0.67246
0.04,0.22 ,0.327531, 0.00235012,0.670119,0.672469
0.04,0.23 ,0.327522, 0.00235012,0.670128,0.672478
0.04,0.24 ,0.327513, 0.00235012,0.670137,0.672487
0.04,0.25 ,0.327504, 0.00235011,0.670146,0.672496
0.04,0.26 ,0.327495, 0.00235011,0.670155,0.672505
0.04,0.27 ,0.327486, 0.00235011,0.670164,0.672514
0.04,0.28 ,0.327478, 0.00235011,0.670172,0.672522
0.04,0.29 ,0.327469, 0.00235011,0.670181,0.672531
0.04,0.3 ,0.32746, 0.00235011,0.670189,0.67254
0.04,0.31 ,0.327452, 0.0023501,0.670198,0.672548
0.04,0.32 ,0.327444, 0.0023501,0.670206,0.672556
0.04,0.33 ,0.327436, 0.0023501,0.670214,0.672564
0.04,0.34 ,0.327427, 0.0023501,0.670222,0.672573
0.04,0.35 ,0.327419, 0.0023501,0.67023,0.672581
0.04,0.36 ,0.327412, 0.0023501,0.670238,0.672588
0.04,0.37 ,0.327404, 0.0023501,0.670246,0.672596
0.04,0.38 ,0.327396, 0.00235009,0.670254,0.672604
0.04,0.39 ,0.327388, 0.00235009,0.670262,0.672612
0.04,0.4 ,0.327381, 0.00235009,0.670269,0.672619
0.04,0.41 ,0.327373, 0.00235009,0.670277,0.672627
0.04,0.42 ,0.327366, 0.00235009,0.670284,0.672634
0.04,0.43 ,0.327358, 0.00235009,0.670291,0.672642
0.04,0.44 ,0.327351, 0.00235009,0.670299,0.672649
0.04,0.45 ,0.327344, 0.00235008,0.670306,0.672656
0.04,0.46 ,0.327337, 0.00235008,0.670313,0.672663
0.04,0.47 ,0.32733, 0.00235008,0.67032,0.67267
0.04,0.48 ,0.327323, 0.00235008,0.670327,0.672677
0.04,0.49 ,0.327316, 0.00235008,0.670334,0.672684
0.04,0.5 ,0.327309, 0.00235008,0.670341,0.672691
0.04,0.51 ,0.327303, 0.00235008,0.670347,0.672697
0.04,0.52 ,0.327296, 0.00235007,0.670354,0.672704
0.04,0.53 ,0.327289, 0.00235007,0.670361,0.672711
0.04,0.54 ,0.327283, 0.00235007,0.670367,0.672717
0.04,0.55 ,0.327276, 0.00235007,0.670374,0.672724
0.04,0.56 ,0.32727, 0.00235007,0.67038,0.67273
0.04,0.57 ,0.327264, 0.00235007,0.670386,0.672736
0.04,0.58 ,0.327257, 0.00235006,0.670393,0.672743
0.04,0.59 ,0.327251, 0.00235006,0.670399,0.672749
0.04,0.6 ,0.327245, 0.00235006,0.670405,0.672755
0.04,0.61 ,0.327239, 0.00235006,0.670411,0.672761
0.04,0.62 ,0.327233, 0.00235006,0.670417,0.672767
0.04,0.63 ,0.327227, 0.00235006,0.670423,0.672773
0.04,0.64 ,0.327221, 0.00235006,0.670429,0.672779
0.04,0.65 ,0.327215, 0.00235005,0.670435,0.672785
0.04,0.66 ,0.32721, 0.00235005,0.67044,0.67279
0.04,0.67 ,0.327204, 0.00235005,0.670446,0.672796
0.04,0.68 ,0.327198, 0.00235005,0.670452,0.672802
0.04,0.69 ,0.327193, 0.00235005,0.670457,0.672807
0.04,0.7 ,0.327187, 0.00235005,0.670463,0.672813
0.04,0.71 ,0.327182, 0.00235005,0.670468,0.672818
0.04,0.72 ,0.327176, 0.00235004,0.670474,0.672824
0.04,0.73 ,0.327171, 0.00235004,0.670479,0.672829
0.04,0.74 ,0.327166, 0.00235004,0.670484,0.672834
0.04,0.75 ,0.32716, 0.00235004,0.67049,0.67284
0.04,0.76 ,0.327155, 0.00235004,0.670495,0.672845
0.04,0.77 ,0.32715, 0.00235004,0.6705,0.67285
0.04,0.78 ,0.327145, 0.00235004,0.670505,0.672855
0.04,0.79 ,0.32714, 0.00235003,0.67051,0.67286
0.04,0.8 ,0.327135, 0.00235003,0.670515,0.672865
0.04,0.81 ,0.32713, 0.00235003,0.67052,0.67287
0.04,0.82 ,0.327125, 0.00235003,0.670525,0.672875
0.04,0.83 ,0.32712, 0.00235003,0.67053,0.67288
0.04,0.84 ,0.327115, 0.00235003,0.670535,0.672885
0.04,0.85 ,0.32711, 0.00235002,0.67054,0.67289
0.04,0.86 ,0.327106, 0.00235002,0.670544,0.672894
0.04,0.87 ,0.327101, 0.00235002,0.670549,0.672899
0.04,0.88 ,0.327096, 0.00235002,0.670554,0.672904
0.04,0.89 ,0.327092, 0.00235002,0.670558,0.672908
0.04,0.9 ,0.327087, 0.00235002,0.670563,0.672913
0.04,0.91 ,0.327083, 0.00235002,0.670567,0.672917
0.04,0.92 ,0.327078, 0.00235001,0.670572,0.672922
0.04,0.93 ,0.327074, 0.00235001,0.670576,0.672926
0.04,0.94 ,0.327069, 0.00235001,0.670581,0.672931
0.04,0.95 ,0.327065, 0.00235001,0.670585,0.672935
0.04,0.96 ,0.327061, 0.00235001,0.670589,0.672939
0.04,0.97 ,0.327056, 0.00235001,0.670594,0.672944
0.04,0.98 ,0.327052, 0.00235001,0.670598,0.672948
0.04,0.99 ,0.327048, 0.00235,0.670602,0.672952
0.04,1 ,0.327044, 0.00235,0.670606,0.672956
0.05,0 ,0.336785, 0.00235014,0.660865,0.663215
0.05,0.01 ,0.336772, 0.00235014,0.660877,0.663228
0.05,0.02 ,0.33676, 0.00235014,0.66089,0.66324
0.05,0.03 ,0.336748, 0.00235014,0.660901,0.663252
0.05,0.04 ,0.336737, 0.00235014,0.660913,0.663263
0.05,0.05 ,0.336725, 0.00235014,0.660925,0.663275
0.05,0.06 ,0.336713, 0.00235013,0.660937,0.663287
0.05,0.07 ,0.336702, 0.00235013,0.660948,0.663298
0.05,0.08 ,0.336691, 0.00235013,0.660959,0.663309
0.05,0.09 ,0.33668, 0.00235013,0.66097,0.66332
0.05,0.1 ,0.336669, 0.00235013,0.660981,0.663331
0.05,0.11 ,0.336658, 0.00235013,0.660992,0.663342
0.05,0.12 ,0.336647, 0.00235013,0.661003,0.663353
0.05,0.13 ,0.336637, 0.00235012,0.661013,0.663363
0.05,0.14 ,0.336626, 0.00235012,0.661024,0.663374
0.05,0.15 ,0.336616, 0.00235012,0.661034,0.663384
0.05,0.16 ,0.336606, 0.00235012,0.661044,0.663394
0.05,0.17 ,0.336595, 0.00235012,0.661054,0.663405
0.05,0.18 ,0.336586, 0.00235012,0.661064,0.663414
0.05,0.19 ,0.336576, 0.00235012,0.661074,0.663424
0.05,0.2 ,0.336566, 0.00235011,0.661084,0.663434
0.05,0.21 ,0.336556, 0.00235011,0.661094,0.663444
0.05,0.22 ,0.336547, 0.00235011,0.661103,0.663453
0.05,0.23 ,0.336538, 0.00235011,0.661112,0.663462
0.05,0.24 ,0.336528, 0.00235011,0.661122,0.663472
0.05,0.25 ,0.336519, 0.00235011,0.661131,0.663481
0.05,0.26 ,0.33651, 0.0023501,0.66114,0.66349
0.05,0.27 ,0.336501, 0.0023501,0.661149,0.663499
0.05,0.28 ,0.336492, 0.0023501,0.661158,0.663508
0.05,0.29 ,0.336483, 0.0023501,0.661166,0.663517
0.05,0.3 ,0.336475, 0.0023501,0.661175,0.663525
0.05,0.31 ,0.336466, 0.0023501,0.661184,0.663534
0.05,0.32 ,0.336458, 0.0023501,0.661192,0.663542
0.05,0.33 ,0.336449, 0.00235009,0.6612,0.663551
0.05,0.34 ,0.336441, 0.00235009,0.661209,0.663559
0.05,0.35 ,0.336433, 0.00235009,0.661217,0.663567
0.05,0.36 ,0.336425, 0.00235009,0.661225,0.663575
0.05,0.37 ,0.336417, 0.00235009,0.661233,0.663583
0.05,0.38 ,0.336409, 0.00235009,0.661241,0.663591
0.05,0.39 ,0.336401, 0.00235009,0.661249,0.663599
0.05,0.4 ,0.336394, 0.00235008,0.661256,0.663606
0.05,0.41 ,0.336386, 0.00235008,0.661264,0.663614
0.05,0.42 ,0.336378, 0.00235008,0.661272,0.663622
0.05,0.43 ,0.336371, 0.00235008,0.661279,0.663629
0.05,0.44 ,0.336364, 0.00235008,0.661286,0.663636
0.05,0.45 ,0.336356, 0.00235008,0.661294,0.663644
0.05,0.46 ,0.336349, 0.00235008,0.661301,0.663651
0.05,0.47 ,0.336342, 0.00235007,0.661308,0.663658
0.05,0.48 ,0.336335, 0.00235007,0.661315,0.663665
0.05,0.49 ,0.336328, 0.00235007,0.661322,0.663672
0.05,0.5 ,0.336321, 0.00235007,0.661329,0.663679
0.05,0.51 ,0.336314, 0.00235007,0.661336,0.663686
0.05,0.52 ,0.336307, 0.00235007,0.661343,0.663693
0.05,0.53 ,0.336301, 0.00235006,0.661349,0.663699
0.05,0.54 ,0.336294, 0.00235006,0.661356,0.663706
0.05,0.55 ,0.336287, 0.00235006,0.661363,0.663713
0.05,0.56 ,0.336281, 0.00235006,0.661369,0.663719
0.05,0.57 ,0.336274, 0.00235006,0.661375,0.663726
0.05,0.58 ,0.336268, 0.00235006,0.661382,0.663732
0.05,0.59 ,0.336262, 0.00235006,0.661388,0.663738
0.05,0.6 ,0.336256, 0.00235005,0.661394,0.663744
0.05,0.61 ,0.336249, 0.00235005,0.661401,0.663751
0.05,0.62 ,0.336243, 0.00235005,0.661407,0.663757
0.05,0.63 ,0.336237, 0.00235005,0.661413,0.663763
0.05,0.64 ,0.336231, 0.00235005,0.661419,0.663769
0.05,0.65 ,0.336225, 0.00235005,0.661425,0.663775
0.05,0.66 ,0.33622, 0.00235005,0.66143,0.66378
0.05,0.67 ,0.336214, 0.00235004,0.661436,0.663786
0.05,0.68 ,0.336208, 0.00235004,0.661442,0.663792
0.05,0.69 ,0.336202, 0.00235004,0.661448,0.663798
0.05,0.7 ,0.336197, 0.00235004,0.661453,0.663803
0.05,0.71 ,0.336191, 0.00235004,0.661459,0.663809
0.05,0.72 ,0.336186, 0.00235004,0.661464,0.663814
0.05,0.73 ,0.33618, 0.00235004,0.66147,0.66382
0.05,0.74 ,0.336175, 0.00235003,0.661475,0.663825
0.05,0.75 ,0.336169, 0.00235003,0.661481,0.663831
0.05,0.76 ,0.336164, 0.00235003,0.661486,0.663836
0.05,0.77 ,0.336159, 0.00235003,0.661491,0.663841
0.05,0.78 ,0.336154, 0.00235003,0.661496,0.663846
0.05,0.79 ,0.336149, 0.00235003,0.661501,0.663851
0.05,0.8 ,0.336143, 0.00235002,0.661507,0.663857
0.05,0.81 ,0.336138, 0.00235002,0.661512,0.663862
0.05,0.82 ,0.336133, 0.00235002,0.661517,0.663867
0.05,0.83 ,0.336128, 0.00235002,0.661522,0.663872
0.05,0.84 ,0.336123, 0.00235002,0.661526,0.663877
0.05,0.85 ,0.336119, 0.00235002,0.661531,0.663881
0.05,0.86 ,0.336114, 0.00235002,0.661536,0.663886
0.05,0.87 ,0.336109, 0.00235001,0.661541,0.663891
0.05,0.88 ,0.336104, 0.00235001,0.661546,0.663896
0.05,0.89 ,0.3361, 0.00235001,0.66155,0.6639
0.05,0.9 ,0.336095, 0.00235001,0.661555,0.663905
0.05,0.91 ,0.33609, 0.00235001,0.66156,0.66391
0.05,0.92 ,0.336086, 0.00235001,0.661564,0.663914
0.05,0.93 ,0.336081, 0.00235001,0.661569,0.663919
0.05,0.94 ,0.336077, 0.00235,0.661573,0.663923
0.05,0.95 ,0.336072, 0.00235,0.661578,0.663928
0.05,0.96 ,0.336068, 0.00235,0.661582,0.663932
0.05,0.97 ,0.336064, 0.00235,0.661586,0.663936
0.05,0.98 ,0.336059, 0.00235,0.661591,0.663941
0.05,0.99 ,0.336055, 0.00235,0.661595,0.663945
0.05,1 ,0.336051, 0.00235,0.661599,0.663949
0.06,0 ,0.346085, 0.00235014,0.651565,0.653915
0.06,0.01 ,0.346072, 0.00235013,0.651578,0.653928
0.06,0.02 ,0.34606, 0.00235013,0.65159,0.65394
0.06,0.03 ,0.346047, 0.00235013,0.651602,0.653953
0.06,0.04 ,0.346035, 0.00235013,0.651615,0.653965
0.06,0.05 ,0.346023, 0.00235013,0.651626,0.653977
0.06,0.06 ,0.346012, 0.00235013,0.651638,0.653988
0.06,0.07 ,0.346, 0.00235013,0.65165,0.654
0.06,0.08 ,0.345989, 0.00235012,0.651661,0.654011
0.06,0.09 ,0.345977, 0.00235012,0.651673,0.654023
0.06,0.1 ,0.345966, 0.00235012,0.651684,0.654034
0.06,0.11 ,0.345955, 0.00235012,0.651695,0.654045
0.06,0.12 ,0.345944, 0.00235012,0.651706,0.654056
0.06,0.13 ,0.345933, 0.00235012,0.651717,0.654067
0.06,0.14 ,0.345923, 0.00235012,0.651727,0.654077
0.06,0.15 ,0.345912, 0.00235011,0.651738,0.654088
0.06,0.16 ,0.345902, 0.00235011,0.651748,0.654098
0.06,0.17 ,0.345891, 0.00235011,0.651759,0.654109
0.06,0.18 ,0.345881, 0.00235011,0.651769,0.654119
0.06,0.19 ,0.345871, 0.00235011,0.651779,0.654129
0.06,0.2 ,0.345861, 0.00235011,0.651789,0.654139
0.06,0.21 ,0.345851, 0.0023501,0.651798,0.654149
0.06,0.22 ,0.345842, 0.0023501,0.651808,0.654158
0.06,0.23 ,0.345832, 0.0023501,0.651818,0.654168
0.06,0.24 ,0.345823, 0.0023501,0.651827,0.654177
0.06,0.25 ,0.345813, 0.0023501,0.651836,0.654187
0.06,0.26 ,0.345804, 0.0023501,0.651846,0.654196
0.06,0.27 ,0.345795, 0.0023501,0.651855,0.654205
0.06,0.28 ,0.345786, 0.00235009,0.651864,0.654214
0.06,0.29 ,0.345777, 0.00235009,0.651873,0.654223
0.06,0.3 ,0.345768, 0.00235009,0.651882,0.654232
0.06,0.31 ,0.34576, 0.00235009,0.65189,0.65424
0.06,0.32 ,0.345751, 0.00235009,0.651899,0.654249
0.06,0.33 ,0.345743, 0.00235009,0.651907,0.654257
0.06,0.34 ,0.345734, 0.00235009,0.651916,0.654266
0.06,0.35 ,0.345726, 0.00235008,0.651924,0.654274
0.06,0.36 ,0.345718, 0.00235008,0.651932,0.654282
0.06,0.37 ,0.345709, 0.00235008,0.65194,0.654291
0.06,0.38 ,0.345701, 0.00235008,0.651949,0.654299
0.06,0.39 ,0.345693, 0.00235008,0.651956,0.654307
0.06,0.4 ,0.345686, 0.00235008,0.651964,0.654314
0.06,0.41 ,0.345678, 0.00235008,0.651972,0.654322
0.06,0.42 ,0.34567, 0.00235007,0.65198,0.65433
0.06,0.43 ,0.345663, 0.00235007,0.651987,0.654337
0.06,0.44 ,0.345655, 0.00235007,0.651995,0.654345
0.06,0.45 ,0.345648, 0.00235007,0.652002,0.654352
0.06,0.46 ,0.34564, 0.00235007,0.65201,0.65436
0.06,0.47 ,0.345633, 0.00235007,0.652017,0.654367
0.06,0.48 ,0.345626, 0.00235006,0.652024,0.654374
0.06,0.49 ,0.345619, 0.00235006,0.652031,0.654381
0.06,0.5 ,0.345612, 0.00235006,0.652038,0.654388
0.06,0.51 ,0.345605, 0.00235006,0.652045,0.654395
0.06,0.52 ,0.345598, 0.00235006,0.652052,0.654402
0.06,0.53 ,0.345591, 0.00235006,0.652059,0.654409
0.06,0.54 ,0.345584, 0.00235006,0.652066,0.654416
0.06,0.55 ,0.345578, 0.00235005,0.652072,0.654422
0.06,0.56 ,0.345571, 0.00235005,0.652079,0.654429
0.06,0.57 ,0.345564, 0.00235005,0.652086,0.654436
0.06,0.58 ,0.345558, 0.00235005,0.652092,0.654442
0.06,0.59 ,0.345552, 0.00235005,0.652098,0.654448
0.06,0.6 ,0.345545, 0.00235005,0.652105,0.654455
0.06,0.61 ,0.345539, 0.00235005,0.652111,0.654461
0.06,0.62 ,0.345533, 0.00235004,0.652117,0.654467
0.06,0.63 ,0.345527, 0.00235004,0.652123,0.654473
0.06,0.64 ,0.34552, 0.00235004,0.652129,0.65448
0.06,0.65 ,0.345514, 0.00235004,0.652135,0.654486
0.06,0.66 ,0.345509, 0.00235004,0.652141,0.654491
0.06,0.67 ,0.345503, 0.00235004,0.652147,0.654497
0.06,0.68 ,0.345497, 0.00235004,0.652153,0.654503
0.06,0.69 ,0.345491, 0.00235003,0.652159,0.654509
0.06,0.7 ,0.345485, 0.00235003,0.652165,0.654515
0.06,0.71 ,0.34548, 0.00235003,0.65217,0.65452
0.06,0.72 ,0.345474, 0.00235003,0.652176,0.654526
0.06,0.73 ,0.345468, 0.00235003,0.652182,0.654532
0.06,0.74 ,0.345463, 0.00235003,0.652187,0.654537
0.06,0.75 ,0.345458, 0.00235003,0.652192,0.654542
0.06,0.76 ,0.345452, 0.00235002,0.652198,0.654548
0.06,0.77 ,0.345447, 0.00235002,0.652203,0.654553
0.06,0.78 ,0.345442, 0.00235002,0.652208,0.654558
0.06,0.79 ,0.345436, 0.00235002,0.652214,0.654564
0.06,0.8 ,0.345431, 0.00235002,0.652219,0.654569
0.06,0.81 ,0.345426, 0.00235002,0.652224,0.654574
0.06,0.82 ,0.345421, 0.00235001,0.652229,0.654579
0.06,0.83 ,0.345416, 0.00235001,0.652234,0.654584
0.06,0.84 ,0.345411, 0.00235001,0.652239,0.654589
0.06,0.85 ,0.345406, 0.00235001,0.652244,0.654594
0.06,0.86 ,0.345401, 0.00235001,0.652249,0.654599
0.06,0.87 ,0.345396, 0.00235001,0.652254,0.654604
0.06,0.88 ,0.345391, 0.00235001,0.652259,0.654609
0.06,0.89 ,0.345387, 0.00235,0.652263,0.654613
0.06,0.9 ,0.345382, 0.00235,0.652268,0.654618
0.06,0.91 ,0.345377, 0.00235,0.652273,0.654623
0.06,0.92 ,0.345373, 0.00235,0.652277,0.654627
0.06,0.93 ,0.345368, 0.00235,0.652282,0.654632
0.06,0.94 ,0.345363, 0.00235,0.652287,0.654637
0.06,0.95 ,0.345359, 0.00235,0.652291,0.654641
0.06,0.96 ,0.345355, 0.00234999,0.652295,0.654645
0.06,0.97 ,0.34535, 0.00234999,0.6523,0.65465
0.06,0.98 ,0.345346, 0.00234999,0.652304,0.654654
0.06,0.99 ,0.345341, 0.00234999,0.652309,0.654659
0.06,1 ,0.345337, 0.00234999,0.652313,0.654663
0.07,0 ,0.355674, 0.00235013,0.641976,0.644326
0.07,0.01 ,0.355661, 0.00235013,0.641989,0.644339
0.07,0.02 ,0.355649, 0.00235013,0.642001,0.644351
0.07,0.03 ,0.355636, 0.00235012,0.642014,0.644364
0.07,0.04 ,0.355624, 0.00235012,0.642026,0.644376
0.07,0.05 ,0.355612, 0.00235012,0.642038,0.644388
0.07,0.06 ,0.3556, 0.00235012,0.64205,0.6444
0.07,0.07 ,0.355588, 0.00235012,0.642062,0.644412
0.07,0.08 ,0.355576, 0.00235012,0.642074,0.644424
0.07,0.09 ,0.355565, 0.00235012,0.642085,0.644435
0.07,0.1 ,0.355553, 0.00235011,0.642097,0.644447
0.07,0.11 ,0.355542, 0.00235011,0.642108,0.644458
0.07,0.12 ,0.355531, 0.00235011,0.642119,0.644469
0.07,0.13 ,0.35552, 0.00235011,0.64213,0.64448
0.07,0.14 ,0.355509, 0.00235011,0.642141,0.644491
0.07,0.15 ,0.355498, 0.00235011,0.642152,0.644502
0.07,0.16 ,0.355487, 0.00235011,0.642162,0.644513
0.07,0.17 ,0.355477, 0.0023501,0.642173,0.644523
0.07,0.18 ,0.355467, 0.0023501,0.642183,0.644533
0.07,0.19 ,0.355456, 0.0023501,0.642194,0.644544
0.07,0.2 ,0.355446, 0.0023501,0.642204,0.644554
0.07,0.21 ,0.355436, 0.0023501,0.642214,0.644564
0.07,0.22 ,0.355426, 0.0023501,0.642224,0.644574
0.07,0.23 ,0.355417, 0.00235009,0.642233,0.644583
0.07,0.24 ,0.355407, 0.00235009,0.642243,0.644593
0.07,0.25 ,0.355397, 0.00235009,0.642252,0.644603
0.07,0.26 ,0.355388, 0.00235009,0.642262,0.644612
0.07,0.27 ,0.355379, 0.00235009,0.642271,0.644621
0.07,0.28 ,0.35537, 0.00235009,0.64228,0.64463
0.07,0.29 ,0.35536, 0.00235009,0.642289,0.64464
0.07,0.3 ,0.355352, 0.00235008,0.642298,0.644648
0.07,0.31 ,0.355343, 0.00235008,0.642307,0.644657
0.07,0.32 ,0.355334, 0.00235008,0.642316,0.644666
0.07,0.33 ,0.355325, 0.00235008,0.642325,0.644675
0.07,0.34 ,0.355317, 0.00235008,0.642333,0.644683
0.07,0.35 ,0.355308, 0.00235008,0.642342,0.644692
0.07,0.36 ,0.3553, 0.00235008,0.64235,0.6447
0.07,0.37 ,0.355292, 0.00235007,0.642358,0.644708
0.07,0.38 ,0.355283, 0.00235007,0.642367,0.644717
0.07,0.39 ,0.355275, 0.00235007,0.642375,0.644725
0.07,0.4 ,0.355267, 0.00235007,0.642383,0.644733
0.07,0.41 ,0.355259, 0.00235007,0.642391,0.644741
0.07,0.42 ,0.355251, 0.00235007,0.642398,0.644749
0.07,0.43 ,0.355244, 0.00235006,0.642406,0.644756
0.07,0.44 ,0.355236, 0.00235006,0.642414,0.644764
0.07,0.45 ,0.355229, 0.00235006,0.642421,0.644771
0.07,0.46 ,0.355221, 0.00235006,0.642429,0.644779
0.07,0.47 ,0.355214, 0.00235006,0.642436,0.644786
0.07,0.48 ,0.355206, 0.00235006,0.642444,0.644794
0.07,0.49 ,0.355199, 0.00235006,0.642451,0.644801
0.07,0.5 ,0.355192, 0.00235005,0.642458,0.644808
0.07,0.51 ,0.355185, 0.00235005,0.642465,0.644815
0.07,0.52 ,0.355178, 0.00235005,0.642472,0.644822
0.07,0.53 ,0.355171, 0.00235005,0.642479,0.644829
0.07,0.54 ,0.355164, 0.00235005,0.642486,0.644836
0.07,0.55 ,0.355157, 0.00235005,0.642493,0.644843
0.07,0.56 ,0.35515, 0.00235005,0.642499,0.64485
0.07,0.57 ,0.355144, 0.00235004,0.642506,0.644856
0.07,0.58 ,0.355137, 0.00235004,0.642513,0.644863
0.07,0.59 ,0.355131, 0.00235004,0.642519,0.644869
0.07,0.6 ,0.355124, 0.00235004,0.642526,0.644876
0.07,0.61 ,0.355118, 0.00235004,0.642532,0.644882
0.07,0.62 ,0.355112, 0.00235004,0.642538,0.644888
0.07,0.63 ,0.355105, 0.00235004,0.642545,0.644895
0.07,0.64 ,0.355099, 0.00235003,0.642551,0.644901
0.07,0.65 ,0.355093, 0.00235003,0.642557,0.644907
0.07,0.66 ,0.355087, 0.00235003,0.642563,0.644913
0.07,0.67 ,0.355081, 0.00235003,0.642569,0.644919
0.07,0.68 ,0.355075, 0.00235003,0.642575,0.644925
0.07,0.69 ,0.355069, 0.00235003,0.642581,0.644931
0.07,0.7 ,0.355063, 0.00235003,0.642587,0.644937
0.07,0.71 ,0.355058, 0.00235002,0.642592,0.644942
0.07,0.72 ,0.355052, 0.00235002,0.642598,0.644948
0.07,0.73 ,0.355046, 0.00235002,0.642604,0.644954
0.07,0.74 ,0.355041, 0.00235002,0.642609,0.644959
0.07,0.75 ,0.355035, 0.00235002,0.642615,0.644965
0.07,0.76 ,0.35503, 0.00235002,0.64262,0.64497
0.07,0.77 ,0.355024, 0.00235001,0.642626,0.644976
0.07,0.78 ,0.355019, 0.00235001,0.642631,0.644981
0.07,0.79 ,0.355014, 0.00235001,0.642636,0.644986
0.07,0.8 ,0.355008, 0.00235001,0.642642,0.644992
0.07,0.81 ,0.355003, 0.00235001,0.642647,0.644997
0.07,0.82 ,0.354998, 0.00235001,0.642652,0.645002
0.07,0.83 ,0.354993, 0.00235001,0.642657,0.645007
0.07,0.84 ,0.354988, 0.00235,0.642662,0.645012
0.07,0.85 ,0.354983, 0.00235,0.642667,0.645017
0.07,0.86 ,0.354978, 0.00235,0.642672,0.645022
0.07,0.87 ,0.354973, 0.00235,0.642677,0.645027
0.07,0.88 ,0.354968, 0.00235,0.642682,0.645032
0.07,0.89 ,0.354963, 0.00235,0.642687,0.645037
0.07,0.9 ,0.354958, 0.00235,0.642692,0.645042
0.07,0.91 ,0.354954, 0.00234999,0.642696,0.645046
0.07,0.92 ,0.354949, 0.00234999,0.642701,0.645051
